7 0 1024 1725
7 1 1024 465
10 2 1024 1216
10 3 1024 354
12 4 1024 929
17 5 1024 1573
17 6 1024 409
21 7 1024 1379
25 8 1024 1432
28 9 1024 1211
36 10 1024 1777
45 11 1024 1823
47 12 1024 1013
50 13 1024 1201
60 14 1024 1842
60 15 1024 362
60 16 1024 340
61 17 1024 752
64 18 1024 1208
67 19 1024 1259
69 20 1024 957
74 21 1024 1593
74 22 1024 395
82 23 1024 1758
82 24 1024 20
82 25 1024 387
85 26 1024 1193
91 27 1024 1654
92 28 1024 512
95 29 1024 1207
96 30 1024 840
104 31 1024 1766
108 32 1024 1494
110 33 1024 1035
110 34 1024 415
113 35 1024 1254
114 36 1024 647
116 37 1024 1116
120 38 1024 1434
121 39 1024 795
121 40 1024 440
123 41 1024 981
123 42 1024 457
132 43 1024 1796
134 44 1024 951
135 45 1024 709
138 46 1024 1262
144 47 1024 1669
144 48 1024 12
146 49 1024 1048
149 50 1024 1246
151 51 1024 1082
153 52 1024 931
153 53 1024 245
159 55 1024 131
159 56 1024 69
159 54 1024 1680
163 57 1024 1383
163 58 1024 333
164 59 1024 542
164 60 1024 380
165 61 1024 679
166 65 1024 10
166 66 1024 328
166 64 1024 370
166 63 1024 224
166 62 1024 866
180 67 1024 1902
181 68 1024 786
182 69 1024 588
188 70 1024 1640
191 71 1024 1149
194 72 1024 1242
194 73 1024 413
195 74 1024 818
209 75 1024 1901
211 76 1024 1136
212 77 1024 524
213 78 1024 806
216 79 1024 1236
218 80 1024 1050
222 81 1024 1449
228 82 1024 1641
232 83 1024 1389
244 84 1024 1885
250 85 1024 1682
251 86 1024 834
254 87 1024 1249
257 88 1024 1280
257 89 1024 284
260 90 1024 1184
263 91 1024 1188
264 92 1024 782
266 93 1024 892
266 94 1024 414
272 97 1024 232
272 95 1024 1686
272 96 1024 114
276 98 1024 1425
278 99 1024 940
278 100 1024 380
281 101 1024 1284
283 102 1024 882
287 103 1024 1349
290 105 1024 97
290 104 1024 1333
298 106 1024 1764
299 107 1024 518
303 108 1024 1351
310 109 1024 1703
312 110 1024 919
316 111 1024 1469
317 112 1024 576
319 113 1024 1022
323 114 1024 1416
324 115 1024 856
326 116 1024 962
330 117 1024 1402
330 118 1024 264
331 119 1024 612
333 120 1024 1101
335 121 1024 1004
336 122 1024 622
337 123 1024 501
340 124 1024 1328
340 125 1024 451
340 126 1024 367
340 127 1024 350
364 128 1024 1923
366 129 1024 1057
374 130 1024 1786
376 131 1024 903
378 132 1024 1024
386 133 1024 1791
387 134 1024 855
394 135 1024 1690
395 136 1024 566
395 137 1024 292
395 138 1024 55
403 139 1024 1788
413 140 1024 1843
413 141 1024 315
422 142 1024 1822
427 143 1024 1501
430 144 1024 1289
436 145 1024 1640
437 146 1024 611
443 147 1024 1684
447 148 1024 1400
451 149 1024 1483
452 150 1024 723
453 151 1024 637
466 152 1024 1893
467 153 1024 812
475 154 1024 1764
478 155 1024 1301
479 156 1024 661
479 157 1024 381
479 158 1024 20
481 159 1024 881
487 160 1024 1655
491 161 1024 1414
492 163 1024 294
492 162 1024 519
502 164 1024 1841
502 165 1024 16
502 166 1024 445
503 167 1024 710
503 168 1024 166
509 169 1024 1651
509 170 1024 289
510 171 1024 670
514 173 1024 401
514 172 1024 1346
515 174 1024 694
516 175 1024 785
518 176 1024 1106
520 177 1024 1045
522 178 1024 1136
528 179 1024 1613
536 180 1024 1764
537 181 1024 607
539 184 1024 334
539 182 1024 874
539 183 1024 440
542 185 1024 1149
544 186 1024 934
544 187 1024 211
544 188 1024 27
548 189 1024 1478
550 192 1024 271
550 191 1024 185
550 190 1024 1028
552 193 1024 1098
552 194 1024 133
552 195 1024 428
559 196 1024 1721
564 197 1024 1528
569 198 1024 1585
572 199 1024 1273
575 200 1024 1194
584 201 1024 1826
589 202 1024 1518
595 203 1024 1674
598 204 1024 1193
598 205 1024 52
601 206 1024 1215
605 207 1024 1492
605 208 1024 118
607 210 1024 195
607 209 1024 978
612 211 1024 1541
615 212 1024 1169
615 213 1024 332
617 214 1024 1042
619 215 1024 1047
620 216 1024 539
620 217 1024 79
632 218 1024 1884
633 219 1024 691
635 220 1024 1006
635 221 1024 233
636 222 1024 683
637 223 1024 612
638 227 1024 248
638 226 1024 399
638 228 1024 268
638 224 1024 622
638 225 1024 104
638 229 1024 265
640 230 1024 989
645 231 1024 1502
649 232 1024 1385
657 233 1024 1788
657 234 1024 418
668 235 1024 1863
670 236 1024 1014
672 237 1024 1125
675 239 1024 282
675 238 1024 1171
686 240 1024 1859
690 241 1024 1367
690 242 1024 93
692 243 1024 973
695 244 1024 1283
699 245 1024 1412
701 246 1024 940
712 247 1024 1864
712 248 1024 56
714 249 1024 1010
723 250 1024 1813
729 251 1024 1641
734 252 1024 1569
736 253 1024 893
736 254 1024 266
738 255 1024 961
741 256 1024 1143
743 257 1024 905
745 258 1024 1052
747 259 1024 1089
752 260 1024 1578
754 261 1024 967
757 262 1024 1223
765 263 1024 1777
782 264 1024 1914
783 265 1024 618
783 266 1024 155
786 267 1024 1305
796 268 1024 1838
798 269 1024 1104
798 270 1024 33
801 271 1024 1339
802 272 1024 833
807 273 1024 1602
808 274 1024 757
813 275 1024 1563
813 276 1024 140
819 277 1024 1634
822 278 1024 1254
824 279 1024 1134
826 280 1024 1088
826 281 1024 460
826 282 1024 191
829 283 1024 1183
829 284 1024 377
832 285 1024 1272
843 287 1024 492
843 286 1024 1858
848 288 1024 1521
852 289 1024 1382
853 290 1024 719
853 291 1024 109
853 292 1024 73
853 293 1024 81
854 294 1024 628
856 296 1024 143
856 297 1024 240
856 295 1024 892
858 298 1024 983
859 299 1024 665
862 300 1024 1257
867 301 1024 1560
867 302 1024 25
869 303 1024 877
871 305 1024 474
871 304 1024 976
872 306 1024 807
