0 0 653 415
0 1 653 358
2 2 653 1124
9 3 653 1719
12 4 653 1156
16 5 653 1490
16 6 653 483
21 7 653 1539
21 8 653 405
23 9 653 907
27 10 653 1376
30 11 653 1197
30 12 653 65
30 13 653 111
32 14 653 957
32 15 653 1
42 16 653 1851
45 17 653 1331
50 19 653 29
50 18 653 1504
55 20 653 1594
59 21 653 1481
62 22 653 1315
65 23 653 1158
66 24 653 717
66 25 653 449
72 26 653 1650
76 27 653 1390
83 28 653 1734
92 29 653 1801
95 30 653 1283
103 31 653 1788
107 32 653 1402
109 33 653 1080
109 34 653 278
111 35 653 888
114 36 653 1260
117 37 653 1210
139 38 653 1922
142 39 653 1185
144 40 653 1126
149 41 653 1602
149 42 653 398
151 43 653 1044
159 44 653 1752
162 45 653 1251
163 46 653 843
164 47 653 743
169 48 653 1571
176 49 653 1697
184 50 653 1790
189 51 653 1553
191 52 653 1130
196 53 653 1499
198 54 653 1045
199 55 653 858
201 56 653 967
214 57 653 1890
216 58 653 1002
217 59 653 706
225 60 653 1765
227 61 653 1018
234 62 653 1730
235 63 653 528
240 64 653 1549
245 65 653 1513
252 66 653 1719
254 67 653 909
262 68 653 1758
262 69 653 69
263 70 653 665
264 71 653 640
267 72 653 1334
267 73 653 319
268 74 653 827
286 75 653 1916
288 77 653 271
288 76 653 1083
291 78 653 1331
295 79 653 1390
300 80 653 1531
302 81 653 906
309 82 653 1743
309 83 653 36
309 84 653 11
315 85 653 1654
316 86 653 658
325 87 653 1827
325 88 653 35
328 89 653 1344
338 90 653 1845
341 91 653 1294
341 92 653 207
344 93 653 1215
347 94 653 1344
347 95 653 107
356 96 653 1797
365 97 653 1795
369 98 653 1420
369 99 653 239
373 100 653 1456
384 101 653 1858
386 102 653 910
391 103 653 1501
393 104 653 1031
396 106 653 219
396 105 653 1150
397 107 653 810
398 108 653 672
400 109 653 1053
407 110 653 1700
408 111 653 696
409 112 653 559
414 113 653 1537
416 114 653 1100
417 115 653 859
420 116 653 1199
427 117 653 1693
428 118 653 516
437 119 653 1819
438 120 653 855
447 121 653 1817
449 123 653 413
449 124 653 148
449 122 653 874
452 125 653 1295
452 126 653 432
452 127 653 118
454 128 653 899
455 129 653 719
455 130 653 119
458 131 653 1212
459 132 653 775
461 133 653 1091
472 134 653 1858
477 135 653 1597
497 136 653 1920
497 137 653 242
499 138 653 929
500 139 653 785
504 140 653 1434
512 141 653 1772
515 142 653 1155
517 143 653 906
522 144 653 1569
525 145 653 1149
526 146 653 734
527 147 653 595
527 148 653 115
527 149 653 485
528 150 653 833
528 151 653 104
531 152 653 1278
536 153 653 1525
539 154 653 1309
544 155 653 1564
546 156 653 984
546 157 653 497
550 158 653 1353
556 159 653 1660
557 160 653 717
557 161 653 101
567 162 653 1835
579 163 653 1877
581 164 653 934
581 165 653 488
591 166 653 1845
595 167 653 1393
600 168 653 1603
604 169 653 1427
605 170 653 863
607 171 653 957
608 172 653 763
614 173 653 1656
614 174 653 385
616 175 653 1007
617 176 653 662
630 177 653 1892
631 178 653 768
633 179 653 923
634 180 653 560
642 183 653 414
642 181 653 1761
642 182 653 3
651 184 653 1811
651 185 653 15
662 186 653 1858
665 187 653 1174
672 189 653 294
672 188 653 1707
673 190 653 613
677 191 653 1423
678 192 653 813
681 193 653 1194
681 194 653 67
684 195 653 1333
695 196 653 1862
698 197 653 1202
712 198 653 1896
714 199 653 1081
717 200 653 1228
720 201 653 1266
722 202 653 916
723 203 653 612
728 204 653 1547
737 205 653 1800
740 206 653 1265
745 207 653 1547
747 208 653 1140
747 209 653 301
749 210 653 902
751 211 653 1016
757 212 653 1653
757 213 653 429
759 214 653 1099
761 215 653 881
761 216 653 98
765 217 653 1421
765 218 653 66
767 219 653 919
768 220 653 554
769 221 653 671
775 222 653 1611
778 223 653 1309
779 224 653 814
783 225 653 1365
783 226 653 143
787 227 653 1494
792 228 653 1588
794 229 653 977
796 230 653 1070
800 231 653 1385
820 232 653 1920
826 233 653 1612
832 234 653 1620
835 235 653 1219
836 236 653 844
839 237 653 1315
840 239 653 10
840 238 653 792
841 240 653 674
841 241 653 310
841 242 653 34
845 243 653 1405
848 244 653 1316
853 245 653 1522
860 247 653 384
860 246 653 1694
860 248 653 94
862 249 653 1111
865 250 653 1234
865 251 653 441
867 252 653 1135
869 253 653 977
870 254 653 526
871 255 653 557
876 256 653 1580
881 257 653 1532
888 259 653 182
888 258 653 1723
894 260 653 1657
901 261 653 1696
913 262 653 1884
913 263 653 162
916 264 653 1156
920 265 653 1442
922 266 653 1020
922 267 653 40
923 268 653 734
932 269 653 1805
932 270 653 36
933 271 653 707
934 272 653 628
934 273 653 56
934 274 653 244
934 275 653 244
935 277 653 205
935 276 653 636
953 278 653 1917
956 279 653 1216
961 280 653 1595
967 281 653 1684
971 282 653 1399
971 283 653 476
977 284 653 1667
978 285 653 629
978 286 653 249
980 287 653 943
982 288 653 1086
984 289 653 1062
989 290 653 1564
992 291 653 1237
997 292 653 1516
998 293 653 610
998 294 653 278
1000 295 653 902
1000 296 653 350
1009 298 653 249
1009 297 653 1796
1018 299 653 1799
1019 300 653 501
1025 301 653 1654
1030 302 653 1575
1030 303 653 214
1032 304 653 1075
1033 305 653 526
1040 306 653 1737
