1 0 650 730
6 1 650 1510
6 2 650 191
9 3 650 1331
14 4 650 1594
17 5 650 1281
19 6 650 1021
20 7 650 528
21 8 650 682
30 9 650 1809
33 10 650 1278
41 11 650 1754
45 12 650 1390
45 13 650 489
65 14 650 1921
68 15 650 1218
71 16 650 1263
72 17 650 754
73 19 650 398
73 18 650 723
79 20 650 1607
79 21 650 172
79 22 650 285
80 23 650 696
87 24 650 1737
89 25 650 1127
99 26 650 1849
100 27 650 823
104 28 650 1458
110 29 650 1647
110 30 650 248
122 31 650 1882
125 32 650 1341
125 33 650 357
132 34 650 1745
137 35 650 1562
137 36 650 442
138 37 650 782
139 38 650 827
139 39 650 189
139 40 650 134
142 41 650 1280
145 42 650 1203
151 43 650 1627
151 44 650 3
152 45 650 848
153 47 650 291
153 46 650 644
154 48 650 675
161 49 650 1731
161 50 650 361
161 51 650 89
164 52 650 1319
168 53 650 1392
170 54 650 1039
171 55 650 557
174 56 650 1225
178 57 650 1420
183 58 650 1519
183 59 650 467
187 60 650 1357
187 61 650 197
189 62 650 994
191 63 650 960
196 64 650 1561
199 66 650 413
199 65 650 1321
201 67 650 1033
202 68 650 668
202 69 650 359
203 70 650 776
203 71 650 480
213 72 650 1851
214 74 650 264
214 73 650 533
214 75 650 327
216 76 650 894
217 77 650 583
218 78 650 692
220 79 650 888
220 80 650 483
225 81 650 1557
225 82 650 148
231 83 650 1652
234 84 650 1286
234 85 650 158
235 86 650 562
247 87 650 1873
250 88 650 1243
253 89 650 1188
253 90 650 337
255 91 650 947
258 92 650 1187
258 93 650 360
259 94 650 757
270 98 650 65
270 97 650 242
270 95 650 1862
270 96 650 285
271 99 650 607
271 100 650 435
276 101 650 1535
281 102 650 1548
281 103 650 316
283 104 650 954
292 105 650 1805
292 106 650 163
293 107 650 786
295 108 650 1128
296 109 650 711
301 110 650 1587
302 111 650 641
303 112 650 727
304 113 650 630
319 114 650 1908
326 115 650 1724
326 116 650 48
329 117 650 1267
334 118 650 1599
338 119 650 1403
339 120 650 758
339 121 650 464
346 122 650 1715
350 124 650 22
350 123 650 1405
358 125 650 1754
361 126 650 1217
365 127 650 1490
372 128 650 1700
372 129 650 326
372 130 650 41
373 131 650 651
374 134 650 453
374 133 650 84
374 132 650 518
376 135 650 872
376 136 650 9
384 137 650 1757
385 138 650 697
389 139 650 1405
408 140 650 1919
415 141 650 1700
416 142 650 745
417 143 650 531
422 144 650 1525
428 145 650 1620
428 146 650 219
429 147 650 557
429 148 650 376
431 149 650 958
440 150 650 1813
442 151 650 943
443 152 650 568
444 153 650 587
452 154 650 1774
465 155 650 1895
472 156 650 1745
472 157 650 142
472 158 650 293
474 159 650 1125
475 160 650 587
476 161 650 597
478 162 650 1010
479 163 650 801
480 164 650 670
482 165 650 935
482 166 650 123
483 167 650 642
483 168 650 176
485 169 650 1036
492 170 650 1714
492 171 650 216
493 173 650 193
493 172 650 569
497 174 650 1408
499 175 650 983
505 176 650 1643
508 177 650 1184
517 178 650 1804
517 179 650 326
522 180 650 1534
523 181 650 660
525 182 650 1114
526 183 650 742
526 184 650 438
528 185 650 1022
528 186 650 83
539 187 650 1855
539 188 650 235
539 189 650 482
541 190 650 1051
549 191 650 1791
553 192 650 1463
558 193 650 1497
559 194 650 818
562 195 650 1322
563 196 650 690
574 197 650 1869
582 198 650 1786
583 199 650 589
588 200 650 1497
593 201 650 1502
593 202 650 380
596 203 650 1265
599 204 650 1168
604 205 650 1597
604 206 650 374
604 207 650 374
606 208 650 1103
607 210 650 252
607 209 650 790
608 211 650 561
608 212 650 263
621 213 650 1892
626 214 650 1516
636 215 650 1851
640 218 650 362
640 216 650 1408
640 217 650 268
645 219 650 1572
646 220 650 852
646 221 650 192
646 222 650 406
652 223 650 1618
668 224 650 1909
678 225 650 1847
679 226 650 677
681 227 650 997
684 229 650 86
684 230 650 293
684 228 650 1300
691 231 650 1699
694 232 650 1322
697 233 650 1214
698 234 650 754
698 235 650 32
698 236 650 279
706 237 650 1773
711 238 650 1499
712 239 650 765
713 240 650 648
719 241 650 1634
720 242 650 751
724 243 650 1369
724 244 650 230
724 245 650 490
729 246 650 1528
734 247 650 1495
749 248 650 1905
751 249 650 891
761 250 650 1839
761 251 650 422
766 252 650 1506
766 253 650 213
772 254 650 1662
775 255 650 1304
777 256 650 1095
778 257 650 686
781 258 650 1281
784 259 650 1245
786 260 650 920
789 261 650 1301
791 262 650 999
793 263 650 1017
793 264 650 497
793 265 650 478
796 266 650 1163
798 267 650 973
800 268 650 1138
804 269 650 1483
809 270 650 1572
814 271 650 1559
815 272 650 693
820 273 650 1522
822 274 650 923
825 275 650 1142
829 276 650 1365
831 277 650 962
835 278 650 1388
839 279 650 1419
839 280 650 319
841 281 650 1106
843 282 650 1016
843 283 650 408
843 284 650 172
852 286 650 192
852 285 650 1796
854 287 650 1108
858 288 650 1477
862 289 650 1374
863 290 650 862
868 291 650 1517
868 292 650 492
868 293 650 253
876 294 650 1770
879 295 650 1271
880 296 650 634
886 297 650 1658
888 298 650 871
894 299 650 1677
897 300 650 1251
898 302 650 357
898 301 650 555
898 303 650 421
901 305 650 279
901 304 650 1244
907 306 650 1653
