1 0 1723 840
3 1 1723 1017
3 2 1723 123
4 3 1723 825
7 4 1723 1203
8 5 1723 797
8 6 1723 193
11 7 1723 1248
14 8 1723 1280
19 9 1723 1585
20 10 1723 586
25 11 1723 1509
25 12 1723 161
25 13 1723 156
29 14 1723 1491
30 15 1723 633
31 16 1723 591
31 17 1723 359
32 18 1723 605
35 19 1723 1181
40 20 1723 1592
40 21 1723 121
40 22 1723 92
40 23 1723 323
40 24 1723 130
42 25 1723 883
44 26 1723 952
44 27 1723 221
51 28 1723 1710
52 29 1723 790
53 30 1723 770
54 31 1723 823
56 32 1723 1079
56 33 1723 473
57 34 1723 741
65 35 1723 1762
66 36 1723 622
68 38 1723 327
68 37 1723 976
70 39 1723 875
72 40 1723 1108
74 41 1723 1128
76 42 1723 904
77 43 1723 707
77 44 1723 492
81 45 1723 1389
84 46 1723 1332
86 48 1723 74
86 47 1723 1036
87 49 1723 623
90 50 1723 1254
93 51 1723 1171
93 52 1723 270
94 53 1723 606
95 54 1723 699
96 55 1723 718
98 56 1723 924
105 57 1723 1724
106 58 1723 694
106 59 1723 320
114 60 1723 1770
128 61 1723 1896
132 62 1723 1462
132 63 1723 489
133 64 1723 815
139 66 1723 429
139 65 1723 1687
145 67 1723 1612
148 68 1723 1339
154 69 1723 1654
154 70 1723 11
159 71 1723 1540
159 72 1723 31
165 74 1723 73
165 73 1723 1654
165 75 1723 463
167 76 1723 1142
170 77 1723 1310
178 78 1723 1756
179 79 1723 666
183 80 1723 1476
193 81 1723 1840
193 82 1723 146
195 83 1723 1087
199 84 1723 1461
204 85 1723 1524
205 86 1723 553
205 87 1723 473
212 88 1723 1699
212 89 1723 23
213 90 1723 837
214 91 1723 822
214 92 1723 281
214 93 1723 7
216 94 1723 1030
218 95 1723 1136
223 96 1723 1591
223 97 1723 414
232 98 1723 1816
233 99 1723 729
235 100 1723 960
241 101 1723 1645
247 102 1723 1622
247 103 1723 345
248 104 1723 612
254 105 1723 1639
256 106 1723 1139
257 107 1723 540
258 108 1723 532
258 109 1723 235
263 110 1723 1501
268 111 1723 1539
281 112 1723 1893
281 113 1723 28
282 114 1723 769
293 115 1723 1855
300 116 1723 1749
300 117 1723 375
302 118 1723 953
305 119 1723 1216
307 120 1723 1133
319 121 1723 1880
329 122 1723 1837
332 123 1723 1316
333 124 1723 817
335 125 1723 1113
338 126 1723 1258
338 127 1723 24
339 128 1723 624
340 129 1723 862
341 130 1723 797
342 131 1723 727
346 132 1723 1418
348 133 1723 1026
354 134 1723 1631
362 135 1723 1755
362 136 1723 217
369 137 1723 1726
369 138 1723 474
376 139 1723 1746
376 140 1723 384
376 141 1723 12
387 142 1723 1865
391 144 1723 446
391 143 1723 1464
394 145 1723 1222
395 146 1723 853
395 147 1723 253
398 148 1723 1163
400 149 1723 1099
403 150 1723 1311
406 151 1723 1216
410 152 1723 1386
411 153 1723 600
416 154 1723 1521
418 155 1723 1004
425 156 1723 1732
425 157 1723 306
429 158 1723 1453
433 159 1723 1424
433 160 1723 380
435 161 1723 1115
445 162 1723 1841
450 163 1723 1595
454 164 1723 1363
455 165 1723 773
455 166 1723 120
456 167 1723 867
456 168 1723 322
458 169 1723 938
464 170 1723 1637
464 171 1723 23
473 172 1723 1825
475 173 1723 1131
476 174 1723 831
478 175 1723 1121
478 176 1723 14
478 177 1723 373
480 178 1723 869
485 179 1723 1519
485 180 1723 259
487 181 1723 1005
488 182 1723 785
492 183 1723 1449
496 184 1723 1476
501 185 1723 1505
504 186 1723 1266
505 187 1723 817
509 188 1723 1430
510 189 1723 626
510 190 1723 23
520 192 1723 272
520 191 1723 1836
522 193 1723 975
526 194 1723 1366
529 195 1723 1194
529 196 1723 96
529 197 1723 270
529 198 1723 100
534 199 1723 1598
536 200 1723 1102
552 201 1723 1911
563 202 1723 1855
563 203 1723 225
567 204 1723 1386
570 205 1723 1287
573 206 1723 1315
573 207 1723 254
580 208 1723 1694
580 209 1723 399
582 210 1723 989
586 211 1723 1359
590 212 1723 1361
601 213 1723 1859
604 214 1723 1164
607 215 1723 1299
607 216 1723 329
607 217 1723 391
607 218 1723 119
615 219 1723 1783
619 220 1723 1432
622 221 1723 1227
626 222 1723 1361
632 223 1723 1620
634 224 1723 914
641 225 1723 1726
647 226 1723 1675
648 227 1723 850
655 228 1723 1690
660 229 1723 1562
662 230 1723 1025
668 231 1723 1669
668 232 1723 273
671 233 1723 1196
671 234 1723 416
671 235 1723 273
673 236 1723 1075
674 240 1723 189
674 239 1723 188
674 237 1723 560
674 238 1723 62
676 241 1723 1011
678 242 1723 1048
680 243 1723 1030
685 244 1723 1562
686 246 1723 475
686 245 1723 589
686 247 1723 338
693 249 1723 66
693 248 1723 1736
694 250 1723 864
700 251 1723 1629
700 252 1723 150
700 253 1723 242
700 254 1723 165
709 255 1723 1799
710 257 1723 235
710 256 1723 550
713 258 1723 1235
718 259 1723 1585
723 260 1723 1537
723 261 1723 465
723 262 1723 489
723 263 1723 132
726 264 1723 1299
729 265 1723 1244
731 266 1723 1086
731 267 1723 164
735 268 1723 1442
737 269 1723 891
737 270 1723 224
744 271 1723 1693
744 272 1723 328
755 273 1723 1856
760 279 1723 325
760 278 1723 58
760 277 1723 331
760 275 1723 420
760 274 1723 1593
760 276 1723 178
763 280 1723 1251
766 281 1723 1336
768 282 1723 1039
774 283 1723 1623
775 284 1723 697
778 285 1723 1321
783 287 1723 30
783 286 1723 1518
785 288 1723 1030
786 289 1723 541
792 290 1723 1647
793 291 1723 840
796 292 1723 1250
796 293 1723 402
797 294 1723 576
803 295 1723 1649
804 296 1723 522
806 297 1723 916
812 298 1723 1656
812 299 1723 317
816 300 1723 1427
816 301 1723 310
817 302 1723 820
818 303 1723 844
826 304 1723 1767
828 305 1723 1095
831 306 1723 1300
