4 0 1076 1443
4 1 1076 493
13 2 1076 1814
15 3 1076 944
15 4 1076 3
20 5 1076 1509
20 6 1076 138
22 7 1076 1023
25 9 1076 201
25 8 1076 1198
27 10 1076 964
32 11 1076 1565
32 12 1076 486
33 13 1076 823
37 14 1076 1431
39 15 1076 878
42 16 1076 1214
44 17 1076 905
48 19 1076 118
48 18 1076 1404
53 20 1076 1553
55 21 1076 1099
55 22 1076 7
74 23 1076 1918
75 24 1076 857
77 25 1076 965
81 26 1076 1436
85 27 1076 1443
95 28 1076 1835
96 29 1076 810
96 30 1076 228
97 31 1076 782
98 32 1076 778
101 33 1076 1293
101 34 1076 420
104 35 1076 1207
104 36 1076 495
105 37 1076 818
108 38 1076 1215
108 39 1076 442
113 40 1076 1528
125 41 1076 1879
125 42 1076 301
129 43 1076 1355
132 44 1076 1302
135 45 1076 1151
136 46 1076 621
137 47 1076 864
138 48 1076 559
140 49 1076 991
147 50 1076 1691
151 51 1076 1350
151 52 1076 451
155 53 1076 1407
160 55 1076 344
160 56 1076 485
160 54 1076 1509
169 57 1076 1820
169 58 1076 86
171 59 1076 962
171 60 1076 73
172 61 1076 620
174 62 1076 1113
174 63 1076 388
188 65 1076 181
188 64 1076 1898
189 66 1076 786
191 67 1076 1117
191 68 1076 403
191 69 1076 224
191 70 1076 383
191 71 1076 395
197 72 1076 1615
199 73 1076 962
200 74 1076 514
205 75 1076 1598
206 76 1076 797
207 77 1076 576
208 78 1076 616
214 79 1076 1630
214 80 1076 344
215 81 1076 571
217 82 1076 884
218 83 1076 844
220 84 1076 1044
221 85 1076 803
221 86 1076 330
224 87 1076 1296
231 88 1076 1709
231 89 1076 75
232 90 1076 721
233 91 1076 600
234 94 1076 369
234 93 1076 252
234 92 1076 731
236 95 1076 907
237 96 1076 766
247 97 1076 1838
251 98 1076 1382
253 99 1076 1120
253 100 1076 365
257 103 1076 334
257 102 1076 461
257 101 1076 1428
258 104 1076 607
261 105 1076 1295
267 106 1076 1659
271 107 1076 1414
273 108 1076 892
283 109 1076 1835
287 110 1076 1472
297 111 1076 1833
300 113 1076 380
300 112 1076 1203
301 114 1076 618
305 115 1076 1426
311 116 1076 1661
311 117 1076 268
314 118 1076 1268
316 119 1076 1094
324 120 1076 1775
328 121 1076 1415
331 123 1076 327
331 122 1076 1333
335 124 1076 1427
342 125 1076 1708
347 126 1076 1588
351 127 1076 1363
352 128 1076 593
357 129 1076 1532
358 130 1076 832
360 131 1076 883
362 132 1076 1119
366 133 1076 1421
369 134 1076 1265
370 135 1076 840
370 136 1076 109
371 137 1076 549
371 138 1076 236
377 139 1076 1674
379 140 1076 1068
380 142 1076 403
380 141 1076 841
389 143 1076 1799
390 144 1076 528
391 145 1076 812
394 146 1076 1321
394 147 1076 351
399 148 1076 1559
400 149 1076 867
403 150 1076 1171
403 151 1076 497
404 153 1076 288
404 152 1076 570
407 154 1076 1269
409 155 1076 874
409 156 1076 95
409 157 1076 134
410 158 1076 832
411 159 1076 824
417 160 1076 1631
417 161 1076 295
418 162 1076 820
421 163 1076 1285
423 164 1076 1003
424 165 1076 588
425 166 1076 714
432 167 1076 1707
434 168 1076 1039
441 169 1076 1702
444 170 1076 1316
446 172 1076 31
446 171 1076 1111
451 173 1076 1519
451 174 1076 26
453 175 1076 934
455 176 1076 1011
459 177 1076 1458
466 178 1076 1723
467 179 1076 614
467 180 1076 386
470 181 1076 1237
477 182 1076 1729
483 183 1076 1650
483 184 1076 360
483 185 1076 334
483 186 1076 313
484 187 1076 830
484 188 1076 151
484 189 1076 390
485 190 1076 745
499 191 1076 1900
505 192 1076 1641
508 193 1076 1337
508 194 1076 42
509 195 1076 772
509 196 1076 20
511 197 1076 1043
512 198 1076 795
523 200 1076 98
523 199 1076 1865
528 201 1076 1539
531 202 1076 1236
539 203 1076 1781
543 204 1076 1475
543 205 1076 59
543 206 1076 465
545 208 1076 261
545 209 1076 335
545 207 1076 975
553 210 1076 1788
554 211 1076 561
554 212 1076 335
554 213 1076 217
554 214 1076 437
554 215 1076 394
554 216 1076 491
556 217 1076 1094
558 218 1076 924
559 219 1076 668
559 220 1076 274
568 221 1076 1808
573 222 1076 1555
574 223 1076 648
576 224 1076 957
579 225 1076 1341
583 226 1076 1394
584 227 1076 619
588 228 1076 1477
591 229 1076 1178
593 230 1076 913
606 231 1076 1893
607 232 1076 663
615 233 1076 1783
616 234 1076 516
617 235 1076 772
617 236 1076 0
629 239 1076 301
629 238 1076 175
629 237 1076 1872
637 240 1076 1793
640 241 1076 1262
641 242 1076 569
648 243 1076 1741
649 244 1076 527
649 245 1076 183
654 246 1076 1565
658 247 1076 1424
660 248 1076 899
665 249 1076 1572
665 250 1076 281
666 251 1076 850
666 252 1076 119
666 253 1076 126
671 254 1076 1590
671 255 1076 214
686 256 1076 1908
687 257 1076 587
688 258 1076 824
688 259 1076 134
689 260 1076 589
697 261 1076 1771
701 262 1076 1423
703 263 1076 1008
707 264 1076 1346
716 265 1076 1819
725 267 1076 476
725 266 1076 1823
731 268 1076 1626
736 269 1076 1590
736 270 1076 393
737 271 1076 543
739 272 1076 919
740 273 1076 623
741 274 1076 800
743 275 1076 936
746 276 1076 1239
753 277 1076 1739
753 278 1076 121
754 279 1076 774
761 280 1076 1700
774 281 1076 1895
780 282 1076 1644
790 283 1076 1829
792 285 1076 62
792 284 1076 896
800 286 1076 1774
801 287 1076 536
801 288 1076 193
801 289 1076 301
802 290 1076 788
805 291 1076 1338
807 292 1076 1048
807 293 1076 40
813 295 1076 22
813 294 1076 1636
821 296 1076 1764
825 297 1076 1485
825 298 1076 394
826 299 1076 632
826 300 1076 284
828 301 1076 1088
835 302 1076 1722
838 303 1076 1233
841 304 1076 1178
847 305 1076 1662
858 306 1076 1856
