3 0 1241 1184
3 1 1241 92
11 2 1241 1754
11 3 1241 347
13 4 1241 906
20 5 1241 1706
21 6 1241 585
23 7 1241 1112
28 8 1241 1521
34 11 1241 171
34 9 1241 1626
34 10 1241 245
36 12 1241 981
36 13 1241 156
36 14 1241 146
38 15 1241 1069
39 16 1241 641
43 17 1241 1364
47 19 1241 245
47 18 1241 1449
57 20 1241 1851
63 21 1241 1674
73 22 1241 1836
73 23 1241 241
79 24 1241 1646
80 25 1241 822
87 26 1241 1735
87 27 1241 92
88 28 1241 803
95 29 1241 1722
102 30 1241 1700
102 31 1241 211
103 32 1241 589
110 33 1241 1716
119 34 1241 1819
123 35 1241 1395
133 36 1241 1833
134 37 1241 741
146 38 1241 1883
146 39 1241 178
151 40 1241 1538
152 41 1241 595
154 42 1241 872
156 43 1241 1009
156 44 1241 187
163 45 1241 1723
165 47 1241 151
165 46 1241 1028
175 48 1241 1830
189 49 1241 1897
198 50 1241 1812
199 51 1241 546
206 52 1241 1744
206 53 1241 160
210 54 1241 1415
214 56 1241 180
214 55 1241 1435
219 57 1241 1512
220 58 1241 625
220 59 1241 83
234 60 1241 1896
234 61 1241 493
234 62 1241 309
241 63 1241 1723
251 65 1241 34
251 64 1241 1850
256 66 1241 1507
259 67 1241 1190
259 68 1241 261
260 69 1241 675
263 70 1241 1161
272 71 1241 1824
276 72 1241 1406
279 73 1241 1270
280 74 1241 631
283 75 1241 1256
284 76 1241 801
285 77 1241 827
285 78 1241 54
295 79 1241 1847
302 80 1241 1718
307 81 1241 1583
307 82 1241 187
308 83 1241 830
318 84 1241 1835
321 89 1241 384
321 88 1241 300
321 85 1241 1154
321 86 1241 391
321 87 1241 429
324 90 1241 1215
324 91 1241 320
324 92 1241 115
333 94 1241 207
333 93 1241 1799
335 96 1241 286
335 95 1241 1045
337 97 1241 1073
339 98 1241 1084
339 99 1241 152
339 100 1241 216
347 101 1241 1763
356 102 1241 1815
359 103 1241 1154
360 104 1241 735
376 105 1241 1912
378 106 1241 1064
378 107 1241 473
382 108 1241 1453
382 109 1241 159
383 110 1241 633
386 111 1241 1278
390 112 1241 1458
391 116 1241 305
391 115 1241 312
391 113 1241 703
391 114 1241 289
395 117 1241 1403
404 118 1241 1813
405 119 1241 695
410 120 1241 1567
412 121 1241 1077
414 122 1241 889
423 123 1241 1801
427 124 1241 1385
428 125 1241 840
435 126 1241 1708
440 127 1241 1531
442 128 1241 1063
447 129 1241 1510
449 130 1241 969
455 131 1241 1653
461 132 1241 1668
470 133 1241 1826
476 134 1241 1631
488 135 1241 1880
495 136 1241 1693
497 137 1241 957
497 138 1241 94
507 139 1241 1848
507 140 1241 89
517 141 1241 1842
519 142 1241 900
519 143 1241 140
525 144 1241 1675
536 145 1241 1862
537 146 1241 787
540 147 1241 1337
545 148 1241 1510
554 149 1241 1819
555 150 1241 740
556 151 1241 807
559 153 1241 388
559 152 1241 1185
560 154 1241 510
562 155 1241 1063
564 156 1241 873
564 157 1241 13
571 158 1241 1694
580 159 1241 1820
580 160 1241 203
584 161 1241 1458
587 162 1241 1335
598 163 1241 1868
600 164 1241 1114
602 165 1241 905
607 166 1241 1534
612 167 1241 1556
614 168 1241 997
614 169 1241 333
615 170 1241 543
618 171 1241 1272
621 172 1241 1308
634 173 1241 1889
635 174 1241 606
641 175 1241 1650
641 176 1241 177
642 177 1241 749
642 178 1241 126
646 182 1241 21
646 181 1241 370
646 180 1241 53
646 179 1241 1448
649 183 1241 1168
650 184 1241 770
650 185 1241 162
650 186 1241 467
653 187 1241 1280
656 188 1241 1316
657 189 1241 567
659 190 1241 1007
665 191 1241 1679
668 192 1241 1188
668 193 1241 199
674 194 1241 1644
675 195 1241 556
676 196 1241 507
678 197 1241 957
680 198 1241 950
681 200 1241 327
681 199 1241 769
684 201 1241 1155
684 202 1241 340
687 203 1241 1176
690 204 1241 1276
694 205 1241 1392
698 206 1241 1423
701 207 1241 1220
708 208 1241 1706
709 209 1241 784
711 210 1241 886
711 211 1241 124
720 212 1241 1812
720 213 1241 246
728 214 1241 1766
736 215 1241 1757
740 216 1241 1437
740 217 1241 166
742 218 1241 1097
744 219 1241 952
744 220 1241 437
744 221 1241 254
744 222 1241 239
744 223 1241 429
747 224 1241 1251
748 225 1241 789
748 226 1241 84
750 229 1241 50
750 228 1241 245
750 227 1241 1109
753 230 1241 1142
756 231 1241 1144
763 232 1241 1723
766 233 1241 1281
768 234 1241 1120
769 235 1241 823
769 236 1241 30
770 237 1241 769
779 238 1241 1817
782 239 1241 1302
783 240 1241 663
786 241 1241 1172
791 242 1241 1498
792 243 1241 531
797 244 1241 1605
799 245 1241 882
807 246 1241 1792
809 247 1241 942
809 248 1241 358
818 249 1241 1811
820 250 1241 1044
820 251 1241 340
828 252 1241 1784
852 254 1241 332
852 255 1241 72
852 253 1241 1923
854 256 1241 915
864 257 1241 1835
874 258 1241 1849
874 259 1241 486
877 260 1241 1308
877 261 1241 314
879 262 1241 974
885 263 1241 1656
890 264 1241 1566
896 266 1241 326
896 265 1241 1666
897 267 1241 530
899 268 1241 1050
901 269 1241 943
908 270 1241 1727
909 271 1241 667
909 272 1241 274
916 274 1241 288
916 273 1241 1720
919 275 1241 1190
920 276 1241 680
926 277 1241 1632
927 278 1241 749
927 279 1241 369
929 280 1241 922
931 281 1241 1066
932 282 1241 750
932 283 1241 359
934 284 1241 931
935 285 1241 802
938 286 1241 1285
945 287 1241 1724
947 288 1241 949
949 289 1241 1047
959 290 1241 1832
959 291 1241 119
960 292 1241 845
963 293 1241 1330
982 294 1241 1919
982 295 1241 349
982 296 1241 197
990 297 1241 1767
992 298 1241 889
1003 299 1241 1863
1004 300 1241 556
1007 301 1241 1261
1016 302 1241 1816
1019 304 1241 84
1019 305 1241 376
1019 303 1241 1340
1019 306 1241 65
