5 0 401 1601
12 1 401 1734
12 2 401 151
14 3 401 907
21 4 401 1697
22 5 401 539
29 6 401 1702
32 7 401 1239
33 8 401 656
35 9 401 978
36 10 401 611
36 11 401 99
37 12 401 852
37 13 401 313
38 14 401 610
40 15 401 1115
43 16 401 1145
44 17 401 716
44 18 401 406
45 19 401 755
48 20 401 1307
50 21 401 902
54 22 401 1436
64 23 401 1830
64 24 401 270
64 25 401 19
64 26 401 112
67 27 401 1291
68 28 401 806
70 29 401 884
71 30 401 790
71 31 401 446
77 32 401 1677
78 33 401 698
81 34 401 1170
85 35 401 1408
86 36 401 784
86 37 401 232
88 39 401 197
88 38 401 1000
97 40 401 1820
97 41 401 472
101 42 401 1375
109 43 401 1755
109 44 401 436
111 45 401 1022
111 46 401 89
114 47 401 1231
119 50 401 445
119 48 401 1536
119 49 401 411
122 51 401 1206
122 52 401 60
122 53 401 43
122 54 401 357
123 56 401 298
123 55 401 699
123 57 401 246
124 58 401 637
130 59 401 1677
130 60 401 427
130 61 401 410
130 62 401 433
137 66 401 347
137 65 401 165
137 67 401 153
137 63 401 1696
137 64 401 187
139 68 401 1068
141 69 401 1126
141 70 401 331
143 71 401 913
149 72 401 1640
149 73 401 209
150 74 401 859
151 75 401 834
155 76 401 1451
160 77 401 1605
164 78 401 1393
167 79 401 1173
178 80 401 1855
179 81 401 806
185 82 401 1680
185 83 401 394
185 84 401 439
190 85 401 1509
190 86 401 385
196 89 401 471
196 87 401 1634
196 88 401 341
198 90 401 1110
199 91 401 538
204 92 401 1520
207 93 401 1248
214 94 401 1695
218 95 401 1410
218 96 401 38
223 97 401 1603
228 98 401 1568
228 99 401 270
229 100 401 675
240 101 401 1860
240 102 401 163
240 103 401 410
240 104 401 79
244 105 401 1456
248 106 401 1490
256 107 401 1776
258 108 401 1108
262 109 401 1447
265 110 401 1172
266 111 401 617
267 112 401 777
271 113 401 1389
278 114 401 1747
283 115 401 1545
284 117 401 38
284 116 401 655
287 118 401 1257
288 119 401 603
295 120 401 1704
296 121 401 637
303 122 401 1736
304 123 401 596
304 124 401 16
311 125 401 1718
314 128 401 438
314 126 401 1318
314 127 401 392
318 129 401 1374
319 130 401 796
327 131 401 1772
327 132 401 36
329 134 401 497
329 133 401 1123
348 135 401 1919
349 136 401 642
352 137 401 1269
352 138 401 315
354 139 401 907
354 140 401 18
355 141 401 534
356 142 401 525
357 143 401 819
360 145 401 492
360 144 401 1224
366 146 401 1685
366 147 401 131
370 148 401 1425
370 149 401 149
371 150 401 754
399 151 401 1924
399 152 401 346
401 156 401 124
401 155 401 37
401 153 401 964
401 154 401 490
405 157 401 1491
405 158 401 393
405 159 401 286
405 160 401 138
407 161 401 1098
410 162 401 1337
416 163 401 1658
417 164 401 651
420 165 401 1324
421 166 401 581
426 167 401 1579
428 168 401 891
436 169 401 1752
438 170 401 903
441 171 401 1310
447 173 401 349
447 172 401 1648
448 174 401 585
451 175 401 1170
451 176 401 112
453 177 401 917
456 178 401 1297
460 179 401 1448
460 180 401 32
463 181 401 1186
465 183 401 289
465 182 401 891
466 184 401 620
467 185 401 796
471 186 401 1426
473 187 401 996
474 188 401 632
474 189 401 460
482 190 401 1795
484 191 401 1076
486 193 401 28
486 192 401 876
487 194 401 769
488 195 401 845
490 196 401 1122
491 197 401 792
491 198 401 168
500 199 401 1825
510 200 401 1836
510 201 401 106
513 202 401 1164
518 203 401 1598
521 204 401 1171
525 205 401 1368
525 206 401 275
546 207 401 1921
546 208 401 379
549 209 401 1245
559 210 401 1850
561 212 401 194
561 211 401 1131
563 213 401 870
563 214 401 253
565 215 401 876
565 216 401 206
567 217 401 1048
569 218 401 1038
577 219 401 1779
586 220 401 1822
591 221 401 1509
593 222 401 946
593 223 401 431
605 224 401 1882
613 225 401 1751
613 226 401 434
619 227 401 1620
624 228 401 1505
630 229 401 1664
630 230 401 47
633 231 401 1244
634 232 401 749
638 233 401 1396
643 234 401 1537
653 235 401 1850
653 236 401 22
656 237 401 1218
658 238 401 1042
661 239 401 1176
662 240 401 521
666 241 401 1429
667 242 401 617
670 243 401 1311
671 244 401 534
672 245 401 663
674 246 401 881
674 247 401 6
681 248 401 1699
690 249 401 1817
691 251 401 74
691 250 401 638
697 252 401 1679
697 253 401 313
697 254 401 2
697 255 401 327
699 256 401 1084
700 257 401 733
706 258 401 1640
709 259 401 1344
711 260 401 934
712 261 401 580
712 262 401 416
713 263 401 639
716 264 401 1197
717 265 401 605
717 266 401 382
718 267 401 722
721 269 401 328
721 268 401 1257
722 270 401 854
724 271 401 913
724 272 401 5
732 273 401 1786
735 274 401 1258
735 275 401 393
737 276 401 892
742 277 401 1560
751 278 401 1821
754 279 401 1218
756 280 401 870
756 281 401 428
766 282 401 1845
772 283 401 1612
774 284 401 1026
788 285 401 1898
792 287 401 435
792 286 401 1490
796 288 401 1394
799 289 401 1210
800 290 401 766
803 291 401 1213
808 292 401 1502
814 293 401 1623
814 294 401 242
825 295 401 1865
827 296 401 1013
841 297 401 1902
841 298 401 113
851 299 401 1853
851 300 401 281
851 301 401 158
852 302 401 673
856 303 401 1371
858 304 401 963
864 305 401 1650
864 306 401 68
