8 0 490 1763
18 1 490 1852
18 2 490 243
21 3 490 1191
22 4 490 580
29 5 490 1695
30 6 490 867
32 8 490 281
32 7 490 1084
33 9 490 629
37 10 490 1470
38 11 490 865
41 12 490 1189
45 13 490 1360
48 14 490 1174
48 15 490 164
49 16 490 509
53 17 490 1447
63 18 490 1832
68 19 490 1552
72 20 490 1470
74 21 490 1073
79 22 490 1594
88 23 490 1805
90 24 490 1047
90 25 490 313
90 26 490 269
100 28 490 376
100 27 490 1835
117 29 490 1913
118 30 490 646
123 31 490 1578
123 32 490 0
126 33 490 1165
128 34 490 1065
130 35 490 1006
133 36 490 1282
138 38 490 311
138 37 490 1566
140 39 490 934
140 40 490 196
141 41 490 815
141 42 490 344
141 43 490 173
143 44 490 978
148 45 490 1560
152 46 490 1465
154 50 490 307
154 49 490 238
154 47 490 1040
154 48 490 238
160 51 490 1638
177 52 490 1913
181 53 490 1444
181 54 490 82
182 59 490 267
182 58 490 144
182 57 490 363
182 56 490 257
182 55 490 689
186 60 490 1426
188 61 490 956
189 62 490 707
189 63 490 293
204 64 490 1908
213 65 490 1816
214 69 490 167
214 68 490 294
214 66 490 865
214 67 490 23
215 70 490 806
216 71 490 867
218 72 490 1136
220 73 490 897
224 74 490 1356
225 75 490 655
226 76 490 728
230 77 490 1421
231 78 490 826
235 79 490 1411
236 80 490 772
239 81 490 1153
244 82 490 1596
244 83 490 138
249 84 490 1605
251 85 490 933
256 87 490 480
256 86 490 1590
258 88 490 1083
258 89 490 376
259 90 490 748
261 91 490 919
265 92 490 1422
265 93 490 43
269 94 490 1433
272 98 490 190
272 97 490 51
272 95 490 1164
272 96 490 107
274 99 490 1087
275 100 490 695
279 101 490 1441
280 102 490 746
280 103 490 71
284 104 490 1356
288 105 490 1365
289 106 490 501
291 107 490 1015
291 108 490 88
295 109 490 1352
307 110 490 1885
308 111 490 761
312 112 490 1461
313 113 490 657
317 115 490 272
317 114 490 1419
320 116 490 1285
321 117 490 569
322 118 490 612
324 119 490 974
324 120 490 226
324 121 490 384
325 122 490 865
335 123 490 1843
338 124 490 1343
347 125 490 1811
351 126 490 1369
353 127 490 1092
357 128 490 1389
357 129 490 191
358 130 490 547
359 131 490 677
362 132 490 1230
368 133 490 1664
369 134 490 716
372 135 490 1255
372 136 490 407
377 137 490 1525
378 138 490 706
378 139 490 240
378 140 490 431
379 141 490 574
379 142 490 392
385 144 490 415
385 143 490 1656
401 145 490 1912
405 146 490 1382
406 147 490 765
407 148 490 548
410 149 490 1161
419 150 490 1804
423 151 490 1463
427 152 490 1364
429 153 490 1140
430 154 490 860
430 155 490 311
431 156 490 576
432 157 490 827
433 158 490 652
437 159 490 1469
456 160 490 1920
459 161 490 1334
464 162 490 1551
473 163 490 1822
474 164 490 804
477 165 490 1208
481 166 490 1455
488 167 490 1722
499 168 490 1865
499 169 490 164
507 170 490 1789
513 171 490 1684
521 173 490 372
521 172 490 1787
522 174 490 543
527 175 490 1577
545 176 490 1916
547 177 490 1134
551 178 490 1428
555 179 490 1356
555 180 490 429
556 181 490 604
557 184 490 311
557 182 490 543
557 183 490 227
559 185 490 1009
562 186 490 1237
562 187 490 90
563 189 490 405
563 188 490 803
564 190 490 678
569 191 490 1505
571 192 490 873
574 193 490 1161
574 194 490 245
576 195 490 1022
578 196 490 947
578 197 490 494
579 198 490 851
581 200 490 456
581 199 490 1131
586 201 490 1585
587 202 490 825
587 203 490 384
590 204 490 1296
590 205 490 119
595 206 490 1600
597 207 490 991
598 208 490 596
601 210 490 319
601 209 490 1208
605 211 490 1367
608 212 490 1324
611 213 490 1220
613 214 490 1040
616 215 490 1315
617 216 490 790
620 217 490 1323
625 218 490 1510
632 219 490 1719
645 220 490 1895
649 221 490 1364
651 222 490 918
655 223 490 1460
659 224 490 1410
659 225 490 284
660 226 490 811
661 228 490 126
661 227 490 626
665 229 490 1446
666 230 490 629
670 231 490 1422
670 232 490 282
670 233 490 296
672 234 490 899
673 235 490 768
680 236 490 1704
680 237 490 159
681 238 490 856
681 239 490 192
684 241 490 246
684 240 490 1334
688 242 490 1418
693 243 490 1519
693 244 490 86
696 245 490 1236
696 246 490 180
701 247 490 1577
701 248 490 120
702 250 490 232
702 249 490 854
707 251 490 1548
709 252 490 909
711 253 490 1056
714 254 490 1160
716 255 490 1016
717 256 490 666
720 257 490 1289
722 258 490 899
724 259 490 1012
727 260 490 1233
729 261 490 974
730 262 490 865
732 263 490 1075
733 264 490 579
734 265 490 822
736 266 490 1085
738 269 490 272
738 268 490 321
738 267 490 1028
743 270 490 1536
744 271 490 631
744 272 490 467
747 273 490 1318
747 274 490 385
753 275 490 1649
764 276 490 1871
767 277 490 1323
771 278 490 1373
771 279 490 174
771 280 490 103
774 281 490 1159
775 282 490 505
778 283 490 1197
781 284 490 1214
783 285 490 1005
784 286 490 512
787 287 490 1150
789 288 490 1060
798 289 490 1807
798 290 490 101
798 291 490 414
801 292 490 1185
809 293 490 1768
811 294 490 884
811 295 490 360
814 297 490 343
814 296 490 1305
816 298 490 940
819 299 490 1188
819 300 490 150
821 301 490 1077
824 302 490 1256
832 303 490 1773
835 304 490 1242
840 305 490 1525
842 306 490 1081
