0 0 1835 287
1 1 1835 823
3 2 1835 985
6 3 1835 1180
7 4 1835 654
12 5 1835 1531
17 6 1835 1500
19 7 1835 1079
27 13 1835 340
27 12 1835 71
27 11 1835 176
27 8 1835 1753
27 9 1835 269
27 10 1835 440
30 14 1835 1301
31 15 1835 764
35 16 1835 1477
36 17 1835 739
37 18 1835 638
41 19 1835 1353
41 20 1835 390
41 21 1835 375
41 22 1835 492
42 23 1835 716
42 24 1835 130
42 25 1835 60
43 26 1835 518
52 27 1835 1807
53 28 1835 763
53 29 1835 429
53 30 1835 412
67 31 1835 1897
67 32 1835 31
67 33 1835 469
67 34 1835 4
67 35 1835 61
72 36 1835 1596
74 37 1835 1093
75 38 1835 508
76 39 1835 854
76 40 1835 362
80 41 1835 1440
84 42 1835 1356
86 43 1835 1103
92 44 1835 1643
96 45 1835 1478
102 46 1835 1672
104 47 1835 1012
113 48 1835 1816
113 49 1835 459
114 50 1835 849
116 51 1835 1091
116 52 1835 114
117 53 1835 763
117 54 1835 326
127 57 1835 269
127 56 1835 331
127 55 1835 1836
129 58 1835 1050
130 59 1835 594
132 60 1835 1012
138 61 1835 1617
138 62 1835 316
141 63 1835 1324
149 65 1835 467
149 66 1835 145
149 64 1835 1782
154 67 1835 1526
154 68 1835 336
157 69 1835 1239
159 70 1835 1093
159 71 1835 384
159 72 1835 230
166 73 1835 1708
168 74 1835 990
170 75 1835 875
172 76 1835 943
175 77 1835 1314
177 78 1835 997
178 79 1835 577
178 80 1835 312
182 81 1835 1431
199 82 1835 1916
199 83 1835 303
204 84 1835 1504
207 85 1835 1245
215 86 1835 1783
218 87 1835 1192
218 88 1835 143
218 89 1835 92
224 90 1835 1654
227 91 1835 1327
227 92 1835 43
237 93 1835 1839
245 94 1835 1766
246 95 1835 669
248 96 1835 1123
248 97 1835 32
251 98 1835 1245
254 99 1835 1176
257 100 1835 1332
257 101 1835 146
258 102 1835 675
259 103 1835 576
262 104 1835 1290
262 105 1835 465
263 106 1835 860
263 107 1835 330
270 108 1835 1697
274 109 1835 1375
276 110 1835 893
278 111 1835 942
281 113 1835 472
281 114 1835 282
281 112 1835 1196
286 115 1835 1506
292 116 1835 1626
292 117 1835 12
299 118 1835 1744
300 119 1835 536
301 120 1835 608
303 121 1835 877
307 123 1835 244
307 122 1835 1382
312 124 1835 1510
319 125 1835 1691
319 126 1835 341
319 127 1835 316
330 128 1835 1867
330 129 1835 320
336 130 1835 1676
338 131 1835 911
338 132 1835 68
345 133 1835 1745
348 134 1835 1169
348 135 1835 165
349 136 1835 755
352 137 1835 1339
354 138 1835 938
356 139 1835 1039
356 140 1835 384
360 141 1835 1453
364 142 1835 1420
365 143 1835 693
367 144 1835 1123
368 145 1835 712
368 146 1835 130
373 147 1835 1495
378 148 1835 1557
378 149 1835 260
380 150 1835 967
382 151 1835 1111
382 152 1835 212
383 153 1835 708
384 154 1835 568
384 155 1835 455
385 156 1835 689
385 157 1835 431
387 158 1835 991
392 159 1835 1524
392 160 1835 124
393 162 1835 388
393 161 1835 544
397 163 1835 1376
403 164 1835 1624
418 165 1835 1906
420 166 1835 873
424 167 1835 1375
427 168 1835 1227
427 169 1835 116
428 170 1835 750
428 171 1835 287
430 172 1835 999
431 173 1835 704
431 174 1835 152
433 175 1835 1080
437 176 1835 1382
438 177 1835 689
440 178 1835 1045
441 179 1835 797
446 180 1835 1560
447 181 1835 770
448 182 1835 684
454 183 1835 1606
457 184 1835 1277
458 185 1835 564
459 186 1835 698
462 187 1835 1285
465 188 1835 1177
466 189 1835 714
470 192 1835 347
470 191 1835 324
470 190 1835 1401
473 193 1835 1338
475 194 1835 915
483 195 1835 1765
485 196 1835 1065
485 197 1835 43
487 198 1835 994
489 199 1835 1142
497 200 1835 1764
498 202 1835 267
498 201 1835 679
502 203 1835 1440
506 204 1835 1434
507 205 1835 680
507 206 1835 112
511 207 1835 1432
512 208 1835 556
516 209 1835 1412
518 211 1835 0
518 210 1835 997
521 212 1835 1311
521 213 1835 193
534 214 1835 1888
537 215 1835 1278
545 216 1835 1784
546 217 1835 706
546 218 1835 98
548 219 1835 1059
551 220 1835 1208
556 221 1835 1512
556 222 1835 198
557 223 1835 513
558 224 1835 640
558 225 1835 426
569 226 1835 1864
574 227 1835 1585
581 229 1835 311
581 230 1835 15
581 228 1835 1714
584 231 1835 1338
590 232 1835 1619
599 233 1835 1828
601 234 1835 958
603 235 1835 881
604 236 1835 503
607 238 1835 172
607 237 1835 1168
608 239 1835 597
608 240 1835 452
611 241 1835 1190
612 242 1835 728
619 243 1835 1690
625 244 1835 1641
629 245 1835 1401
631 246 1835 938
631 247 1835 154
635 248 1835 1374
640 249 1835 1562
655 250 1835 1905
655 251 1835 358
666 252 1835 1869
677 253 1835 1860
688 254 1835 1858
688 255 1835 251
688 256 1835 481
694 257 1835 1679
695 258 1835 800
697 259 1835 1008
698 260 1835 740
698 261 1835 451
704 262 1835 1643
704 263 1835 245
708 264 1835 1396
713 265 1835 1584
713 266 1835 305
717 267 1835 1407
720 268 1835 1160
722 269 1835 1007
723 270 1835 775
724 271 1835 616
725 272 1835 533
729 273 1835 1426
730 274 1835 606
730 275 1835 18
731 277 1835 432
731 276 1835 783
732 278 1835 796
735 279 1835 1163
739 280 1835 1413
746 284 1835 330
746 281 1835 1710
746 282 1835 210
746 283 1835 152
751 285 1835 1581
755 286 1835 1394
761 287 1835 1684
774 288 1835 1895
775 289 1835 707
775 290 1835 400
776 291 1835 749
776 292 1835 368
778 293 1835 1089
786 295 1835 0
786 294 1835 1781
790 296 1835 1471
790 297 1835 483
790 298 1835 293
790 299 1835 57
792 300 1835 1096
796 301 1835 1455
798 303 1835 367
798 302 1835 918
799 304 1835 786
802 305 1835 1289
809 306 1835 1750
