3 0 1243 1184
3 1 1243 92
11 2 1243 1754
11 3 1243 347
13 4 1243 906
20 5 1243 1706
21 6 1243 585
23 7 1243 1112
28 8 1243 1521
34 11 1243 171
34 9 1243 1626
34 10 1243 245
36 12 1243 981
36 13 1243 156
36 14 1243 146
38 15 1243 1069
39 16 1243 641
43 17 1243 1364
47 19 1243 245
47 18 1243 1449
57 20 1243 1851
63 21 1243 1674
73 22 1243 1836
73 23 1243 241
79 24 1243 1646
80 25 1243 822
87 26 1243 1735
87 27 1243 92
88 28 1243 803
95 29 1243 1722
102 30 1243 1700
102 31 1243 211
103 32 1243 589
110 33 1243 1716
119 34 1243 1819
123 35 1243 1395
133 36 1243 1833
134 37 1243 741
146 38 1243 1883
146 39 1243 178
151 40 1243 1538
152 41 1243 595
154 42 1243 872
156 43 1243 1009
156 44 1243 187
163 45 1243 1723
165 47 1243 151
165 46 1243 1028
175 48 1243 1830
189 49 1243 1897
198 50 1243 1812
199 51 1243 546
206 52 1243 1744
206 53 1243 160
210 54 1243 1415
214 56 1243 180
214 55 1243 1435
219 57 1243 1512
220 58 1243 625
220 59 1243 83
234 60 1243 1896
234 61 1243 493
234 62 1243 309
241 63 1243 1723
251 65 1243 34
251 64 1243 1850
256 66 1243 1507
259 67 1243 1190
259 68 1243 261
260 69 1243 675
263 70 1243 1161
272 71 1243 1824
276 72 1243 1406
279 73 1243 1270
280 74 1243 631
283 75 1243 1256
284 76 1243 801
285 77 1243 827
285 78 1243 54
295 79 1243 1847
302 80 1243 1718
307 81 1243 1583
307 82 1243 187
308 83 1243 830
318 84 1243 1835
321 89 1243 384
321 88 1243 300
321 85 1243 1154
321 86 1243 391
321 87 1243 429
324 90 1243 1215
324 91 1243 320
324 92 1243 115
333 94 1243 207
333 93 1243 1799
335 96 1243 286
335 95 1243 1045
337 97 1243 1073
339 98 1243 1084
339 99 1243 152
339 100 1243 216
347 101 1243 1763
356 102 1243 1815
359 103 1243 1154
360 104 1243 735
376 105 1243 1912
378 106 1243 1064
378 107 1243 473
382 108 1243 1453
382 109 1243 159
383 110 1243 633
386 111 1243 1278
390 112 1243 1458
391 116 1243 305
391 115 1243 312
391 113 1243 703
391 114 1243 289
395 117 1243 1403
404 118 1243 1813
405 119 1243 695
410 120 1243 1567
412 121 1243 1077
414 122 1243 889
423 123 1243 1801
427 124 1243 1385
428 125 1243 840
435 126 1243 1708
440 127 1243 1531
442 128 1243 1063
447 129 1243 1510
449 130 1243 969
455 131 1243 1653
461 132 1243 1668
470 133 1243 1826
476 134 1243 1631
488 135 1243 1880
495 136 1243 1693
497 137 1243 957
497 138 1243 94
507 139 1243 1848
507 140 1243 89
517 141 1243 1842
519 142 1243 900
519 143 1243 140
525 144 1243 1675
536 145 1243 1862
537 146 1243 787
540 147 1243 1337
545 148 1243 1510
554 149 1243 1819
555 150 1243 740
556 151 1243 807
559 153 1243 388
559 152 1243 1185
560 154 1243 510
562 155 1243 1063
564 156 1243 873
564 157 1243 13
571 158 1243 1694
580 159 1243 1820
580 160 1243 203
584 161 1243 1458
587 162 1243 1335
598 163 1243 1868
600 164 1243 1114
602 165 1243 905
607 166 1243 1534
612 167 1243 1556
614 168 1243 997
614 169 1243 333
615 170 1243 543
618 171 1243 1272
621 172 1243 1308
634 173 1243 1889
635 174 1243 606
641 175 1243 1650
641 176 1243 177
642 177 1243 749
642 178 1243 126
646 182 1243 21
646 181 1243 370
646 180 1243 53
646 179 1243 1448
649 183 1243 1168
650 184 1243 770
650 185 1243 162
650 186 1243 467
653 187 1243 1280
656 188 1243 1316
657 189 1243 567
659 190 1243 1007
665 191 1243 1679
668 192 1243 1188
668 193 1243 199
674 194 1243 1644
675 195 1243 556
676 196 1243 507
678 197 1243 957
680 198 1243 950
681 200 1243 327
681 199 1243 769
684 201 1243 1155
684 202 1243 340
687 203 1243 1176
690 204 1243 1276
694 205 1243 1392
698 206 1243 1423
701 207 1243 1220
708 208 1243 1706
709 209 1243 784
711 210 1243 886
711 211 1243 124
720 212 1243 1812
720 213 1243 246
728 214 1243 1766
736 215 1243 1757
740 216 1243 1437
740 217 1243 166
742 218 1243 1097
744 219 1243 952
744 220 1243 437
744 221 1243 254
744 222 1243 239
744 223 1243 429
747 224 1243 1251
748 225 1243 789
748 226 1243 84
750 229 1243 50
750 228 1243 245
750 227 1243 1109
753 230 1243 1142
756 231 1243 1144
763 232 1243 1723
766 233 1243 1281
768 234 1243 1120
769 235 1243 823
769 236 1243 30
770 237 1243 769
779 238 1243 1817
782 239 1243 1302
783 240 1243 663
786 241 1243 1172
791 242 1243 1498
792 243 1243 531
797 244 1243 1605
799 245 1243 882
807 246 1243 1792
809 247 1243 942
809 248 1243 358
818 249 1243 1811
820 250 1243 1044
820 251 1243 340
828 252 1243 1784
852 254 1243 332
852 255 1243 72
852 253 1243 1923
854 256 1243 915
864 257 1243 1835
874 258 1243 1849
874 259 1243 486
877 260 1243 1308
877 261 1243 314
879 262 1243 974
885 263 1243 1656
890 264 1243 1566
896 266 1243 326
896 265 1243 1666
897 267 1243 530
899 268 1243 1050
901 269 1243 943
908 270 1243 1727
909 271 1243 667
909 272 1243 274
916 274 1243 288
916 273 1243 1720
919 275 1243 1190
920 276 1243 680
926 277 1243 1632
927 278 1243 749
927 279 1243 369
929 280 1243 922
931 281 1243 1066
932 282 1243 750
932 283 1243 359
934 284 1243 931
935 285 1243 802
938 286 1243 1285
945 287 1243 1724
947 288 1243 949
949 289 1243 1047
959 290 1243 1832
959 291 1243 119
960 292 1243 845
963 293 1243 1330
982 294 1243 1919
982 295 1243 349
982 296 1243 197
990 297 1243 1767
992 298 1243 889
1003 299 1243 1863
1004 300 1243 556
1007 301 1243 1261
1016 302 1243 1816
1019 304 1243 84
1019 305 1243 376
1019 303 1243 1340
1019 306 1243 65
