4 0 1293 1474
9 1 1293 1603
13 2 1293 1470
14 3 1293 684
14 4 1293 293
15 5 1293 775
19 6 1293 1459
19 7 1293 297
20 8 1293 641
22 9 1293 991
24 10 1293 994
28 11 1293 1366
28 12 1293 264
30 13 1293 1069
30 14 1293 272
32 15 1293 1135
35 17 1293 323
35 18 1293 251
35 16 1293 1224
37 19 1293 1060
42 20 1293 1523
43 21 1293 712
44 22 1293 649
50 23 1293 1672
53 24 1293 1340
55 25 1293 908
71 27 1293 47
71 26 1293 1909
85 28 1293 1901
92 29 1293 1738
92 30 1293 153
99 31 1293 1713
99 32 1293 240
104 33 1293 1547
106 34 1293 929
106 35 1293 309
107 36 1293 591
110 39 1293 373
110 37 1293 1296
110 38 1293 253
111 40 1293 709
117 41 1293 1667
125 42 1293 1751
125 43 1293 106
125 44 1293 344
129 45 1293 1394
129 46 1293 52
130 47 1293 760
131 48 1293 783
141 49 1293 1829
141 50 1293 366
161 51 1293 1920
182 52 1293 1921
183 53 1293 536
186 54 1293 1191
187 55 1293 762
189 56 1293 954
196 57 1293 1722
199 58 1293 1269
202 59 1293 1310
203 60 1293 790
207 61 1293 1411
207 62 1293 321
208 63 1293 827
209 64 1293 837
212 65 1293 1205
214 66 1293 1126
215 67 1293 641
215 68 1293 140
228 69 1293 1887
229 70 1293 544
239 71 1293 1852
239 72 1293 69
248 74 1293 351
248 73 1293 1803
256 75 1293 1780
258 76 1293 885
259 77 1293 542
262 78 1293 1327
273 79 1293 1870
274 80 1293 856
277 81 1293 1149
280 82 1293 1189
280 83 1293 71
284 85 1293 158
284 84 1293 1372
291 86 1293 1717
297 87 1293 1629
297 88 1293 356
297 89 1293 166
300 90 1293 1280
301 92 1293 27
301 91 1293 793
303 93 1293 868
308 94 1293 1507
311 95 1293 1222
315 96 1293 1346
317 97 1293 924
320 98 1293 1194
322 99 1293 1064
322 100 1293 268
325 101 1293 1335
326 102 1293 619
327 103 1293 821
330 104 1293 1285
330 105 1293 438
340 106 1293 1850
340 107 1293 118
340 108 1293 184
343 109 1293 1335
352 110 1293 1802
352 111 1293 411
352 112 1293 394
355 114 1293 454
355 113 1293 1323
360 115 1293 1566
360 116 1293 222
360 117 1293 249
364 118 1293 1380
365 119 1293 679
369 120 1293 1412
373 121 1293 1421
373 122 1293 285
387 123 1293 1899
388 124 1293 607
394 125 1293 1675
403 126 1293 1825
405 127 1293 1125
405 128 1293 295
407 129 1293 1053
407 130 1293 434
419 131 1293 1885
422 133 1293 263
422 132 1293 1273
427 134 1293 1602
431 135 1293 1445
432 136 1293 529
432 137 1293 367
433 138 1293 711
435 139 1293 933
435 140 1293 232
440 141 1293 1598
444 142 1293 1444
446 143 1293 946
446 144 1293 289
447 145 1293 868
447 146 1293 399
448 147 1293 629
448 148 1293 414
459 149 1293 1865
461 150 1293 999
463 151 1293 1096
467 152 1293 1469
468 153 1293 514
473 154 1293 1576
474 155 1293 772
476 156 1293 1049
477 157 1293 645
477 158 1293 214
482 159 1293 1534
483 160 1293 538
484 161 1293 724
491 162 1293 1747
493 163 1293 1056
495 164 1293 900
505 165 1293 1841
507 166 1293 1063
507 167 1293 131
513 168 1293 1645
515 169 1293 933
517 170 1293 1036
525 171 1293 1780
529 174 1293 446
529 172 1293 1462
529 173 1293 446
536 175 1293 1739
550 176 1293 1901
553 177 1293 1264
559 178 1293 1609
565 179 1293 1663
568 180 1293 1275
571 181 1293 1196
572 182 1293 711
572 183 1293 355
572 184 1293 54
575 185 1293 1263
575 186 1293 416
576 187 1293 758
577 188 1293 611
578 190 1293 395
578 189 1293 830
587 192 1293 153
587 191 1293 1809
589 193 1293 1102
589 194 1293 395
593 195 1293 1433
601 196 1293 1775
601 197 1293 388
601 198 1293 45
601 199 1293 372
608 201 1293 268
608 200 1293 1729
610 202 1293 908
614 203 1293 1405
615 204 1293 828
618 205 1293 1144
623 206 1293 1558
625 207 1293 1022
625 208 1293 67
633 209 1293 1762
634 210 1293 795
641 211 1293 1710
643 212 1293 960
643 213 1293 475
643 214 1293 258
646 215 1293 1266
646 216 1293 13
650 217 1293 1392
652 218 1293 1001
657 219 1293 1561
661 221 1293 305
661 220 1293 1425
665 222 1293 1445
666 223 1293 815
667 224 1293 538
670 225 1293 1152
676 226 1293 1626
676 227 1293 360
676 228 1293 51
678 229 1293 938
691 230 1293 1888
696 231 1293 1512
699 232 1293 1219
702 233 1293 1236
713 234 1293 1858
715 235 1293 1007
715 236 1293 288
718 237 1293 1230
722 238 1293 1451
723 239 1293 834
729 240 1293 1629
732 241 1293 1318
733 242 1293 690
734 243 1293 773
734 244 1293 34
735 245 1293 610
736 246 1293 849
741 247 1293 1603
742 248 1293 843
744 249 1293 1053
748 250 1293 1419
748 251 1293 382
751 252 1293 1312
751 253 1293 408
753 254 1293 872
757 255 1293 1424
758 256 1293 748
758 257 1293 92
759 258 1293 867
764 259 1293 1601
768 260 1293 1443
771 261 1293 1198
773 262 1293 970
775 263 1293 1054
784 264 1293 1798
787 265 1293 1208
787 266 1293 491
793 267 1293 1648
794 268 1293 541
797 269 1293 1176
799 270 1293 978
800 271 1293 708
811 272 1293 1866
811 273 1293 167
822 274 1293 1857
822 275 1293 106
827 276 1293 1539
828 277 1293 671
829 278 1293 781
839 281 1293 22
839 279 1293 1853
839 280 1293 303
843 282 1293 1441
845 283 1293 923
849 284 1293 1444
854 285 1293 1506
854 286 1293 200
855 291 1293 196
855 292 1293 362
855 290 1293 258
855 287 1293 810
855 288 1293 364
855 289 1293 434
863 293 1293 1774
866 294 1293 1316
866 295 1293 431
866 296 1293 348
871 297 1293 1561
873 298 1293 899
874 299 1293 750
874 300 1293 119
876 301 1293 1125
878 302 1293 1061
883 303 1293 1592
883 304 1293 75
884 305 1293 711
884 306 1293 441
