2 0 1456 959
4 1 1456 871
8 2 1456 1359
20 3 1456 1876
23 4 1456 1321
29 5 1456 1631
32 6 1456 1299
40 7 1456 1759
53 8 1456 1888
55 9 1456 1018
56 10 1456 540
58 11 1456 1001
58 12 1456 350
62 13 1456 1412
65 14 1456 1338
67 15 1456 1068
67 16 1456 354
71 17 1456 1399
73 18 1456 908
78 19 1456 1525
79 20 1456 834
79 21 1456 445
79 22 1456 322
79 23 1456 187
79 24 1456 441
79 25 1456 11
80 26 1456 552
89 27 1456 1814
90 28 1456 817
90 29 1456 158
95 30 1456 1526
96 31 1456 675
101 32 1456 1547
107 33 1456 1673
108 34 1456 841
108 35 1456 285
108 36 1456 275
119 37 1456 1864
122 38 1456 1236
122 39 1456 491
128 40 1456 1644
137 41 1456 1812
137 42 1456 166
138 43 1456 805
143 44 1456 1524
143 45 1456 409
144 47 1456 107
144 46 1456 596
145 48 1456 826
146 49 1456 854
148 50 1456 947
148 51 1456 471
149 52 1456 822
162 53 1456 1892
165 54 1456 1145
166 55 1456 514
167 56 1456 549
170 57 1456 1171
174 58 1456 1434
177 59 1456 1309
179 60 1456 1078
183 61 1456 1410
185 62 1456 941
192 63 1456 1729
196 64 1456 1417
204 65 1456 1790
208 66 1456 1378
209 67 1456 601
210 68 1456 571
212 69 1456 1052
213 70 1456 793
213 71 1456 415
213 72 1456 162
213 73 1456 416
222 74 1456 1805
224 76 1456 279
224 75 1456 946
228 77 1456 1442
229 78 1456 588
229 79 1456 32
232 80 1456 1339
232 81 1456 445
234 82 1456 987
247 83 1456 1888
249 84 1456 1135
251 85 1456 1054
259 86 1456 1777
264 87 1456 1580
265 88 1456 528
265 89 1456 327
271 90 1456 1661
273 91 1456 1029
273 92 1456 429
283 93 1456 1852
286 95 1456 234
286 94 1456 1337
288 96 1456 871
288 97 1456 361
291 98 1456 1312
297 99 1456 1658
299 100 1456 955
318 101 1456 1919
322 102 1456 1460
329 104 1456 61
329 103 1456 1699
330 105 1456 532
330 106 1456 308
330 107 1456 405
330 108 1456 86
330 109 1456 198
330 110 1456 235
332 111 1456 1031
333 112 1456 582
337 113 1456 1402
350 114 1456 1895
351 115 1456 633
351 116 1456 422
353 117 1456 978
354 118 1456 594
354 119 1456 362
354 120 1456 12
361 121 1456 1723
361 122 1456 73
361 123 1456 243
364 124 1456 1315
370 125 1456 1688
386 126 1456 1910
386 127 1456 235
388 128 1456 1004
393 129 1456 1571
393 130 1456 75
403 132 1456 129
403 131 1456 1843
404 133 1456 855
406 134 1456 1001
409 135 1456 1344
411 136 1456 909
414 137 1456 1213
423 138 1456 1826
424 139 1456 603
425 140 1456 746
429 141 1456 1372
433 142 1456 1493
433 143 1456 329
433 144 1456 92
434 145 1456 630
434 146 1456 447
436 147 1456 952
448 148 1456 1881
449 149 1456 704
456 150 1456 1737
465 151 1456 1817
472 152 1456 1691
474 153 1456 950
480 154 1456 1645
483 155 1456 1157
493 156 1456 1846
496 157 1456 1217
496 158 1456 383
496 159 1456 298
497 160 1456 546
497 161 1456 73
500 165 1456 317
500 164 1456 123
500 162 1456 1326
500 163 1456 440
502 166 1456 901
508 167 1456 1651
508 168 1456 400
509 169 1456 550
515 170 1456 1649
517 171 1456 1133
519 172 1456 1077
536 173 1456 1916
541 174 1456 1541
542 175 1456 565
542 176 1456 229
548 177 1456 1668
548 178 1456 151
549 179 1456 685
552 180 1456 1241
554 183 1456 300
554 181 1456 958
554 182 1456 278
562 184 1456 1758
562 185 1456 182
562 186 1456 151
564 187 1456 1104
566 188 1456 1134
574 189 1456 1769
578 190 1456 1423
584 191 1456 1617
585 192 1456 830
590 193 1456 1528
590 194 1456 56
591 195 1456 673
591 196 1456 46
593 197 1456 1053
593 198 1456 206
600 199 1456 1699
606 200 1456 1653
607 201 1456 720
608 202 1456 551
611 203 1456 1331
613 204 1456 979
614 205 1456 604
615 206 1456 740
622 207 1456 1700
625 208 1456 1333
627 209 1456 1080
629 211 1456 177
629 210 1456 928
631 212 1456 1065
637 213 1456 1623
639 214 1456 981
644 215 1456 1513
651 216 1456 1719
653 217 1456 1026
654 218 1456 607
665 220 1456 165
665 219 1456 1865
672 221 1456 1721
673 222 1456 517
674 223 1456 555
676 224 1456 1051
676 225 1456 32
676 226 1456 302
680 227 1456 1473
691 228 1456 1859
692 229 1456 868
693 230 1456 519
695 231 1456 1101
699 232 1456 1462
699 233 1456 376
701 234 1456 956
702 235 1456 521
702 236 1456 406
704 237 1456 872
707 238 1456 1245
710 239 1456 1153
714 240 1456 1367
714 241 1456 375
721 242 1456 1696
721 243 1456 54
722 244 1456 841
725 245 1456 1245
726 246 1456 551
728 247 1456 1132
729 249 1456 467
729 248 1456 546
731 250 1456 878
733 251 1456 945
733 252 1456 445
733 253 1456 265
738 254 1456 1533
749 255 1456 1856
749 256 1456 203
769 258 1456 279
769 257 1456 1921
771 259 1456 947
771 260 1456 301
774 261 1456 1191
782 262 1456 1765
782 263 1456 465
783 264 1456 560
791 265 1456 1751
792 266 1456 639
793 267 1456 688
794 269 1456 460
794 268 1456 666
796 270 1456 1106
797 271 1456 846
804 272 1456 1705
808 273 1456 1378
808 274 1456 498
815 275 1456 1715
815 276 1456 25
815 277 1456 462
821 278 1456 1639
828 279 1456 1730
832 280 1456 1405
834 281 1456 1095
836 282 1456 926
840 283 1456 1392
857 284 1456 1914
862 285 1456 1499
863 286 1456 655
866 287 1456 1197
867 288 1456 767
869 289 1456 1024
869 290 1456 318
869 291 1456 410
870 292 1456 592
870 293 1456 298
871 294 1456 852
871 295 1456 175
872 296 1456 534
875 297 1456 1231
879 298 1456 1419
881 299 1456 1014
882 300 1456 606
890 301 1456 1788
890 302 1456 465
890 303 1456 86
893 304 1456 1285
893 305 1456 31
896 306 1456 1164
