3 0 512 1280
9 1 512 1633
12 2 512 1246
13 3 512 514
15 4 512 996
15 5 512 86
16 6 512 767
19 7 512 1337
24 10 512 440
24 8 512 1532
24 9 512 172
25 11 512 665
25 12 512 460
26 13 512 551
26 14 512 399
31 19 512 16
31 20 512 246
31 18 512 122
31 17 512 215
31 16 512 101
31 15 512 1535
34 21 512 1335
34 22 512 20
34 23 512 359
34 24 512 362
35 25 512 637
35 26 512 388
36 27 512 544
40 28 512 1425
45 29 512 1563
45 30 512 253
46 31 512 704
47 32 512 704
49 33 512 1080
54 34 512 1519
61 35 512 1738
62 36 512 534
73 37 512 1868
75 38 512 999
79 39 512 1490
92 40 512 1891
92 41 512 180
97 42 512 1552
105 43 512 1764
108 44 512 1218
110 45 512 963
111 46 512 574
115 47 512 1467
119 48 512 1432
120 49 512 833
120 50 512 427
120 51 512 11
123 52 512 1311
126 53 512 1234
129 54 512 1271
140 55 512 1869
146 56 512 1613
148 57 512 887
148 58 512 151
148 59 512 359
154 60 512 1623
154 61 512 223
164 62 512 1837
177 63 512 1894
187 64 512 1843
193 65 512 1661
205 66 512 1885
208 67 512 1305
210 68 512 956
211 69 512 586
213 70 512 1001
213 71 512 157
215 72 512 1141
216 74 512 50
216 75 512 65
216 73 512 556
223 76 512 1708
223 77 512 180
225 78 512 1066
228 79 512 1324
228 80 512 62
229 81 512 845
231 82 512 1037
232 83 512 591
234 85 512 242
234 84 512 1135
237 86 512 1318
241 87 512 1395
248 88 512 1733
253 89 512 1575
253 90 512 125
258 91 512 1572
265 92 512 1716
266 93 512 640
274 94 512 1792
280 95 512 1667
280 96 512 268
285 97 512 1583
295 98 512 1845
299 99 512 1482
301 100 512 1002
304 101 512 1194
305 102 512 511
306 103 512 846
314 105 512 269
314 104 512 1756
315 106 512 795
316 107 512 754
319 108 512 1184
322 109 512 1206
322 110 512 161
326 111 512 1432
333 112 512 1745
334 114 512 296
334 113 512 752
335 115 512 777
337 116 512 1111
340 117 512 1245
341 118 512 758
346 119 512 1601
346 120 512 343
346 121 512 490
351 122 512 1496
354 123 512 1306
354 124 512 460
358 125 512 1354
358 126 512 365
359 127 512 500
360 128 512 689
360 129 512 307
367 131 512 125
367 132 512 259
367 130 512 1722
372 133 512 1509
372 134 512 321
373 135 512 792
373 136 512 334
373 137 512 190
374 138 512 759
375 139 512 866
379 140 512 1372
380 141 512 563
380 142 512 211
381 143 512 526
385 144 512 1414
386 145 512 617
394 146 512 1751
396 148 512 343
396 147 512 964
398 149 512 1014
399 150 512 556
401 151 512 947
402 153 512 244
402 152 512 824
404 154 512 1139
405 155 512 512
411 156 512 1622
413 157 512 1129
413 158 512 385
413 159 512 402
422 161 512 294
422 162 512 65
422 160 512 1828
424 163 512 876
428 164 512 1409
428 165 512 36
431 166 512 1172
431 167 512 236
431 168 512 431
435 170 512 443
435 169 512 1429
437 172 512 486
437 171 512 920
446 173 512 1817
446 174 512 229
453 175 512 1704
453 176 512 278
455 177 512 969
464 178 512 1816
472 179 512 1768
477 180 512 1527
480 182 512 156
480 181 512 1326
485 183 512 1600
491 184 512 1676
492 185 512 774
495 186 512 1225
495 187 512 15
495 188 512 370
502 189 512 1733
504 190 512 1094
506 191 512 1129
513 192 512 1730
513 193 512 356
515 194 512 962
517 195 512 1077
517 196 512 498
520 197 512 1259
522 198 512 1042
526 199 512 1378
530 200 512 1369
535 201 512 1515
536 202 512 533
537 203 512 839
538 204 512 570
543 205 512 1560
543 206 512 461
545 207 512 932
545 208 512 15
549 210 512 233
549 209 512 1359
550 211 512 652
553 212 512 1237
554 213 512 542
555 214 512 800
556 215 512 502
556 216 512 138
556 217 512 389
558 218 512 1125
559 219 512 634
560 220 512 735
563 221 512 1157
571 222 512 1791
572 223 512 622
572 224 512 334
575 225 512 1239
577 226 512 1115
577 227 512 129
578 228 512 854
580 229 512 1076
583 230 512 1205
585 231 512 944
595 232 512 1852
595 233 512 438
595 234 512 398
595 235 512 12
596 236 512 793
599 237 512 1242
601 241 512 292
601 240 512 313
601 238 512 1029
601 239 512 115
633 242 512 1924
635 243 512 935
640 245 512 441
640 244 512 1499
649 246 512 1816
652 247 512 1188
656 248 512 1481
656 249 512 459
658 250 512 939
658 251 512 108
658 252 512 134
658 253 512 408
659 254 512 642
659 255 512 212
665 256 512 1649
675 257 512 1835
676 258 512 504
679 259 512 1256
679 260 512 445
679 261 512 332
679 262 512 77
680 263 512 864
680 264 512 153
683 265 512 1214
684 266 512 725
685 267 512 798
685 268 512 143
686 269 512 788
692 270 512 1634
693 271 512 820
696 272 512 1284
698 274 512 320
698 275 512 443
698 273 512 1009
701 276 512 1157
702 277 512 855
704 278 512 1048
713 279 512 1818
717 280 512 1347
727 281 512 1852
728 283 512 394
728 282 512 572
728 284 512 136
730 285 512 1097
731 286 512 809
735 287 512 1443
742 288 512 1721
742 289 512 185
742 290 512 287
744 291 512 882
745 292 512 737
752 293 512 1698
757 294 512 1595
772 295 512 1906
772 296 512 214
774 297 512 1060
775 298 512 781
775 299 512 284
781 300 512 1640
783 301 512 1017
785 302 512 1044
786 303 512 693
787 305 512 118
787 304 512 750
788 306 512 749
