3 0 643 1273
4 1 643 761
8 2 643 1409
14 3 643 1658
15 4 643 733
19 5 643 1349
19 6 643 370
19 7 643 424
20 10 643 170
20 8 643 761
20 9 643 269
28 11 643 1787
32 12 643 1393
35 13 643 1166
38 14 643 1153
41 16 643 394
41 15 643 1248
43 17 643 1062
45 18 643 980
50 19 643 1571
52 20 643 1123
52 21 643 460
56 22 643 1425
56 23 643 351
60 24 643 1475
60 25 643 7
61 26 643 862
64 27 643 1156
72 28 643 1768
72 29 643 162
73 30 643 606
75 31 643 1056
80 32 643 1595
81 33 643 737
85 34 643 1411
86 35 643 817
90 36 643 1390
93 37 643 1152
102 38 643 1828
110 39 643 1788
112 40 643 969
116 41 643 1491
117 42 643 609
117 43 643 431
117 44 643 251
118 45 643 500
119 46 643 861
122 47 643 1251
122 48 643 432
125 49 643 1289
127 50 643 904
130 51 643 1201
131 52 643 826
131 53 643 392
131 54 643 254
132 55 643 813
135 56 643 1261
137 57 643 1057
137 58 643 183
138 59 643 725
138 60 643 486
140 61 643 1139
141 62 643 580
142 63 643 599
147 64 643 1587
149 66 643 191
149 65 643 1039
150 67 643 655
156 68 643 1680
156 69 643 335
164 70 643 1782
167 71 643 1167
170 72 643 1158
172 73 643 1117
173 74 643 602
178 75 643 1556
186 76 643 1776
188 77 643 993
188 78 643 100
190 79 643 974
192 80 643 1070
197 81 643 1536
198 82 643 723
198 83 643 479
201 84 643 1182
204 86 643 229
204 85 643 1329
207 87 643 1202
207 88 643 482
208 89 643 597
212 90 643 1481
212 91 643 333
214 92 643 968
216 93 643 1103
219 94 643 1301
227 95 643 1754
229 97 643 9
229 96 643 911
230 98 643 768
232 99 643 1136
232 100 643 308
232 101 643 205
237 102 643 1496
237 103 643 96
241 104 643 1432
247 106 643 43
247 105 643 1662
253 107 643 1634
260 108 643 1715
261 109 643 623
263 110 643 962
263 111 643 267
265 112 643 956
267 113 643 1134
272 114 643 1579
274 117 643 101
274 115 643 875
274 116 643 416
277 118 643 1342
277 119 643 257
278 120 643 809
280 121 643 914
280 122 643 173
282 123 643 1082
283 124 643 779
287 127 643 55
287 126 643 198
287 125 643 1448
294 128 643 1741
295 129 643 772
296 130 643 645
304 131 643 1766
304 132 643 225
306 133 643 888
307 134 643 665
308 136 643 39
308 135 643 864
309 137 643 626
311 138 643 972
315 139 643 1445
318 140 643 1286
319 141 643 520
323 142 643 1412
331 143 643 1784
336 144 643 1559
339 145 643 1214
342 146 643 1302
350 147 643 1759
354 148 643 1448
354 149 643 426
357 150 643 1338
358 151 643 809
359 152 643 592
360 154 643 327
360 153 643 510
363 155 643 1319
363 156 643 32
363 157 643 413
366 158 643 1242
381 159 643 1908
385 160 643 1463
401 161 643 1912
410 162 643 1818
412 163 643 942
426 164 643 1902
428 165 643 1120
428 166 643 41
428 167 643 67
428 168 643 468
429 169 643 714
430 170 643 835
437 171 643 1714
439 172 643 1054
448 173 643 1821
450 174 643 895
450 175 643 289
454 176 643 1427
454 177 643 313
458 178 643 1447
462 179 643 1490
462 180 643 145
462 181 643 364
463 182 643 532
466 183 643 1314
470 184 643 1359
478 185 643 1760
481 186 643 1174
487 187 643 1639
488 188 643 561
491 189 643 1270
492 190 643 831
497 191 643 1551
500 192 643 1309
502 193 643 988
517 194 643 1906
520 195 643 1299
521 196 643 627
521 197 643 469
530 198 643 1806
530 199 643 439
533 200 643 1172
536 201 643 1234
539 202 643 1290
540 203 643 733
545 204 643 1515
550 205 643 1549
556 206 643 1680
557 207 643 695
562 208 643 1539
562 209 643 38
571 210 643 1817
577 211 643 1644
579 212 643 891
585 213 643 1677
593 214 643 1762
595 215 643 1099
599 216 643 1379
600 217 643 503
605 218 643 1508
605 219 643 142
616 221 643 327
616 220 643 1870
620 222 643 1431
622 223 643 1123
631 224 643 1807
634 225 643 1209
634 226 643 404
634 227 643 66
644 228 643 1840
649 229 643 1521
654 230 643 1586
656 231 643 957
656 232 643 431
658 233 643 1008
658 234 643 318
659 235 643 836
661 236 643 999
668 237 643 1724
675 238 643 1724
682 242 643 99
682 241 643 479
682 239 643 1734
682 240 643 80
683 243 643 523
687 244 643 1378
689 245 643 1112
690 246 643 659
695 247 643 1556
698 248 643 1150
699 249 643 806
709 250 643 1844
709 251 643 124
711 252 643 886
717 253 643 1664
717 254 643 493
718 255 643 844
725 256 643 1728
725 257 643 167
726 259 643 306
726 258 643 850
729 260 643 1144
735 261 643 1614
736 262 643 779
736 263 643 18
736 264 643 376
737 265 643 859
740 266 643 1212
749 267 643 1807
753 268 643 1359
755 269 643 926
755 270 643 100
760 271 643 1580
761 272 643 704
768 273 643 1698
768 274 643 61
772 275 643 1391
772 276 643 227
774 277 643 907
780 278 643 1669
781 279 643 695
782 280 643 549
783 281 643 772
784 282 643 840
786 283 643 1034
791 284 643 1601
795 285 643 1462
795 286 643 71
796 287 643 692
797 288 643 515
801 289 643 1398
803 290 643 1032
804 291 643 832
806 292 643 873
810 293 643 1417
811 294 643 590
811 295 643 390
817 298 643 147
817 297 643 81
817 296 643 1625
818 299 643 518
827 300 643 1825
828 301 643 777
828 302 643 197
828 303 643 223
829 304 643 705
829 305 643 264
832 306 643 1345
