7 0 733 1689
9 1 733 1074
9 2 733 272
23 3 733 1903
24 4 733 501
40 5 733 1913
41 6 733 822
43 7 733 1033
46 8 733 1259
48 9 733 895
51 10 733 1143
55 11 733 1352
66 12 733 1857
67 13 733 797
67 14 733 372
67 15 733 112
67 16 733 447
67 17 733 215
70 18 733 1152
73 19 733 1176
75 20 733 1083
76 21 733 697
78 22 733 987
84 23 733 1655
84 24 733 368
92 26 733 161
92 27 733 167
92 25 733 1775
98 28 733 1630
100 29 733 946
104 30 733 1387
104 31 733 133
105 32 733 824
105 33 733 185
106 34 733 729
108 35 733 1101
110 36 733 870
114 38 733 279
114 37 733 1386
117 39 733 1301
122 40 733 1598
122 41 733 11
129 42 733 1693
131 43 733 960
131 44 733 482
136 45 733 1579
137 46 733 787
140 47 733 1146
142 48 733 1137
144 49 733 996
145 50 733 599
146 51 733 685
146 52 733 115
148 53 733 971
152 54 733 1492
154 55 733 992
154 56 733 86
155 57 733 542
160 58 733 1535
161 59 733 650
169 60 733 1751
170 61 733 655
173 62 733 1328
173 63 733 313
177 64 733 1433
179 65 733 1010
180 66 733 528
186 67 733 1671
186 68 733 67
189 69 733 1196
192 70 733 1166
194 71 733 985
205 72 733 1860
213 73 733 1776
218 74 733 1502
220 75 733 1072
222 77 733 27
222 76 733 928
225 78 733 1172
226 79 733 713
228 80 733 987
230 81 733 940
232 82 733 954
233 83 733 633
233 84 733 346
234 86 733 18
234 85 733 701
242 87 733 1777
243 88 733 617
249 89 733 1662
251 90 733 1015
251 91 733 327
259 92 733 1776
264 93 733 1554
268 94 733 1474
270 95 733 943
271 96 733 607
275 97 733 1380
279 98 733 1451
283 99 733 1397
285 100 733 1050
287 101 733 1041
289 102 733 1078
300 103 733 1866
308 104 733 1754
313 105 733 1539
314 106 733 749
314 107 733 263
318 108 733 1393
318 109 733 420
318 110 733 63
318 111 733 58
321 112 733 1295
322 113 733 821
327 114 733 1587
328 115 733 810
334 116 733 1625
335 117 733 694
348 118 733 1891
349 119 733 731
351 120 733 992
352 121 733 676
354 123 733 330
354 124 733 181
354 122 733 1053
355 125 733 838
357 126 733 1134
357 127 733 306
357 128 733 301
358 129 733 559
358 130 733 465
362 131 733 1472
363 132 733 500
370 133 733 1699
375 134 733 1588
386 135 733 1871
394 136 733 1787
396 137 733 1013
397 138 733 803
398 139 733 732
410 140 733 1877
416 141 733 1679
416 142 733 383
416 143 733 197
421 144 733 1598
423 145 733 956
425 146 733 957
427 147 733 954
440 148 733 1891
441 149 733 664
444 150 733 1242
454 151 733 1837
458 152 733 1414
459 155 733 374
459 153 733 720
459 154 733 405
475 156 733 1913
476 157 733 747
482 158 733 1685
484 159 733 916
484 160 733 404
484 161 733 443
497 162 733 1887
498 163 733 834
510 164 733 1879
511 165 733 515
515 166 733 1482
520 167 733 1520
523 168 733 1158
529 169 733 1641
531 170 733 947
532 171 733 612
541 172 733 1816
544 173 733 1158
545 174 733 779
548 175 733 1237
548 176 733 292
549 177 733 855
550 178 733 657
553 179 733 1149
562 181 733 179
562 182 733 339
562 180 733 1806
567 183 733 1562
570 184 733 1242
571 185 733 553
571 186 733 58
578 187 733 1705
581 188 733 1293
584 189 733 1214
596 190 733 1883
598 191 733 1040
601 192 733 1252
610 193 733 1812
610 194 733 327
614 195 733 1433
621 196 733 1716
625 197 733 1474
625 198 733 243
627 199 733 1082
631 200 733 1398
635 201 733 1361
642 203 733 250
642 202 733 1721
648 204 733 1641
649 205 733 629
649 206 733 21
649 207 733 255
660 208 733 1866
662 209 733 1092
662 210 733 81
664 212 733 89
664 211 733 1057
665 213 733 535
667 214 733 1035
667 215 733 225
667 216 733 104
667 217 733 324
672 218 733 1517
675 219 733 1326
675 220 733 457
682 222 733 226
682 221 733 1702
693 223 733 1868
699 224 733 1683
709 225 733 1832
712 226 733 1284
712 227 733 3
713 228 733 830
716 229 733 1271
720 230 733 1445
721 231 733 743
722 232 733 612
727 233 733 1499
733 234 733 1676
733 235 733 444
733 236 733 382
733 237 733 89
743 238 733 1846
744 239 733 612
745 240 733 531
752 241 733 1727
760 242 733 1764
760 243 733 201
762 244 733 1132
763 245 733 825
765 246 733 950
766 247 733 717
767 249 733 102
767 248 733 777
770 250 733 1329
774 251 733 1392
786 252 733 1882
787 253 733 841
788 254 733 625
794 255 733 1620
796 256 733 1134
804 258 733 491
804 257 733 1777
811 259 733 1733
814 260 733 1269
814 261 733 17
818 262 733 1350
819 263 733 595
824 264 733 1571
827 265 733 1263
827 266 733 444
828 267 733 515
829 268 733 783
830 269 733 590
838 270 733 1767
838 271 733 14
838 272 733 403
840 273 733 904
841 274 733 794
842 275 733 654
853 277 733 25
853 276 733 1863
854 278 733 736
855 279 733 857
857 280 733 882
858 281 733 567
861 282 733 1150
862 283 733 728
873 284 733 1866
873 285 733 53
874 286 733 786
881 287 733 1695
883 288 733 874
883 289 733 55
886 290 733 1234
887 291 733 529
892 292 733 1522
892 293 733 112
895 294 733 1268
896 296 733 377
896 295 733 514
899 297 733 1169
900 298 733 554
908 299 733 1794
908 300 733 381
908 301 733 434
919 302 733 1859
919 303 733 186
919 304 733 259
922 305 733 1314
924 306 733 988
