6 0 1224 1607
9 1 1224 1278
9 2 1224 456
13 3 1224 1373
15 4 1224 936
17 5 1224 1007
21 6 1224 1434
22 7 1224 710
23 9 1224 230
23 8 1224 865
27 10 1224 1488
28 11 1224 540
29 12 1224 512
31 13 1224 1096
32 14 1224 538
32 15 1224 221
32 16 1224 401
37 17 1224 1595
38 19 1224 219
38 18 1224 762
40 20 1224 935
41 21 1224 862
61 22 1224 1920
66 23 1224 1552
70 24 1224 1352
73 25 1224 1294
74 30 1224 203
74 29 1224 58
74 28 1224 321
74 27 1224 417
74 26 1224 559
75 31 1224 861
76 32 1224 852
81 33 1224 1507
84 34 1224 1246
85 35 1224 676
85 36 1224 456
92 37 1224 1693
96 38 1224 1430
99 39 1224 1318
102 40 1224 1164
108 41 1224 1653
110 42 1224 975
112 43 1224 947
116 44 1224 1385
119 45 1224 1339
120 47 1224 262
120 46 1224 668
126 48 1224 1610
129 49 1224 1148
131 50 1224 1030
132 51 1224 764
137 52 1224 1517
142 53 1224 1580
149 54 1224 1746
150 55 1224 744
153 56 1224 1283
154 57 1224 828
154 58 1224 21
159 59 1224 1566
159 60 1224 447
161 61 1224 1017
161 62 1224 389
162 63 1224 806
162 64 1224 27
163 65 1224 627
169 66 1224 1612
171 67 1224 930
179 68 1224 1775
187 69 1224 1787
194 70 1224 1690
195 71 1224 633
195 72 1224 165
199 73 1224 1368
201 74 1224 979
204 75 1224 1206
213 76 1224 1811
215 77 1224 973
215 78 1224 166
215 79 1224 12
216 80 1224 626
216 81 1224 297
217 82 1224 731
219 83 1224 1097
221 84 1224 953
225 85 1224 1363
228 86 1224 1268
231 87 1224 1196
237 88 1224 1685
238 89 1224 501
241 90 1224 1318
246 91 1224 1553
252 92 1224 1671
260 93 1224 1788
262 94 1224 871
262 95 1224 147
265 96 1224 1264
265 97 1224 169
267 98 1224 919
268 99 1224 758
274 100 1224 1652
280 102 1224 412
280 101 1224 1662
287 103 1224 1748
291 104 1224 1383
291 105 1224 396
292 106 1224 598
292 107 1224 149
293 108 1224 600
294 109 1224 539
295 110 1224 858
295 111 1224 309
296 113 1224 8
296 112 1224 661
298 114 1224 939
298 115 1224 150
298 116 1224 285
301 117 1224 1216
309 118 1224 1778
310 119 1224 588
313 120 1224 1283
313 121 1224 415
316 122 1224 1169
319 123 1224 1273
319 124 1224 469
319 125 1224 137
321 126 1224 886
321 127 1224 301
321 128 1224 497
322 129 1224 832
333 130 1224 1866
339 132 1224 53
339 131 1224 1642
342 133 1224 1332
342 134 1224 285
344 135 1224 889
353 136 1224 1810
355 137 1224 908
361 138 1224 1639
362 139 1224 556
363 140 1224 765
365 141 1224 1119
366 142 1224 596
369 143 1224 1146
374 144 1224 1568
376 145 1224 1008
378 146 1224 891
384 147 1224 1663
385 148 1224 849
386 149 1224 720
394 152 1224 315
394 153 1224 331
394 150 1224 1786
394 151 1224 47
398 154 1224 1400
401 155 1224 1236
401 156 1224 493
403 157 1224 1063
406 158 1224 1279
409 159 1224 1246
413 161 1224 297
413 160 1224 1434
418 162 1224 1576
425 163 1224 1693
426 164 1224 597
428 165 1224 1140
428 166 1224 256
431 167 1224 1253
437 169 1224 50
437 170 1224 264
437 168 1224 1648
440 171 1224 1302
445 172 1224 1502
448 173 1224 1221
455 174 1224 1748
455 175 1224 164
462 176 1224 1744
462 177 1224 22
468 178 1224 1630
472 179 1224 1385
475 180 1224 1170
478 181 1224 1148
482 182 1224 1377
489 183 1224 1701
491 184 1224 970
500 185 1224 1819
503 186 1224 1326
509 187 1224 1646
520 188 1224 1857
522 190 1224 395
522 189 1224 973
523 191 1224 746
528 192 1224 1553
528 193 1224 393
530 194 1224 1047
530 195 1224 467
534 196 1224 1467
535 197 1224 827
536 199 1224 427
536 198 1224 548
537 200 1224 751
542 201 1224 1563
542 202 1224 14
543 203 1224 799
543 204 1224 456
543 205 1224 483
543 206 1224 470
545 207 1224 1018
546 208 1224 508
549 209 1224 1236
553 210 1224 1417
553 211 1224 470
557 212 1224 1357
566 213 1224 1818
566 214 1224 75
566 215 1224 286
567 216 1224 844
576 217 1224 1800
577 218 1224 723
578 219 1224 703
585 220 1224 1738
586 221 1224 535
589 222 1224 1320
590 223 1224 675
595 224 1224 1579
599 225 1224 1443
605 226 1224 1674
607 227 1224 1109
607 228 1224 174
610 229 1224 1280
611 230 1224 621
613 231 1224 917
617 232 1224 1399
620 233 1224 1203
621 234 1224 634
626 235 1224 1532
628 236 1224 1133
629 237 1224 578
632 239 1224 486
632 238 1224 1245
636 240 1224 1348
636 241 1224 308
638 242 1224 1138
639 243 1224 621
643 244 1224 1480
653 245 1224 1850
656 246 1224 1313
662 247 1224 1659
662 248 1224 317
663 249 1224 760
668 250 1224 1548
673 251 1224 1592
673 252 1224 103
681 253 1224 1769
682 254 1224 613
682 255 1224 216
682 256 1224 242
685 257 1224 1264
688 258 1224 1144
690 259 1224 938
691 260 1224 734
694 261 1224 1285
695 262 1224 844
698 263 1224 1153
699 264 1224 614
700 265 1224 499
702 266 1224 996
702 267 1224 154
705 269 1224 468
705 268 1224 1184
707 270 1224 1078
707 271 1224 266
708 272 1224 554
708 273 1224 236
711 274 1224 1279
715 275 1224 1430
718 276 1224 1321
719 277 1224 699
721 278 1224 1119
727 281 1224 14
727 279 1224 1654
727 280 1224 129
728 282 1224 792
731 283 1224 1338
737 284 1224 1657
739 285 1224 953
740 286 1224 813
745 287 1224 1554
746 289 1224 417
746 288 1224 589
749 290 1224 1289
757 291 1224 1793
761 292 1224 1358
761 293 1224 307
767 294 1224 1677
767 295 1224 63
771 296 1224 1388
787 298 1224 6
787 297 1224 1909
789 299 1224 981
790 300 1224 853
793 301 1224 1159
793 302 1224 475
801 303 1224 1774
807 304 1224 1607
810 305 1224 1281
812 306 1224 1038
