5 0 1908 1590
5 1 1908 58
8 2 1908 1239
10 3 1908 958
10 4 1908 165
12 5 1908 953
14 6 1908 1029
14 7 1908 6
14 8 1908 84
15 9 1908 670
16 10 1908 571
44 11 1908 1924
44 12 1908 26
44 13 1908 121
46 14 1908 1014
47 15 1908 838
47 16 1908 259
49 17 1908 1006
52 19 1908 288
52 18 1908 1200
53 20 1908 630
58 21 1908 1536
60 22 1908 977
63 23 1908 1307
64 24 1908 546
67 25 1908 1293
68 26 1908 537
69 27 1908 758
78 31 1908 303
78 30 1908 322
78 28 1908 1810
78 29 1908 358
80 32 1908 1013
80 33 1908 81
80 34 1908 33
84 35 1908 1430
94 36 1908 1839
94 37 1908 281
95 38 1908 849
96 39 1908 761
97 40 1908 679
97 41 1908 204
97 42 1908 471
98 43 1908 520
107 44 1908 1800
107 45 1908 473
107 46 1908 453
114 47 1908 1721
117 49 1908 266
117 48 1908 1183
118 50 1908 782
127 51 1908 1810
131 52 1908 1356
132 53 1908 591
143 54 1908 1868
143 55 1908 54
145 56 1908 1006
156 58 1908 412
156 57 1908 1856
157 59 1908 796
157 60 1908 416
157 61 1908 270
157 62 1908 120
163 63 1908 1651
163 64 1908 347
163 65 1908 268
165 66 1908 910
176 68 1908 88
176 67 1908 1870
181 69 1908 1508
183 70 1908 923
197 71 1908 1902
197 72 1908 157
197 73 1908 438
202 74 1908 1533
202 75 1908 426
204 77 1908 456
204 76 1908 1064
208 78 1908 1432
208 79 1908 73
209 80 1908 839
210 81 1908 740
215 82 1908 1500
220 83 1908 1544
225 84 1908 1500
225 85 1908 436
227 86 1908 871
227 87 1908 422
227 88 1908 138
242 89 1908 1904
242 90 1908 424
257 91 1908 1907
265 95 1908 409
265 94 1908 345
265 96 1908 83
265 92 1908 1794
265 93 1908 53
266 97 1908 745
266 98 1908 172
271 99 1908 1532
275 100 1908 1487
276 101 1908 508
282 102 1908 1633
287 103 1908 1600
290 104 1908 1267
291 105 1908 804
297 106 1908 1653
299 107 1908 918
301 108 1908 983
305 109 1908 1442
307 110 1908 914
308 111 1908 550
308 112 1908 424
308 113 1908 339
320 114 1908 1881
325 115 1908 1600
326 116 1908 694
327 117 1908 501
327 118 1908 150
337 119 1908 1836
340 120 1908 1321
340 121 1908 488
347 122 1908 1731
347 123 1908 108
349 124 1908 1083
351 128 1908 92
351 127 1908 103
351 125 1908 941
351 126 1908 108
353 129 1908 1123
353 130 1908 342
353 131 1908 319
353 132 1908 283
362 133 1908 1825
363 135 1908 331
363 134 1908 510
365 136 1908 1032
374 137 1908 1825
374 138 1908 276
375 139 1908 695
376 140 1908 708
388 141 1908 1878
392 142 1908 1364
393 143 1908 621
395 144 1908 989
404 145 1908 1799
408 146 1908 1483
412 147 1908 1454
412 148 1908 96
413 149 1908 670
419 150 1908 1639
424 151 1908 1506
425 154 1908 210
425 153 1908 261
425 152 1908 594
427 155 1908 999
428 156 1908 701
433 157 1908 1524
434 158 1908 516
434 159 1908 326
435 160 1908 696
440 161 1908 1550
441 162 1908 825
449 163 1908 1784
451 164 1908 1099
452 165 1908 594
452 166 1908 266
453 167 1908 524
461 168 1908 1753
466 169 1908 1550
467 170 1908 568
468 172 1908 225
468 171 1908 794
472 173 1908 1379
474 174 1908 1127
478 175 1908 1367
480 176 1908 1049
482 177 1908 1110
484 178 1908 1044
487 179 1908 1209
491 180 1908 1382
492 182 1908 6
492 181 1908 578
496 183 1908 1347
500 184 1908 1409
501 185 1908 760
507 186 1908 1649
507 187 1908 21
513 188 1908 1614
517 189 1908 1436
522 190 1908 1554
526 191 1908 1432
529 192 1908 1309
541 193 1908 1874
567 194 1908 1924
569 195 1908 1083
571 196 1908 1052
576 197 1908 1505
580 198 1908 1446
580 199 1908 395
585 200 1908 1532
587 201 1908 958
593 202 1908 1625
593 203 1908 471
593 204 1908 101
594 205 1908 845
597 206 1908 1281
599 207 1908 1139
601 208 1908 1058
602 209 1908 768
614 210 1908 1874
619 211 1908 1516
619 212 1908 480
622 213 1908 1232
624 214 1908 868
624 215 1908 117
629 216 1908 1543
633 218 1908 375
633 219 1908 339
633 217 1908 1403
635 220 1908 870
635 221 1908 245
636 222 1908 834
636 223 1908 317
656 224 1908 1921
658 225 1908 1060
662 227 1908 276
662 226 1908 1409
666 229 1908 44
666 230 1908 315
666 228 1908 1380
670 231 1908 1469
675 232 1908 1589
676 233 1908 648
681 234 1908 1601
681 235 1908 424
683 236 1908 878
687 237 1908 1460
690 238 1908 1245
691 239 1908 563
695 240 1908 1404
696 241 1908 509
698 242 1908 887
699 243 1908 846
703 244 1908 1486
703 245 1908 37
705 246 1908 952
705 247 1908 77
707 248 1908 1005
716 249 1908 1807
720 250 1908 1465
725 251 1908 1574
727 252 1908 1129
729 253 1908 1106
733 254 1908 1449
736 255 1908 1287
736 256 1908 123
739 257 1908 1308
739 258 1908 475
741 259 1908 965
745 260 1908 1361
747 261 1908 1004
753 262 1908 1684
755 263 1908 1014
755 264 1908 452
755 265 1908 405
765 266 1908 1851
773 267 1908 1756
778 269 1908 444
778 268 1908 1555
781 270 1908 1164
781 271 1908 82
781 272 1908 157
788 273 1908 1737
789 274 1908 860
789 275 1908 360
792 276 1908 1282
809 277 1908 1913
810 278 1908 755
822 279 1908 1883
822 280 1908 108
825 281 1908 1332
828 282 1908 1196
833 283 1908 1498
834 284 1908 504
835 286 1908 339
835 287 1908 482
835 285 1908 665
837 288 1908 1124
837 289 1908 314
837 290 1908 300
841 291 1908 1494
843 292 1908 985
843 293 1908 279
845 295 1908 399
845 294 1908 1126
846 296 1908 750
855 297 1908 1798
855 298 1908 393
857 299 1908 1081
857 300 1908 111
859 301 1908 1120
859 302 1908 446
860 303 1908 560
861 304 1908 642
865 305 1908 1382
869 306 1908 1417
