3 0 1475 1335
5 1 1475 1056
6 2 1475 721
8 3 1475 1139
11 4 1475 1313
20 5 1475 1805
22 6 1475 1087
24 7 1475 897
29 8 1475 1571
39 9 1475 1848
39 10 1475 230
43 11 1475 1390
45 12 1475 949
51 13 1475 1659
52 14 1475 759
60 15 1475 1761
60 16 1475 414
69 17 1475 1823
70 18 1475 598
75 19 1475 1532
77 20 1475 1063
83 21 1475 1610
84 22 1475 782
92 23 1475 1785
93 24 1475 515
102 25 1475 1818
111 27 1475 289
111 26 1475 1808
125 28 1475 1900
125 29 1475 93
125 30 1475 457
127 31 1475 993
128 32 1475 519
131 33 1475 1244
132 34 1475 503
134 35 1475 947
139 37 1475 182
139 36 1475 1582
149 38 1475 1831
155 39 1475 1650
158 40 1475 1257
160 41 1475 1066
165 42 1475 1584
173 43 1475 1783
173 44 1475 261
175 45 1475 986
181 46 1475 1649
183 47 1475 1041
185 48 1475 881
187 49 1475 1041
187 50 1475 180
187 51 1475 417
197 52 1475 1841
198 53 1475 575
203 54 1475 1543
209 56 1475 273
209 55 1475 1649
210 57 1475 861
211 58 1475 623
215 59 1475 1420
236 60 1475 1922
237 61 1475 797
239 62 1475 921
243 63 1475 1477
247 64 1475 1391
250 65 1475 1161
252 66 1475 870
258 67 1475 1629
261 68 1475 1155
268 69 1475 1737
268 70 1475 179
268 71 1475 231
286 72 1475 1916
288 73 1475 873
288 74 1475 275
308 76 1475 26
308 75 1475 1921
310 77 1475 924
315 78 1475 1523
319 79 1475 1453
319 80 1475 168
320 81 1475 766
323 82 1475 1333
324 83 1475 858
334 85 1475 39
334 84 1475 1837
336 86 1475 1077
347 87 1475 1869
353 88 1475 1625
354 89 1475 779
355 90 1475 673
356 91 1475 721
360 93 1475 411
360 92 1475 1484
366 98 1475 391
366 97 1475 106
366 94 1475 1652
366 95 1475 459
366 96 1475 145
368 99 1475 1025
368 100 1475 115
368 101 1475 19
377 102 1475 1811
379 103 1475 1069
380 104 1475 862
392 105 1475 1874
392 106 1475 425
394 107 1475 967
394 108 1475 299
399 109 1475 1547
405 110 1475 1622
408 111 1475 1273
411 112 1475 1262
413 113 1475 1094
416 114 1475 1251
419 115 1475 1155
423 116 1475 1389
423 117 1475 62
428 118 1475 1565
432 119 1475 1351
432 120 1475 83
434 122 1475 3
434 123 1475 375
434 121 1475 926
436 124 1475 1063
440 125 1475 1383
441 126 1475 672
446 127 1475 1505
449 128 1475 1145
456 129 1475 1740
464 130 1475 1776
474 131 1475 1845
475 133 1475 497
475 132 1475 533
478 134 1475 1338
478 135 1475 148
480 136 1475 880
480 137 1475 263
501 138 1475 1921
514 139 1475 1888
519 140 1475 1539
519 141 1475 109
524 142 1475 1569
524 143 1475 78
526 144 1475 1081
529 145 1475 1325
533 146 1475 1383
533 147 1475 389
535 148 1475 1084
535 149 1475 497
537 151 1475 82
537 150 1475 994
537 152 1475 465
539 153 1475 964
541 154 1475 941
543 155 1475 1114
543 156 1475 16
547 157 1475 1435
547 158 1475 5
551 159 1475 1404
554 160 1475 1201
555 161 1475 844
562 163 1475 484
562 162 1475 1747
569 164 1475 1696
576 165 1475 1702
577 166 1475 739
578 167 1475 765
584 168 1475 1681
586 169 1475 1102
586 170 1475 275
588 172 1475 66
588 171 1475 1125
593 173 1475 1601
600 174 1475 1737
614 175 1475 1899
617 176 1475 1281
627 177 1475 1850
630 178 1475 1219
636 179 1475 1663
664 181 1475 282
664 180 1475 1924
664 182 1475 421
665 183 1475 648
666 184 1475 745
673 185 1475 1693
677 186 1475 1380
681 187 1475 1494
685 189 1475 224
685 188 1475 1480
685 190 1475 132
689 192 1475 257
689 191 1475 1369
690 193 1475 517
691 194 1475 686
692 195 1475 695
692 196 1475 287
694 197 1475 1085
694 198 1475 306
697 199 1475 1304
698 200 1475 585
699 201 1475 618
700 202 1475 633
715 203 1475 1907
715 204 1475 222
723 205 1475 1794
723 206 1475 16
724 207 1475 788
727 208 1475 1151
729 209 1475 967
737 213 1475 267
737 211 1475 90
737 210 1475 1757
737 212 1475 216
741 214 1475 1404
743 215 1475 918
743 216 1475 423
745 217 1475 1099
751 218 1475 1663
751 219 1475 2
751 220 1475 321
754 221 1475 1170
757 222 1475 1209
761 223 1475 1457
763 224 1475 969
764 225 1475 831
765 226 1475 867
769 227 1475 1473
771 228 1475 915
773 229 1475 1042
779 231 1475 195
779 230 1475 1612
784 232 1475 1543
794 233 1475 1840
796 234 1475 1078
799 235 1475 1306
804 236 1475 1574
804 237 1475 438
804 238 1475 426
806 239 1475 876
812 240 1475 1677
813 241 1475 591
813 242 1475 342
814 243 1475 513
814 244 1475 391
814 245 1475 41
817 246 1475 1152
834 247 1475 1915
836 248 1475 1038
843 250 1475 271
843 249 1475 1692
845 251 1475 1113
849 252 1475 1347
849 253 1475 303
851 254 1475 982
854 255 1475 1339
857 256 1475 1333
859 257 1475 1101
861 258 1475 937
864 259 1475 1315
866 260 1475 926
866 261 1475 467
875 262 1475 1798
875 263 1475 109
878 264 1475 1280
883 265 1475 1562
883 266 1475 472
883 267 1475 301
885 269 1475 97
885 268 1475 1114
888 270 1475 1269
904 271 1475 1909
905 272 1475 673
906 273 1475 786
906 274 1475 250
912 275 1475 1655
913 276 1475 827
914 277 1475 695
916 278 1475 1065
918 279 1475 928
923 280 1475 1603
925 281 1475 877
925 282 1475 435
928 283 1475 1147
929 284 1475 770
930 285 1475 499
931 286 1475 773
934 287 1475 1239
935 288 1475 857
941 289 1475 1663
955 290 1475 1897
955 291 1475 473
959 292 1475 1426
961 293 1475 1035
973 294 1475 1875
976 295 1475 1209
977 296 1475 717
977 297 1475 232
980 298 1475 1158
981 299 1475 753
985 300 1475 1494
986 301 1475 851
987 302 1475 801
989 304 1475 423
989 305 1475 286
989 303 1475 940
989 306 1475 440
