2 0 969 1093
14 1 969 1874
23 2 969 1803
25 3 969 956
27 4 969 1062
27 5 969 132
27 6 969 14
34 7 969 1689
35 8 969 749
37 9 969 908
37 10 969 428
38 11 969 537
38 12 969 5
38 13 969 41
40 14 969 923
43 15 969 1336
58 16 969 1908
60 18 969 205
60 17 969 946
65 19 969 1590
71 20 969 1666
76 21 969 1511
82 22 969 1629
82 23 969 353
82 24 969 185
88 25 969 1676
88 26 969 205
89 27 969 522
92 28 969 1303
93 29 969 704
102 30 969 1810
104 31 969 980
104 32 969 169
107 33 969 1167
110 35 969 380
110 34 969 1191
115 36 969 1537
120 37 969 1517
123 38 969 1155
123 39 969 18
131 40 969 1753
134 41 969 1231
135 42 969 733
146 43 969 1862
147 44 969 657
148 46 969 346
148 45 969 500
149 47 969 794
150 48 969 654
152 49 969 905
153 50 969 548
153 51 969 491
157 53 969 316
157 52 969 1370
160 54 969 1328
165 56 969 245
165 55 969 1506
169 57 969 1450
170 58 969 771
173 59 969 1310
183 60 969 1851
187 61 969 1417
187 62 969 385
187 63 969 44
189 64 969 1023
193 66 969 368
193 65 969 1373
194 67 969 762
195 68 969 774
196 69 969 542
203 70 969 1724
203 71 969 391
210 72 969 1716
210 73 969 187
218 74 969 1762
218 75 969 434
219 76 969 778
226 77 969 1692
232 78 969 1620
238 79 969 1610
241 80 969 1330
244 81 969 1336
252 82 969 1792
252 83 969 398
252 84 969 156
255 85 969 1318
260 86 969 1534
268 87 969 1777
276 88 969 1764
282 89 969 1609
282 90 969 135
282 91 969 87
283 92 969 745
291 94 969 91
291 95 969 335
291 93 969 1769
292 96 969 845
293 97 969 689
294 98 969 839
297 99 969 1209
297 100 969 131
302 103 969 112
302 101 969 1508
302 102 969 19
304 105 969 157
304 104 969 1105
305 106 969 700
308 107 969 1183
308 108 969 479
310 109 969 894
311 110 969 728
311 111 969 477
319 112 969 1754
321 113 969 1086
336 114 969 1905
337 115 969 515
342 116 969 1550
358 117 969 1912
367 118 969 1812
373 119 969 1630
381 120 969 1763
382 121 969 515
384 122 969 923
386 124 969 406
386 123 969 1089
392 125 969 1637
397 126 969 1570
408 127 969 1871
408 128 969 95
412 129 969 1426
417 130 969 1513
417 131 969 88
418 133 969 410
418 132 969 852
422 134 969 1478
429 135 969 1746
432 136 969 1316
438 137 969 1679
441 138 969 1217
465 139 969 1923
466 141 969 351
466 140 969 617
469 142 969 1298
471 143 969 870
473 144 969 881
478 145 969 1583
478 146 969 257
483 147 969 1584
491 148 969 1788
496 149 969 1500
497 150 969 710
498 151 969 858
499 152 969 801
501 153 969 1133
505 154 969 1371
510 155 969 1541
511 156 969 585
512 157 969 854
518 158 969 1630
522 159 969 1393
523 160 969 512
524 161 969 754
526 162 969 1087
528 163 969 977
531 164 969 1305
532 165 969 640
537 166 969 1549
540 167 969 1343
545 168 969 1533
545 169 969 159
547 170 969 1123
555 171 969 1795
556 172 969 695
565 173 969 1814
567 174 969 1012
571 175 969 1411
573 176 969 1141
573 177 969 52
573 178 969 208
574 179 969 748
578 180 969 1379
594 182 969 83
594 181 969 1910
595 183 969 519
596 184 969 716
597 185 969 655
600 186 969 1211
606 187 969 1643
608 188 969 964
619 189 969 1862
622 192 969 48
622 191 969 462
622 190 969 1160
629 193 969 1748
633 194 969 1411
641 195 969 1788
644 196 969 1188
644 197 969 321
648 199 969 241
648 200 969 33
648 198 969 1489
649 201 969 838
649 202 969 51
655 203 969 1629
655 204 969 376
656 205 969 839
656 206 969 163
658 207 969 912
658 208 969 121
670 210 969 399
670 209 969 1884
671 211 969 532
672 212 969 646
674 213 969 882
674 214 969 14
675 215 969 526
676 216 969 670
677 218 969 260
677 217 969 567
678 219 969 650
682 220 969 1353
692 221 969 1830
692 222 969 379
697 223 969 1595
699 224 969 923
700 225 969 661
707 226 969 1746
709 227 969 871
709 228 969 402
712 230 969 222
712 229 969 1149
713 231 969 820
713 232 969 488
726 233 969 1892
727 234 969 715
728 235 969 540
739 237 969 378
739 238 969 142
739 236 969 1859
748 239 969 1801
748 240 969 491
748 241 969 299
753 242 969 1522
755 243 969 1004
759 244 969 1462
760 245 969 628
767 246 969 1740
769 247 969 1091
776 248 969 1734
778 249 969 885
780 250 969 1117
781 251 969 620
781 252 969 61
782 253 969 839
783 254 969 812
783 255 969 127
783 256 969 459
783 257 969 380
784 258 969 706
790 259 969 1639
792 260 969 1018
795 261 969 1216
796 262 969 510
798 263 969 896
804 264 969 1662
809 265 969 1503
809 266 969 44
810 268 969 167
810 267 969 678
814 269 969 1398
815 270 969 591
815 271 969 292
815 272 969 424
815 273 969 383
815 274 969 158
817 275 969 1054
817 276 969 307
820 279 969 294
820 277 969 1299
820 278 969 132
821 280 969 845
822 281 969 655
824 282 969 1062
828 284 969 32
828 283 969 1442
833 285 969 1526
834 286 969 759
839 287 969 1574
841 288 969 1079
842 289 969 588
842 290 969 80
846 291 969 1478
851 292 969 1597
851 293 969 428
852 294 969 783
855 295 969 1200
862 296 969 1714
863 297 969 626
866 298 969 1267
878 299 969 1884
879 300 969 583
881 301 969 1062
883 302 969 924
883 303 969 335
883 304 969 293
884 305 969 825
884 306 969 195
