0 0 1680 363
6 1 1680 1672
8 2 1680 964
10 3 1680 929
22 4 1680 1881
30 5 1680 1775
30 6 1680 491
30 7 1680 489
34 8 1680 1377
36 9 1680 1031
44 10 1680 1750
44 11 1680 186
44 12 1680 423
45 13 1680 657
58 14 1680 1888
58 15 1680 367
67 16 1680 1815
67 17 1680 205
80 19 1680 15
80 18 1680 1886
84 20 1680 1416
87 21 1680 1259
89 22 1680 964
90 23 1680 810
90 24 1680 258
100 25 1680 1836
101 27 1680 244
101 28 1680 490
101 26 1680 595
111 29 1680 1841
111 30 1680 24
116 31 1680 1522
118 32 1680 893
119 33 1680 730
122 34 1680 1304
126 35 1680 1490
128 38 1680 187
128 36 1680 942
128 37 1680 69
130 39 1680 1134
139 40 1680 1799
141 41 1680 1108
143 42 1680 1130
150 43 1680 1707
157 44 1680 1698
160 46 1680 154
160 45 1680 1255
166 47 1680 1680
166 48 1680 343
167 49 1680 763
169 50 1680 896
169 51 1680 278
169 52 1680 152
172 53 1680 1237
174 54 1680 980
176 55 1680 1028
177 56 1680 707
177 57 1680 153
178 58 1680 670
178 59 1680 45
181 60 1680 1179
181 61 1680 247
205 62 1680 1923
209 63 1680 1460
211 64 1680 1007
211 65 1680 228
214 66 1680 1218
220 67 1680 1617
223 68 1680 1278
223 69 1680 398
227 70 1680 1350
234 72 1680 18
234 71 1680 1745
235 75 1680 307
235 76 1680 128
235 73 1680 752
235 74 1680 140
238 77 1680 1181
240 78 1680 1037
242 79 1680 928
248 80 1680 1682
249 81 1680 840
258 82 1680 1825
264 83 1680 1652
266 84 1680 945
272 85 1680 1671
276 86 1680 1369
281 87 1680 1580
287 88 1680 1675
287 89 1680 275
288 90 1680 782
289 91 1680 788
292 92 1680 1324
292 93 1680 141
304 94 1680 1879
309 95 1680 1552
311 96 1680 1109
316 97 1680 1595
317 98 1680 699
321 99 1680 1470
321 100 1680 36
321 101 1680 461
321 102 1680 402
332 103 1680 1870
335 104 1680 1337
337 105 1680 1075
337 106 1680 259
340 107 1680 1324
342 108 1680 1096
343 109 1680 672
345 110 1680 900
349 111 1680 1450
351 112 1680 1041
357 117 1680 271
357 116 1680 346
357 113 1680 1667
357 114 1680 288
357 115 1680 338
358 118 1680 515
361 119 1680 1261
362 120 1680 783
367 121 1680 1562
378 122 1680 1867
380 123 1680 1002
385 124 1680 1540
386 125 1680 561
386 126 1680 421
395 127 1680 1801
396 128 1680 798
397 129 1680 513
399 130 1680 1123
399 131 1680 458
399 132 1680 482
403 133 1680 1491
405 134 1680 891
408 135 1680 1220
408 136 1680 438
420 137 1680 1880
420 138 1680 315
428 139 1680 1794
432 140 1680 1411
432 141 1680 44
432 142 1680 483
434 143 1680 1002
437 144 1680 1300
440 145 1680 1256
446 146 1680 1672
451 147 1680 1581
459 148 1680 1778
464 149 1680 1540
467 150 1680 1205
468 151 1680 838
470 152 1680 1079
474 153 1680 1363
475 154 1680 686
475 155 1680 399
476 156 1680 518
479 157 1680 1324
479 158 1680 329
480 159 1680 775
481 160 1680 654
481 161 1680 383
482 162 1680 526
483 163 1680 583
487 164 1680 1474
487 165 1680 441
489 166 1680 968
493 167 1680 1474
494 168 1680 775
496 169 1680 992
505 170 1680 1825
505 171 1680 390
517 172 1680 1880
518 173 1680 646
526 174 1680 1775
527 175 1680 739
529 176 1680 1078
530 177 1680 865
536 178 1680 1627
536 179 1680 283
537 180 1680 814
538 182 1680 22
538 181 1680 764
541 183 1680 1182
544 184 1680 1232
544 185 1680 284
547 186 1680 1304
549 187 1680 1043
550 188 1680 805
550 189 1680 492
551 190 1680 701
553 191 1680 1039
558 192 1680 1551
562 193 1680 1464
564 194 1680 1139
566 195 1680 1027
570 196 1680 1443
579 197 1680 1825
583 198 1680 1452
584 201 1680 197
584 200 1680 288
584 199 1680 858
585 202 1680 806
586 203 1680 785
592 204 1680 1640
593 205 1680 814
595 206 1680 882
595 207 1680 432
600 208 1680 1513
611 209 1680 1872
614 210 1680 1245
619 211 1680 1578
625 212 1680 1621
625 213 1680 45
637 214 1680 1885
646 215 1680 1814
646 216 1680 360
649 217 1680 1269
652 218 1680 1275
655 219 1680 1189
657 220 1680 1062
667 221 1680 1850
668 222 1680 669
668 223 1680 282
668 224 1680 291
669 225 1680 786
670 226 1680 764
670 227 1680 416
674 228 1680 1431
675 229 1680 747
678 230 1680 1220
681 231 1680 1178
684 232 1680 1338
685 233 1680 769
705 234 1680 1920
706 235 1680 617
718 236 1680 1883
721 237 1680 1161
725 239 1680 417
725 238 1680 1467
728 240 1680 1327
730 241 1680 871
734 242 1680 1454
735 243 1680 858
738 244 1680 1171
740 245 1680 1048
743 246 1680 1342
748 247 1680 1505
753 248 1680 1503
756 249 1680 1250
757 250 1680 666
757 251 1680 173
758 252 1680 549
758 253 1680 262
765 254 1680 1721
765 255 1680 363
769 256 1680 1453
770 258 1680 494
770 257 1680 523
771 259 1680 853
771 260 1680 50
771 261 1680 466
773 262 1680 925
774 263 1680 766
775 264 1680 651
775 265 1680 67
775 266 1680 239
776 268 1680 49
776 267 1680 852
779 269 1680 1268
790 270 1680 1855
792 271 1680 1124
799 272 1680 1726
800 273 1680 857
808 274 1680 1787
808 275 1680 190
808 276 1680 395
815 277 1680 1736
817 278 1680 1036
820 279 1680 1168
824 280 1680 1368
827 281 1680 1183
828 282 1680 838
828 283 1680 181
828 284 1680 80
830 285 1680 1047
831 286 1680 628
833 287 1680 1075
835 288 1680 973
840 289 1680 1557
842 290 1680 1089
846 291 1680 1359
847 292 1680 667
848 293 1680 613
848 294 1680 367
849 295 1680 861
860 296 1680 1870
861 297 1680 688
861 298 1680 206
863 299 1680 1104
864 300 1680 808
864 301 1680 490
868 302 1680 1455
868 303 1680 234
871 304 1680 1319
875 305 1680 1467
875 306 1680 371
