0 0 651 415
0 1 651 358
2 2 651 1124
9 3 651 1719
12 4 651 1156
16 5 651 1490
16 6 651 483
21 7 651 1539
21 8 651 405
23 9 651 907
27 10 651 1376
30 11 651 1197
30 12 651 65
30 13 651 111
32 14 651 957
32 15 651 1
42 16 651 1851
45 17 651 1331
50 19 651 29
50 18 651 1504
55 20 651 1594
59 21 651 1481
62 22 651 1315
65 23 651 1158
66 24 651 717
66 25 651 449
72 26 651 1650
76 27 651 1390
83 28 651 1734
92 29 651 1801
95 30 651 1283
103 31 651 1788
107 32 651 1402
109 33 651 1080
109 34 651 278
111 35 651 888
114 36 651 1260
117 37 651 1210
139 38 651 1922
142 39 651 1185
144 40 651 1126
149 41 651 1602
149 42 651 398
151 43 651 1044
159 44 651 1752
162 45 651 1251
163 46 651 843
164 47 651 743
169 48 651 1571
176 49 651 1697
184 50 651 1790
189 51 651 1553
191 52 651 1130
196 53 651 1499
198 54 651 1045
199 55 651 858
201 56 651 967
214 57 651 1890
216 58 651 1002
217 59 651 706
225 60 651 1765
227 61 651 1018
234 62 651 1730
235 63 651 528
240 64 651 1549
245 65 651 1513
252 66 651 1719
254 67 651 909
262 68 651 1758
262 69 651 69
263 70 651 665
264 71 651 640
267 72 651 1334
267 73 651 319
268 74 651 827
286 75 651 1916
288 77 651 271
288 76 651 1083
291 78 651 1331
295 79 651 1390
300 80 651 1531
302 81 651 906
309 82 651 1743
309 83 651 36
309 84 651 11
315 85 651 1654
316 86 651 658
325 87 651 1827
325 88 651 35
328 89 651 1344
338 90 651 1845
341 91 651 1294
341 92 651 207
344 93 651 1215
347 94 651 1344
347 95 651 107
356 96 651 1797
365 97 651 1795
369 98 651 1420
369 99 651 239
373 100 651 1456
384 101 651 1858
386 102 651 910
391 103 651 1501
393 104 651 1031
396 106 651 219
396 105 651 1150
397 107 651 810
398 108 651 672
400 109 651 1053
407 110 651 1700
408 111 651 696
409 112 651 559
414 113 651 1537
416 114 651 1100
417 115 651 859
420 116 651 1199
427 117 651 1693
428 118 651 516
437 119 651 1819
438 120 651 855
447 121 651 1817
449 123 651 413
449 124 651 148
449 122 651 874
452 125 651 1295
452 126 651 432
452 127 651 118
454 128 651 899
455 129 651 719
455 130 651 119
458 131 651 1212
459 132 651 775
461 133 651 1091
472 134 651 1858
477 135 651 1597
497 136 651 1920
497 137 651 242
499 138 651 929
500 139 651 785
504 140 651 1434
512 141 651 1772
515 142 651 1155
517 143 651 906
522 144 651 1569
525 145 651 1149
526 146 651 734
527 147 651 595
527 148 651 115
527 149 651 485
528 150 651 833
528 151 651 104
531 152 651 1278
536 153 651 1525
539 154 651 1309
544 155 651 1564
546 156 651 984
546 157 651 497
550 158 651 1353
556 159 651 1660
557 160 651 717
557 161 651 101
567 162 651 1835
579 163 651 1877
581 164 651 934
581 165 651 488
591 166 651 1845
595 167 651 1393
600 168 651 1603
604 169 651 1427
605 170 651 863
607 171 651 957
608 172 651 763
614 173 651 1656
614 174 651 385
616 175 651 1007
617 176 651 662
630 177 651 1892
631 178 651 768
633 179 651 923
634 180 651 560
642 183 651 414
642 181 651 1761
642 182 651 3
651 184 651 1811
651 185 651 15
662 186 651 1858
665 187 651 1174
672 189 651 294
672 188 651 1707
673 190 651 613
677 191 651 1423
678 192 651 813
681 193 651 1194
681 194 651 67
684 195 651 1333
695 196 651 1862
698 197 651 1202
712 198 651 1896
714 199 651 1081
717 200 651 1228
720 201 651 1266
722 202 651 916
723 203 651 612
728 204 651 1547
737 205 651 1800
740 206 651 1265
745 207 651 1547
747 208 651 1140
747 209 651 301
749 210 651 902
751 211 651 1016
757 212 651 1653
757 213 651 429
759 214 651 1099
761 215 651 881
761 216 651 98
765 217 651 1421
765 218 651 66
767 219 651 919
768 220 651 554
769 221 651 671
775 222 651 1611
778 223 651 1309
779 224 651 814
783 225 651 1365
783 226 651 143
787 227 651 1494
792 228 651 1588
794 229 651 977
796 230 651 1070
800 231 651 1385
820 232 651 1920
826 233 651 1612
832 234 651 1620
835 235 651 1219
836 236 651 844
839 237 651 1315
840 239 651 10
840 238 651 792
841 240 651 674
841 241 651 310
841 242 651 34
845 243 651 1405
848 244 651 1316
853 245 651 1522
860 247 651 384
860 246 651 1694
860 248 651 94
862 249 651 1111
865 250 651 1234
865 251 651 441
867 252 651 1135
869 253 651 977
870 254 651 526
871 255 651 557
876 256 651 1580
881 257 651 1532
888 259 651 182
888 258 651 1723
894 260 651 1657
901 261 651 1696
913 262 651 1884
913 263 651 162
916 264 651 1156
920 265 651 1442
922 266 651 1020
922 267 651 40
923 268 651 734
932 269 651 1805
932 270 651 36
933 271 651 707
934 272 651 628
934 273 651 56
934 274 651 244
934 275 651 244
935 277 651 205
935 276 651 636
953 278 651 1917
956 279 651 1216
961 280 651 1595
967 281 651 1684
971 282 651 1399
971 283 651 476
977 284 651 1667
978 285 651 629
978 286 651 249
980 287 651 943
982 288 651 1086
984 289 651 1062
989 290 651 1564
992 291 651 1237
997 292 651 1516
998 293 651 610
998 294 651 278
1000 295 651 902
1000 296 651 350
1009 298 651 249
1009 297 651 1796
1018 299 651 1799
1019 300 651 501
1025 301 651 1654
1030 302 651 1575
1030 303 651 214
1032 304 651 1075
1033 305 651 526
1040 306 651 1737
