6 0 1219 1607
9 1 1219 1278
9 2 1219 456
13 3 1219 1373
15 4 1219 936
17 5 1219 1007
21 6 1219 1434
22 7 1219 710
23 9 1219 230
23 8 1219 865
27 10 1219 1488
28 11 1219 540
29 12 1219 512
31 13 1219 1096
32 14 1219 538
32 15 1219 221
32 16 1219 401
37 17 1219 1595
38 19 1219 219
38 18 1219 762
40 20 1219 935
41 21 1219 862
61 22 1219 1920
66 23 1219 1552
70 24 1219 1352
73 25 1219 1294
74 30 1219 203
74 29 1219 58
74 28 1219 321
74 27 1219 417
74 26 1219 559
75 31 1219 861
76 32 1219 852
81 33 1219 1507
84 34 1219 1246
85 35 1219 676
85 36 1219 456
92 37 1219 1693
96 38 1219 1430
99 39 1219 1318
102 40 1219 1164
108 41 1219 1653
110 42 1219 975
112 43 1219 947
116 44 1219 1385
119 45 1219 1339
120 47 1219 262
120 46 1219 668
126 48 1219 1610
129 49 1219 1148
131 50 1219 1030
132 51 1219 764
137 52 1219 1517
142 53 1219 1580
149 54 1219 1746
150 55 1219 744
153 56 1219 1283
154 57 1219 828
154 58 1219 21
159 59 1219 1566
159 60 1219 447
161 61 1219 1017
161 62 1219 389
162 63 1219 806
162 64 1219 27
163 65 1219 627
169 66 1219 1612
171 67 1219 930
179 68 1219 1775
187 69 1219 1787
194 70 1219 1690
195 71 1219 633
195 72 1219 165
199 73 1219 1368
201 74 1219 979
204 75 1219 1206
213 76 1219 1811
215 77 1219 973
215 78 1219 166
215 79 1219 12
216 80 1219 626
216 81 1219 297
217 82 1219 731
219 83 1219 1097
221 84 1219 953
225 85 1219 1363
228 86 1219 1268
231 87 1219 1196
237 88 1219 1685
238 89 1219 501
241 90 1219 1318
246 91 1219 1553
252 92 1219 1671
260 93 1219 1788
262 94 1219 871
262 95 1219 147
265 96 1219 1264
265 97 1219 169
267 98 1219 919
268 99 1219 758
274 100 1219 1652
280 102 1219 412
280 101 1219 1662
287 103 1219 1748
291 104 1219 1383
291 105 1219 396
292 106 1219 598
292 107 1219 149
293 108 1219 600
294 109 1219 539
295 110 1219 858
295 111 1219 309
296 113 1219 8
296 112 1219 661
298 114 1219 939
298 115 1219 150
298 116 1219 285
301 117 1219 1216
309 118 1219 1778
310 119 1219 588
313 120 1219 1283
313 121 1219 415
316 122 1219 1169
319 123 1219 1273
319 124 1219 469
319 125 1219 137
321 126 1219 886
321 127 1219 301
321 128 1219 497
322 129 1219 832
333 130 1219 1866
339 132 1219 53
339 131 1219 1642
342 133 1219 1332
342 134 1219 285
344 135 1219 889
353 136 1219 1810
355 137 1219 908
361 138 1219 1639
362 139 1219 556
363 140 1219 765
365 141 1219 1119
366 142 1219 596
369 143 1219 1146
374 144 1219 1568
376 145 1219 1008
378 146 1219 891
384 147 1219 1663
385 148 1219 849
386 149 1219 720
394 152 1219 315
394 153 1219 331
394 150 1219 1786
394 151 1219 47
398 154 1219 1400
401 155 1219 1236
401 156 1219 493
403 157 1219 1063
406 158 1219 1279
409 159 1219 1246
413 161 1219 297
413 160 1219 1434
418 162 1219 1576
425 163 1219 1693
426 164 1219 597
428 165 1219 1140
428 166 1219 256
431 167 1219 1253
437 169 1219 50
437 170 1219 264
437 168 1219 1648
440 171 1219 1302
445 172 1219 1502
448 173 1219 1221
455 174 1219 1748
455 175 1219 164
462 176 1219 1744
462 177 1219 22
468 178 1219 1630
472 179 1219 1385
475 180 1219 1170
478 181 1219 1148
482 182 1219 1377
489 183 1219 1701
491 184 1219 970
500 185 1219 1819
503 186 1219 1326
509 187 1219 1646
520 188 1219 1857
522 190 1219 395
522 189 1219 973
523 191 1219 746
528 192 1219 1553
528 193 1219 393
530 194 1219 1047
530 195 1219 467
534 196 1219 1467
535 197 1219 827
536 199 1219 427
536 198 1219 548
537 200 1219 751
542 201 1219 1563
542 202 1219 14
543 203 1219 799
543 204 1219 456
543 205 1219 483
543 206 1219 470
545 207 1219 1018
546 208 1219 508
549 209 1219 1236
553 210 1219 1417
553 211 1219 470
557 212 1219 1357
566 213 1219 1818
566 214 1219 75
566 215 1219 286
567 216 1219 844
576 217 1219 1800
577 218 1219 723
578 219 1219 703
585 220 1219 1738
586 221 1219 535
589 222 1219 1320
590 223 1219 675
595 224 1219 1579
599 225 1219 1443
605 226 1219 1674
607 227 1219 1109
607 228 1219 174
610 229 1219 1280
611 230 1219 621
613 231 1219 917
617 232 1219 1399
620 233 1219 1203
621 234 1219 634
626 235 1219 1532
628 236 1219 1133
629 237 1219 578
632 239 1219 486
632 238 1219 1245
636 240 1219 1348
636 241 1219 308
638 242 1219 1138
639 243 1219 621
643 244 1219 1480
653 245 1219 1850
656 246 1219 1313
662 247 1219 1659
662 248 1219 317
663 249 1219 760
668 250 1219 1548
673 251 1219 1592
673 252 1219 103
681 253 1219 1769
682 254 1219 613
682 255 1219 216
682 256 1219 242
685 257 1219 1264
688 258 1219 1144
690 259 1219 938
691 260 1219 734
694 261 1219 1285
695 262 1219 844
698 263 1219 1153
699 264 1219 614
700 265 1219 499
702 266 1219 996
702 267 1219 154
705 269 1219 468
705 268 1219 1184
707 270 1219 1078
707 271 1219 266
708 272 1219 554
708 273 1219 236
711 274 1219 1279
715 275 1219 1430
718 276 1219 1321
719 277 1219 699
721 278 1219 1119
727 281 1219 14
727 279 1219 1654
727 280 1219 129
728 282 1219 792
731 283 1219 1338
737 284 1219 1657
739 285 1219 953
740 286 1219 813
745 287 1219 1554
746 289 1219 417
746 288 1219 589
749 290 1219 1289
757 291 1219 1793
761 292 1219 1358
761 293 1219 307
767 294 1219 1677
767 295 1219 63
771 296 1219 1388
787 298 1219 6
787 297 1219 1909
789 299 1219 981
790 300 1219 853
793 301 1219 1159
793 302 1219 475
801 303 1219 1774
807 304 1219 1607
810 305 1219 1281
812 306 1219 1038
