1 0 605 522
1 1 605 391
2 2 605 759
5 3 605 1209
6 4 605 748
8 5 605 999
9 6 605 795
9 7 605 223
13 8 605 1396
14 9 605 534
15 10 605 791
17 11 605 1008
17 12 605 196
18 13 605 674
18 14 605 386
26 15 605 1786
26 16 605 274
26 17 605 215
31 18 605 1599
36 19 605 1558
37 20 605 665
37 21 605 54
38 22 605 504
40 23 605 1007
43 24 605 1328
43 25 605 243
43 26 605 274
43 27 605 355
48 29 605 292
48 28 605 1527
49 30 605 820
49 31 605 418
56 32 605 1726
61 33 605 1595
61 34 605 161
65 35 605 1420
66 36 605 702
67 37 605 665
68 38 605 639
72 39 605 1395
79 40 605 1744
81 41 605 1058
87 42 605 1623
87 43 605 400
88 44 605 850
91 45 605 1271
92 46 605 681
95 48 605 322
95 47 605 1306
97 49 605 915
98 50 605 513
101 51 605 1310
102 52 605 713
104 53 605 1102
108 54 605 1382
108 55 605 468
117 56 605 1812
123 57 605 1677
132 58 605 1806
133 59 605 504
134 60 605 724
134 61 605 439
135 62 605 620
137 63 605 1103
143 64 605 1638
143 65 605 373
146 66 605 1207
147 67 605 525
148 68 605 512
150 69 605 891
152 70 605 1084
157 71 605 1534
162 72 605 1500
162 73 605 203
169 74 605 1739
174 79 605 56
174 78 605 156
174 75 605 1531
174 76 605 355
174 77 605 104
178 80 605 1487
180 81 605 893
180 82 605 33
181 83 605 612
188 84 605 1703
192 85 605 1434
198 86 605 1630
199 87 605 623
199 88 605 213
205 89 605 1618
210 90 605 1532
212 91 605 950
213 92 605 784
213 93 605 135
214 94 605 670
217 96 605 437
217 95 605 1305
218 97 605 519
219 98 605 686
219 99 605 477
219 100 605 64
219 101 605 155
220 102 605 794
224 103 605 1356
232 104 605 1755
234 105 605 904
241 106 605 1734
242 107 605 509
245 108 605 1288
253 109 605 1775
253 110 605 112
260 111 605 1708
265 112 605 1520
272 113 605 1749
274 114 605 942
282 115 605 1756
282 116 605 406
282 117 605 7
285 118 605 1324
285 119 605 203
286 120 605 667
287 121 605 583
287 122 605 312
288 123 605 818
291 124 605 1283
291 125 605 133
292 126 605 749
296 127 605 1365
300 128 605 1458
300 129 605 433
302 130 605 1093
310 131 605 1761
313 132 605 1342
318 133 605 1604
336 134 605 1917
339 135 605 1331
339 136 605 98
340 137 605 601
341 138 605 781
342 139 605 799
348 140 605 1624
350 141 605 1121
353 143 605 362
353 142 605 1259
358 144 605 1506
365 145 605 1749
369 146 605 1354
371 147 605 959
373 148 605 1117
374 149 605 839
376 150 605 899
376 151 605 429
378 153 605 482
378 152 605 1119
385 154 605 1734
389 155 605 1406
397 156 605 1767
411 157 605 1901
411 158 605 72
417 160 605 154
417 161 605 369
417 159 605 1621
419 162 605 976
420 163 605 855
421 164 605 681
421 165 605 275
421 166 605 365
431 167 605 1841
439 168 605 1757
444 169 605 1535
450 170 605 1658
457 171 605 1729
460 172 605 1151
461 173 605 525
462 174 605 504
466 175 605 1471
469 176 605 1248
481 177 605 1875
484 178 605 1237
488 179 605 1459
489 180 605 704
496 182 605 248
496 181 605 1715
497 183 605 618
501 184 605 1459
502 185 605 664
503 186 605 641
504 187 605 860
512 188 605 1794
513 189 605 511
517 191 605 122
517 190 605 1488
518 192 605 529
520 193 605 1084
521 194 605 645
524 195 605 1255
524 196 605 145
524 197 605 404
529 198 605 1605
532 199 605 1230
536 200 605 1384
540 201 605 1438
542 202 605 1127
547 203 605 1507
549 204 605 1105
551 205 605 1095
554 206 605 1203
555 207 605 594
569 209 605 263
569 210 605 157
569 208 605 1903
578 211 605 1817
579 212 605 663
580 213 605 538
582 214 605 917
582 215 605 364
582 216 605 121
582 217 605 357
585 219 605 17
585 218 605 1321
590 220 605 1558
594 221 605 1430
594 222 605 46
597 223 605 1245
597 224 605 46
602 225 605 1535
605 227 605 66
605 226 605 1200
614 228 605 1805
617 229 605 1173
620 230 605 1325
621 231 605 843
621 232 605 269
621 233 605 6
621 234 605 74
624 235 605 1190
625 236 605 587
626 237 605 665
630 239 605 364
630 238 605 1438
634 240 605 1385
634 241 605 47
636 242 605 882
641 243 605 1530
641 244 605 353
646 245 605 1596
650 246 605 1383
667 249 605 281
667 248 605 167
667 247 605 1915
669 250 605 1134
676 251 605 1713
678 252 605 1008
683 253 605 1587
688 254 605 1596
700 255 605 1879
704 256 605 1392
713 257 605 1806
717 258 605 1460
721 259 605 1494
730 260 605 1820
732 261 605 1137
733 262 605 714
734 263 605 729
735 264 605 862
738 265 605 1238
743 266 605 1547
744 268 605 463
744 267 605 657
750 269 605 1651
757 270 605 1701
761 271 605 1380
762 272 605 844
764 273 605 956
765 274 605 557
770 275 605 1511
771 277 605 440
771 276 605 547
773 278 605 892
773 279 605 375
773 280 605 152
776 281 605 1209
785 282 605 1824
790 284 605 39
790 283 605 1524
795 285 605 1537
803 286 605 1760
804 287 605 607
804 288 605 335
804 289 605 120
811 290 605 1723
812 291 605 706
814 292 605 1130
825 294 605 469
825 295 605 247
825 293 605 1868
828 296 605 1258
828 297 605 152
829 298 605 668
831 299 605 1039
831 300 605 48
832 301 605 726
836 303 605 440
836 302 605 1451
837 304 605 505
843 305 605 1679
845 306 605 868
