0 372 54 1248
5 0 54 1526
5 1 54 289
11 2 54 1630
11 374 54 9
11 373 54 1857
15 3 54 1474
17 375 54 1622
18 376 54 724
19 4 54 1493
19 5 54 490
21 377 54 1323
23 6 54 1451
24 380 54 371
24 379 54 55
24 378 54 1184
27 7 54 1347
32 8 54 1593
33 9 54 866
34 10 54 619
34 11 54 452
40 381 54 1912
44 382 54 1477
44 12 54 1831
45 13 54 524
48 383 54 1363
48 14 54 1266
49 15 54 769
52 16 54 1259
55 384 54 1718
56 17 54 1450
58 385 54 1290
63 387 54 397
63 386 54 1561
64 18 54 1794
66 19 54 1074
68 388 54 1532
70 389 54 945
70 390 54 161
73 20 54 1701
74 391 54 1372
75 21 54 934
77 22 54 1000
77 23 54 96
82 392 54 1764
83 393 54 640
84 394 54 645
84 395 54 322
85 396 54 595
86 24 54 1798
86 397 54 826
87 398 54 851
90 399 54 1301
90 25 54 1446
92 26 54 1038
93 400 54 1238
95 27 54 1193
97 401 54 1417
98 28 54 1219
99 402 54 986
101 403 54 1135
104 404 54 1290
104 405 54 54
105 406 54 719
105 29 54 1699
109 407 54 1467
109 31 54 54
109 30 54 1412
110 32 54 750
115 408 54 1642
117 409 54 912
117 410 54 419
118 411 54 605
119 412 54 635
120 414 54 376
120 413 54 536
121 415 54 702
124 33 54 1897
124 416 54 1331
126 417 54 1105
129 418 54 1173
130 419 54 743
132 420 54 1089
133 34 54 1828
135 421 54 1212
139 35 54 1632
140 422 54 1537
141 36 54 909
142 37 54 512
142 423 54 1010
142 424 54 73
142 38 54 64
142 39 54 424
142 40 54 36
142 41 54 236
144 42 54 1019
148 44 54 399
148 43 54 1369
151 426 54 153
151 425 54 1812
152 45 54 1391
152 427 54 608
153 46 54 741
155 428 54 1212
160 47 54 1748
160 48 54 86
161 429 54 1611
161 49 54 839
163 430 54 1026
164 50 54 1260
167 51 54 1271
169 52 54 974
170 53 54 798
172 432 54 472
172 431 54 1822
173 54 54 1255
174 55 54 592
177 56 54 1214
181 433 54 1807
182 434 54 741
182 57 54 1534
184 435 54 878
186 438 54 72
186 437 54 342
186 436 54 926
187 59 54 46
187 58 54 1600
191 60 54 1376
191 62 54 127
191 61 54 258
192 439 54 1663
193 441 54 93
193 440 54 571
194 442 54 680
195 443 54 620
196 444 54 525
200 445 54 1480
200 63 54 1819
201 446 54 736
204 447 54 1228
204 448 54 263
204 64 54 1379
205 65 54 564
211 66 54 1627
215 449 54 1868
217 450 54 916
221 451 54 1414
222 67 54 1858
223 68 54 621
226 453 54 108
226 454 54 211
226 455 54 26
226 452 54 1577
228 69 54 1558
235 456 54 1805
236 70 54 1784
237 71 54 747
241 72 54 1385
245 73 54 1370
247 74 54 1038
249 457 54 1900
251 458 54 1061
251 75 54 1464
255 459 54 1402
261 76 54 1839
264 460 54 1826
264 461 54 110
264 462 54 255
264 463 54 30
266 77 54 1556
272 78 54 1622
272 79 54 407
273 80 54 705
273 464 54 1810
274 465 54 522
274 466 54 133
275 467 54 753
276 81 54 1214
278 82 54 1107
278 83 54 380
278 84 54 438
278 85 54 141
280 86 54 1005
282 468 54 1719
286 469 54 1422
292 87 54 1876
293 88 54 641
293 470 54 1701
295 471 54 988
296 90 54 418
296 89 54 1236
297 472 54 1033
299 91 54 1300
300 92 54 836
300 93 54 17
301 473 54 1435
301 474 54 172
302 94 54 972
303 475 54 996
304 476 54 532
306 477 54 916
306 478 54 485
307 479 54 517
309 95 54 1703
309 96 54 109
309 480 54 1076
310 481 54 849
310 482 54 344
311 97 54 1125
313 483 54 1268
314 484 54 695
319 487 54 363
319 485 54 1536
319 486 54 244
324 488 54 1596
325 489 54 715
327 490 54 998
328 98 54 1914
329 491 54 950
332 492 54 1206
333 493 54 594
336 99 54 1759
341 494 54 1761
341 495 54 460
342 100 54 1688
343 101 54 807
345 102 54 1127
345 103 54 452
347 104 54 979
348 105 54 513
349 496 54 1762
350 497 54 649
351 499 54 2
351 498 54 734
355 500 54 1347
357 106 54 1810
362 107 54 1529
368 108 54 1685
370 501 54 1908
374 502 54 1433
375 503 54 766
375 504 54 166
375 109 54 1715
376 110 54 677
381 111 54 1582
385 507 54 142
385 505 54 1852
385 506 54 381
391 112 54 1837
394 113 54 1193
396 508 54 1860
397 115 54 161
397 114 54 1266
398 509 54 1140
399 116 54 1076
402 510 54 1418
404 511 54 888
405 117 54 1671
408 512 54 1415
409 514 54 326
409 513 54 543
409 118 54 1381
411 515 54 976
412 119 54 1237
416 120 54 1484
418 516 54 1691
420 517 54 911
422 121 54 1676
423 518 54 1260
423 519 54 273
423 520 54 278
425 122 54 1217
428 123 54 1309
430 125 54 484
430 124 54 1139
430 521 54 1694
432 522 54 1081
434 524 54 424
434 523 54 1004
435 525 54 750
440 126 54 1836
442 527 54 438
442 526 54 1707
444 127 54 1368
444 128 54 397
447 129 54 1259
447 528 54 1598
451 130 54 1355
452 131 54 714
453 529 54 1636
456 530 54 1158
457 132 54 1566
465 533 54 482
465 532 54 182
465 531 54 1807
465 133 54 1787
466 134 54 643
467 534 54 1095
469 535 54 1093
472 536 54 1341
475 135 54 1822
475 136 54 87
476 137 54 654
477 537 54 1503
479 538 54 1102
479 138 54 1326
480 539 54 767
483 540 54 1155
483 541 54 101
483 542 54 427
483 543 54 456
486 544 54 1221
486 545 54 109
489 140 54 255
489 139 54 1849
490 546 54 1460
491 548 54 268
491 547 54 663
492 549 54 785
493 550 54 693
493 141 54 1401
493 142 54 191
494 143 54 850
494 551 54 850
495 144 54 558
496 145 54 761
497 553 54 460
497 552 54 1314
500 146 54 1387
503 554 54 1649
505 147 54 1567
506 148 54 676
507 149 54 810
508 555 54 1578
508 150 54 627
508 151 54 362
509 558 54 341
509 556 54 826
509 557 54 429
512 559 54 1341
512 560 54 145
514 152 54 1669
515 153 54 676
515 154 54 274
515 155 54 12
520 156 54 1515
523 562 54 468
523 561 54 1868
523 563 54 224
527 157 54 1743
530 158 54 1238
530 159 54 494
531 161 54 442
531 160 54 601
533 164 54 360
533 163 54 425
533 162 54 1131
538 564 54 1906
543 565 54 1536
544 566 54 706
546 567 54 933
546 167 54 49
546 166 54 15
546 165 54 1888
547 168 54 549
550 568 54 1372
551 172 54 345
551 171 54 421
551 170 54 74
551 169 54 1368
553 569 54 1157
555 173 54 1456
557 175 54 83
557 174 54 982
558 570 54 1560
558 571 54 188
561 177 54 366
561 176 54 1484
562 179 54 378
562 178 54 750
564 180 54 1022
564 181 54 268
565 572 54 1734
565 182 54 691
565 573 54 492
567 574 54 1043
567 575 54 176
570 183 54 1511
570 576 54 1266
571 184 54 632
571 577 54 625
573 185 54 993
575 186 54 970
577 187 54 889
578 578 54 1707
578 579 54 315
581 580 54 1215
582 188 54 1512
583 191 54 268
583 190 54 307
583 189 54 631
583 582 54 169
583 581 54 1044
584 583 54 813
586 585 54 307
586 586 54 492
586 192 54 1341
586 584 54 943
587 193 54 832
590 194 54 1247
592 587 54 1646
593 588 54 757
597 195 54 1738
597 590 54 266
597 589 54 1441
597 196 54 269
599 591 54 911
602 592 54 1161
604 198 54 490
604 197 54 1690
605 199 54 595
606 200 54 745
608 593 54 1685
609 594 54 622
609 201 54 1337
611 202 54 1018
612 595 54 1211
614 203 54 1232
615 205 54 205
615 204 54 735
615 207 54 212
615 206 54 16
617 596 54 1557
617 598 54 474
617 597 54 203
621 210 54 452
621 209 54 191
621 208 54 1619
623 599 54 1610
624 211 54 1148
626 212 54 992
626 600 54 1327
627 601 54 526
627 213 54 859
630 602 54 1215
631 214 54 1397
631 215 54 333
632 603 54 1035
635 604 54 1149
636 605 54 505
637 216 54 1675
638 606 54 1041
639 607 54 822
642 608 54 1342
642 217 54 1544
646 610 54 311
646 609 54 1473
646 611 54 201
647 613 54 26
647 612 54 647
649 218 54 1717
652 219 54 1291
654 220 54 918
656 221 54 1051
656 222 54 462
666 223 54 1842
668 224 54 1061
675 225 54 1730
677 226 54 1005
681 227 54 1438
681 228 54 208
684 229 54 1169
691 230 54 1738
698 231 54 1719
707 233 54 155
707 232 54 1801
712 234 54 1558
718 235 54 1609
721 236 54 1175
725 237 54 1383
726 238 54 775
726 239 54 427
728 240 54 976
729 241 54 757
732 242 54 1195
735 243 54 1320
735 244 54 179
737 245 54 1084
740 246 54 1201
740 247 54 482
744 248 54 1359
746 250 54 62
746 249 54 914
747 251 54 650
761 252 54 1897
763 253 54 1123
768 254 54 1602
774 255 54 1618
776 256 54 875
778 257 54 1100
778 258 54 171
780 259 54 930
782 260 54 1125
783 264 54 378
783 263 54 450
783 261 54 503
783 262 54 4
784 265 54 658
787 266 54 1271
788 267 54 837
791 268 54 1225
798 269 54 1713
800 270 54 1083
800 271 54 291
801 272 54 768
804 273 54 1290
804 274 54 314
804 275 54 160
812 276 54 1781
814 277 54 1066
820 278 54 1663
834 279 54 1901
835 280 54 529
836 281 54 523
836 282 54 78
839 283 54 1218
841 284 54 1106
843 285 54 1088
850 286 54 1746
851 287 54 678
851 288 54 477
862 289 54 1864
863 290 54 733
863 291 54 74
866 292 54 1212
874 293 54 1770
877 295 54 473
877 294 54 1227
878 296 54 752
879 297 54 744
881 298 54 942
885 299 54 1446
892 300 54 1737
892 301 54 364
895 302 54 1181
900 303 54 1571
908 304 54 1756
915 305 54 1695
924 306 54 1806
925 307 54 607
926 308 54 808
930 309 54 1441
938 310 54 1762
945 311 54 1734
949 312 54 1362
949 313 54 194
949 314 54 400
950 315 54 601
950 316 54 425
951 317 54 710
954 318 54 1268
957 319 54 1215
958 320 54 836
959 322 54 359
959 321 54 593
962 323 54 1286
964 324 54 979
966 325 54 1008
968 326 54 1004
970 327 54 922
970 328 54 63
978 329 54 1766
981 330 54 1332
983 331 54 1036
983 332 54 124
983 333 54 217
983 334 54 164
983 335 54 165
986 337 54 431
986 336 54 1267
990 338 54 1387
993 339 54 1336
996 340 54 1206
998 341 54 1139
1006 342 54 1794
1008 343 54 960
1008 344 54 102
1010 345 54 924
1011 346 54 637
1013 347 54 1017
1017 348 54 1370
1018 349 54 625
1018 350 54 48
1018 351 54 42
1022 352 54 1400
1028 353 54 1651
1029 354 54 609
1032 356 54 4
1032 355 54 1144
1041 357 54 1819
1042 358 54 591
1043 359 54 747
1044 360 54 690
1046 361 54 883
1047 362 54 543
1049 363 54 967
1049 364 54 109
1050 365 54 725
1056 366 54 1610
1059 367 54 1144
1059 368 54 30
1059 369 54 235
1062 370 54 1259
1080 371 54 1918
