5 0 400 1601
12 1 400 1734
12 2 400 151
14 3 400 907
21 4 400 1697
22 5 400 539
29 6 400 1702
32 7 400 1239
33 8 400 656
35 9 400 978
36 10 400 611
36 11 400 99
37 12 400 852
37 13 400 313
38 14 400 610
40 15 400 1115
43 16 400 1145
44 17 400 716
44 18 400 406
45 19 400 755
48 20 400 1307
50 21 400 902
54 22 400 1436
64 23 400 1830
64 24 400 270
64 25 400 19
64 26 400 112
67 27 400 1291
68 28 400 806
70 29 400 884
71 30 400 790
71 31 400 446
77 32 400 1677
78 33 400 698
81 34 400 1170
85 35 400 1408
86 36 400 784
86 37 400 232
88 39 400 197
88 38 400 1000
97 40 400 1820
97 41 400 472
101 42 400 1375
109 43 400 1755
109 44 400 436
111 45 400 1022
111 46 400 89
114 47 400 1231
119 50 400 445
119 48 400 1536
119 49 400 411
122 51 400 1206
122 52 400 60
122 53 400 43
122 54 400 357
123 56 400 298
123 55 400 699
123 57 400 246
124 58 400 637
130 59 400 1677
130 60 400 427
130 61 400 410
130 62 400 433
137 66 400 347
137 65 400 165
137 67 400 153
137 63 400 1696
137 64 400 187
139 68 400 1068
141 69 400 1126
141 70 400 331
143 71 400 913
149 72 400 1640
149 73 400 209
150 74 400 859
151 75 400 834
155 76 400 1451
160 77 400 1605
164 78 400 1393
167 79 400 1173
178 80 400 1855
179 81 400 806
185 82 400 1680
185 83 400 394
185 84 400 439
190 85 400 1509
190 86 400 385
196 89 400 471
196 87 400 1634
196 88 400 341
198 90 400 1110
199 91 400 538
204 92 400 1520
207 93 400 1248
214 94 400 1695
218 95 400 1410
218 96 400 38
223 97 400 1603
228 98 400 1568
228 99 400 270
229 100 400 675
240 101 400 1860
240 102 400 163
240 103 400 410
240 104 400 79
244 105 400 1456
248 106 400 1490
256 107 400 1776
258 108 400 1108
262 109 400 1447
265 110 400 1172
266 111 400 617
267 112 400 777
271 113 400 1389
278 114 400 1747
283 115 400 1545
284 117 400 38
284 116 400 655
287 118 400 1257
288 119 400 603
295 120 400 1704
296 121 400 637
303 122 400 1736
304 123 400 596
304 124 400 16
311 125 400 1718
314 128 400 438
314 126 400 1318
314 127 400 392
318 129 400 1374
319 130 400 796
327 131 400 1772
327 132 400 36
329 134 400 497
329 133 400 1123
348 135 400 1919
349 136 400 642
352 137 400 1269
352 138 400 315
354 139 400 907
354 140 400 18
355 141 400 534
356 142 400 525
357 143 400 819
360 145 400 492
360 144 400 1224
366 146 400 1685
366 147 400 131
370 148 400 1425
370 149 400 149
371 150 400 754
399 151 400 1924
399 152 400 346
401 156 400 124
401 155 400 37
401 153 400 964
401 154 400 490
405 157 400 1491
405 158 400 393
405 159 400 286
405 160 400 138
407 161 400 1098
410 162 400 1337
416 163 400 1658
417 164 400 651
420 165 400 1324
421 166 400 581
426 167 400 1579
428 168 400 891
436 169 400 1752
438 170 400 903
441 171 400 1310
447 173 400 349
447 172 400 1648
448 174 400 585
451 175 400 1170
451 176 400 112
453 177 400 917
456 178 400 1297
460 179 400 1448
460 180 400 32
463 181 400 1186
465 183 400 289
465 182 400 891
466 184 400 620
467 185 400 796
471 186 400 1426
473 187 400 996
474 188 400 632
474 189 400 460
482 190 400 1795
484 191 400 1076
486 193 400 28
486 192 400 876
487 194 400 769
488 195 400 845
490 196 400 1122
491 197 400 792
491 198 400 168
500 199 400 1825
510 200 400 1836
510 201 400 106
513 202 400 1164
518 203 400 1598
521 204 400 1171
525 205 400 1368
525 206 400 275
546 207 400 1921
546 208 400 379
549 209 400 1245
559 210 400 1850
561 212 400 194
561 211 400 1131
563 213 400 870
563 214 400 253
565 215 400 876
565 216 400 206
567 217 400 1048
569 218 400 1038
577 219 400 1779
586 220 400 1822
591 221 400 1509
593 222 400 946
593 223 400 431
605 224 400 1882
613 225 400 1751
613 226 400 434
619 227 400 1620
624 228 400 1505
630 229 400 1664
630 230 400 47
633 231 400 1244
634 232 400 749
638 233 400 1396
643 234 400 1537
653 235 400 1850
653 236 400 22
656 237 400 1218
658 238 400 1042
661 239 400 1176
662 240 400 521
666 241 400 1429
667 242 400 617
670 243 400 1311
671 244 400 534
672 245 400 663
674 246 400 881
674 247 400 6
681 248 400 1699
690 249 400 1817
691 251 400 74
691 250 400 638
697 252 400 1679
697 253 400 313
697 254 400 2
697 255 400 327
699 256 400 1084
700 257 400 733
706 258 400 1640
709 259 400 1344
711 260 400 934
712 261 400 580
712 262 400 416
713 263 400 639
716 264 400 1197
717 265 400 605
717 266 400 382
718 267 400 722
721 269 400 328
721 268 400 1257
722 270 400 854
724 271 400 913
724 272 400 5
732 273 400 1786
735 274 400 1258
735 275 400 393
737 276 400 892
742 277 400 1560
751 278 400 1821
754 279 400 1218
756 280 400 870
756 281 400 428
766 282 400 1845
772 283 400 1612
774 284 400 1026
788 285 400 1898
792 287 400 435
792 286 400 1490
796 288 400 1394
799 289 400 1210
800 290 400 766
803 291 400 1213
808 292 400 1502
814 293 400 1623
814 294 400 242
825 295 400 1865
827 296 400 1013
841 297 400 1902
841 298 400 113
851 299 400 1853
851 300 400 281
851 301 400 158
852 302 400 673
856 303 400 1371
858 304 400 963
864 305 400 1650
864 306 400 68
