1 0 974 778
2 1 974 722
3 2 974 811
6 3 974 1344
7 4 974 623
7 5 974 341
11 6 974 1402
12 9 974 6
12 8 974 471
12 7 974 775
13 10 974 526
28 11 974 1905
29 12 974 605
34 13 974 1588
46 14 974 1884
46 15 974 119
47 16 974 571
52 17 974 1523
54 18 974 987
57 19 974 1221
63 20 974 1652
65 21 974 895
66 22 974 734
67 23 974 815
69 24 974 1090
71 25 974 998
71 26 974 6
73 27 974 1088
78 28 974 1579
79 29 974 859
81 30 974 920
83 31 974 886
83 32 974 230
96 33 974 1891
102 34 974 1648
108 38 974 324
108 37 974 20
108 36 974 430
108 35 974 1632
110 39 974 1013
111 40 974 820
116 41 974 1553
127 42 974 1854
130 43 974 1280
130 44 974 481
132 45 974 903
133 46 974 544
136 47 974 1246
141 48 974 1550
143 49 974 871
143 50 974 53
143 51 974 30
146 52 974 1180
146 53 974 424
149 54 974 1335
158 55 974 1807
174 56 974 1912
194 57 974 1920
194 58 974 254
199 59 974 1550
199 60 974 335
199 61 974 313
201 62 974 1121
206 63 974 1536
208 64 974 1011
213 65 974 1565
219 66 974 1675
220 67 974 638
231 68 974 1864
231 69 974 252
237 70 974 1613
238 71 974 550
241 72 974 1198
255 74 974 400
255 75 974 98
255 73 974 1898
257 76 974 966
261 77 974 1379
261 78 974 333
261 79 974 186
261 80 974 453
262 81 974 684
266 82 974 1462
267 83 974 707
268 84 974 806
270 85 974 889
276 86 974 1630
283 87 974 1731
284 88 974 556
292 89 974 1766
298 90 974 1644
298 91 974 434
305 92 974 1690
306 93 974 699
307 94 974 678
308 95 974 506
308 96 974 432
308 97 974 317
308 98 974 269
309 99 974 841
312 100 974 1153
322 101 974 1831
325 102 974 1307
328 103 974 1298
331 104 974 1182
335 105 974 1427
336 106 974 757
339 107 974 1207
339 108 974 23
342 109 974 1236
343 110 974 841
344 111 974 532
349 113 974 68
349 112 974 1587
351 114 974 1097
356 115 974 1575
357 116 974 776
357 117 974 413
358 118 974 730
358 119 974 121
369 120 974 1859
380 123 974 98
380 122 974 81
380 121 974 1868
381 124 974 532
384 125 974 1178
385 126 974 784
386 127 974 499
389 128 974 1219
398 129 974 1819
403 130 974 1591
404 131 974 648
406 132 974 1110
410 133 974 1417
412 134 974 958
413 135 974 546
416 136 974 1302
416 137 974 164
420 138 974 1449
423 141 974 423
423 140 974 131
423 139 974 1303
430 142 974 1708
433 143 974 1245
435 144 974 925
437 145 974 1111
438 146 974 772
444 147 974 1622
449 148 974 1527
451 149 974 1028
457 150 974 1654
457 151 974 18
462 153 974 147
462 152 974 1512
464 154 974 906
467 155 974 1209
474 156 974 1749
477 157 974 1208
478 158 974 765
478 159 974 4
479 161 974 258
479 160 974 642
495 162 974 1912
495 163 974 128
500 164 974 1569
500 165 974 192
504 166 974 1347
504 167 974 169
506 168 974 1035
507 169 974 550
507 170 974 272
508 171 974 611
510 172 974 888
514 173 974 1351
531 174 974 1914
535 175 974 1436
535 176 974 160
536 177 974 761
538 178 974 1097
542 179 974 1345
542 180 974 406
544 181 974 1087
546 182 974 897
546 183 974 191
546 184 974 164
551 185 974 1572
553 186 974 1061
555 187 974 963
556 188 974 511
562 189 974 1673
563 191 974 93
563 190 974 722
566 192 974 1324
570 193 974 1445
571 194 974 661
580 195 974 1798
580 196 974 436
585 197 974 1579
590 198 974 1600
591 199 974 732
598 200 974 1689
599 201 974 603
600 202 974 587
602 203 974 976
603 204 974 755
605 205 974 1042
607 206 974 1054
607 207 974 160
607 208 974 157
611 209 974 1395
613 210 974 1049
615 211 974 987
615 212 974 111
618 213 974 1344
623 214 974 1522
627 215 974 1480
630 216 974 1285
637 217 974 1721
650 218 974 1889
671 219 974 1922
673 220 974 1056
673 221 974 384
678 222 974 1583
681 223 974 1286
689 224 974 1752
689 225 974 179
692 226 974 1212
696 227 974 1368
697 229 974 116
697 228 974 690
699 230 974 999
700 231 974 506
702 232 974 1086
702 233 974 364
707 234 974 1581
714 235 974 1727
715 236 974 499
725 237 974 1845
729 238 974 1360
731 239 974 1046
732 240 974 517
734 241 974 900
735 242 974 805
737 243 974 1040
738 244 974 624
744 245 974 1660
759 246 974 1907
774 247 974 1905
784 248 974 1847
786 249 974 1105
787 250 974 513
788 251 974 640
794 252 974 1615
799 253 974 1603
804 254 974 1601
807 255 974 1305
809 256 974 944
812 257 974 1225
815 258 974 1148
816 259 974 576
824 260 974 1755
830 261 974 1611
834 262 974 1395
834 263 974 41
834 264 974 395
835 265 974 542
844 266 974 1826
850 267 974 1671
856 268 974 1687
863 269 974 1720
865 270 974 980
869 271 974 1365
869 272 974 360
870 273 974 842
874 274 974 1404
874 275 974 155
879 276 974 1503
880 277 974 542
881 278 974 662
881 279 974 92
881 280 974 196
884 281 974 1232
888 282 974 1445
893 283 974 1510
898 284 974 1527
898 285 974 359
899 286 974 816
903 287 974 1408
904 288 974 688
904 289 974 276
905 290 974 782
908 291 974 1198
909 292 974 696
910 293 974 784
913 294 974 1216
914 295 974 831
918 296 974 1430
919 297 974 764
920 298 974 644
920 299 974 81
928 300 974 1758
928 301 974 236
928 302 974 217
928 303 974 127
928 304 974 124
930 305 974 1072
930 306 974 280
