0 0 1140 232
4 1 1140 1401
9 2 1140 1511
10 3 1140 556
10 4 1140 337
17 5 1140 1737
20 6 1140 1181
25 7 1140 1519
32 8 1140 1714
33 9 1140 518
34 10 1140 650
38 11 1140 1375
43 12 1140 1507
46 13 1140 1158
48 14 1140 941
49 15 1140 538
52 16 1140 1164
54 18 1140 161
54 17 1140 1057
62 19 1140 1762
67 20 1140 1498
67 21 1140 100
73 22 1140 1655
76 23 1140 1216
90 24 1140 1902
91 25 1140 804
93 27 1140 137
93 28 1140 287
93 26 1140 1023
107 29 1140 1899
107 30 1140 208
113 31 1140 1608
113 32 1140 216
113 33 1140 305
115 34 1140 1019
116 35 1140 852
117 36 1140 548
118 37 1140 854
123 38 1140 1602
124 39 1140 694
126 40 1140 996
127 41 1140 554
130 42 1140 1325
132 43 1140 1084
133 44 1140 675
137 45 1140 1455
138 46 1140 598
142 49 1140 250
142 47 1140 1438
142 48 1140 442
144 50 1140 1096
145 51 1140 685
150 52 1140 1508
154 55 1140 131
154 53 1140 1422
154 54 1140 54
160 57 1140 295
160 56 1140 1671
161 58 1140 578
165 59 1140 1458
166 60 1140 713
168 61 1140 1043
171 62 1140 1232
178 63 1140 1740
178 64 1140 309
180 65 1140 967
183 66 1140 1159
186 67 1140 1201
186 68 1140 138
186 69 1140 89
203 70 1140 1915
203 71 1140 310
207 72 1140 1380
211 73 1140 1391
212 74 1140 765
214 75 1140 944
215 76 1140 700
216 77 1140 570
217 78 1140 540
217 79 1140 447
217 80 1140 205
222 81 1140 1510
228 82 1140 1619
228 83 1140 36
229 84 1140 803
233 86 1140 99
233 85 1140 1448
234 87 1140 718
234 88 1140 251
236 89 1140 888
238 90 1140 1106
238 91 1140 253
238 92 1140 275
238 93 1140 143
253 94 1140 1905
265 95 1140 1878
268 96 1140 1246
273 97 1140 1509
274 98 1140 775
280 99 1140 1633
280 100 1140 295
283 101 1140 1321
286 103 1140 353
286 104 1140 260
286 102 1140 1300
287 105 1140 785
290 106 1140 1230
290 107 1140 116
291 108 1140 656
293 109 1140 1034
297 110 1140 1356
299 111 1140 1101
305 112 1140 1679
305 113 1140 130
308 114 1140 1252
310 115 1140 1128
314 116 1140 1348
317 117 1140 1195
319 118 1140 937
320 119 1140 786
321 120 1140 867
321 121 1140 441
323 122 1140 950
326 123 1140 1174
328 124 1140 907
334 125 1140 1662
334 126 1140 34
337 127 1140 1236
341 128 1140 1411
342 129 1140 812
348 130 1140 1622
350 131 1140 1115
357 132 1140 1720
358 134 1140 152
358 133 1140 832
359 135 1140 809
359 136 1140 209
362 137 1140 1266
369 138 1140 1701
369 139 1140 17
369 140 1140 217
384 141 1140 1907
384 142 1140 61
386 143 1140 1141
390 144 1140 1456
390 145 1140 5
390 146 1140 498
390 147 1140 145
391 148 1140 816
392 149 1140 776
393 150 1140 529
393 151 1140 51
394 152 1140 571
411 153 1140 1913
412 154 1140 765
420 155 1140 1778
420 156 1140 370
420 157 1140 125
424 158 1140 1370
425 159 1140 523
426 160 1140 751
445 161 1140 1919
446 162 1140 630
454 163 1140 1769
457 164 1140 1336
457 165 1140 241
460 166 1140 1306
461 167 1140 847
475 168 1140 1903
475 169 1140 443
477 170 1140 918
477 171 1140 82
481 172 1140 1419
483 173 1140 920
484 174 1140 568
486 175 1140 885
486 176 1140 379
493 177 1140 1733
499 178 1140 1642
501 179 1140 902
504 180 1140 1163
513 182 1140 419
513 181 1140 1814
514 183 1140 634
514 184 1140 283
519 185 1140 1571
520 186 1140 543
527 190 1140 438
527 187 1140 1731
527 188 1140 67
527 189 1140 298
527 191 1140 84
536 192 1140 1820
539 193 1140 1177
542 194 1140 1191
542 195 1140 223
545 196 1140 1276
545 197 1140 217
552 198 1140 1730
555 199 1140 1215
556 200 1140 624
561 203 1140 372
561 202 1140 167
561 201 1140 1576
569 204 1140 1782
569 205 1140 446
570 206 1140 557
575 207 1140 1576
578 208 1140 1344
587 209 1140 1804
591 210 1140 1398
592 213 1140 468
592 212 1140 407
592 211 1140 562
595 214 1140 1284
596 215 1140 862
601 216 1140 1499
622 217 1140 1921
626 218 1140 1485
633 219 1140 1690
639 220 1140 1622
644 221 1140 1499
645 222 1140 779
650 223 1140 1604
650 224 1140 5
651 225 1140 834
651 226 1140 187
651 227 1140 241
657 228 1140 1654
657 229 1140 345
662 234 1140 278
662 233 1140 427
662 230 1140 1534
662 231 1140 162
662 232 1140 3
667 235 1140 1512
673 236 1140 1646
673 237 1140 47
674 238 1140 776
682 239 1140 1761
684 240 1140 1013
686 243 1140 187
686 241 1140 891
686 242 1140 386
687 244 1140 824
696 245 1140 1801
701 246 1140 1602
705 247 1140 1352
714 248 1140 1818
714 249 1140 328
715 250 1140 648
718 251 1140 1279
719 252 1140 656
719 253 1140 39
724 254 1140 1518
726 255 1140 1049
727 256 1140 796
727 257 1140 488
727 258 1140 367
729 261 1140 316
729 259 1140 948
729 260 1140 259
739 262 1140 1847
741 263 1140 999
741 264 1140 270
744 265 1140 1236
745 266 1140 558
760 267 1140 1905
760 268 1140 189
767 269 1140 1697
769 270 1140 1140
773 271 1140 1452
776 272 1140 1145
782 273 1140 1648
783 274 1140 676
784 275 1140 730
786 276 1140 1113
787 277 1140 592
788 279 1140 129
788 278 1140 779
791 280 1140 1157
792 281 1140 760
792 282 1140 347
795 283 1140 1325
801 284 1140 1621
801 285 1140 254
805 286 1140 1430
818 287 1140 1888
819 288 1140 833
822 289 1140 1154
823 290 1140 715
826 291 1140 1158
831 292 1140 1604
839 293 1140 1752
844 294 1140 1501
845 295 1140 697
847 296 1140 968
850 297 1140 1311
860 298 1140 1841
865 299 1140 1513
868 300 1140 1242
874 301 1140 1621
877 302 1140 1162
877 303 1140 120
879 304 1140 1113
881 305 1140 1121
881 306 1140 134
