0 0 219 279
9 1 219 1806
9 2 219 383
10 3 219 711
14 4 219 1398
16 5 219 1057
18 6 219 982
23 8 219 12
23 7 219 1497
24 9 219 868
29 10 219 1596
36 11 219 1718
44 12 219 1770
44 13 219 454
47 15 219 179
47 14 219 1231
50 16 219 1316
52 18 219 495
52 17 219 1064
53 19 219 711
61 20 219 1773
63 21 219 964
66 22 219 1314
69 23 219 1215
72 24 219 1266
73 25 219 748
78 27 219 325
78 26 219 1518
79 28 219 789
80 29 219 602
80 30 219 14
83 31 219 1172
87 32 219 1441
87 33 219 59
88 34 219 816
90 35 219 1125
93 36 219 1185
94 37 219 818
97 38 219 1221
100 39 219 1182
101 40 219 663
109 41 219 1790
113 42 219 1354
113 43 219 262
116 44 219 1228
117 46 219 244
117 45 219 639
126 47 219 1799
128 48 219 1094
128 49 219 46
128 50 219 18
128 51 219 209
131 52 219 1214
136 53 219 1540
141 54 219 1538
144 56 219 491
144 55 219 1240
146 57 219 1093
150 58 219 1369
151 59 219 650
155 60 219 1463
156 61 219 657
157 62 219 708
160 63 219 1335
161 65 219 424
161 66 219 276
161 64 219 853
168 67 219 1711
173 68 219 1562
173 69 219 106
175 70 219 918
175 71 219 498
183 72 219 1767
186 74 219 48
186 73 219 1237
201 75 219 1907
206 76 219 1534
208 77 219 1052
224 78 219 1911
225 79 219 627
226 80 219 504
232 81 219 1644
235 82 219 1155
236 83 219 742
237 84 219 583
244 85 219 1730
256 86 219 1882
265 87 219 1826
265 88 219 445
270 89 219 1501
271 90 219 633
271 91 219 92
275 92 219 1374
276 93 219 571
282 95 219 5
282 94 219 1644
284 96 219 1082
284 97 219 19
287 98 219 1333
288 99 219 804
288 100 219 363
288 101 219 457
288 102 219 236
290 103 219 988
292 104 219 1053
296 105 219 1445
296 106 219 366
310 107 219 1902
314 108 219 1491
319 109 219 1556
325 110 219 1630
329 111 219 1364
331 112 219 1107
332 114 219 146
332 113 219 742
339 115 219 1743
343 116 219 1426
356 117 219 1890
357 118 219 752
359 119 219 1048
359 120 219 467
359 121 219 374
362 123 219 61
362 122 219 1265
366 124 219 1397
367 125 219 825
369 126 219 1049
372 127 219 1196
377 128 219 1518
377 129 219 42
378 130 219 825
383 131 219 1515
389 132 219 1644
391 135 219 46
391 133 219 1107
391 134 219 263
395 136 219 1408
395 137 219 167
401 138 219 1614
403 139 219 1062
407 140 219 1363
422 141 219 1905
422 142 219 334
423 143 219 814
432 144 219 1795
435 145 219 1194
437 146 219 910
438 147 219 631
438 148 219 424
447 149 219 1825
448 150 219 504
450 151 219 1116
453 154 219 337
453 153 219 285
453 152 219 1191
470 155 219 1913
472 156 219 1116
472 157 219 175
477 158 219 1515
477 159 219 227
477 160 219 396
479 162 219 383
479 161 219 1095
483 163 219 1449
484 164 219 731
484 165 219 115
490 169 219 99
490 166 219 1644
490 167 219 0
490 168 219 478
490 170 219 335
493 172 219 276
493 171 219 1259
499 173 219 1614
505 174 219 1609
505 175 219 486
505 176 219 39
505 177 219 451
505 178 219 190
505 179 219 203
515 181 219 417
515 180 219 1840
516 182 219 771
522 183 219 1617
526 184 219 1463
532 185 219 1633
532 186 219 323
536 187 219 1358
537 189 219 274
537 188 219 770
538 190 219 854
541 191 219 1232
542 192 219 576
546 193 219 1386
547 194 219 666
547 195 219 268
552 196 219 1521
553 197 219 810
553 198 219 82
559 199 219 1680
563 200 219 1474
565 201 219 910
565 202 219 152
565 203 219 324
569 204 219 1490
572 205 219 1169
573 206 219 839
578 207 219 1502
579 208 219 600
587 209 219 1775
599 210 219 1874
600 211 219 664
616 212 219 1910
619 213 219 1312
619 214 219 311
634 215 219 1903
634 216 219 323
635 217 219 691
651 218 219 1911
653 219 219 1022
660 221 219 286
660 220 219 1716
663 222 219 1154
663 223 219 203
666 224 219 1169
668 225 219 1027
669 226 219 683
670 227 219 815
672 228 219 947
675 229 219 1341
677 230 219 890
680 231 219 1154
680 232 219 369
680 233 219 434
681 234 219 653
683 238 219 126
683 237 219 447
683 239 219 293
683 235 219 930
683 236 219 264
684 240 219 794
685 241 219 746
686 242 219 758
688 243 219 920
688 244 219 325
688 245 219 190
691 246 219 1247
694 247 219 1188
696 248 219 1074
697 249 219 688
708 250 219 1870
709 251 219 829
710 252 219 823
712 253 219 985
725 254 219 1889
728 255 219 1188
734 256 219 1680
746 257 219 1873
748 261 219 24
748 260 219 486
748 258 219 1079
748 259 219 462
749 262 219 554
752 263 219 1184
754 264 219 884
755 266 219 295
755 265 219 719
759 267 219 1475
760 268 219 658
763 269 219 1306
769 270 219 1638
778 271 219 1801
779 272 219 564
785 273 219 1618
785 274 219 228
787 275 219 970
791 276 219 1452
791 277 219 234
800 278 219 1803
802 279 219 979
809 280 219 1705
813 281 219 1419
819 282 219 1665
819 283 219 259
823 284 219 1396
823 285 219 60
823 286 219 330
826 288 219 470
826 287 219 1308
830 289 219 1390
833 290 219 1175
833 291 219 315
836 292 219 1292
841 293 219 1588
848 294 219 1732
849 295 219 770
849 296 219 191
854 298 219 35
854 297 219 1499
859 299 219 1530
868 300 219 1819
875 301 219 1697
876 302 219 529
883 303 219 1692
885 304 219 974
885 305 219 68
885 306 219 265
