7 0 1883 1704
9 1 1883 964
10 2 1883 712
13 3 1883 1229
13 4 1883 19
15 5 1883 1124
22 6 1883 1737
27 7 1883 1528
37 10 1883 256
37 8 1883 1846
37 9 1883 200
38 11 1883 614
41 12 1883 1149
41 13 1883 68
47 14 1883 1614
49 16 1883 315
49 15 1883 985
51 19 1883 263
51 17 1883 968
51 18 1883 436
52 20 1883 749
54 21 1883 984
55 22 1883 686
58 23 1883 1164
58 24 1883 45
65 25 1883 1717
66 26 1883 612
68 27 1883 1038
71 28 1883 1260
71 29 1883 249
75 30 1883 1431
76 31 1883 506
76 32 1883 447
78 34 1883 25
78 33 1883 938
80 36 1883 424
80 37 1883 453
80 35 1883 958
81 38 1883 662
82 39 1883 675
82 40 1883 294
82 41 1883 274
83 42 1883 714
86 43 1883 1209
97 44 1883 1865
99 46 1883 4
99 45 1883 955
100 47 1883 575
102 48 1883 934
104 49 1883 953
106 50 1883 953
106 51 1883 376
110 52 1883 1424
112 53 1883 1036
115 54 1883 1297
116 56 1883 278
116 55 1883 719
120 57 1883 1473
123 58 1883 1184
123 59 1883 227
124 60 1883 512
125 61 1883 699
125 62 1883 268
130 63 1883 1596
131 64 1883 693
137 65 1883 1674
137 66 1883 166
137 67 1883 210
137 68 1883 43
138 69 1883 655
139 70 1883 561
147 71 1883 1787
147 72 1883 305
153 73 1883 1686
166 75 1883 474
166 76 1883 269
166 74 1883 1893
170 77 1883 1401
173 78 1883 1224
175 79 1883 1014
182 80 1883 1712
182 81 1883 36
182 82 1883 103
182 83 1883 307
185 84 1883 1221
187 85 1883 1054
189 86 1883 1007
192 87 1883 1336
197 88 1883 1566
200 89 1883 1230
201 90 1883 680
203 91 1883 876
206 93 1883 435
206 94 1883 162
206 92 1883 1193
211 95 1883 1520
211 96 1883 6
213 97 1883 1043
214 98 1883 516
214 99 1883 190
215 100 1883 789
222 101 1883 1719
223 103 1883 279
223 104 1883 391
223 102 1883 532
225 105 1883 1091
225 106 1883 70
231 107 1883 1662
233 108 1883 1068
234 109 1883 822
234 110 1883 449
235 115 1883 475
235 114 1883 440
235 112 1883 249
235 113 1883 169
235 111 1883 802
236 116 1883 596
248 117 1883 1885
248 118 1883 374
253 119 1883 1563
254 120 1883 666
255 121 1883 755
256 122 1883 568
257 123 1883 737
271 124 1883 1900
277 125 1883 1609
278 126 1883 593
287 127 1883 1795
292 128 1883 1524
292 129 1883 372
292 130 1883 468
295 131 1883 1151
297 132 1883 885
299 133 1883 1033
299 134 1883 225
317 135 1883 1917
321 136 1883 1429
328 137 1883 1749
338 138 1883 1840
338 139 1883 130
340 140 1883 983
343 141 1883 1270
343 142 1883 268
344 143 1883 744
345 144 1883 780
354 145 1883 1803
355 146 1883 627
357 147 1883 1023
376 148 1883 1919
382 149 1883 1611
384 151 1883 45
384 150 1883 923
385 152 1883 668
387 153 1883 877
391 154 1883 1448
391 155 1883 33
394 156 1883 1150
401 157 1883 1719
401 158 1883 303
402 161 1883 200
402 162 1883 138
402 159 1883 706
402 160 1883 497
403 163 1883 695
403 164 1883 353
406 165 1883 1222
416 166 1883 1842
418 167 1883 1140
429 168 1883 1869
429 169 1883 447
431 170 1883 971
432 173 1883 244
432 172 1883 45
432 171 1883 772
433 174 1883 579
436 175 1883 1321
436 176 1883 487
443 177 1883 1749
455 178 1883 1881
455 179 1883 97
457 180 1883 982
461 181 1883 1494
470 182 1883 1801
480 183 1883 1837
484 184 1883 1374
484 185 1883 423
484 186 1883 483
484 187 1883 7
489 188 1883 1510
489 189 1883 191
490 190 1883 767
496 191 1883 1634
500 192 1883 1445
502 193 1883 1133
507 194 1883 1557
508 195 1883 783
510 196 1883 1131
515 197 1883 1497
515 198 1883 390
519 199 1883 1483
531 200 1883 1885
535 201 1883 1411
537 202 1883 1079
541 203 1883 1471
542 204 1883 639
542 205 1883 151
542 206 1883 0
542 207 1883 423
542 208 1883 297
542 209 1883 126
546 210 1883 1471
549 211 1883 1326
557 212 1883 1762
557 213 1883 206
563 214 1883 1649
565 215 1883 928
565 216 1883 324
565 217 1883 225
568 218 1883 1246
579 219 1883 1855
580 220 1883 739
590 221 1883 1834
595 222 1883 1555
601 223 1883 1678
606 224 1883 1605
609 225 1883 1261
612 226 1883 1251
613 227 1883 836
614 228 1883 611
621 230 1883 190
621 229 1883 1721
623 231 1883 914
627 232 1883 1358
627 233 1883 398
627 234 1883 136
632 235 1883 1496
632 236 1883 415
632 237 1883 329
635 238 1883 1197
638 239 1883 1222
638 240 1883 423
638 241 1883 59
644 242 1883 1634
648 243 1883 1383
649 244 1883 644
653 245 1883 1365
662 246 1883 1797
665 247 1883 1239
669 248 1883 1409
670 249 1883 629
670 250 1883 459
672 251 1883 905
672 252 1883 251
672 253 1883 460
673 254 1883 743
673 255 1883 51
681 256 1883 1781
684 257 1883 1326
692 258 1883 1791
695 259 1883 1303
696 260 1883 824
698 261 1883 1088
705 262 1883 1737
706 263 1883 501
717 264 1883 1861
718 265 1883 557
731 266 1883 1892
735 269 1883 152
735 268 1883 69
735 267 1883 1363
736 270 1883 512
755 271 1883 1920
757 272 1883 953
757 273 1883 23
761 274 1883 1431
762 276 1883 199
762 277 1883 171
762 275 1883 679
764 278 1883 1033
764 279 1883 239
768 280 1883 1389
768 281 1883 12
772 282 1883 1352
787 283 1883 1906
790 284 1883 1261
793 285 1883 1209
794 286 1883 663
796 287 1883 898
801 288 1883 1579
801 289 1883 85
807 290 1883 1639
809 291 1883 1014
809 292 1883 462
818 293 1883 1819
818 294 1883 397
821 295 1883 1259
821 296 1883 247
823 297 1883 1133
827 298 1883 1446
827 299 1883 87
831 300 1883 1398
831 301 1883 433
834 302 1883 1169
837 304 1883 116
837 305 1883 464
837 303 1883 1256
849 306 1883 1877
