0 0 412 52
19 1 412 1919
23 2 412 1438
23 3 412 169
30 4 412 1689
31 5 412 714
35 7 412 377
35 8 412 338
35 6 412 1490
44 9 412 1808
44 10 412 301
44 11 412 489
48 12 412 1450
49 13 412 559
49 14 412 30
58 15 412 1808
61 16 412 1205
63 18 412 97
63 17 412 1140
64 19 412 762
69 20 412 1536
69 21 412 143
83 22 412 1896
88 23 412 1502
88 24 412 344
97 25 412 1826
101 26 412 1369
108 27 412 1691
121 28 412 1889
122 29 412 819
128 30 412 1646
129 31 412 765
130 32 412 649
130 33 412 270
131 36 412 165
131 37 412 475
131 34 412 832
131 35 412 144
136 38 412 1595
140 39 412 1356
144 40 412 1433
150 41 412 1651
151 42 412 868
152 43 412 809
154 44 412 1099
159 45 412 1599
161 47 412 241
161 46 412 1141
166 48 412 1591
167 49 412 598
172 50 412 1603
175 51 412 1152
177 52 412 1079
178 53 412 650
179 54 412 756
189 56 412 22
189 55 412 1834
200 57 412 1861
208 58 412 1750
216 59 412 1788
219 60 412 1270
226 61 412 1723
226 62 412 413
230 63 412 1444
230 64 412 162
234 65 412 1461
242 66 412 1764
245 67 412 1180
251 68 412 1652
260 69 412 1811
266 70 412 1642
267 71 412 729
271 72 412 1469
272 73 412 666
275 74 412 1254
284 75 412 1809
287 76 412 1199
289 77 412 1087
289 78 412 403
290 79 412 669
291 80 412 684
293 81 412 1127
293 82 412 100
296 83 412 1290
298 85 412 494
298 84 412 1141
304 86 412 1610
328 87 412 1923
332 88 412 1438
334 89 412 923
334 90 412 122
334 91 412 229
335 92 412 650
342 93 412 1732
342 94 412 85
348 95 412 1634
351 96 412 1237
355 97 412 1348
356 98 412 646
361 99 412 1562
369 100 412 1760
381 101 412 1885
382 102 412 514
389 103 412 1705
391 104 412 880
393 105 412 873
399 106 412 1607
399 107 412 413
402 108 412 1321
404 109 412 871
405 110 412 634
406 111 412 859
410 112 412 1457
412 113 412 1081
414 115 412 142
414 114 412 1103
420 116 412 1623
422 117 412 1048
422 118 412 303
427 119 412 1592
435 120 412 1775
443 121 412 1765
449 122 412 1666
450 123 412 728
456 124 412 1689
460 125 412 1413
460 126 412 79
466 127 412 1662
467 128 412 580
472 129 412 1544
473 130 412 572
481 131 412 1775
481 132 412 440
482 133 412 765
483 134 412 834
484 135 412 723
485 136 412 613
485 137 412 319
485 138 412 410
485 139 412 267
486 140 412 811
489 141 412 1196
490 142 412 601
491 144 412 288
491 143 412 567
494 145 412 1187
495 146 412 697
499 147 412 1493
500 148 412 628
511 149 412 1868
511 150 412 11
511 151 412 189
513 152 412 1045
515 153 412 979
522 154 412 1711
541 155 412 1919
541 156 412 219
548 157 412 1710
548 158 412 16
552 159 412 1392
553 160 412 793
564 161 412 1869
572 162 412 1758
579 164 412 299
579 163 412 1702
580 165 412 784
580 166 412 419
581 167 412 692
581 168 412 247
581 169 412 379
585 170 412 1454
588 171 412 1303
589 173 412 35
589 172 412 638
590 174 412 780
591 175 412 579
594 176 412 1163
596 177 412 1099
596 178 412 439
597 179 412 501
598 180 412 715
599 181 412 511
601 182 412 1033
602 183 412 637
607 184 412 1532
607 185 412 382
608 186 412 730
612 187 412 1386
614 188 412 978
615 189 412 839
616 190 412 504
617 192 412 303
617 191 412 828
619 193 412 942
623 194 412 1399
624 195 412 867
628 196 412 1363
629 197 412 824
629 198 412 268
633 199 412 1429
634 201 412 4
634 200 412 767
637 202 412 1246
637 203 412 248
637 204 412 413
638 205 412 633
642 206 412 1476
644 207 412 1009
644 208 412 198
646 209 412 1132
647 210 412 755
649 211 412 1045
652 212 412 1270
656 213 412 1439
657 214 412 676
657 215 412 281
658 216 412 835
660 217 412 1121
660 218 412 169
670 220 412 53
670 219 412 1841
672 221 412 957
678 222 412 1639
681 223 412 1332
690 224 412 1800
691 225 412 625
693 226 412 999
699 227 412 1620
700 228 412 560
710 229 412 1838
712 231 412 339
712 230 412 1140
713 232 412 830
715 233 412 935
721 234 412 1658
722 235 412 711
725 236 412 1190
726 237 412 785
726 238 412 223
728 239 412 899
729 240 412 831
735 241 412 1645
738 242 412 1188
746 243 412 1770
746 244 412 84
750 245 412 1384
754 246 412 1482
755 247 412 789
755 248 412 266
757 251 412 242
757 250 412 31
757 249 412 1117
758 252 412 655
758 253 412 352
762 254 412 1375
769 255 412 1735
769 256 412 290
779 257 412 1838
779 258 412 373
786 259 412 1712
791 260 412 1558
799 261 412 1781
799 262 412 448
799 263 412 284
817 264 412 1917
817 265 412 416
817 266 412 214
817 267 412 335
824 268 412 1705
837 269 412 1890
839 270 412 1016
839 271 412 50
841 272 412 897
844 273 412 1194
846 274 412 1010
846 275 412 333
853 276 412 1694
861 277 412 1793
864 279 412 416
864 278 412 1248
866 280 412 1068
866 281 412 210
870 282 412 1354
874 283 412 1367
883 284 412 1807
885 285 412 898
891 286 412 1608
891 287 412 478
895 288 412 1484
905 289 412 1848
905 290 412 420
908 291 412 1276
908 292 412 411
908 293 412 435
911 294 412 1265
913 295 412 974
916 296 412 1196
918 297 412 904
926 298 412 1778
931 299 412 1593
934 300 412 1169
937 301 412 1146
939 302 412 1008
939 303 412 300
939 304 412 101
954 305 412 1905
957 306 412 1269
