1 0 1184 647
8 1 1184 1714
8 2 1184 375
9 3 1184 801
9 4 1184 105
9 5 1184 375
15 7 1184 204
15 8 1184 288
15 6 1184 1633
18 9 1184 1144
24 10 1184 1622
26 11 1184 941
26 12 1184 45
27 13 1184 788
27 14 1184 161
30 15 1184 1327
33 18 1184 333
33 17 1184 210
33 16 1184 1217
37 19 1184 1366
41 20 1184 1459
41 21 1184 337
44 22 1184 1218
45 23 1184 594
46 24 1184 796
47 26 1184 322
47 25 1184 647
49 27 1184 1073
49 28 1184 149
50 29 1184 758
52 30 1184 989
53 31 1184 685
57 32 1184 1369
63 33 1184 1678
63 34 1184 337
65 36 1184 28
65 35 1184 1136
67 37 1184 1088
67 38 1184 53
67 39 1184 207
73 40 1184 1625
75 41 1184 998
75 42 1184 485
81 43 1184 1613
83 44 1184 907
84 45 1184 608
85 46 1184 524
88 47 1184 1332
91 48 1184 1148
103 49 1184 1883
104 50 1184 791
104 51 1184 168
105 52 1184 797
105 53 1184 76
108 56 1184 496
108 54 1184 1292
108 55 1184 309
115 57 1184 1705
115 58 1184 5
119 59 1184 1383
119 60 1184 53
120 61 1184 559
120 62 1184 55
124 63 1184 1454
124 64 1184 155
126 65 1184 937
131 66 1184 1496
131 67 1184 292
131 68 1184 450
133 69 1184 949
136 71 1184 128
136 72 1184 156
136 70 1184 1299
136 73 1184 125
142 75 1184 461
142 74 1184 1666
150 76 1184 1777
155 77 1184 1529
161 78 1184 1612
161 79 1184 187
161 80 1184 122
163 81 1184 914
173 82 1184 1850
173 83 1184 191
186 84 1184 1892
187 85 1184 820
196 86 1184 1812
199 87 1184 1293
199 88 1184 386
199 89 1184 27
200 90 1184 640
200 91 1184 247
202 92 1184 1083
203 94 1184 154
203 93 1184 595
205 95 1184 1066
207 96 1184 943
209 97 1184 956
213 98 1184 1458
226 99 1184 1894
228 100 1184 1036
228 101 1184 232
230 102 1184 882
230 103 1184 198
231 104 1184 583
232 105 1184 662
232 106 1184 12
233 107 1184 671
233 108 1184 335
234 109 1184 831
234 110 1184 457
236 111 1184 892
236 112 1184 93
243 113 1184 1742
246 114 1184 1260
248 115 1184 1064
249 116 1184 633
257 117 1184 1789
261 118 1184 1486
264 119 1184 1260
266 120 1184 1050
266 121 1184 203
276 124 1184 309
276 122 1184 1831
276 123 1184 423
278 125 1184 1052
280 126 1184 970
284 127 1184 1486
298 128 1184 1896
299 129 1184 599
303 130 1184 1442
304 132 1184 70
304 131 1184 821
310 133 1184 1643
312 134 1184 1075
321 135 1184 1815
321 136 1184 32
327 137 1184 1652
332 138 1184 1533
335 139 1184 1230
336 140 1184 807
338 141 1184 1140
340 142 1184 958
344 143 1184 1480
348 144 1184 1495
354 145 1184 1672
354 146 1184 153
357 147 1184 1265
360 148 1184 1259
362 150 1184 433
362 149 1184 1014
364 151 1184 1079
368 153 1184 198
368 152 1184 1394
369 154 1184 843
370 155 1184 833
370 156 1184 325
370 157 1184 459
379 158 1184 1813
383 159 1184 1455
389 160 1184 1617
389 161 1184 450
390 162 1184 700
396 163 1184 1660
399 164 1184 1313
404 165 1184 1560
405 166 1184 822
405 167 1184 375
406 168 1184 667
410 169 1184 1370
412 170 1184 1031
414 174 1184 452
414 173 1184 256
414 171 1184 906
414 172 1184 256
424 175 1184 1834
427 176 1184 1170
427 177 1184 351
428 178 1184 852
429 179 1184 562
431 180 1184 898
437 181 1184 1629
437 182 1184 226
439 183 1184 881
439 184 1184 166
439 185 1184 363
443 186 1184 1352
452 187 1184 1796
453 188 1184 799
453 189 1184 242
457 190 1184 1489
462 191 1184 1498
470 192 1184 1764
470 193 1184 77
475 194 1184 1537
475 195 1184 357
475 196 1184 440
478 197 1184 1222
478 198 1184 166
489 199 1184 1859
490 200 1184 850
497 201 1184 1703
498 202 1184 598
507 203 1184 1814
522 204 1184 1908
526 205 1184 1451
527 206 1184 823
529 207 1184 1137
535 208 1184 1671
537 209 1184 934
542 210 1184 1588
556 211 1184 1899
561 212 1184 1531
564 213 1184 1251
565 214 1184 556
581 215 1184 1913
581 216 1184 224
588 217 1184 1743
592 218 1184 1494
594 220 1184 208
594 219 1184 949
596 221 1184 950
601 222 1184 1500
601 223 1184 424
610 224 1184 1805
614 225 1184 1458
616 226 1184 1067
616 227 1184 178
617 229 1184 95
617 228 1184 644
621 230 1184 1393
633 231 1184 1873
633 232 1184 184
635 233 1184 918
641 234 1184 1636
643 235 1184 1120
645 236 1184 1030
645 237 1184 337
647 238 1184 898
648 239 1184 639
652 240 1184 1465
652 241 1184 214
652 242 1184 125
660 243 1184 1790
661 244 1184 579
666 245 1184 1514
679 246 1184 1892
680 247 1184 512
684 248 1184 1445
689 249 1184 1549
689 250 1184 132
690 251 1184 622
696 252 1184 1652
698 253 1184 1141
704 254 1184 1650
713 260 1184 384
713 259 1184 450
713 258 1184 8
713 256 1184 202
713 255 1184 1825
713 257 1184 173
714 261 1184 644
714 262 1184 493
719 263 1184 1575
723 264 1184 1465
729 265 1184 1639
736 266 1184 1715
737 267 1184 612
742 268 1184 1539
746 269 1184 1361
748 270 1184 882
757 271 1184 1811
758 272 1184 844
759 273 1184 854
763 274 1184 1409
782 275 1184 1919
783 276 1184 824
789 277 1184 1635
797 278 1184 1770
797 279 1184 291
801 280 1184 1490
802 281 1184 554
803 282 1184 657
805 283 1184 1019
818 284 1184 1887
819 286 1184 220
819 285 1184 770
821 287 1184 967
824 288 1184 1192
831 289 1184 1736
833 290 1184 917
834 291 1184 856
834 292 1184 328
834 293 1184 447
834 294 1184 254
835 295 1184 820
841 296 1184 1646
841 297 1184 474
841 298 1184 324
842 299 1184 864
849 300 1184 1723
852 301 1184 1279
854 302 1184 898
854 303 1184 84
855 305 1184 246
855 304 1184 666
862 306 1184 1702
