1 0 860 616
2 1 860 604
3 2 860 719
5 3 860 1061
12 4 860 1740
14 5 860 1110
14 6 860 312
16 7 860 930
17 9 860 354
17 8 860 845
22 10 860 1593
24 11 860 1139
24 12 860 268
25 13 860 542
28 14 860 1320
30 15 860 1070
33 16 860 1207
34 17 860 792
38 19 860 424
38 18 860 1486
42 20 860 1489
43 21 860 724
44 22 860 576
45 23 860 840
45 24 860 313
46 25 860 704
54 26 860 1774
55 28 860 83
55 27 860 544
63 29 860 1755
65 30 860 1064
71 31 860 1678
86 32 860 1907
90 33 860 1424
98 35 860 109
98 34 860 1753
109 36 860 1857
110 37 860 611
112 38 860 1014
112 39 860 276
113 40 860 519
116 41 860 1210
118 42 860 960
120 43 860 938
131 44 860 1864
131 45 860 365
133 46 860 1093
137 47 860 1437
139 48 860 923
141 49 860 1044
141 50 860 190
146 51 860 1523
149 52 860 1252
151 53 860 947
157 54 860 1610
166 56 860 27
166 55 860 1817
175 57 860 1803
176 58 860 747
178 59 860 1035
181 60 860 1260
188 61 860 1692
189 62 860 847
191 63 860 1015
194 64 860 1215
204 65 860 1839
207 66 860 1157
208 67 860 768
209 68 860 713
212 69 860 1211
214 70 860 1138
215 71 860 596
222 72 860 1702
225 73 860 1210
235 74 860 1829
235 75 860 278
242 76 860 1689
247 77 860 1563
249 78 860 901
261 79 860 1872
266 80 860 1536
266 81 860 336
271 82 860 1545
273 83 860 963
278 84 860 1565
282 86 860 426
282 85 860 1465
284 87 860 959
291 88 860 1739
302 89 860 1861
302 90 860 81
302 91 860 53
310 92 860 1788
325 93 860 1903
327 94 860 940
328 96 860 363
328 95 860 751
339 97 860 1870
345 98 860 1647
345 99 860 24
347 100 860 1133
347 101 860 325
348 102 860 724
354 103 860 1637
364 104 860 1830
369 105 860 1519
376 106 860 1746
376 107 860 42
378 108 860 1043
381 109 860 1331
381 110 860 127
381 111 860 389
383 112 860 902
384 113 860 800
388 114 860 1424
390 115 860 923
390 116 860 146
399 117 860 1808
403 118 860 1375
409 119 860 1675
413 120 860 1413
413 121 860 197
415 122 860 953
416 123 860 776
418 124 860 1130
420 125 860 1085
421 126 860 733
428 127 860 1723
428 128 860 269
430 129 860 1078
440 130 860 1839
447 131 860 1744
457 132 860 1841
459 133 860 876
460 134 860 739
463 135 860 1210
468 136 860 1537
478 137 860 1833
480 138 860 1058
480 139 860 45
486 140 860 1643
486 141 860 383
496 143 860 408
496 142 860 1841
503 144 860 1734
509 145 860 1617
511 146 860 1075
513 147 860 988
513 148 860 478
513 149 860 16
514 151 860 480
514 150 860 604
514 152 860 494
528 153 860 1896
529 154 860 536
531 155 860 936
534 156 860 1296
546 157 860 1872
547 158 860 506
548 159 860 745
549 160 860 785
549 161 860 22
556 162 860 1697
569 163 860 1889
573 164 860 1416
573 165 860 307
573 166 860 473
573 167 860 26
573 168 860 60
573 169 860 213
576 171 860 237
576 170 860 1311
577 172 860 750
580 173 860 1329
580 174 860 31
582 175 860 1029
582 176 860 280
583 177 860 545
585 178 860 966
589 180 860 9
589 179 860 1438
595 181 860 1669
598 182 860 1245
598 183 860 252
598 184 860 473
602 185 860 1359
605 186 860 1249
616 188 860 339
616 187 860 1869
623 189 860 1727
633 190 860 1839
638 191 860 1589
641 192 860 1327
641 193 860 312
644 194 860 1184
650 195 860 1621
651 196 860 611
663 197 860 1876
665 198 860 916
669 199 860 1426
672 200 860 1143
674 201 860 1049
676 202 860 927
676 203 860 265
677 204 860 630
677 205 860 367
683 206 860 1655
685 207 860 1090
696 208 860 1865
700 209 860 1432
701 210 860 655
702 211 860 751
704 212 860 906
706 213 860 993
707 214 860 736
709 215 860 1040
710 216 860 702
714 217 860 1445
718 219 860 56
718 218 860 1416
720 220 860 983
721 221 860 528
727 222 860 1611
727 223 860 258
727 224 860 299
733 225 860 1646
734 231 860 329
734 229 860 334
734 230 860 418
734 227 860 437
734 228 860 144
734 226 860 835
739 232 860 1553
743 233 860 1465
743 234 860 294
745 235 860 885
746 236 860 742
748 237 860 979
753 238 860 1547
753 239 860 106
759 240 860 1629
759 241 860 158
759 242 860 4
760 243 860 832
762 244 860 1072
764 245 860 1087
765 247 860 333
765 246 860 683
770 248 860 1501
770 249 860 143
772 250 860 919
774 251 860 1090
774 252 860 459
775 253 860 859
775 254 860 443
776 255 860 615
780 256 860 1362
781 257 860 669
794 258 860 1890
796 259 860 908
800 260 860 1456
803 261 860 1217
805 262 860 946
810 263 860 1530
812 265 860 326
812 264 860 1014
814 266 860 1123
818 267 860 1365
819 268 860 699
827 269 860 1775
827 270 860 298
833 271 860 1647
842 272 860 1823
845 273 860 1310
845 274 860 352
846 275 860 824
847 276 860 524
848 277 860 779
850 278 860 1110
852 279 860 1137
854 280 860 963
855 281 860 501
856 282 860 860
856 283 860 0
859 284 860 1340
862 285 860 1252
870 286 860 1794
871 287 860 693
873 288 860 1021
878 289 860 1603
882 290 860 1447
882 291 860 73
884 292 860 1014
885 293 860 638
886 294 860 574
886 295 860 411
888 297 860 398
888 296 860 1137
895 298 860 1743
896 299 860 746
909 300 860 1889
912 301 860 1242
917 302 860 1559
923 303 860 1650
931 304 860 1770
934 305 860 1197
937 306 860 1192
