1 0 1248 641
2 1 1248 841
3 2 1248 537
3 3 1248 20
11 4 1248 1767
17 5 1248 1638
20 6 1248 1236
23 7 1248 1216
27 8 1248 1442
30 9 1248 1241
34 10 1248 1353
34 11 1248 138
36 12 1248 978
40 13 1248 1403
42 14 1248 914
44 15 1248 1040
49 16 1248 1510
51 17 1248 1056
54 18 1248 1191
56 19 1248 997
56 20 1248 411
60 21 1248 1386
61 22 1248 697
62 23 1248 586
77 24 1248 1908
77 25 1248 17
78 26 1248 797
84 28 1248 492
84 27 1248 1685
87 29 1248 1282
90 30 1248 1342
92 31 1248 1037
92 32 1248 335
95 33 1248 1335
95 34 1248 229
95 35 1248 215
97 36 1248 884
97 37 1248 372
99 38 1248 882
100 39 1248 505
101 40 1248 704
101 41 1248 384
105 42 1248 1466
105 43 1248 280
116 44 1248 1864
116 45 1248 146
117 46 1248 811
119 49 1248 414
119 48 1248 148
119 47 1248 1116
122 50 1248 1268
126 51 1248 1359
126 52 1248 312
129 53 1248 1159
129 54 1248 275
132 55 1248 1179
132 56 1248 144
144 58 1248 36
144 57 1248 1875
151 59 1248 1749
152 60 1248 841
156 61 1248 1475
157 62 1248 723
157 63 1248 159
166 64 1248 1824
166 65 1248 316
173 66 1248 1728
178 67 1248 1568
181 68 1248 1174
182 69 1248 699
182 70 1248 155
184 71 1248 1138
184 72 1248 174
185 73 1248 686
185 74 1248 293
185 75 1248 27
195 77 1248 417
195 76 1248 1845
196 78 1248 646
204 79 1248 1762
206 80 1248 1131
211 81 1248 1605
216 82 1248 1537
216 83 1248 78
216 84 1248 14
231 85 1248 1907
232 86 1248 724
234 87 1248 1100
236 88 1248 1060
238 89 1248 974
238 90 1248 71
240 91 1248 933
240 92 1248 335
242 93 1248 1057
247 94 1248 1588
250 95 1248 1153
255 96 1248 1586
258 97 1248 1307
258 98 1248 381
263 99 1248 1548
263 100 1248 342
266 101 1248 1168
277 102 1248 1867
281 104 1248 258
281 105 1248 130
281 103 1248 1373
284 106 1248 1185
289 107 1248 1551
290 108 1248 866
290 109 1248 248
293 110 1248 1258
299 111 1248 1652
302 113 1248 199
302 112 1248 1229
303 114 1248 618
306 115 1248 1161
317 116 1248 1863
318 117 1248 644
318 118 1248 145
328 119 1248 1841
333 120 1248 1516
334 121 1248 627
335 122 1248 507
335 123 1248 199
336 124 1248 628
339 125 1248 1146
340 126 1248 803
342 127 1248 1041
344 128 1248 1023
346 129 1248 1064
346 130 1248 365
347 131 1248 538
347 132 1248 35
349 133 1248 1022
353 134 1248 1419
366 135 1248 1887
372 136 1248 1663
372 137 1248 163
379 138 1248 1745
388 139 1248 1808
389 140 1248 722
391 141 1248 1097
391 142 1248 233
392 143 1248 812
398 144 1248 1641
398 145 1248 343
404 146 1248 1629
404 147 1248 135
404 148 1248 439
404 149 1248 426
407 150 1248 1215
409 151 1248 941
412 154 1248 31
412 153 1248 464
412 152 1248 1161
418 155 1248 1640
419 156 1248 661
425 157 1248 1667
426 158 1248 745
428 159 1248 1036
431 160 1248 1252
431 161 1248 143
432 162 1248 528
439 163 1248 1726
448 164 1248 1807
449 165 1248 720
455 166 1248 1616
455 167 1248 206
456 168 1248 704
457 169 1248 655
461 170 1248 1423
468 171 1248 1699
469 173 1248 261
469 172 1248 824
471 174 1248 1119
471 175 1248 419
471 176 1248 393
477 177 1248 1619
477 178 1248 483
477 179 1248 284
481 180 1248 1442
482 181 1248 667
483 182 1248 602
484 183 1248 596
492 184 1248 1774
496 185 1248 1349
499 186 1248 1301
504 187 1248 1496
506 188 1248 990
513 189 1248 1704
516 190 1248 1226
535 191 1248 1920
538 192 1248 1342
539 193 1248 708
540 194 1248 556
541 195 1248 578
542 196 1248 569
542 197 1248 432
544 198 1248 930
546 199 1248 920
547 200 1248 652
551 201 1248 1422
555 202 1248 1356
562 203 1248 1708
564 204 1248 928
568 205 1248 1440
568 206 1248 117
570 207 1248 900
573 208 1248 1270
578 209 1248 1537
581 210 1248 1246
583 211 1248 966
586 212 1248 1184
586 213 1248 461
591 214 1248 1519
592 215 1248 585
596 216 1248 1465
607 217 1248 1856
619 218 1248 1877
619 219 1248 457
622 221 1248 120
622 220 1248 1343
624 222 1248 1140
626 223 1248 925
630 224 1248 1353
634 225 1248 1428
634 226 1248 356
634 227 1248 115
640 228 1248 1630
641 229 1248 540
649 230 1248 1774
662 231 1248 1886
663 232 1248 689
667 233 1248 1487
672 234 1248 1556
672 235 1248 19
675 236 1248 1236
676 237 1248 819
681 239 1248 333
681 238 1248 1592
684 240 1248 1232
684 241 1248 401
684 242 1248 225
688 243 1248 1378
688 244 1248 457
688 245 1248 260
689 246 1248 735
691 247 1248 881
693 248 1248 1114
707 249 1248 1896
709 250 1248 1038
710 251 1248 638
710 252 1248 479
710 253 1248 472
715 254 1248 1501
716 257 1248 430
716 258 1248 354
716 255 1248 532
716 256 1248 282
720 259 1248 1425
722 260 1248 1084
722 261 1248 1
725 262 1248 1195
726 263 1248 730
732 264 1248 1688
735 266 1248 277
735 265 1248 1284
741 267 1248 1621
742 268 1248 829
747 269 1248 1500
750 270 1248 1273
751 271 1248 646
751 272 1248 264
756 273 1248 1543
759 274 1248 1150
761 275 1248 942
770 276 1248 1819
776 278 1248 467
776 277 1248 1687
778 279 1248 1093
779 280 1248 692
783 281 1248 1400
785 282 1248 926
791 283 1248 1658
795 284 1248 1426
797 285 1248 1136
801 287 1248 216
801 286 1248 1407
817 288 1248 1911
819 289 1248 1024
825 290 1248 1661
826 291 1248 805
826 292 1248 464
826 293 1248 166
829 294 1248 1174
832 295 1248 1230
834 296 1248 1131
838 297 1248 1420
844 298 1248 1614
846 299 1248 1097
861 300 1248 1908
863 301 1248 1039
863 302 1248 51
868 303 1248 1539
869 305 1248 391
869 304 1248 622
869 306 1248 373
