9 0 1584 1812
9 1 1584 401
18 2 1584 1805
20 3 1584 1034
21 4 1584 635
22 5 1584 828
23 6 1584 789
29 7 1584 1655
33 8 1584 1474
33 9 1584 477
35 10 1584 990
36 11 1584 788
37 12 1584 686
40 13 1584 1158
40 14 1584 361
40 15 1584 102
42 17 1584 51
42 16 1584 1114
45 18 1584 1242
46 19 1584 773
49 20 1584 1239
49 21 1584 472
59 22 1584 1836
62 23 1584 1297
62 24 1584 387
63 26 1584 239
63 27 1584 266
63 25 1584 864
66 28 1584 1195
68 29 1584 967
71 30 1584 1203
71 31 1584 295
72 32 1584 706
74 33 1584 987
85 34 1584 1866
88 35 1584 1218
91 36 1584 1262
93 37 1584 1088
93 38 1584 46
97 39 1584 1392
98 40 1584 565
100 41 1584 1087
104 42 1584 1357
105 43 1584 782
107 44 1584 980
109 45 1584 1120
111 47 1584 398
111 46 1584 902
112 48 1584 612
114 49 1584 902
115 50 1584 538
118 51 1584 1310
118 52 1584 34
129 53 1584 1868
132 54 1584 1262
135 56 1584 490
135 55 1584 1339
136 57 1584 507
137 58 1584 647
144 59 1584 1695
145 60 1584 588
146 61 1584 522
146 62 1584 460
147 63 1584 506
150 64 1584 1199
151 66 1584 82
151 65 1584 694
157 67 1584 1623
160 68 1584 1216
162 69 1584 1067
163 70 1584 765
163 71 1584 26
163 72 1584 4
171 74 1584 207
171 75 1584 152
171 73 1584 1775
173 76 1584 1040
175 77 1584 1053
175 78 1584 317
178 79 1584 1191
191 80 1584 1887
199 81 1584 1766
204 84 1584 428
204 83 1584 293
204 82 1584 1579
213 85 1584 1818
213 86 1584 261
214 87 1584 762
220 88 1584 1650
221 89 1584 527
222 90 1584 728
223 92 1584 441
223 93 1584 276
223 91 1584 755
224 94 1584 803
224 95 1584 43
225 96 1584 627
226 97 1584 850
231 98 1584 1508
231 99 1584 285
233 100 1584 1038
236 101 1584 1203
238 102 1584 1107
242 103 1584 1469
242 104 1584 137
243 105 1584 512
246 106 1584 1305
246 107 1584 183
252 108 1584 1660
254 109 1584 1110
254 110 1584 298
258 111 1584 1362
258 112 1584 189
262 113 1584 1380
269 114 1584 1732
270 115 1584 747
271 116 1584 868
271 117 1584 166
271 118 1584 78
274 119 1584 1306
274 120 1584 433
277 121 1584 1244
291 122 1584 1898
292 123 1584 689
292 124 1584 339
292 125 1584 10
297 126 1584 1509
303 127 1584 1653
305 128 1584 971
305 129 1584 164
309 131 1584 189
309 130 1584 1449
313 132 1584 1470
313 133 1584 32
313 134 1584 152
314 135 1584 684
315 136 1584 659
315 137 1584 109
315 138 1584 155
325 139 1584 1841
326 140 1584 513
326 141 1584 77
328 142 1584 1026
329 143 1584 540
329 144 1584 228
332 145 1584 1291
333 146 1584 565
335 148 1584 469
335 147 1584 985
335 149 1584 56
337 150 1584 1100
337 151 1584 460
338 153 1584 201
338 152 1584 772
346 154 1584 1776
353 155 1584 1719
356 156 1584 1230
356 157 1584 417
358 158 1584 1130
358 159 1584 127
360 160 1584 927
365 161 1584 1576
367 162 1584 1136
372 163 1584 1496
377 164 1584 1585
377 165 1584 109
386 166 1584 1816
386 167 1584 157
389 168 1584 1228
391 169 1584 1047
391 170 1584 87
392 173 1584 161
392 171 1584 758
392 172 1584 10
393 174 1584 793
393 175 1584 356
393 176 1584 217
397 177 1584 1358
397 178 1584 461
399 179 1584 973
403 180 1584 1369
404 181 1584 523
407 182 1584 1184
409 183 1584 915
411 184 1584 989
413 185 1584 989
416 186 1584 1342
419 188 1584 180
419 189 1584 358
419 187 1584 1269
423 191 1584 241
423 190 1584 1379
425 192 1584 904
425 193 1584 28
427 194 1584 913
428 195 1584 861
429 196 1584 865
433 197 1584 1455
435 198 1584 879
435 199 1584 118
439 201 1584 407
439 200 1584 1399
445 202 1584 1682
449 203 1584 1346
462 204 1584 1893
462 205 1584 342
462 206 1584 449
463 207 1584 610
466 208 1584 1332
470 209 1584 1419
475 210 1584 1501
484 211 1584 1797
496 212 1584 1881
496 213 1584 156
497 214 1584 682
497 215 1584 404
497 216 1584 392
497 217 1584 221
498 218 1584 507
499 219 1584 596
500 220 1584 692
501 221 1584 547
515 222 1584 1901
517 223 1584 869
522 224 1584 1593
530 225 1584 1771
538 226 1584 1778
553 227 1584 1907
556 228 1584 1173
567 229 1584 1857
571 230 1584 1416
572 231 1584 687
572 232 1584 478
572 233 1584 342
577 234 1584 1499
579 235 1584 961
580 236 1584 766
588 237 1584 1762
590 238 1584 946
591 239 1584 647
592 240 1584 539
593 241 1584 731
604 242 1584 1861
605 243 1584 685
606 244 1584 781
611 245 1584 1507
611 246 1584 285
612 247 1584 748
615 248 1584 1270
616 249 1584 509
616 250 1584 469
617 251 1584 643
619 252 1584 948
619 253 1584 283
623 254 1584 1351
624 255 1584 851
624 256 1584 430
625 257 1584 812
631 258 1584 1678
631 259 1584 122
631 260 1584 488
631 261 1584 466
635 262 1584 1362
639 263 1584 1400
639 264 1584 3
640 265 1584 814
643 266 1584 1318
648 267 1584 1539
649 268 1584 582
655 269 1584 1645
660 270 1584 1562
661 271 1584 554
664 272 1584 1199
672 273 1584 1784
672 274 1584 56
684 275 1584 1885
685 276 1584 611
688 279 1584 85
688 277 1584 1215
688 278 1584 88
692 280 1584 1486
694 281 1584 1030
695 282 1584 636
696 283 1584 664
700 284 1584 1387
701 285 1584 773
707 287 1584 194
707 286 1584 1663
709 288 1584 915
710 289 1584 648
711 290 1584 531
723 291 1584 1878
723 292 1584 84
724 293 1584 824
724 294 1584 158
724 295 1584 72
727 297 1584 460
727 296 1584 1294
728 298 1584 682
741 299 1584 1891
741 300 1584 188
742 301 1584 670
742 302 1584 166
747 303 1584 1550
749 304 1584 871
759 305 1584 1839
763 306 1584 1368
