1 0 1804 669
13 1 1804 1881
13 2 1804 185
16 3 1804 1224
18 4 1804 910
18 5 1804 443
24 6 1804 1685
26 8 1804 282
26 7 1804 1130
28 9 1804 1003
28 10 1804 399
32 11 1804 1368
38 12 1804 1661
52 13 1804 1896
65 14 1804 1893
72 15 1804 1745
75 16 1804 1244
75 17 1804 316
79 18 1804 1395
86 19 1804 1729
92 20 1804 1667
92 21 1804 491
96 22 1804 1473
96 23 1804 396
98 24 1804 1016
99 25 1804 571
102 26 1804 1300
107 27 1804 1596
112 28 1804 1502
120 29 1804 1765
122 30 1804 914
133 31 1804 1864
133 32 1804 37
133 33 1804 383
140 34 1804 1699
146 38 1804 274
146 37 1804 128
146 36 1804 121
146 35 1804 1643
153 39 1804 1715
155 40 1804 896
158 41 1804 1308
166 42 1804 1793
170 43 1804 1489
174 44 1804 1348
175 45 1804 593
176 47 1804 238
176 46 1804 513
178 48 1804 946
178 49 1804 190
183 50 1804 1530
191 51 1804 1771
197 52 1804 1618
197 53 1804 287
204 56 1804 408
204 55 1804 177
204 54 1804 1741
211 57 1804 1714
211 58 1804 207
211 59 1804 338
213 60 1804 1067
213 61 1804 89
218 65 1804 459
218 64 1804 88
218 62 1804 1553
218 63 1804 441
221 66 1804 1331
224 67 1804 1278
224 68 1804 196
224 69 1804 250
230 70 1804 1624
232 72 1804 41
232 71 1804 1116
237 73 1804 1604
238 75 1804 359
238 74 1804 832
239 76 1804 623
254 77 1804 1908
256 78 1804 972
256 79 1804 423
256 80 1804 57
258 81 1804 1062
259 82 1804 649
262 84 1804 234
262 83 1804 1312
264 85 1804 1068
264 86 1804 246
270 87 1804 1674
271 88 1804 566
276 89 1804 1521
279 90 1804 1235
279 91 1804 332
289 92 1804 1846
300 93 1804 1860
301 94 1804 647
302 95 1804 807
308 96 1804 1680
312 97 1804 1351
316 98 1804 1401
318 99 1804 889
321 100 1804 1186
324 101 1804 1160
324 102 1804 41
325 105 1804 413
325 104 1804 491
325 103 1804 696
332 106 1804 1729
332 107 1804 13
336 108 1804 1379
340 109 1804 1382
344 110 1804 1479
344 111 1804 424
345 112 1804 741
352 115 1804 5
352 113 1804 1708
352 114 1804 280
356 116 1804 1364
356 117 1804 241
356 118 1804 206
358 119 1804 945
358 120 1804 213
363 121 1804 1581
364 122 1804 711
365 123 1804 600
367 124 1804 939
370 125 1804 1291
373 126 1804 1195
373 127 1804 105
375 128 1804 957
375 129 1804 25
376 130 1804 604
379 131 1804 1197
380 133 1804 83
380 132 1804 507
383 134 1804 1162
384 135 1804 822
386 136 1804 1020
398 137 1804 1878
399 138 1804 820
406 139 1804 1746
409 140 1804 1264
409 141 1804 233
409 142 1804 295
411 143 1804 1109
411 144 1804 42
412 145 1804 810
417 146 1804 1516
417 147 1804 137
422 148 1804 1580
423 149 1804 641
427 150 1804 1367
431 151 1804 1439
434 153 1804 456
434 152 1804 1144
435 154 1804 676
440 155 1804 1530
440 156 1804 449
444 157 1804 1366
450 158 1804 1681
452 159 1804 1124
455 160 1804 1143
461 161 1804 1623
463 162 1804 981
467 163 1804 1354
468 164 1804 778
468 165 1804 282
478 166 1804 1842
479 167 1804 657
480 168 1804 546
484 169 1804 1383
486 170 1804 910
490 171 1804 1411
493 172 1804 1345
493 173 1804 385
498 174 1804 1606
513 175 1804 1904
516 176 1804 1285
521 177 1804 1527
522 179 1804 128
522 178 1804 557
529 180 1804 1700
531 181 1804 1057
531 182 1804 450
531 183 1804 315
532 184 1804 582
534 187 1804 50
534 185 1804 1089
534 186 1804 52
537 188 1804 1332
542 190 1804 373
542 189 1804 1556
547 191 1804 1579
547 192 1804 196
553 193 1804 1621
554 194 1804 602
559 195 1804 1565
562 196 1804 1177
563 197 1804 866
563 198 1804 330
569 199 1804 1685
571 200 1804 893
572 201 1804 858
577 202 1804 1516
577 203 1804 197
583 204 1804 1656
595 205 1804 1881
595 206 1804 94
596 207 1804 758
597 208 1804 775
598 210 1804 244
598 209 1804 696
599 211 1804 847
600 212 1804 808
605 213 1804 1552
609 214 1804 1348
609 215 1804 86
612 216 1804 1172
613 217 1804 665
614 218 1804 771
620 219 1804 1613
620 220 1804 229
628 221 1804 1791
631 222 1804 1250
633 223 1804 914
635 224 1804 1010
638 225 1804 1255
641 226 1804 1214
647 227 1804 1648
654 229 1804 40
654 228 1804 1708
655 230 1804 727
655 231 1804 419
658 232 1804 1196
659 233 1804 797
662 234 1804 1160
663 235 1804 842
667 236 1804 1465
667 237 1804 253
668 238 1804 583
669 239 1804 626
671 240 1804 995
674 241 1804 1219
677 242 1804 1200
678 243 1804 636
681 244 1804 1312
685 245 1804 1450
686 246 1804 770
687 248 1804 272
687 247 1804 568
688 249 1804 515
688 250 1804 393
689 251 1804 511
689 252 1804 94
690 253 1804 642
694 254 1804 1455
696 255 1804 1026
701 256 1804 1532
702 257 1804 602
704 258 1804 1111
704 259 1804 401
705 260 1804 666
705 261 1804 370
707 262 1804 974
708 263 1804 735
721 264 1804 1893
728 265 1804 1749
733 268 1804 392
733 267 1804 11
733 266 1804 1575
734 269 1804 506
735 270 1804 546
737 271 1804 919
737 272 1804 81
737 273 1804 145
738 274 1804 617
740 275 1804 935
741 276 1804 591
742 277 1804 614
747 278 1804 1526
751 279 1804 1484
751 280 1804 485
752 281 1804 646
756 282 1804 1375
759 283 1804 1193
764 285 1804 215
764 286 1804 325
764 284 1804 1572
765 287 1804 553
768 288 1804 1266
768 289 1804 133
771 290 1804 1234
772 291 1804 862
774 292 1804 1066
774 293 1804 182
786 294 1804 1884
787 297 1804 465
787 295 1804 625
787 296 1804 244
788 298 1804 667
792 299 1804 1488
801 300 1804 1800
802 301 1804 758
802 302 1804 176
809 303 1804 1691
822 304 1804 1894
826 305 1804 1398
826 306 1804 429
