2 0 718 998
8 1 718 1662
18 2 718 1843
20 3 718 1104
20 4 718 70
20 5 718 22
20 6 718 497
22 7 718 981
25 8 718 1299
27 9 718 1088
32 10 718 1552
32 11 718 406
43 12 718 1858
43 13 718 173
60 14 718 1913
60 15 718 127
62 17 718 369
62 18 718 318
62 16 718 975
63 19 718 800
64 20 718 841
65 21 718 841
70 22 718 1557
71 23 718 520
74 24 718 1199
77 25 718 1215
78 27 718 333
78 26 718 631
79 28 718 822
82 29 718 1166
87 30 718 1566
93 31 718 1645
110 32 718 1913
113 33 718 1338
118 34 718 1524
125 36 718 382
125 35 718 1691
130 37 718 1571
131 38 718 780
133 39 718 1137
135 40 718 1053
137 41 718 1079
141 42 718 1396
144 43 718 1324
149 44 718 1569
153 45 718 1405
164 46 718 1859
165 48 718 53
165 47 718 663
166 49 718 775
168 50 718 871
168 51 718 278
169 52 718 831
169 53 718 471
171 54 718 1100
171 55 718 157
171 56 718 104
174 57 718 1323
184 58 718 1829
185 59 718 779
188 60 718 1316
188 61 718 164
188 62 718 159
188 63 718 132
192 64 718 1446
202 65 718 1831
202 66 718 418
203 67 718 519
204 68 718 573
204 69 718 221
210 70 718 1669
213 71 718 1328
218 72 718 1514
220 73 718 1105
226 74 718 1671
232 75 718 1687
236 77 718 232
236 76 718 1369
238 78 718 876
245 79 718 1719
248 80 718 1281
261 81 718 1892
261 82 718 279
261 83 718 47
261 84 718 295
264 85 718 1287
265 86 718 814
269 87 718 1441
269 88 718 237
273 89 718 1366
278 90 718 1587
280 91 718 983
286 92 718 1666
286 93 718 0
293 94 718 1746
295 95 718 889
297 96 718 919
300 97 718 1263
309 98 718 1803
315 99 718 1662
317 100 718 987
320 101 718 1339
320 102 718 89
328 103 718 1756
330 104 718 1031
334 105 718 1467
335 106 718 689
341 107 718 1650
342 108 718 724
345 109 718 1338
346 110 718 713
355 111 718 1796
355 112 718 447
355 113 718 110
359 114 718 1423
363 115 718 1348
372 116 718 1809
372 117 718 112
380 118 718 1762
380 119 718 158
382 120 718 1017
384 121 718 901
384 122 718 282
386 123 718 1132
387 124 718 559
388 125 718 685
393 126 718 1587
398 127 718 1513
401 128 718 1284
402 129 718 782
403 130 718 767
403 131 718 105
403 132 718 354
405 133 718 1139
406 134 718 731
417 135 718 1867
426 136 718 1802
426 137 718 447
428 138 718 941
429 139 718 752
430 140 718 598
432 141 718 1089
433 142 718 716
434 143 718 824
435 144 718 653
442 145 718 1715
443 146 718 536
448 147 718 1555
449 148 718 502
449 149 718 398
451 150 718 1004
452 151 718 807
456 152 718 1426
462 153 718 1644
463 154 718 644
463 155 718 86
465 156 718 1056
467 157 718 882
470 158 718 1196
470 159 718 345
479 160 718 1805
481 162 718 365
481 161 718 1101
492 163 718 1867
493 164 718 570
494 165 718 608
498 166 718 1442
501 167 718 1233
504 168 718 1304
508 169 718 1480
512 170 718 1470
516 171 718 1361
518 172 718 1095
520 173 718 1010
524 174 718 1485
534 175 718 1853
534 176 718 184
538 177 718 1383
538 178 718 478
539 180 718 149
539 181 718 31
539 179 718 769
541 182 718 1011
543 183 718 886
550 184 718 1702
562 185 718 1884
563 186 718 604
564 187 718 634
564 188 718 494
565 189 718 645
566 190 718 810
568 191 718 919
571 192 718 1175
572 193 718 595
574 194 718 871
578 195 718 1421
579 196 718 723
580 199 718 44
580 200 718 273
580 197 718 774
580 198 718 253
583 201 718 1228
583 202 718 251
585 203 718 946
586 204 718 852
591 205 718 1567
597 208 718 159
597 206 718 1636
597 207 718 416
598 209 718 716
607 210 718 1826
612 211 718 1598
612 212 718 403
612 213 718 427
612 214 718 195
620 215 718 1774
620 216 718 89
624 217 718 1404
624 218 718 164
625 220 718 4
625 219 718 611
626 221 718 807
627 222 718 738
628 223 718 658
629 224 718 670
630 225 718 551
630 226 718 185
631 228 718 138
631 227 718 500
631 229 718 63
633 230 718 1130
636 231 718 1335
638 232 718 1129
638 233 718 433
638 234 718 496
639 235 718 846
646 242 718 475
646 241 718 187
646 240 718 247
646 239 718 134
646 238 718 33
646 237 718 64
646 236 718 1704
653 243 718 1703
654 244 718 743
656 245 718 1137
657 246 718 515
658 247 718 748
658 248 718 399
660 249 718 1022
663 250 718 1332
666 251 718 1243
667 252 718 609
672 253 718 1567
672 254 718 40
676 255 718 1390
676 256 718 489
681 259 718 301
681 258 718 276
681 257 718 1517
685 260 718 1381
687 261 718 1136
687 262 718 277
687 263 718 95
692 264 718 1510
692 265 718 491
692 266 718 468
705 267 718 1894
716 268 718 1856
719 269 718 1274
719 270 718 69
719 271 718 25
723 272 718 1371
723 273 718 29
723 274 718 363
730 275 718 1741
730 276 718 331
732 277 718 960
742 278 718 1839
746 279 718 1457
746 280 718 35
750 281 718 1362
750 282 718 100
752 283 718 1041
753 284 718 656
762 285 718 1811
763 286 718 725
767 288 718 393
767 287 718 1487
769 289 718 1030
769 290 718 357
769 291 718 186
776 292 718 1713
782 293 718 1657
783 294 718 677
785 295 718 1036
795 299 718 252
795 298 718 192
795 297 718 380
795 296 718 1835
796 300 718 668
797 301 718 545
798 302 718 816
800 303 718 1050
802 304 718 952
805 305 718 1306
814 306 718 1797
