3 0 775 1206
4 1 775 856
7 2 775 1275
10 3 775 1227
12 4 775 916
12 5 775 303
13 6 775 723
16 7 775 1286
17 10 775 113
17 8 775 585
17 9 775 438
20 11 775 1152
22 12 775 1127
39 13 775 1913
44 14 775 1523
48 16 775 38
48 15 775 1484
50 17 775 908
54 18 775 1366
59 19 775 1565
67 20 775 1784
69 21 775 959
72 22 775 1339
72 23 775 209
78 24 775 1608
78 25 775 174
78 26 775 280
79 27 775 801
80 28 775 753
81 29 775 596
83 30 775 994
86 31 775 1183
91 32 775 1527
91 33 775 100
94 34 775 1183
104 35 775 1833
104 36 775 122
110 37 775 1688
112 38 775 968
123 39 775 1856
127 40 775 1368
130 41 775 1301
132 42 775 976
133 43 775 626
134 44 775 722
136 45 775 982
145 46 775 1822
150 47 775 1573
150 48 775 406
155 49 775 1591
156 50 775 719
158 51 775 983
162 52 775 1437
163 53 775 761
164 54 775 757
164 55 775 247
168 56 775 1442
170 57 775 1066
175 58 775 1543
176 59 775 742
176 60 775 23
186 61 775 1846
187 62 775 533
204 63 775 1914
208 64 775 1369
209 65 775 854
214 66 775 1549
216 67 775 1027
217 68 775 729
223 69 775 1614
227 70 775 1361
227 71 775 275
238 72 775 1864
242 73 775 1435
242 74 775 196
242 75 775 483
257 76 775 1908
258 77 775 712
262 78 775 1412
263 79 775 626
263 80 775 277
264 81 775 632
264 82 775 394
266 83 775 1086
275 85 775 11
275 84 775 1802
281 86 775 1670
282 87 775 766
285 88 775 1267
287 89 775 936
287 90 775 391
289 92 775 145
289 91 775 980
289 93 775 226
299 94 775 1833
303 95 775 1446
304 96 775 768
306 97 775 987
309 98 775 1182
317 99 775 1792
321 100 775 1358
322 101 775 794
323 102 775 843
324 105 775 443
324 103 775 716
324 104 775 229
326 106 775 1043
326 107 775 2
327 108 775 564
327 109 775 274
327 110 775 263
328 111 775 729
333 112 775 1579
335 114 775 464
335 113 775 916
338 115 775 1316
342 116 775 1452
346 117 775 1371
346 118 775 112
350 119 775 1357
352 120 775 1108
353 121 775 782
359 122 775 1685
366 123 775 1718
369 124 775 1223
369 125 775 380
369 126 775 130
375 127 775 1638
380 128 775 1527
381 129 775 675
387 130 775 1640
389 131 775 920
393 132 775 1454
398 133 775 1544
401 134 775 1193
405 135 775 1408
412 136 775 1713
417 137 775 1603
418 138 775 856
422 139 775 1358
424 140 775 893
430 142 775 202
430 141 775 1668
432 143 775 993
433 144 775 672
438 145 775 1586
441 146 775 1326
444 147 775 1153
450 148 775 1686
451 149 775 517
470 150 775 1919
473 151 775 1321
475 152 775 875
482 153 775 1749
483 154 775 683
484 155 775 575
486 156 775 1034
488 157 775 1049
492 158 775 1418
500 159 775 1773
500 160 775 313
503 162 775 400
503 161 775 1329
512 163 775 1813
513 164 775 559
516 165 775 1268
519 166 775 1200
519 167 775 34
525 168 775 1648
527 169 775 981
532 170 775 1527
540 171 775 1773
541 172 775 514
542 173 775 678
542 174 775 464
546 175 775 1365
547 176 775 579
548 177 775 691
550 178 775 1046
555 179 775 1561
557 180 775 979
559 181 775 901
571 182 775 1877
573 183 775 1009
574 184 775 681
574 185 775 318
574 186 775 45
580 187 775 1630
581 188 775 860
582 189 775 617
582 190 775 373
583 192 775 185
583 191 775 664
585 193 775 1007
587 194 775 1045
591 195 775 1488
594 196 775 1267
594 197 775 314
594 198 775 434
597 199 775 1329
597 200 775 386
600 201 775 1291
604 202 775 1429
605 203 775 704
607 204 775 915
607 205 775 145
608 206 775 807
608 207 775 196
611 208 775 1284
614 209 775 1243
634 212 775 3
634 211 775 342
634 210 775 1921
642 213 775 1781
643 214 775 794
646 215 775 1337
650 216 775 1377
653 217 775 1315
655 218 775 1131
655 219 775 240
658 220 775 1222
662 221 775 1495
664 222 775 1099
666 223 775 1031
667 224 775 607
668 225 775 862
673 226 775 1588
677 227 775 1431
682 228 775 1558
684 232 775 257
684 231 775 265
684 230 775 97
684 229 775 901
690 233 775 1642
693 234 775 1175
699 235 775 1612
703 236 775 1396
706 237 775 1172
706 238 775 94
707 239 775 536
711 240 775 1436
719 241 775 1774
719 242 775 345
724 243 775 1542
725 244 775 620
725 245 775 31
726 246 775 660
726 247 775 328
726 248 775 213
732 250 775 111
732 249 775 1632
744 251 775 1877
746 252 775 1107
746 253 775 193
746 254 775 107
747 259 775 52
747 255 775 816
747 256 775 192
747 257 775 398
747 258 775 97
747 260 775 481
750 261 775 1300
751 262 775 563
751 263 775 383
754 264 775 1146
760 266 775 84
760 267 775 286
760 265 775 1655
761 268 775 606
763 269 775 1106
774 270 775 1865
774 271 775 204
777 272 775 1220
778 273 775 595
779 274 775 729
783 275 775 1372
786 276 775 1149
790 277 775 1482
790 278 775 410
791 280 775 201
791 279 775 576
794 281 775 1259
797 282 775 1217
807 283 775 1850
808 284 775 789
808 285 775 145
810 286 775 1082
810 287 775 64
815 289 775 358
815 288 775 1534
819 290 775 1420
821 291 775 998
823 292 775 1075
823 293 775 42
823 294 775 54
823 295 775 135
826 296 775 1211
839 298 775 396
839 297 775 1886
841 299 775 890
852 300 775 1871
852 301 775 374
858 302 775 1647
860 303 775 1031
867 304 775 1692
877 305 775 1832
878 306 775 656
