0 0 342 327
2 1 342 1018
4 2 342 1003
5 3 342 724
5 4 342 427
5 5 342 116
9 6 342 1363
16 7 342 1745
23 8 342 1726
25 9 342 989
26 10 342 844
37 11 342 1869
39 12 342 985
44 13 342 1553
47 14 342 1195
49 15 342 1005
50 16 342 624
60 17 342 1833
61 18 342 759
66 19 342 1533
75 20 342 1817
81 21 342 1687
89 22 342 1764
92 23 342 1334
93 24 342 619
94 25 342 618
99 26 342 1600
100 27 342 589
102 28 342 909
109 29 342 1739
110 30 342 686
110 31 342 176
110 32 342 331
115 33 342 1594
116 34 342 719
119 35 342 1195
122 37 342 56
122 36 342 1174
123 38 342 718
123 39 342 81
127 40 342 1348
127 41 342 139
127 42 342 80
137 43 342 1840
144 44 342 1706
145 46 342 144
145 45 342 694
146 47 342 829
146 48 342 45
148 49 342 1112
154 50 342 1636
154 51 342 150
156 52 342 1075
157 53 342 571
167 54 342 1835
168 55 342 565
171 56 342 1179
176 57 342 1594
176 58 342 104
183 59 342 1734
183 60 342 441
184 61 342 773
185 62 342 835
201 63 342 1911
201 64 342 303
202 65 342 668
207 66 342 1538
210 67 342 1316
211 68 342 833
241 69 342 1924
249 70 342 1755
250 71 342 568
252 72 342 1114
253 74 342 184
253 73 342 677
259 75 342 1678
264 76 342 1606
274 77 342 1848
279 78 342 1552
289 79 342 1849
289 80 342 473
290 81 342 771
291 82 342 544
298 83 342 1722
298 84 342 103
299 85 342 536
301 86 342 1025
307 87 342 1684
313 88 342 1684
313 89 342 154
313 90 342 16
318 91 342 1504
330 92 342 1877
332 93 342 909
337 94 342 1565
338 95 342 574
341 96 342 1228
341 97 342 94
346 98 342 1537
348 99 342 1037
350 100 342 1081
351 101 342 752
371 102 342 1920
371 103 342 45
374 104 342 1281
376 105 342 1067
378 106 342 960
378 107 342 397
378 108 342 387
378 109 342 156
380 110 342 883
383 111 342 1255
383 112 342 41
383 113 342 180
386 114 342 1260
391 115 342 1594
391 116 342 229
393 117 342 1037
402 118 342 1808
409 119 342 1692
414 120 342 1568
422 121 342 1778
427 122 342 1557
428 123 342 679
443 124 342 1908
443 125 342 250
444 126 342 616
444 127 342 204
446 128 342 1037
451 129 342 1534
451 130 342 450
456 131 342 1512
456 132 342 311
457 133 342 515
458 134 342 767
464 135 342 1646
465 136 342 775
466 137 342 499
466 138 342 441
468 139 342 960
473 140 342 1500
474 141 342 628
477 142 342 1297
482 143 342 1527
485 144 342 1195
486 145 342 685
490 146 342 1463
497 147 342 1696
502 148 342 1574
515 149 342 1896
515 150 342 345
515 151 342 191
515 152 342 211
523 153 342 1770
527 154 342 1394
530 155 342 1227
532 156 342 1120
535 157 342 1241
535 158 342 61
537 159 342 1031
537 160 342 451
538 161 342 755
541 162 342 1285
542 163 342 777
548 164 342 1631
551 165 342 1296
553 166 342 944
557 167 342 1451
560 168 342 1337
565 169 342 1539
566 170 342 818
572 171 342 1655
573 172 342 596
574 173 342 847
574 174 342 191
576 175 342 939
576 176 342 481
576 177 342 29
580 178 342 1408
583 179 342 1222
584 180 342 712
585 181 342 844
586 182 342 555
588 183 342 1066
591 184 342 1189
591 185 342 258
594 186 342 1301
594 187 342 466
596 188 342 1045
600 189 342 1465
601 190 342 525
605 192 342 437
605 191 342 1459
608 193 342 1335
609 194 342 509
610 195 342 744
613 196 342 1267
614 197 342 520
623 198 342 1821
632 199 342 1823
638 203 342 35
638 202 342 359
638 201 342 11
638 200 342 1666
640 204 342 1077
641 205 342 614
646 206 342 1520
649 207 342 1288
654 208 342 1578
654 209 342 454
655 210 342 746
657 211 342 1090
665 212 342 1757
666 213 342 764
666 214 342 318
671 215 342 1532
671 216 342 200
671 217 342 219
676 218 342 1512
680 219 342 1372
700 222 342 406
700 220 342 1920
700 221 342 477
709 223 342 1796
711 224 342 1013
714 225 342 1284
717 226 342 1218
720 228 342 338
720 227 342 1186
724 229 342 1371
729 230 342 1597
742 231 342 1886
742 232 342 132
747 233 342 1509
751 234 342 1481
752 235 342 701
752 236 342 484
753 237 342 519
770 238 342 1913
771 239 342 574
772 240 342 663
772 241 342 12
773 242 342 812
774 243 342 590
775 244 342 718
779 245 342 1359
785 246 342 1626
790 247 342 1597
792 248 342 1016
794 249 342 902
795 250 342 544
797 251 342 1048
799 252 342 932
799 253 342 449
808 254 342 1828
811 255 342 1188
816 256 342 1530
816 257 342 487
818 258 342 947
825 259 342 1718
828 260 342 1321
828 261 342 334
830 262 342 950
830 263 342 207
831 264 342 782
832 265 342 784
834 266 342 958
834 267 342 248
837 268 342 1208
842 269 342 1542
844 270 342 1047
849 271 342 1606
849 272 342 230
851 273 342 938
852 274 342 708
867 275 342 1908
872 276 342 1590
879 277 342 1740
881 278 342 1078
886 279 342 1578
891 280 342 1582
896 281 342 1545
896 282 342 169
900 283 342 1360
901 284 342 827
902 285 342 549
904 286 342 954
910 287 342 1608
915 288 342 1606
915 289 342 292
917 290 342 1095
938 291 342 1921
943 292 342 1497
943 293 342 195
946 294 342 1178
946 295 342 329
948 296 342 986
949 297 342 605
956 298 342 1733
967 299 342 1859
967 300 342 401
971 301 342 1378
971 302 342 389
975 303 342 1398
983 304 342 1779
984 305 342 862
985 306 342 817
