1 0 671 791
2 1 671 543
2 2 671 487
4 3 671 982
7 4 671 1148
13 5 671 1665
13 6 671 271
14 7 671 677
14 8 671 87
21 9 671 1737
23 10 671 1065
28 11 671 1586
29 12 671 664
29 13 671 357
29 14 671 378
30 15 671 694
46 16 671 1911
54 17 671 1755
57 19 671 35
57 18 671 1195
66 20 671 1823
67 21 671 722
75 22 671 1776
76 23 671 831
77 24 671 790
77 25 671 331
79 26 671 981
87 27 671 1790
89 28 671 892
96 29 671 1736
96 30 671 213
96 31 671 181
96 32 671 374
97 33 671 652
108 34 671 1865
113 35 671 1549
114 36 671 642
118 37 671 1454
119 38 671 592
119 39 671 418
120 40 671 738
121 41 671 856
130 42 671 1816
130 43 671 97
130 44 671 490
139 45 671 1828
152 46 671 1896
158 47 671 1678
164 48 671 1626
176 49 671 1884
178 50 671 1023
183 51 671 1499
183 52 671 224
183 53 671 182
187 54 671 1444
187 55 671 68
188 56 671 691
193 57 671 1580
193 58 671 191
194 59 671 817
195 60 671 683
195 61 671 406
202 62 671 1710
202 63 671 276
207 64 671 1523
209 65 671 883
212 68 671 417
212 66 671 1212
212 67 671 12
213 69 671 754
213 70 671 52
213 71 671 456
216 72 671 1163
217 73 671 776
220 74 671 1221
222 75 671 966
223 76 671 830
229 77 671 1678
229 78 671 340
231 79 671 886
231 80 671 360
234 81 671 1227
234 82 671 164
236 83 671 932
237 84 671 713
238 85 671 639
250 86 671 1882
250 87 671 191
252 88 671 1132
261 89 671 1796
262 90 671 857
264 91 671 986
267 92 671 1262
274 93 671 1699
280 95 671 332
280 94 671 1660
282 96 671 1071
287 97 671 1540
288 98 671 499
293 99 671 1531
294 100 671 616
306 101 671 1883
309 102 671 1261
311 103 671 871
321 104 671 1832
322 105 671 566
322 106 671 336
326 107 671 1372
328 108 671 885
328 109 671 477
331 110 671 1163
333 111 671 938
336 112 671 1240
339 114 671 456
339 113 671 1229
343 115 671 1380
343 116 671 242
344 117 671 777
348 118 671 1488
350 119 671 884
352 120 671 926
354 121 671 1020
355 122 671 804
356 123 671 545
365 124 671 1821
367 125 671 990
369 126 671 1119
373 127 671 1388
375 128 671 1041
377 129 671 889
386 130 671 1820
389 131 671 1214
392 132 671 1179
393 135 671 401
393 133 671 733
393 134 671 270
406 136 671 1891
409 137 671 1217
411 138 671 1025
411 139 671 146
411 140 671 303
412 141 671 509
415 142 671 1231
416 143 671 655
417 144 671 633
427 145 671 1844
433 147 671 32
433 146 671 1671
436 150 671 90
436 151 671 294
436 148 671 1243
436 149 671 279
436 152 671 52
441 153 671 1539
442 154 671 605
447 155 671 1521
449 156 671 1079
450 157 671 716
452 158 671 975
453 159 671 841
457 160 671 1372
459 162 671 331
459 161 671 872
480 163 671 1921
481 164 671 582
493 165 671 1873
499 166 671 1684
500 167 671 506
502 168 671 959
502 169 671 54
506 170 671 1414
508 171 671 950
514 172 671 1677
517 173 671 1341
518 174 671 581
518 175 671 416
525 176 671 1714
525 177 671 149
535 178 671 1836
549 179 671 1901
552 180 671 1244
554 182 671 145
554 181 671 1086
555 183 671 762
556 184 671 798
561 185 671 1525
564 186 671 1162
569 187 671 1564
569 188 671 128
570 189 671 673
573 190 671 1247
576 193 671 183
576 192 671 241
576 191 671 1175
577 194 671 698
581 195 671 1355
581 196 671 178
584 197 671 1234
584 198 671 72
585 199 671 685
585 200 671 160
588 201 671 1164
590 202 671 998
593 203 671 1188
594 204 671 789
596 205 671 1065
597 206 671 541
598 207 671 635
600 208 671 958
600 209 671 188
607 210 671 1732
609 211 671 929
610 212 671 804
612 213 671 998
617 214 671 1522
617 215 671 286
618 216 671 727
622 217 671 1494
624 218 671 1122
626 219 671 981
627 223 671 285
627 222 671 378
627 221 671 119
627 220 671 710
628 224 671 732
628 225 671 239
629 226 671 708
633 227 671 1494
634 228 671 643
637 232 671 76
637 231 671 479
637 230 671 238
637 229 671 1151
640 233 671 1150
647 234 671 1741
647 235 671 79
647 236 671 88
649 237 671 881
663 238 671 1897
669 239 671 1658
671 240 671 984
672 241 671 526
673 242 671 606
684 243 671 1864
685 244 671 866
685 245 671 317
685 246 671 370
688 247 671 1167
689 248 671 586
689 249 671 412
690 250 671 627
691 251 671 609
691 252 671 111
693 253 671 1016
707 254 671 1899
707 255 671 40
708 256 671 786
709 257 671 712
709 258 671 456
710 260 671 356
710 259 671 550
712 261 671 972
730 262 671 1917
737 263 671 1732
749 264 671 1875
752 265 671 1252
753 266 671 852
758 267 671 1578
761 268 671 1181
765 270 671 198
765 269 671 1442
773 271 671 1770
778 272 671 1521
782 273 671 1389
803 274 671 1922
803 275 671 184
807 276 671 1438
807 277 671 439
810 279 671 414
810 278 671 1344
818 280 671 1793
822 281 671 1465
824 282 671 908
824 283 671 231
825 284 671 523
830 286 671 367
830 285 671 1553
832 287 671 985
835 288 671 1176
842 289 671 1701
845 290 671 1218
848 291 671 1300
848 292 671 425
852 293 671 1347
855 294 671 1301
855 295 671 11
856 296 671 534
857 297 671 798
874 298 671 1913
879 299 671 1539
883 300 671 1390
884 301 671 717
900 302 671 1910
902 303 671 1068
902 304 671 213
903 305 671 781
905 306 671 1012
