5 0 1363 1549
7 1 1363 1123
24 2 1363 1915
24 3 1363 117
24 4 1363 497
25 5 1363 824
32 6 1363 1710
32 7 1363 190
38 8 1363 1628
40 9 1363 1102
42 10 1363 986
44 11 1363 1013
47 12 1363 1210
48 13 1363 858
53 14 1363 1541
57 15 1363 1481
59 16 1363 1110
64 17 1363 1515
65 18 1363 788
66 19 1363 741
68 20 1363 1128
69 21 1363 680
71 22 1363 1084
75 23 1363 1482
82 24 1363 1737
86 25 1363 1406
88 27 1363 146
88 26 1363 983
92 28 1363 1487
94 29 1363 924
98 30 1363 1456
98 31 1363 180
101 35 1363 85
101 32 1363 1168
101 33 1363 348
101 34 1363 271
101 36 1363 465
103 37 1363 1016
106 38 1363 1190
106 39 1363 146
107 40 1363 568
121 41 1363 1902
121 42 1363 182
121 43 1363 493
121 44 1363 382
123 45 1363 1025
126 48 1363 309
126 47 1363 242
126 46 1363 1325
130 49 1363 1401
134 50 1363 1475
145 51 1363 1855
147 52 1363 1007
154 53 1363 1706
154 54 1363 292
156 58 1363 305
156 57 1363 433
156 56 1363 38
156 55 1363 869
158 59 1363 1016
166 60 1363 1766
171 61 1363 1564
172 62 1363 627
173 63 1363 704
178 64 1363 1570
179 65 1363 806
187 66 1363 1770
188 67 1363 861
189 68 1363 587
193 69 1363 1455
195 70 1363 1016
195 71 1363 93
195 72 1363 324
196 73 1363 642
196 74 1363 173
199 76 1363 497
199 75 1363 1150
200 77 1363 591
202 78 1363 1099
203 79 1363 711
203 80 1363 80
204 81 1363 740
212 82 1363 1761
212 83 1363 85
216 84 1363 1373
221 85 1363 1525
223 86 1363 1097
227 87 1363 1387
227 88 1363 56
230 89 1363 1326
230 90 1363 47
230 91 1363 31
231 93 1363 174
231 94 1363 305
231 92 1363 711
233 95 1363 929
236 96 1363 1275
240 97 1363 1403
241 98 1363 847
246 99 1363 1501
249 100 1363 1180
249 101 1363 463
254 102 1363 1579
255 104 1363 385
255 103 1363 778
259 105 1363 1382
264 106 1363 1530
264 107 1363 365
269 108 1363 1532
271 109 1363 1066
271 110 1363 371
275 111 1363 1372
278 112 1363 1258
283 113 1363 1518
285 114 1363 935
287 115 1363 1025
294 116 1363 1727
295 117 1363 541
298 118 1363 1256
298 119 1363 44
304 120 1363 1633
304 121 1363 383
305 122 1363 805
308 123 1363 1186
312 124 1363 1408
314 125 1363 984
317 126 1363 1307
317 127 1363 150
317 128 1363 336
320 129 1363 1168
329 130 1363 1800
331 131 1363 1019
337 132 1363 1668
342 133 1363 1523
346 134 1363 1455
351 135 1363 1542
353 136 1363 1085
355 137 1363 983
361 138 1363 1625
378 139 1363 1915
398 140 1363 1920
399 141 1363 731
407 142 1363 1779
409 143 1363 914
411 144 1363 954
412 145 1363 599
413 146 1363 697
415 147 1363 1117
418 148 1363 1164
421 149 1363 1204
423 150 1363 1127
424 151 1363 733
424 152 1363 146
425 153 1363 802
433 154 1363 1792
434 155 1363 797
439 156 1363 1583
439 157 1363 393
442 158 1363 1294
445 159 1363 1326
445 160 1363 74
449 163 1363 363
449 162 1363 28
449 161 1363 1380
452 164 1363 1191
455 165 1363 1277
461 166 1363 1628
467 167 1363 1660
467 168 1363 62
470 169 1363 1318
481 170 1363 1865
482 171 1363 744
483 172 1363 841
486 173 1363 1265
486 174 1363 49
488 175 1363 901
489 176 1363 528
498 177 1363 1815
498 178 1363 231
499 180 1363 286
499 181 1363 190
499 179 1363 808
501 182 1363 911
503 183 1363 1057
503 184 1363 41
505 185 1363 1066
507 186 1363 872
508 187 1363 865
514 188 1363 1655
515 189 1363 658
527 190 1363 1883
528 191 1363 691
534 192 1363 1613
534 193 1363 298
544 194 1363 1841
545 195 1363 540
546 196 1363 703
550 197 1363 1415
556 198 1363 1648
561 199 1363 1602
563 200 1363 896
565 201 1363 962
567 202 1363 1054
575 203 1363 1771
578 204 1363 1264
578 205 1363 382
587 206 1363 1817
588 207 1363 806
589 208 1363 753
591 210 1363 268
591 209 1363 891
598 211 1363 1693
598 212 1363 162
598 213 1363 486
600 214 1363 1040
609 215 1363 1809
609 216 1363 469
611 219 1363 124
611 220 1363 404
611 218 1363 322
611 217 1363 896
612 221 1363 763
612 222 1363 4
615 223 1363 1329
619 224 1363 1359
622 225 1363 1173
624 226 1363 1055
625 227 1363 542
629 228 1363 1349
633 230 1363 198
633 229 1363 1434
635 231 1363 1037
635 232 1363 166
636 233 1363 553
646 234 1363 1837
649 235 1363 1248
651 236 1363 1060
653 237 1363 1064
660 238 1363 1717
665 239 1363 1583
668 240 1363 1173
668 241 1363 65
668 242 1363 112
669 243 1363 764
669 244 1363 389
669 245 1363 189
670 246 1363 529
672 247 1363 1127
675 250 1363 70
675 248 1363 1183
675 249 1363 31
682 251 1363 1731
684 252 1363 1093
689 253 1363 1524
692 254 1363 1197
692 255 1363 132
694 256 1363 957
700 258 1363 411
700 257 1363 1649
700 259 1363 91
703 260 1363 1252
706 261 1363 1274
710 262 1363 1382
713 263 1363 1243
714 264 1363 692
717 265 1363 1156
722 266 1363 1526
727 267 1363 1533
728 268 1363 573
735 269 1363 1716
736 270 1363 749
739 271 1363 1329
741 272 1363 1103
742 273 1363 663
744 274 1363 875
744 275 1363 339
745 276 1363 650
748 277 1363 1165
750 278 1363 939
753 279 1363 1170
754 280 1363 643
764 281 1363 1853
767 282 1363 1284
770 283 1363 1317
774 284 1363 1363
774 285 1363 391
785 286 1363 1869
786 287 1363 567
789 288 1363 1281
796 289 1363 1705
796 290 1363 291
799 291 1363 1335
800 292 1363 653
806 293 1363 1626
806 294 1363 331
815 295 1363 1824
816 296 1363 608
817 297 1363 793
817 298 1363 71
820 299 1363 1158
821 300 1363 588
823 301 1363 920
824 302 1363 553
828 303 1363 1392
831 304 1363 1207
832 305 1363 666
833 306 1363 628
