8 0 251 1782
9 1 251 620
15 2 251 1682
21 3 251 1609
25 4 251 1368
33 5 251 1756
33 6 251 133
47 7 251 1899
48 10 251 354
48 8 251 668
48 9 251 338
52 11 251 1349
52 12 251 315
56 13 251 1439
57 14 251 839
59 15 251 1027
64 16 251 1556
65 17 251 833
68 18 251 1182
69 19 251 736
70 20 251 764
78 21 251 1775
81 22 251 1231
90 23 251 1829
95 24 251 1560
95 25 251 275
96 27 251 0
96 26 251 769
99 28 251 1271
99 29 251 341
104 30 251 1512
105 31 251 522
108 32 251 1178
108 33 251 268
112 34 251 1390
122 35 251 1845
123 36 251 637
131 37 251 1792
137 38 251 1674
137 39 251 42
139 40 251 1037
140 41 251 732
143 42 251 1250
143 43 251 324
143 44 251 30
145 45 251 1023
146 46 251 604
152 47 251 1688
155 48 251 1314
156 49 251 795
157 50 251 800
175 51 251 1916
179 52 251 1441
179 53 251 119
182 55 251 6
182 54 251 1208
185 56 251 1314
193 57 251 1778
193 58 251 49
195 59 251 1092
197 60 251 986
197 61 251 132
198 63 251 327
198 62 251 628
199 64 251 751
207 65 251 1756
207 66 251 170
207 67 251 46
207 68 251 48
209 69 251 919
209 70 251 389
216 71 251 1689
218 72 251 1083
220 73 251 1139
226 75 251 32
226 74 251 1624
227 76 251 525
229 77 251 906
238 78 251 1799
239 79 251 537
244 80 251 1596
246 81 251 1006
247 83 251 475
247 82 251 611
251 84 251 1465
256 85 251 1520
258 86 251 1005
260 87 251 1059
262 88 251 985
266 89 251 1384
267 90 251 530
268 91 251 784
275 92 251 1742
276 93 251 582
278 94 251 980
280 95 251 904
280 96 251 103
282 97 251 923
287 98 251 1497
287 99 251 198
288 100 251 852
289 101 251 558
295 104 251 406
295 103 251 394
295 102 251 1640
297 105 251 1036
298 106 251 832
298 107 251 301
298 108 251 419
301 109 251 1176
305 110 251 1406
305 111 251 407
320 112 251 1904
324 113 251 1437
328 114 251 1421
343 115 251 1905
347 116 251 1446
347 117 251 152
348 118 251 786
351 119 251 1155
352 120 251 751
354 121 251 1036
356 122 251 986
357 123 251 589
357 124 251 388
362 125 251 1529
373 126 251 1871
374 127 251 501
374 128 251 159
375 129 251 720
385 130 251 1853
390 131 251 1526
393 132 251 1334
398 133 251 1600
404 134 251 1609
406 135 251 1037
409 136 251 1291
409 137 251 217
409 138 251 69
409 139 251 429
410 140 251 687
411 141 251 703
412 142 251 639
419 143 251 1733
433 144 251 1903
433 145 251 123
434 146 251 805
434 147 251 305
436 148 251 1085
438 149 251 999
442 150 251 1382
454 152 251 136
454 153 251 341
454 151 251 1876
458 154 251 1371
465 155 251 1740
470 156 251 1496
472 157 251 1050
472 158 251 5
473 159 251 801
475 160 251 1090
475 161 251 331
475 162 251 142
481 163 251 1624
484 164 251 1248
493 165 251 1804
495 166 251 998
495 167 251 303
503 168 251 1752
503 169 251 383
504 170 251 614
507 176 251 397
507 175 251 47
507 174 251 468
507 171 251 1229
507 172 251 83
507 173 251 357
510 177 251 1178
511 178 251 611
511 179 251 265
512 180 251 723
517 181 251 1565
520 182 251 1340
522 183 251 1084
525 184 251 1263
539 185 251 1902
543 186 251 1389
545 187 251 992
545 188 251 229
553 189 251 1793
557 192 251 211
557 190 251 1466
557 191 251 240
560 193 251 1193
563 194 251 1263
563 195 251 356
564 196 251 560
566 197 251 940
566 198 251 485
566 199 251 98
568 200 251 1050
569 202 251 478
569 201 251 502
570 203 251 702
570 204 251 385
570 205 251 153
578 206 251 1792
585 207 251 1704
594 208 251 1798
597 209 251 1323
600 212 251 439
600 210 251 1343
600 211 251 318
606 213 251 1665
606 214 251 77
610 215 251 1449
612 216 251 915
614 217 251 983
614 218 251 360
617 219 251 1271
617 220 251 415
617 221 251 5
617 222 251 73
629 223 251 1883
630 225 251 374
630 224 251 842
632 226 251 1017
633 227 251 815
635 229 251 111
635 228 251 1018
639 230 251 1412
643 231 251 1381
644 232 251 693
645 233 251 513
647 234 251 1140
647 235 251 221
649 236 251 1086
650 237 251 638
651 238 251 698
653 239 251 1109
653 240 251 109
659 241 251 1610
661 242 251 1118
662 243 251 830
662 244 251 449
665 245 251 1148
672 246 251 1725
672 247 251 471
674 248 251 1115
681 249 251 1739
685 250 251 1366
690 251 251 1502
691 252 251 579
693 253 251 1138
699 254 251 1607
701 255 251 1044
701 256 251 428
702 257 251 519
710 258 251 1784
710 259 251 11
712 260 251 1060
714 261 251 977
715 262 251 685
721 263 251 1687
731 264 251 1836
744 265 251 1886
749 266 251 1550
759 267 251 1851
760 268 251 524
768 269 251 1781
768 270 251 363
768 271 251 276
768 272 251 284
771 273 251 1176
774 274 251 1161
775 275 251 730
776 276 251 811
779 277 251 1168
783 278 251 1433
789 279 251 1619
790 280 251 573
791 281 251 546
797 282 251 1624
800 283 251 1204
801 284 251 670
811 285 251 1834
812 286 251 802
816 287 251 1479
817 288 251 830
817 289 251 95
824 290 251 1717
825 291 251 566
826 292 251 778
827 293 251 687
827 294 251 49
829 295 251 1056
831 296 251 924
835 297 251 1356
837 298 251 918
837 299 251 488
842 300 251 1522
851 301 251 1798
862 302 251 1871
865 303 251 1259
869 304 251 1375
871 305 251 1089
874 306 251 1217
