2 0 967 1093
14 1 967 1874
23 2 967 1803
25 3 967 956
27 4 967 1062
27 5 967 132
27 6 967 14
34 7 967 1689
35 8 967 749
37 9 967 908
37 10 967 428
38 11 967 537
38 12 967 5
38 13 967 41
40 14 967 923
43 15 967 1336
58 16 967 1908
60 18 967 205
60 17 967 946
65 19 967 1590
71 20 967 1666
76 21 967 1511
82 22 967 1629
82 23 967 353
82 24 967 185
88 25 967 1676
88 26 967 205
89 27 967 522
92 28 967 1303
93 29 967 704
102 30 967 1810
104 31 967 980
104 32 967 169
107 33 967 1167
110 35 967 380
110 34 967 1191
115 36 967 1537
120 37 967 1517
123 38 967 1155
123 39 967 18
131 40 967 1753
134 41 967 1231
135 42 967 733
146 43 967 1862
147 44 967 657
148 46 967 346
148 45 967 500
149 47 967 794
150 48 967 654
152 49 967 905
153 50 967 548
153 51 967 491
157 53 967 316
157 52 967 1370
160 54 967 1328
165 56 967 245
165 55 967 1506
169 57 967 1450
170 58 967 771
173 59 967 1310
183 60 967 1851
187 61 967 1417
187 62 967 385
187 63 967 44
189 64 967 1023
193 66 967 368
193 65 967 1373
194 67 967 762
195 68 967 774
196 69 967 542
203 70 967 1724
203 71 967 391
210 72 967 1716
210 73 967 187
218 74 967 1762
218 75 967 434
219 76 967 778
226 77 967 1692
232 78 967 1620
238 79 967 1610
241 80 967 1330
244 81 967 1336
252 82 967 1792
252 83 967 398
252 84 967 156
255 85 967 1318
260 86 967 1534
268 87 967 1777
276 88 967 1764
282 89 967 1609
282 90 967 135
282 91 967 87
283 92 967 745
291 94 967 91
291 95 967 335
291 93 967 1769
292 96 967 845
293 97 967 689
294 98 967 839
297 99 967 1209
297 100 967 131
302 103 967 112
302 101 967 1508
302 102 967 19
304 105 967 157
304 104 967 1105
305 106 967 700
308 107 967 1183
308 108 967 479
310 109 967 894
311 110 967 728
311 111 967 477
319 112 967 1754
321 113 967 1086
336 114 967 1905
337 115 967 515
342 116 967 1550
358 117 967 1912
367 118 967 1812
373 119 967 1630
381 120 967 1763
382 121 967 515
384 122 967 923
386 124 967 406
386 123 967 1089
392 125 967 1637
397 126 967 1570
408 127 967 1871
408 128 967 95
412 129 967 1426
417 130 967 1513
417 131 967 88
418 133 967 410
418 132 967 852
422 134 967 1478
429 135 967 1746
432 136 967 1316
438 137 967 1679
441 138 967 1217
465 139 967 1923
466 141 967 351
466 140 967 617
469 142 967 1298
471 143 967 870
473 144 967 881
478 145 967 1583
478 146 967 257
483 147 967 1584
491 148 967 1788
496 149 967 1500
497 150 967 710
498 151 967 858
499 152 967 801
501 153 967 1133
505 154 967 1371
510 155 967 1541
511 156 967 585
512 157 967 854
518 158 967 1630
522 159 967 1393
523 160 967 512
524 161 967 754
526 162 967 1087
528 163 967 977
531 164 967 1305
532 165 967 640
537 166 967 1549
540 167 967 1343
545 168 967 1533
545 169 967 159
547 170 967 1123
555 171 967 1795
556 172 967 695
565 173 967 1814
567 174 967 1012
571 175 967 1411
573 176 967 1141
573 177 967 52
573 178 967 208
574 179 967 748
578 180 967 1379
594 182 967 83
594 181 967 1910
595 183 967 519
596 184 967 716
597 185 967 655
600 186 967 1211
606 187 967 1643
608 188 967 964
619 189 967 1862
622 192 967 48
622 191 967 462
622 190 967 1160
629 193 967 1748
633 194 967 1411
641 195 967 1788
644 196 967 1188
644 197 967 321
648 199 967 241
648 200 967 33
648 198 967 1489
649 201 967 838
649 202 967 51
655 203 967 1629
655 204 967 376
656 205 967 839
656 206 967 163
658 207 967 912
658 208 967 121
670 210 967 399
670 209 967 1884
671 211 967 532
672 212 967 646
674 213 967 882
674 214 967 14
675 215 967 526
676 216 967 670
677 218 967 260
677 217 967 567
678 219 967 650
682 220 967 1353
692 221 967 1830
692 222 967 379
697 223 967 1595
699 224 967 923
700 225 967 661
707 226 967 1746
709 227 967 871
709 228 967 402
712 230 967 222
712 229 967 1149
713 231 967 820
713 232 967 488
726 233 967 1892
727 234 967 715
728 235 967 540
739 237 967 378
739 238 967 142
739 236 967 1859
748 239 967 1801
748 240 967 491
748 241 967 299
753 242 967 1522
755 243 967 1004
759 244 967 1462
760 245 967 628
767 246 967 1740
769 247 967 1091
776 248 967 1734
778 249 967 885
780 250 967 1117
781 251 967 620
781 252 967 61
782 253 967 839
783 254 967 812
783 255 967 127
783 256 967 459
783 257 967 380
784 258 967 706
790 259 967 1639
792 260 967 1018
795 261 967 1216
796 262 967 510
798 263 967 896
804 264 967 1662
809 265 967 1503
809 266 967 44
810 268 967 167
810 267 967 678
814 269 967 1398
815 270 967 591
815 271 967 292
815 272 967 424
815 273 967 383
815 274 967 158
817 275 967 1054
817 276 967 307
820 279 967 294
820 277 967 1299
820 278 967 132
821 280 967 845
822 281 967 655
824 282 967 1062
828 284 967 32
828 283 967 1442
833 285 967 1526
834 286 967 759
839 287 967 1574
841 288 967 1079
842 289 967 588
842 290 967 80
846 291 967 1478
851 292 967 1597
851 293 967 428
852 294 967 783
855 295 967 1200
862 296 967 1714
863 297 967 626
866 298 967 1267
878 299 967 1884
879 300 967 583
881 301 967 1062
883 302 967 924
883 303 967 335
883 304 967 293
884 305 967 825
884 306 967 195
