0 0 868 301
4 1 868 1377
10 2 868 1652
14 3 868 1449
17 4 868 1301
20 5 868 1319
27 6 868 1700
27 7 868 16
28 8 868 568
32 9 868 1377
39 10 868 1691
40 11 868 582
41 12 868 868
41 13 868 164
41 14 868 357
49 15 868 1779
57 16 868 1795
61 19 868 54
61 18 868 343
61 17 868 1369
65 20 868 1476
65 21 868 108
70 22 868 1606
73 23 868 1302
76 24 868 1218
76 25 868 26
81 26 868 1575
83 28 868 359
83 27 868 1110
99 29 868 1910
99 30 868 174
104 31 868 1584
104 32 868 43
104 33 868 223
104 34 868 286
108 35 868 1360
109 36 868 750
111 38 868 184
111 37 868 1039
114 39 868 1271
119 40 868 1511
124 41 868 1533
124 42 868 155
124 43 868 355
130 44 868 1688
131 45 868 769
134 46 868 1292
147 47 868 1889
156 48 868 1819
158 49 868 1010
164 50 868 1620
166 51 868 1062
168 52 868 1062
170 53 868 1055
176 54 868 1616
176 55 868 192
183 58 868 230
183 57 868 349
183 56 868 1695
186 59 868 1275
192 60 868 1668
193 61 868 589
198 62 868 1582
199 63 868 582
202 64 868 1203
202 65 868 106
203 66 868 539
204 67 868 644
213 68 868 1803
215 69 868 921
217 70 868 1028
218 71 868 756
221 72 868 1185
223 73 868 996
223 74 868 468
234 75 868 1868
246 76 868 1878
249 77 868 1251
254 78 868 1539
254 79 868 449
255 80 868 659
261 81 868 1610
264 82 868 1216
267 83 868 1273
267 84 868 290
269 85 868 1036
270 86 868 522
272 87 868 913
273 88 868 532
273 89 868 93
278 90 868 1590
278 91 868 401
279 92 868 808
280 93 868 833
285 94 868 1527
287 95 868 922
299 96 868 1875
304 97 868 1498
306 98 868 1077
311 99 868 1581
311 100 868 230
312 101 868 647
312 102 868 86
314 103 868 897
329 104 868 1907
330 105 868 864
339 106 868 1802
339 107 868 66
340 108 868 587
346 109 868 1673
346 110 868 239
346 111 868 444
347 112 868 735
354 113 868 1706
355 115 868 58
355 114 868 616
358 116 868 1297
358 117 868 309
358 118 868 292
358 119 868 167
363 120 868 1509
368 121 868 1550
368 122 868 112
375 123 868 1709
378 124 868 1256
379 125 868 627
391 126 868 1872
391 127 868 351
395 128 868 1393
399 129 868 1470
417 130 868 1917
417 131 868 379
417 132 868 173
429 135 868 11
429 134 868 218
429 133 868 1883
434 136 868 1523
434 137 868 318
437 138 868 1290
441 139 868 1350
444 140 868 1158
444 141 868 455
444 142 868 326
445 143 868 783
453 144 868 1778
456 145 868 1145
461 146 868 1590
463 147 868 1026
463 148 868 217
467 149 868 1469
472 150 868 1549
477 151 868 1565
480 152 868 1205
482 154 868 71
482 153 868 910
483 155 868 604
484 156 868 535
484 157 868 302
489 158 868 1566
492 159 868 1280
494 160 868 916
498 161 868 1451
499 162 868 597
501 163 868 1041
507 164 868 1680
515 165 868 1785
515 166 868 270
516 167 868 777
520 168 868 1488
521 169 868 605
521 170 868 460
523 171 868 979
525 172 868 944
526 173 868 866
528 174 868 933
530 175 868 1053
533 176 868 1224
536 177 868 1253
547 178 868 1856
547 179 868 110
549 180 868 961
550 181 868 846
550 182 868 133
560 183 868 1849
570 184 868 1846
570 185 868 352
572 186 868 1099
575 187 868 1188
584 188 868 1811
589 189 868 1539
593 190 868 1400
596 191 868 1221
597 194 868 434
597 192 868 677
597 193 868 9
603 195 868 1632
611 196 868 1783
614 197 868 1209
616 198 868 1027
634 199 868 1918
636 200 868 875
637 201 868 813
641 202 868 1463
646 203 868 1537
648 204 868 1008
649 205 868 570
650 206 868 621
650 207 868 338
664 208 868 1901
666 209 868 943
669 210 868 1305
672 212 868 371
672 211 868 1206
676 213 868 1455
676 214 868 319
676 215 868 70
679 216 868 1317
680 217 868 673
682 218 868 1120
685 219 868 1328
686 220 868 686
688 221 868 1006
690 222 868 890
702 223 868 1873
704 224 868 1129
707 225 868 1164
707 226 868 301
709 227 868 934
709 228 868 432
712 229 868 1226
715 232 868 226
715 230 868 1195
715 231 868 15
726 233 868 1862
729 234 868 1160
729 235 868 147
732 236 868 1307
733 237 868 521
734 238 868 840
737 239 868 1276
743 240 868 1655
744 241 868 760
747 242 868 1212
748 243 868 868
748 244 868 233
748 245 868 194
749 246 868 849
752 247 868 1147
758 250 868 315
758 249 868 364
758 248 868 1615
760 251 868 1109
760 252 868 88
766 253 868 1623
769 254 868 1232
777 255 868 1793
787 256 868 1847
792 258 868 407
792 257 868 1514
800 259 868 1769
800 260 868 268
806 261 868 1612
816 262 868 1831
817 263 868 675
823 264 868 1672
826 265 868 1290
828 269 868 172
828 268 868 294
828 267 868 433
828 266 868 979
829 270 868 687
830 271 868 795
838 272 868 1758
846 273 868 1769
851 274 868 1598
861 275 868 1850
868 277 868 22
868 276 868 1719
874 278 868 1640
876 279 868 935
876 280 868 314
878 281 868 1079
881 282 868 1243
881 283 868 68
883 284 868 910
883 285 868 85
893 286 868 1851
894 287 868 528
895 288 868 630
898 289 868 1291
898 290 868 224
905 291 868 1718
905 292 868 114
907 293 868 995
909 294 868 1007
909 295 868 42
910 296 868 853
911 297 868 536
913 298 868 1120
915 299 868 868
917 300 868 1139
917 301 868 416
918 302 868 852
922 303 868 1443
927 304 868 1601
931 305 868 1445
934 306 868 1276
