1 0 82 560
9 1 82 1778
16 2 82 1711
16 3 82 121
16 4 82 399
18 5 82 1121
21 6 82 1253
31 8 82 245
31 7 82 1853
43 9 82 1877
43 10 82 484
43 11 82 51
43 12 82 372
44 13 82 832
50 14 82 1642
55 15 82 1588
55 16 82 443
57 18 82 298
57 17 82 910
67 19 82 1852
70 20 82 1177
74 21 82 1458
81 22 82 1702
83 23 82 1054
83 24 82 429
83 25 82 169
86 26 82 1275
87 27 82 536
91 28 82 1391
93 29 82 998
94 30 82 626
94 31 82 230
94 32 82 232
101 33 82 1725
102 34 82 811
105 35 82 1172
108 36 82 1337
110 37 82 1116
114 38 82 1441
119 39 82 1535
124 40 82 1500
126 41 82 892
131 42 82 1510
132 43 82 702
134 44 82 878
134 45 82 197
136 46 82 884
137 47 82 678
138 48 82 548
138 49 82 104
143 50 82 1499
154 51 82 1866
161 52 82 1694
161 53 82 377
168 54 82 1709
170 56 82 75
170 55 82 1026
171 57 82 657
177 58 82 1616
177 59 82 230
185 60 82 1770
186 61 82 716
186 62 82 461
189 63 82 1172
192 65 82 253
192 64 82 1251
199 66 82 1743
200 67 82 571
200 68 82 20
200 69 82 470
200 70 82 250
203 71 82 1252
207 72 82 1394
208 74 82 351
208 73 82 688
208 75 82 285
220 76 82 1873
222 77 82 1000
222 78 82 176
222 79 82 232
225 80 82 1209
226 81 82 597
242 82 82 1913
245 83 82 1287
249 84 82 1424
250 86 82 461
250 85 82 684
258 87 82 1780
258 88 82 16
265 89 82 1710
267 90 82 1096
268 91 82 680
272 92 82 1424
275 93 82 1211
282 94 82 1689
283 97 82 338
283 95 82 784
283 96 82 430
287 98 82 1376
288 99 82 624
288 100 82 378
288 101 82 313
289 102 82 657
289 103 82 78
297 105 82 247
297 104 82 1779
297 106 82 471
299 107 82 1006
299 108 82 26
303 109 82 1424
305 110 82 1078
307 112 82 480
307 111 82 999
311 113 82 1384
313 114 82 945
316 115 82 1173
317 116 82 728
319 117 82 1099
325 118 82 1673
326 119 82 566
333 120 82 1717
346 121 82 1888
347 123 82 235
347 122 82 555
350 124 82 1298
354 125 82 1494
362 126 82 1752
362 127 82 183
364 128 82 923
368 129 82 1492
376 130 82 1779
381 131 82 1535
386 132 82 1549
390 133 82 1477
398 134 82 1778
400 135 82 896
411 136 82 1864
421 137 82 1835
425 138 82 1432
428 139 82 1176
428 140 82 212
432 141 82 1379
440 142 82 1754
441 143 82 516
442 144 82 631
442 145 82 96
442 146 82 200
442 147 82 40
442 148 82 266
443 149 82 516
443 150 82 55
446 151 82 1255
447 152 82 590
448 153 82 810
449 154 82 831
449 155 82 415
455 156 82 1682
455 157 82 422
456 158 82 704
456 159 82 285
456 160 82 419
456 161 82 288
456 162 82 82
456 163 82 458
461 164 82 1569
465 165 82 1468
469 166 82 1375
471 167 82 927
476 168 82 1530
476 169 82 48
479 170 82 1233
480 171 82 818
485 177 82 38
485 176 82 134
485 175 82 337
485 172 82 1591
485 173 82 496
485 174 82 353
490 178 82 1528
493 179 82 1202
496 180 82 1293
503 181 82 1712
513 182 82 1842
513 183 82 406
517 184 82 1436
518 185 82 524
520 186 82 944
521 187 82 739
522 188 82 645
526 189 82 1362
528 190 82 1138
532 191 82 1442
534 192 82 1130
537 193 82 1147
538 194 82 757
548 195 82 1849
551 196 82 1296
554 197 82 1295
556 198 82 872
558 199 82 1088
559 200 82 646
562 201 82 1197
562 202 82 434
562 203 82 217
565 204 82 1208
568 205 82 1162
573 209 82 493
573 208 82 456
573 210 82 281
573 206 82 1588
573 207 82 94
579 211 82 1644
580 212 82 819
584 213 82 1427
586 214 82 916
587 215 82 631
587 216 82 371
592 217 82 1601
594 218 82 946
596 219 82 1045
597 220 82 523
598 221 82 636
598 222 82 282
598 223 82 167
599 224 82 834
606 225 82 1715
612 226 82 1612
612 227 82 444
618 228 82 1663
618 229 82 429
620 230 82 966
621 231 82 763
623 232 82 1091
623 233 82 439
624 234 82 555
624 235 82 96
627 236 82 1278
633 237 82 1624
635 239 82 274
635 238 82 1123
636 240 82 860
637 241 82 850
637 242 82 282
637 243 82 152
639 244 82 1081
643 245 82 1419
644 246 82 623
650 248 82 231
650 249 82 125
650 247 82 1628
654 250 82 1477
660 251 82 1620
660 252 82 348
668 253 82 1751
669 254 82 565
669 255 82 9
671 257 82 266
671 256 82 915
674 258 82 1307
678 259 82 1417
682 260 82 1474
685 261 82 1144
685 262 82 355
685 263 82 27
689 264 82 1452
693 265 82 1443
694 266 82 552
694 267 82 379
696 268 82 871
697 269 82 819
700 270 82 1278
701 271 82 671
701 272 82 478
702 273 82 672
702 274 82 185
707 276 82 353
707 277 82 129
707 275 82 1597
709 278 82 1011
712 279 82 1340
714 280 82 1092
729 281 82 1908
729 282 82 212
734 283 82 1538
736 284 82 876
739 285 82 1270
739 286 82 414
742 287 82 1264
751 288 82 1799
752 289 82 545
754 290 82 1105
756 291 82 1011
756 292 82 317
762 293 82 1630
763 294 82 724
769 296 82 495
769 297 82 254
769 295 82 1640
770 298 82 624
775 299 82 1562
776 300 82 867
776 301 82 243
777 302 82 757
780 303 82 1336
781 304 82 771
782 305 82 805
784 306 82 1142
