0 0 809 33
3 1 809 1225
3 2 809 0
9 3 809 1676
11 4 809 901
12 5 809 653
12 6 809 298
16 7 809 1487
28 9 809 173
28 8 809 1876
32 10 809 1417
32 11 809 5
32 12 809 400
32 13 809 480
32 14 809 365
34 15 809 945
34 16 809 158
42 17 809 1755
43 18 809 747
48 19 809 1577
48 20 809 317
52 21 809 1365
52 22 809 334
56 23 809 1478
64 24 809 1755
75 25 809 1863
76 26 809 868
81 27 809 1601
83 29 809 466
83 28 809 994
84 30 809 780
93 31 809 1821
97 32 809 1396
100 33 809 1167
101 34 809 507
104 35 809 1231
105 39 809 323
105 38 809 232
105 37 809 250
105 36 809 810
106 40 809 592
113 41 809 1734
126 42 809 1887
127 43 809 657
127 44 809 123
127 45 809 211
127 46 809 77
132 47 809 1518
133 48 809 516
133 49 809 41
135 50 809 1110
137 51 809 874
142 52 809 1551
142 53 809 50
147 54 809 1554
148 55 809 592
150 57 809 446
150 56 809 890
160 58 809 1845
162 59 809 963
169 60 809 1710
170 61 809 622
170 62 809 493
174 63 809 1410
177 64 809 1318
182 65 809 1520
183 66 809 533
186 67 809 1157
200 68 809 1897
202 69 809 1059
202 70 809 134
212 71 809 1833
217 72 809 1522
217 73 809 423
219 74 809 985
220 75 809 508
224 76 809 1403
229 77 809 1601
233 78 809 1355
238 79 809 1544
246 80 809 1785
249 81 809 1275
251 82 809 1085
253 83 809 953
256 84 809 1281
266 86 809 270
266 85 809 1831
270 87 809 1345
275 88 809 1537
285 89 809 1840
285 90 809 340
285 91 809 364
285 92 809 329
288 93 809 1194
289 94 809 538
302 95 809 1895
305 96 809 1241
305 97 809 476
308 98 809 1264
309 99 809 527
314 100 809 1602
315 101 809 844
320 102 809 1545
324 103 809 1382
334 104 809 1831
337 105 809 1201
340 106 809 1276
342 107 809 1127
344 108 809 990
346 109 809 1046
348 110 809 1114
351 111 809 1214
353 112 809 1015
353 113 809 301
355 115 809 434
355 114 809 1102
359 116 809 1461
363 117 809 1464
363 118 809 129
367 119 809 1411
370 120 809 1250
372 121 809 1113
377 122 809 1545
377 123 809 57
378 124 809 718
385 125 809 1695
390 126 809 1503
390 127 809 328
399 128 809 1810
401 129 809 1015
404 130 809 1191
406 131 809 926
406 132 809 337
407 133 809 828
418 134 809 1866
420 135 809 941
426 136 809 1655
432 137 809 1628
434 138 809 1047
434 139 809 79
435 140 809 555
437 142 809 354
437 143 809 490
437 141 809 1067
438 144 809 725
440 145 809 1051
443 146 809 1274
443 147 809 28
443 148 809 92
443 149 809 104
443 150 809 433
450 151 809 1701
450 152 809 347
458 153 809 1777
461 154 809 1201
461 155 809 489
464 156 809 1224
468 157 809 1487
469 158 809 663
469 159 809 135
475 160 809 1623
477 161 809 947
480 162 809 1242
494 163 809 1900
502 164 809 1780
502 165 809 187
504 166 809 876
504 167 809 186
504 168 809 360
504 169 809 160
505 170 809 704
513 173 809 50
513 172 809 417
513 171 809 1758
514 174 809 856
514 175 809 183
515 176 809 758
517 177 809 1054
520 178 809 1256
525 179 809 1592
525 180 809 421
529 182 809 236
529 181 809 1475
536 183 809 1705
537 184 809 581
541 185 809 1415
542 186 809 578
542 187 809 484
547 188 809 1552
551 189 809 1376
557 190 809 1641
557 191 809 168
559 192 809 965
561 193 809 911
561 194 809 381
566 195 809 1532
573 196 809 1750
573 197 809 379
574 198 809 635
575 199 809 538
575 200 809 174
577 201 809 1087
582 202 809 1592
593 203 809 1856
596 204 809 1325
597 205 809 599
600 206 809 1283
600 207 809 297
602 208 809 921
604 209 809 1017
610 212 809 230
610 211 809 169
610 210 809 1655
612 213 809 995
618 214 809 1639
618 215 809 147
619 216 809 710
623 217 809 1461
626 218 809 1318
626 219 809 365
631 221 809 392
631 220 809 1534
632 222 809 558
634 223 809 908
634 224 809 443
635 225 809 536
636 226 809 793
640 227 809 1431
645 228 809 1594
648 232 809 419
648 231 809 379
648 230 809 358
648 229 809 1248
649 233 809 718
653 234 809 1418
656 235 809 1258
665 236 809 1807
665 237 809 305
665 238 809 380
680 240 809 131
680 241 809 281
680 239 809 1906
684 242 809 1488
685 243 809 534
691 244 809 1645
695 245 809 1472
706 246 809 1862
719 247 809 1895
722 249 809 233
722 248 809 1196
723 251 809 288
723 250 809 822
725 252 809 985
725 253 809 270
727 254 809 928
734 255 809 1707
735 256 809 528
736 257 809 683
740 258 809 1412
741 259 809 789
748 260 809 1731
756 261 809 1777
757 262 809 628
762 263 809 1597
763 264 809 659
766 265 809 1276
772 266 809 1674
776 267 809 1436
781 271 809 405
781 270 809 265
781 269 809 381
781 268 809 1501
783 272 809 1080
786 273 809 1336
786 274 809 233
789 275 809 1252
790 276 809 829
790 277 809 24
793 278 809 1188
795 279 809 896
796 280 809 598
797 281 809 823
797 282 809 234
801 283 809 1360
801 284 809 426
801 285 809 69
804 286 809 1318
804 287 809 149
811 288 809 1714
817 289 809 1636
818 290 809 729
820 291 809 1124
821 292 809 818
826 293 809 1516
826 294 809 175
826 295 809 278
831 296 809 1578
840 297 809 1815
849 298 809 1800
849 299 809 369
856 300 809 1722
856 301 809 425
856 302 809 393
857 303 809 814
870 304 809 1893
870 305 809 417
872 306 809 1132
