1 0 498 528
4 1 498 1264
5 2 498 597
5 3 498 65
7 4 498 1011
13 5 498 1661
16 6 498 1192
18 8 498 242
18 9 498 437
18 7 498 1136
20 10 498 1061
29 11 498 1811
32 12 498 1188
32 13 498 58
37 14 498 1558
37 15 498 149
52 16 498 1906
55 17 498 1293
56 19 498 3
56 18 498 741
63 20 498 1712
65 21 498 929
67 22 498 1024
69 23 498 1015
69 24 498 215
71 25 498 873
78 26 498 1725
84 27 498 1669
87 28 498 1184
94 29 498 1693
94 30 498 467
94 31 498 66
95 32 498 836
95 33 498 13
95 34 498 270
95 35 498 416
103 36 498 1770
107 37 498 1382
114 38 498 1735
116 39 498 1098
117 40 498 741
123 41 498 1672
124 42 498 641
131 43 498 1733
140 44 498 1817
147 46 498 394
147 45 498 1734
152 47 498 1522
155 48 498 1322
155 49 498 459
155 50 498 36
155 51 498 120
158 53 498 19
158 52 498 1197
158 54 498 474
163 56 498 239
163 55 498 1523
168 57 498 1507
176 58 498 1774
176 59 498 138
187 60 498 1861
191 61 498 1448
203 62 498 1877
203 63 498 473
216 64 498 1894
218 65 498 994
220 66 498 975
223 67 498 1175
230 68 498 1713
232 69 498 1141
232 70 498 303
233 71 498 524
237 72 498 1483
242 73 498 1568
245 76 498 287
245 75 498 40
245 74 498 1186
248 77 498 1216
250 78 498 1122
250 79 498 406
250 80 498 478
250 81 498 202
250 82 498 346
251 83 498 725
257 85 498 347
257 84 498 1657
258 86 498 794
259 87 498 816
263 88 498 1463
264 89 498 671
264 90 498 176
264 91 498 263
269 92 498 1532
274 93 498 1597
277 94 498 1161
280 95 498 1218
287 96 498 1719
287 97 498 168
295 98 498 1763
296 99 498 822
297 100 498 758
300 101 498 1144
307 104 498 155
307 103 498 180
307 102 498 1734
311 105 498 1436
312 106 498 561
317 107 498 1554
318 108 498 757
318 109 498 433
321 110 498 1235
323 111 498 948
323 112 498 384
327 113 498 1367
332 114 498 1584
338 115 498 1659
340 116 498 1101
343 117 498 1152
344 118 498 741
349 119 498 1547
349 120 498 200
349 121 498 159
355 122 498 1636
357 123 498 1042
359 124 498 965
359 125 498 39
361 126 498 917
370 127 498 1810
370 128 498 406
383 129 498 1893
383 130 498 245
383 131 498 119
387 133 498 299
387 132 498 1377
392 134 498 1573
395 135 498 1259
395 136 498 392
395 137 498 165
396 138 498 569
396 139 498 220
403 140 498 1710
406 142 498 58
406 141 498 1164
408 143 498 1029
412 144 498 1360
415 145 498 1153
424 146 498 1803
424 147 498 164
424 148 498 13
428 150 498 117
428 149 498 1427
429 151 498 567
433 153 498 216
433 152 498 1352
434 154 498 621
435 155 498 599
439 156 498 1432
440 157 498 692
442 158 498 1140
442 159 498 115
443 160 498 519
444 161 498 676
447 162 498 1148
448 163 498 789
448 164 498 188
450 165 498 1116
455 166 498 1496
455 167 498 84
462 168 498 1719
462 169 498 325
465 170 498 1266
467 171 498 935
468 172 498 582
469 173 498 520
477 174 498 1762
479 175 498 961
479 176 498 100
480 177 498 606
485 178 498 1606
492 180 498 160
492 179 498 1737
493 181 498 752
502 182 498 1797
504 183 498 904
512 184 498 1776
517 185 498 1603
518 186 498 692
521 187 498 1161
526 188 498 1603
528 189 498 974
536 190 498 1751
542 191 498 1625
544 192 498 950
544 193 498 453
550 194 498 1626
552 195 498 1033
552 196 498 16
555 197 498 1194
556 199 498 244
556 198 498 841
561 200 498 1582
568 201 498 1719
568 202 498 370
574 203 498 1613
574 204 498 160
576 205 498 1106
592 206 498 1909
593 207 498 831
593 208 498 378
598 209 498 1585
599 210 498 499
600 211 498 826
602 212 498 1010
605 213 498 1328
617 214 498 1879
624 215 498 1692
625 216 498 804
625 217 498 243
627 218 498 937
628 222 498 406
628 221 498 335
628 219 498 509
628 220 498 423
629 223 498 745
629 224 498 498
634 225 498 1565
650 227 498 129
650 226 498 1910
651 228 498 819
652 229 498 728
654 230 498 945
655 231 498 830
662 232 498 1690
666 233 498 1362
666 234 498 155
666 235 498 366
666 236 498 382
666 237 498 183
667 238 498 743
668 239 498 670
674 240 498 1618
682 241 498 1785
683 242 498 782
683 243 498 17
683 244 498 474
685 245 498 925
686 246 498 614
691 248 498 498
691 247 498 1546
702 249 498 1859
702 250 498 229
709 251 498 1697
709 252 498 256
709 253 498 331
716 254 498 1745
719 255 498 1246
722 256 498 1312
727 257 498 1549
729 258 498 1114
730 259 498 519
732 260 498 1120
740 261 498 1780
740 262 498 12
745 263 498 1575
746 264 498 640
751 265 498 1593
753 266 498 1060
758 267 498 1573
761 268 498 1173
766 269 498 1513
769 270 498 1309
770 271 498 620
774 272 498 1424
774 273 498 267
775 274 498 816
776 275 498 563
780 278 498 270
780 276 498 1478
780 277 498 388
785 279 498 1498
787 280 498 950
787 281 498 363
792 282 498 1555
794 283 498 884
795 284 498 499
798 285 498 1172
799 286 498 573
803 287 498 1358
808 288 498 1541
809 289 498 833
811 290 498 979
812 291 498 757
814 292 498 994
814 293 498 224
818 294 498 1474
826 295 498 1763
834 296 498 1773
836 297 498 1131
839 298 498 1302
840 299 498 805
848 300 498 1789
850 301 498 966
850 302 498 373
852 303 498 910
853 304 498 549
858 305 498 1533
858 306 498 272
