5 0 628 1588
22 1 628 1913
22 2 628 475
25 3 628 1270
28 4 628 1171
30 5 628 1140
32 6 628 908
35 7 628 1338
37 8 628 1039
40 9 628 1171
40 10 628 72
40 11 628 419
41 12 628 793
46 13 628 1544
46 14 628 191
47 15 628 540
54 19 628 16
54 18 628 198
54 16 628 1731
54 17 628 484
56 20 628 1136
58 21 628 1076
58 22 628 395
67 23 628 1814
68 24 628 570
69 25 628 685
71 26 628 1062
72 27 628 589
76 28 628 1493
76 29 628 7
81 30 628 1496
84 31 628 1150
89 32 628 1534
89 33 628 13
91 34 628 953
95 35 628 1491
96 36 628 572
97 37 628 723
98 38 628 733
99 39 628 792
113 40 628 1902
116 41 628 1169
120 42 628 1413
122 43 628 1013
122 44 628 427
122 45 628 97
123 46 628 662
124 47 628 799
128 48 628 1461
131 49 628 1323
135 50 628 1399
141 51 628 1662
143 52 628 1016
143 53 628 285
143 54 628 248
144 55 628 512
149 56 628 1518
150 57 628 586
151 58 628 700
151 59 628 485
151 60 628 78
151 61 628 318
159 62 628 1770
161 63 628 1032
166 64 628 1600
167 65 628 847
168 66 628 810
169 67 628 779
170 68 628 590
171 69 628 625
184 70 628 1892
186 71 628 1007
192 72 628 1676
195 73 628 1331
195 74 628 39
208 75 628 1892
213 76 628 1587
216 77 628 1306
220 78 628 1387
220 79 628 472
220 80 628 22
220 81 628 262
222 82 628 1053
222 83 628 170
223 84 628 532
231 86 628 133
231 85 628 1758
234 87 628 1248
241 88 628 1690
241 89 628 441
255 90 628 1897
271 91 628 1911
271 92 628 23
271 93 628 247
272 94 628 714
277 95 628 1583
280 96 628 1324
280 97 628 381
283 98 628 1338
288 99 628 1505
291 100 628 1212
300 101 628 1808
300 102 628 208
301 103 628 836
305 104 628 1355
305 105 628 392
321 106 628 1911
327 107 628 1610
327 108 628 246
327 109 628 281
328 110 628 850
328 111 628 212
330 113 628 227
330 114 628 463
330 112 628 1123
337 115 628 1740
340 116 628 1189
345 117 628 1600
346 118 628 499
354 119 628 1766
355 120 628 713
359 121 628 1486
361 123 628 149
361 122 628 1014
362 124 628 652
377 125 628 1906
379 126 628 983
383 127 628 1428
384 128 628 616
384 129 628 380
385 130 628 567
388 131 628 1206
401 132 628 1892
410 133 628 1807
413 134 628 1185
413 135 628 139
413 136 628 54
413 137 628 217
414 138 628 739
414 139 628 140
422 140 628 1772
422 141 628 448
424 142 628 1002
428 143 628 1409
433 144 628 1515
439 145 628 1685
440 146 628 787
447 147 628 1720
454 148 628 1709
456 149 628 898
456 150 628 393
462 151 628 1649
471 152 628 1806
476 153 628 1497
477 154 628 791
483 155 628 1651
484 156 628 794
484 157 628 59
484 158 628 183
488 159 628 1373
491 160 628 1333
491 161 628 483
493 162 628 993
501 163 628 1790
507 164 628 1638
512 165 628 1568
512 166 628 244
515 167 628 1241
517 168 628 966
517 169 628 323
523 170 628 1686
525 171 628 972
526 173 628 359
526 172 628 860
545 174 628 1918
545 175 628 264
545 176 628 483
550 177 628 1529
551 178 628 558
553 179 628 892
555 180 628 1119
558 181 628 1187
564 182 628 1643
570 183 628 1643
586 184 628 1911
587 185 628 843
590 186 628 1325
590 187 628 395
592 188 628 1015
596 189 628 1459
599 190 628 1270
618 192 628 33
618 191 628 1919
621 193 628 1290
622 194 628 731
625 195 628 1288
629 196 628 1380
631 197 628 1136
638 198 628 1695
650 199 628 1872
654 200 628 1440
658 201 628 1470
659 202 628 754
663 203 628 1386
665 204 628 1137
669 205 628 1346
670 206 628 788
674 207 628 1446
679 208 628 1503
680 209 628 527
683 210 628 1167
686 211 628 1189
690 212 628 1426
693 213 628 1215
693 214 628 254
693 215 628 145
694 216 628 764
697 217 628 1275
706 218 628 1804
707 220 628 243
707 219 628 795
715 221 628 1773
715 222 628 226
719 223 628 1432
721 224 628 978
728 225 628 1691
730 226 628 938
734 227 628 1494
739 228 628 1552
740 229 628 629
741 230 628 809
744 231 628 1271
752 232 628 1758
753 233 628 610
757 234 628 1377
762 235 628 1573
762 236 628 433
762 237 628 257
763 238 628 506
764 240 628 54
764 239 628 564
773 241 628 1803
774 242 628 816
774 243 628 487
774 244 628 292
774 245 628 80
774 246 628 493
775 247 628 743
777 248 628 1036
778 249 628 586
779 250 628 524
779 251 628 105
782 252 628 1257
784 253 628 900
790 254 628 1629
795 255 628 1591
798 256 628 1243
801 258 628 408
801 257 628 1246
805 259 628 1370
805 260 628 407
808 261 628 1219
817 262 628 1819
819 263 628 873
825 264 628 1642
834 265 628 1821
838 266 628 1355
839 267 628 815
847 268 628 1763
848 269 628 605
854 270 628 1636
855 271 628 507
856 272 628 769
859 273 628 1239
860 274 628 740
860 275 628 364
862 276 628 956
868 277 628 1663
870 278 628 1140
872 279 628 897
875 280 628 1198
875 281 628 195
875 282 628 457
877 283 628 966
877 284 628 105
878 285 628 704
878 286 628 14
879 287 628 858
881 288 628 906
888 289 628 1710
888 290 628 330
890 291 628 1112
898 292 628 1773
900 293 628 1060
900 294 628 157
901 295 628 759
917 296 628 1909
928 297 628 1868
929 298 628 770
929 299 628 396
930 300 628 650
935 301 628 1603
937 302 628 904
937 303 628 431
939 304 628 874
939 305 628 16
942 306 628 1260
