0 0 246 172
8 1 246 1773
9 2 246 748
12 3 246 1221
21 4 246 1806
26 5 246 1547
27 6 246 671
29 7 246 888
31 8 246 946
34 9 246 1241
34 10 246 256
49 11 246 1906
55 12 246 1640
64 13 246 1816
73 14 246 1803
73 15 246 319
75 17 246 255
75 18 246 400
75 16 246 968
77 19 246 1106
78 20 246 777
78 21 246 466
78 22 246 201
82 23 246 1366
83 24 246 655
85 25 246 954
87 26 246 969
91 27 246 1359
93 28 246 995
93 29 246 186
93 30 246 477
94 31 246 616
96 32 246 1117
100 33 246 1469
102 34 246 933
103 35 246 593
110 36 246 1744
114 37 246 1364
115 38 246 579
117 39 246 972
117 40 246 44
117 41 246 410
117 42 246 130
119 43 246 906
119 44 246 206
120 46 246 405
120 45 246 619
123 47 246 1236
123 48 246 418
124 49 246 829
127 50 246 1296
127 51 246 452
133 52 246 1631
133 53 246 12
136 54 246 1202
142 55 246 1630
147 56 246 1571
150 57 246 1307
151 58 246 566
152 59 246 852
153 60 246 578
156 61 246 1236
165 62 246 1818
166 63 246 759
167 64 246 764
172 65 246 1564
173 66 246 788
173 67 246 170
175 68 246 883
178 69 246 1209
179 70 246 499
184 71 246 1529
189 72 246 1600
193 73 246 1353
195 75 246 367
195 76 246 336
195 74 246 1061
198 77 246 1219
201 78 246 1160
201 79 246 35
202 80 246 548
208 81 246 1657
210 82 246 941
210 83 246 166
211 85 246 24
211 84 246 815
213 86 246 909
215 87 246 1105
215 88 246 267
218 89 246 1227
220 90 246 946
220 91 246 437
221 92 246 797
227 94 246 393
227 93 246 1651
228 95 246 733
229 96 246 517
232 97 246 1295
232 98 246 142
233 99 246 566
241 102 246 352
241 100 246 1755
241 101 246 235
243 104 246 329
243 103 246 1133
250 105 246 1691
251 106 246 776
251 107 246 278
253 108 246 875
254 109 246 834
257 111 246 352
257 112 246 146
257 110 246 1293
258 114 246 304
258 113 246 530
259 115 246 845
259 116 246 295
265 117 246 1651
276 118 246 1869
277 119 246 739
278 120 246 654
284 121 246 1608
293 122 246 1827
298 125 246 62
298 123 246 1580
298 124 246 262
299 126 246 731
311 127 246 1874
313 128 246 960
313 129 246 328
321 130 246 1775
323 131 246 966
325 132 246 1076
326 133 246 594
326 134 246 204
326 135 246 312
329 136 246 1305
336 137 246 1732
344 138 246 1762
346 139 246 1049
349 140 246 1173
350 142 246 229
350 141 246 631
354 143 246 1358
365 144 246 1858
366 145 246 594
366 146 246 290
366 147 246 267
370 148 246 1347
374 149 246 1472
374 150 246 438
375 151 246 790
379 152 246 1351
382 153 246 1328
392 154 246 1836
392 155 246 147
392 156 246 332
393 157 246 696
395 158 246 871
395 159 246 266
397 160 246 959
398 161 246 827
401 162 246 1243
402 163 246 547
404 164 246 983
404 165 246 327
407 166 246 1200
411 167 246 1477
411 168 246 325
429 169 246 1917
433 170 246 1465
433 171 246 487
442 172 246 1814
443 173 246 820
447 174 246 1491
447 175 246 23
451 176 246 1378
451 177 246 469
457 178 246 1646
462 179 246 1593
469 181 246 464
469 180 246 1697
470 182 246 526
474 183 246 1412
483 184 246 1815
485 185 246 984
490 186 246 1539
496 187 246 1673
497 189 246 57
497 188 246 682
512 190 246 1904
513 191 246 608
514 192 246 861
519 193 246 1495
519 194 246 89
519 195 246 345
522 196 246 1313
528 197 246 1607
528 198 246 374
533 199 246 1531
536 200 246 1319
537 201 246 738
548 202 246 1867
552 203 246 1355
552 204 246 6
564 205 246 1875
566 206 246 901
567 207 246 531
575 208 246 1762
584 209 246 1813
585 210 246 693
593 211 246 1788
595 212 246 974
598 213 246 1203
598 214 246 494
598 215 246 495
598 216 246 300
606 217 246 1755
607 218 246 657
632 219 246 1924
633 220 246 712
637 221 246 1452
638 222 246 794
638 223 246 267
638 224 246 12
639 225 246 856
644 226 246 1551
644 227 246 318
645 228 246 730
648 229 246 1145
649 230 246 634
656 231 246 1695
656 232 246 95
656 233 246 115
656 234 246 273
658 235 246 959
659 236 246 521
661 237 246 1096
665 238 246 1405
676 240 246 83
676 239 246 1864
678 241 246 1008
688 242 246 1835
689 243 246 794
692 244 246 1288
692 245 246 116
697 246 246 1559
702 247 246 1582
704 248 246 1001
709 250 246 45
709 249 246 1518
713 251 246 1483
715 252 246 950
715 253 246 375
716 254 246 819
724 255 246 1791
735 256 246 1868
740 257 246 1599
743 258 246 1342
745 260 246 323
745 259 246 1075
746 261 246 582
753 262 246 1725
754 263 246 617
757 264 246 1178
759 265 246 922
766 266 246 1693
767 267 246 859
769 268 246 929
773 269 246 1459
787 270 246 1899
789 271 246 1128
789 272 246 349
790 273 246 717
800 274 246 1840
806 275 246 1628
811 276 246 1541
843 277 246 1924
845 278 246 904
854 279 246 1821
857 280 246 1222
870 281 246 1893
873 282 246 1241
875 283 246 1136
877 284 246 1099
879 285 246 1076
880 286 246 745
886 287 246 1644
889 288 246 1221
889 289 246 407
891 290 246 1015
892 291 246 847
898 292 246 1679
898 293 246 330
903 294 246 1541
907 295 246 1425
910 296 246 1208
913 297 246 1218
918 298 246 1541
918 299 246 365
918 300 246 347
919 301 246 699
920 302 246 653
924 303 246 1466
929 304 246 1544
930 305 246 841
932 306 246 1133
