0 0 871 301
4 1 871 1377
10 2 871 1652
14 3 871 1449
17 4 871 1301
20 5 871 1319
27 6 871 1700
27 7 871 16
28 8 871 568
32 9 871 1377
39 10 871 1691
40 11 871 582
41 12 871 868
41 13 871 164
41 14 871 357
49 15 871 1779
57 16 871 1795
61 19 871 54
61 18 871 343
61 17 871 1369
65 20 871 1476
65 21 871 108
70 22 871 1606
73 23 871 1302
76 24 871 1218
76 25 871 26
81 26 871 1575
83 28 871 359
83 27 871 1110
99 29 871 1910
99 30 871 174
104 31 871 1584
104 32 871 43
104 33 871 223
104 34 871 286
108 35 871 1360
109 36 871 750
111 38 871 184
111 37 871 1039
114 39 871 1271
119 40 871 1511
124 41 871 1533
124 42 871 155
124 43 871 355
130 44 871 1688
131 45 871 769
134 46 871 1292
147 47 871 1889
156 48 871 1819
158 49 871 1010
164 50 871 1620
166 51 871 1062
168 52 871 1062
170 53 871 1055
176 54 871 1616
176 55 871 192
183 58 871 230
183 57 871 349
183 56 871 1695
186 59 871 1275
192 60 871 1668
193 61 871 589
198 62 871 1582
199 63 871 582
202 64 871 1203
202 65 871 106
203 66 871 539
204 67 871 644
213 68 871 1803
215 69 871 921
217 70 871 1028
218 71 871 756
221 72 871 1185
223 73 871 996
223 74 871 468
234 75 871 1868
246 76 871 1878
249 77 871 1251
254 78 871 1539
254 79 871 449
255 80 871 659
261 81 871 1610
264 82 871 1216
267 83 871 1273
267 84 871 290
269 85 871 1036
270 86 871 522
272 87 871 913
273 88 871 532
273 89 871 93
278 90 871 1590
278 91 871 401
279 92 871 808
280 93 871 833
285 94 871 1527
287 95 871 922
299 96 871 1875
304 97 871 1498
306 98 871 1077
311 99 871 1581
311 100 871 230
312 101 871 647
312 102 871 86
314 103 871 897
329 104 871 1907
330 105 871 864
339 106 871 1802
339 107 871 66
340 108 871 587
346 109 871 1673
346 110 871 239
346 111 871 444
347 112 871 735
354 113 871 1706
355 115 871 58
355 114 871 616
358 116 871 1297
358 117 871 309
358 118 871 292
358 119 871 167
363 120 871 1509
368 121 871 1550
368 122 871 112
375 123 871 1709
378 124 871 1256
379 125 871 627
391 126 871 1872
391 127 871 351
395 128 871 1393
399 129 871 1470
417 130 871 1917
417 131 871 379
417 132 871 173
429 135 871 11
429 134 871 218
429 133 871 1883
434 136 871 1523
434 137 871 318
437 138 871 1290
441 139 871 1350
444 140 871 1158
444 141 871 455
444 142 871 326
445 143 871 783
453 144 871 1778
456 145 871 1145
461 146 871 1590
463 147 871 1026
463 148 871 217
467 149 871 1469
472 150 871 1549
477 151 871 1565
480 152 871 1205
482 154 871 71
482 153 871 910
483 155 871 604
484 156 871 535
484 157 871 302
489 158 871 1566
492 159 871 1280
494 160 871 916
498 161 871 1451
499 162 871 597
501 163 871 1041
507 164 871 1680
515 165 871 1785
515 166 871 270
516 167 871 777
520 168 871 1488
521 169 871 605
521 170 871 460
523 171 871 979
525 172 871 944
526 173 871 866
528 174 871 933
530 175 871 1053
533 176 871 1224
536 177 871 1253
547 178 871 1856
547 179 871 110
549 180 871 961
550 181 871 846
550 182 871 133
560 183 871 1849
570 184 871 1846
570 185 871 352
572 186 871 1099
575 187 871 1188
584 188 871 1811
589 189 871 1539
593 190 871 1400
596 191 871 1221
597 194 871 434
597 192 871 677
597 193 871 9
603 195 871 1632
611 196 871 1783
614 197 871 1209
616 198 871 1027
634 199 871 1918
636 200 871 875
637 201 871 813
641 202 871 1463
646 203 871 1537
648 204 871 1008
649 205 871 570
650 206 871 621
650 207 871 338
664 208 871 1901
666 209 871 943
669 210 871 1305
672 212 871 371
672 211 871 1206
676 213 871 1455
676 214 871 319
676 215 871 70
679 216 871 1317
680 217 871 673
682 218 871 1120
685 219 871 1328
686 220 871 686
688 221 871 1006
690 222 871 890
702 223 871 1873
704 224 871 1129
707 225 871 1164
707 226 871 301
709 227 871 934
709 228 871 432
712 229 871 1226
715 232 871 226
715 230 871 1195
715 231 871 15
726 233 871 1862
729 234 871 1160
729 235 871 147
732 236 871 1307
733 237 871 521
734 238 871 840
737 239 871 1276
743 240 871 1655
744 241 871 760
747 242 871 1212
748 243 871 868
748 244 871 233
748 245 871 194
749 246 871 849
752 247 871 1147
758 250 871 315
758 249 871 364
758 248 871 1615
760 251 871 1109
760 252 871 88
766 253 871 1623
769 254 871 1232
777 255 871 1793
787 256 871 1847
792 258 871 407
792 257 871 1514
800 259 871 1769
800 260 871 268
806 261 871 1612
816 262 871 1831
817 263 871 675
823 264 871 1672
826 265 871 1290
828 269 871 172
828 268 871 294
828 267 871 433
828 266 871 979
829 270 871 687
830 271 871 795
838 272 871 1758
846 273 871 1769
851 274 871 1598
861 275 871 1850
868 277 871 22
868 276 871 1719
874 278 871 1640
876 279 871 935
876 280 871 314
878 281 871 1079
881 282 871 1243
881 283 871 68
883 284 871 910
883 285 871 85
893 286 871 1851
894 287 871 528
895 288 871 630
898 289 871 1291
898 290 871 224
905 291 871 1718
905 292 871 114
907 293 871 995
909 294 871 1007
909 295 871 42
910 296 871 853
911 297 871 536
913 298 871 1120
915 299 871 868
917 300 871 1139
917 301 871 416
918 302 871 852
922 303 871 1443
927 304 871 1601
931 305 871 1445
934 306 871 1276
