0 0 1015 282
1 1 1015 683
1 2 1015 213
3 3 1015 1030
4 4 1015 513
7 5 1015 1258
8 6 1015 508
10 8 1015 180
10 7 1015 1126
16 9 1015 1668
18 10 1015 882
18 11 1015 99
25 12 1015 1742
25 13 1015 85
26 14 1015 691
28 15 1015 915
29 16 1015 748
29 17 1015 59
31 18 1015 993
33 19 1015 870
33 20 1015 257
36 21 1015 1331
36 22 1015 44
39 23 1015 1278
40 24 1015 705
40 25 1015 63
42 26 1015 1074
44 27 1015 1020
48 28 1015 1389
53 29 1015 1557
56 30 1015 1233
57 31 1015 715
58 32 1015 790
60 33 1015 1121
73 34 1015 1886
74 35 1015 522
78 36 1015 1395
79 37 1015 813
80 38 1015 746
80 39 1015 239
81 40 1015 671
87 41 1015 1616
90 42 1015 1174
90 43 1015 204
91 44 1015 711
94 46 1015 228
94 45 1015 1306
97 47 1015 1241
98 48 1015 744
98 49 1015 453
100 50 1015 1127
101 51 1015 784
106 54 1015 490
106 52 1015 1534
106 53 1015 455
108 55 1015 876
109 56 1015 638
110 57 1015 859
110 58 1015 325
110 59 1015 450
110 60 1015 183
114 61 1015 1413
120 62 1015 1662
121 64 1015 434
121 65 1015 166
121 63 1015 548
124 66 1015 1233
125 67 1015 621
125 68 1015 124
125 69 1015 169
129 70 1015 1445
140 71 1015 1859
143 72 1015 1238
144 73 1015 754
144 74 1015 199
145 76 1015 156
145 75 1015 566
153 77 1015 1765
154 78 1015 567
157 79 1015 1323
165 80 1015 1760
173 81 1015 1757
173 82 1015 276
175 84 1015 430
175 85 1015 448
175 83 1015 935
177 86 1015 1106
177 87 1015 335
178 88 1015 630
180 89 1015 1010
189 90 1015 1808
190 93 1015 295
190 91 1015 535
190 92 1015 488
190 94 1015 55
193 95 1015 1183
205 96 1015 1878
206 97 1015 626
213 98 1015 1694
214 99 1015 545
214 100 1015 72
219 101 1015 1531
221 102 1015 1117
222 103 1015 574
224 104 1015 933
227 105 1015 1192
231 106 1015 1471
232 107 1015 779
232 108 1015 256
242 109 1015 1849
243 110 1015 719
244 111 1015 798
244 112 1015 292
246 113 1015 927
247 115 1015 350
247 114 1015 615
249 116 1015 1136
250 117 1015 726
250 118 1015 118
266 119 1015 1911
268 120 1015 984
270 121 1015 898
287 122 1015 1915
289 123 1015 1038
289 124 1015 286
291 125 1015 909
295 126 1015 1371
297 127 1015 942
298 128 1015 698
300 129 1015 941
301 130 1015 612
305 132 1015 70
305 133 1015 21
305 131 1015 1455
308 134 1015 1250
308 135 1015 228
309 136 1015 640
315 137 1015 1627
315 138 1015 2
318 139 1015 1162
320 141 1015 326
320 140 1015 902
320 142 1015 78
321 143 1015 706
321 144 1015 290
323 145 1015 1009
323 146 1015 243
327 147 1015 1486
332 148 1015 1605
338 149 1015 1630
338 150 1015 46
341 151 1015 1152
342 152 1015 507
349 153 1015 1708
353 154 1015 1485
355 155 1015 1099
360 156 1015 1540
360 157 1015 78
360 158 1015 287
360 159 1015 24
367 160 1015 1746
368 162 1015 81
368 161 1015 528
371 163 1015 1240
374 164 1015 1237
377 165 1015 1189
378 166 1015 728
378 167 1015 271
383 168 1015 1601
383 169 1015 386
389 170 1015 1635
393 171 1015 1434
394 172 1015 723
396 173 1015 881
398 174 1015 1009
399 175 1015 657
400 176 1015 819
403 177 1015 1209
404 178 1015 747
407 179 1015 1201
408 180 1015 666
417 181 1015 1810
420 182 1015 1261
422 183 1015 992
424 184 1015 894
428 185 1015 1384
430 186 1015 947
430 187 1015 286
430 188 1015 460
430 189 1015 150
431 190 1015 613
432 191 1015 561
435 192 1015 1339
449 193 1015 1903
452 194 1015 1340
452 195 1015 373
452 196 1015 245
453 197 1015 763
457 198 1015 1394
459 200 1015 281
459 199 1015 1026
473 201 1015 1896
482 202 1015 1809
485 203 1015 1219
504 204 1015 1920
505 205 1015 536
505 206 1015 429
510 207 1015 1551
511 208 1015 699
512 211 1015 330
512 210 1015 280
512 209 1015 828
515 212 1015 1256
517 213 1015 1011
520 214 1015 1282
531 215 1015 1861
534 216 1015 1191
536 217 1015 1013
536 218 1015 345
544 221 1015 441
544 220 1015 241
544 219 1015 1777
551 222 1015 1735
555 223 1015 1450
562 224 1015 1697
564 225 1015 1074
564 226 1015 95
565 227 1015 745
569 228 1015 1465
570 231 1015 55
570 230 1015 412
570 229 1015 635
577 232 1015 1740
583 233 1015 1646
585 234 1015 919
586 235 1015 694
586 236 1015 0
586 237 1015 42
588 239 1015 358
588 238 1015 997
590 240 1015 955
593 241 1015 1321
598 242 1015 1511
603 243 1015 1557
611 244 1015 1795
611 245 1015 282
614 246 1015 1230
614 247 1015 328
615 248 1015 620
619 249 1015 1404
621 250 1015 1106
624 251 1015 1156
624 252 1015 418
629 253 1015 1541
630 254 1015 785
638 256 1015 161
638 257 1015 359
638 255 1015 1765
642 258 1015 1446
643 259 1015 845
643 260 1015 440
649 265 1015 225
649 261 1015 1609
649 262 1015 86
649 263 1015 63
649 264 1015 415
650 266 1015 515
655 268 1015 91
655 267 1015 1534
656 269 1015 588
667 270 1015 1860
670 271 1015 1149
670 272 1015 16
686 273 1015 1911
687 274 1015 822
688 275 1015 845
689 277 1015 178
689 276 1015 854
694 278 1015 1580
698 279 1015 1415
706 280 1015 1769
713 281 1015 1692
713 282 1015 124
713 283 1015 60
717 284 1015 1454
720 285 1015 1181
725 287 1015 199
725 286 1015 1561
726 288 1015 860
728 289 1015 1079
729 290 1015 533
734 291 1015 1565
735 292 1015 520
735 293 1015 152
745 294 1015 1842
748 295 1015 1271
751 296 1015 1235
755 297 1015 1448
757 298 1015 1142
762 299 1015 1569
769 300 1015 1692
775 301 1015 1620
775 302 1015 236
775 303 1015 32
779 304 1015 1468
791 305 1015 1881
793 306 1015 1140
