2 0 720 998
8 1 720 1662
18 2 720 1843
20 3 720 1104
20 4 720 70
20 5 720 22
20 6 720 497
22 7 720 981
25 8 720 1299
27 9 720 1088
32 10 720 1552
32 11 720 406
43 12 720 1858
43 13 720 173
60 14 720 1913
60 15 720 127
62 17 720 369
62 18 720 318
62 16 720 975
63 19 720 800
64 20 720 841
65 21 720 841
70 22 720 1557
71 23 720 520
74 24 720 1199
77 25 720 1215
78 27 720 333
78 26 720 631
79 28 720 822
82 29 720 1166
87 30 720 1566
93 31 720 1645
110 32 720 1913
113 33 720 1338
118 34 720 1524
125 36 720 382
125 35 720 1691
130 37 720 1571
131 38 720 780
133 39 720 1137
135 40 720 1053
137 41 720 1079
141 42 720 1396
144 43 720 1324
149 44 720 1569
153 45 720 1405
164 46 720 1859
165 48 720 53
165 47 720 663
166 49 720 775
168 50 720 871
168 51 720 278
169 52 720 831
169 53 720 471
171 54 720 1100
171 55 720 157
171 56 720 104
174 57 720 1323
184 58 720 1829
185 59 720 779
188 60 720 1316
188 61 720 164
188 62 720 159
188 63 720 132
192 64 720 1446
202 65 720 1831
202 66 720 418
203 67 720 519
204 68 720 573
204 69 720 221
210 70 720 1669
213 71 720 1328
218 72 720 1514
220 73 720 1105
226 74 720 1671
232 75 720 1687
236 77 720 232
236 76 720 1369
238 78 720 876
245 79 720 1719
248 80 720 1281
261 81 720 1892
261 82 720 279
261 83 720 47
261 84 720 295
264 85 720 1287
265 86 720 814
269 87 720 1441
269 88 720 237
273 89 720 1366
278 90 720 1587
280 91 720 983
286 92 720 1666
286 93 720 0
293 94 720 1746
295 95 720 889
297 96 720 919
300 97 720 1263
309 98 720 1803
315 99 720 1662
317 100 720 987
320 101 720 1339
320 102 720 89
328 103 720 1756
330 104 720 1031
334 105 720 1467
335 106 720 689
341 107 720 1650
342 108 720 724
345 109 720 1338
346 110 720 713
355 111 720 1796
355 112 720 447
355 113 720 110
359 114 720 1423
363 115 720 1348
372 116 720 1809
372 117 720 112
380 118 720 1762
380 119 720 158
382 120 720 1017
384 121 720 901
384 122 720 282
386 123 720 1132
387 124 720 559
388 125 720 685
393 126 720 1587
398 127 720 1513
401 128 720 1284
402 129 720 782
403 130 720 767
403 131 720 105
403 132 720 354
405 133 720 1139
406 134 720 731
417 135 720 1867
426 136 720 1802
426 137 720 447
428 138 720 941
429 139 720 752
430 140 720 598
432 141 720 1089
433 142 720 716
434 143 720 824
435 144 720 653
442 145 720 1715
443 146 720 536
448 147 720 1555
449 148 720 502
449 149 720 398
451 150 720 1004
452 151 720 807
456 152 720 1426
462 153 720 1644
463 154 720 644
463 155 720 86
465 156 720 1056
467 157 720 882
470 158 720 1196
470 159 720 345
479 160 720 1805
481 162 720 365
481 161 720 1101
492 163 720 1867
493 164 720 570
494 165 720 608
498 166 720 1442
501 167 720 1233
504 168 720 1304
508 169 720 1480
512 170 720 1470
516 171 720 1361
518 172 720 1095
520 173 720 1010
524 174 720 1485
534 175 720 1853
534 176 720 184
538 177 720 1383
538 178 720 478
539 180 720 149
539 181 720 31
539 179 720 769
541 182 720 1011
543 183 720 886
550 184 720 1702
562 185 720 1884
563 186 720 604
564 187 720 634
564 188 720 494
565 189 720 645
566 190 720 810
568 191 720 919
571 192 720 1175
572 193 720 595
574 194 720 871
578 195 720 1421
579 196 720 723
580 199 720 44
580 200 720 273
580 197 720 774
580 198 720 253
583 201 720 1228
583 202 720 251
585 203 720 946
586 204 720 852
591 205 720 1567
597 208 720 159
597 206 720 1636
597 207 720 416
598 209 720 716
607 210 720 1826
612 211 720 1598
612 212 720 403
612 213 720 427
612 214 720 195
620 215 720 1774
620 216 720 89
624 217 720 1404
624 218 720 164
625 220 720 4
625 219 720 611
626 221 720 807
627 222 720 738
628 223 720 658
629 224 720 670
630 225 720 551
630 226 720 185
631 228 720 138
631 227 720 500
631 229 720 63
633 230 720 1130
636 231 720 1335
638 232 720 1129
638 233 720 433
638 234 720 496
639 235 720 846
646 242 720 475
646 241 720 187
646 240 720 247
646 239 720 134
646 238 720 33
646 237 720 64
646 236 720 1704
653 243 720 1703
654 244 720 743
656 245 720 1137
657 246 720 515
658 247 720 748
658 248 720 399
660 249 720 1022
663 250 720 1332
666 251 720 1243
667 252 720 609
672 253 720 1567
672 254 720 40
676 255 720 1390
676 256 720 489
681 259 720 301
681 258 720 276
681 257 720 1517
685 260 720 1381
687 261 720 1136
687 262 720 277
687 263 720 95
692 264 720 1510
692 265 720 491
692 266 720 468
705 267 720 1894
716 268 720 1856
719 269 720 1274
719 270 720 69
719 271 720 25
723 272 720 1371
723 273 720 29
723 274 720 363
730 275 720 1741
730 276 720 331
732 277 720 960
742 278 720 1839
746 279 720 1457
746 280 720 35
750 281 720 1362
750 282 720 100
752 283 720 1041
753 284 720 656
762 285 720 1811
763 286 720 725
767 288 720 393
767 287 720 1487
769 289 720 1030
769 290 720 357
769 291 720 186
776 292 720 1713
782 293 720 1657
783 294 720 677
785 295 720 1036
795 299 720 252
795 298 720 192
795 297 720 380
795 296 720 1835
796 300 720 668
797 301 720 545
798 302 720 816
800 303 720 1050
802 304 720 952
805 305 720 1306
814 306 720 1797
