2 0 998 986
12 1 998 1841
12 2 998 243
16 3 998 1467
20 4 998 1470
21 5 998 623
27 6 998 1628
29 7 998 1080
35 8 998 1682
38 9 998 1281
40 10 998 1012
41 11 998 725
50 12 998 1799
54 13 998 1403
58 14 998 1494
62 15 998 1476
67 19 998 60
67 18 998 110
67 17 998 137
67 16 998 1560
68 20 998 670
70 21 998 1014
71 22 998 516
72 23 998 504
77 24 998 1499
89 25 998 1882
94 26 998 1580
99 27 998 1556
104 28 998 1509
104 29 998 289
104 30 998 347
104 31 998 424
112 32 998 1769
113 33 998 653
116 34 998 1307
124 36 998 170
124 37 998 137
124 35 998 1774
125 38 998 512
132 39 998 1732
134 40 998 1134
142 41 998 1776
146 42 998 1434
147 43 998 582
152 45 998 480
152 44 998 1559
153 46 998 507
153 47 998 231
167 48 998 1903
173 49 998 1687
182 50 998 1826
183 51 998 735
191 52 998 1787
192 53 998 713
194 54 998 991
208 55 998 1896
211 56 998 1325
217 57 998 1663
230 58 998 1893
235 59 998 1512
237 60 998 967
237 61 998 71
241 62 998 1495
245 63 998 1393
247 64 998 933
248 65 998 588
250 66 998 881
253 67 998 1146
253 68 998 95
259 69 998 1645
262 70 998 1305
266 71 998 1422
271 73 998 302
271 72 998 1549
272 74 998 850
273 75 998 819
278 76 998 1505
289 77 998 1859
291 78 998 869
293 79 998 1018
297 80 998 1374
301 81 998 1349
306 82 998 1577
313 84 998 388
313 83 998 1747
318 85 998 1537
319 86 998 562
321 87 998 1056
326 88 998 1586
329 92 998 169
329 89 998 1336
329 90 998 449
329 91 998 431
331 93 998 925
332 94 998 765
334 95 998 1063
334 96 998 280
334 97 998 41
339 98 998 1573
341 99 998 971
346 100 998 1524
349 105 998 403
349 103 998 257
349 104 998 381
349 101 998 1286
349 102 998 135
351 106 998 1110
355 107 998 1484
363 108 998 1787
363 109 998 172
363 110 998 391
367 111 998 1391
368 112 998 794
370 114 998 138
370 113 998 874
375 115 998 1543
375 116 998 418
381 117 998 1673
383 118 998 1004
386 119 998 1321
386 120 998 25
393 121 998 1749
397 122 998 1484
398 123 998 684
401 124 998 1196
403 125 998 874
406 126 998 1252
407 127 998 624
411 128 998 1462
418 129 998 1712
419 130 998 538
423 131 998 1464
423 132 998 285
432 133 998 1823
436 134 998 1419
436 135 998 87
439 136 998 1213
442 137 998 1320
446 138 998 1365
462 139 998 1909
462 140 998 427
464 141 998 1002
467 142 998 1193
471 143 998 1414
473 144 998 944
475 145 998 983
480 146 998 1562
483 147 998 1220
484 148 998 786
487 149 998 1147
488 150 998 644
489 151 998 532
491 153 998 252
491 152 998 961
493 154 998 945
500 155 998 1699
507 156 998 1726
511 157 998 1375
513 158 998 986
517 159 998 1432
519 160 998 1075
519 161 998 486
519 162 998 21
519 163 998 74
524 164 998 1558
525 165 998 852
527 166 998 1105
529 167 998 896
533 169 998 51
533 170 998 329
533 168 998 1379
535 171 998 1023
535 172 998 307
537 173 998 1019
539 174 998 894
541 175 998 947
542 176 998 555
542 177 998 70
548 179 998 213
548 178 998 1665
551 180 998 1236
551 181 998 32
559 182 998 1763
559 183 998 315
561 184 998 1068
561 185 998 6
562 187 998 33
562 186 998 503
564 188 998 877
570 190 998 285
570 189 998 1644
578 191 998 1763
578 192 998 333
589 193 998 1858
590 194 998 834
601 195 998 1865
603 196 998 981
605 197 998 1119
613 199 998 92
613 198 998 1781
622 200 998 1802
623 201 998 666
631 202 998 1765
632 203 998 734
633 204 998 818
638 205 998 1545
638 206 998 225
649 207 998 1866
652 208 998 1282
674 209 998 1922
677 210 998 1143
683 211 998 1656
689 212 998 1635
690 213 998 773
690 214 998 196
692 215 998 1043
693 216 998 648
699 217 998 1631
701 218 998 931
706 219 998 1551
706 220 998 349
708 221 998 1071
708 222 998 18
714 223 998 1659
721 224 998 1690
721 225 998 491
722 227 998 374
722 226 998 690
722 228 998 185
724 229 998 953
737 230 998 1891
741 231 998 1361
741 232 998 214
746 233 998 1572
746 234 998 335
747 235 998 569
747 236 998 191
749 237 998 1028
753 238 998 1422
757 239 998 1448
764 240 998 1706
765 241 998 561
766 242 998 675
768 243 998 879
769 244 998 501
770 245 998 554
770 246 998 127
774 247 998 1485
780 248 998 1661
787 249 998 1716
790 250 998 1217
793 251 998 1274
793 252 998 187
793 253 998 229
799 254 998 1667
800 255 998 730
801 257 998 106
801 256 998 648
803 258 998 969
803 259 998 327
804 260 998 855
812 261 998 1775
818 262 998 1680
818 263 998 329
818 264 998 30
825 265 998 1706
829 268 998 437
829 267 998 62
829 266 998 1442
834 269 998 1552
835 270 998 851
840 271 998 1544
840 272 998 209
844 273 998 1407
852 274 998 1770
859 276 998 396
859 275 998 1712
861 277 998 1064
864 278 998 1158
866 279 998 1136
866 280 998 363
868 281 998 1129
869 282 998 637
869 283 998 394
875 284 998 1660
876 285 998 617
879 286 998 1173
895 287 998 1910
905 288 998 1830
910 289 998 1530
920 290 998 1846
920 291 998 85
920 292 998 59
922 293 998 1094
923 294 998 592
934 295 998 1855
935 296 998 806
935 297 998 346
936 298 998 848
937 299 998 719
939 300 998 1036
939 301 998 65
941 302 998 1047
941 303 998 109
942 304 998 864
947 305 998 1598
949 306 998 1064
