5 0 1325 1575
6 1 1325 764
9 2 1325 1267
12 3 1325 1317
17 4 1325 1548
22 5 1325 1547
26 6 1325 1373
45 7 1325 1918
46 8 1325 861
47 9 1325 714
47 10 1325 139
47 11 1325 375
50 12 1325 1327
50 13 1325 322
50 14 1325 453
51 15 1325 707
62 17 1325 53
62 16 1325 1864
65 18 1325 1204
65 19 1325 295
69 20 1325 1470
69 21 1325 333
72 22 1325 1242
77 23 1325 1513
79 25 1325 73
79 24 1325 1138
81 26 1325 1008
86 27 1325 1549
86 28 1325 113
87 29 1325 753
87 30 1325 43
88 31 1325 696
92 32 1325 1455
99 33 1325 1719
100 34 1325 704
110 35 1325 1845
112 37 1325 33
112 36 1325 889
119 38 1325 1724
121 39 1325 881
121 40 1325 405
122 41 1325 508
122 42 1325 107
122 43 1325 53
122 44 1325 400
124 46 1325 177
124 45 1325 951
126 47 1325 1106
126 48 1325 459
131 49 1325 1503
135 50 1325 1491
137 51 1325 942
139 52 1325 1020
142 53 1325 1222
143 54 1325 510
146 55 1325 1241
150 56 1325 1447
156 57 1325 1678
156 58 1325 178
160 59 1325 1474
161 60 1325 538
168 61 1325 1748
177 62 1325 1804
177 63 1325 108
178 64 1325 670
182 65 1325 1368
183 66 1325 844
188 67 1325 1533
193 68 1325 1543
194 69 1325 533
201 70 1325 1743
211 72 1325 254
211 73 1325 323
211 71 1325 1830
220 74 1325 1814
222 76 1325 226
222 75 1325 961
225 77 1325 1188
227 78 1325 1112
227 79 1325 186
236 80 1325 1820
245 81 1325 1827
247 82 1325 1090
248 83 1325 535
251 84 1325 1186
253 85 1325 1026
258 86 1325 1601
258 87 1325 233
261 88 1325 1208
265 89 1325 1387
265 90 1325 398
267 91 1325 1135
275 93 1325 250
275 94 1325 342
275 92 1325 1779
276 95 1325 581
277 96 1325 629
302 97 1325 1924
305 98 1325 1307
307 99 1325 957
307 100 1325 106
308 101 1325 568
312 102 1325 1488
322 103 1325 1851
328 104 1325 1684
333 105 1325 1585
334 106 1325 688
335 107 1325 697
338 108 1325 1332
342 109 1325 1474
344 110 1325 1015
344 111 1325 258
345 112 1325 565
363 113 1325 1917
368 114 1325 1578
369 115 1325 636
370 116 1325 658
373 117 1325 1269
374 118 1325 846
379 119 1325 1569
386 120 1325 1691
387 124 1325 135
387 123 1325 155
387 121 1325 611
387 122 1325 325
388 125 1325 607
388 126 1325 50
388 127 1325 3
403 128 1325 1905
406 131 1325 226
406 129 1325 1233
406 130 1325 332
415 134 1325 80
415 132 1325 1806
415 133 1325 155
418 135 1325 1251
418 136 1325 338
421 137 1325 1163
422 138 1325 775
427 139 1325 1525
427 140 1325 337
429 141 1325 904
430 142 1325 825
436 143 1325 1659
436 144 1325 371
436 145 1325 139
437 146 1325 570
445 147 1325 1787
446 148 1325 596
452 149 1325 1631
462 150 1325 1847
465 151 1325 1284
467 152 1325 1077
473 153 1325 1662
476 154 1325 1190
480 155 1325 1420
480 156 1325 243
483 157 1325 1333
490 158 1325 1715
492 159 1325 1076
497 160 1325 1534
498 161 1325 684
499 163 1325 99
499 162 1325 716
501 164 1325 1141
502 165 1325 788
502 166 1325 377
502 167 1325 410
512 168 1325 1837
512 169 1325 326
512 170 1325 298
516 172 1325 493
516 171 1325 1420
519 173 1325 1245
522 174 1325 1232
523 175 1325 787
530 176 1325 1710
531 177 1325 590
538 178 1325 1708
558 181 1325 188
558 180 1325 37
558 179 1325 1920
561 182 1325 1332
561 183 1325 274
564 184 1325 1310
566 185 1325 973
568 186 1325 1074
568 187 1325 143
570 188 1325 889
571 189 1325 584
573 190 1325 1008
575 191 1325 930
579 192 1325 1372
585 193 1325 1623
602 194 1325 1916
607 195 1325 1577
607 196 1325 187
608 197 1325 726
609 198 1325 518
614 199 1325 1507
620 201 1325 160
620 200 1325 1687
632 202 1325 1875
632 203 1325 269
635 204 1325 1332
635 205 1325 427
636 206 1325 790
644 207 1325 1756
644 208 1325 430
644 209 1325 402
650 210 1325 1634
655 211 1325 1577
660 212 1325 1549
667 213 1325 1720
669 214 1325 1039
673 215 1325 1346
676 216 1325 1277
676 217 1325 442
677 218 1325 714
677 219 1325 168
683 221 1325 234
683 220 1325 1639
687 222 1325 1445
690 223 1325 1252
693 224 1325 1243
696 225 1325 1293
696 226 1325 47
697 227 1325 794
700 228 1325 1254
705 229 1325 1579
706 230 1325 600
708 231 1325 984
708 232 1325 72
708 233 1325 200
708 234 1325 233
717 235 1325 1802
717 236 1325 237
719 237 1325 1062
720 238 1325 866
722 240 1325 182
722 239 1325 882
725 241 1325 1242
731 242 1325 1637
731 243 1325 487
733 244 1325 874
737 245 1325 1355
740 246 1325 1305
745 247 1325 1577
746 248 1325 584
747 250 1325 299
747 249 1325 569
753 251 1325 1669
753 252 1325 11
753 253 1325 350
761 254 1325 1793
765 255 1325 1453
766 256 1325 639
767 257 1325 623
769 260 1325 380
769 259 1325 39
769 258 1325 951
789 261 1325 1921
790 262 1325 501
791 263 1325 775
798 264 1325 1727
799 265 1325 650
804 266 1325 1504
808 267 1325 1348
812 268 1325 1486
815 269 1325 1161
817 270 1325 1109
817 271 1325 215
822 272 1325 1501
830 273 1325 1757
846 274 1325 1910
846 275 1325 396
847 276 1325 521
849 278 1325 377
849 277 1325 958
858 279 1325 1813
874 280 1325 1912
874 281 1325 394
874 282 1325 209
875 283 1325 685
878 284 1325 1280
879 285 1325 855
881 286 1325 972
887 288 1325 332
887 287 1325 1647
888 289 1325 705
891 290 1325 1162
896 291 1325 1539
896 292 1325 111
897 293 1325 826
898 294 1325 501
898 295 1325 185
899 296 1325 741
900 297 1325 862
901 298 1325 684
901 299 1325 224
909 300 1325 1775
921 301 1325 1882
921 302 1325 91
925 303 1325 1348
929 304 1325 1385
929 305 1325 84
929 306 1325 168
