1 0 918 509
2 1 918 571
4 2 918 1084
9 3 918 1571
9 4 918 223
14 5 918 1600
14 6 918 0
14 7 918 321
22 8 918 1779
23 9 918 727
23 10 918 252
26 11 918 1328
26 12 918 137
41 13 918 1904
54 14 918 1892
57 15 918 1211
58 16 918 859
73 17 918 1908
77 18 918 1391
78 19 918 819
78 20 918 494
78 21 918 227
82 22 918 1388
84 23 918 991
90 24 918 1627
92 25 918 910
95 26 918 1224
100 28 918 289
100 27 918 1578
103 29 918 1340
108 30 918 1526
110 31 918 1123
115 32 918 1583
117 33 918 910
128 34 918 1870
133 36 918 490
133 35 918 1502
136 39 918 65
136 37 918 1156
136 38 918 372
145 40 918 1826
153 41 918 1755
159 42 918 1660
164 43 918 1582
165 44 918 841
165 45 918 346
168 46 918 1255
170 48 918 247
170 47 918 874
179 49 918 1826
183 50 918 1468
191 51 918 1767
197 52 918 1669
200 53 918 1344
203 54 918 1273
203 55 918 282
205 57 918 92
205 56 918 1108
216 58 918 1869
219 59 918 1237
219 60 918 376
219 61 918 347
219 62 918 31
219 63 918 439
221 64 918 1126
223 65 918 1054
229 66 918 1669
232 67 918 1152
232 68 918 34
232 69 918 389
233 70 918 720
239 71 918 1627
244 72 918 1536
247 73 918 1325
249 74 918 918
250 76 918 491
250 75 918 663
257 77 918 1730
257 78 918 150
260 79 918 1281
265 80 918 1580
265 81 918 349
268 82 918 1331
268 83 918 387
277 84 918 1797
283 85 918 1684
287 86 918 1378
287 87 918 238
292 88 918 1561
297 89 918 1588
297 90 918 394
297 91 918 398
300 92 918 1212
302 93 918 1059
308 94 918 1614
312 95 918 1479
319 96 918 1723
322 97 918 1221
322 98 918 456
329 99 918 1711
330 100 918 601
330 101 918 103
331 102 918 840
339 103 918 1782
341 104 918 1106
349 108 918 426
349 107 918 343
349 105 918 1765
349 106 918 230
350 109 918 609
357 110 918 1715
360 111 918 1302
371 112 918 1867
372 113 918 587
377 115 918 26
377 114 918 1582
379 116 918 940
384 117 918 1568
385 118 918 567
389 119 918 1366
394 120 918 1600
398 121 918 1431
403 122 918 1515
403 123 918 371
422 124 918 1920
422 125 918 322
422 126 918 415
422 127 918 476
428 128 918 1636
432 129 918 1363
433 130 918 865
436 131 918 1195
439 133 918 363
439 132 918 1273
440 134 918 680
444 135 918 1476
448 136 918 1434
452 137 918 1474
455 138 918 1206
455 139 918 32
459 140 918 1453
461 141 918 1035
468 142 918 1736
470 143 918 952
479 144 918 1797
481 145 918 1017
481 146 918 456
482 147 918 624
486 148 918 1401
491 149 918 1588
492 150 918 538
492 151 918 154
493 152 918 654
495 154 918 110
495 153 918 1014
497 155 918 1094
498 156 918 513
498 157 918 469
506 158 918 1787
507 159 918 784
511 160 918 1349
517 161 918 1679
518 162 918 632
520 163 918 987
526 164 918 1669
527 165 918 520
527 166 918 28
532 167 918 1503
542 168 918 1832
542 169 918 106
543 170 918 516
547 172 918 362
547 171 918 1391
548 173 918 535
558 174 918 1837
559 175 918 565
565 176 918 1619
566 177 918 562
566 178 918 498
568 179 918 903
576 180 918 1791
583 181 918 1716
585 182 918 999
585 183 918 47
586 184 918 825
587 185 918 710
588 186 918 540
588 187 918 258
588 188 918 252
593 189 918 1510
595 190 918 963
597 191 918 965
603 192 918 1611
603 193 918 422
604 194 918 607
611 195 918 1699
611 196 918 403
612 197 918 749
615 198 918 1208
618 199 918 1277
620 200 918 988
622 201 918 877
623 202 918 716
626 203 918 1295
628 204 918 1071
630 205 918 1072
637 206 918 1717
637 207 918 119
639 208 918 1102
643 209 918 1470
647 210 918 1399
659 211 918 1875
672 212 918 1895
674 213 918 884
676 214 918 918
681 215 918 1558
682 216 918 679
683 217 918 584
683 218 918 162
685 219 918 958
700 220 918 1904
707 221 918 1694
710 222 918 1251
710 223 918 321
712 224 918 1067
716 225 918 1476
723 226 918 1704
734 227 918 1865
744 229 918 138
744 230 918 162
744 228 918 1852
746 231 918 870
749 232 918 1279
752 233 918 1145
762 234 918 1839
764 235 918 913
766 236 918 999
772 237 918 1629
774 238 918 901
780 239 918 1677
782 240 918 918
782 241 918 421
784 242 918 1081
785 243 918 707
785 244 918 110
787 245 918 1013
789 246 918 995
790 247 918 727
794 248 918 1429
796 249 918 974
798 250 918 1019
805 251 918 1743
806 252 918 586
806 253 918 249
809 254 918 1298
812 255 918 1218
817 256 918 1550
817 257 918 394
817 258 918 228
822 259 918 1520
825 260 918 1293
833 261 918 1776
833 262 918 191
835 263 918 963
838 264 918 1307
839 265 918 529
840 266 918 595
841 267 918 749
843 269 918 4
843 268 918 969
844 270 918 558
846 271 918 974
852 272 918 1607
852 273 918 409
852 274 918 39
856 275 918 1482
857 276 918 612
858 277 918 544
858 278 918 210
858 279 918 53
858 280 918 480
860 281 918 976
860 282 918 436
862 283 918 877
864 285 918 343
864 286 918 283
864 284 918 1043
866 287 918 1029
874 288 918 1772
875 289 918 620
878 290 918 1287
879 291 918 604
883 292 918 1401
886 294 918 384
886 293 918 1305
888 295 918 1066
888 296 918 229
888 297 918 118
891 298 918 1324
896 299 918 1506
896 300 918 417
896 301 918 245
902 302 918 1683
906 304 918 416
906 305 918 45
906 303 918 1424
906 306 918 136
