2 0 1405 1067
4 1 1405 905
6 2 1405 993
10 3 1405 1366
12 4 1405 913
14 5 1405 1140
20 6 1405 1611
20 7 1405 443
22 8 1405 954
23 9 1405 645
35 10 1405 1881
36 11 1405 813
36 12 1405 481
36 13 1405 50
37 14 1405 766
39 15 1405 928
40 16 1405 702
40 17 1405 283
42 18 1405 1003
44 19 1405 1130
54 20 1405 1829
56 21 1405 942
60 22 1405 1436
60 23 1405 36
62 24 1405 1052
69 25 1405 1730
71 26 1405 1101
72 27 1405 780
73 28 1405 611
74 29 1405 573
76 30 1405 1063
79 31 1405 1230
90 32 1405 1872
90 33 1405 263
91 34 1405 725
92 35 1405 817
98 36 1405 1642
101 37 1405 1318
113 38 1405 1878
114 39 1405 702
114 40 1405 338
117 41 1405 1268
121 42 1405 1390
121 43 1405 160
122 45 1405 429
122 46 1405 434
122 44 1405 621
123 47 1405 669
128 48 1405 1502
128 49 1405 72
133 50 1405 1595
133 51 1405 228
133 52 1405 405
138 53 1405 1495
142 54 1405 1482
142 55 1405 124
146 56 1405 1394
148 57 1405 957
148 58 1405 313
150 59 1405 1107
150 60 1405 38
151 61 1405 830
159 62 1405 1756
159 63 1405 380
164 64 1405 1506
165 65 1405 650
166 67 1405 217
166 66 1405 865
169 68 1405 1249
181 69 1405 1874
184 70 1405 1211
187 71 1405 1308
187 72 1405 329
187 73 1405 301
188 74 1405 792
189 75 1405 561
193 76 1405 1477
196 77 1405 1275
199 78 1405 1339
200 79 1405 623
203 80 1405 1295
203 81 1405 432
206 82 1405 1202
207 83 1405 539
209 84 1405 903
210 85 1405 835
211 86 1405 825
211 87 1405 376
212 88 1405 706
213 89 1405 600
217 90 1405 1348
218 91 1405 684
220 92 1405 1005
221 93 1405 771
222 94 1405 663
226 95 1405 1432
230 96 1405 1436
232 97 1405 1009
233 98 1405 578
247 99 1405 1896
251 100 1405 1488
251 101 1405 216
254 102 1405 1344
259 103 1405 1553
260 105 1405 286
260 104 1405 785
269 106 1405 1823
269 107 1405 104
270 108 1405 703
272 109 1405 920
273 110 1405 572
273 111 1405 118
278 112 1405 1542
284 113 1405 1614
291 114 1405 1737
296 115 1405 1531
301 116 1405 1553
304 117 1405 1217
308 118 1405 1402
309 119 1405 671
316 120 1405 1750
316 121 1405 489
320 122 1405 1436
321 123 1405 648
322 124 1405 525
323 125 1405 526
323 126 1405 303
327 127 1405 1483
332 128 1405 1562
335 129 1405 1285
337 130 1405 1050
337 131 1405 467
338 132 1405 697
342 133 1405 1368
344 134 1405 1060
346 135 1405 1078
348 136 1405 1012
353 137 1405 1573
359 138 1405 1678
360 139 1405 616
362 140 1405 936
363 141 1405 721
368 142 1405 1598
375 144 1405 28
375 143 1405 1710
378 145 1405 1230
380 146 1405 1066
383 147 1405 1316
385 148 1405 959
387 149 1405 1057
396 150 1405 1803
396 151 1405 218
401 152 1405 1532
411 154 1405 146
411 153 1405 1831
413 155 1405 999
414 156 1405 705
415 157 1405 696
417 158 1405 1027
417 159 1405 259
432 160 1405 1908
432 161 1405 340
432 162 1405 467
435 163 1405 1343
444 164 1405 1795
444 165 1405 104
448 166 1405 1346
448 167 1405 174
449 168 1405 553
450 169 1405 658
451 170 1405 519
466 171 1405 1904
470 172 1405 1464
471 173 1405 785
477 174 1405 1660
479 175 1405 1029
480 176 1405 815
486 177 1405 1651
487 178 1405 620
490 179 1405 1220
494 180 1405 1384
496 181 1405 912
497 182 1405 523
498 183 1405 504
502 184 1405 1406
503 185 1405 831
504 186 1405 859
505 187 1405 790
508 188 1405 1222
508 189 1405 61
508 190 1405 373
508 191 1405 316
509 192 1405 545
513 193 1405 1418
514 194 1405 633
515 195 1405 595
515 196 1405 254
515 197 1405 255
525 198 1405 1839
535 199 1405 1849
544 200 1405 1809
546 201 1405 892
547 203 1405 301
547 202 1405 762
548 204 1405 538
557 205 1405 1823
558 206 1405 678
559 207 1405 747
559 208 1405 171
561 209 1405 1042
561 210 1405 183
563 212 1405 75
563 211 1405 978
570 213 1405 1732
571 214 1405 799
573 215 1405 996
580 216 1405 1742
593 217 1405 1887
604 218 1405 1861
606 219 1405 964
609 220 1405 1169
610 221 1405 555
612 222 1405 877
612 223 1405 492
612 224 1405 284
612 225 1405 203
616 226 1405 1359
616 227 1405 45
616 228 1405 151
618 229 1405 1064
619 230 1405 774
620 231 1405 559
627 232 1405 1736
628 233 1405 696
631 234 1405 1336
631 235 1405 492
631 236 1405 149
631 237 1405 222
644 238 1405 1891
649 241 1405 112
649 239 1405 1507
649 240 1405 153
650 242 1405 618
650 243 1405 180
659 244 1405 1802
662 245 1405 1320
662 246 1405 240
663 247 1405 738
664 248 1405 619
669 249 1405 1562
670 250 1405 778
670 251 1405 291
670 252 1405 318
672 253 1405 875
673 254 1405 679
676 260 1405 464
676 259 1405 335
676 258 1405 16
676 256 1405 14
676 255 1405 1253
676 257 1405 270
677 261 1405 632
678 262 1405 595
680 263 1405 1032
680 264 1405 267
685 265 1405 1548
688 266 1405 1167
691 269 1405 307
691 268 1405 396
691 267 1405 1304
692 270 1405 846
697 271 1405 1519
717 272 1405 1920
717 273 1405 354
718 274 1405 810
720 275 1405 1057
731 276 1405 1862
732 277 1405 697
733 278 1405 614
735 279 1405 889
748 280 1405 1888
749 281 1405 621
753 282 1405 1351
754 283 1405 514
754 284 1405 286
754 285 1405 483
754 286 1405 241
755 290 1405 477
755 289 1405 83
755 287 1405 861
755 288 1405 17
764 291 1405 1804
764 292 1405 206
769 293 1405 1556
771 294 1405 1042
775 295 1405 1445
779 296 1405 1442
784 297 1405 1511
794 298 1405 1838
794 299 1405 254
794 300 1405 152
795 301 1405 860
795 302 1405 342
795 303 1405 312
796 304 1405 715
799 305 1405 1184
799 306 1405 296
