0 0 563 314
3 1 563 1197
6 2 563 1327
8 3 563 1086
17 4 563 1827
18 5 563 718
19 6 563 569
29 8 563 184
29 7 563 1843
32 9 563 1183
32 10 563 305
32 11 563 263
34 12 563 926
35 13 563 858
36 14 563 776
36 15 563 429
39 16 563 1210
44 17 563 1601
45 18 563 551
46 19 563 794
52 20 563 1647
63 21 563 1860
64 22 563 722
67 23 563 1318
69 24 563 918
72 25 563 1284
73 26 563 625
82 27 563 1812
87 28 563 1596
88 29 563 862
92 30 563 1392
94 31 563 880
94 32 563 187
96 33 563 908
97 34 563 503
100 35 563 1278
102 36 563 962
103 38 563 451
103 37 563 548
104 39 563 676
108 40 563 1430
109 41 563 836
109 42 563 118
111 43 563 1098
118 44 563 1697
125 45 563 1694
126 47 563 397
126 46 563 718
139 48 563 1894
139 49 563 98
140 50 563 665
141 51 563 606
141 52 563 106
142 53 563 813
149 58 563 167
149 57 563 9
149 56 563 474
149 55 563 379
149 54 563 1725
150 59 563 542
150 60 563 92
151 61 563 681
151 62 563 246
154 63 563 1247
161 64 563 1715
165 68 563 355
165 67 563 17
165 65 563 1350
165 66 563 76
169 69 563 1423
173 70 563 1391
174 71 563 662
177 72 563 1149
186 73 563 1799
189 74 563 1288
190 75 563 810
197 76 563 1742
202 77 563 1549
207 78 563 1546
210 79 563 1149
211 80 563 566
211 81 563 228
221 82 563 1842
226 84 563 196
226 83 563 1497
227 85 563 786
228 86 563 773
231 87 563 1298
233 88 563 1108
233 89 563 123
234 90 563 803
236 92 563 380
236 91 563 953
246 93 563 1834
247 94 563 584
248 95 563 748
249 96 563 589
250 97 563 796
253 98 563 1307
253 99 563 347
259 100 563 1618
260 102 563 41
260 103 563 471
260 101 563 700
261 104 563 632
261 105 563 3
265 106 563 1381
265 107 563 231
269 108 563 1449
271 109 563 914
272 110 563 561
273 111 563 849
273 112 563 388
275 113 563 943
289 114 563 1900
297 115 563 1789
298 116 563 763
299 117 563 673
301 118 563 1050
303 119 563 929
304 120 563 576
305 121 563 702
306 123 563 231
306 122 563 834
307 124 563 620
307 125 563 438
307 126 563 282
310 127 563 1240
313 128 563 1215
314 129 563 540
314 130 563 221
316 132 563 242
316 131 563 945
319 133 563 1199
323 134 563 1455
331 135 563 1791
331 136 563 187
335 137 563 1371
336 138 563 865
336 139 563 193
339 140 563 1329
340 141 563 542
348 142 563 1774
348 143 563 193
352 144 563 1487
364 145 563 1878
365 146 563 564
369 147 563 1361
380 148 563 1858
381 149 563 720
397 150 563 1909
407 151 563 1841
413 153 563 377
413 152 563 1670
420 154 563 1695
422 155 563 916
430 156 563 1790
437 157 563 1734
445 158 563 1776
445 159 563 193
451 161 563 140
451 160 563 1646
453 162 563 941
455 163 563 909
456 164 563 693
461 165 563 1540
462 166 563 607
464 167 563 1114
468 169 563 109
468 168 563 1412
473 170 563 1601
476 171 563 1317
483 172 563 1732
484 173 563 857
489 174 563 1524
489 175 563 34
490 176 563 853
491 177 563 641
492 178 563 669
493 179 563 666
502 180 563 1799
503 181 563 845
506 182 563 1307
506 183 563 495
507 184 563 555
507 185 563 305
510 186 563 1200
518 187 563 1790
522 188 563 1428
523 191 563 377
523 190 563 0
523 189 563 539
528 192 563 1519
529 193 563 672
529 194 563 471
532 195 563 1188
537 196 563 1525
538 197 563 864
542 198 563 1424
553 199 563 1871
556 200 563 1271
560 201 563 1375
572 202 563 1874
579 203 563 1748
581 204 563 1043
582 205 563 592
582 206 563 108
583 207 563 813
584 208 563 777
590 210 563 63
590 209 563 1661
593 211 563 1148
595 212 563 1064
597 213 563 1109
597 214 563 319
598 215 563 801
599 220 563 340
599 218 563 354
599 219 563 388
599 216 563 758
599 217 563 446
600 221 563 742
606 222 563 1611
608 223 563 872
608 224 563 108
611 225 563 1224
618 226 563 1722
620 230 563 433
620 229 563 336
620 228 563 385
620 227 563 1060
637 231 563 1913
639 232 563 1142
640 233 563 723
643 234 563 1320
643 235 563 424
645 236 563 896
649 237 563 1483
653 238 563 1376
666 239 563 1887
666 240 563 196
666 241 563 386
668 242 563 1012
675 243 563 1692
675 244 563 476
676 245 563 777
679 248 563 353
679 247 563 410
679 246 563 1238
684 249 563 1595
684 250 563 429
686 251 563 1079
687 252 563 510
689 253 563 1036
694 254 563 1530
695 255 563 528
701 256 563 1688
703 257 563 1001
709 258 563 1640
716 259 563 1743
717 260 563 794
719 261 563 973
719 262 563 428
719 263 563 441
722 266 563 6
722 267 563 340
722 264 563 1227
722 265 563 74
729 268 563 1714
738 269 563 1819
748 270 563 1830
751 271 563 1200
753 272 563 994
753 273 563 391
753 274 563 191
765 275 563 1879
771 276 563 1654
781 277 563 1844
781 278 563 396
784 279 563 1256
800 280 563 1910
803 281 563 1312
804 282 563 706
805 283 563 714
815 284 563 1831
818 285 563 1279
822 286 563 1402
822 287 563 105
824 288 563 1118
825 289 563 791
826 290 563 660
835 291 563 1819
843 292 563 1768
848 293 563 1558
850 294 563 1092
853 295 563 1148
865 296 563 1882
866 297 563 570
866 298 563 464
866 299 563 401
867 300 563 770
869 301 563 897
870 302 563 620
870 303 563 458
877 304 563 1690
880 305 563 1153
880 306 563 84
