0 0 808 33
3 1 808 1225
3 2 808 0
9 3 808 1676
11 4 808 901
12 5 808 653
12 6 808 298
16 7 808 1487
28 9 808 173
28 8 808 1876
32 10 808 1417
32 11 808 5
32 12 808 400
32 13 808 480
32 14 808 365
34 15 808 945
34 16 808 158
42 17 808 1755
43 18 808 747
48 19 808 1577
48 20 808 317
52 21 808 1365
52 22 808 334
56 23 808 1478
64 24 808 1755
75 25 808 1863
76 26 808 868
81 27 808 1601
83 29 808 466
83 28 808 994
84 30 808 780
93 31 808 1821
97 32 808 1396
100 33 808 1167
101 34 808 507
104 35 808 1231
105 39 808 323
105 38 808 232
105 37 808 250
105 36 808 810
106 40 808 592
113 41 808 1734
126 42 808 1887
127 43 808 657
127 44 808 123
127 45 808 211
127 46 808 77
132 47 808 1518
133 48 808 516
133 49 808 41
135 50 808 1110
137 51 808 874
142 52 808 1551
142 53 808 50
147 54 808 1554
148 55 808 592
150 57 808 446
150 56 808 890
160 58 808 1845
162 59 808 963
169 60 808 1710
170 61 808 622
170 62 808 493
174 63 808 1410
177 64 808 1318
182 65 808 1520
183 66 808 533
186 67 808 1157
200 68 808 1897
202 69 808 1059
202 70 808 134
212 71 808 1833
217 72 808 1522
217 73 808 423
219 74 808 985
220 75 808 508
224 76 808 1403
229 77 808 1601
233 78 808 1355
238 79 808 1544
246 80 808 1785
249 81 808 1275
251 82 808 1085
253 83 808 953
256 84 808 1281
266 86 808 270
266 85 808 1831
270 87 808 1345
275 88 808 1537
285 89 808 1840
285 90 808 340
285 91 808 364
285 92 808 329
288 93 808 1194
289 94 808 538
302 95 808 1895
305 96 808 1241
305 97 808 476
308 98 808 1264
309 99 808 527
314 100 808 1602
315 101 808 844
320 102 808 1545
324 103 808 1382
334 104 808 1831
337 105 808 1201
340 106 808 1276
342 107 808 1127
344 108 808 990
346 109 808 1046
348 110 808 1114
351 111 808 1214
353 112 808 1015
353 113 808 301
355 115 808 434
355 114 808 1102
359 116 808 1461
363 117 808 1464
363 118 808 129
367 119 808 1411
370 120 808 1250
372 121 808 1113
377 122 808 1545
377 123 808 57
378 124 808 718
385 125 808 1695
390 126 808 1503
390 127 808 328
399 128 808 1810
401 129 808 1015
404 130 808 1191
406 131 808 926
406 132 808 337
407 133 808 828
418 134 808 1866
420 135 808 941
426 136 808 1655
432 137 808 1628
434 138 808 1047
434 139 808 79
435 140 808 555
437 142 808 354
437 143 808 490
437 141 808 1067
438 144 808 725
440 145 808 1051
443 146 808 1274
443 147 808 28
443 148 808 92
443 149 808 104
443 150 808 433
450 151 808 1701
450 152 808 347
458 153 808 1777
461 154 808 1201
461 155 808 489
464 156 808 1224
468 157 808 1487
469 158 808 663
469 159 808 135
475 160 808 1623
477 161 808 947
480 162 808 1242
494 163 808 1900
502 164 808 1780
502 165 808 187
504 166 808 876
504 167 808 186
504 168 808 360
504 169 808 160
505 170 808 704
513 173 808 50
513 172 808 417
513 171 808 1758
514 174 808 856
514 175 808 183
515 176 808 758
517 177 808 1054
520 178 808 1256
525 179 808 1592
525 180 808 421
529 182 808 236
529 181 808 1475
536 183 808 1705
537 184 808 581
541 185 808 1415
542 186 808 578
542 187 808 484
547 188 808 1552
551 189 808 1376
557 190 808 1641
557 191 808 168
559 192 808 965
561 193 808 911
561 194 808 381
566 195 808 1532
573 196 808 1750
573 197 808 379
574 198 808 635
575 199 808 538
575 200 808 174
577 201 808 1087
582 202 808 1592
593 203 808 1856
596 204 808 1325
597 205 808 599
600 206 808 1283
600 207 808 297
602 208 808 921
604 209 808 1017
610 212 808 230
610 211 808 169
610 210 808 1655
612 213 808 995
618 214 808 1639
618 215 808 147
619 216 808 710
623 217 808 1461
626 218 808 1318
626 219 808 365
631 221 808 392
631 220 808 1534
632 222 808 558
634 223 808 908
634 224 808 443
635 225 808 536
636 226 808 793
640 227 808 1431
645 228 808 1594
648 232 808 419
648 231 808 379
648 230 808 358
648 229 808 1248
649 233 808 718
653 234 808 1418
656 235 808 1258
665 236 808 1807
665 237 808 305
665 238 808 380
680 240 808 131
680 241 808 281
680 239 808 1906
684 242 808 1488
685 243 808 534
691 244 808 1645
695 245 808 1472
706 246 808 1862
719 247 808 1895
722 249 808 233
722 248 808 1196
723 251 808 288
723 250 808 822
725 252 808 985
725 253 808 270
727 254 808 928
734 255 808 1707
735 256 808 528
736 257 808 683
740 258 808 1412
741 259 808 789
748 260 808 1731
756 261 808 1777
757 262 808 628
762 263 808 1597
763 264 808 659
766 265 808 1276
772 266 808 1674
776 267 808 1436
781 271 808 405
781 270 808 265
781 269 808 381
781 268 808 1501
783 272 808 1080
786 273 808 1336
786 274 808 233
789 275 808 1252
790 276 808 829
790 277 808 24
793 278 808 1188
795 279 808 896
796 280 808 598
797 281 808 823
797 282 808 234
801 283 808 1360
801 284 808 426
801 285 808 69
804 286 808 1318
804 287 808 149
811 288 808 1714
817 289 808 1636
818 290 808 729
820 291 808 1124
821 292 808 818
826 293 808 1516
826 294 808 175
826 295 808 278
831 296 808 1578
840 297 808 1815
849 298 808 1800
849 299 808 369
856 300 808 1722
856 301 808 425
856 302 808 393
857 303 808 814
870 304 808 1893
870 305 808 417
872 306 808 1132
