3 0 1303 1159
3 1 1303 451
3 2 1303 478
5 3 1303 1072
13 4 1303 1780
15 5 1303 983
17 6 1303 922
20 9 1303 88
20 8 1303 363
20 7 1303 1309
22 10 1303 1092
23 11 1303 809
24 12 1303 864
25 13 1303 692
28 14 1303 1233
38 15 1303 1843
47 16 1303 1811
49 17 1303 901
51 18 1303 1033
52 19 1303 691
57 20 1303 1509
57 21 1303 96
63 22 1303 1679
63 23 1303 210
63 24 1303 320
63 25 1303 230
70 26 1303 1709
71 28 1303 252
71 27 1303 613
84 29 1303 1893
87 30 1303 1188
93 31 1303 1619
93 32 1303 302
93 33 1303 346
97 34 1303 1386
102 35 1303 1561
106 36 1303 1409
113 37 1303 1724
117 38 1303 1348
121 39 1303 1368
128 40 1303 1701
128 41 1303 64
130 42 1303 947
134 43 1303 1449
134 44 1303 168
143 45 1303 1797
143 46 1303 251
146 47 1303 1212
152 48 1303 1679
161 49 1303 1796
170 50 1303 1796
174 51 1303 1459
181 52 1303 1731
182 53 1303 643
185 54 1303 1197
187 55 1303 1063
188 56 1303 696
188 57 1303 268
189 58 1303 752
194 59 1303 1549
197 60 1303 1198
197 61 1303 308
199 62 1303 1056
199 63 1303 394
200 64 1303 825
204 65 1303 1397
205 66 1303 507
206 67 1303 518
209 68 1303 1230
214 69 1303 1597
214 70 1303 434
214 71 1303 87
218 72 1303 1477
223 73 1303 1589
225 74 1303 914
229 75 1303 1445
231 79 1303 447
231 78 1303 41
231 76 1303 1073
231 77 1303 229
246 80 1303 1904
246 81 1303 497
247 82 1303 859
247 83 1303 381
247 84 1303 97
253 85 1303 1654
262 86 1303 1812
267 87 1303 1583
269 88 1303 1073
269 89 1303 323
270 90 1303 864
272 91 1303 1141
274 92 1303 972
281 93 1303 1723
281 94 1303 169
285 95 1303 1393
287 96 1303 932
288 97 1303 552
289 98 1303 624
290 99 1303 696
293 100 1303 1290
299 101 1303 1658
314 102 1303 1906
314 103 1303 81
318 104 1303 1362
325 105 1303 1708
340 106 1303 1906
340 107 1303 142
346 108 1303 1654
352 109 1303 1677
369 110 1303 1914
369 111 1303 466
369 112 1303 226
369 113 1303 305
374 114 1303 1570
375 115 1303 701
379 116 1303 1374
380 117 1303 675
380 118 1303 297
382 119 1303 1096
387 120 1303 1509
388 121 1303 849
392 122 1303 1369
394 123 1303 907
395 124 1303 733
398 125 1303 1217
400 126 1303 1040
406 127 1303 1678
410 128 1303 1419
414 129 1303 1446
415 130 1303 512
416 131 1303 520
421 132 1303 1530
424 133 1303 1269
426 134 1303 1082
426 135 1303 245
427 136 1303 515
428 137 1303 777
430 138 1303 944
430 139 1303 313
436 140 1303 1672
442 141 1303 1670
453 142 1303 1854
456 143 1303 1321
456 144 1303 333
456 145 1303 397
458 146 1303 914
459 147 1303 667
459 148 1303 153
463 150 1303 19
463 151 1303 256
463 149 1303 1393
463 152 1303 255
467 153 1303 1453
469 154 1303 1112
469 155 1303 440
469 156 1303 288
471 157 1303 999
474 158 1303 1273
474 159 1303 144
475 160 1303 668
475 161 1303 228
476 163 1303 207
476 162 1303 647
479 164 1303 1164
483 165 1303 1393
484 166 1303 861
486 167 1303 881
489 168 1303 1148
492 169 1303 1325
492 170 1303 185
493 171 1303 596
499 172 1303 1656
515 173 1303 1909
519 174 1303 1348
527 175 1303 1763
529 176 1303 919
529 177 1303 48
530 180 1303 302
530 181 1303 372
530 178 1303 573
530 179 1303 336
535 182 1303 1525
535 183 1303 26
539 184 1303 1427
539 185 1303 255
539 186 1303 265
539 187 1303 77
539 188 1303 157
540 189 1303 641
552 190 1303 1882
556 191 1303 1441
560 192 1303 1429
561 193 1303 799
566 194 1303 1569
570 195 1303 1443
572 196 1303 1022
578 197 1303 1646
578 198 1303 156
579 199 1303 864
583 201 1303 32
583 200 1303 1461
587 202 1303 1444
588 203 1303 753
591 204 1303 1207
595 205 1303 1347
596 206 1303 525
596 207 1303 270
596 208 1303 104
599 209 1303 1273
603 212 1303 425
603 210 1303 1445
603 211 1303 239
605 213 1303 937
613 214 1303 1767
613 215 1303 295
614 216 1303 628
615 217 1303 620
616 218 1303 705
618 219 1303 908
620 220 1303 1128
621 221 1303 783
622 222 1303 724
623 223 1303 506
627 224 1303 1368
628 225 1303 669
630 226 1303 1092
631 228 1303 339
631 227 1303 857
641 229 1303 1830
642 230 1303 741
645 231 1303 1198
654 232 1303 1817
660 233 1303 1634
661 234 1303 799
661 235 1303 269
662 236 1303 853
663 237 1303 772
664 239 1303 79
664 238 1303 744
670 240 1303 1655
689 241 1303 1920
703 242 1303 1898
704 243 1303 809
706 244 1303 1120
712 245 1303 1642
714 246 1303 1015
714 247 1303 491
716 248 1303 957
719 249 1303 1273
720 250 1303 815
720 251 1303 402
722 252 1303 940
725 253 1303 1172
731 254 1303 1661
732 255 1303 677
735 256 1303 1233
737 257 1303 937
740 258 1303 1309
741 259 1303 538
741 260 1303 255
746 261 1303 1592
757 262 1303 1855
757 263 1303 199
758 264 1303 532
758 265 1303 247
758 266 1303 347
759 268 1303 137
759 267 1303 716
764 269 1303 1497
768 270 1303 1367
776 271 1303 1781
785 272 1303 1801
786 273 1303 626
789 274 1303 1178
791 275 1303 1133
792 276 1303 810
802 277 1303 1840
805 278 1303 1311
811 279 1303 1650
816 280 1303 1578
817 281 1303 600
826 282 1303 1825
828 283 1303 991
830 284 1303 1014
830 285 1303 339
830 286 1303 257
831 287 1303 644
845 288 1303 1898
845 289 1303 122
847 290 1303 960
857 291 1303 1841
861 292 1303 1387
861 293 1303 206
868 295 1303 62
868 296 1303 64
868 294 1303 1749
875 297 1303 1699
875 298 1303 277
877 299 1303 873
880 300 1303 1294
880 301 1303 299
880 302 1303 354
884 303 1303 1384
894 304 1303 1831
896 305 1303 959
897 306 1303 525
