1 0 1889 738
2 1 1889 528
3 2 1889 793
12 3 1889 1801
13 4 1889 851
21 5 1889 1756
26 7 1889 109
26 8 1889 498
26 6 1889 1539
29 9 1889 1211
29 10 1889 121
29 11 1889 212
35 12 1889 1615
35 13 1889 376
35 14 1889 65
44 15 1889 1804
48 16 1889 1423
48 17 1889 429
49 18 1889 866
51 19 1889 1040
51 20 1889 225
56 21 1889 1509
60 22 1889 1388
60 23 1889 197
61 24 1889 601
61 25 1889 439
62 26 1889 849
62 27 1889 381
66 28 1889 1432
70 29 1889 1474
71 30 1889 645
72 31 1889 682
83 32 1889 1855
84 33 1889 767
86 34 1889 933
86 35 1889 498
87 36 1889 852
89 38 1889 114
89 37 1889 1057
97 39 1889 1786
105 40 1889 1759
107 41 1889 929
110 42 1889 1205
111 43 1889 543
111 44 1889 419
117 45 1889 1686
117 46 1889 148
121 47 1889 1429
125 48 1889 1397
125 49 1889 218
128 50 1889 1191
130 51 1889 972
130 52 1889 219
131 53 1889 615
139 54 1889 1751
142 55 1889 1154
144 56 1889 1064
145 57 1889 595
148 58 1889 1200
148 59 1889 411
150 60 1889 906
153 61 1889 1157
154 62 1889 602
156 63 1889 949
157 64 1889 565
161 66 1889 282
161 65 1889 1363
162 67 1889 848
166 68 1889 1367
170 69 1889 1492
172 70 1889 951
172 71 1889 366
172 72 1889 314
174 73 1889 1004
177 74 1889 1206
180 76 1889 303
180 75 1889 1220
181 77 1889 845
188 78 1889 1703
189 79 1889 839
189 80 1889 291
192 81 1889 1344
194 82 1889 909
197 84 1889 282
197 83 1889 1213
202 85 1889 1598
202 86 1889 463
205 87 1889 1239
207 88 1889 941
214 89 1889 1704
218 90 1889 1358
218 91 1889 256
226 92 1889 1782
232 93 1889 1628
234 94 1889 879
235 95 1889 601
235 96 1889 327
235 97 1889 256
249 98 1889 1902
251 99 1889 980
255 100 1889 1404
258 101 1889 1225
258 102 1889 62
268 103 1889 1829
271 104 1889 1192
272 105 1889 825
273 106 1889 657
275 107 1889 1139
278 108 1889 1333
279 109 1889 530
280 110 1889 850
280 111 1889 219
281 114 1889 119
281 113 1889 360
281 112 1889 817
285 115 1889 1487
285 116 1889 248
288 117 1889 1313
289 118 1889 666
291 119 1889 891
293 120 1889 900
295 121 1889 967
305 122 1889 1831
310 123 1889 1588
310 124 1889 134
311 125 1889 694
312 126 1889 509
313 127 1889 610
313 128 1889 124
314 129 1889 605
316 130 1889 892
316 131 1889 47
317 132 1889 867
318 133 1889 723
322 134 1889 1359
324 135 1889 991
327 136 1889 1282
329 137 1889 1004
329 138 1889 21
333 139 1889 1382
335 140 1889 941
338 141 1889 1248
348 143 1889 410
348 142 1889 1831
349 144 1889 853
351 145 1889 1138
355 146 1889 1364
359 147 1889 1421
364 148 1889 1509
367 149 1889 1317
367 150 1889 352
369 151 1889 939
374 152 1889 1514
376 155 1889 437
376 153 1889 1010
376 154 1889 80
379 156 1889 1318
379 157 1889 398
386 158 1889 1694
386 159 1889 497
386 160 1889 315
386 161 1889 46
388 162 1889 1014
389 163 1889 728
394 164 1889 1562
395 165 1889 802
398 166 1889 1276
398 167 1889 93
400 168 1889 925
402 169 1889 1052
402 170 1889 204
405 171 1889 1168
408 172 1889 1291
411 173 1889 1209
423 174 1889 1875
428 175 1889 1576
430 176 1889 1061
434 177 1889 1421
435 178 1889 734
437 179 1889 920
440 180 1889 1254
442 181 1889 1013
444 182 1889 1026
445 183 1889 732
445 184 1889 253
457 185 1889 1878
457 186 1889 458
465 187 1889 1782
466 188 1889 643
468 189 1889 922
473 190 1889 1598
475 191 1889 883
478 192 1889 1235
482 193 1889 1449
484 194 1889 1067
486 195 1889 894
486 196 1889 233
488 197 1889 1102
489 198 1889 772
489 199 1889 51
497 200 1889 1787
500 203 1889 456
500 201 1889 1271
500 202 1889 495
502 204 1889 1112
504 205 1889 1108
509 206 1889 1572
509 207 1889 305
511 209 1889 428
511 208 1889 1059
514 210 1889 1300
523 211 1889 1821
528 212 1889 1589
529 213 1889 773
532 214 1889 1167
535 215 1889 1226
537 216 1889 945
537 217 1889 282
537 218 1889 475
543 220 1889 344
543 219 1889 1609
547 221 1889 1419
551 222 1889 1375
551 223 1889 3
555 224 1889 1379
558 225 1889 1246
569 226 1889 1858
577 228 1889 142
577 227 1889 1767
579 229 1889 981
582 230 1889 1343
594 231 1889 1883
595 232 1889 648
596 233 1889 683
598 234 1889 1058
613 235 1889 1908
614 236 1889 518
615 237 1889 570
620 238 1889 1544
622 239 1889 1069
622 240 1889 306
622 241 1889 153
623 242 1889 722
623 243 1889 215
628 244 1889 1546
635 245 1889 1701
638 247 1889 461
638 248 1889 281
638 246 1889 1219
646 249 1889 1765
658 250 1889 1874
670 251 1889 1876
671 252 1889 627
673 253 1889 1088
679 254 1889 1631
679 255 1889 367
688 257 1889 492
688 256 1889 1821
690 258 1889 1001
698 259 1889 1790
701 260 1889 1174
708 261 1889 1729
708 262 1889 162
708 263 1889 78
710 264 1889 1010
713 265 1889 1342
716 266 1889 1173
718 267 1889 905
724 268 1889 1639
727 269 1889 1184
728 270 1889 708
728 271 1889 375
729 272 1889 662
732 273 1889 1330
735 274 1889 1302
735 275 1889 190
736 276 1889 697
739 277 1889 1160
739 278 1889 381
744 279 1889 1603
744 280 1889 27
748 281 1889 1397
752 282 1889 1486
752 283 1889 301
754 284 1889 1031
758 285 1889 1392
761 286 1889 1256
765 287 1889 1485
767 288 1889 976
768 289 1889 691
768 290 1889 87
768 291 1889 26
772 292 1889 1493
778 293 1889 1678
787 294 1889 1820
788 295 1889 502
805 296 1889 1915
806 297 1889 643
808 298 1889 1129
808 299 1889 204
809 300 1889 528
809 301 1889 313
810 302 1889 746
812 303 1889 1021
814 304 1889 1056
819 305 1889 1499
822 306 1889 1213
