0 0 1790 25
5 1 1790 1545
7 2 1790 1096
7 3 1790 263
8 4 1790 517
13 5 1790 1528
13 6 1790 496
18 7 1790 1538
33 8 1790 1907
35 9 1790 894
35 10 1790 435
35 11 1790 401
36 12 1790 594
36 13 1790 41
37 14 1790 555
37 15 1790 219
41 17 1790 278
41 18 1790 184
41 16 1790 1473
44 19 1790 1321
44 20 1790 280
45 21 1790 582
51 22 1790 1666
53 23 1790 900
57 24 1790 1480
58 25 1790 601
61 26 1790 1262
67 27 1790 1686
69 28 1790 1055
69 29 1790 385
70 30 1790 665
78 31 1790 1782
78 32 1790 493
86 33 1790 1755
86 34 1790 333
87 35 1790 852
88 36 1790 799
90 37 1790 1021
96 38 1790 1652
101 39 1790 1533
101 40 1790 365
101 41 1790 330
101 42 1790 181
102 43 1790 814
104 44 1790 1045
108 45 1790 1383
108 46 1790 171
109 47 1790 856
114 48 1790 1513
116 49 1790 958
124 50 1790 1786
130 51 1790 1636
132 52 1790 1087
133 53 1790 600
136 54 1790 1281
140 55 1790 1367
149 57 1790 195
149 56 1790 1804
150 58 1790 708
160 59 1790 1840
160 60 1790 265
161 61 1790 734
161 62 1790 483
166 63 1790 1521
166 64 1790 228
167 65 1790 578
177 66 1790 1833
178 67 1790 764
184 68 1790 1632
190 69 1790 1627
193 70 1790 1344
193 71 1790 452
194 72 1790 550
195 73 1790 575
197 74 1790 955
209 76 1790 401
209 75 1790 1874
210 77 1790 852
218 78 1790 1779
218 79 1790 97
218 80 1790 430
218 81 1790 405
218 82 1790 173
218 83 1790 96
219 84 1790 524
221 85 1790 953
222 86 1790 694
231 87 1790 1817
231 88 1790 474
233 89 1790 891
235 90 1790 973
236 91 1790 604
236 92 1790 312
243 93 1790 1737
246 94 1790 1268
251 95 1790 1555
259 96 1790 1772
260 97 1790 585
261 98 1790 585
261 99 1790 467
265 100 1790 1474
268 101 1790 1332
271 102 1790 1148
280 103 1790 1810
285 104 1790 1539
288 105 1790 1334
290 106 1790 1086
291 107 1790 512
296 108 1790 1569
299 109 1790 1331
301 110 1790 966
303 111 1790 952
303 112 1790 340
304 113 1790 610
308 114 1790 1409
316 115 1790 1784
317 116 1790 561
317 117 1790 387
319 118 1790 997
322 119 1790 1200
331 120 1790 1808
331 121 1790 16
331 122 1790 289
332 123 1790 741
333 124 1790 654
334 125 1790 740
334 126 1790 139
335 127 1790 738
338 128 1790 1232
341 129 1790 1325
341 130 1790 102
348 132 1790 266
348 131 1790 1740
351 133 1790 1312
352 134 1790 547
354 135 1790 1023
357 136 1790 1182
357 137 1790 287
357 138 1790 482
359 139 1790 1114
367 141 1790 182
367 142 1790 248
367 140 1790 1792
369 143 1790 1067
379 144 1790 1850
379 145 1790 21
379 146 1790 263
385 147 1790 1627
385 148 1790 327
389 149 1790 1408
391 150 1790 994
395 151 1790 1385
400 152 1790 1512
403 153 1790 1309
404 154 1790 584
408 155 1790 1458
410 156 1790 1043
410 157 1790 407
413 158 1790 1156
414 159 1790 798
417 160 1790 1195
417 161 1790 348
420 163 1790 244
420 162 1790 1204
423 164 1790 1229
426 165 1790 1150
427 166 1790 685
429 167 1790 953
429 168 1790 62
429 169 1790 386
430 170 1790 602
430 171 1790 273
440 172 1790 1829
449 173 1790 1808
452 174 1790 1333
458 175 1790 1625
465 176 1790 1693
468 177 1790 1146
469 178 1790 815
470 182 1790 411
470 181 1790 436
470 179 1790 632
470 180 1790 477
477 183 1790 1749
477 184 1790 330
478 185 1790 642
478 186 1790 228
480 187 1790 881
481 188 1790 727
483 189 1790 1014
498 190 1790 1905
499 191 1790 774
501 192 1790 1056
507 193 1790 1608
517 194 1790 1843
521 195 1790 1444
523 196 1790 902
523 197 1790 3
531 198 1790 1763
532 199 1790 700
535 200 1790 1261
538 201 1790 1234
543 202 1790 1564
554 203 1790 1865
555 204 1790 805
556 205 1790 721
560 206 1790 1480
566 207 1790 1628
580 208 1790 1901
582 209 1790 883
589 210 1790 1690
598 211 1790 1821
603 212 1790 1517
604 213 1790 523
604 214 1790 321
605 215 1790 759
616 216 1790 1861
620 217 1790 1380
630 218 1790 1839
631 219 1790 587
633 220 1790 921
640 221 1790 1728
640 222 1790 226
642 223 1790 973
642 224 1790 406
650 225 1790 1753
652 226 1790 1141
652 227 1790 220
665 228 1790 1890
674 229 1790 1813
675 230 1790 722
682 231 1790 1689
685 232 1790 1308
685 233 1790 114
688 234 1790 1296
691 235 1790 1168
692 236 1790 797
692 237 1790 470
694 238 1790 943
699 239 1790 1534
701 240 1790 1086
702 241 1790 524
704 242 1790 905
712 243 1790 1768
715 244 1790 1249
715 245 1790 83
718 246 1790 1182
719 247 1790 533
722 248 1790 1287
724 249 1790 1084
729 250 1790 1507
733 251 1790 1447
733 252 1790 89
736 253 1790 1175
743 254 1790 1704
747 255 1790 1457
749 256 1790 1007
750 257 1790 591
754 258 1790 1458
756 259 1790 977
761 260 1790 1504
764 261 1790 1259
770 262 1790 1663
770 263 1790 87
770 264 1790 161
770 265 1790 0
771 266 1790 513
775 267 1790 1402
778 268 1790 1151
780 269 1790 1077
793 270 1790 1886
797 271 1790 1391
797 272 1790 437
797 273 1790 304
801 274 1790 1425
801 275 1790 396
802 277 1790 382
802 276 1790 823
808 278 1790 1648
808 279 1790 323
809 280 1790 571
810 281 1790 608
811 282 1790 858
812 283 1790 805
812 284 1790 306
815 285 1790 1200
820 288 1790 335
820 287 1790 132
820 286 1790 1600
828 289 1790 1763
828 290 1790 160
828 291 1790 205
830 292 1790 937
843 293 1790 1891
843 294 1790 29
851 295 1790 1751
852 296 1790 785
853 297 1790 817
859 298 1790 1607
862 299 1790 1249
866 300 1790 1495
873 301 1790 1704
876 302 1790 1306
876 303 1790 209
878 304 1790 1122
878 305 1790 116
880 306 1790 1010
