2 0 348 1018
2 1 348 430
6 2 348 1357
11 3 348 1523
12 4 348 858
12 5 348 83
18 6 348 1688
27 7 348 1797
33 8 348 1686
34 9 348 797
34 10 348 436
36 11 348 890
38 12 348 984
38 13 348 252
43 14 348 1579
45 15 348 990
45 16 348 97
51 17 348 1679
56 18 348 1593
72 19 348 1909
72 20 348 135
77 21 348 1543
80 22 348 1194
81 23 348 543
88 24 348 1713
91 25 348 1178
93 26 348 1131
93 27 348 423
100 28 348 1717
105 29 348 1519
106 30 348 507
107 31 348 588
110 32 348 1166
110 33 348 441
120 34 348 1849
121 35 348 605
127 36 348 1662
136 39 348 245
136 37 348 1796
136 38 348 218
149 40 348 1893
151 41 348 996
151 42 348 377
155 43 348 1475
156 44 348 620
158 45 348 868
160 46 348 998
163 47 348 1311
165 48 348 1129
168 49 348 1332
172 50 348 1364
173 51 348 556
173 52 348 359
175 53 348 1071
175 54 348 302
179 55 348 1399
182 56 348 1161
183 57 348 813
190 58 348 1735
195 59 348 1604
197 60 348 876
200 61 348 1265
200 62 348 79
200 63 348 166
200 64 348 290
208 65 348 1772
214 66 348 1648
215 67 348 542
215 68 348 327
217 69 348 974
220 70 348 1252
220 71 348 225
224 72 348 1460
228 74 348 15
228 73 348 1348
230 75 348 1064
233 76 348 1165
239 77 348 1643
249 78 348 1848
250 79 348 844
250 80 348 180
257 81 348 1744
260 82 348 1219
260 83 348 384
260 84 348 155
272 89 348 449
272 88 348 139
272 85 348 1875
272 86 348 229
272 87 348 95
276 90 348 1369
277 91 348 849
277 92 348 61
278 93 348 538
281 94 348 1293
282 95 348 628
284 96 348 916
284 97 348 210
287 98 348 1185
288 99 348 773
291 100 348 1144
291 101 348 455
293 103 348 155
293 104 348 80
293 102 348 983
295 105 348 1139
297 106 348 1020
299 107 348 936
301 108 348 1055
304 109 348 1162
304 110 348 233
308 111 348 1442
310 112 348 889
312 113 348 890
316 114 348 1424
318 115 348 1056
318 116 348 45
324 117 348 1620
324 118 348 11
324 119 348 339
329 120 348 1542
334 121 348 1553
334 122 348 403
343 123 348 1802
348 124 348 1529
348 125 348 403
348 126 348 163
350 127 348 922
350 128 348 54
353 129 348 1311
353 130 348 148
355 131 348 954
355 132 348 457
357 133 348 1075
363 134 348 1624
369 135 348 1649
370 136 348 760
372 137 348 1064
372 138 348 304
374 139 348 941
375 140 348 854
378 141 348 1218
380 142 348 964
382 144 348 215
382 143 348 901
392 145 348 1851
404 146 348 1884
406 147 348 1096
408 148 348 1038
408 149 348 237
409 150 348 582
412 151 348 1220
412 152 348 199
413 153 348 845
416 154 348 1155
421 155 348 1515
421 156 348 51
423 157 348 1106
424 158 348 550
429 159 348 1601
431 160 348 975
431 161 348 98
433 162 348 881
439 163 348 1669
441 164 348 1014
444 165 348 1204
446 166 348 984
453 167 348 1739
456 168 348 1191
463 169 348 1699
463 170 348 295
465 171 348 906
468 172 348 1316
470 173 348 995
474 174 348 1410
474 175 348 324
475 176 348 589
479 177 348 1427
484 178 348 1587
489 179 348 1603
489 180 348 444
491 181 348 992
500 182 348 1808
507 183 348 1742
508 184 348 728
509 185 348 852
510 186 348 755
515 187 348 1536
525 188 348 1845
525 189 348 108
530 190 348 1598
535 191 348 1579
536 192 348 514
537 193 348 627
550 194 348 1890
551 195 348 756
551 196 348 336
554 197 348 1219
563 198 348 1811
565 199 348 936
566 201 348 145
566 200 348 866
576 202 348 1830
579 203 348 1264
590 204 348 1866
595 205 348 1601
605 206 348 1829
607 207 348 1128
611 208 348 1360
612 209 348 831
614 210 348 926
615 211 348 549
619 212 348 1444
621 213 348 871
624 214 348 1157
639 215 348 1908
639 216 348 215
641 217 348 1064
643 219 348 162
643 220 348 448
643 218 348 940
647 221 348 1372
656 222 348 1819
658 223 348 1082
658 224 348 101
659 225 348 640
659 226 348 392
660 227 348 689
662 228 348 1030
663 229 348 653
679 230 348 1912
682 231 348 1294
687 232 348 1540
688 233 348 650
689 234 348 736
689 235 348 299
691 236 348 1087
692 237 348 544
701 238 348 1801
703 239 348 1052
705 240 348 947
710 241 348 1552
710 242 348 175
712 243 348 1013
714 244 348 1107
716 245 348 1048
716 246 348 135
721 247 348 1567
725 248 348 1394
740 249 348 1907
741 250 348 541
744 251 348 1197
744 252 348 279
750 253 348 1649
750 254 348 487
754 255 348 1418
754 256 348 250
755 257 348 747
758 258 348 1162
761 259 348 1225
764 260 348 1209
766 261 348 1140
766 262 348 98
767 263 348 707
768 264 348 843
773 265 348 1556
775 266 348 933
776 268 348 135
776 267 348 793
777 269 348 858
778 270 348 820
783 271 348 1595
786 272 348 1188
795 273 348 1812
797 274 348 1139
798 275 348 821
801 276 348 1196
802 277 348 805
816 278 348 1899
818 279 348 977
819 280 348 505
820 281 348 749
823 282 348 1219
825 283 348 1048
825 284 348 112
826 285 348 715
828 286 348 1015
837 288 348 162
837 287 348 1816
840 289 348 1242
840 290 348 48
840 291 348 339
843 292 348 1306
844 293 348 575
852 294 348 1768
859 295 348 1732
863 296 348 1453
867 297 348 1393
867 298 348 170
871 299 348 1476
871 300 348 114
874 301 348 1267
878 302 348 1432
879 303 348 535
881 304 348 1086
883 305 348 870
883 306 348 8
