5 0 1679 1597
5 1 1679 334
6 2 1679 610
6 3 1679 130
10 4 1679 1451
19 5 1679 1809
19 6 1679 166
19 7 1679 437
23 8 1679 1417
26 9 1679 1224
26 10 1679 234
29 11 1679 1165
29 12 1679 425
29 13 1679 33
34 16 1679 418
34 17 1679 359
34 14 1679 1504
34 15 1679 382
36 18 1679 1052
41 19 1679 1564
44 20 1679 1173
48 21 1679 1403
53 22 1679 1534
58 23 1679 1600
60 24 1679 1090
63 25 1679 1276
65 26 1679 1065
65 27 1679 410
71 28 1679 1608
71 29 1679 136
71 30 1679 203
73 31 1679 1109
73 32 1679 57
85 36 1679 454
85 35 1679 155
85 37 1679 254
85 33 1679 1883
85 34 1679 174
86 38 1679 687
88 39 1679 970
91 40 1679 1254
91 41 1679 251
92 42 1679 833
92 43 1679 147
93 44 1679 859
95 45 1679 1081
98 46 1679 1225
101 47 1679 1197
104 48 1679 1184
105 49 1679 542
108 50 1679 1168
117 51 1679 1796
118 52 1679 868
119 53 1679 737
120 55 1679 194
120 54 1679 588
121 56 1679 725
123 57 1679 934
125 58 1679 965
125 59 1679 174
126 60 1679 744
132 61 1679 1680
133 62 1679 754
136 63 1679 1280
138 64 1679 1020
140 65 1679 1050
142 66 1679 1107
142 67 1679 466
150 68 1679 1783
154 69 1679 1349
164 70 1679 1853
164 71 1679 163
169 73 1679 82
169 72 1679 1596
169 74 1679 309
171 75 1679 922
172 76 1679 569
176 77 1679 1387
177 78 1679 741
177 79 1679 8
177 80 1679 50
185 81 1679 1792
188 82 1679 1150
190 83 1679 1066
192 86 1679 240
192 84 1679 893
192 85 1679 332
195 87 1679 1245
198 88 1679 1294
213 89 1679 1904
217 90 1679 1354
221 91 1679 1444
224 92 1679 1214
225 94 1679 226
225 93 1679 513
230 95 1679 1498
234 96 1679 1422
238 97 1679 1478
240 98 1679 1051
247 99 1679 1734
261 100 1679 1898
262 101 1679 759
265 102 1679 1338
273 103 1679 1760
274 104 1679 613
276 105 1679 1004
276 106 1679 199
277 107 1679 786
277 108 1679 427
282 109 1679 1591
287 110 1679 1550
290 112 1679 193
290 111 1679 1263
292 114 1679 123
292 113 1679 956
294 115 1679 876
295 116 1679 530
301 117 1679 1613
301 118 1679 387
302 119 1679 688
303 120 1679 809
311 121 1679 1787
313 122 1679 1096
322 123 1679 1804
341 125 1679 408
341 124 1679 1919
343 126 1679 874
345 127 1679 1083
353 128 1679 1780
354 129 1679 736
358 130 1679 1425
360 131 1679 1016
360 132 1679 335
362 134 1679 35
362 133 1679 931
365 135 1679 1216
365 136 1679 453
368 137 1679 1315
368 138 1679 452
377 139 1679 1813
377 140 1679 132
381 141 1679 1379
382 142 1679 817
388 145 1679 91
388 143 1679 1628
388 144 1679 354
391 146 1679 1250
391 147 1679 257
391 148 1679 389
394 149 1679 1274
396 150 1679 968
403 151 1679 1734
405 153 1679 362
405 152 1679 1091
407 154 1679 925
407 155 1679 111
412 156 1679 1587
416 157 1679 1459
424 158 1679 1766
424 159 1679 204
424 160 1679 129
426 161 1679 1040
428 162 1679 930
434 163 1679 1616
434 164 1679 165
435 165 1679 533
437 166 1679 927
440 167 1679 1187
442 168 1679 921
443 169 1679 832
443 170 1679 423
445 171 1679 1139
448 172 1679 1160
448 173 1679 498
449 174 1679 556
453 175 1679 1354
455 176 1679 970
459 177 1679 1393
463 178 1679 1449
472 179 1679 1828
474 180 1679 1083
475 181 1679 616
476 182 1679 694
477 183 1679 506
484 184 1679 1693
490 185 1679 1616
500 186 1679 1849
514 187 1679 1898
514 188 1679 5
524 189 1679 1848
529 190 1679 1553
531 191 1679 918
535 192 1679 1474
535 193 1679 247
541 194 1679 1683
543 195 1679 1016
543 196 1679 449
545 197 1679 1125
549 198 1679 1462
556 199 1679 1745
558 200 1679 1088
558 201 1679 63
561 202 1679 1261
565 203 1679 1482
566 204 1679 851
574 205 1679 1753
575 206 1679 573
576 207 1679 592
583 208 1679 1731
588 209 1679 1495
590 210 1679 1065
590 211 1679 194
590 212 1679 10
601 213 1679 1862
603 214 1679 1046
607 215 1679 1438
607 216 1679 346
607 217 1679 424
617 219 1679 474
617 218 1679 1848
618 220 1679 609
620 221 1679 954
623 222 1679 1181
625 223 1679 997
628 224 1679 1203
632 225 1679 1429
637 226 1679 1590
639 227 1679 913
640 228 1679 739
644 229 1679 1464
646 230 1679 905
654 231 1679 1769
665 232 1679 1855
671 233 1679 1628
672 234 1679 740
674 235 1679 1019
677 236 1679 1280
679 237 1679 1137
684 238 1679 1579
695 239 1679 1864
697 240 1679 1043
700 241 1679 1257
700 242 1679 166
700 243 1679 435
701 244 1679 783
705 245 1679 1359
707 246 1679 908
712 247 1679 1536
714 248 1679 1125
714 249 1679 245
715 250 1679 669
715 251 1679 24
718 252 1679 1202
720 253 1679 988
722 254 1679 1136
722 255 1679 133
723 258 1679 279
723 256 1679 807
723 257 1679 263
727 259 1679 1346
727 260 1679 162
732 261 1679 1584
740 262 1679 1778
740 263 1679 266
741 264 1679 590
744 266 1679 264
744 267 1679 306
744 265 1679 1220
746 268 1679 1122
746 269 1679 27
746 270 1679 157
748 271 1679 1134
749 272 1679 769
764 273 1679 1908
768 274 1679 1356
771 275 1679 1277
772 276 1679 788
773 277 1679 746
773 278 1679 214
781 279 1679 1768
782 280 1679 521
782 281 1679 54
789 282 1679 1712
789 283 1679 493
790 284 1679 794
792 285 1679 880
793 286 1679 567
794 287 1679 867
794 288 1679 491
795 289 1679 606
795 290 1679 212
797 291 1679 1016
798 292 1679 857
798 293 1679 233
805 294 1679 1702
809 295 1679 1383
813 296 1679 1403
822 297 1679 1824
830 298 1679 1769
834 299 1679 1487
836 300 1679 1095
837 301 1679 601
837 302 1679 413
839 303 1679 1098
839 304 1679 87
843 305 1679 1460
846 306 1679 1180
