7 0 143 1727
8 1 143 536
11 2 143 1224
12 3 143 815
12 4 143 152
12 5 143 110
15 6 143 1280
16 9 143 314
16 8 143 109
16 7 143 738
17 10 143 836
17 11 143 395
17 12 143 108
19 13 143 955
25 14 143 1629
35 15 143 1838
36 16 143 616
38 17 143 910
46 18 143 1776
50 19 143 1469
55 20 143 1596
55 21 143 177
55 22 143 261
62 23 143 1702
66 24 143 1394
73 25 143 1701
76 27 143 347
76 26 143 1162
80 28 143 1494
86 29 143 1652
89 30 143 1193
100 31 143 1870
103 32 143 1255
103 33 143 316
107 34 143 1379
108 35 143 853
113 36 143 1506
123 37 143 1837
125 38 143 1081
129 39 143 1440
133 40 143 1354
141 41 143 1770
146 42 143 1581
149 43 143 1262
150 44 143 510
151 45 143 505
153 46 143 991
154 47 143 517
158 48 143 1363
158 49 143 185
163 50 143 1585
166 51 143 1241
168 52 143 1096
168 53 143 246
177 54 143 1820
182 56 143 274
182 55 143 1550
186 57 143 1447
190 58 143 1345
190 59 143 375
192 60 143 872
194 61 143 932
197 62 143 1169
197 63 143 381
199 64 143 1045
201 65 143 890
203 66 143 1065
210 67 143 1717
215 68 143 1501
216 69 143 775
216 70 143 332
217 71 143 703
225 73 143 335
225 74 143 115
225 72 143 1754
233 75 143 1751
234 76 143 521
236 77 143 924
239 78 143 1191
241 79 143 889
242 80 143 710
243 81 143 645
245 82 143 909
248 83 143 1308
248 84 143 67
260 85 143 1877
261 86 143 773
263 87 143 1008
263 88 143 420
271 89 143 1753
272 90 143 579
272 91 143 58
272 92 143 491
273 93 143 705
274 95 143 421
274 94 143 568
275 96 143 600
278 97 143 1199
278 98 143 216
283 99 143 1544
287 100 143 1365
290 101 143 1199
292 102 143 941
293 103 143 588
301 104 143 1778
303 105 143 882
307 106 143 1411
308 107 143 761
308 108 143 130
308 109 143 68
310 110 143 1029
313 112 143 255
313 113 143 456
313 111 143 1275
318 116 143 23
318 114 143 1590
318 115 143 226
326 117 143 1786
326 118 143 314
328 119 143 1093
328 120 143 117
328 121 143 56
331 122 143 1296
337 126 143 212
337 125 143 274
337 124 143 196
337 123 143 1672
339 127 143 1048
346 128 143 1692
352 129 143 1618
355 130 143 1151
358 131 143 1246
359 132 143 707
364 133 143 1572
368 134 143 1449
372 135 143 1435
378 136 143 1628
378 137 143 321
382 138 143 1454
384 139 143 1110
384 140 143 465
384 141 143 12
386 142 143 877
386 143 143 352
387 144 143 723
390 145 143 1228
397 146 143 1728
397 147 143 35
399 148 143 1040
399 149 143 341
399 150 143 398
400 151 143 738
402 152 143 885
404 153 143 1048
408 154 143 1427
411 155 143 1308
420 156 143 1827
423 157 143 1193
423 158 143 391
428 159 143 1504
429 160 143 669
429 161 143 363
431 163 143 437
431 162 143 994
432 164 143 842
439 165 143 1707
440 166 143 568
441 167 143 607
443 168 143 931
443 169 143 154
444 170 143 522
450 172 143 332
450 171 143 1626
452 173 143 1129
453 174 143 628
453 175 143 104
455 176 143 1103
457 177 143 944
459 178 143 948
461 182 143 8
461 181 143 176
461 179 143 892
461 180 143 470
465 183 143 1350
468 184 143 1219
468 185 143 413
468 186 143 361
473 188 143 145
473 187 143 1584
473 189 143 140
478 191 143 435
478 190 143 1533
489 192 143 1854
501 193 143 1875
501 194 143 440
501 195 143 101
503 196 143 943
503 197 143 440
507 198 143 1434
509 199 143 940
510 200 143 660
512 201 143 1120
514 202 143 1028
516 203 143 885
523 204 143 1744
524 205 143 696
524 206 143 406
530 207 143 1680
530 208 143 419
533 210 143 205
533 209 143 1322
535 211 143 883
535 212 143 245
539 213 143 1423
541 214 143 1033
541 215 143 493
541 216 143 354
546 217 143 1568
549 219 143 429
549 218 143 1142
553 220 143 1346
555 221 143 908
555 222 143 462
556 223 143 791
557 224 143 546
557 225 143 87
564 226 143 1697
564 227 143 381
565 228 143 689
566 229 143 526
568 230 143 1086
569 231 143 663
573 232 143 1434
573 233 143 7
573 234 143 232
576 235 143 1274
578 236 143 1072
580 237 143 1048
585 238 143 1531
586 240 143 6
586 239 143 522
587 241 143 605
590 242 143 1164
591 243 143 747
602 244 143 1860
603 245 143 649
603 246 143 189
603 247 143 431
604 248 143 841
615 249 143 1871
621 250 143 1672
624 251 143 1299
627 252 143 1222
629 253 143 1005
634 254 143 1519
640 255 143 1676
641 257 143 237
641 258 143 338
641 256 143 658
647 259 143 1656
649 260 143 924
649 261 143 24
651 262 143 991
660 263 143 1818
660 264 143 236
664 265 143 1467
668 266 143 1374
668 267 143 237
671 268 143 1191
677 269 143 1683
681 270 143 1345
684 271 143 1231
684 272 143 37
685 273 143 620
685 274 143 422
686 275 143 740
692 276 143 1669
698 277 143 1639
699 278 143 856
708 279 143 1822
717 280 143 1822
720 281 143 1266
724 282 143 1464
725 283 143 742
726 284 143 779
733 285 143 1711
737 289 143 480
737 288 143 413
737 287 143 428
737 286 143 1365
738 290 143 616
739 291 143 835
740 292 143 709
749 293 143 1799
754 294 143 1523
769 295 143 1906
774 296 143 1539
777 297 143 1271
778 298 143 511
778 299 143 392
781 300 143 1200
793 301 143 1877
796 302 143 1165
798 303 143 1083
799 304 143 526
799 305 143 441
802 306 143 1261
