0 0 824 409
4 1 824 1410
7 2 824 1287
9 3 824 938
11 4 824 893
12 5 824 828
12 6 824 86
13 7 824 625
18 8 824 1559
20 9 824 1004
22 10 824 1106
22 11 824 394
24 12 824 998
25 13 824 727
32 14 824 1711
38 18 824 438
38 17 824 253
38 15 824 1638
38 16 824 218
43 19 824 1584
44 20 824 546
45 21 824 606
46 22 824 795
49 23 824 1151
59 24 824 1829
66 26 824 199
66 25 824 1745
66 27 824 76
66 28 824 152
66 29 824 400
72 30 824 1636
72 31 824 215
72 32 824 368
73 34 824 170
73 33 824 738
86 36 824 192
86 37 824 493
86 35 824 1892
87 38 824 826
91 39 824 1482
91 40 824 204
93 41 824 988
97 42 824 1380
103 43 824 1635
104 44 824 785
105 45 824 788
107 46 824 1130
108 47 824 527
109 48 824 571
109 49 824 228
109 50 824 343
110 51 824 819
111 52 824 645
112 53 824 658
112 54 824 28
119 55 824 1727
120 57 824 136
120 56 824 615
122 58 824 1034
124 59 824 1073
125 60 824 628
125 61 824 9
125 62 824 473
128 63 824 1158
131 64 824 1292
133 65 824 891
133 66 824 26
133 67 824 260
134 68 824 556
141 69 824 1743
145 70 824 1446
151 71 824 1649
155 72 824 1351
157 73 824 880
161 74 824 1379
165 75 824 1482
168 76 824 1150
170 77 824 1084
170 78 824 365
172 79 824 1040
173 80 824 615
178 81 824 1597
182 82 824 1430
192 83 824 1849
192 84 824 57
193 85 824 816
197 86 824 1494
203 87 824 1634
204 88 824 709
204 89 824 367
207 90 824 1276
207 91 824 56
211 92 824 1384
217 93 824 1678
218 95 824 194
218 94 824 854
219 96 824 515
219 97 824 221
219 98 824 343
228 99 824 1819
229 100 824 762
231 101 824 869
244 102 824 1895
245 103 824 752
246 104 824 706
247 105 824 618
251 106 824 1392
258 107 824 1689
261 108 824 1203
261 109 824 470
262 110 824 576
266 111 824 1456
273 112 824 1695
292 113 824 1919
292 114 824 458
294 115 824 956
295 116 824 504
296 117 824 548
298 118 824 1100
298 119 824 476
301 120 824 1321
301 121 824 316
305 123 824 189
305 124 824 466
305 122 824 1475
309 125 824 1390
309 126 824 265
314 127 824 1598
314 128 824 26
317 129 824 1184
319 130 824 967
321 131 824 929
322 133 824 470
322 134 824 277
322 132 824 741
328 135 824 1670
334 136 824 1626
335 137 824 678
337 138 824 1142
341 139 824 1364
345 140 824 1348
352 143 824 239
352 142 824 430
352 141 824 1729
359 144 824 1715
366 145 824 1745
366 146 824 285
370 147 824 1390
373 148 824 1219
382 149 824 1822
388 150 824 1615
401 151 824 1891
403 152 824 1046
411 155 824 446
411 153 824 1791
411 154 824 497
414 156 824 1319
421 157 824 1706
421 158 824 285
424 159 824 1241
424 160 824 352
431 161 824 1718
437 163 824 19
437 162 824 1663
441 164 824 1428
446 165 824 1572
447 166 824 715
450 167 824 1224
456 168 824 1641
457 169 824 713
460 170 824 1255
468 171 824 1751
471 172 824 1331
477 173 824 1660
479 174 824 1052
484 175 824 1517
493 176 824 1810
496 177 824 1236
496 178 824 399
497 179 824 645
499 180 824 1104
500 183 824 128
500 181 824 799
500 182 824 379
504 184 824 1494
506 185 824 1000
515 186 824 1807
517 187 824 874
531 188 824 1898
539 189 824 1756
539 190 824 351
549 192 824 392
549 191 824 1845
558 193 824 1825
560 194 824 1011
565 195 824 1554
565 196 824 66
565 197 824 411
566 198 824 735
566 199 824 142
568 200 824 1030
570 201 824 985
576 202 824 1674
577 203 824 506
578 204 824 567
586 205 824 1789
587 206 824 559
590 207 824 1310
591 208 824 739
593 209 824 905
594 211 824 82
594 210 824 560
597 212 824 1306
602 213 824 1564
602 214 824 137
606 215 824 1478
609 216 824 1339
614 217 824 1534
614 218 824 449
614 219 824 427
621 220 824 1690
629 221 824 1765
632 222 824 1251
641 223 824 1810
641 224 824 361
644 225 824 1335
648 226 824 1358
652 227 824 1431
653 228 824 649
657 229 824 1422
661 230 824 1451
665 231 824 1398
666 232 824 500
666 233 824 257
671 234 824 1540
671 235 824 118
673 236 824 1050
682 237 824 1797
686 238 824 1486
692 242 824 134
692 241 824 497
692 240 824 441
692 239 824 1629
694 243 824 993
697 244 824 1195
697 245 824 268
698 246 824 538
699 247 824 753
705 248 824 1687
709 251 824 456
709 249 824 1458
709 250 824 215
722 252 824 1886
722 253 824 308
722 254 824 377
725 255 824 1189
731 256 824 1659
739 257 824 1788
739 258 824 144
742 259 824 1157
742 260 824 431
744 261 824 1053
745 262 824 661
748 263 824 1242
752 264 824 1378
754 265 824 1087
759 266 824 1507
761 270 824 427
761 269 824 18
761 267 824 1049
761 268 824 24
765 271 824 1467
765 272 824 48
766 273 824 745
782 274 824 1911
785 275 824 1192
791 276 824 1631
791 277 824 257
792 279 824 93
792 278 824 614
793 280 824 796
794 281 824 604
800 282 824 1668
802 283 824 1115
805 284 824 1207
807 285 824 994
811 287 824 192
811 286 824 1436
820 288 824 1804
820 289 824 350
820 290 824 383
823 291 824 1186
829 292 824 1652
829 293 824 328
832 294 824 1198
835 295 824 1312
843 296 824 1761
844 297 824 817
849 298 824 1539
849 299 824 108
850 300 824 686
854 301 824 1413
855 302 824 728
861 303 824 1669
863 304 824 1031
864 305 824 672
864 306 824 408
