1 0 1682 739
12 1 1682 1856
12 2 1682 326
12 3 1682 191
24 4 1682 1874
24 5 1682 25
24 6 1682 279
29 7 1682 1552
31 8 1682 1060
42 9 1682 1862
46 10 1682 1440
47 11 1682 575
49 12 1682 1022
51 13 1682 903
54 14 1682 1309
56 15 1682 1061
68 16 1682 1875
69 17 1682 628
74 18 1682 1577
74 19 1682 21
80 20 1682 1645
81 21 1682 500
85 22 1682 1424
85 23 1682 483
85 24 1682 332
92 25 1682 1718
102 26 1682 1852
103 27 1682 644
108 28 1682 1573
116 29 1682 1776
118 30 1682 879
128 31 1682 1840
136 32 1682 1789
136 33 1682 301
138 36 1682 324
138 37 1682 313
138 34 1682 966
138 35 1682 226
139 38 1682 781
139 39 1682 367
143 40 1682 1411
143 41 1682 362
144 42 1682 623
145 43 1682 760
145 44 1682 436
155 45 1682 1832
158 46 1682 1207
159 47 1682 690
159 48 1682 398
161 49 1682 950
161 50 1682 129
161 51 1682 223
164 52 1682 1171
174 53 1682 1844
178 56 1682 432
178 55 1682 239
178 54 1682 1379
186 57 1682 1768
194 58 1682 1784
194 59 1682 155
194 60 1682 97
199 61 1682 1559
214 62 1682 1903
217 63 1682 1208
219 64 1682 982
224 65 1682 1524
225 66 1682 710
226 67 1682 720
237 68 1682 1862
239 69 1682 1083
240 70 1682 737
245 71 1682 1562
253 72 1682 1772
256 73 1682 1209
257 74 1682 534
260 75 1682 1282
269 76 1682 1801
270 77 1682 664
270 78 1682 46
270 79 1682 425
271 80 1682 511
274 81 1682 1162
274 82 1682 245
275 83 1682 623
281 84 1682 1646
282 85 1682 656
283 86 1682 669
294 87 1682 1869
295 88 1682 847
296 89 1682 727
303 90 1682 1719
303 91 1682 480
303 92 1682 453
304 93 1682 625
304 94 1682 269
312 96 1682 383
312 95 1682 1776
315 97 1682 1340
322 98 1682 1703
323 99 1682 837
325 100 1682 1121
325 101 1682 486
326 102 1682 753
329 106 1682 376
329 105 1682 492
329 103 1682 1240
329 104 1682 213
342 107 1682 1887
345 108 1682 1310
345 109 1682 96
345 110 1682 362
352 111 1682 1692
359 112 1682 1722
363 113 1682 1359
368 114 1682 1569
369 115 1682 860
372 116 1682 1313
375 117 1682 1280
379 118 1682 1486
379 119 1682 325
380 120 1682 854
381 121 1682 765
390 122 1682 1798
392 123 1682 1134
395 124 1682 1288
395 125 1682 256
397 126 1682 1108
400 127 1682 1146
402 128 1682 939
403 129 1682 683
405 130 1682 899
405 131 1682 461
407 132 1682 885
409 133 1682 1134
412 134 1682 1228
412 135 1682 24
412 136 1682 409
414 137 1682 930
414 138 1682 410
417 139 1682 1154
417 140 1682 279
418 141 1682 706
419 142 1682 559
420 145 1682 26
420 143 1682 750
420 144 1682 364
421 146 1682 683
423 147 1682 1019
425 148 1682 981
428 149 1682 1334
428 150 1682 462
430 151 1682 1028
438 152 1682 1778
442 153 1682 1377
457 154 1682 1907
457 155 1682 356
458 156 1682 613
463 157 1682 1543
475 158 1682 1876
487 159 1682 1881
490 160 1682 1308
493 161 1682 1155
495 162 1682 947
496 163 1682 626
498 164 1682 1122
507 165 1682 1826
508 166 1682 806
509 167 1682 588
509 168 1682 131
514 169 1682 1545
514 170 1682 451
514 171 1682 383
516 176 1682 205
516 175 1682 147
516 172 1682 869
516 173 1682 332
516 174 1682 45
518 177 1682 1047
519 178 1682 770
522 179 1682 1261
527 180 1682 1498
527 181 1682 89
527 182 1682 164
532 183 1682 1530
532 184 1682 220
541 185 1682 1795
542 186 1682 608
546 187 1682 1433
549 188 1682 1151
551 189 1682 872
554 190 1682 1335
555 191 1682 790
557 192 1682 978
557 193 1682 453
565 194 1682 1770
567 195 1682 1049
573 196 1682 1684
584 197 1682 1857
589 198 1682 1553
589 199 1682 462
592 201 1682 95
592 200 1682 1144
594 202 1682 887
598 203 1682 1361
600 204 1682 882
600 205 1682 79
600 206 1682 158
604 207 1682 1445
607 208 1682 1331
615 210 1682 150
615 209 1682 1759
619 211 1682 1491
620 212 1682 772
621 213 1682 614
621 214 1682 383
624 215 1682 1219
626 216 1682 990
629 218 1682 406
629 217 1682 1342
632 219 1682 1251
635 220 1682 1218
638 221 1682 1298
642 222 1682 1361
645 223 1682 1183
645 224 1682 209
650 225 1682 1585
653 227 1682 416
653 228 1682 487
653 226 1682 1329
655 231 1682 272
655 230 1682 388
655 229 1682 920
659 232 1682 1419
659 233 1682 307
659 234 1682 117
663 235 1682 1402
665 236 1682 1126
666 237 1682 728
667 238 1682 647
667 239 1682 140
673 240 1682 1637
675 241 1682 1087
675 242 1682 101
678 243 1682 1317
679 244 1682 721
687 247 1682 364
687 248 1682 69
687 245 1682 1768
687 246 1682 18
688 249 1682 550
688 250 1682 59
688 251 1682 341
692 252 1682 1451
692 253 1682 301
695 254 1682 1169
703 255 1682 1770
704 256 1682 658
710 257 1682 1629
713 258 1682 1151
716 259 1682 1222
717 260 1682 675
723 261 1682 1667
725 262 1682 958
725 263 1682 410
729 264 1682 1370
738 267 1682 464
738 268 1682 497
738 265 1682 1802
738 266 1682 72
740 269 1682 905
740 270 1682 93
740 271 1682 261
741 272 1682 694
741 273 1682 266
746 274 1682 1539
746 275 1682 130
749 279 1682 365
749 278 1682 462
749 276 1682 1197
749 277 1682 44
754 280 1682 1567
756 281 1682 965
756 282 1682 346
767 283 1682 1861
768 284 1682 861
768 285 1682 46
769 286 1682 746
771 287 1682 1117
773 288 1682 1062
773 289 1682 271
774 290 1682 743
778 291 1682 1422
783 292 1682 1501
787 293 1682 1350
791 294 1682 1390
804 296 1682 129
804 295 1682 1895
810 297 1682 1615
821 298 1682 1871
822 299 1682 843
829 300 1682 1696
833 301 1682 1478
841 302 1682 1791
843 303 1682 1089
843 304 1682 457
850 305 1682 1722
855 306 1682 1572
