1 0 93 768
3 1 93 972
6 2 93 1143
6 3 93 243
9 4 93 1245
13 5 93 1403
17 6 93 1479
17 7 93 233
21 8 93 1457
24 9 93 1228
26 10 93 971
27 11 93 796
32 12 93 1566
33 13 93 647
36 14 93 1252
38 15 93 1020
42 16 93 1432
46 17 93 1449
50 18 93 1347
51 19 93 692
51 20 93 195
56 21 93 1577
60 22 93 1484
61 23 93 743
62 24 93 838
64 25 93 1053
66 26 93 925
68 27 93 1004
71 28 93 1322
71 29 93 428
71 30 93 54
78 31 93 1694
86 32 93 1772
86 33 93 487
86 34 93 470
89 35 93 1314
91 36 93 1077
94 37 93 1233
100 38 93 1629
100 39 93 329
109 40 93 1815
111 41 93 1114
113 42 93 1090
113 43 93 4
113 44 93 31
120 45 93 1699
121 46 93 847
126 47 93 1587
128 48 93 901
130 49 93 920
134 50 93 1347
135 51 93 645
135 52 93 376
136 53 93 667
140 54 93 1366
142 55 93 1115
146 57 93 399
146 56 93 1413
149 58 93 1329
149 59 93 192
149 60 93 478
149 61 93 474
150 62 93 835
152 63 93 1028
155 64 93 1173
158 65 93 1201
160 66 93 949
162 67 93 1079
162 68 93 176
173 69 93 1863
184 70 93 1867
184 71 93 198
191 72 93 1745
193 73 93 1017
194 74 93 801
196 76 93 487
196 75 93 1006
200 77 93 1480
201 78 93 712
203 79 93 1064
203 80 93 205
206 81 93 1262
206 82 93 103
206 83 93 401
208 84 93 1006
211 85 93 1333
214 86 93 1317
216 87 93 1105
218 88 93 1046
221 89 93 1279
230 90 93 1826
231 91 93 677
240 92 93 1828
244 93 93 1437
252 94 93 1776
255 95 93 1340
255 96 93 278
255 97 93 61
256 98 93 755
257 99 93 754
258 100 93 749
265 101 93 1693
269 102 93 1411
271 103 93 962
273 104 93 978
276 105 93 1148
277 106 93 825
280 107 93 1283
288 108 93 1790
288 109 93 360
289 110 93 628
300 111 93 1858
306 112 93 1612
306 113 93 265
322 114 93 1911
324 115 93 1140
324 116 93 370
324 117 93 434
324 118 93 22
332 119 93 1765
341 120 93 1808
349 121 93 1769
349 122 93 33
350 124 93 37
350 123 93 821
353 125 93 1189
353 126 93 295
353 127 93 308
356 128 93 1166
360 129 93 1385
361 130 93 727
361 131 93 425
362 132 93 724
374 133 93 1882
374 134 93 314
374 135 93 437
382 136 93 1776
384 137 93 1065
388 138 93 1348
396 139 93 1783
397 141 93 34
397 140 93 508
400 142 93 1239
401 143 93 685
402 144 93 651
415 145 93 1892
417 146 93 990
422 147 93 1563
426 148 93 1450
427 149 93 635
429 150 93 970
437 151 93 1769
437 152 93 38
439 153 93 914
441 154 93 870
443 155 93 905
449 156 93 1660
450 157 93 589
452 158 93 925
459 159 93 1713
460 160 93 852
461 162 93 117
461 163 93 404
461 161 93 516
466 164 93 1557
466 165 93 203
468 166 93 1133
474 167 93 1654
486 168 93 1875
490 169 93 1474
493 170 93 1289
496 171 93 1230
498 173 93 164
498 172 93 1010
501 174 93 1257
509 175 93 1774
510 176 93 529
513 177 93 1272
513 178 93 170
513 179 93 69
513 180 93 198
514 181 93 657
515 182 93 783
516 183 93 530
516 184 93 415
518 185 93 882
518 186 93 386
525 187 93 1734
527 188 93 1012
530 189 93 1334
531 190 93 701
534 192 93 140
534 191 93 1186
539 193 93 1560
541 194 93 930
558 195 93 1916
568 196 93 1841
569 197 93 835
571 198 93 1052
571 199 93 447
572 200 93 759
575 201 93 1261
581 202 93 1612
595 203 93 1900
598 204 93 1271
604 205 93 1664
605 206 93 759
614 207 93 1799
619 208 93 1582
621 212 93 418
621 211 93 387
621 209 93 1020
621 210 93 376
622 213 93 855
627 214 93 1514
627 215 93 194
633 216 93 1658
638 217 93 1512
655 218 93 1913
656 219 93 675
663 220 93 1741
666 221 93 1323
667 222 93 642
668 223 93 540
669 224 93 772
669 225 93 102
671 226 93 1090
675 227 93 1375
678 228 93 1158
681 229 93 1266
692 230 93 1858
698 231 93 1618
698 232 93 219
704 233 93 1647
707 234 93 1235
708 235 93 862
710 236 93 969
711 237 93 807
714 238 93 1184
715 240 93 123
715 239 93 675
716 241 93 512
716 242 93 152
733 243 93 1916
735 244 93 958
735 245 93 313
736 246 93 768
739 248 93 45
739 247 93 1209
740 251 93 329
740 249 93 735
740 250 93 257
741 252 93 846
741 253 93 377
742 254 93 631
746 255 93 1360
747 256 93 618
749 257 93 1071
751 258 93 1127
754 259 93 1168
755 260 93 574
758 261 93 1308
759 262 93 640
759 263 93 316
761 264 93 1087
762 266 93 168
762 265 93 682
763 267 93 695
768 268 93 1545
769 269 93 651
772 270 93 1149
773 271 93 851
773 272 93 328
776 273 93 1238
777 274 93 551
780 275 93 1228
783 276 93 1171
784 277 93 651
789 278 93 1507
789 279 93 458
792 280 93 1259
801 281 93 1805
804 282 93 1330
804 283 93 422
806 284 93 1009
811 285 93 1528
812 286 93 772
820 287 93 1766
822 288 93 1016
831 289 93 1799
831 290 93 244
840 291 93 1823
845 292 93 1604
845 293 93 15
845 294 93 101
846 295 93 739
855 296 93 1796
863 297 93 1761
864 298 93 828
864 299 93 275
864 300 93 145
864 301 93 72
869 302 93 1588
872 303 93 1318
877 304 93 1510
880 305 93 1330
880 306 93 1
