1 0 1034 698
3 1 1034 996
5 2 1034 1002
8 3 1034 1275
8 4 1034 281
17 5 1034 1821
19 6 1034 960
26 7 1034 1736
27 9 1034 369
27 8 1034 679
38 10 1034 1855
43 11 1034 1589
43 12 1034 281
49 13 1034 1640
59 14 1034 1836
66 15 1034 1704
67 16 1034 801
69 17 1034 1137
72 20 1034 218
72 18 1034 1165
72 19 1034 474
77 21 1034 1568
82 22 1034 1532
83 23 1034 657
88 24 1034 1523
98 25 1034 1831
98 26 1034 373
98 27 1034 31
101 28 1034 1251
101 29 1034 417
101 30 1034 88
108 31 1034 1717
108 32 1034 19
109 33 1034 569
112 34 1034 1204
113 35 1034 806
115 36 1034 875
117 37 1034 1048
119 38 1034 1122
125 39 1034 1677
128 40 1034 1300
128 41 1034 135
128 42 1034 334
129 43 1034 733
131 44 1034 943
131 45 1034 459
131 46 1034 154
133 47 1034 1136
137 48 1034 1449
137 49 1034 160
138 50 1034 822
138 51 1034 268
139 52 1034 822
141 53 1034 1034
148 54 1034 1728
150 55 1034 1054
154 57 1034 345
154 56 1034 1389
160 58 1034 1677
160 59 1034 375
164 60 1034 1448
166 61 1034 928
166 62 1034 485
166 63 1034 261
166 64 1034 280
166 65 1034 137
171 66 1034 1570
177 67 1034 1636
177 68 1034 436
179 69 1034 1030
180 70 1034 829
186 71 1034 1678
186 72 1034 15
190 73 1034 1413
192 74 1034 1099
192 75 1034 82
195 76 1034 1234
196 77 1034 799
202 78 1034 1638
204 79 1034 1063
210 80 1034 1677
213 81 1034 1162
214 82 1034 507
216 83 1034 1090
221 84 1034 1519
228 85 1034 1745
230 86 1034 895
232 87 1034 910
233 88 1034 765
233 89 1034 149
236 90 1034 1342
237 91 1034 529
240 92 1034 1295
241 94 1034 229
241 95 1034 371
241 93 1034 747
246 96 1034 1575
246 97 1034 72
246 98 1034 453
247 99 1034 806
248 100 1034 814
248 101 1034 442
249 103 1034 418
249 102 1034 699
252 104 1034 1256
254 105 1034 1069
254 106 1034 253
257 107 1034 1334
268 108 1034 1859
274 109 1034 1646
281 110 1034 1745
282 111 1034 589
283 112 1034 631
284 113 1034 614
285 116 1034 421
285 114 1034 622
285 115 1034 285
288 117 1034 1319
289 118 1034 667
289 119 1034 459
292 120 1034 1167
293 121 1034 660
295 122 1034 871
295 123 1034 287
301 126 1034 382
301 124 1034 1613
301 125 1034 299
304 127 1034 1193
307 128 1034 1183
308 129 1034 727
308 130 1034 432
311 131 1034 1161
311 132 1034 345
312 134 1034 248
312 133 1034 832
315 135 1034 1235
315 136 1034 462
315 137 1034 88
323 138 1034 1759
323 139 1034 449
327 140 1034 1492
331 141 1034 1485
333 142 1034 975
335 143 1034 1044
335 144 1034 329
336 145 1034 752
345 146 1034 1823
346 148 1034 124
346 147 1034 681
357 149 1034 1868
369 151 1034 255
369 150 1034 1874
372 152 1034 1330
391 153 1034 1918
396 154 1034 1564
396 155 1034 154
401 156 1034 1495
401 157 1034 412
402 158 1034 730
404 159 1034 956
405 160 1034 687
407 161 1034 985
407 162 1034 150
409 163 1034 1131
412 164 1034 1213
413 165 1034 583
413 166 1034 244
420 167 1034 1724
420 168 1034 365
423 169 1034 1312
430 170 1034 1748
430 171 1034 333
434 173 1034 217
434 172 1034 1485
436 174 1034 892
441 175 1034 1606
447 176 1034 1609
455 177 1034 1752
467 178 1034 1882
468 179 1034 861
468 180 1034 401
474 181 1034 1625
476 182 1034 1068
479 183 1034 1240
480 184 1034 777
480 185 1034 176
488 186 1034 1756
488 187 1034 352
491 188 1034 1192
491 189 1034 94
497 191 1034 50
497 190 1034 1664
500 192 1034 1282
501 193 1034 803
507 194 1034 1687
508 195 1034 506
511 196 1034 1334
519 197 1034 1768
527 198 1034 1755
533 199 1034 1670
534 202 1034 316
534 200 1034 508
534 201 1034 98
535 203 1034 736
535 204 1034 120
540 205 1034 1541
541 206 1034 694
543 207 1034 1112
545 208 1034 1025
557 210 1034 469
557 209 1034 1882
563 211 1034 1668
563 212 1034 454
571 213 1034 1793
572 214 1034 554
574 215 1034 986
584 216 1034 1841
585 217 1034 835
585 218 1034 353
587 219 1034 1036
588 220 1034 752
597 221 1034 1816
598 222 1034 531
598 223 1034 271
603 224 1034 1573
610 225 1034 1697
612 226 1034 975
613 229 1034 385
613 230 1034 272
613 227 1034 682
613 228 1034 455
621 231 1034 1766
642 232 1034 1921
642 233 1034 212
642 234 1034 353
642 235 1034 302
645 236 1034 1308
645 237 1034 332
647 238 1034 1119
650 239 1034 1161
654 240 1034 1407
655 241 1034 643
658 242 1034 1251
661 243 1034 1235
666 244 1034 1549
686 245 1034 1920
691 246 1034 1520
695 248 1034 248
695 247 1034 1414
696 249 1034 700
697 250 1034 590
698 251 1034 499
702 252 1034 1414
703 253 1034 718
705 254 1034 917
706 255 1034 616
710 257 1034 45
710 256 1034 1492
712 258 1034 1087
712 259 1034 347
713 260 1034 566
713 261 1034 12
714 262 1034 656
715 263 1034 640
721 264 1034 1610
722 265 1034 628
728 267 1034 242
728 266 1034 1672
732 268 1034 1440
732 269 1034 252
737 270 1034 1603
742 271 1034 1508
748 272 1034 1640
750 273 1034 1117
755 274 1034 1554
755 275 1034 108
756 276 1034 565
759 277 1034 1221
760 278 1034 646
765 279 1034 1577
765 280 1034 177
769 281 1034 1486
769 282 1034 434
775 283 1034 1680
782 284 1034 1720
789 286 1034 351
789 285 1034 1697
792 287 1034 1202
795 288 1034 1219
801 289 1034 1661
802 290 1034 735
805 291 1034 1263
808 292 1034 1169
809 293 1034 772
810 294 1034 595
814 295 1034 1394
830 296 1034 1912
831 297 1034 611
836 298 1034 1549
838 299 1034 920
838 300 1034 248
841 301 1034 1277
855 302 1034 1898
875 303 1034 1920
877 304 1034 1022
879 305 1034 1006
880 306 1034 783
