7 0 729 1689
9 1 729 1074
9 2 729 272
23 3 729 1903
24 4 729 501
40 5 729 1913
41 6 729 822
43 7 729 1033
46 8 729 1259
48 9 729 895
51 10 729 1143
55 11 729 1352
66 12 729 1857
67 13 729 797
67 14 729 372
67 15 729 112
67 16 729 447
67 17 729 215
70 18 729 1152
73 19 729 1176
75 20 729 1083
76 21 729 697
78 22 729 987
84 23 729 1655
84 24 729 368
92 26 729 161
92 27 729 167
92 25 729 1775
98 28 729 1630
100 29 729 946
104 30 729 1387
104 31 729 133
105 32 729 824
105 33 729 185
106 34 729 729
108 35 729 1101
110 36 729 870
114 38 729 279
114 37 729 1386
117 39 729 1301
122 40 729 1598
122 41 729 11
129 42 729 1693
131 43 729 960
131 44 729 482
136 45 729 1579
137 46 729 787
140 47 729 1146
142 48 729 1137
144 49 729 996
145 50 729 599
146 51 729 685
146 52 729 115
148 53 729 971
152 54 729 1492
154 55 729 992
154 56 729 86
155 57 729 542
160 58 729 1535
161 59 729 650
169 60 729 1751
170 61 729 655
173 62 729 1328
173 63 729 313
177 64 729 1433
179 65 729 1010
180 66 729 528
186 67 729 1671
186 68 729 67
189 69 729 1196
192 70 729 1166
194 71 729 985
205 72 729 1860
213 73 729 1776
218 74 729 1502
220 75 729 1072
222 77 729 27
222 76 729 928
225 78 729 1172
226 79 729 713
228 80 729 987
230 81 729 940
232 82 729 954
233 83 729 633
233 84 729 346
234 86 729 18
234 85 729 701
242 87 729 1777
243 88 729 617
249 89 729 1662
251 90 729 1015
251 91 729 327
259 92 729 1776
264 93 729 1554
268 94 729 1474
270 95 729 943
271 96 729 607
275 97 729 1380
279 98 729 1451
283 99 729 1397
285 100 729 1050
287 101 729 1041
289 102 729 1078
300 103 729 1866
308 104 729 1754
313 105 729 1539
314 106 729 749
314 107 729 263
318 108 729 1393
318 109 729 420
318 110 729 63
318 111 729 58
321 112 729 1295
322 113 729 821
327 114 729 1587
328 115 729 810
334 116 729 1625
335 117 729 694
348 118 729 1891
349 119 729 731
351 120 729 992
352 121 729 676
354 123 729 330
354 124 729 181
354 122 729 1053
355 125 729 838
357 126 729 1134
357 127 729 306
357 128 729 301
358 129 729 559
358 130 729 465
362 131 729 1472
363 132 729 500
370 133 729 1699
375 134 729 1588
386 135 729 1871
394 136 729 1787
396 137 729 1013
397 138 729 803
398 139 729 732
410 140 729 1877
416 141 729 1679
416 142 729 383
416 143 729 197
421 144 729 1598
423 145 729 956
425 146 729 957
427 147 729 954
440 148 729 1891
441 149 729 664
444 150 729 1242
454 151 729 1837
458 152 729 1414
459 155 729 374
459 153 729 720
459 154 729 405
475 156 729 1913
476 157 729 747
482 158 729 1685
484 159 729 916
484 160 729 404
484 161 729 443
497 162 729 1887
498 163 729 834
510 164 729 1879
511 165 729 515
515 166 729 1482
520 167 729 1520
523 168 729 1158
529 169 729 1641
531 170 729 947
532 171 729 612
541 172 729 1816
544 173 729 1158
545 174 729 779
548 175 729 1237
548 176 729 292
549 177 729 855
550 178 729 657
553 179 729 1149
562 181 729 179
562 182 729 339
562 180 729 1806
567 183 729 1562
570 184 729 1242
571 185 729 553
571 186 729 58
578 187 729 1705
581 188 729 1293
584 189 729 1214
596 190 729 1883
598 191 729 1040
601 192 729 1252
610 193 729 1812
610 194 729 327
614 195 729 1433
621 196 729 1716
625 197 729 1474
625 198 729 243
627 199 729 1082
631 200 729 1398
635 201 729 1361
642 203 729 250
642 202 729 1721
648 204 729 1641
649 205 729 629
649 206 729 21
649 207 729 255
660 208 729 1866
662 209 729 1092
662 210 729 81
664 212 729 89
664 211 729 1057
665 213 729 535
667 214 729 1035
667 215 729 225
667 216 729 104
667 217 729 324
672 218 729 1517
675 219 729 1326
675 220 729 457
682 222 729 226
682 221 729 1702
693 223 729 1868
699 224 729 1683
709 225 729 1832
712 226 729 1284
712 227 729 3
713 228 729 830
716 229 729 1271
720 230 729 1445
721 231 729 743
722 232 729 612
727 233 729 1499
733 234 729 1676
733 235 729 444
733 236 729 382
733 237 729 89
743 238 729 1846
744 239 729 612
745 240 729 531
752 241 729 1727
760 242 729 1764
760 243 729 201
762 244 729 1132
763 245 729 825
765 246 729 950
766 247 729 717
767 249 729 102
767 248 729 777
770 250 729 1329
774 251 729 1392
786 252 729 1882
787 253 729 841
788 254 729 625
794 255 729 1620
796 256 729 1134
804 258 729 491
804 257 729 1777
811 259 729 1733
814 260 729 1269
814 261 729 17
818 262 729 1350
819 263 729 595
824 264 729 1571
827 265 729 1263
827 266 729 444
828 267 729 515
829 268 729 783
830 269 729 590
838 270 729 1767
838 271 729 14
838 272 729 403
840 273 729 904
841 274 729 794
842 275 729 654
853 277 729 25
853 276 729 1863
854 278 729 736
855 279 729 857
857 280 729 882
858 281 729 567
861 282 729 1150
862 283 729 728
873 284 729 1866
873 285 729 53
874 286 729 786
881 287 729 1695
883 288 729 874
883 289 729 55
886 290 729 1234
887 291 729 529
892 292 729 1522
892 293 729 112
895 294 729 1268
896 296 729 377
896 295 729 514
899 297 729 1169
900 298 729 554
908 299 729 1794
908 300 729 381
908 301 729 434
919 302 729 1859
919 303 729 186
919 304 729 259
922 305 729 1314
924 306 729 988
