3 0 920 1200
18 1 920 1908
22 2 920 1438
22 3 920 445
23 4 920 654
28 5 920 1566
28 6 920 326
28 7 920 373
35 8 920 1740
36 9 920 535
44 10 920 1768
44 11 920 349
44 12 920 135
45 13 920 603
45 14 920 351
48 15 920 1196
48 16 920 331
56 18 920 300
56 17 920 1754
59 19 920 1195
60 20 920 736
60 21 920 84
61 22 920 818
61 23 920 201
62 24 920 796
66 25 920 1470
67 26 920 755
71 27 920 1412
73 28 920 1097
75 29 920 1120
79 30 920 1347
84 31 920 1535
84 32 920 493
90 33 920 1682
92 34 920 1075
94 35 920 912
96 36 920 978
98 37 920 971
107 38 920 1797
107 39 920 229
107 40 920 446
108 41 920 687
108 42 920 33
111 43 920 1218
117 44 920 1680
118 46 920 184
118 45 920 519
122 47 920 1357
125 48 920 1331
125 49 920 122
128 50 920 1196
128 51 920 248
130 52 920 953
140 53 920 1844
146 54 920 1665
148 55 920 1116
150 56 920 1089
153 57 920 1236
158 58 920 1574
160 59 920 1108
161 60 920 811
162 61 920 838
165 62 920 1201
166 63 920 619
168 65 920 232
168 64 920 1113
176 66 920 1780
176 67 920 378
180 68 920 1453
184 69 920 1364
184 70 920 217
187 71 920 1284
199 73 920 71
199 72 920 1882
200 76 920 50
200 75 920 49
200 74 920 749
205 77 920 1525
205 78 920 446
205 79 920 276
208 80 920 1286
211 81 920 1323
211 82 920 81
213 83 920 974
223 84 920 1849
225 85 920 1098
226 86 920 582
227 87 920 574
227 88 920 17
239 89 920 1883
246 90 920 1747
252 91 920 1667
255 92 920 1321
256 93 920 688
259 94 920 1342
264 95 920 1533
268 96 920 1410
271 97 920 1338
271 98 920 105
275 99 920 1447
276 100 920 664
283 101 920 1730
292 102 920 1828
305 103 920 1892
315 104 920 1830
325 105 920 1836
325 106 920 291
327 107 920 882
329 108 920 1095
335 109 920 1616
337 110 920 1065
341 111 920 1489
342 112 920 790
345 113 920 1298
352 114 920 1747
356 115 920 1413
357 116 920 756
357 117 920 226
358 118 920 695
358 119 920 14
363 120 920 1575
366 122 920 361
366 121 920 1206
370 123 920 1495
375 124 920 1541
375 125 920 475
388 126 920 1887
391 127 920 1194
392 128 920 653
394 129 920 1141
395 130 920 563
396 131 920 637
400 132 920 1420
402 133 920 923
407 134 920 1537
411 135 920 1480
415 136 920 1419
415 137 920 114
417 138 920 1069
417 139 920 12
418 140 920 807
424 141 920 1625
428 143 920 325
428 142 920 1403
429 144 920 818
429 145 920 257
431 146 920 877
431 147 920 23
432 148 920 865
443 149 920 1854
444 150 920 776
447 151 920 1184
448 153 920 90
448 152 920 642
457 154 920 1796
461 155 920 1382
465 156 920 1369
465 157 920 333
465 158 920 350
469 159 920 1355
481 160 920 1873
483 162 920 228
483 161 920 1021
495 163 920 1879
497 164 920 1052
497 165 920 427
497 166 920 69
505 167 920 1791
511 168 920 1686
511 169 920 266
530 170 920 1918
531 171 920 642
533 172 920 1082
534 173 920 683
536 174 920 1131
548 175 920 1875
555 176 920 1727
555 177 920 35
556 178 920 676
559 179 920 1283
564 180 920 1522
575 182 920 328
575 181 920 1864
576 183 920 724
576 184 920 364
579 185 920 1304
599 186 920 1920
602 187 920 1329
604 188 920 1052
604 189 920 154
604 190 920 111
606 191 920 1085
612 192 920 1689
618 193 920 1639
618 194 920 63
625 195 920 1710
629 196 920 1396
633 197 920 1449
636 199 920 390
636 200 920 188
636 198 920 1198
638 201 920 1010
638 202 920 262
639 203 920 599
650 204 920 1860
650 205 920 134
650 206 920 101
662 207 920 1884
664 208 920 884
674 209 920 1846
679 210 920 1579
682 211 920 1333
687 212 920 1581
689 213 920 991
697 214 920 1757
697 215 920 9
698 216 920 693
702 217 920 1429
707 218 920 1514
713 220 920 432
713 219 920 1673
714 221 920 664
715 222 920 739
720 223 920 1532
720 224 920 155
721 225 920 832
723 226 920 878
727 227 920 1368
728 228 920 619
732 231 920 278
732 229 920 1345
732 230 920 478
733 232 920 762
733 233 920 286
735 234 920 1095
736 235 920 511
741 236 920 1602
747 237 920 1654
748 239 920 230
748 238 920 788
751 240 920 1202
751 241 920 36
751 242 920 445
753 243 920 1130
754 244 920 499
755 245 920 702
759 246 920 1429
760 247 920 697
769 249 920 54
769 248 920 1806
771 250 920 1017
784 251 920 1892
795 252 920 1859
799 253 920 1449
811 254 920 1883
815 255 920 1448
815 256 920 271
816 258 920 443
816 257 920 654
818 259 920 1027
821 260 920 1181
822 261 920 657
825 262 920 1264
829 263 920 1463
833 264 920 1368
836 265 920 1300
837 266 920 571
840 267 920 1295
849 268 920 1821
852 269 920 1245
852 270 920 331
854 271 920 964
855 272 920 640
858 273 920 1284
858 274 920 470
858 275 920 395
858 276 920 219
863 277 920 1534
865 278 920 1032
869 279 920 1378
872 280 920 1328
872 281 920 180
876 282 920 1486
877 284 920 328
877 283 920 564
878 285 920 510
878 286 920 344
881 287 920 1238
881 288 920 328
886 289 920 1571
886 290 920 240
888 291 920 947
891 292 920 1210
897 293 920 1686
899 294 920 974
900 295 920 544
901 296 920 696
903 297 920 907
909 298 920 1686
911 300 920 130
911 299 920 1123
911 301 920 134
912 302 920 800
913 303 920 561
919 305 920 52
919 304 920 1647
922 306 920 1252
