0 0 1550 369
1 1 1550 620
2 2 1550 802
9 3 1550 1710
9 4 1550 219
10 5 1550 512
12 6 1550 888
16 7 1550 1402
16 8 1550 223
18 10 1550 95
18 9 1550 934
20 11 1550 989
24 12 1550 1415
24 13 1550 41
26 14 1550 1135
27 15 1550 655
32 16 1550 1523
35 17 1550 1283
37 19 1550 384
37 18 1550 1028
38 20 1550 539
38 21 1550 210
42 22 1550 1485
43 23 1550 818
45 24 1550 1071
46 25 1550 541
46 26 1550 121
51 28 1550 147
51 27 1550 1557
54 29 1550 1317
59 30 1550 1596
62 31 1550 1170
62 32 1550 2
64 33 1550 1073
68 36 1550 85
68 34 1550 1412
68 35 1550 486
69 37 1550 786
72 38 1550 1283
73 39 1550 836
74 40 1550 796
81 41 1550 1722
81 42 1550 149
83 43 1550 1116
84 44 1550 740
91 45 1550 1717
99 46 1550 1792
113 47 1550 1896
116 48 1550 1343
116 49 1550 307
116 50 1550 419
118 51 1550 1012
119 52 1550 636
119 53 1550 154
119 54 1550 72
119 55 1550 159
121 56 1550 1059
136 57 1550 1908
137 58 1550 639
142 59 1550 1603
142 60 1550 391
145 61 1550 1255
148 62 1550 1255
149 63 1550 830
152 64 1550 1263
153 65 1550 850
155 67 1550 342
155 66 1550 986
156 68 1550 554
157 69 1550 649
158 70 1550 569
159 71 1550 736
159 72 1550 0
159 73 1550 191
164 74 1550 1513
165 78 1550 77
165 77 1550 368
165 76 1550 60
165 75 1550 741
168 79 1550 1278
169 80 1550 673
169 81 1550 149
169 82 1550 214
177 83 1550 1765
179 84 1550 898
180 85 1550 583
181 86 1550 533
189 87 1550 1773
191 88 1550 1000
194 89 1550 1252
198 90 1550 1351
198 91 1550 102
198 92 1550 147
203 93 1550 1604
203 94 1550 445
207 96 1550 466
207 95 1550 1465
210 97 1550 1244
218 98 1550 1777
227 99 1550 1815
228 100 1550 730
232 101 1550 1450
235 102 1550 1341
236 103 1550 694
242 104 1550 1662
248 105 1550 1608
250 106 1550 1011
250 107 1550 445
251 108 1550 565
254 109 1550 1256
254 110 1550 98
255 111 1550 691
265 112 1550 1830
268 113 1550 1285
270 115 1550 241
270 114 1550 930
272 116 1550 1041
276 117 1550 1415
287 118 1550 1857
288 119 1550 680
288 120 1550 317
290 121 1550 1138
293 122 1550 1266
296 123 1550 1226
299 124 1550 1222
299 125 1550 467
300 126 1550 588
300 127 1550 320
306 128 1550 1671
306 129 1550 48
306 130 1550 275
307 131 1550 741
308 133 1550 187
308 132 1550 516
309 134 1550 547
312 135 1550 1147
313 136 1550 732
317 137 1550 1444
317 138 1550 102
320 139 1550 1215
325 140 1550 1496
325 141 1550 87
328 142 1550 1207
334 143 1550 1669
337 144 1550 1154
338 145 1550 660
338 146 1550 196
339 147 1550 786
340 148 1550 674
340 149 1550 203
340 150 1550 423
342 151 1550 976
345 152 1550 1311
347 153 1550 1097
352 154 1550 1498
357 155 1550 1517
357 156 1550 183
357 157 1550 115
361 158 1550 1397
364 159 1550 1194
366 160 1550 1019
367 161 1550 690
368 162 1550 698
369 163 1550 517
371 164 1550 980
374 165 1550 1281
374 166 1550 174
380 167 1550 1643
381 168 1550 737
388 169 1550 1707
392 170 1550 1433
397 171 1550 1522
400 172 1550 1312
401 173 1550 641
403 174 1550 1108
403 175 1550 229
414 176 1550 1855
419 177 1550 1522
419 178 1550 72
420 179 1550 561
420 180 1550 271
427 181 1550 1726
432 182 1550 1571
436 183 1550 1467
441 184 1550 1549
444 185 1550 1224
448 186 1550 1354
451 187 1550 1344
452 188 1550 614
454 189 1550 955
456 190 1550 963
457 192 1550 47
457 191 1550 617
458 193 1550 833
458 194 1550 196
459 195 1550 806
462 196 1550 1314
463 197 1550 690
464 198 1550 688
473 201 1550 477
473 202 1550 49
473 199 1550 1797
473 200 1550 486
475 203 1550 891
476 204 1550 694
477 205 1550 826
482 206 1550 1588
483 207 1550 670
500 208 1550 1914
503 209 1550 1268
508 210 1550 1587
509 212 1550 43
509 211 1550 586
510 213 1550 835
512 214 1550 923
515 215 1550 1217
517 216 1550 1044
520 217 1550 1155
522 218 1550 892
528 219 1550 1681
538 220 1550 1852
539 221 1550 755
541 222 1550 1029
548 223 1550 1707
549 224 1550 743
550 225 1550 816
554 226 1550 1475
554 227 1550 479
554 228 1550 445
554 229 1550 302
555 230 1550 840
558 231 1550 1164
559 232 1550 833
559 233 1550 199
559 234 1550 75
566 235 1550 1718
572 236 1550 1677
573 237 1550 679
574 238 1550 773
575 239 1550 723
580 240 1550 1560
581 241 1550 684
585 242 1550 1355
588 243 1550 1270
591 244 1550 1293
591 245 1550 377
592 246 1550 574
594 247 1550 1137
604 248 1550 1834
606 249 1550 903
612 250 1550 1686
612 251 1550 158
619 252 1550 1722
621 253 1550 931
632 254 1550 1870
638 255 1550 1655
642 257 1550 267
642 258 1550 147
642 256 1550 1373
651 259 1550 1803
654 260 1550 1276
656 261 1550 1108
656 262 1550 224
662 263 1550 1611
662 264 1550 428
662 265 1550 422
668 266 1550 1678
676 267 1550 1768
677 268 1550 759
679 269 1550 1129
683 270 1550 1464
683 271 1550 364
683 272 1550 382
683 273 1550 168
683 274 1550 121
686 275 1550 1167
689 276 1550 1325
695 281 1550 337
695 280 1550 242
695 278 1550 414
695 277 1550 1684
695 279 1550 366
696 282 1550 569
700 283 1550 1466
701 284 1550 540
702 285 1550 681
706 286 1550 1366
715 290 1550 344
715 289 1550 344
715 287 1550 1826
715 288 1550 254
719 291 1550 1410
720 292 1550 532
722 293 1550 894
726 294 1550 1372
726 295 1550 451
726 296 1550 460
732 297 1550 1668
733 298 1550 841
735 299 1550 870
736 300 1550 624
737 301 1550 730
737 302 1550 377
738 303 1550 705
742 304 1550 1364
745 305 1550 1322
752 306 1550 1700
