9 0 1052 1825
14 1 1052 1551
16 2 1052 1013
18 3 1052 987
18 4 1052 258
18 5 1052 421
18 6 1052 323
20 7 1052 1075
26 8 1052 1652
28 9 1052 934
30 10 1052 923
31 11 1052 832
31 12 1052 151
31 13 1052 454
31 14 1052 99
42 15 1052 1859
44 19 1052 494
44 18 1052 236
44 16 1052 981
44 17 1052 482
46 20 1052 905
49 21 1052 1215
51 22 1052 988
56 23 1052 1598
63 24 1052 1743
67 26 1052 293
67 25 1052 1477
70 27 1052 1231
71 28 1052 650
71 29 1052 221
72 30 1052 730
73 31 1052 749
74 32 1052 784
77 33 1052 1207
77 34 1052 190
78 35 1052 864
80 36 1052 945
88 37 1052 1778
90 38 1052 980
93 39 1052 1303
93 40 1052 137
100 41 1052 1747
101 42 1052 738
108 43 1052 1742
110 44 1052 1007
110 45 1052 266
114 47 1052 90
114 46 1052 1387
120 48 1052 1614
121 49 1052 722
121 50 1052 446
121 51 1052 105
121 52 1052 30
123 53 1052 931
125 54 1052 999
126 55 1052 610
127 56 1052 562
130 57 1052 1340
133 58 1052 1168
134 59 1052 706
134 60 1052 128
136 61 1052 1016
136 62 1052 425
140 65 1052 173
140 66 1052 47
140 63 1052 1430
140 64 1052 203
142 67 1052 869
142 68 1052 263
145 69 1052 1159
147 70 1052 914
149 71 1052 1127
153 72 1052 1427
154 74 1052 357
154 73 1052 858
156 76 1052 477
156 75 1052 1082
159 77 1052 1171
160 78 1052 591
164 79 1052 1477
164 80 1052 90
164 81 1052 202
169 82 1052 1542
179 83 1052 1852
186 84 1052 1699
187 85 1052 625
188 86 1052 718
196 87 1052 1778
196 88 1052 207
201 89 1052 1505
201 90 1052 302
206 91 1052 1530
207 92 1052 610
207 93 1052 274
210 94 1052 1175
212 95 1052 1045
215 96 1052 1322
218 97 1052 1232
223 98 1052 1538
224 99 1052 833
224 100 1052 219
225 101 1052 517
233 102 1052 1752
233 103 1052 454
240 104 1052 1733
243 105 1052 1244
244 106 1052 602
246 107 1052 1097
247 108 1052 574
257 109 1052 1842
257 110 1052 133
260 111 1052 1316
261 112 1052 748
267 113 1052 1616
268 114 1052 616
278 115 1052 1851
282 116 1052 1398
282 117 1052 497
288 118 1052 1656
293 119 1052 1502
297 120 1052 1380
297 121 1052 194
298 122 1052 661
299 123 1052 683
300 124 1052 856
303 125 1052 1308
304 126 1052 517
307 127 1052 1153
313 128 1052 1608
316 129 1052 1236
322 130 1052 1684
325 131 1052 1169
330 132 1052 1557
336 133 1052 1683
339 134 1052 1258
344 135 1052 1497
344 136 1052 374
346 137 1052 1088
346 138 1052 119
346 139 1052 455
346 140 1052 22
351 141 1052 1546
354 143 1052 290
354 142 1052 1203
358 144 1052 1372
360 145 1052 911
361 146 1052 782
363 147 1052 918
368 148 1052 1582
371 149 1052 1248
376 150 1052 1571
377 151 1052 825
382 153 1052 35
382 152 1052 1501
386 154 1052 1377
386 155 1052 24
394 156 1052 1780
396 157 1052 1069
401 158 1052 1522
401 159 1052 424
402 160 1052 726
406 161 1052 1374
410 162 1052 1413
413 163 1052 1262
413 164 1052 157
415 165 1052 888
421 166 1052 1683
423 167 1052 989
423 168 1052 358
425 169 1052 1044
429 172 1052 377
429 171 1052 310
429 170 1052 1476
432 173 1052 1200
436 174 1052 1480
444 175 1052 1758
446 176 1052 915
446 177 1052 371
449 178 1052 1235
460 179 1052 1870
461 180 1052 526
466 181 1052 1523
471 182 1052 1495
471 183 1052 359
476 184 1052 1590
477 185 1052 859
482 186 1052 1593
487 187 1052 1521
487 188 1052 306
490 189 1052 1233
496 190 1052 1641
499 191 1052 1230
503 192 1052 1490
509 193 1052 1620
515 194 1052 1654
516 195 1052 573
516 196 1052 132
527 198 1052 132
527 199 1052 483
527 197 1052 1866
530 200 1052 1152
537 201 1052 1718
538 202 1052 560
539 203 1052 538
546 204 1052 1697
549 207 1052 301
549 205 1052 1260
549 206 1052 447
549 208 1052 480
554 209 1052 1544
556 210 1052 1034
560 211 1052 1408
568 212 1052 1758
573 213 1052 1577
582 214 1052 1822
584 215 1052 1127
593 216 1052 1804
595 217 1052 1054
600 218 1052 1597
603 219 1052 1223
606 220 1052 1220
606 221 1052 162
607 222 1052 683
609 223 1052 1049
612 224 1052 1327
612 225 1052 245
613 226 1052 745
614 227 1052 682
618 228 1052 1471
620 229 1052 907
626 230 1052 1625
628 231 1052 974
628 232 1052 239
629 233 1052 752
630 234 1052 718
631 235 1052 733
633 236 1052 962
635 237 1052 957
636 240 1052 412
636 238 1052 586
636 239 1052 329
639 241 1052 1292
641 242 1052 1040
642 243 1052 686
642 244 1052 198
642 245 1052 232
646 246 1052 1397
656 247 1052 1838
663 248 1052 1722
664 249 1052 526
665 250 1052 693
667 251 1052 1003
667 252 1052 268
668 253 1052 834
671 254 1052 1187
673 255 1052 989
675 256 1052 1034
679 257 1052 1436
681 258 1052 1135
685 259 1052 1452
686 260 1052 515
693 261 1052 1690
694 262 1052 754
699 263 1052 1498
709 264 1052 1843
709 265 1052 60
712 266 1052 1169
714 267 1052 1005
715 268 1052 858
717 269 1052 1089
717 270 1052 164
718 271 1052 846
718 272 1052 467
721 273 1052 1267
722 274 1052 811
732 275 1052 1853
734 276 1052 1047
755 277 1052 1921
756 278 1052 850
758 279 1052 1094
759 280 1052 772
760 281 1052 831
762 282 1052 884
764 283 1052 945
764 284 1052 213
765 285 1052 622
766 286 1052 705
769 287 1052 1330
773 288 1052 1489
779 289 1052 1653
785 290 1052 1623
789 291 1052 1451
796 292 1052 1746
798 293 1052 1058
805 294 1052 1739
806 295 1052 646
807 296 1052 537
811 297 1052 1466
812 298 1052 768
812 299 1052 138
814 300 1052 988
814 301 1052 391
816 302 1052 979
817 303 1052 633
817 304 1052 361
825 305 1052 1772
826 306 1052 535
