7 0 913 1744
10 1 913 1158
11 2 913 730
12 3 913 772
19 4 913 1717
25 5 913 1634
30 6 913 1600
30 7 913 269
39 8 913 1819
41 9 913 920
42 10 913 661
42 11 913 382
42 12 913 138
45 13 913 1280
50 14 913 1508
53 15 913 1225
57 16 913 1387
57 17 913 137
58 22 913 32
58 21 913 371
58 18 913 557
58 19 913 443
58 20 913 251
66 23 913 1781
67 24 913 533
67 25 913 350
74 26 913 1693
81 27 913 1745
85 28 913 1407
90 29 913 1560
97 30 913 1706
98 31 913 710
99 32 913 747
99 33 913 138
100 34 913 740
100 35 913 167
100 36 913 2
103 37 913 1341
105 38 913 872
114 39 913 1827
117 40 913 1281
119 41 913 898
123 42 913 1363
123 43 913 22
123 44 913 2
123 45 913 172
123 46 913 401
123 47 913 392
125 48 913 1088
130 49 913 1606
137 50 913 1739
141 51 913 1360
141 52 913 460
142 53 913 844
144 54 913 881
148 55 913 1372
150 56 913 1126
152 58 913 238
152 57 913 873
156 59 913 1367
167 60 913 1865
175 61 913 1780
176 62 913 787
176 63 913 259
178 64 913 1139
190 65 913 1876
195 67 913 0
195 66 913 1559
196 68 913 540
199 69 913 1340
202 70 913 1223
202 71 913 46
205 72 913 1189
206 73 913 655
208 74 913 1087
211 75 913 1278
213 77 913 10
213 76 913 932
221 78 913 1779
221 79 913 361
233 80 913 1873
236 81 913 1301
237 82 913 656
244 83 913 1726
251 85 913 345
251 86 913 249
251 84 913 1745
260 87 913 1827
263 88 913 1181
266 89 913 1292
268 90 913 966
270 91 913 1054
272 92 913 1102
276 93 913 1430
289 94 913 1886
293 96 913 111
293 95 913 1425
295 97 913 1104
296 98 913 807
296 99 913 51
297 100 913 537
297 101 913 400
305 102 913 1776
311 104 913 382
311 103 913 1672
318 106 913 170
318 105 913 1693
325 107 913 1729
331 108 913 1682
336 109 913 1527
336 110 913 440
338 111 913 1115
340 112 913 1019
349 113 913 1802
353 114 913 1418
354 115 913 564
356 116 913 1124
358 117 913 985
358 118 913 438
359 119 913 793
365 120 913 1626
371 121 913 1656
372 122 913 743
375 125 913 169
375 124 913 373
375 123 913 1172
376 126 913 868
382 127 913 1684
383 128 913 693
388 129 913 1586
391 130 913 1167
399 131 913 1752
401 132 913 1127
408 133 913 1727
415 134 913 1748
419 135 913 1473
423 136 913 1449
425 137 913 908
428 138 913 1343
428 139 913 51
428 140 913 174
428 141 913 445
428 142 913 145
433 143 913 1578
434 144 913 852
442 145 913 1776
442 146 913 34
445 147 913 1225
445 148 913 12
448 149 913 1322
448 150 913 301
450 151 913 1050
451 154 913 350
451 153 913 14
451 152 913 666
452 155 913 806
457 156 913 1581
458 157 913 604
461 158 913 1299
461 159 913 213
462 160 913 825
462 161 913 411
464 164 913 360
464 163 913 95
464 162 913 1035
465 165 913 612
481 166 913 1912
484 167 913 1216
484 168 913 53
495 169 913 1870
497 170 913 1039
497 171 913 215
502 173 913 386
502 172 913 1567
503 174 913 619
506 175 913 1181
511 176 913 1511
513 177 913 1089
513 178 913 319
514 179 913 522
514 180 913 134
519 181 913 1568
525 182 913 1671
528 183 913 1296
531 184 913 1285
531 185 913 117
533 186 913 1086
535 187 913 1113
539 188 913 1377
541 189 913 942
550 190 913 1816
551 191 913 845
556 192 913 1534
558 193 913 1130
561 194 913 1151
567 195 913 1687
570 196 913 1334
570 197 913 49
573 198 913 1218
573 199 913 239
581 200 913 1788
582 201 913 743
585 202 913 1171
585 203 913 66
585 204 913 282
585 205 913 86
589 206 913 1407
589 207 913 279
592 208 913 1320
594 209 913 1093
597 212 913 284
597 210 913 1219
597 211 913 491
598 213 913 776
598 214 913 79
601 215 913 1181
602 216 913 665
608 217 913 1664
609 218 913 735
609 219 913 243
613 220 913 1451
614 221 913 799
622 222 913 1763
624 223 913 1036
624 224 913 53
624 225 913 194
625 226 913 605
625 227 913 437
628 228 913 1160
629 229 913 856
637 230 913 1771
641 231 913 1462
650 232 913 1796
650 233 913 80
651 234 913 659
654 235 913 1315
654 236 913 396
659 237 913 1604
661 238 913 1013
664 239 913 1199
665 240 913 634
666 241 913 806
673 242 913 1718
673 243 913 283
679 244 913 1647
682 245 913 1324
683 246 913 560
684 247 913 758
686 248 913 1051
699 249 913 1894
701 250 913 1022
706 251 913 1595
709 252 913 1239
711 253 913 975
712 254 913 713
714 255 913 989
716 259 913 88
716 258 913 13
716 257 913 134
716 256 913 905
720 260 913 1405
722 261 913 970
724 262 913 1044
724 263 913 463
727 264 913 1247
733 265 913 1682
734 267 913 204
734 268 913 117
734 266 913 620
735 269 913 688
736 270 913 785
738 271 913 985
739 272 913 650
743 273 913 1460
748 274 913 1533
749 275 913 644
751 276 913 1005
755 277 913 1479
758 278 913 1314
759 279 913 654
764 280 913 1558
772 281 913 1772
775 282 913 1310
778 283 913 1190
786 285 913 176
786 284 913 1758
786 286 913 222
787 287 913 821
790 288 913 1291
795 289 913 1595
795 290 913 410
795 291 913 261
800 292 913 1591
802 293 913 925
809 294 913 1718
814 295 913 1588
820 296 913 1687
823 297 913 1254
825 298 913 961
838 299 913 1889
839 300 913 704
839 301 913 356
840 302 913 640
840 303 913 363
842 305 913 37
842 304 913 1109
844 306 913 944
