2 0 722 998
8 1 722 1662
18 2 722 1843
20 3 722 1104
20 4 722 70
20 5 722 22
20 6 722 497
22 7 722 981
25 8 722 1299
27 9 722 1088
32 10 722 1552
32 11 722 406
43 12 722 1858
43 13 722 173
60 14 722 1913
60 15 722 127
62 17 722 369
62 18 722 318
62 16 722 975
63 19 722 800
64 20 722 841
65 21 722 841
70 22 722 1557
71 23 722 520
74 24 722 1199
77 25 722 1215
78 27 722 333
78 26 722 631
79 28 722 822
82 29 722 1166
87 30 722 1566
93 31 722 1645
110 32 722 1913
113 33 722 1338
118 34 722 1524
125 36 722 382
125 35 722 1691
130 37 722 1571
131 38 722 780
133 39 722 1137
135 40 722 1053
137 41 722 1079
141 42 722 1396
144 43 722 1324
149 44 722 1569
153 45 722 1405
164 46 722 1859
165 48 722 53
165 47 722 663
166 49 722 775
168 50 722 871
168 51 722 278
169 52 722 831
169 53 722 471
171 54 722 1100
171 55 722 157
171 56 722 104
174 57 722 1323
184 58 722 1829
185 59 722 779
188 60 722 1316
188 61 722 164
188 62 722 159
188 63 722 132
192 64 722 1446
202 65 722 1831
202 66 722 418
203 67 722 519
204 68 722 573
204 69 722 221
210 70 722 1669
213 71 722 1328
218 72 722 1514
220 73 722 1105
226 74 722 1671
232 75 722 1687
236 77 722 232
236 76 722 1369
238 78 722 876
245 79 722 1719
248 80 722 1281
261 81 722 1892
261 82 722 279
261 83 722 47
261 84 722 295
264 85 722 1287
265 86 722 814
269 87 722 1441
269 88 722 237
273 89 722 1366
278 90 722 1587
280 91 722 983
286 92 722 1666
286 93 722 0
293 94 722 1746
295 95 722 889
297 96 722 919
300 97 722 1263
309 98 722 1803
315 99 722 1662
317 100 722 987
320 101 722 1339
320 102 722 89
328 103 722 1756
330 104 722 1031
334 105 722 1467
335 106 722 689
341 107 722 1650
342 108 722 724
345 109 722 1338
346 110 722 713
355 111 722 1796
355 112 722 447
355 113 722 110
359 114 722 1423
363 115 722 1348
372 116 722 1809
372 117 722 112
380 118 722 1762
380 119 722 158
382 120 722 1017
384 121 722 901
384 122 722 282
386 123 722 1132
387 124 722 559
388 125 722 685
393 126 722 1587
398 127 722 1513
401 128 722 1284
402 129 722 782
403 130 722 767
403 131 722 105
403 132 722 354
405 133 722 1139
406 134 722 731
417 135 722 1867
426 136 722 1802
426 137 722 447
428 138 722 941
429 139 722 752
430 140 722 598
432 141 722 1089
433 142 722 716
434 143 722 824
435 144 722 653
442 145 722 1715
443 146 722 536
448 147 722 1555
449 148 722 502
449 149 722 398
451 150 722 1004
452 151 722 807
456 152 722 1426
462 153 722 1644
463 154 722 644
463 155 722 86
465 156 722 1056
467 157 722 882
470 158 722 1196
470 159 722 345
479 160 722 1805
481 162 722 365
481 161 722 1101
492 163 722 1867
493 164 722 570
494 165 722 608
498 166 722 1442
501 167 722 1233
504 168 722 1304
508 169 722 1480
512 170 722 1470
516 171 722 1361
518 172 722 1095
520 173 722 1010
524 174 722 1485
534 175 722 1853
534 176 722 184
538 177 722 1383
538 178 722 478
539 180 722 149
539 181 722 31
539 179 722 769
541 182 722 1011
543 183 722 886
550 184 722 1702
562 185 722 1884
563 186 722 604
564 187 722 634
564 188 722 494
565 189 722 645
566 190 722 810
568 191 722 919
571 192 722 1175
572 193 722 595
574 194 722 871
578 195 722 1421
579 196 722 723
580 199 722 44
580 200 722 273
580 197 722 774
580 198 722 253
583 201 722 1228
583 202 722 251
585 203 722 946
586 204 722 852
591 205 722 1567
597 208 722 159
597 206 722 1636
597 207 722 416
598 209 722 716
607 210 722 1826
612 211 722 1598
612 212 722 403
612 213 722 427
612 214 722 195
620 215 722 1774
620 216 722 89
624 217 722 1404
624 218 722 164
625 220 722 4
625 219 722 611
626 221 722 807
627 222 722 738
628 223 722 658
629 224 722 670
630 225 722 551
630 226 722 185
631 228 722 138
631 227 722 500
631 229 722 63
633 230 722 1130
636 231 722 1335
638 232 722 1129
638 233 722 433
638 234 722 496
639 235 722 846
646 242 722 475
646 241 722 187
646 240 722 247
646 239 722 134
646 238 722 33
646 237 722 64
646 236 722 1704
653 243 722 1703
654 244 722 743
656 245 722 1137
657 246 722 515
658 247 722 748
658 248 722 399
660 249 722 1022
663 250 722 1332
666 251 722 1243
667 252 722 609
672 253 722 1567
672 254 722 40
676 255 722 1390
676 256 722 489
681 259 722 301
681 258 722 276
681 257 722 1517
685 260 722 1381
687 261 722 1136
687 262 722 277
687 263 722 95
692 264 722 1510
692 265 722 491
692 266 722 468
705 267 722 1894
716 268 722 1856
719 269 722 1274
719 270 722 69
719 271 722 25
723 272 722 1371
723 273 722 29
723 274 722 363
730 275 722 1741
730 276 722 331
732 277 722 960
742 278 722 1839
746 279 722 1457
746 280 722 35
750 281 722 1362
750 282 722 100
752 283 722 1041
753 284 722 656
762 285 722 1811
763 286 722 725
767 288 722 393
767 287 722 1487
769 289 722 1030
769 290 722 357
769 291 722 186
776 292 722 1713
782 293 722 1657
783 294 722 677
785 295 722 1036
795 299 722 252
795 298 722 192
795 297 722 380
795 296 722 1835
796 300 722 668
797 301 722 545
798 302 722 816
800 303 722 1050
802 304 722 952
805 305 722 1306
814 306 722 1797
