0 0 40 459
0 376 40 362
0 375 40 1431
1 1 40 692
2 377 40 1127
12 378 40 1834
18 2 40 1914
18 380 40 129
18 379 40 1612
22 3 40 1413
24 4 40 1070
24 5 40 349
27 6 40 1338
27 7 40 232
27 8 40 25
27 9 40 228
27 381 40 1796
29 382 40 1108
30 383 40 855
30 10 40 1338
32 11 40 1042
32 385 40 150
32 384 40 1111
33 386 40 655
35 12 40 1233
39 387 40 1614
40 13 40 1579
44 389 40 144
44 388 40 1519
44 14 40 1461
44 15 40 90
47 390 40 1282
51 16 40 1727
52 391 40 1581
53 392 40 841
53 393 40 482
54 17 40 1180
54 394 40 695
57 395 40 1207
57 18 40 1270
58 19 40 692
61 20 40 1230
63 396 40 1679
65 397 40 1089
66 398 40 587
71 399 40 1550
71 21 40 1837
72 400 40 692
72 401 40 430
73 22 40 1109
74 402 40 1124
76 23 40 1214
77 24 40 631
78 403 40 1357
79 25 40 1004
79 26 40 251
81 27 40 959
81 404 40 1272
84 28 40 1254
84 29 40 59
85 30 40 736
88 31 40 1248
90 32 40 942
92 408 40 217
92 407 40 103
92 406 40 471
92 405 40 1871
92 409 40 224
95 33 40 1554
97 34 40 1036
98 410 40 1661
102 412 40 243
102 35 40 1561
102 411 40 1436
104 37 40 453
104 36 40 1039
105 413 40 1260
112 414 40 1702
114 417 40 316
114 418 40 397
114 416 40 115
114 415 40 964
115 419 40 831
117 38 40 1895
119 39 40 1027
119 420 40 1384
120 421 40 563
123 422 40 1324
127 423 40 1380
127 424 40 292
128 40 40 1804
128 41 40 125
131 42 40 1229
132 43 40 755
132 427 40 100
132 426 40 196
132 425 40 1535
133 44 40 822
134 428 40 888
134 45 40 640
135 47 40 331
135 46 40 759
137 50 40 374
137 48 40 872
137 49 40 430
139 51 40 919
140 52 40 671
141 429 40 1737
146 53 40 1616
146 54 40 465
147 430 40 1676
147 55 40 547
150 431 40 1197
151 433 40 283
151 432 40 540
152 56 40 1507
153 434 40 920
153 57 40 700
154 61 40 379
154 60 40 97
154 59 40 65
154 58 40 781
156 62 40 903
159 435 40 1624
160 436 40 672
166 437 40 1675
169 63 40 1891
171 438 40 1507
173 64 40 1417
173 65 40 90
173 66 40 99
174 439 40 1164
178 67 40 1604
179 440 40 1603
179 68 40 542
180 441 40 552
184 442 40 1396
187 444 40 407
187 443 40 1294
188 69 40 1824
190 70 40 976
193 71 40 1274
195 445 40 1770
196 73 40 243
196 72 40 1210
197 74 40 813
198 446 40 1338
199 75 40 1104
200 76 40 607
200 78 40 391
200 77 40 354
203 447 40 1505
204 448 40 704
210 449 40 1655
212 450 40 1092
216 451 40 1362
217 80 40 244
217 79 40 1916
217 452 40 692
223 455 40 128
223 454 40 166
223 453 40 1680
225 456 40 1030
227 81 40 1844
227 82 40 87
228 83 40 823
231 457 40 1668
233 458 40 1065
234 84 40 1609
239 459 40 1662
241 85 40 1741
242 86 40 577
245 87 40 1251
245 460 40 1675
245 461 40 371
247 462 40 1140
247 91 40 339
247 464 40 473
247 89 40 489
247 90 40 53
247 463 40 405
247 88 40 1088
247 465 40 463
249 466 40 896
252 92 40 1596
261 469 40 77
261 470 40 292
261 471 40 365
261 467 40 1885
261 468 40 340
262 472 40 734
262 93 40 1829
264 94 40 929
265 473 40 1157
268 474 40 1153
268 95 40 1424
269 475 40 832
271 477 40 29
271 96 40 1147
271 476 40 1092
273 479 40 446
273 480 40 196
273 478 40 973
274 481 40 616
274 97 40 1263
277 482 40 1321
277 98 40 1262
278 99 40 731
279 100 40 540
280 483 40 1157
281 485 40 314
281 484 40 644
281 101 40 1079
282 486 40 505
283 487 40 784
283 488 40 116
284 489 40 791
285 490 40 594
287 491 40 928
288 492 40 610
288 102 40 1713
290 103 40 972
294 104 40 1379
296 493 40 1770
296 105 40 1025
300 494 40 1414
302 107 40 427
302 106 40 1633
303 108 40 803
303 495 40 1232
306 109 40 1285
306 496 40 1336
308 497 40 990
309 498 40 821
317 110 40 1864
320 111 40 1153
320 499 40 1868
320 112 40 309
321 113 40 790
322 500 40 874
326 501 40 1378
328 114 40 1745
328 115 40 178
328 116 40 292
328 117 40 79
328 118 40 281
329 502 40 1164
330 503 40 626
333 119 40 1600
334 504 40 1363
335 505 40 726
336 506 40 628
337 120 40 1438
338 121 40 773
339 123 40 53
339 122 40 515
340 507 40 1459
341 508 40 527
344 509 40 1259
346 510 40 961
347 124 40 1770
348 511 40 1001
348 125 40 637
349 512 40 695
350 513 40 618
353 126 40 1602
354 514 40 1465
356 515 40 1058
356 127 40 1305
358 516 40 974
359 128 40 1238
362 129 40 1313
373 517 40 1908
374 130 40 1882
377 131 40 1268
379 132 40 1016
379 518 40 1685
379 519 40 159
384 133 40 1585
388 134 40 1375
390 135 40 1089
390 136 40 131
391 520 40 1883
391 521 40 111
392 137 40 1039
396 138 40 1368
397 142 40 448
397 140 40 108
397 139 40 584
397 141 40 149
399 522 40 1768
403 523 40 1474
404 143 40 1728
405 144 40 549
406 146 40 30
406 145 40 825
407 524 40 1408
407 148 40 84
407 147 40 806
408 149 40 751
410 150 40 1132
410 525 40 1289
412 151 40 1067
414 152 40 982
416 526 40 1680
418 527 40 888
419 153 40 1586
422 154 40 1217
424 528 40 1668
429 155 40 1692
430 156 40 563
434 529 40 1845
436 157 40 1659
438 530 40 1420
438 531 40 101
438 158 40 1127
439 159 40 742
440 532 40 1133
442 533 40 1029
443 160 40 1348
443 161 40 328
445 162 40 1114
447 534 40 1497
448 535 40 743
449 163 40 1415
452 164 40 1328
452 536 40 1376
453 537 40 694
453 165 40 595
453 166 40 136
454 167 40 649
457 168 40 1339
458 170 40 46
458 169 40 655
460 538 40 1719
461 171 40 1178
462 172 40 636
468 173 40 1622
470 539 40 1843
472 174 40 1492
475 176 40 324
475 175 40 1289
476 177 40 712
476 540 40 1610
478 542 40 256
478 541 40 970
479 543 40 782
480 178 40 1429
482 179 40 944
483 180 40 607
484 181 40 795
487 182 40 1221
487 183 40 487
487 184 40 180
487 544 40 1755
488 185 40 814
488 186 40 286
492 545 40 1517
492 546 40 232
492 187 40 1354
492 188 40 367
498 189 40 1608
499 191 40 396
499 190 40 526
509 192 40 1836
510 549 40 355
510 193 40 625
510 550 40 257
510 547 40 1916
510 548 40 305
513 194 40 1161
514 551 40 1353
517 552 40 1230
518 553 40 662
520 195 40 1704
522 196 40 959
524 198 40 399
524 197 40 958
534 554 40 1910
535 555 40 763
536 199 40 1878
537 200 40 688
540 201 40 1306
540 556 40 1534
544 202 40 1391
546 557 40 1615
548 203 40 1353
549 558 40 1142
549 559 40 74
549 204 40 704
551 560 40 971
557 561 40 1665
561 206 40 431
561 205 40 1879
564 562 40 1716
564 208 40 94
564 207 40 1285
565 563 40 606
573 564 40 1763
574 565 40 860
574 209 40 1853
578 210 40 1367
582 566 40 1793
586 212 40 230
586 214 40 135
586 211 40 1776
586 213 40 182
587 215 40 552
587 567 40 1591
589 216 40 1032
589 568 40 1046
590 217 40 626
590 569 40 721
593 218 40 1234
594 220 40 309
594 219 40 514
595 222 40 281
595 221 40 707
596 570 40 1607
596 571 40 280
596 572 40 189
601 224 40 129
601 223 40 1656
604 573 40 1767
604 574 40 473
606 575 40 912
606 225 40 1574
609 226 40 1266
609 227 40 10
609 228 40 460
614 576 40 1779
616 229 40 1712
616 230 40 329
616 577 40 985
619 231 40 1291
619 232 40 312
622 578 40 1643
623 233 40 1475
623 234 40 256
626 235 40 1225
629 236 40 1329
631 579 40 1816
633 580 40 1056
637 237 40 1792
639 581 40 1688
640 582 40 582
643 583 40 1313
644 238 40 1707
644 239 40 226
644 240 40 382
646 241 40 926
648 584 40 1588
648 585 40 66
649 243 40 438
649 244 40 240
649 586 40 795
649 587 40 470
649 242 40 1260
650 245 40 674
650 246 40 166
651 588 40 1043
652 589 40 733
654 590 40 1134
656 247 40 1654
656 248 40 490
657 249 40 609
658 251 40 333
658 250 40 672
660 591 40 1685
664 592 40 1477
664 252 40 1648
670 593 40 1645
672 594 40 871
673 253 40 1810
678 254 40 1569
683 595 40 1869
686 596 40 1179
691 597 40 1575
693 255 40 1906
693 598 40 943
695 256 40 1024
695 599 40 895
701 257 40 1660
701 600 40 1649
702 601 40 565
704 258 40 1224
704 602 40 870
706 259 40 1054
707 260 40 612
707 261 40 421
708 262 40 824
708 263 40 306
709 603 40 1509
710 604 40 672
713 264 40 1523
713 265 40 76
717 266 40 1463
718 267 40 679
724 605 40 1902
727 606 40 1164
728 268 40 1851
729 269 40 834
731 607 40 1387
731 608 40 188
732 270 40 1147
733 609 40 997
735 610 40 908
735 271 40 1164
736 611 40 549
736 272 40 843
738 274 40 131
738 273 40 1007
741 275 40 1307
745 276 40 1372
750 612 40 1897
753 613 40 1251
753 277 40 1768
757 278 40 1415
761 279 40 1380
765 280 40 1408
770 281 40 1537
774 282 40 1444
782 283 40 1776
784 284 40 1040
804 285 40 1921
809 286 40 1567
809 287 40 427
819 289 40 275
819 290 40 201
819 288 40 1831
824 291 40 1593
825 292 40 568
826 293 40 653
831 294 40 1539
844 296 40 102
844 295 40 1886
846 297 40 953
847 298 40 840
847 299 40 164
849 300 40 1136
853 301 40 1412
860 302 40 1728
865 303 40 1580
869 304 40 1386
873 305 40 1432
877 306 40 1414
878 307 40 640
884 308 40 1678
884 309 40 261
885 310 40 533
888 311 40 1181
888 312 40 244
896 313 40 1769
901 314 40 1571
903 315 40 1000
905 316 40 901
907 317 40 972
910 318 40 1191
915 319 40 1527
915 320 40 433
917 321 40 1036
918 322 40 772
923 323 40 1575
924 324 40 632
928 325 40 1478
929 326 40 596
929 327 40 190
933 328 40 1393
933 329 40 170
936 330 40 1204
936 331 40 418
938 332 40 927
941 333 40 1250
941 334 40 244
962 335 40 1921
969 336 40 1733
977 338 40 389
977 337 40 1789
982 339 40 1532
983 340 40 506
985 341 40 926
986 342 40 673
991 343 40 1569
997 344 40 1666
999 345 40 945
1003 346 40 1349
1004 347 40 724
1006 348 40 1007
1007 349 40 538
1009 350 40 984
1011 351 40 1054
1017 352 40 1687
1020 353 40 1238
1026 354 40 1656
1026 355 40 99
1027 356 40 639
1027 357 40 152
1029 358 40 947
1039 359 40 1832
1040 360 40 836
1043 361 40 1223
1046 362 40 1172
1051 363 40 1508
1053 364 40 982
1053 365 40 115
1053 366 40 253
1055 367 40 918
1060 368 40 1524
1065 369 40 1574
1068 370 40 1191
1070 371 40 1037
1071 372 40 582
1076 373 40 1583
1078 374 40 1020
