4 0 574 1381
5 1 574 794
7 2 574 1043
10 3 574 1147
10 4 574 325
11 5 574 858
12 6 574 682
14 7 574 1033
22 8 574 1752
31 9 574 1821
36 10 574 1511
41 11 574 1598
46 12 574 1524
53 13 574 1729
54 14 574 581
56 15 574 1108
57 16 574 742
68 17 574 1871
70 18 574 1075
73 19 574 1176
73 20 574 193
75 21 574 957
76 22 574 613
76 23 574 200
76 24 574 160
83 25 574 1726
87 27 574 121
87 26 574 1412
92 28 574 1562
93 29 574 577
93 30 574 144
99 31 574 1612
118 32 574 1919
121 33 574 1252
124 34 574 1295
128 35 574 1349
129 36 574 832
130 37 574 606
131 38 574 545
131 39 574 73
136 40 574 1587
138 41 574 947
148 42 574 1833
155 43 574 1711
158 44 574 1273
159 45 574 520
160 46 574 699
169 47 574 1814
171 48 574 1108
172 49 574 506
177 50 574 1552
179 51 574 958
179 52 574 409
199 53 574 1920
200 55 574 423
200 56 574 181
200 54 574 591
201 57 574 843
203 58 574 986
204 59 574 523
208 60 574 1371
209 61 574 560
213 62 574 1396
216 63 574 1175
222 64 574 1677
231 65 574 1824
236 66 574 1604
236 67 574 271
236 68 574 434
239 69 574 1157
239 70 574 275
239 71 574 135
242 72 574 1325
244 73 574 1001
249 74 574 1513
252 75 574 1171
254 76 574 1049
255 77 574 827
256 78 574 851
261 79 574 1565
263 80 574 1027
268 81 574 1523
270 82 574 938
272 83 574 1055
274 84 574 950
276 85 574 1110
279 86 574 1202
303 87 574 1923
304 88 574 660
306 89 574 871
309 90 574 1167
326 91 574 1914
331 92 574 1544
331 93 574 22
332 94 574 627
334 95 574 1027
338 96 574 1476
339 97 574 657
339 98 574 34
343 99 574 1374
344 100 574 841
344 101 574 428
348 102 574 1380
360 104 574 231
360 103 574 1876
364 105 574 1416
369 106 574 1558
372 107 574 1333
372 108 574 406
376 109 574 1345
379 110 574 1299
382 111 574 1279
400 112 574 1917
404 113 574 1346
408 114 574 1421
416 115 574 1772
421 116 574 1547
421 117 574 340
421 118 574 225
422 119 574 566
423 120 574 621
428 121 574 1605
433 122 574 1536
437 123 574 1487
454 124 574 1914
454 125 574 286
455 126 574 516
458 127 574 1303
458 128 574 374
458 129 574 486
464 130 574 1620
464 131 574 391
465 132 574 792
469 133 574 1401
470 134 574 724
471 135 574 598
471 136 574 142
473 137 574 986
474 138 574 823
478 139 574 1458
482 140 574 1477
490 141 574 1794
495 142 574 1517
498 143 574 1240
503 144 574 1496
512 145 574 1813
533 146 574 1922
533 147 574 198
534 148 574 525
535 149 574 779
539 150 574 1404
541 151 574 1135
541 152 574 432
545 153 574 1392
546 154 574 752
549 155 574 1161
550 156 574 816
559 157 574 1817
572 158 574 1887
583 159 574 1870
585 160 574 900
585 161 574 255
587 162 574 958
597 163 574 1844
603 164 574 1650
605 165 574 908
605 166 574 486
606 167 574 515
607 168 574 622
608 169 574 822
614 170 574 1630
615 171 574 560
619 172 574 1441
620 173 574 691
622 174 574 1014
623 175 574 752
623 176 574 88
623 177 574 296
640 178 574 1916
640 179 574 100
640 180 574 289
640 181 574 317
641 182 574 777
646 183 574 1519
648 184 574 1007
648 185 574 484
660 186 574 1883
663 187 574 1325
664 188 574 648
668 189 574 1487
675 190 574 1707
675 191 574 250
677 192 574 1024
679 193 574 878
680 194 574 558
683 195 574 1222
684 196 574 835
689 197 574 1597
694 198 574 1515
695 199 574 588
698 200 574 1327
702 201 574 1406
707 202 574 1500
713 203 574 1628
715 204 574 1074
716 205 574 843
722 206 574 1618
728 207 574 1666
728 208 574 377
728 209 574 0
730 210 574 1072
731 211 574 520
740 212 574 1826
748 213 574 1786
753 214 574 1580
754 215 574 582
758 216 574 1402
762 217 574 1364
763 218 574 837
766 219 574 1165
768 220 574 949
770 221 574 1086
778 222 574 1791
780 223 574 1059
782 224 574 1040
786 225 574 1380
790 226 574 1461
791 227 574 563
791 228 574 132
798 229 574 1717
808 231 574 416
808 230 574 1842
809 232 574 706
812 233 574 1327
813 234 574 697
814 235 574 807
815 236 574 742
817 237 574 1074
817 238 574 445
817 239 574 163
818 241 574 216
818 240 574 791
820 242 574 947
821 243 574 648
821 244 574 414
824 245 574 1186
824 246 574 348
827 247 574 1162
830 248 574 1222
844 249 574 1900
851 250 574 1744
855 251 574 1396
856 252 574 759
856 253 574 349
861 254 574 1563
861 255 574 241
866 256 574 1540
866 257 574 441
867 258 574 587
873 259 574 1619
876 260 574 1307
878 261 574 1055
883 262 574 1533
884 263 574 585
884 264 574 82
885 265 574 656
892 266 574 1739
893 267 574 499
895 268 574 1088
896 269 574 773
904 270 574 1765
904 271 574 328
906 272 574 919
907 273 574 674
907 274 574 374
908 275 574 732
908 276 574 138
910 277 574 1142
911 278 574 644
919 279 574 1778
921 280 574 1031
921 281 574 298
924 282 574 1265
924 283 574 156
938 284 574 1897
938 285 574 446
943 286 574 1581
943 287 574 356
950 289 574 456
950 288 574 1689
953 290 574 1191
953 291 574 300
953 292 574 486
954 293 574 750
955 294 574 781
961 295 574 1660
962 296 574 608
962 297 574 361
963 298 574 566
969 299 574 1683
973 300 574 1372
981 301 574 1774
981 302 574 73
981 303 574 449
981 304 574 135
985 305 574 1416
985 306 574 476
