2 0 169 930
4 1 169 1090
7 2 169 1235
8 3 169 527
8 4 169 129
9 5 169 634
10 6 169 643
10 7 169 78
12 8 169 1082
14 9 169 879
24 10 169 1829
29 11 169 1562
44 12 169 1904
51 13 169 1693
60 14 169 1816
60 15 169 68
61 16 169 795
61 17 169 256
62 18 169 847
66 19 169 1489
66 20 169 358
73 21 169 1748
79 22 169 1642
80 23 169 718
86 24 169 1615
90 25 169 1347
92 26 169 1082
97 27 169 1548
99 28 169 893
103 29 169 1457
113 30 169 1835
115 31 169 901
115 32 169 95
117 33 169 954
117 34 169 365
119 35 169 912
124 36 169 1576
125 37 169 642
127 38 169 939
129 39 169 1066
129 40 169 191
133 41 169 1457
133 42 169 59
133 43 169 346
134 45 169 311
134 46 169 299
134 44 169 573
138 47 169 1397
143 48 169 1528
144 49 169 747
147 50 169 1209
149 51 169 1077
149 52 169 304
149 53 169 143
151 54 169 1091
153 55 169 1106
157 56 169 1372
158 57 169 516
159 58 169 836
160 59 169 707
164 60 169 1477
166 61 169 1020
168 62 169 1109
173 63 169 1550
175 64 169 969
177 65 169 927
181 66 169 1467
183 67 169 949
186 68 169 1328
188 69 169 904
188 70 169 417
188 71 169 153
191 72 169 1241
198 73 169 1706
201 74 169 1297
202 75 169 826
208 76 169 1688
211 77 169 1295
211 78 169 145
214 79 169 1303
216 80 169 1047
222 81 169 1610
222 82 169 19
222 83 169 145
222 84 169 247
223 85 169 757
224 86 169 597
236 87 169 1876
244 88 169 1788
247 89 169 1184
251 90 169 1464
253 91 169 1059
260 92 169 1730
260 93 169 232
265 94 169 1514
267 97 169 434
267 95 169 1095
267 96 169 347
270 98 169 1302
275 99 169 1571
276 100 169 769
279 101 169 1274
279 102 169 69
280 103 169 623
280 104 169 330
282 105 169 1056
290 106 169 1761
291 107 169 523
292 108 169 770
292 109 169 265
295 111 169 76
295 112 169 371
295 110 169 1342
299 113 169 1458
304 114 169 1584
312 115 169 1792
314 116 169 1000
316 117 169 964
319 118 169 1302
319 119 169 211
319 120 169 330
324 121 169 1515
326 123 169 143
326 122 169 1086
330 124 169 1364
333 125 169 1283
333 126 169 347
335 127 169 1008
335 128 169 191
335 129 169 202
335 130 169 478
338 131 169 1254
357 132 169 1918
358 133 169 499
359 134 169 533
366 135 169 1698
371 136 169 1541
374 137 169 1321
381 138 169 1740
383 139 169 1115
385 140 169 920
385 141 169 73
387 142 169 1106
392 143 169 1522
400 144 169 1766
404 145 169 1387
405 146 169 687
405 147 169 272
406 148 169 573
412 149 169 1647
412 150 169 95
415 151 169 1308
417 152 169 1056
419 153 169 1090
422 154 169 1240
425 155 169 1179
425 156 169 187
435 157 169 1850
438 158 169 1183
440 159 169 972
441 160 169 709
442 161 169 752
442 162 169 331
443 163 169 568
450 164 169 1711
450 165 169 87
450 166 169 82
459 167 169 1797
461 168 169 924
470 169 169 1811
470 170 169 250
475 171 169 1604
478 173 169 186
478 172 169 1149
481 174 169 1215
481 175 169 256
481 176 169 409
485 177 169 1488
485 178 169 301
499 179 169 1902
500 184 169 107
500 183 169 469
500 182 169 435
500 181 169 74
500 180 169 595
502 185 169 1095
502 186 169 198
503 187 169 828
506 188 169 1183
509 189 169 1279
514 190 169 1510
520 192 169 137
520 191 169 1615
521 193 169 768
521 194 169 406
521 195 169 168
527 196 169 1666
528 197 169 537
535 198 169 1736
541 199 169 1679
544 200 169 1304
545 201 169 814
548 202 169 1273
549 203 169 687
553 204 169 1396
553 205 169 415
553 206 169 158
555 207 169 869
564 208 169 1799
566 209 169 984
567 210 169 770
568 211 169 623
573 212 169 1548
576 213 169 1206
576 214 169 376
577 215 169 634
577 216 169 317
585 217 169 1787
585 218 169 461
586 219 169 615
595 220 169 1814
598 221 169 1179
599 222 169 614
604 223 169 1569
604 224 169 300
605 225 169 560
609 226 169 1467
609 227 169 381
616 228 169 1705
618 229 169 1047
619 230 169 514
628 231 169 1796
634 232 169 1677
635 233 169 547
636 234 169 597
643 235 169 1705
644 236 169 726
650 237 169 1673
652 238 169 997
658 239 169 1616
660 240 169 936
663 241 169 1253
665 242 169 953
665 243 169 199
666 244 169 509
668 245 169 886
668 246 169 67
669 247 169 855
669 248 169 391
676 249 169 1697
684 250 169 1775
693 251 169 1803
693 252 169 76
695 253 169 1121
703 254 169 1789
703 255 169 125
703 256 169 200
709 258 169 386
709 257 169 1628
710 259 169 836
712 260 169 873
719 261 169 1702
721 262 169 1089
722 263 169 751
722 264 169 469
724 265 169 898
726 266 169 871
728 267 169 1000
729 268 169 609
730 269 169 596
740 270 169 1832
741 271 169 569
742 272 169 790
743 273 169 769
748 274 169 1603
749 276 169 225
749 277 169 414
749 275 169 560
751 278 169 1059
754 279 169 1339
754 280 169 492
755 281 169 611
772 282 169 1914
772 283 169 7
775 284 169 1197
776 285 169 635
783 286 169 1719
784 287 169 556
785 288 169 682
785 289 169 472
790 290 169 1504
792 291 169 1023
795 292 169 1286
795 293 169 161
796 294 169 742
799 296 169 164
799 297 169 202
799 295 169 1159
805 298 169 1654
810 299 169 1535
810 300 169 14
812 301 169 991
812 302 169 246
819 303 169 1720
827 304 169 1790
830 305 169 1206
832 306 169 1013
