2 0 1410 1067
4 1 1410 905
6 2 1410 993
10 3 1410 1366
12 4 1410 913
14 5 1410 1140
20 6 1410 1611
20 7 1410 443
22 8 1410 954
23 9 1410 645
35 10 1410 1881
36 11 1410 813
36 12 1410 481
36 13 1410 50
37 14 1410 766
39 15 1410 928
40 16 1410 702
40 17 1410 283
42 18 1410 1003
44 19 1410 1130
54 20 1410 1829
56 21 1410 942
60 22 1410 1436
60 23 1410 36
62 24 1410 1052
69 25 1410 1730
71 26 1410 1101
72 27 1410 780
73 28 1410 611
74 29 1410 573
76 30 1410 1063
79 31 1410 1230
90 32 1410 1872
90 33 1410 263
91 34 1410 725
92 35 1410 817
98 36 1410 1642
101 37 1410 1318
113 38 1410 1878
114 39 1410 702
114 40 1410 338
117 41 1410 1268
121 42 1410 1390
121 43 1410 160
122 45 1410 429
122 46 1410 434
122 44 1410 621
123 47 1410 669
128 48 1410 1502
128 49 1410 72
133 50 1410 1595
133 51 1410 228
133 52 1410 405
138 53 1410 1495
142 54 1410 1482
142 55 1410 124
146 56 1410 1394
148 57 1410 957
148 58 1410 313
150 59 1410 1107
150 60 1410 38
151 61 1410 830
159 62 1410 1756
159 63 1410 380
164 64 1410 1506
165 65 1410 650
166 67 1410 217
166 66 1410 865
169 68 1410 1249
181 69 1410 1874
184 70 1410 1211
187 71 1410 1308
187 72 1410 329
187 73 1410 301
188 74 1410 792
189 75 1410 561
193 76 1410 1477
196 77 1410 1275
199 78 1410 1339
200 79 1410 623
203 80 1410 1295
203 81 1410 432
206 82 1410 1202
207 83 1410 539
209 84 1410 903
210 85 1410 835
211 86 1410 825
211 87 1410 376
212 88 1410 706
213 89 1410 600
217 90 1410 1348
218 91 1410 684
220 92 1410 1005
221 93 1410 771
222 94 1410 663
226 95 1410 1432
230 96 1410 1436
232 97 1410 1009
233 98 1410 578
247 99 1410 1896
251 100 1410 1488
251 101 1410 216
254 102 1410 1344
259 103 1410 1553
260 105 1410 286
260 104 1410 785
269 106 1410 1823
269 107 1410 104
270 108 1410 703
272 109 1410 920
273 110 1410 572
273 111 1410 118
278 112 1410 1542
284 113 1410 1614
291 114 1410 1737
296 115 1410 1531
301 116 1410 1553
304 117 1410 1217
308 118 1410 1402
309 119 1410 671
316 120 1410 1750
316 121 1410 489
320 122 1410 1436
321 123 1410 648
322 124 1410 525
323 125 1410 526
323 126 1410 303
327 127 1410 1483
332 128 1410 1562
335 129 1410 1285
337 130 1410 1050
337 131 1410 467
338 132 1410 697
342 133 1410 1368
344 134 1410 1060
346 135 1410 1078
348 136 1410 1012
353 137 1410 1573
359 138 1410 1678
360 139 1410 616
362 140 1410 936
363 141 1410 721
368 142 1410 1598
375 144 1410 28
375 143 1410 1710
378 145 1410 1230
380 146 1410 1066
383 147 1410 1316
385 148 1410 959
387 149 1410 1057
396 150 1410 1803
396 151 1410 218
401 152 1410 1532
411 154 1410 146
411 153 1410 1831
413 155 1410 999
414 156 1410 705
415 157 1410 696
417 158 1410 1027
417 159 1410 259
432 160 1410 1908
432 161 1410 340
432 162 1410 467
435 163 1410 1343
444 164 1410 1795
444 165 1410 104
448 166 1410 1346
448 167 1410 174
449 168 1410 553
450 169 1410 658
451 170 1410 519
466 171 1410 1904
470 172 1410 1464
471 173 1410 785
477 174 1410 1660
479 175 1410 1029
480 176 1410 815
486 177 1410 1651
487 178 1410 620
490 179 1410 1220
494 180 1410 1384
496 181 1410 912
497 182 1410 523
498 183 1410 504
502 184 1410 1406
503 185 1410 831
504 186 1410 859
505 187 1410 790
508 188 1410 1222
508 189 1410 61
508 190 1410 373
508 191 1410 316
509 192 1410 545
513 193 1410 1418
514 194 1410 633
515 195 1410 595
515 196 1410 254
515 197 1410 255
525 198 1410 1839
535 199 1410 1849
544 200 1410 1809
546 201 1410 892
547 203 1410 301
547 202 1410 762
548 204 1410 538
557 205 1410 1823
558 206 1410 678
559 207 1410 747
559 208 1410 171
561 209 1410 1042
561 210 1410 183
563 212 1410 75
563 211 1410 978
570 213 1410 1732
571 214 1410 799
573 215 1410 996
580 216 1410 1742
593 217 1410 1887
604 218 1410 1861
606 219 1410 964
609 220 1410 1169
610 221 1410 555
612 222 1410 877
612 223 1410 492
612 224 1410 284
612 225 1410 203
616 226 1410 1359
616 227 1410 45
616 228 1410 151
618 229 1410 1064
619 230 1410 774
620 231 1410 559
627 232 1410 1736
628 233 1410 696
631 234 1410 1336
631 235 1410 492
631 236 1410 149
631 237 1410 222
644 238 1410 1891
649 241 1410 112
649 239 1410 1507
649 240 1410 153
650 242 1410 618
650 243 1410 180
659 244 1410 1802
662 245 1410 1320
662 246 1410 240
663 247 1410 738
664 248 1410 619
669 249 1410 1562
670 250 1410 778
670 251 1410 291
670 252 1410 318
672 253 1410 875
673 254 1410 679
676 260 1410 464
676 259 1410 335
676 258 1410 16
676 256 1410 14
676 255 1410 1253
676 257 1410 270
677 261 1410 632
678 262 1410 595
680 263 1410 1032
680 264 1410 267
685 265 1410 1548
688 266 1410 1167
691 269 1410 307
691 268 1410 396
691 267 1410 1304
692 270 1410 846
697 271 1410 1519
717 272 1410 1920
717 273 1410 354
718 274 1410 810
720 275 1410 1057
731 276 1410 1862
732 277 1410 697
733 278 1410 614
735 279 1410 889
748 280 1410 1888
749 281 1410 621
753 282 1410 1351
754 283 1410 514
754 284 1410 286
754 285 1410 483
754 286 1410 241
755 290 1410 477
755 289 1410 83
755 287 1410 861
755 288 1410 17
764 291 1410 1804
764 292 1410 206
769 293 1410 1556
771 294 1410 1042
775 295 1410 1445
779 296 1410 1442
784 297 1410 1511
794 298 1410 1838
794 299 1410 254
794 300 1410 152
795 301 1410 860
795 302 1410 342
795 303 1410 312
796 304 1410 715
799 305 1410 1184
799 306 1410 296
