0 0 180 71
1 1 180 687
3 2 180 951
4 3 180 588
5 4 180 552
6 5 180 775
7 6 180 756
10 7 180 1192
11 8 180 726
16 9 180 1517
18 10 180 1110
20 11 180 972
21 12 180 576
22 13 180 638
28 14 180 1621
29 15 180 747
29 16 180 327
30 17 180 525
34 18 180 1371
45 19 180 1871
46 20 180 830
47 21 180 845
52 22 180 1533
57 23 180 1526
58 24 180 857
66 25 180 1789
77 26 180 1869
85 27 180 1782
86 28 180 858
89 29 180 1172
90 30 180 586
96 31 180 1633
105 32 180 1827
108 33 180 1297
111 34 180 1157
113 35 180 983
117 36 180 1446
118 37 180 701
120 38 180 1033
120 39 180 463
120 40 180 348
125 41 180 1568
133 42 180 1774
135 43 180 960
135 44 180 150
137 46 180 280
137 45 180 1062
139 47 180 889
140 48 180 742
143 49 180 1155
143 50 180 171
147 51 180 1429
148 52 180 607
151 53 180 1250
163 54 180 1882
166 55 180 1151
168 56 180 1079
172 57 180 1350
178 58 180 1656
179 59 180 688
180 60 180 830
182 61 180 899
182 62 180 334
186 63 180 1478
188 64 180 930
192 65 180 1401
194 66 180 1070
197 67 180 1203
201 68 180 1406
202 69 180 638
205 70 180 1225
210 71 180 1551
214 72 180 1416
216 73 180 908
221 74 180 1522
224 75 180 1186
226 76 180 995
227 77 180 573
231 78 180 1375
238 79 180 1719
243 80 180 1508
245 81 180 980
247 82 180 1040
253 83 180 1627
255 84 180 1001
257 85 180 1081
259 86 180 1025
260 87 180 576
263 88 180 1340
263 89 180 6
273 90 180 1829
273 91 180 95
275 92 180 970
275 93 180 345
280 94 180 1557
284 95 180 1374
287 96 180 1234
287 97 180 295
287 98 180 29
288 99 180 673
306 100 180 1917
308 101 180 1002
312 102 180 1408
312 103 180 103
323 104 180 1854
324 105 180 544
324 106 180 13
330 107 180 1624
336 108 180 1652
337 109 180 695
337 110 180 155
338 111 180 505
352 112 180 1900
363 113 180 1861
365 114 180 1105
373 115 180 1775
381 116 180 1784
382 117 180 631
382 118 180 477
390 119 180 1774
390 120 180 375
390 121 180 493
398 122 180 1788
402 123 180 1399
403 124 180 734
405 125 180 1130
406 126 180 581
408 127 180 1071
411 128 180 1275
411 129 180 148
423 130 180 1877
424 131 180 700
425 132 180 543
426 133 180 701
433 134 180 1727
434 135 180 505
439 136 180 1496
441 137 180 936
448 138 180 1698
448 139 180 456
450 140 180 1068
453 141 180 1325
454 142 180 849
455 143 180 644
463 144 180 1776
466 145 180 1323
466 146 180 120
468 147 180 1033
471 148 180 1165
478 149 180 1706
483 150 180 1514
484 151 180 602
491 154 180 297
491 153 180 180
491 152 180 1743
495 155 180 1424
497 156 180 1139
497 157 180 8
500 158 180 1294
501 159 180 723
514 160 180 1888
515 161 180 866
515 162 180 349
520 163 180 1503
521 164 180 742
525 165 180 1380
538 166 180 1886
541 167 180 1198
541 168 180 134
542 169 180 599
542 170 180 279
543 171 180 847
544 173 180 21
544 172 180 858
545 174 180 705
547 175 180 975
552 176 180 1569
555 177 180 1143
560 178 180 1547
563 179 180 1335
565 180 180 1010
569 181 180 1472
579 182 180 1830
583 183 180 1493
584 184 180 559
587 185 180 1275
589 186 180 881
589 187 180 363
589 188 180 403
589 189 180 303
592 190 180 1291
596 191 180 1488
601 192 180 1566
603 193 180 974
603 194 180 493
603 195 180 201
605 196 180 976
608 197 180 1270
617 198 180 1826
617 199 180 396
621 200 180 1361
622 201 180 846
624 202 180 899
625 203 180 566
629 204 180 1427
630 205 180 667
636 206 180 1669
643 207 180 1722
647 208 180 1399
650 209 180 1247
658 210 180 1779
678 212 180 385
678 211 180 1920
690 213 180 1883
696 214 180 1638
696 215 180 415
698 216 180 961
699 217 180 780
701 218 180 944
705 219 180 1392
705 220 180 498
710 221 180 1523
711 222 180 794
719 223 180 1756
722 224 180 1232
723 225 180 715
726 226 180 1205
735 227 180 1809
739 228 180 1452
740 229 180 503
763 231 180 298
763 230 180 1923
766 232 180 1241
769 233 180 1151
783 234 180 1899
783 235 180 163
784 236 180 572
787 237 180 1264
787 238 180 65
796 239 180 1817
801 240 180 1531
803 241 180 1084
805 242 180 888
807 243 180 1081
807 244 180 448
810 245 180 1296
812 246 180 1102
818 247 180 1608
821 248 180 1260
821 249 180 77
824 253 180 434
824 252 180 325
824 250 180 1165
824 251 180 195
833 254 180 1822
841 255 180 1762
841 256 180 52
843 257 180 1068
846 258 180 1259
847 259 180 711
851 260 180 1386
859 261 180 1784
859 262 180 269
861 263 180 895
864 264 180 1249
868 265 180 1480
869 266 180 679
872 267 180 1159
887 268 180 1909
891 269 180 1474
899 270 180 1767
905 271 180 1621
906 272 180 714
908 273 180 1052
916 274 180 1786
919 275 180 1338
920 276 180 634
926 277 180 1638
929 278 180 1307
940 279 180 1861
945 280 180 1538
950 281 180 1522
951 282 180 548
955 283 180 1375
958 284 180 1263
965 285 180 1727
979 286 180 1898
980 287 180 807
983 290 180 111
983 288 180 1253
983 289 180 136
987 291 180 1429
987 292 180 5
990 293 180 1278
990 294 180 430
996 295 180 1671
997 296 180 815
1015 297 180 1917
1023 298 180 1756
1025 299 180 892
1026 300 180 616
1037 301 180 1868
1043 302 180 1624
1050 303 180 1711
1050 304 180 234
1054 305 180 1468
1058 306 180 1406
