1 0 1073 752
3 1 1073 1081
7 2 1073 1460
7 3 1073 145
12 4 1073 1498
17 5 1073 1543
24 6 1073 1738
26 7 1073 972
29 9 1073 393
29 8 1073 1238
33 10 1073 1372
34 11 1073 619
34 12 1073 487
34 13 1073 199
36 14 1073 1047
38 15 1073 893
45 16 1073 1741
47 17 1073 1059
48 18 1073 571
54 19 1073 1667
57 20 1073 1310
60 21 1073 1242
61 22 1073 577
62 23 1073 783
68 24 1073 1688
68 25 1073 405
83 26 1073 1905
89 27 1073 1609
91 28 1073 1028
93 29 1073 1030
93 30 1073 407
93 31 1073 369
104 32 1073 1868
105 33 1073 521
108 34 1073 1215
117 35 1073 1797
117 36 1073 7
119 37 1073 1003
126 38 1073 1715
126 39 1073 278
128 40 1073 983
130 41 1073 1022
130 42 1073 4
137 43 1073 1720
137 44 1073 463
139 45 1073 977
146 47 1073 382
146 46 1073 1692
150 48 1073 1400
151 49 1073 770
151 50 1073 37
153 51 1073 943
156 52 1073 1167
158 53 1073 907
160 54 1073 1116
164 55 1073 1435
165 56 1073 503
166 57 1073 676
166 58 1073 381
168 59 1073 1092
173 60 1073 1562
173 61 1073 129
184 62 1073 1868
184 63 1073 207
200 64 1073 1911
202 65 1073 1003
203 66 1073 675
216 67 1073 1891
218 68 1073 909
221 69 1073 1174
223 70 1073 886
224 71 1073 738
227 72 1073 1269
227 73 1073 292
228 74 1073 684
228 75 1073 288
231 76 1073 1238
232 77 1073 782
232 78 1073 320
233 79 1073 711
234 80 1073 638
239 81 1073 1523
239 82 1073 209
239 83 1073 258
241 84 1073 992
245 85 1073 1389
247 86 1073 1126
249 87 1073 960
252 88 1073 1329
259 89 1073 1705
262 90 1073 1293
265 91 1073 1255
266 92 1073 622
267 93 1073 623
268 94 1073 641
269 95 1073 853
271 96 1073 1078
278 97 1073 1721
285 98 1073 1734
289 99 1073 1385
289 100 1073 302
296 101 1073 1726
300 102 1073 1398
300 103 1073 225
309 104 1073 1808
312 105 1073 1224
317 106 1073 1599
319 107 1073 875
319 108 1073 223
320 109 1073 828
320 110 1073 197
326 111 1073 1646
326 112 1073 355
331 115 1073 39
331 114 1073 453
331 113 1073 1594
341 116 1073 1844
347 117 1073 1610
349 118 1073 1139
350 119 1073 522
359 120 1073 1801
365 121 1073 1640
366 122 1073 561
368 123 1073 1128
377 124 1073 1806
382 125 1073 1555
382 126 1073 116
383 127 1073 645
388 128 1073 1576
396 129 1073 1755
398 130 1073 1134
402 131 1073 1441
404 132 1073 972
405 134 1073 409
405 133 1073 860
406 135 1073 837
406 136 1073 124
421 137 1073 1909
421 138 1073 374
428 139 1073 1693
435 140 1073 1714
435 141 1073 251
436 142 1073 736
437 143 1073 500
442 144 1073 1508
447 145 1073 1572
449 146 1073 900
451 147 1073 952
451 148 1073 169
452 149 1073 601
454 150 1073 933
458 151 1073 1393
459 152 1073 582
462 153 1073 1212
467 154 1073 1508
468 155 1073 586
471 156 1073 1164
471 157 1073 269
471 158 1073 344
471 159 1073 253
473 160 1073 1107
475 161 1073 953
478 163 1073 393
478 162 1073 1224
484 164 1073 1619
485 165 1073 680
486 166 1073 673
490 167 1073 1419
493 168 1073 1185
498 169 1073 1541
508 170 1073 1839
519 171 1073 1860
522 172 1073 1236
526 173 1073 1371
527 174 1073 732
532 175 1073 1549
534 176 1073 903
534 177 1073 61
539 178 1073 1545
539 179 1073 233
540 180 1073 654
542 182 1073 476
542 181 1073 1089
544 183 1073 974
545 184 1073 821
551 185 1073 1665
552 186 1073 859
558 187 1073 1685
561 188 1073 1276
568 189 1073 1747
573 190 1073 1597
581 191 1073 1780
586 192 1073 1564
586 193 1073 120
587 194 1073 586
588 195 1073 761
590 196 1073 951
590 197 1073 343
591 198 1073 805
592 199 1073 827
594 200 1073 898
598 201 1073 1405
605 202 1073 1691
606 203 1073 553
607 204 1073 686
609 205 1073 998
609 206 1073 156
611 207 1073 1135
611 208 1073 479
623 209 1073 1883
629 210 1073 1608
631 211 1073 1103
632 212 1073 649
632 213 1073 110
637 214 1073 1523
637 215 1073 18
637 216 1073 477
637 217 1073 249
642 218 1073 1496
654 219 1073 1878
661 220 1073 1746
663 221 1073 913
663 222 1073 142
667 223 1073 1363
678 224 1073 1869
678 225 1073 59
678 226 1073 296
680 227 1073 1116
681 228 1073 784
694 229 1073 1895
695 230 1073 597
696 231 1073 559
699 232 1073 1180
700 233 1073 717
703 234 1073 1260
706 235 1073 1174
709 236 1073 1322
719 237 1073 1848
719 238 1073 287
726 239 1073 1748
731 240 1073 1509
737 241 1073 1648
740 242 1073 1205
743 243 1073 1317
743 244 1073 139
743 245 1073 494
745 246 1073 1130
749 247 1073 1454
750 248 1073 521
751 250 1073 284
751 249 1073 567
752 251 1073 701
753 252 1073 771
754 253 1073 852
756 254 1073 1005
772 255 1073 1909
775 256 1073 1262
775 257 1073 327
776 258 1073 609
777 259 1073 627
778 260 1073 702
780 261 1073 965
780 262 1073 351
781 263 1073 509
784 264 1073 1286
786 265 1073 1048
796 266 1073 1847
807 267 1073 1856
808 269 1073 349
808 268 1073 774
809 270 1073 620
810 271 1073 554
823 272 1073 1887
829 273 1073 1673
829 274 1073 369
829 275 1073 98
835 276 1073 1632
836 277 1073 750
839 278 1073 1224
843 279 1073 1374
844 280 1073 853
845 281 1073 766
846 282 1073 594
846 283 1073 217
852 284 1073 1611
861 285 1073 1820
868 286 1073 1713
868 287 1073 328
874 288 1073 1637
877 289 1073 1276
887 290 1073 1836
889 291 1073 995
892 292 1073 1238
897 293 1073 1585
899 294 1073 1046
900 295 1073 544
903 296 1073 1297
904 298 1073 31
904 297 1073 696
906 299 1073 1015
907 300 1073 571
910 301 1073 1199
911 302 1073 679
911 303 1073 172
922 304 1073 1872
928 305 1073 1655
929 306 1073 739
