0 0 1478 101
0 1 1478 468
2 2 1478 1075
2 3 1478 13
9 4 1478 1744
17 5 1478 1771
21 6 1478 1412
23 7 1478 948
28 8 1478 1531
34 9 1478 1656
41 10 1478 1746
41 11 1478 411
43 12 1478 947
43 13 1478 357
46 14 1478 1143
53 15 1478 1747
62 16 1478 1811
68 17 1478 1669
72 18 1478 1432
87 19 1478 1908
90 20 1478 1305
94 21 1478 1467
94 22 1478 213
96 23 1478 994
102 24 1478 1609
102 25 1478 453
105 27 1478 123
105 26 1478 1339
106 28 1478 782
115 29 1478 1798
115 30 1478 277
119 31 1478 1406
123 32 1478 1355
123 33 1478 91
129 35 1478 356
129 34 1478 1633
129 36 1478 145
151 37 1478 1922
154 38 1478 1330
163 39 1478 1813
172 40 1478 1802
196 41 1478 1923
208 42 1478 1881
212 43 1478 1418
214 44 1478 1100
217 45 1478 1160
218 46 1478 578
223 48 1478 40
223 47 1478 1524
226 49 1478 1262
236 50 1478 1833
237 51 1478 823
239 52 1478 1125
241 53 1478 1074
241 54 1478 11
242 58 1478 329
242 57 1478 80
242 56 1478 255
242 55 1478 559
245 59 1478 1291
245 60 1478 432
248 61 1478 1288
248 62 1478 166
254 63 1478 1658
258 64 1478 1378
258 65 1478 339
260 66 1478 981
261 67 1478 855
262 68 1478 649
263 69 1478 786
268 70 1478 1601
277 71 1478 1813
277 72 1478 338
282 73 1478 1544
282 74 1478 105
285 75 1478 1306
290 76 1478 1511
291 77 1478 719
300 78 1478 1819
300 79 1478 448
309 80 1478 1800
316 81 1478 1740
316 82 1478 83
320 83 1478 1445
333 84 1478 1889
337 85 1478 1379
337 86 1478 281
337 87 1478 280
337 88 1478 80
339 89 1478 1074
339 90 1478 101
339 91 1478 65
344 92 1478 1593
344 93 1478 39
348 94 1478 1381
349 95 1478 513
357 96 1478 1757
357 97 1478 222
357 98 1478 39
358 99 1478 761
358 100 1478 178
364 101 1478 1647
366 102 1478 875
369 103 1478 1178
374 104 1478 1585
374 105 1478 20
374 106 1478 485
379 107 1478 1506
381 108 1478 968
382 109 1478 629
384 110 1478 972
388 111 1478 1460
388 112 1478 185
397 113 1478 1805
401 114 1478 1415
402 115 1478 617
405 116 1478 1205
406 117 1478 645
413 118 1478 1694
442 119 1478 1924
442 120 1478 58
443 121 1478 701
444 122 1478 774
449 123 1478 1499
450 124 1478 684
455 125 1478 1536
455 126 1478 219
455 127 1478 298
455 128 1478 163
460 129 1478 1517
464 130 1478 1474
467 131 1478 1288
468 132 1478 680
470 133 1478 1058
470 134 1478 270
470 135 1478 152
471 136 1478 864
472 137 1478 829
480 138 1478 1784
491 139 1478 1868
493 140 1478 893
494 141 1478 699
497 142 1478 1236
501 143 1478 1376
501 144 1478 101
502 145 1478 565
511 146 1478 1804
518 147 1478 1713
519 148 1478 548
520 149 1478 763
523 150 1478 1232
525 152 1478 453
525 153 1478 40
525 151 1478 1111
526 154 1478 702
530 155 1478 1402
532 156 1478 872
535 157 1478 1300
535 158 1478 494
535 159 1478 49
542 160 1478 1725
542 161 1478 187
545 162 1478 1343
549 163 1478 1376
551 164 1478 1080
557 165 1478 1609
558 166 1478 780
560 167 1478 1052
565 168 1478 1535
568 169 1478 1263
574 170 1478 1677
574 171 1478 376
575 172 1478 786
582 173 1478 1750
584 174 1478 1031
587 175 1478 1283
591 176 1478 1389
594 177 1478 1323
598 178 1478 1397
598 179 1478 118
604 180 1478 1656
604 181 1478 431
610 182 1478 1674
613 183 1478 1324
613 184 1478 285
613 185 1478 362
614 186 1478 834
615 187 1478 639
615 188 1478 355
616 189 1478 792
619 190 1478 1205
623 192 1478 335
623 191 1478 1489
630 193 1478 1734
630 194 1478 142
631 195 1478 706
634 196 1478 1281
642 197 1478 1785
642 198 1478 296
642 199 1478 417
649 200 1478 1710
650 202 1478 178
650 201 1478 751
653 203 1478 1210
655 204 1478 1010
656 205 1478 855
656 206 1478 325
657 207 1478 628
659 208 1478 933
662 209 1478 1343
662 210 1478 12
666 211 1478 1474
675 212 1478 1827
675 213 1478 375
675 214 1478 318
678 215 1478 1294
678 216 1478 437
678 217 1478 18
680 218 1478 1090
681 219 1478 717
682 221 1478 140
682 220 1478 775
683 222 1478 697
684 223 1478 742
684 224 1478 58
684 225 1478 188
684 226 1478 41
686 227 1478 976
692 230 1478 2
692 229 1478 324
692 228 1478 1607
697 231 1478 1529
699 232 1478 1026
701 233 1478 980
701 234 1478 333
703 235 1478 904
703 236 1478 252
703 237 1478 463
703 238 1478 313
707 241 1478 206
707 240 1478 36
707 239 1478 1354
713 242 1478 1631
715 243 1478 936
716 244 1478 779
722 245 1478 1655
727 246 1478 1586
739 247 1478 1884
743 248 1478 1416
744 250 1478 268
744 249 1478 772
747 251 1478 1262
748 252 1478 694
753 253 1478 1503
758 254 1478 1567
763 255 1478 1569
763 256 1478 54
767 257 1478 1361
770 258 1478 1152
771 259 1478 822
772 260 1478 814
775 261 1478 1274
777 262 1478 946
778 263 1478 609
781 264 1478 1340
781 265 1478 408
781 266 1478 447
782 268 1478 41
782 267 1478 846
785 269 1478 1339
787 270 1478 1042
801 271 1478 1899
807 272 1478 1630
813 273 1478 1661
814 274 1478 681
815 275 1478 569
815 276 1478 434
821 277 1478 1685
834 278 1478 1887
834 279 1478 327
835 280 1478 526
835 281 1478 81
839 282 1478 1485
840 283 1478 834
840 284 1478 56
841 285 1478 665
842 286 1478 834
846 287 1478 1447
849 288 1478 1338
850 289 1478 689
851 290 1478 849
852 291 1478 816
855 292 1478 1236
859 293 1478 1415
860 294 1478 540
861 295 1478 687
864 296 1478 1184
866 297 1478 1021
871 298 1478 1520
871 299 1478 371
874 300 1478 1207
875 301 1478 740
885 302 1478 1843
885 303 1478 77
891 305 1478 294
891 304 1478 1655
896 306 1478 1556
