8 0 296 1775
14 1 296 1672
24 2 296 1844
25 3 296 828
27 4 296 1105
29 5 296 1094
35 6 296 1661
37 7 296 986
46 10 296 84
46 8 296 1823
46 9 296 435
47 11 296 546
50 12 296 1248
50 13 296 129
55 14 296 1592
56 15 296 739
66 16 296 1849
72 19 296 367
72 18 296 115
72 17 296 1679
78 20 296 1641
80 21 296 900
81 22 296 710
90 23 296 1821
91 24 296 747
96 25 296 1571
99 26 296 1244
100 27 296 612
106 28 296 1614
107 29 296 865
118 30 296 1865
120 31 296 874
120 32 296 144
130 33 296 1851
133 34 296 1282
135 35 296 923
139 36 296 1494
141 37 296 1075
142 38 296 578
142 39 296 339
142 40 296 115
142 41 296 118
142 42 296 307
144 43 296 915
146 44 296 987
147 45 296 560
149 46 296 891
153 48 296 314
153 47 296 1472
156 49 296 1251
159 50 296 1278
162 51 296 1182
164 52 296 957
167 53 296 1203
167 54 296 191
169 55 296 875
171 58 296 80
171 56 296 962
171 57 296 23
175 59 296 1459
183 60 296 1775
185 61 296 1049
188 62 296 1296
190 63 296 957
190 64 296 495
192 66 296 402
192 65 296 1135
195 67 296 1322
196 68 296 772
197 69 296 669
200 70 296 1170
201 71 296 773
203 72 296 1101
210 74 296 251
210 73 296 1700
215 75 296 1523
216 76 296 592
223 77 296 1720
224 78 296 833
224 79 296 187
225 80 296 679
232 81 296 1697
232 82 296 298
232 83 296 363
237 84 296 1512
238 85 296 683
248 86 296 1842
249 87 296 866
255 88 296 1659
255 89 296 406
268 90 296 1886
272 91 296 1471
274 92 296 994
276 93 296 1044
276 94 296 489
278 95 296 991
279 96 296 746
282 97 296 1274
282 98 296 420
290 99 296 1777
290 100 296 158
294 101 296 1494
295 102 296 700
300 103 296 1570
300 104 296 81
301 106 296 80
301 105 296 504
304 107 296 1181
306 108 296 951
307 109 296 593
307 110 296 282
310 111 296 1167
312 112 296 1114
321 113 296 1818
322 115 296 77
322 114 296 779
323 116 296 751
325 117 296 933
329 118 296 1370
336 119 296 1737
339 120 296 1218
343 121 296 1460
348 122 296 1587
348 123 296 365
349 124 296 707
355 125 296 1623
362 126 296 1704
362 127 296 56
365 128 296 1210
368 129 296 1185
369 130 296 776
372 131 296 1243
375 132 296 1299
377 134 296 28
377 133 296 980
379 135 296 1110
381 136 296 996
382 137 296 653
382 138 296 281
384 139 296 1007
385 140 296 602
386 141 296 660
396 142 296 1840
398 144 296 123
398 143 296 1066
399 145 296 719
399 146 296 356
401 147 296 1100
401 148 296 265
401 149 296 411
401 150 296 239
408 151 296 1738
418 152 296 1829
419 153 296 607
420 154 296 559
421 155 296 622
431 156 296 1831
431 157 296 334
432 158 296 862
432 159 296 382
433 160 296 725
433 161 296 23
446 162 296 1895
453 163 296 1690
460 164 296 1742
462 165 296 964
470 166 296 1792
470 167 296 134
478 168 296 1790
483 169 296 1593
485 170 296 1006
485 171 296 97
486 173 296 362
486 172 296 651
488 174 296 1134
489 175 296 557
494 176 296 1545
495 177 296 521
495 178 296 241
511 179 296 1912
514 180 296 1267
515 181 296 603
522 182 296 1716
523 183 296 798
525 184 296 945
527 185 296 963
530 186 296 1338
531 187 296 691
531 188 296 420
534 189 296 1330
537 190 296 1203
538 191 296 661
545 192 296 1715
554 193 296 1824
554 194 296 282
555 195 296 578
556 196 296 689
556 197 296 150
559 198 296 1248
561 199 296 1084
562 201 296 221
562 200 296 852
565 202 296 1235
566 203 296 596
569 204 296 1330
569 205 296 142
571 206 296 1087
575 207 296 1466
579 208 296 1398
579 209 296 2
581 210 296 1002
584 211 296 1309
584 212 296 92
586 213 296 875
588 214 296 1040
588 215 296 121
588 216 296 232
590 217 296 1096
591 218 296 744
592 219 296 779
597 220 296 1550
599 221 296 1100
605 222 296 1638
605 223 296 459
605 224 296 389
605 225 296 344
605 226 296 307
606 227 296 752
606 228 296 79
607 229 296 556
615 230 296 1792
619 231 296 1395
622 232 296 1197
624 233 296 1082
626 234 296 1059
628 235 296 1045
631 236 296 1292
633 237 296 1120
637 238 296 1393
638 239 296 803
647 240 296 1801
656 241 296 1797
659 242 296 1218
659 243 296 418
659 244 296 328
668 245 296 1819
669 246 296 568
670 247 296 840
671 250 296 346
671 249 296 160
671 248 296 783
676 251 296 1517
679 252 296 1330
679 253 296 469
683 254 296 1458
689 255 296 1677
690 256 296 508
691 258 296 206
691 257 296 776
693 259 296 986
701 260 296 1759
701 261 296 334
705 262 296 1387
706 263 296 841
706 264 296 134
711 266 296 111
711 265 296 1532
713 267 296 935
720 268 296 1740
739 269 296 1919
740 270 296 754
742 271 296 1036
748 272 296 1628
759 273 296 1865
761 274 296 902
767 275 296 1678
776 276 296 1806
779 279 296 495
779 277 296 1220
779 278 296 130
786 280 296 1700
790 281 296 1392
803 282 296 1893
813 285 296 274
813 283 296 1843
813 284 296 209
813 286 296 64
814 287 296 727
819 288 296 1548
822 289 296 1307
823 290 296 537
824 291 296 516
826 292 296 914
826 293 296 406
828 294 296 969
832 298 296 284
832 297 296 377
832 295 296 1466
832 296 296 410
833 299 296 721
840 300 296 1707
845 301 296 1558
847 302 296 1024
848 303 296 789
851 304 296 1331
854 305 296 1234
863 306 296 1814
