0 0 866 301
4 1 866 1377
10 2 866 1652
14 3 866 1449
17 4 866 1301
20 5 866 1319
27 6 866 1700
27 7 866 16
28 8 866 568
32 9 866 1377
39 10 866 1691
40 11 866 582
41 12 866 868
41 13 866 164
41 14 866 357
49 15 866 1779
57 16 866 1795
61 19 866 54
61 18 866 343
61 17 866 1369
65 20 866 1476
65 21 866 108
70 22 866 1606
73 23 866 1302
76 24 866 1218
76 25 866 26
81 26 866 1575
83 28 866 359
83 27 866 1110
99 29 866 1910
99 30 866 174
104 31 866 1584
104 32 866 43
104 33 866 223
104 34 866 286
108 35 866 1360
109 36 866 750
111 38 866 184
111 37 866 1039
114 39 866 1271
119 40 866 1511
124 41 866 1533
124 42 866 155
124 43 866 355
130 44 866 1688
131 45 866 769
134 46 866 1292
147 47 866 1889
156 48 866 1819
158 49 866 1010
164 50 866 1620
166 51 866 1062
168 52 866 1062
170 53 866 1055
176 54 866 1616
176 55 866 192
183 58 866 230
183 57 866 349
183 56 866 1695
186 59 866 1275
192 60 866 1668
193 61 866 589
198 62 866 1582
199 63 866 582
202 64 866 1203
202 65 866 106
203 66 866 539
204 67 866 644
213 68 866 1803
215 69 866 921
217 70 866 1028
218 71 866 756
221 72 866 1185
223 73 866 996
223 74 866 468
234 75 866 1868
246 76 866 1878
249 77 866 1251
254 78 866 1539
254 79 866 449
255 80 866 659
261 81 866 1610
264 82 866 1216
267 83 866 1273
267 84 866 290
269 85 866 1036
270 86 866 522
272 87 866 913
273 88 866 532
273 89 866 93
278 90 866 1590
278 91 866 401
279 92 866 808
280 93 866 833
285 94 866 1527
287 95 866 922
299 96 866 1875
304 97 866 1498
306 98 866 1077
311 99 866 1581
311 100 866 230
312 101 866 647
312 102 866 86
314 103 866 897
329 104 866 1907
330 105 866 864
339 106 866 1802
339 107 866 66
340 108 866 587
346 109 866 1673
346 110 866 239
346 111 866 444
347 112 866 735
354 113 866 1706
355 115 866 58
355 114 866 616
358 116 866 1297
358 117 866 309
358 118 866 292
358 119 866 167
363 120 866 1509
368 121 866 1550
368 122 866 112
375 123 866 1709
378 124 866 1256
379 125 866 627
391 126 866 1872
391 127 866 351
395 128 866 1393
399 129 866 1470
417 130 866 1917
417 131 866 379
417 132 866 173
429 135 866 11
429 134 866 218
429 133 866 1883
434 136 866 1523
434 137 866 318
437 138 866 1290
441 139 866 1350
444 140 866 1158
444 141 866 455
444 142 866 326
445 143 866 783
453 144 866 1778
456 145 866 1145
461 146 866 1590
463 147 866 1026
463 148 866 217
467 149 866 1469
472 150 866 1549
477 151 866 1565
480 152 866 1205
482 154 866 71
482 153 866 910
483 155 866 604
484 156 866 535
484 157 866 302
489 158 866 1566
492 159 866 1280
494 160 866 916
498 161 866 1451
499 162 866 597
501 163 866 1041
507 164 866 1680
515 165 866 1785
515 166 866 270
516 167 866 777
520 168 866 1488
521 169 866 605
521 170 866 460
523 171 866 979
525 172 866 944
526 173 866 866
528 174 866 933
530 175 866 1053
533 176 866 1224
536 177 866 1253
547 178 866 1856
547 179 866 110
549 180 866 961
550 181 866 846
550 182 866 133
560 183 866 1849
570 184 866 1846
570 185 866 352
572 186 866 1099
575 187 866 1188
584 188 866 1811
589 189 866 1539
593 190 866 1400
596 191 866 1221
597 194 866 434
597 192 866 677
597 193 866 9
603 195 866 1632
611 196 866 1783
614 197 866 1209
616 198 866 1027
634 199 866 1918
636 200 866 875
637 201 866 813
641 202 866 1463
646 203 866 1537
648 204 866 1008
649 205 866 570
650 206 866 621
650 207 866 338
664 208 866 1901
666 209 866 943
669 210 866 1305
672 212 866 371
672 211 866 1206
676 213 866 1455
676 214 866 319
676 215 866 70
679 216 866 1317
680 217 866 673
682 218 866 1120
685 219 866 1328
686 220 866 686
688 221 866 1006
690 222 866 890
702 223 866 1873
704 224 866 1129
707 225 866 1164
707 226 866 301
709 227 866 934
709 228 866 432
712 229 866 1226
715 232 866 226
715 230 866 1195
715 231 866 15
726 233 866 1862
729 234 866 1160
729 235 866 147
732 236 866 1307
733 237 866 521
734 238 866 840
737 239 866 1276
743 240 866 1655
744 241 866 760
747 242 866 1212
748 243 866 868
748 244 866 233
748 245 866 194
749 246 866 849
752 247 866 1147
758 250 866 315
758 249 866 364
758 248 866 1615
760 251 866 1109
760 252 866 88
766 253 866 1623
769 254 866 1232
777 255 866 1793
787 256 866 1847
792 258 866 407
792 257 866 1514
800 259 866 1769
800 260 866 268
806 261 866 1612
816 262 866 1831
817 263 866 675
823 264 866 1672
826 265 866 1290
828 269 866 172
828 268 866 294
828 267 866 433
828 266 866 979
829 270 866 687
830 271 866 795
838 272 866 1758
846 273 866 1769
851 274 866 1598
861 275 866 1850
868 277 866 22
868 276 866 1719
874 278 866 1640
876 279 866 935
876 280 866 314
878 281 866 1079
881 282 866 1243
881 283 866 68
883 284 866 910
883 285 866 85
893 286 866 1851
894 287 866 528
895 288 866 630
898 289 866 1291
898 290 866 224
905 291 866 1718
905 292 866 114
907 293 866 995
909 294 866 1007
909 295 866 42
910 296 866 853
911 297 866 536
913 298 866 1120
915 299 866 868
917 300 866 1139
917 301 866 416
918 302 866 852
922 303 866 1443
927 304 866 1601
931 305 866 1445
934 306 866 1276
