0 0 1097 358
0 1 1097 203
1 2 1097 659
1 3 1097 464
2 4 1097 717
5 5 1097 1307
6 6 1097 759
8 7 1097 1019
11 8 1097 1168
19 9 1097 1779
21 10 1097 874
27 11 1097 1671
28 12 1097 763
37 13 1097 1799
37 14 1097 35
40 15 1097 1261
41 16 1097 635
44 17 1097 1251
49 18 1097 1531
50 19 1097 551
58 20 1097 1787
61 21 1097 1299
61 22 1097 480
63 23 1097 1088
65 24 1097 1102
66 25 1097 561
66 26 1097 148
68 27 1097 1118
70 28 1097 975
71 29 1097 742
72 30 1097 611
74 31 1097 1107
81 32 1097 1718
91 33 1097 1847
94 34 1097 1228
94 35 1097 297
97 36 1097 1270
98 37 1097 534
104 38 1097 1682
104 39 1097 12
105 40 1097 530
115 41 1097 1851
120 42 1097 1530
121 43 1097 591
122 44 1097 749
124 45 1097 937
129 46 1097 1500
130 47 1097 724
130 48 1097 269
130 49 1097 25
130 50 1097 311
131 51 1097 720
132 52 1097 620
138 53 1097 1625
143 54 1097 1517
145 55 1097 983
151 56 1097 1647
156 57 1097 1496
159 58 1097 1287
159 59 1097 156
162 60 1097 1158
167 61 1097 1565
167 62 1097 43
167 63 1097 425
170 64 1097 1167
177 65 1097 1692
189 66 1097 1877
190 67 1097 840
191 68 1097 571
197 69 1097 1663
215 70 1097 1916
215 71 1097 100
219 72 1097 1493
224 73 1097 1518
224 74 1097 21
235 75 1097 1861
242 76 1097 1694
251 77 1097 1814
251 78 1097 338
251 79 1097 164
253 80 1097 985
257 81 1097 1349
258 82 1097 849
260 84 1097 430
260 83 1097 950
269 85 1097 1816
269 86 1097 487
269 87 1097 92
269 88 1097 330
269 89 1097 245
270 90 1097 575
277 91 1097 1698
280 92 1097 1172
285 93 1097 1526
286 94 1097 778
288 95 1097 889
297 96 1097 1808
299 97 1097 1105
303 98 1097 1348
305 99 1097 981
307 100 1097 984
308 101 1097 659
308 102 1097 153
309 105 1097 211
309 103 1097 531
309 104 1097 34
312 106 1097 1151
314 107 1097 1026
319 108 1097 1604
324 109 1097 1580
327 110 1097 1213
335 111 1097 1758
338 112 1097 1157
340 113 1097 1122
342 114 1097 1096
349 115 1097 1734
350 116 1097 716
352 117 1097 1018
371 118 1097 1919
374 119 1097 1276
377 120 1097 1205
385 121 1097 1784
386 123 1097 325
386 122 1097 510
388 124 1097 1088
388 125 1097 217
389 126 1097 853
402 127 1097 1892
403 128 1097 739
405 129 1097 1056
405 130 1097 52
406 132 1097 465
406 131 1097 589
409 133 1097 1281
411 134 1097 1104
411 135 1097 325
414 136 1097 1195
414 137 1097 317
416 138 1097 915
416 139 1097 219
417 140 1097 664
421 142 1097 413
421 141 1097 1385
422 143 1097 674
424 144 1097 956
425 145 1097 741
426 146 1097 541
426 147 1097 49
426 148 1097 430
428 150 1097 173
428 149 1097 969
429 151 1097 790
431 153 1097 71
431 152 1097 1110
438 154 1097 1701
440 155 1097 1125
440 156 1097 149
448 157 1097 1752
452 158 1097 1368
459 159 1097 1741
462 160 1097 1282
465 162 1097 287
465 161 1097 1184
466 163 1097 548
471 164 1097 1527
472 165 1097 624
475 166 1097 1293
484 167 1097 1800
484 168 1097 18
485 169 1097 770
486 172 1097 102
486 170 1097 538
486 171 1097 398
493 173 1097 1699
494 174 1097 611
501 175 1097 1745
505 176 1097 1371
513 177 1097 1760
516 178 1097 1294
516 179 1097 346
521 180 1097 1601
522 181 1097 803
526 182 1097 1461
533 183 1097 1695
535 184 1097 882
538 185 1097 1187
542 187 1097 393
542 186 1097 1403
547 188 1097 1505
562 190 1097 176
562 189 1097 1904
566 191 1097 1368
568 192 1097 873
570 193 1097 1099
571 194 1097 862
575 195 1097 1405
577 196 1097 1097
585 197 1097 1790
587 199 1097 331
587 198 1097 1071
591 200 1097 1373
592 201 1097 665
592 202 1097 31
597 203 1097 1584
597 204 1097 430
604 205 1097 1699
605 206 1097 688
608 207 1097 1335
612 208 1097 1384
624 209 1097 1881
630 210 1097 1678
630 211 1097 314
630 212 1097 458
632 213 1097 1021
632 214 1097 139
632 215 1097 479
638 216 1097 1647
639 217 1097 517
644 219 1097 340
644 218 1097 1590
647 220 1097 1146
649 221 1097 899
649 222 1097 295
649 223 1097 38
650 224 1097 594
652 225 1097 1095
656 226 1097 1449
658 227 1097 927
659 228 1097 837
661 229 1097 1131
662 230 1097 647
667 231 1097 1505
668 232 1097 688
670 233 1097 963
672 234 1097 898
674 235 1097 936
675 236 1097 772
684 237 1097 1801
687 238 1097 1264
689 239 1097 1107
690 240 1097 499
690 241 1097 68
692 242 1097 933
697 243 1097 1548
697 244 1097 225
705 245 1097 1786
707 246 1097 910
715 247 1097 1777
717 249 1097 382
717 248 1097 960
723 250 1097 1682
724 251 1097 580
724 252 1097 200
725 253 1097 731
727 254 1097 1110
727 255 1097 473
727 256 1097 370
745 257 1097 1917
747 258 1097 990
750 259 1097 1260
750 260 1097 249
756 261 1097 1685
756 262 1097 497
756 263 1097 252
759 264 1097 1234
759 265 1097 173
764 266 1097 1550
768 268 1097 123
768 267 1097 1420
770 269 1097 1128
776 270 1097 1631
784 271 1097 1770
787 272 1097 1177
787 273 1097 482
795 274 1097 1765
797 275 1097 1078
810 276 1097 1890
811 277 1097 672
818 278 1097 1738
819 279 1097 732
819 280 1097 184
824 281 1097 1597
837 282 1097 1891
837 283 1097 454
841 284 1097 1374
841 285 1097 67
844 286 1097 1305
856 287 1097 1881
864 288 1097 1777
864 289 1097 424
865 290 1097 565
866 291 1097 779
867 292 1097 811
867 293 1097 4
868 294 1097 857
869 295 1097 738
873 296 1097 1495
874 297 1097 680
874 298 1097 314
874 299 1097 52
874 300 1097 236
878 301 1097 1415
884 302 1097 1653
892 303 1097 1757
893 304 1097 675
903 305 1097 1836
906 306 1097 1327
