9 0 1899 1804
9 1 1899 125
10 2 1899 509
21 3 1899 1862
24 4 1899 1274
38 5 1899 1896
44 6 1899 1652
47 8 1899 141
47 7 1899 1224
57 9 1899 1849
60 10 1899 1327
65 11 1899 1547
65 12 1899 288
68 13 1899 1246
77 14 1899 1795
78 15 1899 557
80 16 1899 955
81 17 1899 699
85 18 1899 1390
89 19 1899 1423
90 20 1899 696
91 21 1899 606
94 22 1899 1279
96 23 1899 1004
104 24 1899 1768
106 25 1899 881
112 26 1899 1636
113 27 1899 615
117 28 1899 1397
120 29 1899 1189
123 30 1899 1322
127 31 1899 1414
133 32 1899 1662
135 33 1899 1110
142 34 1899 1725
143 35 1899 569
144 36 1899 722
146 38 1899 208
146 37 1899 1115
149 39 1899 1183
167 40 1899 1916
169 41 1899 1041
171 42 1899 995
174 43 1899 1156
194 44 1899 1920
195 45 1899 512
195 46 1899 129
197 47 1899 922
198 48 1899 611
199 49 1899 626
199 50 1899 153
202 51 1899 1324
203 52 1899 522
210 53 1899 1722
211 54 1899 617
214 55 1899 1198
215 56 1899 771
219 57 1899 1429
219 58 1899 94
219 59 1899 392
219 60 1899 260
221 61 1899 1036
229 62 1899 1751
231 63 1899 877
232 64 1899 526
242 65 1899 1837
251 66 1899 1810
253 67 1899 1102
257 68 1899 1445
260 69 1899 1226
268 70 1899 1760
276 71 1899 1765
276 72 1899 490
276 73 1899 206
280 74 1899 1431
285 75 1899 1580
290 76 1899 1535
290 77 1899 122
292 78 1899 1009
295 79 1899 1255
296 80 1899 752
297 81 1899 714
297 82 1899 4
298 83 1899 771
300 84 1899 1036
322 85 1899 1922
324 86 1899 891
335 87 1899 1864
335 88 1899 493
336 89 1899 526
343 90 1899 1722
346 91 1899 1218
348 92 1899 1021
355 93 1899 1741
357 94 1899 923
359 95 1899 879
362 96 1899 1214
362 97 1899 117
363 98 1899 629
363 99 1899 83
364 100 1899 627
366 101 1899 952
370 102 1899 1401
373 103 1899 1309
374 104 1899 791
374 105 1899 313
375 106 1899 834
375 107 1899 316
375 108 1899 291
377 109 1899 961
382 110 1899 1588
383 111 1899 648
383 112 1899 420
384 113 1899 763
389 114 1899 1565
393 115 1899 1470
395 116 1899 1032
397 117 1899 980
405 118 1899 1766
406 119 1899 529
408 120 1899 945
419 121 1899 1870
420 122 1899 608
422 123 1899 919
426 124 1899 1428
427 125 1899 542
428 126 1899 743
429 127 1899 673
432 128 1899 1208
433 129 1899 552
433 130 1899 366
437 131 1899 1417
441 132 1899 1417
443 133 1899 926
444 134 1899 628
451 135 1899 1724
454 136 1899 1237
455 137 1899 620
470 138 1899 1904
471 139 1899 723
473 140 1899 1088
474 141 1899 575
479 142 1899 1573
483 143 1899 1457
484 144 1899 863
486 145 1899 1074
487 146 1899 797
487 147 1899 257
487 148 1899 176
491 149 1899 1377
499 152 1899 276
499 153 1899 100
499 150 1899 1772
499 151 1899 233
501 154 1899 1062
502 155 1899 682
502 156 1899 344
502 157 1899 482
511 158 1899 1805
511 159 1899 249
515 161 1899 160
515 160 1899 1494
517 162 1899 1032
523 163 1899 1663
524 164 1899 594
524 165 1899 170
527 166 1899 1155
531 167 1899 1419
531 168 1899 135
539 171 1899 412
539 170 1899 233
539 169 1899 1765
541 172 1899 1001
543 173 1899 1043
547 174 1899 1365
547 175 1899 370
547 176 1899 296
549 178 1899 55
549 179 1899 354
549 177 1899 1075
555 180 1899 1669
555 181 1899 486
555 182 1899 496
563 183 1899 1756
564 184 1899 705
564 185 1899 133
566 186 1899 1141
569 187 1899 1317
577 188 1899 1788
588 189 1899 1870
592 190 1899 1379
593 191 1899 755
594 192 1899 739
600 193 1899 1655
603 194 1899 1153
605 195 1899 928
609 196 1899 1468
619 197 1899 1834
620 198 1899 863
621 199 1899 693
631 200 1899 1843
634 201 1899 1303
634 202 1899 121
634 203 1899 335
637 204 1899 1143
641 205 1899 1359
644 206 1899 1157
647 207 1899 1157
648 208 1899 660
649 209 1899 691
649 210 1899 385
652 211 1899 1193
652 212 1899 426
656 213 1899 1450
657 214 1899 504
659 215 1899 1008
664 216 1899 1588
667 217 1899 1200
669 219 1899 461
669 218 1899 958
671 220 1899 953
679 221 1899 1763
684 222 1899 1555
684 223 1899 189
684 224 1899 386
688 225 1899 1402
693 226 1899 1597
696 227 1899 1270
705 229 1899 437
705 228 1899 1814
706 230 1899 826
706 231 1899 386
706 232 1899 212
709 236 1899 364
709 235 1899 366
709 237 1899 161
709 233 1899 1287
709 234 1899 435
710 238 1899 612
713 239 1899 1270
715 240 1899 900
730 241 1899 1909
731 242 1899 657
733 243 1899 1096
737 245 1899 186
737 244 1899 1485
737 246 1899 329
740 247 1899 1214
743 248 1899 1150
743 249 1899 145
746 250 1899 1264
746 251 1899 268
748 252 1899 876
748 253 1899 401
754 254 1899 1664
754 255 1899 80
760 256 1899 1672
771 257 1899 1857
783 258 1899 1874
789 259 1899 1666
795 260 1899 1687
804 261 1899 1811
807 262 1899 1268
807 263 1899 222
815 264 1899 1790
840 265 1899 1924
842 266 1899 981
844 267 1899 1063
846 268 1899 1014
846 269 1899 138
847 270 1899 644
851 271 1899 1427
852 272 1899 587
858 273 1899 1613
862 274 1899 1485
864 275 1899 969
866 277 1899 458
866 276 1899 1106
867 278 1899 629
867 279 1899 199
869 280 1899 1073
869 281 1899 383
869 282 1899 120
875 283 1899 1668
877 284 1899 1097
878 285 1899 558
882 286 1899 1435
889 287 1899 1735
894 288 1899 1547
894 289 1899 355
895 290 1899 618
895 291 1899 431
895 292 1899 211
897 293 1899 871
902 294 1899 1508
904 295 1899 1014
905 296 1899 640
905 297 1899 434
908 298 1899 1231
912 299 1899 1486
914 300 1899 1129
917 301 1899 1190
917 302 1899 199
919 303 1899 1012
923 304 1899 1426
931 305 1899 1762
936 306 1899 1605
