3 0 796 1267
12 1 796 1813
17 2 796 1571
19 3 796 877
19 4 796 470
20 5 796 687
34 6 796 1898
38 7 796 1435
55 9 796 366
55 8 796 1916
64 10 796 1826
66 11 796 984
66 12 796 401
74 13 796 1781
89 14 796 1906
91 15 796 960
92 16 796 686
107 17 796 1909
117 18 796 1839
120 19 796 1202
120 20 796 75
125 21 796 1509
127 22 796 904
127 23 796 344
128 24 796 662
131 25 796 1303
134 26 796 1337
142 27 796 1767
142 28 796 187
143 29 796 686
145 30 796 959
149 31 796 1408
150 32 796 561
150 33 796 395
153 34 796 1303
162 36 796 322
162 37 796 435
162 35 796 1821
163 38 796 732
163 39 796 160
163 40 796 47
165 41 796 877
170 42 796 1590
172 43 796 1022
175 44 796 1209
175 45 796 38
178 46 796 1148
180 47 796 1035
184 48 796 1357
191 49 796 1745
195 50 796 1381
195 51 796 467
195 52 796 342
199 53 796 1476
202 54 796 1162
208 55 796 1683
210 56 796 908
213 57 796 1227
213 58 796 215
215 59 796 1092
218 60 796 1274
218 61 796 131
221 62 796 1248
224 63 796 1230
227 69 796 84
227 68 796 478
227 67 796 6
227 65 796 417
227 64 796 1331
227 66 796 423
228 70 796 637
228 71 796 251
231 72 796 1176
237 73 796 1678
240 74 796 1154
242 75 796 1122
252 76 796 1844
261 77 796 1806
263 78 796 1059
264 79 796 624
264 80 796 154
264 81 796 302
264 82 796 410
264 83 796 366
267 85 796 492
267 84 796 1229
269 86 796 1066
271 87 796 1009
274 88 796 1157
279 89 796 1544
281 90 796 912
283 91 796 1020
283 92 796 220
288 93 796 1565
289 94 796 810
299 95 796 1841
304 96 796 1553
304 97 796 360
310 98 796 1616
311 99 796 791
316 100 796 1539
318 101 796 1142
319 102 796 556
322 103 796 1272
324 104 796 1107
326 105 796 1130
329 106 796 1216
330 107 796 588
330 108 796 321
330 109 796 40
338 110 796 1764
340 111 796 1027
340 112 796 167
345 113 796 1516
347 114 796 937
349 115 796 972
355 116 796 1645
357 117 796 881
357 118 796 0
358 119 796 839
361 120 796 1276
364 121 796 1338
365 122 796 774
366 123 796 858
368 124 796 1097
373 125 796 1542
373 126 796 31
378 127 796 1536
379 128 796 867
382 129 796 1238
386 130 796 1493
390 132 796 190
390 133 796 268
390 131 796 1483
392 134 796 1009
394 135 796 937
400 136 796 1670
402 137 796 1063
405 138 796 1184
405 139 796 98
408 141 796 477
408 140 796 1201
409 142 796 688
411 143 796 1117
418 144 796 1705
427 145 796 1810
428 146 796 853
429 147 796 629
430 148 796 627
438 149 796 1763
438 150 796 195
439 151 796 672
439 152 796 359
440 153 796 776
444 154 796 1440
444 155 796 201
444 156 796 367
450 157 796 1622
450 158 796 174
454 159 796 1490
456 160 796 1098
461 161 796 1604
467 162 796 1646
469 163 796 1008
469 164 796 471
469 165 796 280
470 166 796 836
479 167 796 1824
480 168 796 506
480 169 796 0
483 170 796 1227
484 171 796 582
490 172 796 1622
499 173 796 1826
504 174 796 1562
505 175 796 798
506 176 796 650
511 177 796 1582
513 178 796 1078
516 179 796 1212
517 180 796 689
520 181 796 1327
522 182 796 908
524 183 796 1029
526 184 796 1042
527 185 796 821
529 186 796 1124
532 187 796 1339
533 188 796 753
534 189 796 808
535 191 796 47
535 190 796 569
537 192 796 888
543 193 796 1619
545 194 796 925
550 195 796 1521
551 196 796 756
556 197 796 1604
557 198 796 645
561 199 796 1425
563 200 796 974
565 201 796 954
565 202 796 122
566 203 796 627
567 204 796 536
572 205 796 1538
574 206 796 974
574 207 796 457
576 208 796 1139
577 209 796 641
581 210 796 1475
582 211 796 710
583 212 796 544
585 213 796 887
586 214 796 800
593 215 796 1696
594 216 796 696
595 217 796 616
608 218 796 1891
613 219 796 1574
615 220 796 1081
619 221 796 1422
621 222 796 1070
627 223 796 1623
631 224 796 1355
634 225 796 1179
640 227 796 3
640 226 796 1619
642 229 796 41
642 230 796 42
642 228 796 901
644 231 796 970
646 232 796 936
651 233 796 1577
651 234 796 237
657 235 796 1660
660 237 796 280
660 238 796 493
660 236 796 1204
664 239 796 1429
672 240 796 1771
673 241 796 666
673 242 796 199
673 243 796 111
676 244 796 1257
684 245 796 1783
688 246 796 1428
688 247 796 0
689 248 796 818
692 249 796 1153
693 250 796 825
693 251 796 139
699 252 796 1637
701 253 796 995
701 254 796 344
705 255 796 1477
714 257 796 423
714 256 796 1808
717 258 796 1197
720 259 796 1281
730 260 796 1843
732 261 796 971
736 262 796 1480
738 263 796 1098
739 264 796 598
740 265 796 505
747 266 796 1699
749 267 796 891
750 268 796 649
752 269 796 1065
752 270 796 491
752 271 796 415
752 272 796 123
752 273 796 462
759 274 796 1728
759 275 796 414
762 276 796 1222
764 278 796 366
764 277 796 959
769 279 796 1496
775 280 796 1675
781 281 796 1618
783 282 796 1109
789 283 796 1673
791 284 796 1140
800 285 796 1827
803 286 796 1257
814 287 796 1866
817 288 796 1233
818 289 796 685
826 290 796 1777
827 291 796 781
829 292 796 1008
831 293 796 1136
836 294 796 1510
837 295 796 800
839 296 796 1110
841 297 796 1026
845 298 796 1437
846 299 796 751
846 300 796 84
847 301 796 536
850 302 796 1275
856 303 796 1678
857 305 796 409
857 304 796 661
857 306 796 16
