0 0 1798 85
1 1 1798 577
5 2 1798 1391
15 3 1798 1839
15 4 1798 71
31 5 1798 1911
37 6 1798 1672
43 7 1798 1687
46 8 1798 1312
47 9 1798 822
47 10 1798 223
47 11 1798 234
55 12 1798 1793
65 13 1798 1835
67 14 1798 938
73 15 1798 1620
73 16 1798 195
76 17 1798 1279
77 18 1798 656
79 19 1798 958
79 20 1798 495
81 21 1798 1132
84 22 1798 1231
86 23 1798 1035
87 24 1798 534
94 25 1798 1730
94 26 1798 394
95 29 1798 475
95 27 1798 728
95 28 1798 488
96 30 1798 631
96 31 1798 82
100 32 1798 1451
100 33 1798 125
100 34 1798 453
101 35 1798 840
103 36 1798 1000
110 37 1798 1692
114 38 1798 1417
122 39 1798 1762
124 40 1798 969
134 41 1798 1831
135 42 1798 795
138 43 1798 1209
143 44 1798 1532
143 45 1798 439
147 47 1798 318
147 46 1798 1422
148 48 1798 539
150 49 1798 1112
151 50 1798 524
153 51 1798 1121
171 52 1798 1916
174 53 1798 1315
180 54 1798 1686
182 55 1798 878
185 57 1798 356
185 56 1798 1271
188 58 1798 1305
188 59 1798 265
193 60 1798 1517
195 61 1798 943
198 62 1798 1199
199 63 1798 837
199 64 1798 191
199 65 1798 141
200 66 1798 708
206 67 1798 1667
210 68 1798 1381
210 69 1798 97
211 70 1798 620
211 71 1798 428
219 72 1798 1787
220 73 1798 818
237 74 1798 1913
238 77 1798 21
238 75 1798 588
238 76 1798 337
242 78 1798 1427
242 79 1798 95
242 80 1798 307
242 81 1798 75
242 82 1798 189
245 83 1798 1301
257 84 1798 1875
261 88 1798 364
261 87 1798 135
261 85 1798 1434
261 86 1798 90
266 89 1798 1500
270 90 1798 1494
271 92 1798 387
271 91 1798 643
274 94 1798 245
274 95 1798 26
274 93 1798 1151
275 96 1798 632
287 97 1798 1883
289 98 1798 1018
293 99 1798 1391
299 100 1798 1655
305 101 1798 1680
306 104 1798 491
306 105 1798 96
306 103 1798 441
306 102 1798 862
309 106 1798 1259
311 107 1798 1098
314 108 1798 1327
316 109 1798 1097
317 110 1798 541
320 111 1798 1249
321 112 1798 853
324 113 1798 1209
336 114 1798 1882
340 115 1798 1441
341 116 1798 754
350 117 1798 1822
352 118 1798 886
353 119 1798 681
353 120 1798 50
354 121 1798 572
357 122 1798 1303
366 123 1798 1806
367 124 1798 528
381 125 1798 1901
381 126 1798 40
382 127 1798 635
383 128 1798 572
396 129 1798 1887
408 130 1798 1880
408 131 1798 378
410 134 1798 364
410 132 1798 928
410 133 1798 35
411 135 1798 552
413 136 1798 1138
419 137 1798 1672
420 138 1798 809
428 139 1798 1779
428 140 1798 175
430 141 1798 916
431 142 1798 733
434 143 1798 1191
436 144 1798 959
436 145 1798 245
443 146 1798 1714
445 147 1798 1102
448 148 1798 1193
449 149 1798 729
452 150 1798 1196
453 151 1798 735
455 153 1798 337
455 152 1798 996
458 154 1798 1340
460 155 1798 1083
460 156 1798 376
462 157 1798 980
472 158 1798 1837
473 159 1798 514
473 160 1798 56
474 161 1798 623
475 162 1798 525
479 163 1798 1364
481 164 1798 1142
481 165 1798 162
481 166 1798 321
482 167 1798 818
483 168 1798 845
486 169 1798 1330
486 170 1798 302
488 171 1798 1007
490 172 1798 1012
492 173 1798 1031
493 174 1798 505
495 175 1798 1058
503 176 1798 1763
503 177 1798 111
504 179 1798 283
504 180 1798 187
504 178 1798 847
505 181 1798 862
509 182 1798 1367
517 183 1798 1768
518 184 1798 690
521 185 1798 1145
524 186 1798 1306
525 187 1798 590
526 188 1798 620
529 191 1798 157
529 190 1798 175
529 189 1798 1205
537 192 1798 1759
537 193 1798 295
544 194 1798 1723
548 195 1798 1476
548 196 1798 391
551 197 1798 1293
551 198 1798 49
552 199 1798 796
562 200 1798 1848
564 201 1798 896
564 202 1798 257
572 203 1798 1788
572 204 1798 426
572 205 1798 189
578 206 1798 1647
591 207 1798 1890
599 209 1798 281
599 208 1798 1756
602 210 1798 1244
602 211 1798 264
602 212 1798 133
607 213 1798 1554
607 214 1798 327
609 215 1798 1118
612 216 1798 1181
613 217 1798 681
614 218 1798 673
635 219 1798 1921
636 220 1798 780
642 221 1798 1655
642 222 1798 197
647 223 1798 1565
650 224 1798 1154
650 225 1798 144
653 226 1798 1172
654 227 1798 717
657 228 1798 1233
659 229 1798 954
660 230 1798 667
660 231 1798 470
660 232 1798 62
660 233 1798 50
660 234 1798 359
663 235 1798 1215
664 236 1798 605
669 237 1798 1504
672 238 1798 1342
673 239 1798 501
677 240 1798 1422
680 241 1798 1341
681 242 1798 759
681 243 1798 338
693 244 1798 1885
703 246 1798 24
703 247 1798 205
703 245 1798 1836
716 248 1798 1892
717 249 1798 604
717 250 1798 295
723 251 1798 1634
724 255 1798 193
724 252 1798 619
724 253 1798 52
724 254 1798 16
725 256 1798 698
726 257 1798 616
727 258 1798 633
727 259 1798 281
729 260 1798 941
731 261 1798 930
732 262 1798 656
733 263 1798 802
738 264 1798 1539
739 266 1798 202
739 267 1798 82
739 265 1798 774
742 268 1798 1195
744 269 1798 1036
745 270 1798 513
750 271 1798 1601
753 272 1798 1264
753 273 1798 172
754 274 1798 499
758 275 1798 1363
760 276 1798 895
768 277 1798 1784
773 278 1798 1604
776 279 1798 1243
776 280 1798 120
778 281 1798 967
779 282 1798 749
780 283 1798 628
781 284 1798 658
783 285 1798 957
791 286 1798 1775
791 287 1798 9
791 288 1798 34
791 289 1798 165
792 290 1798 517
809 291 1798 1913
811 292 1798 870
813 293 1798 1060
817 295 1798 491
817 294 1798 1485
818 296 1798 685
830 297 1798 1882
831 298 1798 724
833 299 1798 1110
839 300 1798 1633
850 301 1798 1866
852 302 1798 935
853 303 1798 855
853 304 1798 91
854 305 1798 618
854 306 1798 369
