0 0 1016 282
1 1 1016 683
1 2 1016 213
3 3 1016 1030
4 4 1016 513
7 5 1016 1258
8 6 1016 508
10 8 1016 180
10 7 1016 1126
16 9 1016 1668
18 10 1016 882
18 11 1016 99
25 12 1016 1742
25 13 1016 85
26 14 1016 691
28 15 1016 915
29 16 1016 748
29 17 1016 59
31 18 1016 993
33 19 1016 870
33 20 1016 257
36 21 1016 1331
36 22 1016 44
39 23 1016 1278
40 24 1016 705
40 25 1016 63
42 26 1016 1074
44 27 1016 1020
48 28 1016 1389
53 29 1016 1557
56 30 1016 1233
57 31 1016 715
58 32 1016 790
60 33 1016 1121
73 34 1016 1886
74 35 1016 522
78 36 1016 1395
79 37 1016 813
80 38 1016 746
80 39 1016 239
81 40 1016 671
87 41 1016 1616
90 42 1016 1174
90 43 1016 204
91 44 1016 711
94 46 1016 228
94 45 1016 1306
97 47 1016 1241
98 48 1016 744
98 49 1016 453
100 50 1016 1127
101 51 1016 784
106 54 1016 490
106 52 1016 1534
106 53 1016 455
108 55 1016 876
109 56 1016 638
110 57 1016 859
110 58 1016 325
110 59 1016 450
110 60 1016 183
114 61 1016 1413
120 62 1016 1662
121 64 1016 434
121 65 1016 166
121 63 1016 548
124 66 1016 1233
125 67 1016 621
125 68 1016 124
125 69 1016 169
129 70 1016 1445
140 71 1016 1859
143 72 1016 1238
144 73 1016 754
144 74 1016 199
145 76 1016 156
145 75 1016 566
153 77 1016 1765
154 78 1016 567
157 79 1016 1323
165 80 1016 1760
173 81 1016 1757
173 82 1016 276
175 84 1016 430
175 85 1016 448
175 83 1016 935
177 86 1016 1106
177 87 1016 335
178 88 1016 630
180 89 1016 1010
189 90 1016 1808
190 93 1016 295
190 91 1016 535
190 92 1016 488
190 94 1016 55
193 95 1016 1183
205 96 1016 1878
206 97 1016 626
213 98 1016 1694
214 99 1016 545
214 100 1016 72
219 101 1016 1531
221 102 1016 1117
222 103 1016 574
224 104 1016 933
227 105 1016 1192
231 106 1016 1471
232 107 1016 779
232 108 1016 256
242 109 1016 1849
243 110 1016 719
244 111 1016 798
244 112 1016 292
246 113 1016 927
247 115 1016 350
247 114 1016 615
249 116 1016 1136
250 117 1016 726
250 118 1016 118
266 119 1016 1911
268 120 1016 984
270 121 1016 898
287 122 1016 1915
289 123 1016 1038
289 124 1016 286
291 125 1016 909
295 126 1016 1371
297 127 1016 942
298 128 1016 698
300 129 1016 941
301 130 1016 612
305 132 1016 70
305 133 1016 21
305 131 1016 1455
308 134 1016 1250
308 135 1016 228
309 136 1016 640
315 137 1016 1627
315 138 1016 2
318 139 1016 1162
320 141 1016 326
320 140 1016 902
320 142 1016 78
321 143 1016 706
321 144 1016 290
323 145 1016 1009
323 146 1016 243
327 147 1016 1486
332 148 1016 1605
338 149 1016 1630
338 150 1016 46
341 151 1016 1152
342 152 1016 507
349 153 1016 1708
353 154 1016 1485
355 155 1016 1099
360 156 1016 1540
360 157 1016 78
360 158 1016 287
360 159 1016 24
367 160 1016 1746
368 162 1016 81
368 161 1016 528
371 163 1016 1240
374 164 1016 1237
377 165 1016 1189
378 166 1016 728
378 167 1016 271
383 168 1016 1601
383 169 1016 386
389 170 1016 1635
393 171 1016 1434
394 172 1016 723
396 173 1016 881
398 174 1016 1009
399 175 1016 657
400 176 1016 819
403 177 1016 1209
404 178 1016 747
407 179 1016 1201
408 180 1016 666
417 181 1016 1810
420 182 1016 1261
422 183 1016 992
424 184 1016 894
428 185 1016 1384
430 186 1016 947
430 187 1016 286
430 188 1016 460
430 189 1016 150
431 190 1016 613
432 191 1016 561
435 192 1016 1339
449 193 1016 1903
452 194 1016 1340
452 195 1016 373
452 196 1016 245
453 197 1016 763
457 198 1016 1394
459 200 1016 281
459 199 1016 1026
473 201 1016 1896
482 202 1016 1809
485 203 1016 1219
504 204 1016 1920
505 205 1016 536
505 206 1016 429
510 207 1016 1551
511 208 1016 699
512 211 1016 330
512 210 1016 280
512 209 1016 828
515 212 1016 1256
517 213 1016 1011
520 214 1016 1282
531 215 1016 1861
534 216 1016 1191
536 217 1016 1013
536 218 1016 345
544 221 1016 441
544 220 1016 241
544 219 1016 1777
551 222 1016 1735
555 223 1016 1450
562 224 1016 1697
564 225 1016 1074
564 226 1016 95
565 227 1016 745
569 228 1016 1465
570 231 1016 55
570 230 1016 412
570 229 1016 635
577 232 1016 1740
583 233 1016 1646
585 234 1016 919
586 235 1016 694
586 236 1016 0
586 237 1016 42
588 239 1016 358
588 238 1016 997
590 240 1016 955
593 241 1016 1321
598 242 1016 1511
603 243 1016 1557
611 244 1016 1795
611 245 1016 282
614 246 1016 1230
614 247 1016 328
615 248 1016 620
619 249 1016 1404
621 250 1016 1106
624 251 1016 1156
624 252 1016 418
629 253 1016 1541
630 254 1016 785
638 256 1016 161
638 257 1016 359
638 255 1016 1765
642 258 1016 1446
643 259 1016 845
643 260 1016 440
649 265 1016 225
649 261 1016 1609
649 262 1016 86
649 263 1016 63
649 264 1016 415
650 266 1016 515
655 268 1016 91
655 267 1016 1534
656 269 1016 588
667 270 1016 1860
670 271 1016 1149
670 272 1016 16
686 273 1016 1911
687 274 1016 822
688 275 1016 845
689 277 1016 178
689 276 1016 854
694 278 1016 1580
698 279 1016 1415
706 280 1016 1769
713 281 1016 1692
713 282 1016 124
713 283 1016 60
717 284 1016 1454
720 285 1016 1181
725 287 1016 199
725 286 1016 1561
726 288 1016 860
728 289 1016 1079
729 290 1016 533
734 291 1016 1565
735 292 1016 520
735 293 1016 152
745 294 1016 1842
748 295 1016 1271
751 296 1016 1235
755 297 1016 1448
757 298 1016 1142
762 299 1016 1569
769 300 1016 1692
775 301 1016 1620
775 302 1016 236
775 303 1016 32
779 304 1016 1468
791 305 1016 1881
793 306 1016 1140
