1 0 1468 644
7 1 1468 1644
7 2 1468 367
7 3 1468 340
9 4 1468 882
19 5 1468 1839
20 6 1468 762
21 7 1468 845
27 9 1468 116
27 8 1468 1610
28 10 1468 638
28 11 1468 444
30 12 1468 950
32 13 1468 1035
32 14 1468 375
40 15 1468 1776
42 16 1468 942
42 17 1468 52
49 18 1468 1690
52 19 1468 1156
53 20 1468 820
61 21 1468 1754
65 22 1468 1352
66 23 1468 650
70 24 1468 1346
73 26 1468 352
73 27 1468 455
73 25 1468 1258
75 28 1468 1093
75 29 1468 313
76 30 1468 636
77 31 1468 581
83 32 1468 1609
83 33 1468 472
86 34 1468 1299
91 35 1468 1537
93 38 1468 406
93 37 1468 367
93 36 1468 1094
97 39 1468 1486
98 40 1468 712
98 41 1468 209
101 42 1468 1286
101 43 1468 222
105 44 1468 1348
106 45 1468 812
107 46 1468 795
108 47 1468 559
115 48 1468 1722
116 49 1468 820
116 50 1468 452
116 51 1468 10
117 52 1468 632
117 53 1468 75
120 54 1468 1151
121 56 1468 291
121 55 1468 815
127 57 1468 1642
129 58 1468 918
134 59 1468 1549
138 60 1468 1486
138 61 1468 306
144 62 1468 1677
147 63 1468 1297
151 65 1468 57
151 64 1468 1405
152 66 1468 760
152 67 1468 478
158 68 1468 1660
159 69 1468 762
160 70 1468 682
161 71 1468 574
166 73 1468 203
166 72 1468 1570
166 74 1468 444
167 76 1468 467
167 75 1468 610
169 77 1468 1129
172 78 1468 1227
173 79 1468 534
173 80 1468 462
180 81 1468 1718
181 82 1468 658
181 83 1468 272
189 84 1468 1785
190 85 1468 625
202 86 1468 1873
207 87 1468 1534
210 88 1468 1245
210 89 1468 483
213 90 1468 1245
217 91 1468 1377
221 92 1468 1374
222 93 1468 782
256 96 1468 457
256 94 1468 1924
256 95 1468 405
273 97 1468 1914
274 98 1468 742
277 99 1468 1290
277 100 1468 52
277 101 1468 317
278 102 1468 823
280 104 1468 138
280 103 1468 959
289 105 1468 1802
289 106 1468 365
289 107 1468 429
294 108 1468 1555
295 109 1468 540
295 110 1468 347
297 112 1468 414
297 111 1468 1086
297 113 1468 384
299 114 1468 1086
306 115 1468 1693
311 116 1468 1573
315 117 1468 1404
319 118 1468 1436
320 119 1468 779
320 120 1468 109
323 121 1468 1151
326 122 1468 1157
329 123 1468 1177
333 124 1468 1441
336 125 1468 1230
338 126 1468 1125
339 131 1468 478
339 130 1468 153
339 132 1468 387
339 128 1468 203
339 127 1468 788
339 129 1468 38
350 133 1468 1862
350 134 1468 481
350 135 1468 145
352 136 1468 895
358 137 1468 1623
358 138 1468 133
373 140 1468 260
373 139 1468 1908
377 141 1468 1444
391 142 1468 1903
392 143 1468 704
392 144 1468 136
392 145 1468 159
394 146 1468 962
396 147 1468 990
402 149 1468 231
402 148 1468 1620
403 150 1468 757
405 151 1468 977
405 152 1468 477
418 153 1468 1888
421 154 1468 1180
422 155 1468 826
424 156 1468 1085
429 157 1468 1571
433 158 1468 1442
434 159 1468 833
435 160 1468 677
440 162 1468 225
440 161 1468 1502
445 163 1468 1517
445 164 1468 387
453 165 1468 1794
454 166 1468 699
454 167 1468 477
463 168 1468 1827
465 169 1468 941
466 170 1468 798
478 171 1468 1874
481 172 1468 1270
485 173 1468 1453
486 174 1468 518
487 175 1468 589
490 176 1468 1173
490 177 1468 452
492 178 1468 1040
495 179 1468 1282
495 180 1468 267
495 181 1468 134
497 182 1468 1092
511 183 1468 1896
514 184 1468 1206
516 185 1468 1100
516 186 1468 0
516 187 1468 424
517 188 1468 681
522 189 1468 1580
524 190 1468 985
527 192 1468 180
527 191 1468 1248
530 193 1468 1225
533 194 1468 1230
534 195 1468 683
537 196 1468 1218
537 197 1468 385
537 198 1468 316
537 199 1468 266
541 201 1468 484
541 200 1468 1384
543 202 1468 1088
544 203 1468 678
548 204 1468 1358
549 205 1468 807
555 206 1468 1632
557 207 1468 949
561 208 1468 1369
562 209 1468 590
567 210 1468 1578
568 211 1468 632
569 212 1468 530
569 213 1468 159
570 214 1468 565
571 215 1468 542
571 216 1468 409
571 217 1468 254
571 218 1468 311
574 219 1468 1212
582 221 1468 275
582 220 1468 1793
589 222 1468 1721
589 223 1468 246
601 224 1468 1881
605 225 1468 1474
612 226 1468 1693
612 227 1468 45
612 228 1468 222
620 229 1468 1759
623 230 1468 1296
624 231 1468 787
624 232 1468 135
625 233 1468 774
634 234 1468 1822
641 235 1468 1708
643 236 1468 971
643 237 1468 414
644 239 1468 398
644 238 1468 538
648 240 1468 1393
650 241 1468 976
652 242 1468 979
652 243 1468 90
652 244 1468 2
652 245 1468 352
653 246 1468 718
653 247 1468 20
654 248 1468 660
655 249 1468 688
655 250 1468 274
657 251 1468 964
657 252 1468 74
659 253 1468 1029
659 254 1468 397
661 255 1468 1109
662 256 1468 688
663 257 1468 841
664 258 1468 722
673 259 1468 1808
675 260 1468 1038
680 261 1468 1586
681 262 1468 726
686 263 1468 1535
689 264 1468 1219
690 265 1468 790
690 266 1468 496
696 268 1468 262
696 267 1468 1681
697 269 1468 781
702 270 1468 1495
721 271 1468 1919
727 272 1468 1640
737 273 1468 1837
744 274 1468 1744
745 275 1468 817
748 276 1468 1221
754 278 1468 244
754 277 1468 1630
759 279 1468 1528
760 280 1468 756
766 281 1468 1673
769 282 1468 1309
773 283 1468 1459
777 284 1468 1485
777 285 1468 332
778 286 1468 712
780 288 1468 376
780 287 1468 1031
781 289 1468 713
783 290 1468 1020
783 291 1468 130
789 292 1468 1617
790 293 1468 654
793 294 1468 1284
800 295 1468 1731
800 296 1468 250
804 297 1468 1369
805 298 1468 796
807 299 1468 1136
815 300 1468 1781
817 301 1468 962
823 302 1468 1683
832 303 1468 1803
834 305 1468 279
834 304 1468 1117
837 306 1468 1248
