0 0 22 90
0 1124 22 42
0 1123 22 1194
0 746 22 13
0 745 22 1148
0 382 22 1689
0 383 22 97
1 747 22 746
4 2 22 465
4 1125 22 1367
4 1 22 1380
6 1126 22 1084
6 3 22 1007
9 4 22 1340
9 386 22 275
9 385 22 184
9 384 22 1798
10 1127 22 1491
10 7 22 82
10 6 22 23
10 5 22 836
12 8 22 1113
15 9 22 1226
16 1128 22 1667
17 1129 22 728
18 1130 22 543
18 387 22 1812
19 1131 22 556
21 388 22 1341
22 1132 22 1340
23 1133 22 796
24 389 22 1262
24 748 22 1923
25 1134 22 959
30 390 22 1638
30 391 22 118
31 751 22 368
31 754 22 72
31 753 22 457
31 752 22 418
31 750 22 285
31 749 22 1730
31 392 22 529
33 755 22 1087
33 1135 22 1777
34 756 22 723
34 10 22 1919
35 1136 22 974
36 757 22 1094
36 393 22 1583
36 394 22 323
38 758 22 881
38 11 22 1456
40 1137 22 1511
42 1139 22 482
42 1138 22 897
43 395 22 1730
44 12 22 1627
45 13 22 717
47 396 22 1482
48 759 22 1839
48 14 22 1287
52 397 22 1576
52 1140 22 1836
54 15 22 1610
54 1141 22 965
54 760 22 1640
55 1142 22 533
55 399 22 261
55 398 22 1157
57 400 22 962
58 16 22 1374
59 401 22 1045
60 1143 22 1536
61 1144 22 781
62 402 22 1313
62 403 22 361
64 761 22 1852
67 404 22 1507
68 406 22 181
68 405 22 672
68 17 22 1835
69 763 22 219
69 18 22 721
69 762 22 1503
70 407 22 1042
71 20 22 124
71 764 22 933
71 19 22 1055
71 765 22 161
72 408 22 922
73 409 22 654
73 766 22 1008
75 767 22 875
75 768 22 456
76 21 22 1547
76 410 22 1304
76 1145 22 1905
79 22 22 1170
81 1146 22 1497
81 770 22 100
81 769 22 1670
82 1147 22 821
82 771 22 525
83 772 22 656
84 411 22 1768
84 23 22 1549
85 413 22 156
85 412 22 695
86 1148 22 1395
88 24 22 1370
88 414 22 1144
88 415 22 380
89 1149 22 1159
89 1150 22 43
92 416 22 1443
92 773 22 1799
96 26 22 444
96 25 22 1752
97 417 22 1523
98 1151 22 1827
102 1152 22 1379
103 1154 22 447
103 1153 22 614
104 418 22 1733
105 774 22 1891
105 1155 22 1013
106 1156 22 709
108 775 22 1275
108 27 22 1872
110 776 22 876
110 419 22 1680
111 1158 22 318
111 1157 22 1554
111 1160 22 275
111 1159 22 159
111 1161 22 222
113 1162 22 966
114 420 22 1446
115 424 22 494
115 423 22 108
115 422 22 263
115 421 22 620
116 28 22 1752
117 1163 22 1384
120 425 22 1515
121 29 22 1525
122 426 22 1044
123 778 22 55
123 777 22 1888
123 1164 22 1677
124 779 22 818
124 1165 22 560
125 30 22 1452
126 31 22 577
128 33 22 400
128 32 22 1080
132 1167 22 14
132 1166 22 1763
132 34 22 1482
132 780 22 1759
134 427 22 1885
135 428 22 777
136 781 22 1426
137 429 22 1056
138 1168 22 1628
141 782 22 1507
141 784 22 186
141 783 22 231
141 35 22 1821
142 36 22 801
142 430 22 1547
143 785 22 875
143 786 22 40
143 1169 22 1536
144 37 22 926
144 38 22 472
144 431 22 1024
145 432 22 629
147 1171 22 108
147 1170 22 1470
149 433 22 1444
149 39 22 1496
150 434 22 746
150 1172 22 1285
152 1173 22 876
152 435 22 1090
152 1174 22 270
152 40 22 1188
154 1175 22 1071
155 1176 22 541
156 41 22 1485
157 42 22 755
157 436 22 1520
159 43 22 1111
160 437 22 1327
161 1177 22 1619
161 1178 22 412
161 1179 22 62
161 438 22 514
161 44 22 1126
162 45 22 525
163 439 22 1126
163 440 22 3
164 787 22 1922
165 46 22 1345
166 788 22 1135
166 441 22 1157
168 442 22 889
168 789 22 1069
169 1181 22 263
169 443 22 686
169 790 22 623
169 791 22 228
169 1180 22 1794
169 1182 22 95
170 47 22 1537
170 1183 22 508
171 1184 22 684
171 792 22 935
172 1185 22 641
174 1186 22 1101
175 1187 22 725
175 1188 22 348
179 48 22 1817
181 444 22 1883
183 793 22 1881
185 794 22 936
186 1189 22 1871
186 49 22 1712
187 50 22 664
188 1190 22 1068
189 795 22 1494
190 445 22 1795
190 796 22 661
190 797 22 157
191 1191 22 1344
194 51 22 1707
194 1192 22 1193
194 52 22 136
194 446 22 1348
194 447 22 373
194 448 22 439
195 1194 22 207
195 798 22 1592
195 1193 22 738
195 800 22 140
195 799 22 11
197 801 22 1062
197 802 22 289
197 803 22 252
201 1195 22 1613
203 804 22 1630
204 53 22 1850
205 449 22 1868
205 450 22 287
206 56 22 210
206 54 22 1083
206 55 22 467
207 57 22 840
209 805 22 1685
212 58 22 1561
215 806 22 1637
216 807 22 544
216 808 22 491
217 61 22 75
217 809 22 721
217 451 22 1884
217 59 22 1513
217 60 22 391
217 810 22 211
217 62 22 255
218 811 22 759
220 812 22 1038
220 815 22 213
220 813 22 62
220 816 22 345
220 814 22 79
222 63 22 1512
223 820 22 121
223 817 22 1272
223 818 22 32
223 819 22 58
224 1196 22 1923
225 452 22 1767
225 821 22 1011
226 1197 22 1074
229 64 22 1699
229 453 22 1402
230 454 22 739
230 455 22 342
231 456 22 782
231 822 22 1664
232 65 22 1341
232 66 22 375
234 1198 22 1784
234 1199 22 220
234 1200 22 141
234 457 22 1204
234 823 22 1312
235 67 22 1226
236 824 22 1047
238 68 22 1160
238 1201 22 1483
240 1202 22 1117
242 458 22 1792
242 69 22 1390
243 70 22 809
243 71 22 448
245 825 22 1796
247 72 22 1363
248 1203 22 1783
250 73 22 1150
250 826 22 1515
251 827 22 700
252 828 22 863
252 829 22 397
253 830 22 614
254 1204 22 1613
254 831 22 718
254 832 22 295
254 833 22 43
255 834 22 678
256 835 22 696
258 836 22 1137
258 74 22 1791
259 75 22 563
260 77 22 58
260 78 22 422
260 459 22 1917
260 76 22 792
261 80 22 406
261 79 22 845
261 837 22 1254
262 82 22 55
262 83 22 40
262 838 22 525
262 839 22 426
262 81 22 832
263 84 22 861
265 1205 22 1859
265 460 22 1552
265 840 22 1163
265 462 22 265
265 461 22 221
266 1206 22 541
267 1207 22 503
267 1208 22 344
269 85 22 1669
269 841 22 1421
269 86 22 440
270 1209 22 1301
270 1210 22 472
272 87 22 1155
272 1211 22 1014
273 463 22 1791
273 842 22 1430
273 843 22 414
274 1213 22 256
274 1216 22 126
274 1215 22 12
274 1214 22 290
274 1212 22 1141
274 844 22 858
274 1217 22 458
275 88 22 1242
275 464 22 1032
275 1218 22 699
275 465 22 280
277 89 22 1014
277 466 22 1138
277 1219 22 1035
280 467 22 1176
281 1220 22 1384
282 845 22 1788
283 90 22 1611
283 1221 22 1037
283 468 22 1335
283 469 22 53
284 846 22 1114
284 470 22 784
284 471 22 115
286 472 22 1008
286 847 22 872
287 473 22 606
288 1222 22 1590
293 474 22 1677
293 475 22 289
294 1223 22 1682
294 1224 22 468
294 1225 22 125
295 1226 22 840
295 848 22 1801
295 91 22 1885
296 849 22 723
296 1227 22 547
298 92 22 1290
299 850 22 1148
299 476 22 1655
300 93 22 883
302 852 22 124
302 94 22 1104
302 851 22 1313
304 477 22 1501
304 478 22 150
304 95 22 1113
305 479 22 623
305 480 22 167
306 481 22 671
307 96 22 1230
307 853 22 1534
310 482 22 1445
310 97 22 1167
311 483 22 833
312 484 22 769
313 98 22 1336
316 854 22 1815
317 485 22 1588
318 855 22 1053
320 100 22 149
320 102 22 377
320 486 22 1181
320 99 22 1709
320 103 22 427
320 101 22 118
321 856 22 1323
322 105 22 215
322 106 22 344
322 104 22 903
323 487 22 1152
323 857 22 901
324 107 22 910
324 108 22 58
324 489 22 404
324 488 22 704
324 490 22 308
324 491 22 315
325 858 22 1130
325 109 22 519
328 492 22 1459
329 493 22 522
330 112 22 417
330 111 22 151
330 110 22 1600
331 113 22 716
333 859 22 1759
333 860 22 170
333 114 22 1106
334 494 22 1499
335 861 22 936
337 115 22 1484
337 116 22 20
337 117 22 215
338 118 22 651
338 119 22 30
340 863 22 94
340 120 22 901
340 862 22 1605
340 864 22 107
341 495 22 1706
343 121 22 1145
343 496 22 891
344 866 22 463
344 865 22 1417
345 497 22 1023
346 867 22 995
349 868 22 1309
350 498 22 1578
352 869 22 1307
354 870 22 1001
355 499 22 1603
356 871 22 1016
356 501 22 171
356 500 22 657
357 872 22 747
358 503 22 385
358 502 22 962
359 122 22 1909
359 123 22 145
360 504 22 1083
360 505 22 171
362 506 22 875
362 873 22 1531
363 874 22 819
364 875 22 624
365 507 22 1160
366 124 22 1704
367 125 22 848
369 876 22 1505
369 126 22 1082
369 127 22 479
369 128 22 45
370 129 22 678
371 508 22 1650
371 509 22 449
372 878 22 454
372 510 22 611
372 877 22 1250
373 130 22 1258
375 879 22 1184
375 511 22 1205
376 880 22 681
377 881 22 642
377 512 22 1054
378 882 22 823
378 883 22 139
378 131 22 1549
379 132 22 647
380 513 22 1169
380 133 22 638
381 884 22 1173
381 136 22 455
381 135 22 288
381 134 22 695
384 885 22 1225
385 886 22 593
386 888 22 153
386 887 22 686
386 137 22 1553
387 514 22 1749
388 138 22 1061
389 515 22 880
389 139 22 645
390 516 22 700
391 889 22 1550
392 140 22 1325
394 890 22 1298
394 892 22 123
394 891 22 235
394 517 22 1356
395 894 22 255
395 893 22 691
395 895 22 227
396 141 22 1455
396 518 22 1022
398 142 22 1096
399 143 22 722
400 519 22 1369
402 520 22 1023
402 896 22 1740
402 144 22 1339
405 898 22 307
405 897 22 1336
406 145 22 1459
409 899 22 1365
410 146 22 1468
411 147 22 574
412 901 22 119
412 900 22 1324
416 902 22 1488
416 903 22 494
418 521 22 1911
418 522 22 471
418 148 22 1702
420 523 22 931
422 904 22 1646
422 905 22 131
423 149 22 1545
423 906 22 566
424 907 22 518
425 908 22 714
425 150 22 1093
426 525 22 468
426 524 22 1670
427 151 22 1015
427 527 22 485
427 526 22 581
428 152 22 516
428 909 22 1191
429 528 22 1032
431 153 22 1306
432 910 22 1472
432 154 22 808
432 912 22 447
432 911 22 72
434 156 22 133
434 155 22 928
434 157 22 231
435 159 22 55
435 158 22 647
437 160 22 1058
442 529 22 1895
443 913 22 1871
445 914 22 1078
445 161 22 1789
445 530 22 1323
446 162 22 865
446 531 22 632
449 915 22 1452
449 916 22 112
449 163 22 1305
452 165 22 51
452 164 22 1186
453 917 22 1466
454 918 22 845
455 919 22 806
456 533 22 472
456 532 22 1848
456 920 22 823
456 166 22 1429
463 167 22 1704
463 168 22 21
463 921 22 1702
464 169 22 818
464 922 22 841
466 170 22 1028
466 171 22 392
468 173 22 6
468 172 22 1078
469 534 22 1891
469 174 22 629
470 923 22 1684
470 924 22 8
471 925 22 766
473 176 22 49
473 926 22 892
473 175 22 1370
473 927 22 55
476 928 22 1275
476 177 22 1187
477 929 22 592
477 178 22 731
477 179 22 244
478 930 22 808
478 931 22 169
480 180 22 1305
480 932 22 943
481 181 22 508
482 182 22 702
482 183 22 424
482 933 22 1013
487 185 22 242
487 184 22 1510
489 535 22 1920
489 186 22 1033
490 934 22 1784
491 935 22 561
492 187 22 1265
493 937 22 329
493 936 22 1079
493 938 22 418
495 536 22 1633
495 939 22 1041
496 940 22 658
496 941 22 75
497 537 22 1060
500 188 22 1754
503 538 22 1675
504 539 22 598
505 541 22 20
505 540 22 712
507 190 22 154
507 191 22 223
507 189 22 1691
509 192 22 905
509 542 22 1426
509 543 22 255
510 942 22 1896
511 193 22 1005
512 943 22 886
512 944 22 77
515 945 22 1226
516 194 22 1511
516 544 22 1718
518 545 22 1027
520 195 22 1460
521 547 22 290
521 546 22 1186
521 196 22 589
522 548 22 697
522 947 22 177
522 946 22 1712
523 549 22 618
525 550 22 1005
527 948 22 1537
528 950 22 114
528 949 22 728
528 952 22 490
528 951 22 274
528 197 22 1715
529 553 22 209
529 552 22 0
529 551 22 1459
530 554 22 580
531 555 22 670
532 198 22 1460
532 953 22 1425
533 954 22 542
535 200 22 29
535 199 22 1287
537 556 22 1624
537 557 22 31
538 558 22 640
538 955 22 1547
539 559 22 614
541 201 22 1688
541 956 22 1203
542 202 22 553
544 203 22 883
544 562 22 128
544 561 22 390
544 560 22 1515
545 204 22 516
546 205 22 700
548 958 22 485
548 957 22 1728
550 563 22 1679
550 959 22 880
552 564 22 1050
553 960 22 1164
554 961 22 510
557 962 22 1167
557 963 22 121
557 964 22 382
557 206 22 1861
558 207 22 509
559 208 22 676
560 965 22 1303
562 966 22 1053
563 209 22 1362
565 210 22 879
566 565 22 1903
566 967 22 1359
566 968 22 86
567 211 22 871
567 970 22 372
567 969 22 516
569 566 22 1282
570 567 22 582
571 213 22 402
571 212 22 1425
572 214 22 675
573 215 22 549
573 568 22 1203
574 971 22 1707
575 217 22 440
575 216 22 1086
576 972 22 1047
581 569 22 1754
582 218 22 1720
583 974 22 147
583 973 22 1729
584 975 22 747
584 570 22 1171
584 219 22 944
586 221 22 164
586 220 22 942
589 571 22 1565
591 976 22 1730
594 573 22 424
594 572 22 1606
595 574 22 657
597 575 22 1002
597 576 22 484
597 577 22 216
598 223 22 254
598 222 22 1874
599 224 22 663
599 578 22 1138
600 225 22 805
600 579 22 642
603 581 22 290
603 580 22 1207
603 977 22 1880
604 228 22 419
604 227 22 73
604 226 22 1412
606 229 22 1094
607 231 22 258
607 230 22 780
609 978 22 1607
610 582 22 1713
610 583 22 414
610 979 22 707
612 980 22 978
612 584 22 889
613 981 22 714
613 982 22 443
613 232 22 1652
614 984 22 478
614 983 22 547
615 985 22 533
617 234 22 214
617 233 22 1368
620 986 22 1604
620 585 22 1789
621 586 22 632
622 235 22 1541
624 989 22 236
624 988 22 471
624 987 22 1443
627 990 22 1283
627 587 22 1639
630 991 22 1275
634 236 22 1880
636 588 22 1816
638 992 22 1769
639 589 22 1220
639 590 22 295
641 237 22 1744
642 993 22 1463
644 592 22 420
644 591 22 1602
646 593 22 1061
648 594 22 1008
648 595 22 322
651 994 22 1802
651 995 22 148
651 238 22 1833
652 239 22 809
652 240 22 305
652 996 22 833
653 241 22 523
654 242 22 588
654 243 22 391
655 244 22 812
657 596 22 1817
658 245 22 1207
659 246 22 722
660 247 22 502
660 248 22 330
660 997 22 1774
661 998 22 503
662 250 22 374
662 249 22 962
662 999 22 698
662 1000 22 172
662 1001 22 353
662 1002 22 90
662 251 22 149
663 597 22 1671
664 1003 22 1020
664 1004 22 355
664 1005 22 331
665 598 22 1129
667 1006 22 1152
668 1007 22 685
671 1008 22 1277
672 599 22 1739
678 600 22 1670
678 1009 22 1719
679 601 22 604
681 602 22 1012
682 252 22 1920
682 603 22 868
683 253 22 516
683 254 22 344
685 1010 22 1741
686 604 22 1371
688 1011 22 1247
688 1012 22 121
690 605 22 1365
691 255 22 1790
695 1013 22 1702
698 606 22 1778
698 258 22 220
698 257 22 298
698 256 22 1738
703 607 22 1501
704 1014 22 1826
704 1015 22 449
704 1016 22 67
704 259 22 1635
705 1017 22 619
707 608 22 1476
707 260 22 1213
710 1018 22 1568
712 610 22 185
712 609 22 1502
715 262 22 90
715 261 22 1788
716 611 22 1408
717 612 22 818
718 1019 22 1774
720 263 22 1507
721 264 22 581
722 265 22 620
724 1020 22 1623
725 268 22 187
725 267 22 57
725 266 22 1144
727 269 22 1058
728 270 22 594
729 1021 22 1535
731 1022 22 888
731 271 22 1267
732 272 22 532
734 273 22 910
735 274 22 638
735 275 22 419
738 613 22 1922
739 1023 22 1775
740 276 22 1500
741 614 22 1332
742 1024 22 1158
744 1025 22 1022
744 277 22 1482
744 615 22 1224
745 616 22 602
748 278 22 1367
751 617 22 1638
752 618 22 790
752 279 22 1380
752 280 22 83
754 281 22 909
755 619 22 1186
755 1026 22 1863
758 620 22 1271
760 282 22 1667
760 1027 22 1509
763 621 22 1568
764 622 22 690
764 283 22 1382
765 284 22 719
766 286 22 263
766 285 22 631
768 287 22 1135
770 288 22 1023
770 1028 22 1852
770 289 22 349
777 290 22 1727
779 623 22 1907
782 291 22 1581
783 624 22 1458
787 625 22 1494
787 293 22 197
787 292 22 1523
790 626 22 1145
791 627 22 544
792 295 22 442
792 294 22 1521
792 296 22 433
794 628 22 1341
794 629 22 335
794 297 22 1006
796 630 22 1109
797 631 22 738
797 1029 22 1924
799 632 22 1011
801 300 22 63
801 298 22 1735
801 299 22 191
802 302 22 314
802 633 22 1323
802 301 22 664
804 634 22 897
805 303 22 1196
805 304 22 367
805 635 22 602
807 305 22 1032
807 1030 22 1839
808 636 22 1203
809 637 22 844
811 638 22 967
812 306 22 1542
814 307 22 1010
815 639 22 1449
815 640 22 11
817 641 22 1055
817 642 22 162
817 643 22 314
819 644 22 1035
819 1031 22 1880
820 645 22 812
821 646 22 783
821 647 22 423
823 308 22 1802
823 1032 22 1376
825 1033 22 908
826 1034 22 535
827 648 22 1654
827 1035 22 624
828 1036 22 624
832 1038 22 192
832 1037 22 1347
832 1039 22 146
833 311 22 256
833 310 22 290
833 309 22 1850
834 649 22 1708
834 312 22 855
835 1040 22 1306
835 313 22 764
837 1042 22 166
837 1041 22 919
838 1045 22 35
838 1044 22 419
838 1043 22 676
840 316 22 120
840 651 22 179
840 650 22 1645
840 314 22 1552
840 315 22 304
841 1046 22 1153
841 317 22 632
841 1047 22 66
842 652 22 881
842 318 22 787
846 1048 22 1561
850 1051 22 214
850 1050 22 80
850 1049 22 1352
850 1052 22 206
851 1053 22 654
853 653 22 1867
853 655 22 102
853 1054 22 1000
853 654 22 468
854 320 22 357
854 319 22 1875
854 1055 22 561
854 321 22 8
856 322 22 959
858 1057 22 240
858 1056 22 1390
863 656 22 1839
864 323 22 1763
865 657 22 1030
866 1058 22 1787
867 324 22 1255
868 658 22 1334
869 1060 22 392
869 325 22 937
869 1059 22 1257
874 1061 22 1567
875 327 22 334
875 326 22 1668
875 1062 22 758
877 659 22 1802
877 660 22 220
878 1063 22 1277
878 329 22 195
878 328 22 1314
880 661 22 1233
880 662 22 159
882 664 22 393
882 663 22 1141
886 665 22 1372
886 666 22 396
887 1064 22 1805
890 667 22 1420
892 668 22 1024
893 669 22 730
893 670 22 21
894 331 22 493
894 330 22 1910
895 1065 22 1786
899 671 22 1682
900 672 22 670
900 332 22 1672
903 673 22 1265
903 333 22 1175
904 1066 22 1796
906 674 22 1175
906 334 22 1317
906 1067 22 1138
906 675 22 215
909 335 22 1344
909 1068 22 1167
910 336 22 594
910 337 22 470
910 677 22 375
910 676 22 1405
912 338 22 1014
912 678 22 871
912 1069 22 1201
913 679 22 646
914 680 22 710
915 681 22 721
916 682 22 815
918 339 22 1612
920 340 22 1013
920 1070 22 1750
921 683 22 1557
921 1072 22 426
921 1071 22 645
922 684 22 614
923 341 22 1177
924 685 22 930
925 1074 22 467
925 1073 22 1421
926 1075 22 704
926 342 22 1258
928 343 22 1097
928 344 22 58
930 1077 22 211
930 1076 22 1369
932 345 22 1471
932 686 22 1781
933 346 22 725
934 347 22 759
934 687 22 1068
934 1078 22 1355
935 348 22 570
935 688 22 854
936 1079 22 1123
936 689 22 795
937 691 22 172
937 690 22 687
938 349 22 1216
938 350 22 321
941 692 22 1434
943 693 22 1090
944 1080 22 1793
945 351 22 1725
945 352 22 218
946 694 22 1228
947 695 22 703
949 696 22 896
951 697 22 945
953 1081 22 1797
953 353 22 1784
961 354 22 1759
961 355 22 54
961 698 22 1845
964 1082 22 1872
965 1083 22 499
966 700 22 415
966 699 22 1588
967 356 22 1630
967 357 22 476
969 701 22 1288
972 702 22 1323
974 703 22 924
975 1084 22 1843
978 358 22 1866
980 704 22 1687
981 1085 22 1624
982 359 22 1355
985 360 22 1288
987 1086 22 1674
988 1087 22 721
988 361 22 1208
993 705 22 1887
994 362 22 1620
997 706 22 1433
998 1088 22 1832
1000 363 22 1607
1002 707 22 1540
1003 709 22 253
1003 708 22 692
1004 710 22 621
1008 712 22 159
1008 711 22 1463
1009 713 22 688
1011 364 22 1865
1011 714 22 1092
1012 1089 22 1898
1015 716 22 417
1015 715 22 1423
1015 1090 22 1159
1015 1091 22 383
1016 717 22 527
1017 718 22 526
1018 365 22 1722
1019 366 22 508
1019 1092 22 1485
1020 1093 22 860
1021 719 22 1388
1024 367 22 1605
1026 1094 22 1679
1026 720 22 1516
1028 368 22 1371
1028 369 22 208
1029 721 22 1252
1030 724 22 42
1030 723 22 229
1030 722 22 565
1032 1095 22 1664
1032 1096 22 160
1033 1097 22 813
1034 1098 22 795
1034 370 22 1634
1035 1099 22 558
1035 1101 22 15
1035 1100 22 163
1036 1102 22 823
1036 1103 22 360
1038 725 22 1773
1038 726 22 247
1039 371 22 1574
1041 1104 22 1526
1043 727 22 1505
1043 729 22 472
1043 728 22 36
1044 372 22 1543
1045 1105 22 1360
1046 732 22 455
1046 373 22 1100
1046 730 22 1244
1046 731 22 459
1047 374 22 861
1049 375 22 1104
1049 733 22 1208
1049 734 22 231
1050 376 22 675
1052 1106 22 1713
1053 1107 22 709
1053 1108 22 187
1053 1109 22 296
1053 735 22 1346
1055 1110 22 1117
1056 736 22 1323
1058 1111 22 1179
1058 377 22 1786
1059 1112 22 810
1060 1113 22 663
1064 1114 22 1389
1065 737 22 1816
1065 378 22 1705
1065 1115 22 520
1071 1117 22 258
1071 1116 22 1620
1072 379 22 1709
1072 380 22 211
1073 738 22 1795
1074 739 22 651
1074 381 22 908
1075 1120 22 111
1075 1119 22 181
1075 1118 22 1359
1077 1121 22 1075
1078 742 22 376
1078 741 22 240
1078 740 22 1421
1079 743 22 601
1079 744 22 173
1080 1122 22 1231
