0 0 1288 427
1 1 1288 775
4 2 1288 1267
6 3 1288 1041
7 4 1288 658
8 5 1288 695
9 6 1288 613
31 7 1288 1923
35 9 1288 62
35 8 1288 1385
36 10 1288 597
37 11 1288 515
38 12 1288 717
38 13 1288 278
38 14 1288 132
41 15 1288 1320
42 16 1288 814
46 17 1288 1364
48 18 1288 1001
56 19 1288 1787
56 20 1288 345
56 21 1288 392
56 22 1288 395
58 23 1288 889
59 24 1288 686
59 25 1288 429
65 26 1288 1622
74 27 1288 1828
76 28 1288 905
76 29 1288 451
76 30 1288 342
86 31 1288 1850
92 32 1288 1611
92 33 1288 306
92 34 1288 462
94 35 1288 1077
94 36 1288 76
98 37 1288 1463
103 38 1288 1523
103 39 1288 83
107 40 1288 1392
111 41 1288 1473
113 42 1288 942
118 43 1288 1569
125 44 1288 1744
125 45 1288 106
127 46 1288 1135
144 47 1288 1915
145 48 1288 720
145 49 1288 53
159 50 1288 1898
169 51 1288 1846
172 52 1288 1146
172 53 1288 28
177 59 1288 229
177 58 1288 355
177 57 1288 378
177 56 1288 379
177 55 1288 34
177 54 1288 1526
179 60 1288 997
180 61 1288 709
182 62 1288 1017
184 63 1288 933
190 64 1288 1644
191 65 1288 671
192 67 1288 411
192 66 1288 828
199 68 1288 1741
201 69 1288 980
204 70 1288 1243
207 71 1288 1276
215 72 1288 1766
217 73 1288 918
217 74 1288 395
218 75 1288 797
222 76 1288 1374
223 77 1288 750
225 78 1288 1069
226 79 1288 579
229 80 1288 1219
235 81 1288 1631
237 82 1288 1108
238 83 1288 851
238 84 1288 478
238 85 1288 421
239 86 1288 704
244 87 1288 1582
245 88 1288 705
245 89 1288 427
246 90 1288 697
252 91 1288 1623
254 92 1288 1108
257 93 1288 1294
259 94 1288 1011
260 97 1288 9
260 95 1288 683
260 96 1288 455
270 98 1288 1849
272 99 1288 1073
275 100 1288 1202
276 101 1288 724
276 102 1288 174
282 103 1288 1664
283 104 1288 734
284 105 1288 622
284 106 1288 79
284 107 1288 228
289 108 1288 1558
290 109 1288 729
291 110 1288 585
296 111 1288 1553
299 112 1288 1233
306 113 1288 1700
308 114 1288 934
311 115 1288 1291
316 116 1288 1525
316 117 1288 165
316 118 1288 454
319 119 1288 1223
332 120 1288 1892
335 121 1288 1170
341 122 1288 1630
344 124 1288 282
344 123 1288 1314
349 125 1288 1545
349 126 1288 168
349 127 1288 472
359 128 1288 1832
365 129 1288 1636
365 130 1288 341
369 131 1288 1364
370 132 1288 826
391 133 1288 1921
394 134 1288 1302
394 135 1288 494
398 136 1288 1457
402 137 1288 1369
402 138 1288 116
410 139 1288 1781
410 140 1288 341
410 141 1288 475
410 142 1288 24
424 143 1288 1901
432 144 1288 1767
434 145 1288 1068
434 146 1288 390
437 147 1288 1332
437 148 1288 359
443 149 1288 1645
445 150 1288 1083
445 151 1288 290
449 152 1288 1480
450 153 1288 626
452 154 1288 1105
452 155 1288 32
454 156 1288 1018
455 157 1288 785
459 158 1288 1381
461 159 1288 1114
461 160 1288 454
466 162 1288 321
466 161 1288 1532
476 163 1288 1847
476 164 1288 387
479 165 1288 1145
480 166 1288 727
483 169 1288 439
483 167 1288 1236
483 168 1288 398
491 171 1288 156
491 172 1288 48
491 170 1288 1758
492 173 1288 598
494 174 1288 881
498 175 1288 1416
501 176 1288 1146
507 177 1288 1654
511 178 1288 1471
513 179 1288 1138
516 180 1288 1155
517 183 1288 187
517 181 1288 760
517 182 1288 112
518 184 1288 553
518 185 1288 51
527 187 1288 200
527 186 1288 1809
528 188 1288 816
531 189 1288 1270
535 190 1288 1401
536 191 1288 672
552 192 1288 1912
554 193 1288 927
557 194 1288 1327
558 195 1288 733
558 196 1288 153
558 197 1288 102
563 198 1288 1513
564 200 1288 341
564 199 1288 622
566 201 1288 1078
568 202 1288 934
578 203 1288 1844
587 204 1288 1811
589 205 1288 926
589 206 1288 241
591 207 1288 882
597 208 1288 1669
603 209 1288 1613
604 210 1288 810
607 211 1288 1288
610 212 1288 1238
610 213 1288 242
622 214 1288 1883
628 215 1288 1619
632 216 1288 1420
632 217 1288 134
635 218 1288 1293
635 219 1288 335
638 220 1288 1260
639 221 1288 527
639 222 1288 420
641 223 1288 1053
643 224 1288 963
645 225 1288 1086
645 226 1288 168
647 227 1288 1046
650 228 1288 1196
650 229 1288 147
653 230 1288 1262
655 231 1288 1044
655 232 1288 140
656 233 1288 849
657 234 1288 797
657 235 1288 76
664 236 1288 1750
664 237 1288 193
664 238 1288 300
669 239 1288 1551
676 240 1288 1735
678 241 1288 927
678 242 1288 455
680 243 1288 1127
680 244 1288 459
680 245 1288 112
684 246 1288 1358
690 247 1288 1669
692 248 1288 968
698 249 1288 1632
701 250 1288 1238
701 251 1288 19
702 252 1288 733
705 253 1288 1177
708 254 1288 1286
715 255 1288 1739
716 256 1288 658
725 257 1288 1806
727 258 1288 880
728 259 1288 725
729 260 1288 758
731 261 1288 1119
737 262 1288 1611
742 263 1288 1521
742 264 1288 350
749 265 1288 1691
752 266 1288 1147
752 267 1288 389
756 268 1288 1370
765 269 1288 1806
773 270 1288 1794
776 271 1288 1226
784 272 1288 1758
790 273 1288 1667
791 274 1288 525
791 275 1288 333
791 276 1288 71
794 277 1288 1217
795 278 1288 593
796 279 1288 851
802 280 1288 1652
802 281 1288 424
802 282 1288 77
806 283 1288 1488
807 284 1288 833
810 285 1288 1243
810 286 1288 311
812 287 1288 888
816 288 1288 1487
818 289 1288 982
821 290 1288 1343
832 291 1288 1868
835 292 1288 1237
840 293 1288 1500
841 294 1288 793
842 295 1288 615
845 296 1288 1241
846 297 1288 859
847 298 1288 776
848 299 1288 693
850 300 1288 889
852 301 1288 969
852 302 1288 299
854 303 1288 1087
862 304 1288 1763
862 305 1288 12
862 306 1288 185
