0 0 956 26
0 1 956 352
0 2 956 162
2 3 956 895
3 4 956 638
21 5 956 1916
30 6 956 1826
31 7 956 574
33 9 956 270
33 8 956 1105
36 10 956 1147
38 11 956 1127
41 12 956 1333
43 13 956 1096
45 14 956 1118
46 15 956 657
46 16 956 451
47 17 956 676
52 18 956 1606
55 19 956 1208
58 20 956 1194
58 21 956 489
65 22 956 1739
69 23 956 1471
71 24 956 943
74 25 956 1234
77 27 956 288
77 26 956 1343
80 28 956 1338
82 29 956 990
84 30 956 1133
84 31 956 248
84 32 956 362
85 33 956 824
85 34 956 399
85 35 956 309
91 36 956 1667
95 37 956 1458
97 38 956 1061
98 39 956 621
103 40 956 1595
105 41 956 1120
107 42 956 943
110 43 956 1249
112 44 956 1080
118 46 956 364
118 45 956 1674
121 47 956 1301
125 48 956 1441
125 49 956 497
130 50 956 1587
130 51 956 139
132 52 956 1066
134 53 956 1134
135 54 956 537
139 55 956 1461
140 56 956 538
141 57 956 616
153 58 956 1877
156 59 956 1329
157 60 956 573
162 61 956 1538
165 62 956 1161
165 63 956 115
167 64 956 1062
169 65 956 899
170 66 956 765
171 67 956 508
172 68 956 696
173 69 956 808
175 70 956 915
177 71 956 917
182 72 956 1540
184 73 956 984
189 75 956 74
189 74 956 1537
193 76 956 1471
193 77 956 489
193 78 956 390
196 79 956 1193
198 80 956 869
198 81 956 41
199 82 956 772
200 83 956 841
203 84 956 1327
205 85 956 993
207 86 956 1106
210 87 956 1152
210 88 956 286
211 89 956 862
218 90 956 1696
220 91 956 1051
225 92 956 1506
231 95 956 57
231 94 956 48
231 93 956 1656
243 96 956 1884
244 97 956 828
244 98 956 187
244 99 956 181
246 100 956 908
254 101 956 1780
255 102 956 605
256 103 956 632
261 104 956 1506
262 105 956 669
263 106 956 524
263 107 956 82
268 108 956 1521
268 109 956 463
285 110 956 1915
285 111 956 48
285 112 956 226
286 114 956 459
286 113 956 683
287 115 956 531
288 116 956 766
288 117 956 320
289 118 956 713
289 119 956 68
296 120 956 1717
301 121 956 1537
301 122 956 221
309 123 956 1759
311 124 956 1037
319 125 956 1789
322 126 956 1336
331 127 956 1809
333 128 956 936
337 129 956 1480
337 130 956 114
338 134 956 285
338 133 956 208
338 132 956 302
338 131 956 643
340 135 956 1013
344 136 956 1361
344 137 956 139
347 138 956 1259
348 139 956 658
348 140 956 469
350 141 956 1024
355 142 956 1555
362 143 956 1748
364 144 956 871
370 145 956 1647
371 146 956 824
372 147 956 823
375 148 956 1196
379 149 956 1441
382 150 956 1215
387 154 956 389
387 153 956 119
387 152 956 114
387 151 956 1563
390 155 956 1296
395 156 956 1559
396 157 956 771
401 158 956 1520
407 159 956 1642
410 160 956 1258
411 161 956 639
413 162 956 1070
413 163 956 41
413 164 956 348
416 165 956 1272
422 166 956 1670
422 167 956 17
422 168 956 398
426 169 956 1371
428 170 956 1095
429 171 956 627
431 172 956 985
431 173 956 55
436 174 956 1523
437 175 956 693
452 176 956 1906
452 177 956 398
454 178 956 887
457 179 956 1314
459 180 956 964
460 181 956 513
461 182 956 612
465 183 956 1420
465 184 956 264
465 185 956 475
466 186 956 528
466 187 956 183
473 188 956 1744
475 189 956 913
479 190 956 1379
480 191 956 589
481 192 956 544
486 193 956 1542
489 194 956 1324
497 195 956 1754
509 196 956 1879
514 197 956 1514
518 198 956 1399
523 199 956 1524
537 200 956 1901
538 201 956 807
538 202 956 424
545 203 956 1750
545 204 956 345
546 205 956 588
547 206 956 578
547 207 956 59
548 208 956 520
554 209 956 1621
557 210 956 1314
560 211 956 1160
569 212 956 1808
569 213 956 205
570 214 956 677
571 215 956 744
571 216 956 27
576 217 956 1575
583 218 956 1702
592 219 956 1797
593 220 956 744
597 221 956 1487
597 222 956 198
601 223 956 1409
619 224 956 1916
620 225 956 506
620 226 956 82
624 227 956 1368
625 228 956 655
632 229 956 1693
633 230 956 738
633 231 956 392
635 232 956 924
638 233 956 1288
641 234 956 1338
641 235 956 157
641 236 956 88
642 237 956 787
644 238 956 1074
649 239 956 1601
658 240 956 1822
658 241 956 468
663 242 956 1588
663 243 956 122
668 244 956 1524
668 245 956 218
669 246 956 705
669 247 956 338
670 248 956 864
671 249 956 580
678 250 956 1727
678 251 956 304
685 252 956 1737
690 253 956 1526
691 254 956 779
691 255 956 414
692 256 956 608
694 257 956 940
702 258 956 1758
710 259 956 1764
711 260 956 505
713 261 956 1134
716 262 956 1329
717 263 956 752
719 264 956 882
721 265 956 921
721 266 956 236
722 267 956 520
723 268 956 792
724 269 956 520
725 270 956 656
728 271 956 1164
729 272 956 500
729 273 956 100
743 274 956 1900
743 275 956 275
752 277 956 75
752 276 956 1823
761 278 956 1810
768 279 956 1698
775 280 956 1725
781 281 956 1669
782 282 956 503
782 283 956 74
795 284 956 1890
795 285 956 434
796 286 956 580
799 287 956 1323
800 288 956 508
802 289 956 923
806 290 956 1474
808 291 956 1073
810 292 956 953
813 293 956 1235
815 294 956 1095
816 295 956 687
818 296 956 1063
819 297 956 835
822 298 956 1165
823 299 956 602
838 300 956 1907
838 301 956 185
842 302 956 1471
842 303 956 344
852 304 956 1848
853 305 956 562
860 306 956 1728
