2 0 779 891
8 1 779 1628
8 2 779 284
14 3 779 1615
14 4 779 478
15 7 779 372
15 8 779 308
15 5 779 512
15 6 779 185
19 9 779 1461
19 10 779 211
20 11 779 595
27 12 779 1727
32 13 779 1535
33 15 779 267
33 14 779 560
34 16 779 626
38 18 779 223
38 17 779 1485
41 19 779 1195
49 20 779 1771
49 21 779 343
49 22 779 444
50 23 779 671
51 24 779 588
55 26 779 81
55 25 779 1421
59 27 779 1367
61 28 779 1029
62 29 779 751
62 30 779 104
64 31 779 1089
69 32 779 1589
70 33 779 824
76 34 779 1640
79 35 779 1160
81 38 779 138
81 37 779 191
81 36 779 940
83 39 779 926
83 40 779 435
89 41 779 1623
89 42 779 172
89 43 779 44
90 44 779 546
94 47 779 100
94 46 779 96
94 45 779 1385
97 48 779 1302
102 49 779 1558
102 50 779 223
103 51 779 521
106 52 779 1247
108 53 779 868
109 54 779 764
110 55 779 547
113 56 779 1184
118 57 779 1537
120 58 779 1026
122 59 779 981
122 60 779 431
123 61 779 743
126 62 779 1268
130 63 779 1482
134 64 779 1356
136 65 779 1046
138 66 779 930
140 67 779 903
149 68 779 1819
152 69 779 1325
155 70 779 1251
155 71 779 434
159 72 779 1347
162 73 779 1221
163 78 779 125
163 76 779 171
163 77 779 399
163 75 779 147
163 74 779 760
165 79 779 1127
168 80 779 1325
183 81 779 1905
183 82 779 65
187 83 779 1396
188 84 779 527
193 85 779 1507
201 86 779 1766
202 87 779 720
202 88 779 59
204 89 779 1092
218 90 779 1900
221 91 779 1328
223 92 779 1090
225 93 779 1081
225 94 779 495
231 96 779 354
231 95 779 1616
232 97 779 615
233 98 779 612
237 99 779 1424
237 100 779 454
239 101 779 1117
239 102 779 205
253 103 779 1902
253 104 779 306
260 105 779 1713
262 106 779 1099
262 107 779 26
262 108 779 108
263 109 779 616
263 110 779 376
264 111 779 784
268 112 779 1411
277 113 779 1823
282 115 779 450
282 114 779 1581
283 116 779 678
292 117 779 1797
294 118 779 954
302 119 779 1774
305 120 779 1205
305 121 779 210
306 122 779 844
307 123 779 726
311 124 779 1349
321 125 779 1847
324 126 779 1269
324 127 779 266
325 128 779 726
327 129 779 1068
334 130 779 1717
338 131 779 1481
345 132 779 1712
346 133 779 626
347 135 779 208
347 134 779 672
354 136 779 1699
354 137 779 88
356 138 779 1089
357 139 779 738
357 140 779 407
364 141 779 1740
365 142 779 612
369 143 779 1368
370 144 779 716
372 145 779 1115
382 146 779 1841
385 147 779 1191
389 148 779 1424
389 149 779 44
391 150 779 938
391 151 779 482
396 152 779 1585
397 156 779 273
397 155 779 244
397 153 779 762
397 154 779 219
401 157 779 1403
402 158 779 552
402 159 779 384
402 160 779 444
403 161 779 833
406 162 779 1225
408 163 779 965
409 164 779 823
410 165 779 820
412 166 779 997
413 167 779 785
416 168 779 1150
420 169 779 1372
421 170 779 675
422 171 779 590
423 172 779 708
423 173 779 216
427 174 779 1366
431 175 779 1389
436 176 779 1523
440 177 779 1400
440 178 779 10
440 179 779 234
440 180 779 6
440 181 779 77
441 182 779 766
442 184 779 129
442 183 779 681
445 185 779 1235
454 186 779 1820
456 187 779 949
456 188 779 407
456 189 779 428
467 190 779 1860
467 191 779 295
471 192 779 1460
472 194 779 294
472 193 779 705
477 195 779 1499
478 196 779 515
483 197 779 1571
484 198 779 544
493 199 779 1820
493 200 779 117
495 201 779 1056
495 202 779 40
495 203 779 52
498 204 779 1293
498 205 779 348
505 206 779 1698
509 207 779 1369
512 208 779 1320
513 209 779 754
514 210 779 646
515 211 779 797
519 212 779 1393
519 213 779 318
519 214 779 378
519 215 779 366
519 216 779 67
520 217 779 543
521 218 779 835
526 219 779 1512
528 222 779 378
528 220 779 925
528 221 779 48
529 223 779 722
533 224 779 1437
533 225 779 380
535 227 779 3
535 226 779 1054
545 228 779 1846
553 229 779 1792
555 230 779 874
567 231 779 1876
568 232 779 855
568 233 779 114
568 234 779 116
570 235 779 875
570 236 779 36
571 237 779 714
574 238 779 1312
581 239 779 1706
585 241 779 450
585 240 779 1461
590 242 779 1553
595 243 779 1577
602 244 779 1707
604 245 779 1063
605 246 779 827
607 247 779 1142
607 248 779 327
617 249 779 1853
621 250 779 1432
635 251 779 1896
636 252 779 736
638 253 779 957
640 254 779 895
640 255 779 69
641 256 779 677
644 257 779 1243
645 258 779 539
647 259 779 913
650 260 779 1218
657 261 779 1695
661 262 779 1448
665 263 779 1453
674 264 779 1804
675 265 779 694
686 266 779 1866
689 268 779 201
689 267 779 1278
693 269 779 1428
693 270 779 329
696 271 779 1277
699 272 779 1155
701 273 779 1054
701 274 779 50
701 275 779 474
701 276 779 420
702 277 779 725
704 278 779 940
704 279 779 374
708 280 779 1477
718 281 779 1837
723 282 779 1601
741 283 779 1918
741 284 779 359
743 285 779 903
745 286 779 1139
754 287 779 1823
757 288 779 1143
757 289 779 46
757 290 779 197
758 291 779 718
758 292 779 174
758 293 779 399
758 294 779 487
765 295 779 1691
767 296 779 927
767 297 779 99
774 298 779 1698
776 299 779 1012
778 300 779 1121
782 301 779 1473
784 302 779 940
785 303 779 824
790 305 779 154
790 304 779 1523
791 306 779 740
