5 0 1727 1530
5 1 1727 429
5 2 1727 477
11 3 1727 1624
17 4 1727 1634
18 5 1727 763
19 6 1727 518
22 7 1727 1300
25 8 1727 1241
29 9 1727 1393
29 10 1727 177
30 11 1727 530
30 12 1727 159
31 13 1727 779
43 14 1727 1875
44 15 1727 618
44 16 1727 63
44 17 1727 205
48 18 1727 1439
53 19 1727 1557
63 20 1727 1835
77 21 1727 1903
81 22 1727 1448
85 23 1727 1458
88 24 1727 1224
92 26 1727 482
92 27 1727 55
92 25 1727 1443
93 28 1727 593
94 29 1727 570
95 30 1727 591
98 31 1727 1236
115 32 1727 1915
118 33 1727 1246
129 34 1727 1871
132 35 1727 1171
134 36 1727 1110
135 37 1727 791
143 38 1727 1752
145 39 1727 1039
151 40 1727 1653
151 41 1727 60
154 42 1727 1201
154 43 1727 342
157 44 1727 1331
162 46 1727 261
162 45 1727 1562
167 47 1727 1519
170 48 1727 1158
171 49 1727 844
173 50 1727 982
178 51 1727 1577
182 52 1727 1479
184 53 1727 1106
186 54 1727 1091
191 55 1727 1552
193 56 1727 906
195 57 1727 943
195 58 1727 400
195 59 1727 190
195 60 1727 280
195 61 1727 463
196 62 1727 706
197 63 1727 670
198 64 1727 802
199 65 1727 865
200 66 1727 539
201 67 1727 838
202 68 1727 833
203 69 1727 703
207 70 1727 1433
210 71 1727 1197
210 72 1727 377
210 73 1727 399
220 74 1727 1829
228 75 1727 1774
229 76 1727 701
231 77 1727 1105
231 78 1727 127
236 79 1727 1586
239 80 1727 1182
241 81 1727 888
242 82 1727 821
248 83 1727 1673
253 84 1727 1513
255 85 1727 938
261 86 1727 1682
262 87 1727 809
262 88 1727 154
262 89 1727 318
262 90 1727 265
262 91 1727 166
262 92 1727 391
267 93 1727 1561
268 94 1727 758
271 95 1727 1189
274 96 1727 1279
275 97 1727 531
279 98 1727 1465
279 99 1727 465
281 100 1727 1023
285 101 1727 1347
286 102 1727 685
286 103 1727 455
289 104 1727 1336
296 105 1727 1710
299 106 1727 1199
301 107 1727 1079
304 108 1727 1201
307 109 1727 1242
308 110 1727 851
315 111 1727 1726
316 112 1727 816
317 113 1727 739
319 114 1727 933
322 115 1727 1317
327 116 1727 1566
329 117 1727 958
331 118 1727 1082
339 119 1727 1788
341 120 1727 1108
347 121 1727 1655
348 122 1727 683
349 124 1727 438
349 123 1727 515
352 125 1727 1266
353 126 1727 806
354 127 1727 741
359 128 1727 1566
360 129 1727 639
360 130 1727 495
360 131 1727 170
365 132 1727 1565
370 133 1727 1586
371 134 1727 562
379 135 1727 1759
379 136 1727 202
379 137 1727 366
379 138 1727 337
386 139 1727 1727
392 140 1727 1663
393 141 1727 602
398 142 1727 1532
399 143 1727 837
403 144 1727 1392
403 145 1727 463
406 146 1727 1275
411 147 1727 1577
412 148 1727 627
416 149 1727 1365
421 150 1727 1548
421 151 1727 320
425 152 1727 1374
430 153 1727 1601
433 154 1727 1282
436 155 1727 1292
437 156 1727 663
437 157 1727 170
437 158 1727 16
437 159 1727 69
439 160 1727 904
439 161 1727 457
443 162 1727 1437
444 163 1727 562
445 164 1727 747
446 165 1727 681
446 166 1727 161
449 167 1727 1154
449 168 1727 176
451 169 1727 1098
453 170 1727 1115
456 171 1727 1199
457 172 1727 620
460 173 1727 1279
460 174 1727 125
461 175 1727 505
461 176 1727 123
469 177 1727 1771
471 178 1727 1048
485 179 1727 1899
503 180 1727 1916
506 183 1727 201
506 182 1727 114
506 181 1727 1153
508 184 1727 1015
508 185 1727 174
509 186 1727 720
522 187 1727 1888
522 188 1727 304
525 189 1727 1195
527 193 1727 267
527 192 1727 350
527 191 1727 31
527 190 1727 1095
528 194 1727 822
531 195 1727 1205
533 196 1727 1089
535 197 1727 970
535 198 1727 90
536 200 1727 302
536 201 1727 120
536 199 1727 710
540 202 1727 1400
544 203 1727 1453
544 204 1727 250
544 205 1727 349
550 206 1727 1625
550 207 1727 94
554 208 1727 1476
555 209 1727 776
558 210 1727 1169
559 211 1727 817
561 212 1727 1047
561 213 1727 41
561 214 1727 78
567 215 1727 1675
567 216 1727 343
570 217 1727 1236
574 218 1727 1471
575 219 1727 573
587 221 1727 197
587 220 1727 1885
588 222 1727 849
590 223 1727 905
590 224 1727 3
592 225 1727 1083
593 226 1727 849
593 227 1727 353
593 228 1727 457
594 229 1727 844
597 230 1727 1340
599 231 1727 1077
605 232 1727 1680
605 233 1727 337
610 234 1727 1597
619 235 1727 1796
625 236 1727 1678
626 237 1727 585
638 238 1727 1875
639 240 1727 474
639 239 1727 666
640 241 1727 626
640 242 1727 412
644 243 1727 1453
644 244 1727 25
644 245 1727 278
646 246 1727 909
646 247 1727 308
646 248 1727 188
648 249 1727 1071
649 250 1727 861
657 251 1727 1778
661 252 1727 1423
665 253 1727 1442
666 254 1727 750
666 255 1727 104
669 256 1727 1195
669 257 1727 495
673 258 1727 1450
675 259 1727 1092
679 260 1727 1424
682 261 1727 1271
687 262 1727 1561
688 263 1727 631
692 264 1727 1360
692 265 1727 91
694 266 1727 1061
695 269 1727 207
695 268 1727 369
695 267 1727 710
717 270 1727 1922
723 271 1727 1683
726 272 1727 1286
727 273 1727 805
727 274 1727 99
730 275 1727 1258
737 276 1727 1710
740 277 1727 1320
742 278 1727 880
748 279 1727 1650
748 280 1727 173
749 281 1727 541
749 282 1727 164
752 283 1727 1310
767 284 1727 1907
771 285 1727 1487
776 287 1727 238
776 286 1727 1579
781 288 1727 1511
785 289 1727 1492
786 290 1727 600
789 291 1727 1183
791 292 1727 1059
792 293 1727 783
795 294 1727 1166
797 295 1727 1127
799 296 1727 989
806 297 1727 1705
806 298 1727 93
817 299 1727 1859
819 300 1727 1141
819 301 1727 199
830 302 1727 1863
845 303 1727 1906
847 304 1727 1074
849 305 1727 1103
849 306 1727 491
