7 0 732 1689
9 1 732 1074
9 2 732 272
23 3 732 1903
24 4 732 501
40 5 732 1913
41 6 732 822
43 7 732 1033
46 8 732 1259
48 9 732 895
51 10 732 1143
55 11 732 1352
66 12 732 1857
67 13 732 797
67 14 732 372
67 15 732 112
67 16 732 447
67 17 732 215
70 18 732 1152
73 19 732 1176
75 20 732 1083
76 21 732 697
78 22 732 987
84 23 732 1655
84 24 732 368
92 26 732 161
92 27 732 167
92 25 732 1775
98 28 732 1630
100 29 732 946
104 30 732 1387
104 31 732 133
105 32 732 824
105 33 732 185
106 34 732 729
108 35 732 1101
110 36 732 870
114 38 732 279
114 37 732 1386
117 39 732 1301
122 40 732 1598
122 41 732 11
129 42 732 1693
131 43 732 960
131 44 732 482
136 45 732 1579
137 46 732 787
140 47 732 1146
142 48 732 1137
144 49 732 996
145 50 732 599
146 51 732 685
146 52 732 115
148 53 732 971
152 54 732 1492
154 55 732 992
154 56 732 86
155 57 732 542
160 58 732 1535
161 59 732 650
169 60 732 1751
170 61 732 655
173 62 732 1328
173 63 732 313
177 64 732 1433
179 65 732 1010
180 66 732 528
186 67 732 1671
186 68 732 67
189 69 732 1196
192 70 732 1166
194 71 732 985
205 72 732 1860
213 73 732 1776
218 74 732 1502
220 75 732 1072
222 77 732 27
222 76 732 928
225 78 732 1172
226 79 732 713
228 80 732 987
230 81 732 940
232 82 732 954
233 83 732 633
233 84 732 346
234 86 732 18
234 85 732 701
242 87 732 1777
243 88 732 617
249 89 732 1662
251 90 732 1015
251 91 732 327
259 92 732 1776
264 93 732 1554
268 94 732 1474
270 95 732 943
271 96 732 607
275 97 732 1380
279 98 732 1451
283 99 732 1397
285 100 732 1050
287 101 732 1041
289 102 732 1078
300 103 732 1866
308 104 732 1754
313 105 732 1539
314 106 732 749
314 107 732 263
318 108 732 1393
318 109 732 420
318 110 732 63
318 111 732 58
321 112 732 1295
322 113 732 821
327 114 732 1587
328 115 732 810
334 116 732 1625
335 117 732 694
348 118 732 1891
349 119 732 731
351 120 732 992
352 121 732 676
354 123 732 330
354 124 732 181
354 122 732 1053
355 125 732 838
357 126 732 1134
357 127 732 306
357 128 732 301
358 129 732 559
358 130 732 465
362 131 732 1472
363 132 732 500
370 133 732 1699
375 134 732 1588
386 135 732 1871
394 136 732 1787
396 137 732 1013
397 138 732 803
398 139 732 732
410 140 732 1877
416 141 732 1679
416 142 732 383
416 143 732 197
421 144 732 1598
423 145 732 956
425 146 732 957
427 147 732 954
440 148 732 1891
441 149 732 664
444 150 732 1242
454 151 732 1837
458 152 732 1414
459 155 732 374
459 153 732 720
459 154 732 405
475 156 732 1913
476 157 732 747
482 158 732 1685
484 159 732 916
484 160 732 404
484 161 732 443
497 162 732 1887
498 163 732 834
510 164 732 1879
511 165 732 515
515 166 732 1482
520 167 732 1520
523 168 732 1158
529 169 732 1641
531 170 732 947
532 171 732 612
541 172 732 1816
544 173 732 1158
545 174 732 779
548 175 732 1237
548 176 732 292
549 177 732 855
550 178 732 657
553 179 732 1149
562 181 732 179
562 182 732 339
562 180 732 1806
567 183 732 1562
570 184 732 1242
571 185 732 553
571 186 732 58
578 187 732 1705
581 188 732 1293
584 189 732 1214
596 190 732 1883
598 191 732 1040
601 192 732 1252
610 193 732 1812
610 194 732 327
614 195 732 1433
621 196 732 1716
625 197 732 1474
625 198 732 243
627 199 732 1082
631 200 732 1398
635 201 732 1361
642 203 732 250
642 202 732 1721
648 204 732 1641
649 205 732 629
649 206 732 21
649 207 732 255
660 208 732 1866
662 209 732 1092
662 210 732 81
664 212 732 89
664 211 732 1057
665 213 732 535
667 214 732 1035
667 215 732 225
667 216 732 104
667 217 732 324
672 218 732 1517
675 219 732 1326
675 220 732 457
682 222 732 226
682 221 732 1702
693 223 732 1868
699 224 732 1683
709 225 732 1832
712 226 732 1284
712 227 732 3
713 228 732 830
716 229 732 1271
720 230 732 1445
721 231 732 743
722 232 732 612
727 233 732 1499
733 234 732 1676
733 235 732 444
733 236 732 382
733 237 732 89
743 238 732 1846
744 239 732 612
745 240 732 531
752 241 732 1727
760 242 732 1764
760 243 732 201
762 244 732 1132
763 245 732 825
765 246 732 950
766 247 732 717
767 249 732 102
767 248 732 777
770 250 732 1329
774 251 732 1392
786 252 732 1882
787 253 732 841
788 254 732 625
794 255 732 1620
796 256 732 1134
804 258 732 491
804 257 732 1777
811 259 732 1733
814 260 732 1269
814 261 732 17
818 262 732 1350
819 263 732 595
824 264 732 1571
827 265 732 1263
827 266 732 444
828 267 732 515
829 268 732 783
830 269 732 590
838 270 732 1767
838 271 732 14
838 272 732 403
840 273 732 904
841 274 732 794
842 275 732 654
853 277 732 25
853 276 732 1863
854 278 732 736
855 279 732 857
857 280 732 882
858 281 732 567
861 282 732 1150
862 283 732 728
873 284 732 1866
873 285 732 53
874 286 732 786
881 287 732 1695
883 288 732 874
883 289 732 55
886 290 732 1234
887 291 732 529
892 292 732 1522
892 293 732 112
895 294 732 1268
896 296 732 377
896 295 732 514
899 297 732 1169
900 298 732 554
908 299 732 1794
908 300 732 381
908 301 732 434
919 302 732 1859
919 303 732 186
919 304 732 259
922 305 732 1314
924 306 732 988
