1 0 1186 647
8 1 1186 1714
8 2 1186 375
9 3 1186 801
9 4 1186 105
9 5 1186 375
15 7 1186 204
15 8 1186 288
15 6 1186 1633
18 9 1186 1144
24 10 1186 1622
26 11 1186 941
26 12 1186 45
27 13 1186 788
27 14 1186 161
30 15 1186 1327
33 18 1186 333
33 17 1186 210
33 16 1186 1217
37 19 1186 1366
41 20 1186 1459
41 21 1186 337
44 22 1186 1218
45 23 1186 594
46 24 1186 796
47 26 1186 322
47 25 1186 647
49 27 1186 1073
49 28 1186 149
50 29 1186 758
52 30 1186 989
53 31 1186 685
57 32 1186 1369
63 33 1186 1678
63 34 1186 337
65 36 1186 28
65 35 1186 1136
67 37 1186 1088
67 38 1186 53
67 39 1186 207
73 40 1186 1625
75 41 1186 998
75 42 1186 485
81 43 1186 1613
83 44 1186 907
84 45 1186 608
85 46 1186 524
88 47 1186 1332
91 48 1186 1148
103 49 1186 1883
104 50 1186 791
104 51 1186 168
105 52 1186 797
105 53 1186 76
108 56 1186 496
108 54 1186 1292
108 55 1186 309
115 57 1186 1705
115 58 1186 5
119 59 1186 1383
119 60 1186 53
120 61 1186 559
120 62 1186 55
124 63 1186 1454
124 64 1186 155
126 65 1186 937
131 66 1186 1496
131 67 1186 292
131 68 1186 450
133 69 1186 949
136 71 1186 128
136 72 1186 156
136 70 1186 1299
136 73 1186 125
142 75 1186 461
142 74 1186 1666
150 76 1186 1777
155 77 1186 1529
161 78 1186 1612
161 79 1186 187
161 80 1186 122
163 81 1186 914
173 82 1186 1850
173 83 1186 191
186 84 1186 1892
187 85 1186 820
196 86 1186 1812
199 87 1186 1293
199 88 1186 386
199 89 1186 27
200 90 1186 640
200 91 1186 247
202 92 1186 1083
203 94 1186 154
203 93 1186 595
205 95 1186 1066
207 96 1186 943
209 97 1186 956
213 98 1186 1458
226 99 1186 1894
228 100 1186 1036
228 101 1186 232
230 102 1186 882
230 103 1186 198
231 104 1186 583
232 105 1186 662
232 106 1186 12
233 107 1186 671
233 108 1186 335
234 109 1186 831
234 110 1186 457
236 111 1186 892
236 112 1186 93
243 113 1186 1742
246 114 1186 1260
248 115 1186 1064
249 116 1186 633
257 117 1186 1789
261 118 1186 1486
264 119 1186 1260
266 120 1186 1050
266 121 1186 203
276 124 1186 309
276 122 1186 1831
276 123 1186 423
278 125 1186 1052
280 126 1186 970
284 127 1186 1486
298 128 1186 1896
299 129 1186 599
303 130 1186 1442
304 132 1186 70
304 131 1186 821
310 133 1186 1643
312 134 1186 1075
321 135 1186 1815
321 136 1186 32
327 137 1186 1652
332 138 1186 1533
335 139 1186 1230
336 140 1186 807
338 141 1186 1140
340 142 1186 958
344 143 1186 1480
348 144 1186 1495
354 145 1186 1672
354 146 1186 153
357 147 1186 1265
360 148 1186 1259
362 150 1186 433
362 149 1186 1014
364 151 1186 1079
368 153 1186 198
368 152 1186 1394
369 154 1186 843
370 155 1186 833
370 156 1186 325
370 157 1186 459
379 158 1186 1813
383 159 1186 1455
389 160 1186 1617
389 161 1186 450
390 162 1186 700
396 163 1186 1660
399 164 1186 1313
404 165 1186 1560
405 166 1186 822
405 167 1186 375
406 168 1186 667
410 169 1186 1370
412 170 1186 1031
414 174 1186 452
414 173 1186 256
414 171 1186 906
414 172 1186 256
424 175 1186 1834
427 176 1186 1170
427 177 1186 351
428 178 1186 852
429 179 1186 562
431 180 1186 898
437 181 1186 1629
437 182 1186 226
439 183 1186 881
439 184 1186 166
439 185 1186 363
443 186 1186 1352
452 187 1186 1796
453 188 1186 799
453 189 1186 242
457 190 1186 1489
462 191 1186 1498
470 192 1186 1764
470 193 1186 77
475 194 1186 1537
475 195 1186 357
475 196 1186 440
478 197 1186 1222
478 198 1186 166
489 199 1186 1859
490 200 1186 850
497 201 1186 1703
498 202 1186 598
507 203 1186 1814
522 204 1186 1908
526 205 1186 1451
527 206 1186 823
529 207 1186 1137
535 208 1186 1671
537 209 1186 934
542 210 1186 1588
556 211 1186 1899
561 212 1186 1531
564 213 1186 1251
565 214 1186 556
581 215 1186 1913
581 216 1186 224
588 217 1186 1743
592 218 1186 1494
594 220 1186 208
594 219 1186 949
596 221 1186 950
601 222 1186 1500
601 223 1186 424
610 224 1186 1805
614 225 1186 1458
616 226 1186 1067
616 227 1186 178
617 229 1186 95
617 228 1186 644
621 230 1186 1393
633 231 1186 1873
633 232 1186 184
635 233 1186 918
641 234 1186 1636
643 235 1186 1120
645 236 1186 1030
645 237 1186 337
647 238 1186 898
648 239 1186 639
652 240 1186 1465
652 241 1186 214
652 242 1186 125
660 243 1186 1790
661 244 1186 579
666 245 1186 1514
679 246 1186 1892
680 247 1186 512
684 248 1186 1445
689 249 1186 1549
689 250 1186 132
690 251 1186 622
696 252 1186 1652
698 253 1186 1141
704 254 1186 1650
713 260 1186 384
713 259 1186 450
713 258 1186 8
713 256 1186 202
713 255 1186 1825
713 257 1186 173
714 261 1186 644
714 262 1186 493
719 263 1186 1575
723 264 1186 1465
729 265 1186 1639
736 266 1186 1715
737 267 1186 612
742 268 1186 1539
746 269 1186 1361
748 270 1186 882
757 271 1186 1811
758 272 1186 844
759 273 1186 854
763 274 1186 1409
782 275 1186 1919
783 276 1186 824
789 277 1186 1635
797 278 1186 1770
797 279 1186 291
801 280 1186 1490
802 281 1186 554
803 282 1186 657
805 283 1186 1019
818 284 1186 1887
819 286 1186 220
819 285 1186 770
821 287 1186 967
824 288 1186 1192
831 289 1186 1736
833 290 1186 917
834 291 1186 856
834 292 1186 328
834 293 1186 447
834 294 1186 254
835 295 1186 820
841 296 1186 1646
841 297 1186 474
841 298 1186 324
842 299 1186 864
849 300 1186 1723
852 301 1186 1279
854 302 1186 898
854 303 1186 84
855 305 1186 246
855 304 1186 666
862 306 1186 1702
