1 0 762 516
5 1 762 1443
7 2 762 921
7 3 762 428
7 4 762 485
7 5 762 337
7 6 762 398
10 7 762 1234
11 8 762 625
12 9 762 630
13 10 762 522
13 11 762 206
15 12 762 1129
18 13 762 1289
20 14 762 1139
25 15 762 1498
26 16 762 566
28 17 762 1062
29 18 762 533
32 19 762 1189
37 20 762 1542
39 21 762 1103
54 22 762 1908
56 23 762 999
57 24 762 515
62 25 762 1539
63 26 762 749
65 27 762 967
76 28 762 1871
77 29 762 816
80 30 762 1173
81 31 762 770
82 32 762 692
85 33 762 1252
85 34 762 53
85 35 762 498
90 36 762 1559
102 37 762 1873
106 38 762 1468
113 39 762 1693
114 40 762 823
114 41 762 444
115 42 762 679
117 43 762 991
126 44 762 1808
127 45 762 808
129 46 762 968
131 47 762 1090
134 48 762 1247
138 49 762 1370
140 50 762 990
141 51 762 576
141 52 762 228
141 53 762 261
141 54 762 365
144 55 762 1337
148 56 762 1460
158 57 762 1847
168 58 762 1837
170 59 762 871
175 60 762 1513
179 61 762 1355
182 62 762 1288
189 63 762 1734
193 64 762 1382
199 65 762 1676
203 66 762 1438
212 67 762 1801
215 68 762 1235
216 69 762 640
227 70 762 1864
228 71 762 618
233 72 762 1518
234 73 762 764
234 74 762 366
236 76 762 423
236 75 762 1097
238 77 762 917
240 78 762 1116
246 79 762 1631
247 80 762 571
252 81 762 1584
258 82 762 1644
259 83 762 500
267 84 762 1750
268 85 762 597
269 86 762 542
269 87 762 431
271 88 762 887
272 89 762 640
274 90 762 963
280 91 762 1636
280 92 762 35
281 94 762 180
281 93 762 597
285 95 762 1392
287 96 762 1080
289 97 762 870
294 98 762 1533
294 99 762 132
297 100 762 1295
299 101 762 1091
307 102 762 1779
308 103 762 606
312 104 762 1431
312 105 762 372
314 106 762 982
318 107 762 1388
327 108 762 1820
330 109 762 1192
332 110 762 913
333 111 762 542
334 114 762 300
334 112 762 731
334 113 762 206
345 115 762 1854
351 116 762 1635
352 117 762 788
367 118 762 1908
368 119 762 785
370 120 762 1134
372 121 762 1007
374 122 762 913
375 123 762 594
380 124 762 1601
380 125 762 228
381 126 762 582
383 127 762 921
384 128 762 584
386 129 762 898
386 130 762 17
390 131 762 1478
393 132 762 1308
395 133 762 983
395 134 762 336
399 135 762 1404
406 136 762 1729
408 137 762 1038
410 138 762 994
414 139 762 1378
419 140 762 1539
421 141 762 1078
422 142 762 535
428 143 762 1619
434 144 762 1652
434 145 762 420
436 146 762 905
444 148 762 297
444 147 762 1754
444 149 762 251
450 151 762 292
450 150 762 1681
452 152 762 886
453 153 762 748
455 154 762 922
455 155 762 287
455 156 762 178
458 157 762 1185
460 158 762 930
463 159 762 1203
470 160 762 1714
470 161 762 61
471 162 762 804
473 163 762 921
476 164 762 1175
480 165 762 1360
483 166 762 1159
489 167 762 1672
497 168 762 1794
498 169 762 820
498 170 762 124
499 171 762 597
506 172 762 1719
507 173 762 530
510 174 762 1171
510 175 762 55
510 176 762 471
513 177 762 1219
514 178 762 867
517 179 762 1181
520 180 762 1247
521 181 762 753
522 183 762 333
522 182 762 624
524 184 762 1142
530 185 762 1649
531 186 762 591
532 187 762 559
532 188 762 61
532 189 762 48
535 190 762 1226
536 192 762 108
536 191 762 543
543 193 762 1716
548 194 762 1588
552 195 762 1477
552 196 762 274
557 197 762 1539
557 198 762 444
557 199 762 291
560 200 762 1186
563 201 762 1157
575 202 762 1884
579 203 762 1401
579 204 762 126
581 205 762 1083
581 206 762 497
581 207 762 356
586 208 762 1502
587 209 762 867
594 210 762 1741
596 212 762 317
596 211 762 883
602 213 762 1673
614 214 762 1880
616 215 762 961
620 216 762 1362
620 217 762 470
627 218 762 1704
631 219 762 1450
632 220 762 769
633 221 762 599
639 222 762 1611
646 223 762 1746
651 224 762 1519
656 225 762 1506
656 226 762 489
656 227 762 3
657 228 762 866
663 229 762 1618
670 230 762 1706
671 231 762 857
672 232 762 774
673 233 762 576
692 234 762 1919
692 235 762 89
693 236 762 793
696 237 762 1147
696 238 762 207
696 239 762 58
699 241 762 234
699 240 762 1151
701 242 762 981
703 243 762 1119
703 244 762 232
703 245 762 342
703 246 762 226
703 247 762 359
711 248 762 1760
712 250 762 114
712 249 762 627
719 251 762 1728
727 252 762 1760
729 253 762 918
733 254 762 1447
734 255 762 586
738 256 762 1471
738 257 762 138
747 258 762 1806
748 259 762 545
749 260 762 594
749 261 762 494
753 262 762 1415
762 263 762 1809
764 264 762 1085
766 265 762 884
766 266 762 109
772 267 762 1665
778 268 762 1679
786 269 762 1790
786 270 762 167
786 271 762 215
786 272 762 263
792 273 762 1645
792 274 762 298
793 275 762 534
798 277 762 492
798 276 762 1542
803 278 762 1514
806 279 762 1177
809 280 762 1279
809 281 762 130
809 282 762 167
809 283 762 238
814 284 762 1503
828 285 762 1903
830 286 762 1022
838 287 762 1781
840 288 762 1053
843 289 762 1333
844 290 762 543
845 291 762 655
848 292 762 1265
853 293 762 1586
857 294 762 1389
858 295 762 657
859 296 762 744
861 298 762 33
861 297 762 1097
864 299 762 1273
864 300 762 233
864 301 762 485
865 302 762 604
878 303 762 1895
878 304 762 460
887 305 762 1824
891 306 762 1464
