5 0 1240 1499
8 1 1240 1244
9 2 1240 821
21 3 1240 1883
24 4 1240 1344
29 5 1240 1498
31 6 1240 1123
31 7 1240 101
40 8 1240 1799
41 9 1240 603
41 10 1240 147
42 11 1240 728
42 12 1240 381
43 13 1240 533
45 14 1240 1109
45 15 1240 361
45 16 1240 53
46 17 1240 787
47 18 1240 667
48 19 1240 614
59 20 1240 1865
59 21 1240 365
60 22 1240 806
67 23 1240 1704
68 24 1240 741
73 26 1240 9
73 25 1240 1500
77 27 1240 1451
78 28 1240 527
83 29 1240 1567
84 30 1240 665
84 31 1240 305
85 32 1240 528
87 33 1240 992
91 34 1240 1362
91 35 1240 144
93 37 1240 313
93 36 1240 1014
94 38 1240 788
96 39 1240 1108
97 40 1240 546
97 41 1240 273
103 42 1240 1676
108 43 1240 1591
108 44 1240 363
111 45 1240 1320
112 46 1240 829
118 47 1240 1624
120 48 1240 934
120 49 1240 5
120 50 1240 382
122 51 1240 1007
122 52 1240 9
122 53 1240 52
126 54 1240 1409
128 56 1240 438
128 55 1240 1134
130 57 1240 1041
133 58 1240 1142
141 59 1240 1768
145 60 1240 1488
150 61 1240 1596
155 62 1240 1498
155 63 1240 231
166 64 1240 1862
174 65 1240 1767
174 66 1240 200
177 67 1240 1314
179 68 1240 1096
181 69 1240 965
184 70 1240 1271
190 71 1240 1664
215 72 1240 1924
219 74 1240 68
219 73 1240 1484
224 75 1240 1591
225 76 1240 613
227 77 1240 1139
230 78 1240 1341
234 79 1240 1346
235 80 1240 670
235 81 1240 310
236 82 1240 517
237 83 1240 521
240 84 1240 1185
245 87 1240 475
245 85 1240 1583
245 86 1240 295
250 88 1240 1508
250 89 1240 227
256 90 1240 1631
270 91 1240 1897
272 92 1240 1095
274 93 1240 944
279 94 1240 1545
281 95 1240 875
282 96 1240 699
286 97 1240 1445
292 98 1240 1654
293 99 1240 521
295 100 1240 1119
299 101 1240 1440
300 102 1240 528
313 103 1240 1893
314 104 1240 659
315 105 1240 642
317 106 1240 1008
317 107 1240 450
333 108 1240 1909
340 109 1240 1742
341 110 1240 521
344 111 1240 1223
350 112 1240 1625
357 113 1240 1721
359 114 1240 1097
362 115 1240 1177
364 116 1240 1079
366 117 1240 977
368 118 1240 970
368 119 1240 279
372 120 1240 1471
378 121 1240 1649
385 122 1240 1730
387 123 1240 868
390 124 1240 1258
393 125 1240 1299
394 126 1240 569
396 127 1240 979
407 128 1240 1864
409 129 1240 1117
411 130 1240 892
413 131 1240 1093
417 132 1240 1410
418 134 1240 226
418 133 1240 820
421 135 1240 1155
428 136 1240 1707
429 137 1240 548
437 138 1240 1787
438 139 1240 543
439 140 1240 574
447 141 1240 1770
447 142 1240 491
454 143 1240 1690
460 144 1240 1631
460 145 1240 408
460 146 1240 271
463 147 1240 1299
471 148 1240 1772
471 149 1240 367
478 150 1240 1720
484 151 1240 1647
484 152 1240 474
488 153 1240 1374
490 154 1240 974
494 155 1240 1395
500 156 1240 1634
505 157 1240 1584
506 158 1240 635
509 159 1240 1284
509 160 1240 73
509 161 1240 29
510 162 1240 510
511 163 1240 791
512 164 1240 850
516 165 1240 1353
523 166 1240 1737
524 167 1240 805
528 168 1240 1495
539 169 1240 1867
543 170 1240 1395
544 171 1240 531
546 172 1240 1115
546 173 1240 427
552 174 1240 1629
558 175 1240 1625
561 176 1240 1158
561 177 1240 40
564 178 1240 1162
565 179 1240 850
567 180 1240 1027
570 181 1240 1194
572 182 1240 1132
577 183 1240 1496
580 184 1240 1322
583 185 1240 1170
584 186 1240 618
584 187 1240 36
592 188 1240 1770
593 189 1240 756
597 191 1240 122
597 190 1240 1445
607 192 1240 1838
608 193 1240 502
608 194 1240 469
609 195 1240 545
612 196 1240 1259
618 197 1240 1624
619 198 1240 840
619 199 1240 278
620 200 1240 596
624 201 1240 1391
631 202 1240 1729
641 203 1240 1829
643 204 1240 897
646 205 1240 1189
647 206 1240 532
647 207 1240 47
653 208 1240 1670
656 210 1240 236
656 209 1240 1274
661 211 1240 1594
661 212 1240 422
668 213 1240 1709
668 214 1240 257
669 215 1240 803
670 216 1240 822
672 217 1240 938
676 218 1240 1394
681 219 1240 1605
682 220 1240 734
689 221 1240 1701
691 222 1240 960
692 223 1240 738
692 224 1240 422
695 225 1240 1272
696 226 1240 617
697 227 1240 612
709 228 1240 1882
711 230 1240 365
711 229 1240 1084
715 231 1240 1458
717 232 1240 1125
719 233 1240 883
719 234 1240 254
724 235 1240 1560
728 236 1240 1390
731 237 1240 1227
732 239 1240 132
732 238 1240 599
733 240 1240 637
734 241 1240 570
734 242 1240 290
734 243 1240 496
735 244 1240 519
743 245 1240 1775
749 248 1240 244
749 247 1240 128
749 246 1240 1625
754 249 1240 1591
760 250 1240 1648
760 251 1240 321
760 252 1240 230
763 253 1240 1159
767 254 1240 1468
768 256 1240 430
768 255 1240 819
770 257 1240 990
774 258 1240 1407
779 259 1240 1550
780 260 1240 571
790 261 1240 1844
790 262 1240 89
791 263 1240 586
793 264 1240 908
794 266 1240 469
794 265 1240 702
798 267 1240 1463
802 268 1240 1454
803 269 1240 621
806 270 1240 1338
811 271 1240 1519
811 272 1240 339
814 273 1240 1261
816 274 1240 967
816 275 1240 163
820 278 1240 219
820 277 1240 464
820 276 1240 1410
821 279 1240 571
826 280 1240 1571
826 281 1240 489
826 282 1240 367
826 283 1240 291
830 284 1240 1360
830 285 1240 44
833 286 1240 1228
846 287 1240 1890
849 288 1240 1340
853 289 1240 1359
855 290 1240 1130
855 291 1240 399
862 292 1240 1745
864 293 1240 974
868 294 1240 1486
869 296 1240 481
869 295 1240 718
875 297 1240 1629
880 298 1240 1512
887 299 1240 1741
890 300 1240 1306
890 301 1240 162
891 302 1240 598
896 304 1240 252
896 305 1240 129
896 303 1240 1548
911 306 1240 1906
