5 0 1538 1604
8 1 1538 1207
8 2 1538 448
10 3 1538 911
17 4 1538 1713
18 5 1538 546
19 6 1538 563
23 7 1538 1351
23 8 1538 262
25 9 1538 1127
26 10 1538 504
26 11 1538 43
30 12 1538 1417
33 13 1538 1342
34 14 1538 751
35 15 1538 670
35 16 1538 125
39 22 1538 129
39 21 1538 354
39 20 1538 296
39 18 1538 194
39 17 1538 1437
39 19 1538 9
45 23 1538 1608
59 24 1538 1903
74 25 1538 1905
75 26 1538 590
82 27 1538 1723
85 28 1538 1264
90 29 1538 1537
98 30 1538 1775
99 31 1538 757
101 32 1538 1092
101 33 1538 301
101 34 1538 282
103 35 1538 1076
108 36 1538 1522
110 37 1538 971
118 38 1538 1783
119 39 1538 673
119 40 1538 251
120 41 1538 865
128 42 1538 1777
132 43 1538 1480
141 44 1538 1827
146 45 1538 1543
148 46 1538 938
152 47 1538 1413
152 48 1538 259
152 49 1538 86
153 50 1538 690
154 51 1538 605
158 52 1538 1352
163 53 1538 1579
168 54 1538 1605
171 55 1538 1250
173 56 1538 1077
174 57 1538 764
176 58 1538 933
183 59 1538 1732
195 60 1538 1881
196 61 1538 764
196 62 1538 86
197 63 1538 650
200 64 1538 1276
206 65 1538 1672
208 66 1538 876
210 67 1538 1115
212 68 1538 1060
217 69 1538 1599
219 70 1538 1072
221 71 1538 1079
226 72 1538 1579
230 73 1538 1446
236 74 1538 1682
240 75 1538 1356
241 76 1538 501
242 77 1538 573
249 78 1538 1706
249 79 1538 359
251 80 1538 967
253 81 1538 1101
257 82 1538 1464
260 83 1538 1178
261 84 1538 846
264 85 1538 1169
267 86 1538 1329
271 87 1538 1437
272 88 1538 620
274 89 1538 957
298 90 1538 1923
299 91 1538 757
299 92 1538 37
299 93 1538 50
300 94 1538 717
304 95 1538 1411
305 96 1538 779
307 97 1538 1127
307 98 1538 203
307 99 1538 154
308 100 1538 667
315 101 1538 1748
315 102 1538 353
316 103 1538 584
318 104 1538 938
323 105 1538 1536
325 106 1538 951
335 107 1538 1831
344 108 1538 1821
344 109 1538 249
345 110 1538 748
346 111 1538 503
348 112 1538 982
349 113 1538 574
350 114 1538 765
351 115 1538 779
354 116 1538 1225
355 117 1538 832
362 118 1538 1728
362 119 1538 107
362 120 1538 342
366 123 1538 102
366 122 1538 495
366 121 1538 1363
371 124 1538 1601
371 125 1538 314
373 126 1538 1041
378 127 1538 1528
379 128 1538 729
379 129 1538 271
380 130 1538 577
383 132 1538 370
383 131 1538 1299
388 133 1538 1551
394 134 1538 1616
397 135 1538 1143
398 136 1538 747
400 137 1538 879
400 138 1538 239
403 140 1538 217
403 139 1538 1235
407 141 1538 1422
412 142 1538 1541
412 143 1538 371
412 144 1538 208
416 145 1538 1419
423 146 1538 1700
427 147 1538 1387
430 148 1538 1209
441 150 1538 185
441 149 1538 1862
452 151 1538 1871
455 153 1538 96
455 152 1538 1323
462 154 1538 1737
465 155 1538 1229
468 156 1538 1252
468 157 1538 250
470 158 1538 908
471 159 1538 623
471 160 1538 494
475 161 1538 1348
477 162 1538 1102
482 163 1538 1550
487 164 1538 1597
491 165 1538 1374
491 166 1538 133
495 167 1538 1355
497 168 1538 883
502 170 1538 31
502 171 1538 346
502 169 1538 1546
503 172 1538 592
503 173 1538 493
512 174 1538 1814
513 175 1538 844
520 176 1538 1747
520 177 1538 124
529 179 1538 181
529 178 1538 1818
530 180 1538 539
535 181 1538 1578
535 182 1538 318
536 183 1538 791
536 184 1538 85
537 185 1538 630
551 186 1538 1900
551 187 1538 273
558 189 1538 386
558 188 1538 1739
567 191 1538 497
567 190 1538 1816
580 192 1538 1895
585 193 1538 1541
586 194 1538 740
587 195 1538 794
587 196 1538 320
604 197 1538 1915
605 198 1538 698
606 199 1538 759
609 201 1538 344
609 200 1538 1286
610 202 1538 504
615 203 1538 1588
625 204 1538 1830
633 205 1538 1764
636 206 1538 1279
637 207 1538 830
637 208 1538 207
639 209 1538 892
643 210 1538 1407
645 211 1538 1128
645 212 1538 357
646 213 1538 727
646 214 1538 84
647 215 1538 841
649 216 1538 1030
649 217 1538 310
653 218 1538 1465
655 219 1538 966
659 220 1538 1398
667 221 1538 1785
672 222 1538 1541
672 223 1538 497
678 224 1538 1655
682 225 1538 1459
682 226 1538 376
684 227 1538 976
690 228 1538 1678
692 229 1538 1019
693 230 1538 524
701 231 1538 1756
705 232 1538 1350
707 233 1538 1059
708 234 1538 820
708 235 1538 195
710 236 1538 1074
711 237 1538 655
713 239 1538 245
713 238 1538 885
716 240 1538 1276
718 241 1538 1070
718 242 1538 66
719 243 1538 847
721 244 1538 904
722 245 1538 688
722 246 1538 139
725 247 1538 1167
729 248 1538 1457
738 249 1538 1823
745 250 1538 1689
745 251 1538 9
745 252 1538 450
751 253 1538 1657
754 254 1538 1285
758 255 1538 1425
759 257 1538 7
759 256 1538 727
770 258 1538 1857
770 259 1538 371
774 260 1538 1388
774 261 1538 302
776 262 1538 1076
778 263 1538 1112
778 264 1538 368
783 265 1538 1575
790 266 1538 1702
793 267 1538 1222
803 268 1538 1832
812 269 1538 1813
819 270 1538 1691
819 271 1538 374
823 272 1538 1350
826 273 1538 1219
832 274 1538 1615
832 275 1538 328
839 276 1538 1718
840 277 1538 694
845 278 1538 1517
847 279 1538 967
850 280 1538 1319
852 281 1538 1133
856 282 1538 1444
864 283 1538 1779
867 284 1538 1255
868 285 1538 514
871 286 1538 1306
877 287 1538 1618
884 288 1538 1698
887 289 1538 1319
891 290 1538 1392
893 291 1538 1067
894 292 1538 722
895 293 1538 514
896 294 1538 782
898 295 1538 973
916 296 1538 1918
918 297 1538 879
918 298 1538 478
921 299 1538 1253
923 300 1538 910
924 301 1538 841
927 302 1538 1260
932 303 1538 1568
932 304 1538 132
935 305 1538 1314
936 306 1538 584
