4 0 1572 1436
4 1 1572 217
5 2 1572 518
13 3 1572 1772
14 4 1572 642
15 5 1572 653
17 6 1572 1001
18 7 1572 592
26 8 1572 1791
31 9 1572 1572
34 10 1572 1301
34 11 1572 399
34 12 1572 87
36 13 1572 911
38 14 1572 940
41 15 1572 1334
43 16 1572 1055
48 17 1572 1553
53 18 1572 1552
54 19 1572 767
56 20 1572 1010
59 21 1572 1232
63 22 1572 1375
69 23 1572 1625
69 24 1572 313
71 25 1572 983
73 26 1572 908
81 28 1572 112
81 27 1572 1791
83 29 1572 1032
83 30 1572 347
97 31 1572 1901
104 32 1572 1734
108 33 1572 1416
108 34 1572 279
109 35 1572 557
121 36 1572 1880
122 37 1572 845
126 38 1572 1377
126 39 1572 233
128 40 1572 953
138 41 1572 1833
149 42 1572 1864
156 43 1572 1729
156 44 1572 317
157 45 1572 543
165 46 1572 1774
169 47 1572 1388
170 48 1572 557
171 49 1572 715
174 50 1572 1305
178 51 1572 1364
180 52 1572 940
183 53 1572 1261
184 54 1572 863
184 55 1572 204
185 56 1572 766
186 57 1572 817
190 58 1572 1458
195 59 1572 1584
201 60 1572 1669
203 61 1572 1134
203 62 1572 480
204 63 1572 758
207 64 1572 1225
210 65 1572 1324
211 66 1572 589
212 67 1572 596
213 68 1572 632
213 69 1572 383
217 70 1572 1378
217 71 1572 209
217 72 1572 175
220 73 1572 1318
227 74 1572 1738
229 75 1572 1102
232 76 1572 1292
237 77 1572 1571
240 78 1572 1308
247 79 1572 1695
249 80 1572 1133
253 81 1572 1444
256 82 1572 1234
259 83 1572 1322
265 84 1572 1651
267 85 1572 907
269 86 1572 961
269 87 1572 473
270 88 1572 553
270 89 1572 75
277 90 1572 1716
279 91 1572 1063
282 92 1572 1311
289 94 1572 488
289 93 1572 1717
296 95 1572 1743
300 96 1572 1353
302 97 1572 1105
303 98 1572 504
305 99 1572 918
317 100 1572 1878
320 101 1572 1178
321 103 1572 174
321 102 1572 756
324 104 1572 1261
326 105 1572 1095
329 106 1572 1188
334 107 1572 1546
338 108 1572 1447
344 109 1572 1686
345 110 1572 836
347 111 1572 1120
351 112 1572 1434
357 115 1572 225
357 113 1572 1688
357 114 1572 451
366 116 1572 1825
368 117 1572 1082
370 118 1572 1031
370 119 1572 317
370 120 1572 362
370 121 1572 116
370 122 1572 43
371 123 1572 557
372 124 1572 591
372 125 1572 315
373 126 1572 822
373 127 1572 383
374 128 1572 830
393 129 1572 1919
399 130 1572 1673
399 131 1572 186
401 133 1572 390
401 132 1572 1066
408 134 1572 1741
420 135 1572 1880
421 136 1572 688
423 137 1572 1059
423 138 1572 60
424 139 1572 555
430 140 1572 1644
433 141 1572 1340
435 142 1572 950
436 143 1572 791
439 144 1572 1163
440 145 1572 596
445 146 1572 1553
450 147 1572 1548
453 149 1572 263
453 148 1572 1266
463 152 1572 73
463 153 1572 187
463 150 1572 1843
463 151 1572 270
464 154 1572 555
472 155 1572 1762
474 156 1572 1135
474 157 1572 198
479 158 1572 1507
481 159 1572 946
481 160 1572 273
482 161 1572 805
483 162 1572 716
487 163 1572 1452
487 164 1572 12
488 165 1572 649
488 166 1572 53
490 167 1572 1044
501 168 1572 1872
501 169 1572 495
505 170 1572 1461
506 171 1572 765
508 172 1572 1021
508 173 1572 475
509 174 1572 597
511 175 1572 947
513 176 1572 1090
516 177 1572 1176
519 178 1572 1318
539 179 1572 1920
540 180 1572 686
543 181 1572 1199
545 182 1572 1042
546 183 1572 567
546 184 1572 76
550 185 1572 1403
550 186 1572 113
552 187 1572 879
560 188 1572 1759
574 189 1572 1903
575 191 1572 489
575 190 1572 745
579 192 1572 1477
581 193 1572 1039
581 194 1572 282
582 195 1572 839
583 196 1572 624
587 197 1572 1422
588 198 1572 779
589 199 1572 514
590 200 1572 542
591 201 1572 509
596 202 1572 1601
597 203 1572 770
598 204 1572 726
600 205 1572 1077
603 206 1572 1173
608 207 1572 1522
613 208 1572 1514
618 209 1572 1532
619 210 1572 671
631 211 1572 1883
632 212 1572 805
637 213 1572 1512
637 214 1572 260
639 215 1572 998
645 216 1572 1687
645 217 1572 148
649 218 1572 1376
650 219 1572 534
651 220 1572 536
653 221 1572 1099
656 222 1572 1209
669 223 1572 1893
675 224 1572 1675
677 225 1572 972
680 226 1572 1213
695 227 1572 1907
695 228 1572 193
701 230 1572 323
701 229 1572 1683
706 231 1572 1592
706 232 1572 397
707 233 1572 803
711 234 1572 1377
711 235 1572 176
716 236 1572 1523
716 237 1572 271
724 238 1572 1766
726 240 1572 229
726 239 1572 924
727 241 1572 515
730 242 1572 1289
730 243 1572 227
733 244 1572 1231
734 245 1572 786
740 246 1572 1609
753 247 1572 1889
754 248 1572 779
757 249 1572 1209
759 250 1572 1076
759 251 1572 475
759 252 1572 46
759 253 1572 245
773 254 1572 1903
777 255 1572 1368
780 256 1572 1225
786 257 1572 1632
788 258 1572 1020
794 259 1572 1678
802 260 1572 1788
805 261 1572 1191
808 262 1572 1329
816 263 1572 1756
819 264 1572 1208
821 265 1572 1004
825 269 1572 83
825 268 1572 134
825 267 1572 1
825 266 1572 1486
829 270 1572 1400
833 271 1572 1416
833 272 1572 307
833 273 1572 451
833 274 1572 304
833 275 1572 20
840 276 1572 1734
842 277 1572 982
843 278 1572 662
845 279 1572 888
848 280 1572 1288
851 281 1572 1248
853 282 1572 1128
855 283 1572 909
856 284 1572 606
864 285 1572 1773
869 287 1572 152
869 286 1572 1545
870 288 1572 825
870 289 1572 9
872 290 1572 876
881 291 1572 1816
884 292 1572 1175
884 293 1572 87
886 294 1572 1060
888 295 1572 963
890 296 1572 1110
894 297 1572 1458
896 298 1572 943
896 299 1572 227
899 300 1572 1225
905 301 1572 1607
913 302 1572 1755
914 303 1572 696
921 304 1572 1733
926 305 1572 1584
926 306 1572 167
