0 0 873 301
4 1 873 1377
10 2 873 1652
14 3 873 1449
17 4 873 1301
20 5 873 1319
27 6 873 1700
27 7 873 16
28 8 873 568
32 9 873 1377
39 10 873 1691
40 11 873 582
41 12 873 868
41 13 873 164
41 14 873 357
49 15 873 1779
57 16 873 1795
61 19 873 54
61 18 873 343
61 17 873 1369
65 20 873 1476
65 21 873 108
70 22 873 1606
73 23 873 1302
76 24 873 1218
76 25 873 26
81 26 873 1575
83 28 873 359
83 27 873 1110
99 29 873 1910
99 30 873 174
104 31 873 1584
104 32 873 43
104 33 873 223
104 34 873 286
108 35 873 1360
109 36 873 750
111 38 873 184
111 37 873 1039
114 39 873 1271
119 40 873 1511
124 41 873 1533
124 42 873 155
124 43 873 355
130 44 873 1688
131 45 873 769
134 46 873 1292
147 47 873 1889
156 48 873 1819
158 49 873 1010
164 50 873 1620
166 51 873 1062
168 52 873 1062
170 53 873 1055
176 54 873 1616
176 55 873 192
183 58 873 230
183 57 873 349
183 56 873 1695
186 59 873 1275
192 60 873 1668
193 61 873 589
198 62 873 1582
199 63 873 582
202 64 873 1203
202 65 873 106
203 66 873 539
204 67 873 644
213 68 873 1803
215 69 873 921
217 70 873 1028
218 71 873 756
221 72 873 1185
223 73 873 996
223 74 873 468
234 75 873 1868
246 76 873 1878
249 77 873 1251
254 78 873 1539
254 79 873 449
255 80 873 659
261 81 873 1610
264 82 873 1216
267 83 873 1273
267 84 873 290
269 85 873 1036
270 86 873 522
272 87 873 913
273 88 873 532
273 89 873 93
278 90 873 1590
278 91 873 401
279 92 873 808
280 93 873 833
285 94 873 1527
287 95 873 922
299 96 873 1875
304 97 873 1498
306 98 873 1077
311 99 873 1581
311 100 873 230
312 101 873 647
312 102 873 86
314 103 873 897
329 104 873 1907
330 105 873 864
339 106 873 1802
339 107 873 66
340 108 873 587
346 109 873 1673
346 110 873 239
346 111 873 444
347 112 873 735
354 113 873 1706
355 115 873 58
355 114 873 616
358 116 873 1297
358 117 873 309
358 118 873 292
358 119 873 167
363 120 873 1509
368 121 873 1550
368 122 873 112
375 123 873 1709
378 124 873 1256
379 125 873 627
391 126 873 1872
391 127 873 351
395 128 873 1393
399 129 873 1470
417 130 873 1917
417 131 873 379
417 132 873 173
429 135 873 11
429 134 873 218
429 133 873 1883
434 136 873 1523
434 137 873 318
437 138 873 1290
441 139 873 1350
444 140 873 1158
444 141 873 455
444 142 873 326
445 143 873 783
453 144 873 1778
456 145 873 1145
461 146 873 1590
463 147 873 1026
463 148 873 217
467 149 873 1469
472 150 873 1549
477 151 873 1565
480 152 873 1205
482 154 873 71
482 153 873 910
483 155 873 604
484 156 873 535
484 157 873 302
489 158 873 1566
492 159 873 1280
494 160 873 916
498 161 873 1451
499 162 873 597
501 163 873 1041
507 164 873 1680
515 165 873 1785
515 166 873 270
516 167 873 777
520 168 873 1488
521 169 873 605
521 170 873 460
523 171 873 979
525 172 873 944
526 173 873 866
528 174 873 933
530 175 873 1053
533 176 873 1224
536 177 873 1253
547 178 873 1856
547 179 873 110
549 180 873 961
550 181 873 846
550 182 873 133
560 183 873 1849
570 184 873 1846
570 185 873 352
572 186 873 1099
575 187 873 1188
584 188 873 1811
589 189 873 1539
593 190 873 1400
596 191 873 1221
597 194 873 434
597 192 873 677
597 193 873 9
603 195 873 1632
611 196 873 1783
614 197 873 1209
616 198 873 1027
634 199 873 1918
636 200 873 875
637 201 873 813
641 202 873 1463
646 203 873 1537
648 204 873 1008
649 205 873 570
650 206 873 621
650 207 873 338
664 208 873 1901
666 209 873 943
669 210 873 1305
672 212 873 371
672 211 873 1206
676 213 873 1455
676 214 873 319
676 215 873 70
679 216 873 1317
680 217 873 673
682 218 873 1120
685 219 873 1328
686 220 873 686
688 221 873 1006
690 222 873 890
702 223 873 1873
704 224 873 1129
707 225 873 1164
707 226 873 301
709 227 873 934
709 228 873 432
712 229 873 1226
715 232 873 226
715 230 873 1195
715 231 873 15
726 233 873 1862
729 234 873 1160
729 235 873 147
732 236 873 1307
733 237 873 521
734 238 873 840
737 239 873 1276
743 240 873 1655
744 241 873 760
747 242 873 1212
748 243 873 868
748 244 873 233
748 245 873 194
749 246 873 849
752 247 873 1147
758 250 873 315
758 249 873 364
758 248 873 1615
760 251 873 1109
760 252 873 88
766 253 873 1623
769 254 873 1232
777 255 873 1793
787 256 873 1847
792 258 873 407
792 257 873 1514
800 259 873 1769
800 260 873 268
806 261 873 1612
816 262 873 1831
817 263 873 675
823 264 873 1672
826 265 873 1290
828 269 873 172
828 268 873 294
828 267 873 433
828 266 873 979
829 270 873 687
830 271 873 795
838 272 873 1758
846 273 873 1769
851 274 873 1598
861 275 873 1850
868 277 873 22
868 276 873 1719
874 278 873 1640
876 279 873 935
876 280 873 314
878 281 873 1079
881 282 873 1243
881 283 873 68
883 284 873 910
883 285 873 85
893 286 873 1851
894 287 873 528
895 288 873 630
898 289 873 1291
898 290 873 224
905 291 873 1718
905 292 873 114
907 293 873 995
909 294 873 1007
909 295 873 42
910 296 873 853
911 297 873 536
913 298 873 1120
915 299 873 868
917 300 873 1139
917 301 873 416
918 302 873 852
922 303 873 1443
927 304 873 1601
931 305 873 1445
934 306 873 1276
