0 379 35 1085
0 1167 35 26
0 1166 35 1880
0 784 35 247
0 783 35 97
0 782 35 153
0 781 35 815
1 380 35 548
1 382 35 6
1 381 35 87
2 385 35 448
2 384 35 432
2 383 35 594
2 785 35 1034
2 786 35 233
4 1168 35 1476
5 386 35 1181
5 1169 35 864
6 387 35 516
6 388 35 314
6 0 35 1633
6 1 35 323
8 787 35 1634
9 1170 35 1488
9 788 35 805
9 789 35 415
9 2 35 1265
11 3 35 963
12 790 35 1253
13 4 35 1085
15 1171 35 1685
16 791 35 1379
16 792 35 105
17 793 35 813
18 389 35 1873
18 390 35 16
18 794 35 856
20 795 35 1066
23 796 35 1241
24 797 35 626
27 798 35 1173
27 391 35 1816
30 1172 35 1904
31 392 35 1424
32 1173 35 995
34 393 35 1175
36 799 35 1807
37 1174 35 1506
38 801 35 292
38 800 35 901
40 394 35 1621
40 395 35 0
41 802 35 1340
41 5 35 1924
42 396 35 1021
42 803 35 862
43 804 35 843
43 397 35 863
44 1176 35 405
44 1175 35 1727
44 398 35 853
45 805 35 929
46 806 35 535
46 807 35 421
46 400 35 135
46 399 35 1020
47 808 35 602
49 7 35 31
49 6 35 1763
50 12 35 36
50 9 35 493
50 8 35 659
50 1177 35 1608
50 11 35 264
50 10 35 35
51 1178 35 503
52 13 35 1087
53 14 35 694
54 15 35 629
54 1179 35 1318
55 809 35 1753
55 1181 35 298
55 1180 35 582
56 1182 35 667
57 1183 35 679
57 401 35 1871
58 1184 35 813
58 810 35 1201
59 811 35 818
59 403 35 218
59 402 35 979
60 1185 35 1078
60 812 35 647
60 16 35 1607
60 17 35 333
60 1186 35 120
61 1187 35 610
63 1189 35 221
63 1188 35 1125
64 813 35 1446
65 1191 35 384
65 1190 35 1043
65 814 35 797
66 816 35 409
66 815 35 706
67 404 35 1780
69 817 35 1229
69 1192 35 1386
72 405 35 1565
73 1194 35 364
73 1193 35 1357
73 18 35 1889
74 19 35 679
75 20 35 772
76 818 35 1731
77 1195 35 1466
78 1196 35 510
79 22 35 189
79 21 35 1431
82 1197 35 1367
82 1198 35 59
84 1199 35 922
86 1200 35 1113
87 409 35 341
87 406 35 1906
87 407 35 352
87 408 35 468
87 1201 35 721
90 23 35 1869
90 24 35 484
91 411 35 239
91 410 35 1456
92 412 35 667
92 1202 35 1550
92 413 35 45
92 819 35 1910
93 25 35 1240
93 822 35 115
93 821 35 291
93 1203 35 777
93 1204 35 396
93 820 35 861
94 823 35 701
95 414 35 1281
96 415 35 696
97 1205 35 1445
98 416 35 1051
98 27 35 159
98 26 35 1588
98 417 35 136
98 1206 35 570
99 1208 35 150
99 1207 35 518
100 29 35 189
100 28 35 1013
101 824 35 1709
102 30 35 949
103 825 35 922
103 1209 35 1453
103 31 35 610
104 826 35 810
104 828 35 121
104 827 35 238
105 32 35 1074
105 33 35 486
106 418 35 1789
108 419 35 1030
109 829 35 1522
109 830 35 399
110 1210 35 1720
111 831 35 991
111 420 35 1322
112 1211 35 925
112 421 35 854
112 422 35 470
112 36 35 351
112 35 35 239
112 34 35 1712
112 833 35 270
112 832 35 724
113 1212 35 788
113 834 35 644
114 423 35 1049
116 1214 35 395
116 1213 35 1325
117 1216 35 80
117 1215 35 812
117 835 35 1394
118 1217 35 548
119 424 35 1563
119 425 35 431
120 1220 35 243
120 1218 35 1003
120 1219 35 79
121 836 35 1400
122 426 35 1236
122 427 35 86
123 1221 35 1269
124 1222 35 825
124 837 35 1215
125 37 35 1891
126 428 35 1361
126 38 35 706
127 838 35 1178
127 1223 35 1255
127 39 35 635
128 430 35 199
128 429 35 878
128 40 35 654
130 840 35 498
130 839 35 1242
132 432 35 466
132 431 35 1357
134 1224 35 1745
134 42 35 319
134 41 35 1617
135 43 35 724
135 433 35 1261
136 1225 35 1103
136 1226 35 298
137 434 35 950
137 841 35 1736
137 1227 35 546
138 435 35 602
139 842 35 1031
139 44 35 1421
140 436 35 1033
141 843 35 977
143 844 35 1138
143 845 35 435
143 45 35 1410
144 47 35 386
144 46 35 579
144 846 35 732
145 847 35 584
145 848 35 16
145 849 35 149
145 49 35 56
145 48 35 762
146 851 35 12
146 850 35 656
147 852 35 820
147 437 35 1713
148 438 35 739
149 439 35 792
149 440 35 466
150 853 35 1188
150 441 35 829
150 442 35 47
152 854 35 945
153 855 35 609
153 856 35 177
154 857 35 638
156 858 35 1078
160 50 35 1908
162 51 35 1028
163 52 35 557
163 53 35 401
164 443 35 1897
164 444 35 416
166 859 35 1846
166 860 35 119
166 861 35 296
166 862 35 300
168 55 35 201
168 54 35 1592
168 863 35 1005
168 56 35 134
171 57 35 1320
171 58 35 479
171 445 35 1702
172 866 35 94
172 865 35 209
172 867 35 376
172 864 35 1354
173 868 35 801
174 446 35 1149
176 869 35 1327
178 447 35 1379
179 60 35 336
179 870 35 1231
179 59 35 1769
181 872 35 51
181 871 35 1119
181 873 35 488
184 61 35 1604
185 874 35 1411
186 63 35 470
186 62 35 943
187 875 35 1050
187 448 35 1818
189 449 35 925
190 64 35 1468
190 876 35 1185
191 450 35 873
192 877 35 1063
193 451 35 884
194 65 35 1349
195 452 35 999
196 66 35 1114
196 878 35 1487
199 879 35 1273
199 882 35 222
199 880 35 190
199 881 35 225
200 67 35 1474
202 453 35 1748
203 68 35 1299
203 69 35 455
203 70 35 278
208 454 35 1622
209 71 35 1641
211 455 35 1205
213 883 35 1896
214 884 35 865
214 72 35 1552
214 885 35 386
214 886 35 171
215 456 35 1401
217 74 35 24
217 73 35 1254
218 887 35 1460
219 75 35 1079
221 76 35 1112
221 888 35 1250
221 889 35 35
224 890 35 1217
225 891 35 761
225 78 35 447
225 77 35 1389
225 892 35 136
226 457 35 1854
227 79 35 998
227 458 35 579
228 80 35 661
228 893 35 1256
230 894 35 1122
230 895 35 201
231 460 35 328
231 459 35 1349
231 81 35 1201
234 896 35 1435
234 897 35 26
234 82 35 1321
236 84 35 206
236 83 35 956
239 898 35 1547
240 461 35 1820
241 901 35 355
241 900 35 341
241 899 35 928
242 462 35 915
246 86 35 52
246 85 35 1846
247 87 35 672
247 465 35 99
247 464 35 142
247 463 35 1514
248 88 35 819
248 902 35 1707
249 903 35 613
250 904 35 843
253 89 35 1510
253 90 35 105
254 466 35 1697
254 905 35 1462
255 91 35 955
257 467 35 1330
259 92 35 1412
259 468 35 1019
260 94 35 298
260 93 35 861
260 469 35 679
262 95 35 975
263 96 35 674
265 470 35 1588
266 906 35 1885
266 907 35 331
268 471 35 1263
271 97 35 1773
271 472 35 1322
273 473 35 996
273 908 35 1702
274 98 35 1180
274 99 35 72
274 100 35 295
274 474 35 563
274 475 35 492
275 477 35 497
275 476 35 806
276 478 35 633
276 101 35 1029
278 103 35 307
278 102 35 1011
282 909 35 1820
284 479 35 1786
285 104 35 1703
285 105 35 267
286 910 35 1348
287 480 35 1207
288 911 35 1038
289 106 35 1400
290 912 35 1075
292 107 35 1227
292 108 35 376
293 109 35 512
295 483 35 436
295 110 35 1014
295 481 35 1782
295 484 35 5
295 482 35 193
296 111 35 669
297 913 35 1730
298 112 35 873
298 486 35 358
298 485 35 1240
299 487 35 643
302 113 35 1405
303 914 35 1656
304 488 35 1564
304 114 35 1108
306 116 35 282
306 115 35 1059
310 489 35 1670
312 490 35 1126
312 915 35 1818
312 916 35 74
312 917 35 329
312 918 35 140
314 491 35 1103
314 920 35 38
314 919 35 967
315 921 35 558
316 492 35 1134
317 922 35 1051
318 923 35 766
318 924 35 109
318 925 35 469
319 493 35 1315
319 494 35 464
320 926 35 982
320 495 35 571
321 927 35 720
322 117 35 1911
322 118 35 264
324 928 35 1291
327 119 35 1547
327 929 35 1209
330 497 35 458
330 121 35 442
330 120 35 1296
330 496 35 1839
331 122 35 655
332 930 35 1539
335 931 35 1158
338 498 35 1755
338 499 35 316
338 500 35 4
338 123 35 1714
338 124 35 349
339 932 35 1440
340 933 35 558
341 126 35 228
341 125 35 1247
342 127 35 690
342 934 35 932
344 128 35 955
345 501 35 1743
345 502 35 359
346 129 35 973
346 130 35 405
347 503 35 1138
349 133 35 375
349 132 35 208
349 131 35 1263
350 936 35 442
350 134 35 702
350 935 35 1760
350 504 35 1262
355 136 35 189
355 135 35 1556
355 937 35 1533
355 505 35 1535
357 938 35 1052
357 137 35 1014
359 507 35 2
359 506 35 1487
360 138 35 1178
360 940 35 426
360 939 35 1327
362 508 35 1185
364 510 35 398
364 509 35 1129
366 511 35 903
368 941 35 1765
369 512 35 1220
370 514 35 141
370 515 35 471
370 513 35 718
371 139 35 1863
371 140 35 446
372 141 35 749
372 142 35 296
372 143 35 306
372 144 35 495
374 942 35 1683
376 147 35 6
376 146 35 82
376 517 35 478
376 516 35 1626
376 145 35 1361
378 943 35 1354
379 944 35 611
379 945 35 178
381 518 35 1509
382 519 35 826
382 148 35 1678
385 947 35 331
385 149 35 1164
385 946 35 1611
386 150 35 693
387 151 35 687
388 520 35 1666
390 521 35 1054
390 948 35 1525
392 152 35 1509
393 949 35 1228
393 950 35 127
395 951 35 1106
397 153 35 1558
397 522 35 1691
398 154 35 700
400 523 35 1274
404 527 35 7
404 952 35 1811
404 526 35 129
404 525 35 484
404 524 35 1478
405 528 35 532
405 953 35 580
406 155 35 1778
406 156 35 374
407 954 35 890
409 157 35 1222
414 955 35 1707
417 956 35 1228
419 957 35 941
420 958 35 504
420 960 35 479
420 959 35 374
421 158 35 1882
421 160 35 38
421 159 35 455
422 162 35 272
422 161 35 710
423 529 35 1916
423 961 35 1165
424 531 35 348
424 530 35 577
425 163 35 1327
425 964 35 280
425 963 35 492
425 962 35 964
425 965 35 190
425 164 35 107
425 533 35 316
425 532 35 667
430 966 35 1523
431 165 35 1676
431 166 35 460
431 967 35 516
431 167 35 497
432 168 35 702
432 968 35 797
433 534 35 1781
436 169 35 1476
437 535 35 1388
438 170 35 869
441 171 35 1193
441 969 35 1821
441 536 35 1422
442 172 35 732
442 173 35 325
443 537 35 979
444 174 35 1100
445 971 35 466
445 970 35 1375
445 177 35 349
445 176 35 145
445 175 35 546
445 538 35 1099
445 539 35 394
448 178 35 1219
448 972 35 1201
449 973 35 737
450 179 35 913
450 975 35 197
450 974 35 540
451 540 35 1678
451 541 35 355
451 976 35 800
453 181 35 222
453 180 35 1165
455 543 35 434
455 542 35 1383
455 182 35 936
457 978 35 154
457 977 35 1621
458 545 35 222
458 544 35 1271
462 184 35 280
462 183 35 1716
467 547 35 415
467 546 35 1808
468 979 35 1855
468 185 35 1642
469 980 35 782
470 548 35 1173
470 981 35 651
472 983 35 62
472 982 35 1120
474 984 35 1082
474 985 35 433
474 186 35 1678
475 187 35 575
477 986 35 1272
478 987 35 859
480 188 35 1600
481 189 35 848
483 988 35 1593
484 190 35 1182
486 191 35 892
486 989 35 1150
487 990 35 531
488 549 35 1918
488 192 35 1056
489 193 35 722
490 550 35 869
491 991 35 1425
493 992 35 1028
494 551 35 1361
494 993 35 677
495 994 35 848
496 552 35 873
498 553 35 928
498 194 35 1825
498 995 35 1186
499 996 35 800
499 554 35 575
501 556 35 52
501 555 35 875
502 997 35 1190
503 557 35 1009
504 999 35 421
504 196 35 477
504 195 35 1660
504 998 35 1074
505 1000 35 580
506 197 35 893
506 198 35 198
507 1001 35 1094
507 199 35 744
508 558 35 1584
509 200 35 900
509 559 35 777
511 1002 35 1459
513 560 35 1406
514 201 35 1509
517 203 35 202
517 204 35 294
517 1003 35 1628
517 202 35 1228
517 561 35 1479
521 562 35 1395
521 205 35 1424
524 563 35 1193
525 564 35 551
525 1004 35 1777
525 565 35 49
525 566 35 235
527 567 35 904
528 568 35 861
529 569 35 677
530 1005 35 1585
531 570 35 973
532 571 35 647
533 206 35 1879
535 572 35 1303
536 209 35 153
536 207 35 1184
536 208 35 457
537 573 35 1115
539 574 35 1073
540 1006 35 1829
542 1008 35 39
542 210 35 1632
542 211 35 24
542 212 35 3
542 575 35 1310
542 1007 35 1073
543 1009 35 692
544 213 35 968
545 1010 35 906
547 576 35 1596
547 214 35 1215
550 1011 35 1531
550 577 35 1256
550 578 35 3
551 1012 35 787
552 1013 35 573
553 579 35 1256
554 580 35 601
554 215 35 1741
557 1014 35 1517
560 581 35 1638
561 582 35 758
561 216 35 1698
561 217 35 480
562 583 35 539
563 218 35 1047
563 219 35 389
564 584 35 1046
565 1016 35 45
565 1015 35 1753
566 585 35 1141
567 1017 35 901
570 1018 35 1335
570 586 35 1400
576 587 35 1663
578 1019 35 1771
579 1020 35 842
580 1021 35 663
581 1022 35 848
582 588 35 1665
584 589 35 906
584 220 35 1922
586 1023 35 1572
587 591 35 413
587 590 35 1336
589 1024 35 1289
590 592 35 1319
590 593 35 321
592 594 35 913
592 595 35 198
593 221 35 1810
594 222 35 822
594 596 35 885
594 597 35 189
601 1025 35 1874
602 224 35 293
602 223 35 1778
603 598 35 1807
605 1026 35 1362
606 1027 35 524
606 599 35 1221
615 1028 35 1814
616 228 35 425
616 225 35 1901
616 226 35 136
616 227 35 10
618 1029 35 1279
620 229 35 1365
620 230 35 68
621 1030 35 1322
622 600 35 1911
623 231 35 1177
623 232 35 150
623 233 35 474
623 234 35 13
624 601 35 904
626 1031 35 1535
627 1032 35 547
628 602 35 1479
628 603 35 495
628 235 35 1580
630 236 35 918
630 604 35 945
630 605 35 222
630 606 35 57
631 237 35 734
633 1033 35 1658
635 238 35 1421
636 607 35 1683
636 1034 35 1275
636 239 35 780
642 240 35 1687
642 241 35 494
642 242 35 117
642 1035 35 1613
644 608 35 1779
644 1036 35 1117
646 243 35 1446
647 609 35 1190
648 244 35 1140
648 1038 35 210
648 1037 35 1416
650 610 35 1204
651 245 35 1158
651 611 35 721
652 1039 35 1422
653 1041 35 199
653 1040 35 529
653 613 35 328
653 246 35 889
653 247 35 87
653 612 35 1006
653 614 35 176
654 1042 35 820
656 1044 35 243
656 1043 35 900
657 248 35 1432
657 249 35 83
658 1045 35 925
659 1047 35 454
659 1046 35 638
660 615 35 1693
661 616 35 720
661 1048 35 1085
662 617 35 856
662 618 35 146
663 1049 35 1019
665 619 35 1335
665 1050 35 1141
666 621 35 496
666 620 35 574
669 622 35 1163
670 250 35 1887
674 1051 35 1824
681 623 35 1880
682 1052 35 1780
684 624 35 1266
685 625 35 559
685 1053 35 1227
688 626 35 1252
690 1054 35 1504
690 627 35 982
690 628 35 201
691 251 35 1922
692 630 35 425
692 629 35 875
696 631 35 1406
699 252 35 1770
700 632 35 1373
700 1056 35 246
700 1055 35 1841
701 633 35 706
704 634 35 1269
706 253 35 1733
707 254 35 747
709 255 35 1015
709 1058 35 339
709 1057 35 1811
710 637 35 263
710 256 35 687
710 635 35 1622
710 636 35 158
714 257 35 1374
715 638 35 1518
716 639 35 824
718 1059 35 1827
718 1060 35 222
718 640 35 1083
721 1061 35 1305
724 1062 35 1184
724 258 35 1833
724 259 35 317
724 641 35 1642
725 1063 35 684
727 260 35 1288
728 1064 35 1295
731 1065 35 1296
733 1066 35 984
733 643 35 475
733 642 35 1809
735 1067 35 1054
738 1068 35 1223
738 261 35 1869
739 262 35 758
739 644 35 1626
740 645 35 614
741 264 35 84
741 265 35 455
741 263 35 1017
743 646 35 1332
745 648 35 144
745 647 35 990
747 1069 35 1829
748 1070 35 636
748 649 35 1144
749 1071 35 553
750 1072 35 691
750 266 35 1798
752 650 35 1402
752 653 35 472
752 652 35 42
752 651 35 28
753 654 35 647
754 267 35 1453
756 268 35 955
757 655 35 1414
760 1073 35 1838
761 269 35 1559
762 270 35 823
763 656 35 1665
763 1074 35 1242
764 271 35 964
764 1075 35 643
766 273 35 266
766 272 35 983
767 274 35 627
768 657 35 1524
771 658 35 1153
771 275 35 1427
771 659 35 385
772 1076 35 1768
773 660 35 894
775 661 35 1000
778 276 35 1692
779 662 35 1481
781 277 35 1301
781 663 35 904
782 664 35 764
782 278 35 638
784 1077 35 1872
784 279 35 1060
786 281 35 48
786 280 35 1011
787 1079 35 364
787 1078 35 1328
787 282 35 502
787 283 35 341
789 665 35 1723
790 1080 35 1236
791 285 35 71
791 284 35 1403
792 666 35 1273
792 667 35 299
792 1081 35 907
794 286 35 1331
794 669 35 479
794 668 35 984
794 287 35 342
796 1082 35 1363
797 1083 35 794
797 1084 35 138
799 671 35 457
799 670 35 1534
800 288 35 1651
801 1085 35 1423
802 672 35 1262
802 289 35 922
804 290 35 892
805 674 35 251
805 673 35 1247
806 675 35 857
807 1086 35 1680
807 676 35 612
808 677 35 687
808 678 35 253
808 291 35 1468
809 679 35 651
809 292 35 825
810 1088 35 153
810 1087 35 1244
811 293 35 1104
812 680 35 1152
812 681 35 261
813 682 35 837
814 1089 35 1358
815 294 35 1417
815 683 35 982
818 1090 35 1366
819 685 35 396
819 684 35 1398
821 1091 35 1230
822 295 35 1743
823 686 35 1363
823 1092 35 1077
823 1093 35 307
825 687 35 900
825 688 35 58
826 1094 35 1199
828 296 35 1660
829 1095 35 1148
830 297 35 1025
831 1096 35 939
831 1097 35 135
833 689 35 1779
834 298 35 1361
835 299 35 685
836 1098 35 1529
838 300 35 1284
838 1099 35 872
842 301 35 1361
844 302 35 1057
845 690 35 1881
846 691 35 559
848 692 35 1034
849 1100 35 1866
850 693 35 1133
853 303 35 1797
854 1101 35 1509
856 304 35 1185
857 1102 35 1156
858 305 35 922
860 1104 35 383
860 1103 35 1181
860 306 35 938
861 694 35 1854
861 1105 35 587
861 695 35 83
861 696 35 160
863 1106 35 1132
863 697 35 905
865 307 35 1504
867 308 35 1106
869 698 35 1635
870 309 35 1245
873 310 35 1247
874 1107 35 1866
876 311 35 1311
877 312 35 736
878 699 35 1828
878 313 35 773
881 314 35 1230
881 700 35 1266
883 702 35 6
883 701 35 1032
884 315 35 1239
888 316 35 1366
888 703 35 1590
888 317 35 417
890 1108 35 1910
891 1112 35 482
891 1111 35 298
891 1110 35 72
891 1109 35 861
893 318 35 1539
893 319 35 13
893 704 35 1534
895 320 35 1048
895 705 35 944
896 706 35 691
897 708 35 221
897 707 35 720
899 321 35 1456
904 709 35 1715
905 710 35 802
905 1113 35 1899
906 323 35 32
906 322 35 1726
906 1114 35 591
907 711 35 978
907 324 35 666
909 1115 35 1239
910 712 35 1270
910 326 35 139
910 325 35 1280
911 713 35 502
914 714 35 1157
915 716 35 162
915 715 35 633
916 717 35 499
919 327 35 1804
920 722 35 241
920 721 35 372
920 720 35 359
920 718 35 1430
920 719 35 368
920 1117 35 390
920 1116 35 1867
920 328 35 773
921 1118 35 546
921 329 35 809
922 723 35 1130
923 724 35 523
925 725 35 975
928 330 35 1691
929 331 35 667
929 727 35 128
929 726 35 1347
930 1119 35 1797
932 728 35 1318
932 729 35 167
933 730 35 696
935 1120 35 1541
939 731 35 1632
940 332 35 1864
941 1121 35 1664
941 732 35 976
941 733 35 349
943 1122 35 900
944 734 35 1309
944 736 35 255
944 735 35 120
947 737 35 1172
951 739 35 453
951 738 35 1372
951 1123 35 1789
951 1124 35 462
952 333 35 1877
954 1125 35 1330
957 740 35 1629
958 741 35 643
958 1126 35 1401
958 1127 35 383
959 1128 35 638
959 1129 35 94
959 334 35 1700
959 743 35 268
959 742 35 679
961 744 35 977
963 745 35 902
964 335 35 1575
965 1130 35 1628
966 746 35 1213
966 336 35 916
967 747 35 532
967 337 35 630
969 338 35 1080
969 339 35 480
971 1133 35 456
971 1132 35 342
971 1131 35 1633
971 340 35 1058
971 1134 35 422
977 1135 35 1652
979 341 35 1752
981 748 35 1900
982 342 35 1160
982 343 35 406
983 1136 35 1676
983 1138 35 410
983 1137 35 181
984 749 35 1221
987 1139 35 1476
987 344 35 1600
987 1140 35 290
992 345 35 1506
993 347 35 51
993 346 35 731
994 750 35 1845
994 1141 35 1738
997 1142 35 1258
999 751 35 1586
1000 1143 35 1217
1002 348 35 1798
1002 349 35 178
1002 350 35 376
1003 1144 35 1286
1003 752 35 1399
1005 1145 35 1068
1005 351 35 1243
1006 1146 35 747
1006 753 35 1267
1008 1147 35 1102
1009 352 35 1410
1010 754 35 1469
1012 755 35 894
1013 756 35 791
1013 353 35 1348
1014 757 35 800
1014 1148 35 1641
1016 758 35 1066
1017 759 35 559
1018 354 35 1562
1022 760 35 1521
1023 761 35 562
1026 762 35 1326
1026 1149 35 1884
1026 763 35 53
1026 355 35 1752
1028 764 35 1019
1029 1150 35 1206
1030 1151 35 549
1030 766 35 1
1030 765 35 1094
1031 356 35 1559
1032 767 35 921
1033 357 35 1024
1034 768 35 1117
1035 358 35 1130
1035 1152 35 1513
1036 770 35 377
1036 769 35 1037
1038 771 35 915
1040 772 35 1051
1041 1153 35 1657
1042 773 35 977
1043 774 35 664
1044 1155 35 201
1044 1154 35 1256
1045 359 35 1830
1045 1156 35 608
1046 360 35 783
1048 1157 35 1291
1048 361 35 1058
1049 362 35 731
1049 1158 35 719
1049 775 35 1640
1049 363 35 297
1051 1159 35 978
1053 364 35 1478
1053 1160 35 1111
1054 365 35 579
1054 1161 35 748
1055 776 35 1617
1057 1162 35 1227
1058 366 35 1371
1059 367 35 784
1061 368 35 997
1066 1163 35 1816
1066 369 35 1580
1066 370 35 322
1067 371 35 736
1069 1164 35 1157
1069 777 35 1897
1069 778 35 153
1069 1165 35 363
1070 372 35 1261
1072 373 35 1058
1074 779 35 1545
1074 374 35 879
1077 375 35 1220
1077 376 35 295
1080 378 35 357
1080 780 35 1687
1080 377 35 1320
