16 0 1670 1912
20 1 1670 1487
25 2 1670 1602
31 3 1670 1667
44 4 1670 1889
49 5 1670 1600
50 6 1670 703
54 7 1670 1351
61 10 1670 136
61 8 1670 1694
61 9 1670 201
68 11 1670 1722
75 12 1670 1750
75 13 1670 410
76 14 1670 543
81 15 1670 1599
89 16 1670 1755
96 19 1670 8
96 18 1670 271
96 17 1670 1706
99 20 1670 1187
99 21 1670 94
100 22 1670 504
102 23 1670 1138
102 24 1670 185
102 25 1670 29
105 26 1670 1264
113 27 1670 1769
116 28 1670 1332
131 29 1670 1906
133 30 1670 1093
136 31 1670 1203
157 32 1670 1921
160 33 1670 1159
166 34 1670 1641
167 35 1670 829
172 36 1670 1560
180 37 1670 1751
185 38 1670 1517
199 39 1670 1900
199 40 1670 262
210 41 1670 1854
216 42 1670 1638
217 43 1670 729
219 44 1670 1036
220 45 1670 677
222 46 1670 1027
223 48 1670 288
223 47 1670 745
224 49 1670 575
230 50 1670 1663
230 51 1670 332
232 52 1670 1058
233 53 1670 630
234 54 1670 582
243 55 1670 1818
245 57 1670 463
245 56 1670 983
249 58 1670 1482
260 59 1670 1859
260 60 1670 336
261 61 1670 859
261 62 1670 18
268 63 1670 1712
270 64 1670 1033
271 65 1670 858
278 66 1670 1725
279 67 1670 590
280 68 1670 694
286 69 1670 1638
286 70 1670 38
286 71 1670 4
286 72 1670 189
286 73 1670 295
292 74 1670 1671
295 76 1670 381
295 75 1670 1257
302 77 1670 1699
302 78 1670 102
306 79 1670 1432
308 80 1670 927
309 81 1670 519
313 82 1670 1480
314 84 1670 243
314 83 1670 756
315 85 1670 761
315 86 1670 145
318 87 1670 1291
319 88 1670 577
326 89 1670 1748
334 90 1670 1770
336 92 1670 269
336 91 1670 1096
341 93 1670 1582
346 94 1670 1564
349 95 1670 1327
359 96 1670 1835
369 97 1670 1850
375 98 1670 1621
375 99 1670 177
377 100 1670 877
377 101 1670 436
377 102 1670 51
378 103 1670 574
379 104 1670 536
385 105 1670 1659
385 106 1670 143
386 107 1670 762
388 108 1670 883
391 109 1670 1249
395 110 1670 1437
398 111 1670 1208
398 112 1670 361
398 113 1670 49
400 114 1670 931
407 115 1670 1742
410 116 1670 1304
413 117 1670 1186
417 118 1670 1469
417 119 1670 271
418 120 1670 712
418 121 1670 434
418 122 1670 12
420 123 1670 870
428 124 1670 1793
429 125 1670 867
435 126 1670 1659
436 127 1670 531
437 128 1670 656
437 129 1670 343
441 131 1670 455
441 132 1670 78
441 130 1670 1347
451 133 1670 1849
452 134 1670 555
452 135 1670 491
452 136 1670 467
454 137 1670 905
454 138 1670 219
455 139 1670 508
456 140 1670 617
459 142 1670 407
459 141 1670 1307
462 143 1670 1253
462 144 1670 310
463 145 1670 562
464 146 1670 735
464 147 1670 219
465 148 1670 650
472 149 1670 1747
472 150 1670 23
473 151 1670 648
473 152 1670 380
477 153 1670 1349
481 154 1670 1390
481 155 1670 442
481 156 1670 423
483 157 1670 1105
484 158 1670 706
489 159 1670 1594
516 160 1670 1924
521 162 1670 105
521 161 1670 1536
522 163 1670 539
531 164 1670 1826
533 165 1670 981
535 166 1670 1130
535 167 1670 436
539 168 1670 1419
539 169 1670 440
542 170 1670 1274
542 171 1670 398
544 172 1670 966
546 173 1670 960
551 174 1670 1579
554 175 1670 1330
554 176 1670 26
555 177 1670 684
556 178 1670 560
559 179 1670 1230
559 180 1670 131
563 181 1670 1440
572 182 1670 1805
573 183 1670 834
573 184 1670 320
574 185 1670 699
574 186 1670 75
575 187 1670 653
575 188 1670 459
575 189 1670 112
575 190 1670 67
578 192 1670 198
578 191 1670 1287
579 193 1670 550
580 194 1670 509
582 195 1670 1005
585 196 1670 1202
593 197 1670 1792
597 198 1670 1351
600 199 1670 1254
604 201 1670 299
604 200 1670 1356
605 202 1670 725
605 203 1670 210
605 204 1670 472
610 205 1670 1550
615 206 1670 1606
618 207 1670 1344
625 209 1670 60
625 208 1670 1695
625 210 1670 415
631 211 1670 1664
632 212 1670 545
636 213 1670 1401
640 214 1670 1463
640 215 1670 483
646 216 1670 1656
649 217 1670 1196
649 218 1670 219
651 219 1670 1127
653 221 1670 476
653 220 1670 906
667 222 1670 1901
670 223 1670 1306
670 224 1670 373
686 225 1670 1912
686 226 1670 199
686 227 1670 416
686 228 1670 451
687 231 1670 158
687 230 1670 128
687 229 1670 573
690 232 1670 1257
693 233 1670 1231
702 234 1670 1798
710 235 1670 1757
711 236 1670 715
716 237 1670 1595
716 238 1670 361
717 239 1670 694
719 240 1670 1017
720 241 1670 655
722 242 1670 883
722 243 1670 399
728 244 1670 1621
728 245 1670 327
729 246 1670 741
730 247 1670 722
732 249 1670 25
732 248 1670 1011
735 250 1670 1274
735 251 1670 5
740 252 1670 1573
740 253 1670 224
740 254 1670 347
742 255 1670 880
742 256 1670 322
745 257 1670 1343
753 258 1670 1761
753 259 1670 485
757 260 1670 1350
760 261 1670 1190
762 262 1670 893
764 263 1670 1121
775 265 1670 256
775 266 1670 407
775 264 1670 1857
778 267 1670 1239
783 268 1670 1527
789 269 1670 1631
796 270 1670 1693
796 271 1670 61
797 272 1670 834
801 273 1670 1449
801 274 1670 110
801 275 1670 250
806 276 1670 1517
811 277 1670 1502
817 278 1670 1609
817 279 1670 45
820 280 1670 1170
824 281 1670 1402
827 282 1670 1329
827 283 1670 426
830 284 1670 1224
830 285 1670 122
831 286 1670 510
833 287 1670 1032
835 288 1670 883
837 289 1670 918
841 290 1670 1435
844 291 1670 1296
852 292 1670 1758
861 293 1670 1801
864 294 1670 1269
872 295 1670 1752
878 296 1670 1687
884 298 1670 467
884 297 1670 1686
888 299 1670 1364
898 300 1670 1845
902 301 1670 1427
904 302 1670 1120
907 303 1670 1305
907 304 1670 256
910 305 1670 1212
912 306 1670 1096
