13 0 126 1895
18 1 126 1526
21 2 126 1154
33 3 126 1880
36 4 126 1223
36 5 126 3
37 6 126 842
42 7 126 1497
43 8 126 505
51 9 126 1793
51 10 126 39
51 11 126 39
55 12 126 1437
59 13 126 1386
63 14 126 1440
66 15 126 1175
72 16 126 1612
73 18 126 418
73 17 126 795
74 19 126 711
76 20 126 882
79 21 126 1223
81 22 126 940
87 23 126 1685
89 24 126 1059
90 25 126 699
91 27 126 279
91 26 126 844
92 28 126 721
92 29 126 232
93 30 126 696
94 31 126 725
95 32 126 612
97 33 126 1125
101 34 126 1382
105 35 126 1372
108 37 126 38
108 36 126 1147
112 38 126 1487
124 39 126 1880
125 40 126 652
126 41 126 801
130 42 126 1493
132 43 126 1013
132 44 126 94
137 46 126 155
137 45 126 1505
138 47 126 542
140 48 126 1065
144 49 126 1482
146 50 126 971
146 51 126 482
151 52 126 1509
152 53 126 564
153 54 126 637
154 55 126 671
155 56 126 586
159 57 126 1394
160 58 126 821
161 59 126 523
163 60 126 1083
164 61 126 562
165 62 126 775
165 63 126 272
167 64 126 1097
170 65 126 1238
174 66 126 1351
174 67 126 311
174 68 126 3
174 69 126 67
174 70 126 27
179 71 126 1573
182 73 126 463
182 74 126 59
182 72 126 1232
182 75 126 80
188 76 126 1655
198 77 126 1851
203 78 126 1590
207 79 126 1478
208 80 126 543
208 81 126 302
210 82 126 1139
213 83 126 1164
216 85 126 213
216 84 126 1186
218 86 126 1141
218 87 126 48
218 88 126 488
219 89 126 710
220 90 126 786
226 91 126 1678
229 92 126 1142
231 93 126 963
232 96 126 26
232 95 126 89
232 94 126 797
235 97 126 1221
245 98 126 1840
246 99 126 781
246 100 126 154
254 101 126 1768
255 102 126 538
257 103 126 998
261 104 126 1455
264 105 126 1322
267 106 126 1175
269 107 126 1046
270 108 126 504
271 109 126 556
273 110 126 941
274 111 126 659
281 112 126 1728
284 113 126 1267
299 114 126 1905
300 115 126 780
304 116 126 1348
309 117 126 1536
311 118 126 1011
313 119 126 883
313 120 126 97
316 121 126 1303
323 122 126 1748
326 123 126 1217
329 124 126 1205
329 125 126 273
329 126 126 430
329 127 126 268
334 128 126 1590
347 129 126 1894
347 130 126 54
347 131 126 433
347 132 126 10
348 133 126 809
351 134 126 1324
352 135 126 699
358 136 126 1688
358 137 126 140
364 138 126 1634
372 139 126 1789
374 140 126 963
374 141 126 95
378 142 126 1468
389 143 126 1856
396 144 126 1694
396 145 126 127
408 146 126 1874
417 147 126 1799
419 148 126 983
419 149 126 16
420 150 126 666
420 151 126 414
420 152 126 210
422 153 126 957
423 154 126 684
424 155 126 775
424 156 126 20
427 157 126 1245
434 158 126 1717
437 159 126 1181
439 160 126 891
441 161 126 906
445 162 126 1380
446 163 126 535
447 164 126 501
448 165 126 507
449 166 126 648
451 167 126 919
462 168 126 1868
465 169 126 1206
467 170 126 1017
470 171 126 1207
479 172 126 1827
482 173 126 1146
492 174 126 1844
492 175 126 1
500 176 126 1760
509 177 126 1817
513 178 126 1448
515 179 126 1078
515 180 126 323
516 181 126 555
519 182 126 1209
524 183 126 1574
527 184 126 1228
532 185 126 1565
532 186 126 223
534 187 126 978
534 188 126 125
535 189 126 548
536 193 126 452
536 192 126 347
536 191 126 442
536 190 126 679
538 194 126 897
538 195 126 57
539 196 126 639
541 197 126 932
545 198 126 1354
548 199 126 1186
552 200 126 1403
554 201 126 955
565 202 126 1856
572 203 126 1702
574 204 126 923
578 205 126 1383
579 206 126 511
581 207 126 988
583 208 126 1037
584 209 126 682
586 211 126 128
586 210 126 940
593 212 126 1721
594 213 126 639
595 214 126 857
595 215 126 335
601 216 126 1621
608 217 126 1731
611 218 126 1232
612 220 126 284
612 219 126 861
617 221 126 1594
618 222 126 794
621 223 126 1319
622 224 126 526
623 225 126 575
624 226 126 859
628 228 126 249
628 227 126 1375
636 229 126 1787
639 230 126 1286
640 231 126 827
640 232 126 462
640 233 126 262
645 234 126 1599
648 235 126 1293
649 236 126 624
653 237 126 1432
654 238 126 650
662 239 126 1769
664 240 126 1053
667 241 126 1160
678 242 126 1866
682 243 126 1367
687 244 126 1532
688 245 126 550
689 246 126 645
695 247 126 1633
700 248 126 1519
701 250 126 360
701 249 126 561
702 251 126 833
708 252 126 1625
708 253 126 493
710 254 126 901
717 255 126 1734
717 256 126 160
718 257 126 537
721 259 126 348
721 258 126 1175
722 260 126 524
724 261 126 1061
725 262 126 738
728 263 126 1174
731 264 126 1320
731 265 126 113
736 266 126 1590
740 267 126 1459
742 268 126 964
746 269 126 1489
752 270 126 1636
752 271 126 189
754 272 126 1080
758 273 126 1387
765 274 126 1733
767 275 126 1048
773 276 126 1653
777 277 126 1351
784 278 126 1711
798 279 126 1900
809 280 126 1854
812 281 126 1150
820 282 126 1780
826 283 126 1613
830 284 126 1427
830 285 126 453
832 286 126 1126
845 287 126 1894
848 288 126 1286
856 289 126 1790
858 290 126 1132
858 291 126 86
858 292 126 256
858 293 126 301
861 294 126 1245
879 295 126 1916
879 296 126 421
880 298 126 47
880 297 126 691
884 299 126 1419
886 300 126 885
888 301 126 1111
889 302 126 669
889 303 126 30
890 304 126 849
890 305 126 171
896 306 126 1678
