16 0 1667 1912
20 1 1667 1487
25 2 1667 1602
31 3 1667 1667
44 4 1667 1889
49 5 1667 1600
50 6 1667 703
54 7 1667 1351
61 10 1667 136
61 8 1667 1694
61 9 1667 201
68 11 1667 1722
75 12 1667 1750
75 13 1667 410
76 14 1667 543
81 15 1667 1599
89 16 1667 1755
96 19 1667 8
96 18 1667 271
96 17 1667 1706
99 20 1667 1187
99 21 1667 94
100 22 1667 504
102 23 1667 1138
102 24 1667 185
102 25 1667 29
105 26 1667 1264
113 27 1667 1769
116 28 1667 1332
131 29 1667 1906
133 30 1667 1093
136 31 1667 1203
157 32 1667 1921
160 33 1667 1159
166 34 1667 1641
167 35 1667 829
172 36 1667 1560
180 37 1667 1751
185 38 1667 1517
199 39 1667 1900
199 40 1667 262
210 41 1667 1854
216 42 1667 1638
217 43 1667 729
219 44 1667 1036
220 45 1667 677
222 46 1667 1027
223 48 1667 288
223 47 1667 745
224 49 1667 575
230 50 1667 1663
230 51 1667 332
232 52 1667 1058
233 53 1667 630
234 54 1667 582
243 55 1667 1818
245 57 1667 463
245 56 1667 983
249 58 1667 1482
260 59 1667 1859
260 60 1667 336
261 61 1667 859
261 62 1667 18
268 63 1667 1712
270 64 1667 1033
271 65 1667 858
278 66 1667 1725
279 67 1667 590
280 68 1667 694
286 69 1667 1638
286 70 1667 38
286 71 1667 4
286 72 1667 189
286 73 1667 295
292 74 1667 1671
295 76 1667 381
295 75 1667 1257
302 77 1667 1699
302 78 1667 102
306 79 1667 1432
308 80 1667 927
309 81 1667 519
313 82 1667 1480
314 84 1667 243
314 83 1667 756
315 85 1667 761
315 86 1667 145
318 87 1667 1291
319 88 1667 577
326 89 1667 1748
334 90 1667 1770
336 92 1667 269
336 91 1667 1096
341 93 1667 1582
346 94 1667 1564
349 95 1667 1327
359 96 1667 1835
369 97 1667 1850
375 98 1667 1621
375 99 1667 177
377 100 1667 877
377 101 1667 436
377 102 1667 51
378 103 1667 574
379 104 1667 536
385 105 1667 1659
385 106 1667 143
386 107 1667 762
388 108 1667 883
391 109 1667 1249
395 110 1667 1437
398 111 1667 1208
398 112 1667 361
398 113 1667 49
400 114 1667 931
407 115 1667 1742
410 116 1667 1304
413 117 1667 1186
417 118 1667 1469
417 119 1667 271
418 120 1667 712
418 121 1667 434
418 122 1667 12
420 123 1667 870
428 124 1667 1793
429 125 1667 867
435 126 1667 1659
436 127 1667 531
437 128 1667 656
437 129 1667 343
441 131 1667 455
441 132 1667 78
441 130 1667 1347
451 133 1667 1849
452 134 1667 555
452 135 1667 491
452 136 1667 467
454 137 1667 905
454 138 1667 219
455 139 1667 508
456 140 1667 617
459 142 1667 407
459 141 1667 1307
462 143 1667 1253
462 144 1667 310
463 145 1667 562
464 146 1667 735
464 147 1667 219
465 148 1667 650
472 149 1667 1747
472 150 1667 23
473 151 1667 648
473 152 1667 380
477 153 1667 1349
481 154 1667 1390
481 155 1667 442
481 156 1667 423
483 157 1667 1105
484 158 1667 706
489 159 1667 1594
516 160 1667 1924
521 162 1667 105
521 161 1667 1536
522 163 1667 539
531 164 1667 1826
533 165 1667 981
535 166 1667 1130
535 167 1667 436
539 168 1667 1419
539 169 1667 440
542 170 1667 1274
542 171 1667 398
544 172 1667 966
546 173 1667 960
551 174 1667 1579
554 175 1667 1330
554 176 1667 26
555 177 1667 684
556 178 1667 560
559 179 1667 1230
559 180 1667 131
563 181 1667 1440
572 182 1667 1805
573 183 1667 834
573 184 1667 320
574 185 1667 699
574 186 1667 75
575 187 1667 653
575 188 1667 459
575 189 1667 112
575 190 1667 67
578 192 1667 198
578 191 1667 1287
579 193 1667 550
580 194 1667 509
582 195 1667 1005
585 196 1667 1202
593 197 1667 1792
597 198 1667 1351
600 199 1667 1254
604 201 1667 299
604 200 1667 1356
605 202 1667 725
605 203 1667 210
605 204 1667 472
610 205 1667 1550
615 206 1667 1606
618 207 1667 1344
625 209 1667 60
625 208 1667 1695
625 210 1667 415
631 211 1667 1664
632 212 1667 545
636 213 1667 1401
640 214 1667 1463
640 215 1667 483
646 216 1667 1656
649 217 1667 1196
649 218 1667 219
651 219 1667 1127
653 221 1667 476
653 220 1667 906
667 222 1667 1901
670 223 1667 1306
670 224 1667 373
686 225 1667 1912
686 226 1667 199
686 227 1667 416
686 228 1667 451
687 231 1667 158
687 230 1667 128
687 229 1667 573
690 232 1667 1257
693 233 1667 1231
702 234 1667 1798
710 235 1667 1757
711 236 1667 715
716 237 1667 1595
716 238 1667 361
717 239 1667 694
719 240 1667 1017
720 241 1667 655
722 242 1667 883
722 243 1667 399
728 244 1667 1621
728 245 1667 327
729 246 1667 741
730 247 1667 722
732 249 1667 25
732 248 1667 1011
735 250 1667 1274
735 251 1667 5
740 252 1667 1573
740 253 1667 224
740 254 1667 347
742 255 1667 880
742 256 1667 322
745 257 1667 1343
753 258 1667 1761
753 259 1667 485
757 260 1667 1350
760 261 1667 1190
762 262 1667 893
764 263 1667 1121
775 265 1667 256
775 266 1667 407
775 264 1667 1857
778 267 1667 1239
783 268 1667 1527
789 269 1667 1631
796 270 1667 1693
796 271 1667 61
797 272 1667 834
801 273 1667 1449
801 274 1667 110
801 275 1667 250
806 276 1667 1517
811 277 1667 1502
817 278 1667 1609
817 279 1667 45
820 280 1667 1170
824 281 1667 1402
827 282 1667 1329
827 283 1667 426
830 284 1667 1224
830 285 1667 122
831 286 1667 510
833 287 1667 1032
835 288 1667 883
837 289 1667 918
841 290 1667 1435
844 291 1667 1296
852 292 1667 1758
861 293 1667 1801
864 294 1667 1269
872 295 1667 1752
878 296 1667 1687
884 298 1667 467
884 297 1667 1686
888 299 1667 1364
898 300 1667 1845
902 301 1667 1427
904 302 1667 1120
907 303 1667 1305
907 304 1667 256
910 305 1667 1212
912 306 1667 1096
