4 0 833 1475
6 1 833 1007
8 2 833 1003
10 3 833 999
13 4 833 1317
15 5 833 969
15 6 833 199
22 7 833 1740
25 8 833 1202
31 10 833 387
31 9 833 1641
38 11 833 1729
43 12 833 1595
48 13 833 1597
53 14 833 1516
53 15 833 392
59 16 833 1675
60 17 833 522
62 19 833 41
62 18 833 962
64 20 833 1018
70 21 833 1628
71 22 833 685
71 23 833 33
73 24 833 1071
73 25 833 262
75 30 833 387
75 29 833 115
75 28 833 117
75 27 833 310
75 26 833 987
77 31 833 946
77 32 833 175
79 33 833 1081
81 34 833 962
81 35 833 38
81 36 833 62
82 37 833 552
84 38 833 920
86 39 833 879
86 40 833 362
88 41 833 1099
91 42 833 1170
91 43 833 324
91 44 833 362
96 45 833 1539
98 47 833 20
98 46 833 1111
105 48 833 1709
106 49 833 636
109 50 833 1229
112 51 833 1171
114 52 833 949
122 53 833 1765
123 54 833 819
131 56 833 321
131 55 833 1772
133 57 833 969
143 58 833 1853
145 59 833 1054
160 60 833 1907
169 61 833 1813
175 62 833 1622
177 63 833 1086
180 64 833 1254
184 65 833 1365
189 66 833 1554
190 67 833 514
191 68 833 635
195 69 833 1477
195 70 833 330
197 71 833 1123
202 72 833 1527
202 73 833 82
207 74 833 1604
217 77 833 361
217 76 833 457
217 75 833 1843
222 78 833 1595
226 79 833 1456
228 80 833 1075
230 81 833 966
231 82 833 525
235 83 833 1406
236 84 833 811
238 85 833 1140
260 86 833 1922
260 87 833 334
260 88 833 262
262 89 833 1114
268 90 833 1641
270 91 833 1017
271 92 833 623
279 93 833 1790
281 95 833 473
281 94 833 897
285 96 833 1402
285 97 833 83
287 98 833 995
289 99 833 921
305 100 833 1910
306 101 833 597
309 104 833 306
309 105 833 106
309 103 833 232
309 102 833 1310
314 106 833 1569
315 107 833 866
315 108 833 160
317 109 833 901
320 110 833 1314
332 111 833 1885
335 112 833 1299
335 113 833 397
350 114 833 1904
352 115 833 940
355 116 833 1288
355 117 833 216
355 118 833 275
355 119 833 113
359 120 833 1367
362 121 833 1219
362 122 833 251
366 123 833 1445
374 124 833 1761
377 125 833 1237
378 126 833 499
384 127 833 1661
386 128 833 1110
388 129 833 1131
388 130 833 441
388 131 833 374
391 132 833 1291
392 133 833 673
396 134 833 1470
396 135 833 478
401 136 833 1581
401 137 833 293
403 138 833 1100
404 139 833 705
409 140 833 1496
411 141 833 1056
411 142 833 173
414 143 833 1286
421 144 833 1724
427 145 833 1681
433 146 833 1643
433 147 833 226
442 148 833 1811
454 149 833 1882
456 150 833 1110
459 151 833 1185
466 152 833 1733
468 153 833 881
472 154 833 1479
473 155 833 691
473 156 833 345
481 157 833 1789
481 158 833 396
483 159 833 993
488 160 833 1531
498 161 833 1833
504 162 833 1680
506 163 833 954
506 164 833 459
508 165 833 940
509 166 833 594
510 167 833 625
511 168 833 851
515 169 833 1425
518 170 833 1283
520 171 833 994
522 172 833 1040
526 173 833 1495
527 174 833 541
527 175 833 310
529 176 833 1045
531 177 833 890
537 178 833 1645
537 179 833 79
542 181 833 272
542 180 833 1519
550 182 833 1774
553 183 833 1153
553 184 833 21
556 185 833 1180
557 186 833 566
557 187 833 409
559 188 833 1119
560 189 833 779
560 190 833 132
567 191 833 1717
576 192 833 1822
576 193 833 106
578 194 833 1098
583 195 833 1588
586 196 833 1301
589 197 833 1144
590 198 833 826
591 199 833 784
593 200 833 1087
595 201 833 1017
598 202 833 1300
598 203 833 385
599 204 833 598
599 205 833 115
599 206 833 145
599 207 833 238
599 208 833 339
602 209 833 1168
607 210 833 1570
611 211 833 1379
611 212 833 143
611 213 833 316
615 214 833 1399
618 215 833 1259
618 216 833 58
619 217 833 527
621 218 833 933
624 221 833 184
624 220 833 374
624 219 833 1204
628 222 833 1431
628 223 833 71
631 224 833 1293
635 225 833 1491
637 226 833 1096
639 227 833 934
639 228 833 396
641 229 833 878
643 230 833 934
652 231 833 1826
652 232 833 64
653 233 833 861
655 234 833 917
656 235 833 501
658 236 833 896
662 237 833 1388
663 238 833 554
673 239 833 1830
675 240 833 1035
675 241 833 328
675 242 833 69
687 243 833 1875
689 244 833 1134
690 245 833 677
695 246 833 1573
700 247 833 1505
701 248 833 632
709 249 833 1763
714 250 833 1529
715 251 833 773
715 252 833 210
720 253 833 1546
720 254 833 410
722 255 833 902
727 256 833 1511
730 257 833 1229
732 258 833 1017
734 259 833 1032
736 260 833 943
738 261 833 1135
746 262 833 1766
750 263 833 1386
750 264 833 234
756 265 833 1669
759 266 833 1315
762 267 833 1207
765 268 833 1324
767 269 833 897
767 270 833 362
768 271 833 594
782 272 833 1898
784 273 833 1027
784 274 833 169
784 275 833 46
784 276 833 115
788 277 833 1480
789 278 833 862
790 279 833 615
800 280 833 1842
805 281 833 1515
805 282 833 301
806 283 833 558
809 284 833 1273
809 285 833 160
815 289 833 14
815 288 833 450
815 287 833 442
815 286 833 1615
817 290 833 915
822 291 833 1592
822 292 833 370
826 293 833 1446
828 294 833 886
837 295 833 1824
837 296 833 486
838 297 833 608
844 298 833 1641
848 299 833 1389
851 300 833 1287
851 301 833 365
851 302 833 181
857 303 833 1659
861 304 833 1400
863 305 833 934
864 306 833 800
