5 0 937 1576
5 1 937 168
6 2 937 800
12 3 937 1633
13 4 937 646
20 5 937 1741
20 6 937 113
24 7 937 1436
28 8 937 1423
32 9 937 1365
36 10 937 1458
37 11 937 738
38 12 937 734
39 13 937 849
46 14 937 1697
59 15 937 1889
59 16 937 391
59 17 937 253
76 18 937 1915
79 19 937 1201
81 20 937 965
84 21 937 1249
87 22 937 1278
96 23 937 1798
98 24 937 869
102 25 937 1352
102 26 937 86
111 28 937 255
111 27 937 1812
113 29 937 1055
113 30 937 278
124 31 937 1854
128 32 937 1390
131 33 937 1253
132 34 937 737
137 36 937 360
137 35 937 1573
140 38 937 466
140 37 937 1215
144 39 937 1387
144 40 937 58
155 41 937 1866
159 42 937 1450
159 43 937 271
159 44 937 418
161 45 937 1096
164 47 937 367
164 46 937 1236
168 48 937 1386
168 49 937 309
168 50 937 429
168 51 937 194
168 52 937 47
169 54 937 139
169 53 937 526
169 55 937 326
170 56 937 814
172 57 937 926
173 58 937 763
176 59 937 1219
182 60 937 1654
182 61 937 225
185 62 937 1181
185 63 937 367
187 64 937 1087
192 65 937 1528
195 66 937 1272
199 67 937 1405
199 68 937 112
199 69 937 123
204 70 937 1529
206 71 937 1101
213 72 937 1711
214 73 937 528
217 74 937 1143
219 75 937 1024
226 76 937 1723
228 77 937 1007
232 78 937 1380
239 79 937 1697
239 80 937 115
245 81 937 1644
245 82 937 426
256 83 937 1870
257 85 937 83
257 84 937 625
266 86 937 1807
267 87 937 863
269 88 937 1114
269 89 937 410
270 90 937 759
274 91 937 1359
274 92 937 451
277 93 937 1172
283 94 937 1657
291 95 937 1757
292 96 937 685
294 97 937 1083
296 98 937 1108
297 99 937 814
304 100 937 1749
312 101 937 1755
312 102 937 254
315 103 937 1262
316 104 937 705
319 105 937 1253
319 106 937 407
323 107 937 1444
326 108 937 1308
328 109 937 1039
329 110 937 528
336 111 937 1731
340 112 937 1470
342 113 937 990
344 114 937 1103
344 115 937 10
351 116 937 1724
354 117 937 1236
360 118 937 1666
362 119 937 1003
368 121 937 409
368 122 937 291
368 120 937 1646
374 123 937 1627
377 124 937 1289
377 125 937 169
378 126 937 649
379 127 937 539
380 128 937 795
383 130 937 339
383 129 937 1310
384 131 937 640
393 132 937 1824
394 133 937 566
406 134 937 1873
406 135 937 284
410 136 937 1390
412 137 937 1089
415 138 937 1164
418 139 937 1297
423 140 937 1601
423 141 937 362
427 143 937 74
427 142 937 1479
436 144 937 1807
438 145 937 952
447 146 937 1813
451 147 937 1385
451 148 937 68
457 149 937 1647
457 150 937 33
461 151 937 1373
464 153 937 104
464 152 937 1341
466 154 937 1093
469 155 937 1339
473 156 937 1464
474 157 937 552
488 158 937 1897
489 159 937 536
490 160 937 603
498 161 937 1793
499 162 937 649
521 163 937 1923
522 164 937 700
531 165 937 1812
541 166 937 1832
543 167 937 904
545 168 937 1042
546 169 937 819
547 170 937 544
548 173 937 369
548 171 937 634
548 172 937 71
551 174 937 1327
554 175 937 1284
555 176 937 854
555 177 937 216
562 178 937 1744
562 179 937 336
562 180 937 281
565 181 937 1188
565 182 937 470
567 183 937 1072
570 184 937 1277
572 185 937 890
575 186 937 1224
582 187 937 1719
586 188 937 1398
587 189 937 534
588 190 937 745
589 191 937 837
591 192 937 1116
592 193 937 628
593 194 937 694
600 195 937 1732
606 196 937 1637
610 197 937 1481
613 198 937 1298
632 199 937 1919
634 200 937 1045
636 201 937 909
636 202 937 343
639 203 937 1174
641 204 937 1102
644 205 937 1323
647 206 937 1302
649 207 937 971
650 208 937 702
657 210 937 484
657 209 937 1733
660 211 937 1247
661 212 937 732
666 213 937 1561
666 214 937 254
669 215 937 1339
672 216 937 1322
677 217 937 1502
678 218 937 645
685 219 937 1735
686 220 937 588
686 221 937 113
690 222 937 1431
691 223 937 508
691 224 937 73
697 225 937 1631
701 226 937 1442
705 227 937 1368
710 228 937 1599
715 229 937 1519
720 230 937 1571
723 231 937 1298
724 232 937 843
731 233 937 1749
734 234 937 1216
737 235 937 1297
738 236 937 845
741 237 937 1220
754 238 937 1894
766 239 937 1878
771 240 937 1512
771 241 937 252
773 242 937 1016
778 243 937 1589
778 244 937 49
782 245 937 1422
782 246 937 105
786 248 937 373
786 247 937 1480
789 249 937 1279
789 250 937 409
789 251 937 135
790 252 937 835
794 253 937 1487
797 254 937 1331
799 255 937 931
803 256 937 1402
811 257 937 1760
813 258 937 1101
817 259 937 1396
826 260 937 1805
837 261 937 1858
840 262 937 1297
842 263 937 1107
842 264 937 162
844 266 937 403
844 265 937 1111
846 267 937 907
846 268 937 344
848 269 937 882
848 270 937 494
848 271 937 102
853 272 937 1532
854 275 937 335
854 274 937 223
854 273 937 692
856 276 937 1021
864 277 937 1767
864 278 937 458
865 279 937 575
870 280 937 1526
883 281 937 1887
885 282 937 994
885 283 937 319
887 284 937 1109
891 285 937 1435
891 286 937 462
894 287 937 1280
894 288 937 418
894 289 937 285
903 290 937 1819
905 294 937 72
905 293 937 498
905 291 937 1010
905 292 937 119
910 295 937 1578
912 296 937 880
922 297 937 1834
926 298 937 1426
927 299 937 863
929 300 937 1018
931 301 937 1122
933 302 937 1135
937 303 937 1415
938 305 937 307
938 304 937 785
939 306 937 528
