0 0 27 466
0 384 27 1175
0 387 27 436
0 386 27 12
0 385 27 35
2 389 27 398
2 388 27 981
5 390 27 1309
5 1 27 1565
7 392 27 238
7 391 27 963
10 393 27 1237
11 394 27 822
11 395 27 409
12 396 27 849
13 3 27 269
13 2 27 1752
16 4 27 1332
18 5 27 1011
18 398 27 62
18 397 27 1689
22 399 27 1489
25 400 27 1241
25 6 27 1735
28 401 27 1287
28 7 27 1145
29 9 27 131
29 8 27 796
32 402 27 1385
35 10 27 1608
45 11 27 1845
45 12 27 300
45 404 27 290
45 403 27 1894
46 406 27 426
46 405 27 825
47 13 27 964
48 407 27 918
48 14 27 708
48 15 27 378
49 408 27 797
52 16 27 1434
52 17 27 334
52 18 27 411
54 20 27 353
54 409 27 1558
54 19 27 1062
54 411 27 441
54 410 27 444
55 21 27 788
58 412 27 1446
61 22 27 1630
64 23 27 1221
65 413 27 1726
65 414 27 392
68 24 27 1444
69 415 27 1477
71 416 27 975
72 417 27 650
72 418 27 74
74 25 27 1633
77 419 27 1580
78 420 27 515
78 421 27 475
79 422 27 690
79 423 27 274
81 27 27 347
81 26 27 1701
83 28 27 910
87 424 27 1783
87 425 27 142
87 29 27 1460
87 30 27 382
88 426 27 524
89 31 27 895
89 32 27 52
101 427 27 1892
102 428 27 540
103 429 27 522
103 33 27 1896
106 430 27 1323
106 34 27 1144
107 35 27 557
107 36 27 183
108 431 27 944
109 432 27 666
110 37 27 1170
112 38 27 1066
113 39 27 729
114 40 27 801
115 43 27 164
115 42 27 248
115 41 27 739
123 44 27 1789
125 46 27 472
125 45 27 1102
126 47 27 547
127 433 27 1917
134 434 27 1693
135 436 27 377
135 435 27 639
138 48 27 1872
138 437 27 1308
149 438 27 1861
149 439 27 349
152 49 27 1900
154 440 27 1533
156 441 27 1018
161 442 27 1564
161 50 27 1822
165 443 27 1347
167 51 27 1653
170 52 27 1155
171 53 27 532
175 54 27 1482
177 444 27 1879
178 445 27 867
180 55 27 1603
182 446 27 1442
182 447 27 436
183 448 27 844
186 449 27 1270
190 451 27 198
190 450 27 1358
191 56 27 1859
192 57 27 530
193 58 27 750
196 452 27 1614
196 453 27 406
198 454 27 973
199 455 27 766
199 59 27 1623
200 456 27 597
202 458 27 110
202 459 27 148
202 457 27 1111
202 461 27 459
202 462 27 378
202 463 27 274
202 464 27 235
202 60 27 1234
202 460 27 300
206 61 27 1388
206 62 27 235
206 465 27 1424
209 63 27 1260
213 466 27 1700
215 64 27 1674
216 65 27 712
217 467 27 1453
217 468 27 33
223 469 27 1677
224 66 27 1793
224 67 27 329
225 470 27 1099
230 471 27 1592
231 68 27 1744
231 69 27 150
231 70 27 195
231 71 27 264
231 472 27 714
234 72 27 1192
237 474 27 47
237 473 27 1650
240 74 27 260
240 73 27 1607
241 475 27 1421
242 476 27 836
245 477 27 1267
245 478 27 320
245 75 27 1538
246 76 27 539
247 479 27 916
248 481 27 88
248 480 27 624
250 482 27 1047
250 77 27 1466
253 483 27 1194
254 78 27 1357
254 79 27 341
255 484 27 1089
257 485 27 1124
257 80 27 1161
260 82 27 400
260 486 27 1255
260 487 27 260
260 81 27 1153
262 83 27 935
262 488 27 943
264 490 27 42
264 489 27 927
267 491 27 1190
267 84 27 1563
268 85 27 654
270 492 27 1197
274 86 27 1665
277 494 27 49
277 493 27 1712
278 87 27 1444
278 88 27 414
279 495 27 1074
280 496 27 639
282 89 27 1466
283 497 27 1289
283 90 27 622
285 498 27 1111
285 499 27 454
287 500 27 1092
288 92 27 420
288 91 27 1577
292 93 27 1367
296 94 27 1420
299 95 27 1338
300 96 27 504
302 97 27 912
302 98 27 415
304 501 27 1913
304 502 27 402
304 99 27 1076
306 503 27 1092
306 504 27 171
307 100 27 1234
307 101 27 143
308 102 27 728
313 505 27 1691
315 103 27 1722
317 506 27 1409
322 104 27 1704
327 105 27 1557
327 106 27 460
330 507 27 1889
330 508 27 359
331 108 27 271
331 107 27 1473
334 509 27 1476
342 109 27 1868
344 111 27 393
344 110 27 1063
345 510 27 1855
346 115 27 80
346 112 27 1098
346 114 27 462
346 113 27 408
348 116 27 987
348 511 27 1254
349 512 27 791
351 117 27 1224
351 513 27 1119
355 515 27 212
355 514 27 1449
357 118 27 1622
358 516 27 1337
359 119 27 1019
360 517 27 1109
361 121 27 348
361 120 27 972
362 518 27 1110
364 520 27 169
364 519 27 1035
368 521 27 1440
369 522 27 510
371 523 27 1030
371 123 27 277
371 122 27 1839
375 124 27 1452
376 125 27 542
377 524 27 1635
384 126 27 1769
387 525 27 1833
387 526 27 394
389 527 27 926
391 127 27 1750
391 128 27 187
392 129 27 847
394 130 27 1033
394 528 27 1600
396 529 27 897
397 530 27 782
399 131 27 1552
401 531 27 1471
401 532 27 156
401 133 27 280
401 132 27 1050
403 134 27 1031
405 136 27 425
405 135 27 1017
406 137 27 603
409 533 27 1790
409 141 27 192
409 140 27 193
409 139 27 5
409 138 27 1156
412 144 27 403
412 143 27 470
412 142 27 1172
412 147 27 11
412 145 27 229
412 146 27 479
414 148 27 904
416 534 27 1749
417 150 27 350
417 149 27 1339
417 535 27 635
420 151 27 1205
423 152 27 1214
423 536 27 1610
426 153 27 1320
426 154 27 104
428 155 27 885
428 156 27 228
428 157 27 450
428 158 27 270
431 159 27 1161
435 537 27 1880
437 538 27 1022
438 160 27 1713
439 161 27 635
440 539 27 1322
442 162 27 1286
446 163 27 1349
446 540 27 1640
447 164 27 834
449 541 27 1290
451 165 27 1436
454 166 27 1267
455 167 27 817
458 168 27 1301
458 542 27 1826
462 543 27 1391
462 169 27 1370
464 544 27 997
465 545 27 712
465 546 27 399
465 547 27 78
465 548 27 263
467 170 27 1579
467 171 27 384
467 172 27 67
473 549 27 1761
473 173 27 1617
474 174 27 825
475 175 27 779
477 176 27 1101
479 550 27 1662
481 177 27 1368
483 552 27 179
483 553 27 76
483 554 27 285
483 551 27 1455
488 555 27 1576
490 178 27 1798
492 556 27 1403
493 179 27 1222
493 180 27 63
495 557 27 1297
499 559 27 262
499 558 27 1381
501 181 27 1757
502 561 27 482
502 182 27 845
502 560 27 1297
502 562 27 288
503 184 27 497
503 183 27 772
506 563 27 1386
507 564 27 694
507 565 27 383
509 566 27 1098
511 185 27 1753
511 186 27 337
511 567 27 925
514 568 27 1295
515 569 27 813
516 570 27 526
517 187 27 1655
517 188 27 175
517 189 27 146
518 190 27 788
520 571 27 1381
520 572 27 86
527 573 27 1713
530 574 27 1319
531 575 27 803
532 191 27 1900
532 192 27 332
536 576 27 1539
538 577 27 1043
538 578 27 33
540 579 27 922
544 581 27 315
544 580 27 1434
545 582 27 662
551 194 27 217
551 193 27 1919
553 583 27 1763
555 195 27 1482
556 196 27 831
556 584 27 1160
559 585 27 1251
562 586 27 1292
562 587 27 79
563 197 27 1748
567 589 27 172
567 588 27 1505
568 198 27 1560
570 592 27 498
570 591 27 313
570 590 27 1157
570 199 27 892
571 594 27 24
571 593 27 760
572 200 27 886
574 595 27 1158
576 597 27 439
576 596 27 1002
577 598 27 697
577 201 27 1586
578 202 27 634
578 599 27 613
582 203 27 1459
583 600 27 1539
587 601 27 1398
588 602 27 707
588 204 27 1684
592 603 27 1375
595 605 27 280
595 604 27 1235
599 607 27 390
599 606 27 1369
600 608 27 681
601 205 27 1890
603 206 27 1137
604 610 27 37
604 611 27 360
604 609 27 1406
607 613 27 458
607 612 27 1263
608 207 27 1522
608 208 27 494
611 209 27 1249
618 210 27 1709
619 211 27 784
620 212 27 576
622 213 27 972
624 214 27 1097
636 215 27 1880
643 216 27 1715
644 217 27 513
645 218 27 851
647 219 27 1006
649 220 27 1098
654 221 27 1537
655 222 27 641
658 223 27 1155
659 224 27 581
664 225 27 1604
664 226 27 51
664 227 27 73
668 228 27 1399
671 229 27 1267
683 230 27 1873
686 231 27 1278
693 232 27 1733
695 235 27 401
695 234 27 336
695 233 27 906
697 236 27 1123
700 237 27 1310
702 238 27 1013
703 239 27 532
704 240 27 615
705 241 27 739
708 242 27 1160
709 245 27 3
709 244 27 361
709 243 27 850
712 246 27 1323
715 247 27 1285
716 248 27 821
716 249 27 262
723 250 27 1692
723 251 27 317
725 252 27 897
726 253 27 554
733 254 27 1718
736 255 27 1273
738 256 27 944
742 257 27 1403
744 258 27 877
744 259 27 79
754 260 27 1838
756 261 27 1064
756 262 27 122
759 263 27 1152
762 264 27 1301
762 265 27 430
764 266 27 976
769 267 27 1595
770 268 27 635
771 269 27 695
772 270 27 756
772 271 27 404
776 272 27 1424
776 274 27 390
776 275 27 359
776 276 27 377
776 273 27 318
783 277 27 1716
784 278 27 793
785 279 27 578
785 280 27 281
786 281 27 691
789 282 27 1176
791 283 27 1137
796 284 27 1500
801 285 27 1556
801 286 27 381
804 287 27 1178
806 288 27 1113
808 289 27 987
812 290 27 1382
818 291 27 1644
818 292 27 432
820 293 27 934
821 294 27 619
825 295 27 1476
826 296 27 616
826 297 27 8
830 298 27 1474
841 299 27 1856
843 300 27 951
849 301 27 1652
850 302 27 650
850 303 27 125
854 304 27 1430
857 305 27 1287
858 306 27 818
859 307 27 578
859 308 27 164
863 309 27 1359
865 310 27 896
868 311 27 1153
869 312 27 609
869 313 27 299
876 314 27 1722
879 315 27 1147
888 316 27 1813
890 317 27 910
895 318 27 1576
901 319 27 1669
901 320 27 49
908 321 27 1723
908 322 27 482
913 323 27 1572
916 324 27 1238
918 325 27 1036
932 326 27 1896
932 327 27 489
938 328 27 1624
939 329 27 838
945 330 27 1667
945 331 27 369
945 332 27 241
946 333 27 862
951 334 27 1551
952 335 27 554
952 336 27 41
954 337 27 1050
960 338 27 1631
960 339 27 213
961 340 27 737
968 341 27 1727
970 342 27 1014
976 344 27 91
976 345 27 228
976 343 27 1678
978 346 27 1034
978 347 27 133
980 348 27 1137
984 349 27 1396
989 350 27 1588
995 351 27 1631
995 352 27 356
1002 353 27 1729
1011 354 27 1806
1014 355 27 1153
1017 356 27 1170
1019 357 27 1002
1020 358 27 812
1020 359 27 394
1023 360 27 1315
1023 361 27 328
1025 362 27 878
1028 363 27 1250
1034 364 27 1616
1035 365 27 527
1037 366 27 912
1043 367 27 1672
1044 368 27 672
1047 369 27 1167
1049 370 27 1105
1050 371 27 762
1053 372 27 1204
1057 373 27 1363
1059 374 27 932
1059 375 27 247
1060 376 27 708
1061 377 27 728
1065 378 27 1481
1067 379 27 1010
1067 380 27 2
1075 381 27 1763
1078 383 27 227
1078 382 27 1277
