5 0 211 1513
5 1 211 469
5 2 211 29
15 3 211 1836
17 4 211 968
19 5 211 1091
20 6 211 657
24 7 211 1445
24 8 211 52
26 10 211 80
26 9 211 1060
27 11 211 772
35 12 211 1772
43 13 211 1755
44 14 211 847
44 15 211 193
54 16 211 1844
57 17 211 1218
62 19 211 335
62 18 211 1586
67 20 211 1530
69 21 211 1107
81 22 211 1884
81 23 211 80
81 24 211 172
81 25 211 188
81 26 211 63
81 27 211 491
96 28 211 1906
97 29 211 822
97 30 211 193
98 31 211 759
99 32 211 606
102 33 211 1212
108 34 211 1611
115 35 211 1715
116 36 211 697
118 37 211 1003
125 38 211 1722
127 39 211 1019
127 40 211 118
129 41 211 933
131 42 211 1057
132 43 211 626
132 44 211 389
132 45 211 465
135 46 211 1315
138 47 211 1316
138 48 211 10
146 49 211 1750
146 50 211 290
153 51 211 1727
153 52 211 5
155 53 211 1040
158 54 211 1146
158 55 211 405
159 56 211 509
171 57 211 1874
177 58 211 1663
178 59 211 779
180 60 211 1028
180 61 211 166
184 62 211 1463
187 63 211 1155
188 64 211 866
191 66 211 165
191 65 211 1246
192 67 211 560
192 68 211 143
194 69 211 1056
198 70 211 1421
199 71 211 841
203 72 211 1421
204 73 211 567
204 74 211 217
205 76 211 50
205 75 211 596
208 77 211 1257
214 78 211 1615
220 79 211 1632
221 80 211 797
222 81 211 671
222 82 211 480
222 83 211 155
223 85 211 391
223 84 211 531
224 86 211 753
228 87 211 1491
228 88 211 65
231 89 211 1206
234 90 211 1205
235 91 211 748
238 92 211 1264
240 93 211 942
258 94 211 1916
270 95 211 1877
274 96 211 1394
283 97 211 1827
289 98 211 1684
291 99 211 1068
291 100 211 300
292 101 211 755
295 102 211 1173
297 103 211 878
297 104 211 329
301 106 211 306
301 105 211 1374
305 107 211 1363
306 108 211 823
307 109 211 549
307 110 211 355
310 111 211 1177
310 113 211 31
310 112 211 259
325 115 211 356
325 114 211 1907
331 116 211 1610
334 117 211 1308
335 118 211 623
335 119 211 475
335 120 211 492
336 121 211 599
336 122 211 494
337 123 211 862
345 124 211 1776
346 125 211 672
351 126 211 1502
351 127 211 478
352 128 211 575
352 129 211 265
354 130 211 1127
354 131 211 147
359 132 211 1497
360 133 211 546
363 134 211 1331
363 135 211 42
367 136 211 1423
372 137 211 1526
380 138 211 1751
382 139 211 1082
382 140 211 84
385 141 211 1315
386 142 211 668
390 143 211 1440
391 144 211 850
391 145 211 28
391 146 211 489
394 147 211 1232
396 148 211 960
401 150 211 266
401 151 211 86
401 149 211 1559
404 152 211 1203
407 153 211 1209
408 154 211 576
414 155 211 1625
414 156 211 260
414 157 211 310
416 158 211 1027
421 159 211 1581
430 160 211 1796
438 161 211 1752
439 162 211 787
440 163 211 557
444 164 211 1347
444 165 211 207
449 166 211 1604
455 167 211 1637
456 168 211 624
467 169 211 1864
468 170 211 858
468 171 211 83
472 172 211 1481
476 173 211 1465
476 174 211 390
478 175 211 1102
489 176 211 1856
491 177 211 979
491 178 211 11
498 180 211 183
498 181 211 269
498 179 211 1747
502 182 211 1443
504 183 211 940
528 184 211 1923
530 185 211 1040
532 186 211 869
532 187 211 288
545 188 211 1895
551 189 211 1631
558 190 211 1707
560 191 211 1112
561 192 211 499
561 193 211 169
564 194 211 1210
564 195 211 257
565 196 211 527
565 197 211 110
565 198 211 92
566 200 211 349
566 199 211 642
567 201 211 776
568 202 211 607
570 203 211 1021
571 204 211 701
571 205 211 182
572 206 211 530
578 207 211 1662
579 208 211 818
583 209 211 1398
590 210 211 1694
593 211 211 1206
593 212 211 299
596 213 211 1204
600 214 211 1397
605 215 211 1527
605 216 211 309
613 217 211 1771
614 218 211 559
614 219 211 307
617 220 211 1263
620 221 211 1315
626 222 211 1666
628 223 211 918
628 224 211 156
634 225 211 1670
639 226 211 1509
642 227 211 1312
642 228 211 255
642 229 211 133
643 230 211 574
650 231 211 1746
652 232 211 886
655 233 211 1294
659 234 211 1398
662 235 211 1332
667 236 211 1586
667 237 211 422
667 238 211 239
674 239 211 1740
675 240 211 510
677 241 211 1131
681 242 211 1394
681 243 211 496
692 244 211 1861
693 245 211 501
694 246 211 813
697 247 211 1219
698 248 211 696
704 249 211 1608
716 250 211 1873
717 251 211 681
721 252 211 1476
728 253 211 1710
731 254 211 1304
733 255 211 958
735 256 211 1034
741 257 211 1613
742 258 211 864
744 259 211 955
745 260 211 598
748 261 211 1142
752 262 211 1407
753 263 211 684
754 264 211 823
766 265 211 1873
766 266 211 319
768 267 211 930
775 269 211 65
775 268 211 1731
786 270 211 1865
795 271 211 1811
800 272 211 1532
801 273 211 743
808 274 211 1722
808 275 211 132
818 276 211 1845
821 277 211 1169
823 278 211 981
828 279 211 1580
829 280 211 857
829 281 211 290
830 282 211 615
831 283 211 572
831 284 211 185
840 285 211 1818
840 286 211 270
842 287 211 1100
859 290 211 297
859 288 211 1914
859 289 211 439
873 291 211 1897
877 292 211 1483
880 293 211 1208
882 294 211 1142
885 295 211 1292
891 296 211 1648
892 297 211 710
897 298 211 1598
914 299 211 1913
914 300 211 181
923 301 211 1808
927 302 211 1412
928 303 211 631
934 305 211 61
934 304 211 1667
936 306 211 1073
