1 0 127 661
3 1 127 939
8 2 127 1508
9 3 127 754
15 4 127 1653
28 5 127 1894
31 6 127 1167
36 8 127 466
36 7 127 1549
41 9 127 1601
46 10 127 1555
48 11 127 985
52 12 127 1436
52 13 127 85
61 14 127 1824
64 15 127 1160
66 16 127 1084
67 17 127 641
70 18 127 1252
72 19 127 1087
74 20 127 1125
76 21 127 1080
76 22 127 370
78 23 127 895
78 24 127 227
81 26 127 375
81 27 127 113
81 25 127 1259
86 28 127 1528
86 29 127 12
87 30 127 516
89 31 127 1138
93 32 127 1447
107 33 127 1897
108 34 127 587
109 35 127 782
115 36 127 1636
123 37 127 1778
125 38 127 987
125 39 127 118
128 40 127 1197
134 41 127 1658
142 42 127 1791
143 43 127 648
145 44 127 933
151 45 127 1679
153 46 127 1009
155 47 127 1025
155 48 127 224
162 49 127 1702
163 50 127 699
165 51 127 889
166 52 127 793
168 53 127 1064
170 54 127 1029
175 55 127 1506
176 56 127 568
177 57 127 613
178 58 127 526
178 59 127 394
183 60 127 1518
185 61 127 1053
185 62 127 20
185 63 127 453
187 65 127 416
187 64 127 1084
191 66 127 1462
195 67 127 1463
199 68 127 1422
201 69 127 1041
205 70 127 1449
208 71 127 1230
213 72 127 1578
215 73 127 1133
224 74 127 1815
228 75 127 1391
231 76 127 1214
237 77 127 1646
250 78 127 1886
250 79 127 473
250 80 127 249
253 81 127 1275
262 82 127 1814
270 83 127 1750
273 84 127 1238
278 87 127 383
278 85 127 1552
278 86 127 345
279 88 127 868
281 89 127 1006
281 90 127 214
283 91 127 1022
286 92 127 1252
287 93 127 592
288 95 127 143
288 94 127 525
294 96 127 1638
297 97 127 1337
301 98 127 1489
302 99 127 516
302 100 127 217
306 101 127 1471
311 102 127 1527
313 104 127 253
313 103 127 1108
317 105 127 1394
320 106 127 1235
325 107 127 1584
328 108 127 1173
333 109 127 1563
333 110 127 291
334 111 127 846
335 115 127 242
335 114 127 144
335 113 127 53
335 112 127 651
338 116 127 1164
338 117 127 194
340 118 127 1139
344 119 127 1456
344 120 127 71
346 121 127 1078
347 122 127 594
347 123 127 416
348 125 127 426
348 124 127 827
362 126 127 1903
364 127 127 986
365 128 127 608
371 129 127 1671
377 130 127 1677
386 131 127 1801
386 132 127 157
390 134 127 256
390 133 127 1369
391 135 127 703
397 136 127 1673
398 137 127 705
403 138 127 1496
411 139 127 1769
411 140 127 317
412 141 127 685
414 142 127 1135
417 143 127 1230
418 144 127 714
421 145 127 1292
421 146 127 370
424 147 127 1199
424 148 127 447
424 149 127 282
426 150 127 904
430 154 127 445
430 153 127 33
430 152 127 198
430 151 127 1443
432 155 127 1063
434 156 127 876
436 157 127 1110
436 158 127 280
444 159 127 1752
448 161 127 249
448 160 127 1415
450 162 127 976
454 163 127 1427
463 164 127 1810
463 165 127 415
464 166 127 689
467 167 127 1206
474 168 127 1721
478 170 127 494
478 171 127 458
478 169 127 1366
479 172 127 622
482 173 127 1295
484 174 127 1138
487 175 127 1311
498 176 127 1868
501 177 127 1289
507 178 127 1627
511 180 127 55
511 179 127 1459
512 181 127 704
513 182 127 538
513 183 127 325
514 184 127 767
514 185 127 233
519 186 127 1603
519 187 127 124
521 188 127 924
523 189 127 1117
531 190 127 1751
532 191 127 562
532 192 127 424
538 193 127 1669
538 194 127 353
538 195 127 68
544 196 127 1633
550 197 127 1632
553 199 127 298
553 198 127 1344
554 200 127 603
556 201 127 1088
560 202 127 1402
562 203 127 1006
569 204 127 1712
569 205 127 445
570 206 127 821
571 207 127 827
572 208 127 819
574 209 127 1058
576 210 127 1120
581 211 127 1511
585 212 127 1407
586 213 127 746
593 214 127 1696
594 215 127 711
600 216 127 1636
601 217 127 650
602 218 127 659
607 219 127 1576
608 220 127 737
609 221 127 564
609 222 127 282
610 223 127 604
615 224 127 1540
626 225 127 1856
626 226 127 33
628 227 127 878
630 228 127 941
632 229 127 1070
637 230 127 1602
637 231 127 235
648 232 127 1870
651 233 127 1328
652 234 127 855
654 235 127 891
657 236 127 1226
661 237 127 1457
662 239 127 322
662 238 127 538
665 240 127 1337
666 241 127 775
669 242 127 1229
677 243 127 1790
698 244 127 1921
698 245 127 239
700 246 127 1079
705 247 127 1603
719 248 127 1897
724 249 127 1566
724 250 127 357
726 251 127 982
728 252 127 973
735 253 127 1692
739 254 127 1486
739 255 127 38
740 256 127 806
741 257 127 797
745 258 127 1390
753 259 127 1780
753 260 127 411
764 261 127 1867
773 262 127 1811
779 263 127 1674
783 264 127 1381
785 265 127 885
790 267 127 79
790 266 127 1566
799 268 127 1816
800 269 127 805
804 270 127 1410
804 271 127 179
804 272 127 112
804 273 127 337
804 274 127 239
817 275 127 1887
820 277 127 416
820 276 127 1260
821 278 127 608
824 279 127 1300
825 280 127 776
825 281 127 355
827 282 127 905
830 283 127 1300
831 284 127 712
832 285 127 619
835 286 127 1187
835 287 127 177
843 288 127 1767
844 289 127 816
844 290 127 84
844 291 127 429
844 292 127 66
845 293 127 682
855 294 127 1835
859 295 127 1394
861 296 127 889
865 297 127 1480
865 298 127 409
867 299 127 1036
868 300 127 598
870 301 127 1000
877 302 127 1712
879 304 127 156
879 305 127 178
879 303 127 1092
881 306 127 869
