0 0 1613 94
5 1 1613 1520
8 2 1613 1237
11 3 1613 1156
15 4 1613 1481
17 5 1613 1109
19 6 1613 1015
19 7 1613 35
20 8 1613 760
28 9 1613 1753
32 10 1613 1476
37 11 1613 1533
49 12 1613 1880
51 13 1613 973
65 14 1613 1896
69 15 1613 1459
69 16 1613 178
70 18 1613 366
70 17 1613 590
75 19 1613 1538
75 20 1613 257
76 21 1613 591
82 22 1613 1617
84 23 1613 987
85 24 1613 796
92 25 1613 1748
101 26 1613 1814
102 27 1613 735
104 28 1613 1126
104 29 1613 397
105 30 1613 630
113 31 1613 1759
113 32 1613 320
119 33 1613 1674
124 34 1613 1525
128 35 1613 1360
130 36 1613 1002
133 39 1613 186
133 37 1613 1206
133 38 1613 234
135 40 1613 880
138 41 1613 1309
140 42 1613 937
140 43 1613 84
140 44 1613 133
141 45 1613 697
142 46 1613 865
145 47 1613 1308
147 48 1613 965
154 49 1613 1718
154 50 1613 386
154 51 1613 89
155 52 1613 641
155 53 1613 233
157 54 1613 918
161 55 1613 1428
170 58 1613 360
170 56 1613 1828
170 57 1613 250
176 59 1613 1657
179 60 1613 1220
179 61 1613 280
180 62 1613 834
180 63 1613 363
182 64 1613 1122
188 65 1613 1642
191 66 1613 1212
191 67 1613 206
195 68 1613 1372
196 70 1613 457
196 69 1613 535
198 72 1613 355
198 73 1613 180
198 71 1613 897
199 74 1613 658
201 75 1613 872
206 76 1613 1579
211 77 1613 1532
212 78 1613 853
212 79 1613 98
214 80 1613 883
215 81 1613 505
222 82 1613 1694
225 84 1613 10
225 83 1613 1332
226 85 1613 541
228 86 1613 1117
228 87 1613 87
229 88 1613 755
229 89 1613 96
233 90 1613 1457
234 91 1613 752
235 92 1613 845
236 93 1613 502
238 94 1613 890
239 95 1613 600
239 96 1613 475
240 97 1613 573
242 98 1613 887
242 99 1613 415
246 100 1613 1409
247 101 1613 658
258 103 1613 429
258 102 1613 1860
261 104 1613 1261
265 105 1613 1413
271 106 1613 1658
271 107 1613 461
276 108 1613 1500
276 109 1613 46
284 110 1613 1774
284 111 1613 295
287 113 1613 261
287 112 1613 1321
288 114 1613 773
289 115 1613 714
290 116 1613 510
294 117 1613 1426
294 118 1613 352
295 119 1613 581
296 120 1613 525
298 121 1613 1125
302 122 1613 1376
305 123 1613 1275
307 124 1613 1003
313 125 1613 1630
313 126 1613 52
321 127 1613 1778
324 128 1613 1214
324 129 1613 57
324 130 1613 397
326 131 1613 1005
327 133 1613 437
327 132 1613 645
328 134 1613 614
328 135 1613 225
329 136 1613 570
332 137 1613 1265
332 138 1613 71
333 139 1613 522
334 140 1613 808
335 141 1613 656
336 142 1613 512
337 143 1613 709
337 144 1613 247
340 145 1613 1162
344 146 1613 1355
345 147 1613 583
351 149 1613 175
351 150 1613 89
351 148 1613 1653
353 152 1613 221
353 153 1613 306
353 151 1613 974
362 154 1613 1815
362 155 1613 284
365 156 1613 1207
366 157 1613 584
370 158 1613 1351
375 159 1613 1555
379 160 1613 1360
388 161 1613 1804
391 162 1613 1171
395 163 1613 1442
400 164 1613 1573
401 165 1613 769
406 166 1613 1574
408 167 1613 884
413 168 1613 1572
414 169 1613 548
414 170 1613 144
417 171 1613 1170
421 172 1613 1354
429 173 1613 1755
436 174 1613 1697
444 175 1613 1793
445 176 1613 612
446 177 1613 666
448 178 1613 1028
456 179 1613 1765
456 180 1613 274
460 182 1613 125
460 181 1613 1393
462 183 1613 1039
475 184 1613 1893
479 185 1613 1347
480 186 1613 784
480 187 1613 339
481 188 1613 546
481 189 1613 329
483 190 1613 942
499 191 1613 1911
509 192 1613 1838
509 193 1613 440
511 194 1613 1086
513 195 1613 928
517 196 1613 1409
519 197 1613 995
521 198 1613 1060
525 199 1613 1403
530 201 1613 471
530 200 1613 1512
532 202 1613 935
534 203 1613 1104
534 204 1613 31
535 205 1613 844
540 206 1613 1544
540 207 1613 391
541 208 1613 533
541 209 1613 22
546 210 1613 1596
547 211 1613 540
551 212 1613 1480
556 213 1613 1510
559 214 1613 1281
572 215 1613 1891
578 216 1613 1679
578 217 1613 132
582 218 1613 1474
582 219 1613 225
598 220 1613 1910
601 221 1613 1235
601 222 1613 337
604 223 1613 1242
609 224 1613 1531
609 225 1613 158
612 226 1613 1256
614 227 1613 913
615 228 1613 668
616 230 1613 383
616 229 1613 769
621 231 1613 1542
626 232 1613 1531
631 233 1613 1550
631 234 1613 253
638 235 1613 1728
638 236 1613 458
640 237 1613 945
642 238 1613 1007
644 239 1613 1048
651 240 1613 1728
651 241 1613 392
658 242 1613 1730
659 243 1613 524
660 244 1613 658
660 245 1613 401
660 246 1613 430
660 247 1613 328
662 248 1613 1084
664 249 1613 1119
667 250 1613 1173
670 251 1613 1277
674 252 1613 1446
675 253 1613 834
679 254 1613 1418
679 255 1613 276
679 256 1613 134
685 257 1613 1617
690 258 1613 1498
699 259 1613 1798
704 260 1613 1513
705 261 1613 631
711 262 1613 1647
717 263 1613 1688
722 264 1613 1563
722 265 1613 53
724 266 1613 934
735 267 1613 1855
738 268 1613 1256
742 269 1613 1477
746 270 1613 1433
747 271 1613 733
749 272 1613 1049
749 273 1613 425
749 274 1613 422
754 275 1613 1517
758 276 1613 1429
765 277 1613 1737
766 278 1613 584
768 279 1613 1129
774 280 1613 1653
776 281 1613 927
784 282 1613 1754
788 283 1613 1473
793 284 1613 1520
795 286 1613 96
795 285 1613 1031
796 287 1613 696
796 288 1613 132
810 289 1613 1901
815 290 1613 1594
816 291 1613 765
820 292 1613 1371
822 293 1613 1134
826 294 1613 1460
828 295 1613 1097
829 296 1613 670
829 297 1613 42
831 298 1613 886
832 299 1613 604
836 300 1613 1392
837 301 1613 499
839 302 1613 996
844 303 1613 1531
850 305 1613 440
850 304 1613 1611
850 306 1613 227
