0 0 74 184
5 1 74 1593
5 2 74 424
6 3 74 859
6 4 74 407
8 5 74 946
12 6 74 1465
13 7 74 790
14 8 74 562
16 9 74 1047
17 10 74 795
22 11 74 1587
29 12 74 1698
30 13 74 586
30 14 74 296
32 15 74 894
32 16 74 383
32 17 74 487
33 18 74 608
43 19 74 1845
45 20 74 948
45 21 74 293
48 22 74 1242
52 28 74 308
52 26 74 19
52 27 74 136
52 24 74 356
52 23 74 1382
52 25 74 287
54 29 74 1063
61 30 74 1695
71 31 74 1837
74 32 74 1261
74 33 74 229
77 34 74 1149
78 35 74 511
78 36 74 31
80 37 74 872
81 38 74 846
81 39 74 376
94 40 74 1888
100 41 74 1638
100 42 74 92
106 43 74 1649
106 44 74 215
111 45 74 1545
119 46 74 1757
125 47 74 1668
125 48 74 493
135 49 74 1842
135 50 74 341
155 51 74 1921
156 52 74 675
163 53 74 1695
166 54 74 1311
175 56 74 351
175 55 74 1816
177 57 74 967
178 58 74 502
178 59 74 119
180 60 74 927
183 61 74 1328
183 62 74 481
187 63 74 1424
190 64 74 1276
192 65 74 883
192 66 74 326
196 67 74 1469
200 68 74 1361
207 69 74 1710
208 70 74 863
212 71 74 1435
217 73 74 231
217 72 74 1565
229 74 74 1882
232 76 74 200
232 75 74 1235
237 77 74 1518
240 78 74 1167
241 79 74 736
241 80 74 455
241 81 74 276
246 82 74 1567
246 83 74 391
247 84 74 722
254 85 74 1699
257 86 74 1161
261 87 74 1490
262 88 74 843
265 89 74 1258
265 90 74 159
267 91 74 989
267 92 74 369
268 93 74 727
272 94 74 1374
273 95 74 559
276 96 74 1156
277 97 74 593
277 98 74 372
280 99 74 1256
283 100 74 1219
283 101 74 288
283 102 74 306
284 103 74 707
286 104 74 978
287 105 74 830
287 106 74 355
287 107 74 443
294 108 74 1737
294 109 74 75
300 110 74 1615
301 111 74 757
308 112 74 1724
315 113 74 1691
320 114 74 1589
321 115 74 651
327 116 74 1686
327 117 74 90
328 118 74 701
333 119 74 1501
339 120 74 1646
340 121 74 760
341 123 74 103
341 122 74 625
346 124 74 1551
355 125 74 1799
357 126 74 1065
358 127 74 838
359 128 74 781
362 130 74 79
362 129 74 1322
367 131 74 1532
370 132 74 1145
380 133 74 1835
384 134 74 1441
384 135 74 167
397 136 74 1894
398 137 74 860
401 138 74 1337
410 139 74 1816
413 140 74 1344
414 141 74 717
420 142 74 1678
421 143 74 768
426 144 74 1567
429 145 74 1326
432 146 74 1189
433 147 74 602
435 148 74 1063
436 149 74 723
437 150 74 798
439 151 74 1065
448 152 74 1816
449 153 74 795
454 154 74 1535
454 155 74 458
459 156 74 1587
459 157 74 203
461 158 74 1081
463 159 74 1104
470 160 74 1689
474 161 74 1442
479 163 74 415
479 162 74 1587
500 164 74 1921
500 165 74 83
505 166 74 1537
514 167 74 1814
514 168 74 249
518 169 74 1421
519 170 74 682
520 171 74 825
521 172 74 677
522 173 74 810
522 174 74 157
524 175 74 928
526 176 74 1007
534 177 74 1782
534 178 74 460
534 179 74 224
535 181 74 463
535 180 74 610
542 182 74 1699
542 183 74 58
543 184 74 524
545 185 74 938
551 186 74 1640
551 187 74 349
551 188 74 299
553 189 74 983
554 190 74 504
561 191 74 1690
568 192 74 1703
568 193 74 233
568 194 74 126
577 195 74 1827
579 196 74 1055
582 197 74 1262
583 198 74 771
587 199 74 1484
594 200 74 1714
597 201 74 1299
597 202 74 353
602 203 74 1566
602 204 74 41
616 205 74 1897
616 206 74 388
618 207 74 1006
619 208 74 638
620 209 74 606
624 210 74 1376
631 211 74 1730
637 212 74 1668
638 213 74 857
638 214 74 493
641 215 74 1226
647 216 74 1667
652 217 74 1528
661 218 74 1815
663 220 74 367
663 219 74 983
666 221 74 1187
671 222 74 1514
674 223 74 1191
676 224 74 916
678 225 74 916
680 226 74 1047
680 227 74 444
681 228 74 683
681 229 74 255
690 230 74 1798
696 231 74 1669
698 232 74 1010
700 233 74 901
700 234 74 434
703 235 74 1236
703 236 74 110
703 237 74 133
703 238 74 17
704 239 74 551
705 240 74 550
706 241 74 634
712 242 74 1636
718 243 74 1618
723 244 74 1531
724 245 74 699
724 246 74 22
725 247 74 845
731 248 74 1664
732 249 74 825
732 250 74 159
736 251 74 1452
740 252 74 1372
747 253 74 1713
749 254 74 1117
750 255 74 527
757 256 74 1709
759 257 74 1086
760 258 74 649
762 259 74 1049
763 260 74 849
774 261 74 1868
774 262 74 322
774 263 74 383
775 264 74 733
781 265 74 1632
782 266 74 720
783 268 74 423
783 267 74 766
786 269 74 1182
788 270 74 1116
793 271 74 1534
798 272 74 1510
801 273 74 1264
801 274 74 433
807 275 74 1657
811 276 74 1476
820 277 74 1821
825 278 74 1585
825 279 74 217
827 280 74 894
827 281 74 201
828 282 74 704
836 283 74 1783
836 284 74 95
836 285 74 345
836 286 74 297
839 287 74 1222
846 288 74 1709
856 289 74 1832
860 290 74 1451
862 291 74 948
866 292 74 1408
868 293 74 893
874 294 74 1626
875 296 74 312
875 295 74 606
878 297 74 1252
880 298 74 885
889 299 74 1823
904 300 74 1904
907 303 74 482
907 301 74 1180
907 302 74 422
913 304 74 1633
914 305 74 550
925 306 74 1866
