1 0 1011 765
3 1 1011 901
5 2 1011 1135
12 3 1011 1707
12 4 1011 98
14 5 1011 942
15 6 1011 607
17 7 1011 873
18 9 1011 200
18 8 1011 854
34 10 1011 1912
34 11 1011 299
35 12 1011 546
37 13 1011 894
41 14 1011 1466
45 15 1011 1468
48 16 1011 1156
51 17 1011 1291
52 19 1011 481
52 18 1011 779
56 20 1011 1481
58 21 1011 1069
64 22 1011 1618
65 23 1011 799
69 24 1011 1389
75 25 1011 1664
77 27 1011 386
77 28 1011 341
77 26 1011 955
92 29 1011 1907
98 30 1011 1626
103 31 1011 1590
103 32 1011 86
106 33 1011 1206
110 34 1011 1432
117 36 1011 219
117 35 1011 1714
118 38 1011 57
118 37 1011 511
124 39 1011 1608
126 40 1011 901
126 41 1011 325
139 42 1011 1892
140 43 1011 537
140 44 1011 472
154 45 1011 1903
156 46 1011 1118
157 47 1011 814
161 48 1011 1475
169 49 1011 1783
171 50 1011 1008
171 51 1011 487
171 52 1011 211
172 53 1011 665
175 54 1011 1226
181 55 1011 1621
184 59 1011 358
184 58 1011 317
184 57 1011 336
184 56 1011 1208
200 60 1011 1911
200 61 1011 221
201 62 1011 532
203 63 1011 872
203 64 1011 498
203 65 1011 321
203 66 1011 212
206 67 1011 1265
210 68 1011 1386
216 69 1011 1676
219 70 1011 1249
220 71 1011 644
223 72 1011 1234
225 73 1011 1095
230 74 1011 1504
233 75 1011 1155
235 76 1011 1102
237 77 1011 1080
237 78 1011 327
241 79 1011 1411
242 80 1011 545
242 81 1011 141
243 82 1011 835
243 83 1011 482
245 84 1011 899
247 85 1011 1139
251 86 1011 1378
255 87 1011 1345
270 88 1011 1905
277 89 1011 1735
278 90 1011 506
287 91 1011 1807
287 92 1011 194
293 93 1011 1623
299 94 1011 1622
300 95 1011 680
307 96 1011 1718
309 97 1011 1019
309 98 1011 39
309 99 1011 150
316 100 1011 1690
324 101 1011 1778
328 102 1011 1352
335 103 1011 1724
336 105 1011 363
336 104 1011 533
339 106 1011 1178
341 107 1011 1041
343 108 1011 1085
343 109 1011 70
344 110 1011 519
344 111 1011 127
344 112 1011 8
345 113 1011 831
352 114 1011 1738
360 115 1011 1769
363 116 1011 1310
363 117 1011 49
377 118 1011 1897
380 119 1011 1284
381 120 1011 867
382 121 1011 792
385 122 1011 1284
390 123 1011 1575
393 124 1011 1169
397 125 1011 1367
397 126 1011 450
402 127 1011 1535
406 128 1011 1397
407 129 1011 824
411 130 1011 1362
411 131 1011 82
413 133 1011 176
413 132 1011 1041
419 134 1011 1646
420 135 1011 691
421 136 1011 713
423 137 1011 1036
435 138 1011 1874
436 139 1011 536
448 142 1011 259
448 141 1011 337
448 140 1011 1885
458 143 1011 1835
461 144 1011 1216
461 145 1011 379
470 146 1011 1799
473 147 1011 1287
482 148 1011 1810
490 149 1011 1777
493 150 1011 1294
499 151 1011 1668
501 152 1011 1047
502 153 1011 679
505 154 1011 1207
507 155 1011 898
507 156 1011 494
514 157 1011 1701
515 158 1011 554
517 159 1011 1091
527 160 1011 1837
532 161 1011 1568
537 163 1011 261
537 162 1011 1568
538 164 1011 632
538 165 1011 436
540 166 1011 1010
548 167 1011 1757
550 168 1011 1110
552 169 1011 1046
554 171 1011 273
554 172 1011 100
554 170 1011 1056
558 173 1011 1361
561 174 1011 1323
562 175 1011 530
563 176 1011 532
567 177 1011 1373
567 178 1011 359
568 179 1011 789
572 180 1011 1492
574 181 1011 1088
580 182 1011 1649
585 183 1011 1545
589 184 1011 1455
595 185 1011 1619
597 186 1011 960
597 187 1011 361
599 188 1011 893
600 190 1011 197
600 189 1011 747
602 192 1011 482
602 191 1011 936
603 193 1011 783
604 194 1011 623
604 195 1011 317
605 196 1011 694
629 197 1011 1923
632 198 1011 1203
633 199 1011 780
636 202 1011 176
636 201 1011 41
636 200 1011 1293
637 203 1011 764
638 204 1011 721
640 205 1011 1020
645 206 1011 1568
651 207 1011 1610
654 208 1011 1281
655 209 1011 677
655 210 1011 366
657 211 1011 1045
660 212 1011 1342
667 213 1011 1689
672 214 1011 1523
673 215 1011 749
683 216 1011 1844
683 217 1011 22
684 218 1011 730
686 219 1011 938
690 220 1011 1401
691 221 1011 648
692 222 1011 863
692 223 1011 362
693 224 1011 848
693 225 1011 119
700 226 1011 1716
703 227 1011 1242
704 228 1011 737
706 229 1011 1005
714 230 1011 1761
715 231 1011 533
715 232 1011 170
720 233 1011 1503
724 234 1011 1421
728 235 1011 1451
730 236 1011 911
732 237 1011 884
733 239 1011 434
733 240 1011 51
733 238 1011 824
736 241 1011 1274
738 242 1011 1005
738 243 1011 216
738 244 1011 381
740 245 1011 1077
745 246 1011 1519
746 247 1011 717
749 248 1011 1184
758 250 1011 398
758 249 1011 1799
759 251 1011 671
762 252 1011 1193
762 253 1011 265
765 254 1011 1303
766 255 1011 644
768 256 1011 1103
775 257 1011 1739
785 258 1011 1841
786 259 1011 601
789 260 1011 1228
789 261 1011 326
791 262 1011 873
791 263 1011 275
792 264 1011 840
800 265 1011 1758
802 266 1011 874
810 269 1011 72
810 268 1011 268
810 267 1011 1763
818 270 1011 1763
820 271 1011 959
822 272 1011 1123
822 273 1011 295
824 274 1011 886
824 275 1011 127
829 276 1011 1568
830 277 1011 646
845 278 1011 1906
852 279 1011 1696
853 280 1011 525
855 281 1011 999
855 282 1011 57
856 283 1011 863
857 284 1011 607
859 285 1011 1090
862 286 1011 1264
872 288 1011 200
872 287 1011 1830
873 289 1011 776
873 290 1011 347
875 291 1011 1097
877 292 1011 967
877 293 1011 222
879 294 1011 1131
885 295 1011 1650
885 296 1011 401
886 297 1011 730
889 298 1011 1300
890 299 1011 548
890 300 1011 202
896 301 1011 1680
896 302 1011 448
898 303 1011 1112
898 304 1011 35
902 305 1011 1364
906 306 1011 1472
