1 0 672 791
2 1 672 543
2 2 672 487
4 3 672 982
7 4 672 1148
13 5 672 1665
13 6 672 271
14 7 672 677
14 8 672 87
21 9 672 1737
23 10 672 1065
28 11 672 1586
29 12 672 664
29 13 672 357
29 14 672 378
30 15 672 694
46 16 672 1911
54 17 672 1755
57 19 672 35
57 18 672 1195
66 20 672 1823
67 21 672 722
75 22 672 1776
76 23 672 831
77 24 672 790
77 25 672 331
79 26 672 981
87 27 672 1790
89 28 672 892
96 29 672 1736
96 30 672 213
96 31 672 181
96 32 672 374
97 33 672 652
108 34 672 1865
113 35 672 1549
114 36 672 642
118 37 672 1454
119 38 672 592
119 39 672 418
120 40 672 738
121 41 672 856
130 42 672 1816
130 43 672 97
130 44 672 490
139 45 672 1828
152 46 672 1896
158 47 672 1678
164 48 672 1626
176 49 672 1884
178 50 672 1023
183 51 672 1499
183 52 672 224
183 53 672 182
187 54 672 1444
187 55 672 68
188 56 672 691
193 57 672 1580
193 58 672 191
194 59 672 817
195 60 672 683
195 61 672 406
202 62 672 1710
202 63 672 276
207 64 672 1523
209 65 672 883
212 68 672 417
212 66 672 1212
212 67 672 12
213 69 672 754
213 70 672 52
213 71 672 456
216 72 672 1163
217 73 672 776
220 74 672 1221
222 75 672 966
223 76 672 830
229 77 672 1678
229 78 672 340
231 79 672 886
231 80 672 360
234 81 672 1227
234 82 672 164
236 83 672 932
237 84 672 713
238 85 672 639
250 86 672 1882
250 87 672 191
252 88 672 1132
261 89 672 1796
262 90 672 857
264 91 672 986
267 92 672 1262
274 93 672 1699
280 95 672 332
280 94 672 1660
282 96 672 1071
287 97 672 1540
288 98 672 499
293 99 672 1531
294 100 672 616
306 101 672 1883
309 102 672 1261
311 103 672 871
321 104 672 1832
322 105 672 566
322 106 672 336
326 107 672 1372
328 108 672 885
328 109 672 477
331 110 672 1163
333 111 672 938
336 112 672 1240
339 114 672 456
339 113 672 1229
343 115 672 1380
343 116 672 242
344 117 672 777
348 118 672 1488
350 119 672 884
352 120 672 926
354 121 672 1020
355 122 672 804
356 123 672 545
365 124 672 1821
367 125 672 990
369 126 672 1119
373 127 672 1388
375 128 672 1041
377 129 672 889
386 130 672 1820
389 131 672 1214
392 132 672 1179
393 135 672 401
393 133 672 733
393 134 672 270
406 136 672 1891
409 137 672 1217
411 138 672 1025
411 139 672 146
411 140 672 303
412 141 672 509
415 142 672 1231
416 143 672 655
417 144 672 633
427 145 672 1844
433 147 672 32
433 146 672 1671
436 150 672 90
436 151 672 294
436 148 672 1243
436 149 672 279
436 152 672 52
441 153 672 1539
442 154 672 605
447 155 672 1521
449 156 672 1079
450 157 672 716
452 158 672 975
453 159 672 841
457 160 672 1372
459 162 672 331
459 161 672 872
480 163 672 1921
481 164 672 582
493 165 672 1873
499 166 672 1684
500 167 672 506
502 168 672 959
502 169 672 54
506 170 672 1414
508 171 672 950
514 172 672 1677
517 173 672 1341
518 174 672 581
518 175 672 416
525 176 672 1714
525 177 672 149
535 178 672 1836
549 179 672 1901
552 180 672 1244
554 182 672 145
554 181 672 1086
555 183 672 762
556 184 672 798
561 185 672 1525
564 186 672 1162
569 187 672 1564
569 188 672 128
570 189 672 673
573 190 672 1247
576 193 672 183
576 192 672 241
576 191 672 1175
577 194 672 698
581 195 672 1355
581 196 672 178
584 197 672 1234
584 198 672 72
585 199 672 685
585 200 672 160
588 201 672 1164
590 202 672 998
593 203 672 1188
594 204 672 789
596 205 672 1065
597 206 672 541
598 207 672 635
600 208 672 958
600 209 672 188
607 210 672 1732
609 211 672 929
610 212 672 804
612 213 672 998
617 214 672 1522
617 215 672 286
618 216 672 727
622 217 672 1494
624 218 672 1122
626 219 672 981
627 223 672 285
627 222 672 378
627 221 672 119
627 220 672 710
628 224 672 732
628 225 672 239
629 226 672 708
633 227 672 1494
634 228 672 643
637 232 672 76
637 231 672 479
637 230 672 238
637 229 672 1151
640 233 672 1150
647 234 672 1741
647 235 672 79
647 236 672 88
649 237 672 881
663 238 672 1897
669 239 672 1658
671 240 672 984
672 241 672 526
673 242 672 606
684 243 672 1864
685 244 672 866
685 245 672 317
685 246 672 370
688 247 672 1167
689 248 672 586
689 249 672 412
690 250 672 627
691 251 672 609
691 252 672 111
693 253 672 1016
707 254 672 1899
707 255 672 40
708 256 672 786
709 257 672 712
709 258 672 456
710 260 672 356
710 259 672 550
712 261 672 972
730 262 672 1917
737 263 672 1732
749 264 672 1875
752 265 672 1252
753 266 672 852
758 267 672 1578
761 268 672 1181
765 270 672 198
765 269 672 1442
773 271 672 1770
778 272 672 1521
782 273 672 1389
803 274 672 1922
803 275 672 184
807 276 672 1438
807 277 672 439
810 279 672 414
810 278 672 1344
818 280 672 1793
822 281 672 1465
824 282 672 908
824 283 672 231
825 284 672 523
830 286 672 367
830 285 672 1553
832 287 672 985
835 288 672 1176
842 289 672 1701
845 290 672 1218
848 291 672 1300
848 292 672 425
852 293 672 1347
855 294 672 1301
855 295 672 11
856 296 672 534
857 297 672 798
874 298 672 1913
879 299 672 1539
883 300 672 1390
884 301 672 717
900 302 672 1910
902 303 672 1068
902 304 672 213
903 305 672 781
905 306 672 1012
