6 0 1277 1661
10 1 1277 1362
12 2 1277 913
12 3 1277 242
12 4 1277 227
13 5 1277 729
13 6 1277 287
24 7 1277 1871
28 9 1277 255
28 8 1277 1424
30 10 1277 1005
34 11 1277 1494
35 12 1277 719
40 13 1277 1580
46 14 1277 1673
49 15 1277 1335
52 16 1277 1342
57 18 1277 168
57 17 1277 1518
61 19 1277 1411
61 20 1277 103
62 21 1277 536
64 22 1277 965
70 23 1277 1679
75 24 1277 1517
83 27 1277 70
83 28 1277 98
83 26 1277 166
83 25 1277 1794
84 29 1277 671
85 30 1277 522
89 31 1277 1437
90 32 1277 776
94 33 1277 1459
97 34 1277 1257
103 35 1277 1667
108 36 1277 1513
114 38 1277 98
114 37 1277 1647
124 39 1277 1845
125 40 1277 847
126 41 1277 616
127 42 1277 645
127 43 1277 9
129 44 1277 905
140 45 1277 1857
140 46 1277 281
144 47 1277 1433
149 48 1277 1561
157 49 1277 1758
157 50 1277 245
161 51 1277 1439
172 52 1277 1862
176 53 1277 1453
178 54 1277 1134
180 55 1277 1125
180 56 1277 397
183 57 1277 1159
184 58 1277 649
184 59 1277 358
185 60 1277 562
185 61 1277 217
193 62 1277 1772
194 63 1277 752
200 64 1277 1658
204 65 1277 1493
205 66 1277 718
208 67 1277 1184
208 68 1277 322
208 69 1277 6
215 70 1277 1746
221 71 1277 1619
225 72 1277 1419
225 73 1277 247
226 74 1277 564
230 75 1277 1411
239 76 1277 1815
241 77 1277 955
242 78 1277 773
247 79 1277 1585
252 80 1277 1512
253 81 1277 658
253 82 1277 433
253 83 1277 265
253 84 1277 426
255 85 1277 1007
260 86 1277 1500
263 87 1277 1247
263 88 1277 325
263 89 1277 132
266 90 1277 1269
266 91 1277 354
268 92 1277 998
274 93 1277 1665
277 94 1277 1283
278 95 1277 629
279 96 1277 768
288 97 1277 1818
288 98 1277 275
291 99 1277 1337
293 100 1277 1139
295 101 1277 1021
297 102 1277 1110
302 104 1277 11
302 103 1277 1554
303 105 1277 550
303 106 1277 19
309 107 1277 1614
311 108 1277 889
317 109 1277 1647
320 110 1277 1234
324 112 1277 385
324 111 1277 1366
326 113 1277 989
327 114 1277 770
336 115 1277 1828
343 116 1277 1709
348 117 1277 1507
348 118 1277 325
349 119 1277 650
367 120 1277 1917
371 121 1277 1395
372 122 1277 859
372 123 1277 190
373 124 1277 661
377 125 1277 1392
378 126 1277 620
384 127 1277 1679
386 128 1277 889
397 129 1277 1859
398 130 1277 643
419 131 1277 1922
420 132 1277 680
424 135 1277 491
424 133 1277 1361
424 134 1277 445
428 136 1277 1472
429 137 1277 803
429 138 1277 253
438 139 1277 1800
440 140 1277 987
449 141 1277 1810
449 142 1277 357
450 143 1277 602
451 144 1277 822
460 145 1277 1828
473 146 1277 1893
473 147 1277 8
475 148 1277 895
479 149 1277 1379
480 150 1277 845
483 151 1277 1185
487 152 1277 1492
492 153 1277 1550
495 154 1277 1344
501 155 1277 1668
501 156 1277 162
503 157 1277 920
505 158 1277 893
506 159 1277 543
517 160 1277 1855
517 161 1277 265
518 162 1277 725
520 163 1277 955
522 164 1277 1003
525 165 1277 1237
526 166 1277 686
528 167 1277 948
529 168 1277 544
529 169 1277 279
529 170 1277 356
531 171 1277 905
534 173 1277 449
534 172 1277 1253
539 174 1277 1587
539 175 1277 107
541 176 1277 1038
541 177 1277 256
544 178 1277 1293
545 179 1277 758
549 180 1277 1423
550 181 1277 611
551 182 1277 784
555 183 1277 1435
557 184 1277 1013
561 185 1277 1383
561 186 1277 429
563 187 1277 1054
563 188 1277 16
564 189 1277 701
564 190 1277 328
565 191 1277 552
575 192 1277 1835
581 193 1277 1635
592 194 1277 1870
593 195 1277 722
595 196 1277 1085
598 197 1277 1327
603 198 1277 1523
608 199 1277 1509
610 200 1277 1141
612 201 1277 945
616 202 1277 1389
617 203 1277 615
619 204 1277 1022
630 205 1277 1865
641 206 1277 1856
643 207 1277 1042
656 208 1277 1887
659 209 1277 1237
660 210 1277 630
670 211 1277 1830
675 212 1277 1552
675 213 1277 135
677 214 1277 1044
680 215 1277 1243
684 216 1277 1405
687 217 1277 1214
698 218 1277 1866
703 219 1277 1545
704 220 1277 807
709 221 1277 1556
711 222 1277 932
719 223 1277 1767
731 224 1277 1875
738 225 1277 1729
740 226 1277 994
745 227 1277 1543
746 228 1277 503
747 229 1277 865
749 230 1277 947
755 231 1277 1636
756 232 1277 657
763 233 1277 1708
768 234 1277 1541
768 235 1277 478
771 236 1277 1147
771 237 1277 168
771 238 1277 413
773 239 1277 1073
777 240 1277 1451
780 241 1277 1312
782 242 1277 1092
783 243 1277 704
783 244 1277 70
783 245 1277 423
785 246 1277 924
792 247 1277 1700
793 248 1277 591
794 249 1277 627
797 250 1277 1241
806 251 1277 1795
810 252 1277 1385
824 253 1277 1903
825 254 1277 701
830 255 1277 1509
830 256 1277 12
835 257 1277 1546
836 258 1277 665
839 259 1277 1218
841 260 1277 870
841 261 1277 313
842 262 1277 538
844 263 1277 1022
844 264 1277 290
846 265 1277 919
849 266 1277 1172
857 267 1277 1768
858 268 1277 518
859 269 1277 565
859 270 1277 95
862 271 1277 1237
863 272 1277 801
864 273 1277 793
864 274 1277 94
868 276 1277 464
868 277 1277 228
868 275 1277 1420
875 278 1277 1696
879 279 1277 1451
880 280 1277 804
883 281 1277 1219
885 282 1277 952
894 283 1277 1801
899 284 1277 1548
901 285 1277 1076
901 286 1277 250
902 287 1277 679
904 288 1277 1006
904 289 1277 32
904 290 1277 465
909 291 1277 1525
913 292 1277 1428
915 293 1277 1119
915 294 1277 203
917 295 1277 1137
918 298 1277 414
918 297 1277 70
918 296 1277 773
920 299 1277 1076
923 300 1277 1176
925 301 1277 1080
928 302 1277 1181
928 303 1277 25
929 304 1277 532
929 305 1277 4
931 306 1277 994
