0 0 1792 85
1 1 1792 577
5 2 1792 1391
15 3 1792 1839
15 4 1792 71
31 5 1792 1911
37 6 1792 1672
43 7 1792 1687
46 8 1792 1312
47 9 1792 822
47 10 1792 223
47 11 1792 234
55 12 1792 1793
65 13 1792 1835
67 14 1792 938
73 15 1792 1620
73 16 1792 195
76 17 1792 1279
77 18 1792 656
79 19 1792 958
79 20 1792 495
81 21 1792 1132
84 22 1792 1231
86 23 1792 1035
87 24 1792 534
94 25 1792 1730
94 26 1792 394
95 29 1792 475
95 27 1792 728
95 28 1792 488
96 30 1792 631
96 31 1792 82
100 32 1792 1451
100 33 1792 125
100 34 1792 453
101 35 1792 840
103 36 1792 1000
110 37 1792 1692
114 38 1792 1417
122 39 1792 1762
124 40 1792 969
134 41 1792 1831
135 42 1792 795
138 43 1792 1209
143 44 1792 1532
143 45 1792 439
147 47 1792 318
147 46 1792 1422
148 48 1792 539
150 49 1792 1112
151 50 1792 524
153 51 1792 1121
171 52 1792 1916
174 53 1792 1315
180 54 1792 1686
182 55 1792 878
185 57 1792 356
185 56 1792 1271
188 58 1792 1305
188 59 1792 265
193 60 1792 1517
195 61 1792 943
198 62 1792 1199
199 63 1792 837
199 64 1792 191
199 65 1792 141
200 66 1792 708
206 67 1792 1667
210 68 1792 1381
210 69 1792 97
211 70 1792 620
211 71 1792 428
219 72 1792 1787
220 73 1792 818
237 74 1792 1913
238 77 1792 21
238 75 1792 588
238 76 1792 337
242 78 1792 1427
242 79 1792 95
242 80 1792 307
242 81 1792 75
242 82 1792 189
245 83 1792 1301
257 84 1792 1875
261 88 1792 364
261 87 1792 135
261 85 1792 1434
261 86 1792 90
266 89 1792 1500
270 90 1792 1494
271 92 1792 387
271 91 1792 643
274 94 1792 245
274 95 1792 26
274 93 1792 1151
275 96 1792 632
287 97 1792 1883
289 98 1792 1018
293 99 1792 1391
299 100 1792 1655
305 101 1792 1680
306 104 1792 491
306 105 1792 96
306 103 1792 441
306 102 1792 862
309 106 1792 1259
311 107 1792 1098
314 108 1792 1327
316 109 1792 1097
317 110 1792 541
320 111 1792 1249
321 112 1792 853
324 113 1792 1209
336 114 1792 1882
340 115 1792 1441
341 116 1792 754
350 117 1792 1822
352 118 1792 886
353 119 1792 681
353 120 1792 50
354 121 1792 572
357 122 1792 1303
366 123 1792 1806
367 124 1792 528
381 125 1792 1901
381 126 1792 40
382 127 1792 635
383 128 1792 572
396 129 1792 1887
408 130 1792 1880
408 131 1792 378
410 134 1792 364
410 132 1792 928
410 133 1792 35
411 135 1792 552
413 136 1792 1138
419 137 1792 1672
420 138 1792 809
428 139 1792 1779
428 140 1792 175
430 141 1792 916
431 142 1792 733
434 143 1792 1191
436 144 1792 959
436 145 1792 245
443 146 1792 1714
445 147 1792 1102
448 148 1792 1193
449 149 1792 729
452 150 1792 1196
453 151 1792 735
455 153 1792 337
455 152 1792 996
458 154 1792 1340
460 155 1792 1083
460 156 1792 376
462 157 1792 980
472 158 1792 1837
473 159 1792 514
473 160 1792 56
474 161 1792 623
475 162 1792 525
479 163 1792 1364
481 164 1792 1142
481 165 1792 162
481 166 1792 321
482 167 1792 818
483 168 1792 845
486 169 1792 1330
486 170 1792 302
488 171 1792 1007
490 172 1792 1012
492 173 1792 1031
493 174 1792 505
495 175 1792 1058
503 176 1792 1763
503 177 1792 111
504 179 1792 283
504 180 1792 187
504 178 1792 847
505 181 1792 862
509 182 1792 1367
517 183 1792 1768
518 184 1792 690
521 185 1792 1145
524 186 1792 1306
525 187 1792 590
526 188 1792 620
529 191 1792 157
529 190 1792 175
529 189 1792 1205
537 192 1792 1759
537 193 1792 295
544 194 1792 1723
548 195 1792 1476
548 196 1792 391
551 197 1792 1293
551 198 1792 49
552 199 1792 796
562 200 1792 1848
564 201 1792 896
564 202 1792 257
572 203 1792 1788
572 204 1792 426
572 205 1792 189
578 206 1792 1647
591 207 1792 1890
599 209 1792 281
599 208 1792 1756
602 210 1792 1244
602 211 1792 264
602 212 1792 133
607 213 1792 1554
607 214 1792 327
609 215 1792 1118
612 216 1792 1181
613 217 1792 681
614 218 1792 673
635 219 1792 1921
636 220 1792 780
642 221 1792 1655
642 222 1792 197
647 223 1792 1565
650 224 1792 1154
650 225 1792 144
653 226 1792 1172
654 227 1792 717
657 228 1792 1233
659 229 1792 954
660 230 1792 667
660 231 1792 470
660 232 1792 62
660 233 1792 50
660 234 1792 359
663 235 1792 1215
664 236 1792 605
669 237 1792 1504
672 238 1792 1342
673 239 1792 501
677 240 1792 1422
680 241 1792 1341
681 242 1792 759
681 243 1792 338
693 244 1792 1885
703 246 1792 24
703 247 1792 205
703 245 1792 1836
716 248 1792 1892
717 249 1792 604
717 250 1792 295
723 251 1792 1634
724 255 1792 193
724 252 1792 619
724 253 1792 52
724 254 1792 16
725 256 1792 698
726 257 1792 616
727 258 1792 633
727 259 1792 281
729 260 1792 941
731 261 1792 930
732 262 1792 656
733 263 1792 802
738 264 1792 1539
739 266 1792 202
739 267 1792 82
739 265 1792 774
742 268 1792 1195
744 269 1792 1036
745 270 1792 513
750 271 1792 1601
753 272 1792 1264
753 273 1792 172
754 274 1792 499
758 275 1792 1363
760 276 1792 895
768 277 1792 1784
773 278 1792 1604
776 279 1792 1243
776 280 1792 120
778 281 1792 967
779 282 1792 749
780 283 1792 628
781 284 1792 658
783 285 1792 957
791 286 1792 1775
791 287 1792 9
791 288 1792 34
791 289 1792 165
792 290 1792 517
809 291 1792 1913
811 292 1792 870
813 293 1792 1060
817 295 1792 491
817 294 1792 1485
818 296 1792 685
830 297 1792 1882
831 298 1792 724
833 299 1792 1110
839 300 1792 1633
850 301 1792 1866
852 302 1792 935
853 303 1792 855
853 304 1792 91
854 305 1792 618
854 306 1792 369
