2 0 777 891
8 1 777 1628
8 2 777 284
14 3 777 1615
14 4 777 478
15 7 777 372
15 8 777 308
15 5 777 512
15 6 777 185
19 9 777 1461
19 10 777 211
20 11 777 595
27 12 777 1727
32 13 777 1535
33 15 777 267
33 14 777 560
34 16 777 626
38 18 777 223
38 17 777 1485
41 19 777 1195
49 20 777 1771
49 21 777 343
49 22 777 444
50 23 777 671
51 24 777 588
55 26 777 81
55 25 777 1421
59 27 777 1367
61 28 777 1029
62 29 777 751
62 30 777 104
64 31 777 1089
69 32 777 1589
70 33 777 824
76 34 777 1640
79 35 777 1160
81 38 777 138
81 37 777 191
81 36 777 940
83 39 777 926
83 40 777 435
89 41 777 1623
89 42 777 172
89 43 777 44
90 44 777 546
94 47 777 100
94 46 777 96
94 45 777 1385
97 48 777 1302
102 49 777 1558
102 50 777 223
103 51 777 521
106 52 777 1247
108 53 777 868
109 54 777 764
110 55 777 547
113 56 777 1184
118 57 777 1537
120 58 777 1026
122 59 777 981
122 60 777 431
123 61 777 743
126 62 777 1268
130 63 777 1482
134 64 777 1356
136 65 777 1046
138 66 777 930
140 67 777 903
149 68 777 1819
152 69 777 1325
155 70 777 1251
155 71 777 434
159 72 777 1347
162 73 777 1221
163 78 777 125
163 76 777 171
163 77 777 399
163 75 777 147
163 74 777 760
165 79 777 1127
168 80 777 1325
183 81 777 1905
183 82 777 65
187 83 777 1396
188 84 777 527
193 85 777 1507
201 86 777 1766
202 87 777 720
202 88 777 59
204 89 777 1092
218 90 777 1900
221 91 777 1328
223 92 777 1090
225 93 777 1081
225 94 777 495
231 96 777 354
231 95 777 1616
232 97 777 615
233 98 777 612
237 99 777 1424
237 100 777 454
239 101 777 1117
239 102 777 205
253 103 777 1902
253 104 777 306
260 105 777 1713
262 106 777 1099
262 107 777 26
262 108 777 108
263 109 777 616
263 110 777 376
264 111 777 784
268 112 777 1411
277 113 777 1823
282 115 777 450
282 114 777 1581
283 116 777 678
292 117 777 1797
294 118 777 954
302 119 777 1774
305 120 777 1205
305 121 777 210
306 122 777 844
307 123 777 726
311 124 777 1349
321 125 777 1847
324 126 777 1269
324 127 777 266
325 128 777 726
327 129 777 1068
334 130 777 1717
338 131 777 1481
345 132 777 1712
346 133 777 626
347 135 777 208
347 134 777 672
354 136 777 1699
354 137 777 88
356 138 777 1089
357 139 777 738
357 140 777 407
364 141 777 1740
365 142 777 612
369 143 777 1368
370 144 777 716
372 145 777 1115
382 146 777 1841
385 147 777 1191
389 148 777 1424
389 149 777 44
391 150 777 938
391 151 777 482
396 152 777 1585
397 156 777 273
397 155 777 244
397 153 777 762
397 154 777 219
401 157 777 1403
402 158 777 552
402 159 777 384
402 160 777 444
403 161 777 833
406 162 777 1225
408 163 777 965
409 164 777 823
410 165 777 820
412 166 777 997
413 167 777 785
416 168 777 1150
420 169 777 1372
421 170 777 675
422 171 777 590
423 172 777 708
423 173 777 216
427 174 777 1366
431 175 777 1389
436 176 777 1523
440 177 777 1400
440 178 777 10
440 179 777 234
440 180 777 6
440 181 777 77
441 182 777 766
442 184 777 129
442 183 777 681
445 185 777 1235
454 186 777 1820
456 187 777 949
456 188 777 407
456 189 777 428
467 190 777 1860
467 191 777 295
471 192 777 1460
472 194 777 294
472 193 777 705
477 195 777 1499
478 196 777 515
483 197 777 1571
484 198 777 544
493 199 777 1820
493 200 777 117
495 201 777 1056
495 202 777 40
495 203 777 52
498 204 777 1293
498 205 777 348
505 206 777 1698
509 207 777 1369
512 208 777 1320
513 209 777 754
514 210 777 646
515 211 777 797
519 212 777 1393
519 213 777 318
519 214 777 378
519 215 777 366
519 216 777 67
520 217 777 543
521 218 777 835
526 219 777 1512
528 222 777 378
528 220 777 925
528 221 777 48
529 223 777 722
533 224 777 1437
533 225 777 380
535 227 777 3
535 226 777 1054
545 228 777 1846
553 229 777 1792
555 230 777 874
567 231 777 1876
568 232 777 855
568 233 777 114
568 234 777 116
570 235 777 875
570 236 777 36
571 237 777 714
574 238 777 1312
581 239 777 1706
585 241 777 450
585 240 777 1461
590 242 777 1553
595 243 777 1577
602 244 777 1707
604 245 777 1063
605 246 777 827
607 247 777 1142
607 248 777 327
617 249 777 1853
621 250 777 1432
635 251 777 1896
636 252 777 736
638 253 777 957
640 254 777 895
640 255 777 69
641 256 777 677
644 257 777 1243
645 258 777 539
647 259 777 913
650 260 777 1218
657 261 777 1695
661 262 777 1448
665 263 777 1453
674 264 777 1804
675 265 777 694
686 266 777 1866
689 268 777 201
689 267 777 1278
693 269 777 1428
693 270 777 329
696 271 777 1277
699 272 777 1155
701 273 777 1054
701 274 777 50
701 275 777 474
701 276 777 420
702 277 777 725
704 278 777 940
704 279 777 374
708 280 777 1477
718 281 777 1837
723 282 777 1601
741 283 777 1918
741 284 777 359
743 285 777 903
745 286 777 1139
754 287 777 1823
757 288 777 1143
757 289 777 46
757 290 777 197
758 291 777 718
758 292 777 174
758 293 777 399
758 294 777 487
765 295 777 1691
767 296 777 927
767 297 777 99
774 298 777 1698
776 299 777 1012
778 300 777 1121
782 301 777 1473
784 302 777 940
785 303 777 824
790 305 777 154
790 304 777 1523
791 306 777 740
