5 0 1112 1512
7 1 1112 1065
7 2 1112 496
12 3 1112 1521
23 4 1112 1869
25 5 1112 897
43 6 1112 1917
43 7 1112 2
47 9 1112 409
47 8 1112 1415
48 10 1112 686
48 11 1112 409
48 12 1112 440
51 13 1112 1228
56 14 1112 1528
58 15 1112 937
62 16 1112 1393
64 17 1112 1019
66 18 1112 875
70 19 1112 1354
70 20 1112 111
70 21 1112 191
80 22 1112 1847
87 23 1112 1720
87 24 1112 441
88 25 1112 834
90 27 1112 228
90 26 1112 985
98 28 1112 1765
99 29 1112 519
111 30 1112 1884
116 31 1112 1526
117 32 1112 671
123 33 1112 1677
128 35 1112 61
128 34 1112 1579
131 36 1112 1226
138 37 1112 1747
140 38 1112 1055
141 39 1112 513
141 40 1112 465
146 41 1112 1501
152 47 1112 131
152 45 1112 320
152 46 1112 256
152 43 1112 409
152 42 1112 1638
152 44 1112 372
154 48 1112 1009
156 49 1112 1019
160 50 1112 1352
161 51 1112 551
163 52 1112 978
170 53 1112 1735
175 54 1112 1518
178 55 1112 1320
181 56 1112 1142
182 57 1112 701
184 58 1112 1079
186 59 1112 1035
196 60 1112 1836
202 61 1112 1689
202 62 1112 162
204 63 1112 895
204 64 1112 450
206 65 1112 1085
212 66 1112 1662
213 67 1112 687
218 68 1112 1573
222 69 1112 1466
228 70 1112 1635
233 71 1112 1571
246 72 1112 1888
246 73 1112 362
248 74 1112 888
249 76 1112 477
249 75 1112 534
253 77 1112 1438
257 78 1112 1347
257 79 1112 121
258 80 1112 578
259 81 1112 853
262 82 1112 1143
263 83 1112 746
265 84 1112 1092
268 85 1112 1333
269 86 1112 547
270 87 1112 861
270 88 1112 159
270 89 1112 258
271 90 1112 844
272 91 1112 524
273 92 1112 667
273 93 1112 20
274 94 1112 601
275 95 1112 701
278 96 1112 1338
279 97 1112 743
291 98 1112 1884
294 99 1112 1211
295 100 1112 583
299 101 1112 1493
299 102 1112 482
303 103 1112 1467
306 104 1112 1308
313 105 1112 1706
314 106 1112 587
315 107 1112 615
316 108 1112 846
318 109 1112 983
319 110 1112 843
325 111 1112 1628
328 112 1112 1279
330 114 1112 457
330 113 1112 958
332 115 1112 982
333 116 1112 545
336 117 1112 1341
343 118 1112 1728
345 119 1112 1041
346 120 1112 538
347 121 1112 801
348 122 1112 528
351 123 1112 1315
352 124 1112 622
354 125 1112 1110
356 126 1112 903
367 127 1112 1868
373 128 1112 1686
373 129 1112 187
375 130 1112 1120
381 131 1112 1659
385 133 1112 136
385 132 1112 1479
389 134 1112 1463
391 135 1112 1010
391 136 1112 371
396 137 1112 1600
400 138 1112 1362
403 139 1112 1310
404 140 1112 745
415 142 1112 14
415 141 1112 1856
417 143 1112 1100
420 144 1112 1339
422 145 1112 1140
425 146 1112 1170
431 147 1112 1634
435 148 1112 1488
440 149 1112 1543
440 150 1112 156
462 151 1112 1922
464 152 1112 940
465 153 1112 842
466 154 1112 673
473 155 1112 1706
475 156 1112 964
477 157 1112 1091
478 158 1112 845
478 159 1112 197
479 160 1112 803
480 161 1112 644
481 162 1112 854
482 163 1112 659
490 164 1112 1787
492 165 1112 1108
492 166 1112 148
495 167 1112 1143
499 168 1112 1419
503 169 1112 1371
504 170 1112 611
506 171 1112 869
521 174 1112 295
521 172 1112 1903
521 173 1112 417
522 175 1112 606
523 176 1112 787
527 177 1112 1353
541 178 1112 1900
545 179 1112 1406
556 180 1112 1865
559 182 1112 380
559 181 1112 1193
559 183 1112 142
559 184 1112 31
561 185 1112 1123
562 186 1112 719
563 187 1112 637
567 188 1112 1387
573 189 1112 1681
573 190 1112 45
576 191 1112 1204
577 192 1112 755
580 193 1112 1165
581 194 1112 507
581 195 1112 101
583 196 1112 1002
586 197 1112 1279
589 198 1112 1237
589 199 1112 231
591 203 1112 116
591 202 1112 215
591 200 1112 991
591 201 1112 27
593 204 1112 931
596 205 1112 1211
596 206 1112 18
597 207 1112 522
598 208 1112 546
598 209 1112 67
600 210 1112 919
605 211 1112 1536
607 212 1112 1115
611 213 1112 1363
611 214 1112 257
616 215 1112 1534
616 216 1112 263
617 217 1112 711
618 218 1112 627
619 220 1112 389
619 219 1112 664
623 221 1112 1436
629 222 1112 1680
635 223 1112 1663
638 224 1112 1326
641 225 1112 1332
641 226 1112 113
642 227 1112 738
652 228 1112 1835
652 229 1112 194
657 230 1112 1529
661 231 1112 1432
661 232 1112 115
667 233 1112 1669
667 234 1112 414
677 235 1112 1837
679 236 1112 978
679 237 1112 264
681 238 1112 1136
682 239 1112 744
684 240 1112 1104
684 241 1112 196
684 242 1112 90
687 243 1112 1319
688 244 1112 761
688 245 1112 433
688 246 1112 88
691 247 1112 1316
693 248 1112 907
695 249 1112 897
703 250 1112 1762
703 251 1112 290
704 252 1112 652
705 253 1112 572
713 254 1112 1766
717 255 1112 1480
717 256 1112 271
717 257 1112 477
718 258 1112 714
723 259 1112 1524
725 260 1112 1098
728 261 1112 1205
729 262 1112 611
729 263 1112 352
729 264 1112 463
733 265 1112 1412
737 266 1112 1420
741 267 1112 1370
743 269 1112 344
743 268 1112 948
744 270 1112 555
772 271 1112 1924
777 272 1112 1500
786 273 1112 1808
790 274 1112 1484
790 275 1112 192
794 276 1112 1345
794 277 1112 360
796 278 1112 901
798 279 1112 892
801 280 1112 1243
802 281 1112 722
810 282 1112 1755
812 283 1112 937
812 284 1112 356
815 285 1112 1238
816 286 1112 779
820 287 1112 1467
829 288 1112 1828
830 289 1112 859
835 290 1112 1565
836 291 1112 501
840 292 1112 1474
845 293 1112 1536
850 294 1112 1571
859 295 1112 1824
864 296 1112 1510
870 297 1112 1663
871 298 1112 856
874 299 1112 1274
876 300 1112 937
877 301 1112 642
877 302 1112 367
878 303 1112 563
878 304 1112 341
886 305 1112 1763
887 306 1112 714
