1 0 100 829
1 1 100 4
5 2 100 1438
14 3 100 1819
15 4 100 799
23 5 100 1787
24 6 100 729
24 7 100 382
25 8 100 862
28 9 100 1156
29 10 100 758
30 11 100 628
31 12 100 840
32 13 100 516
38 14 100 1635
38 15 100 496
38 16 100 155
39 17 100 525
48 21 100 202
48 20 100 411
48 18 100 1819
48 19 100 329
50 22 100 1049
52 23 100 878
61 24 100 1817
61 25 100 257
61 26 100 57
61 27 100 45
62 28 100 755
63 29 100 517
63 30 100 19
82 31 100 1919
83 32 100 805
84 33 100 782
85 34 100 590
88 35 100 1301
91 36 100 1278
106 37 100 1905
110 38 100 1393
111 39 100 558
111 40 100 494
112 41 100 690
119 42 100 1703
119 43 100 399
120 44 100 518
121 46 100 174
121 45 100 754
123 47 100 1050
133 48 100 1852
135 49 100 1074
135 50 100 84
135 51 100 130
138 52 100 1205
142 53 100 1382
150 54 100 1771
151 55 100 627
153 56 100 879
154 57 100 560
154 58 100 1
155 59 100 542
162 60 100 1729
163 61 100 683
168 62 100 1551
168 63 100 344
170 64 100 1136
171 65 100 764
178 66 100 1748
178 67 100 58
188 68 100 1850
188 69 100 333
191 70 100 1143
191 71 100 175
193 72 100 1057
196 73 100 1260
204 74 100 1759
210 76 100 423
210 75 100 1645
211 77 100 649
211 78 100 360
213 79 100 1062
213 80 100 82
215 81 100 932
215 82 100 118
221 84 100 433
221 83 100 1606
230 85 100 1814
231 86 100 713
235 87 100 1348
237 88 100 935
250 89 100 1888
250 90 100 421
251 91 100 717
265 92 100 1903
266 93 100 851
267 94 100 753
274 95 100 1736
276 96 100 1064
280 97 100 1359
283 98 100 1188
289 99 100 1678
291 100 100 931
291 101 100 116
293 102 100 1124
298 103 100 1518
309 104 100 1855
319 105 100 1834
321 106 100 998
332 107 100 1870
337 108 100 1547
337 109 100 126
337 110 100 204
337 111 100 230
337 112 100 200
338 114 100 459
338 113 100 864
339 115 100 797
340 116 100 564
351 117 100 1869
361 118 100 1836
364 119 100 1246
364 120 100 51
364 121 100 400
366 122 100 1047
379 123 100 1887
389 124 100 1836
389 125 100 425
389 126 100 196
389 127 100 205
390 128 100 506
390 129 100 22
391 130 100 580
393 131 100 988
397 132 100 1385
398 133 100 606
398 134 100 131
411 135 100 1891
418 136 100 1732
419 137 100 525
425 138 100 1676
426 139 100 523
427 140 100 816
428 141 100 768
435 142 100 1725
436 143 100 809
442 144 100 1684
442 145 100 191
443 146 100 517
445 147 100 1038
445 148 100 391
457 149 100 1881
460 150 100 1171
462 151 100 1120
466 152 100 1448
477 153 100 1867
483 154 100 1627
484 155 100 530
486 156 100 994
489 157 100 1162
495 158 100 1607
499 159 100 1429
505 160 100 1637
506 161 100 792
510 162 100 1363
515 163 100 1524
519 164 100 1470
521 165 100 1140
522 166 100 769
527 167 100 1518
528 168 100 733
528 169 100 493
530 170 100 989
530 171 100 39
530 172 100 193
533 174 100 430
533 173 100 1312
536 175 100 1208
537 176 100 599
537 177 100 237
537 178 100 202
543 179 100 1645
553 180 100 1833
555 181 100 1083
562 182 100 1739
563 183 100 550
564 184 100 776
568 185 100 1385
572 186 100 1465
576 187 100 1443
578 188 100 904
583 189 100 1525
585 190 100 897
586 191 100 570
587 193 100 246
587 192 100 843
588 194 100 810
588 195 100 23
591 196 100 1329
591 197 100 200
594 198 100 1264
595 199 100 543
599 200 100 1347
601 202 100 305
601 201 100 923
610 203 100 1823
612 204 100 892
614 205 100 1132
616 206 100 926
616 207 100 135
620 208 100 1437
620 209 100 418
631 210 100 1855
632 211 100 756
634 212 100 959
647 213 100 1887
652 214 100 1521
653 215 100 554
655 216 100 978
656 217 100 813
657 218 100 748
657 219 100 84
662 220 100 1600
665 221 100 1250
666 222 100 614
668 223 100 1132
673 224 100 1520
673 225 100 419
675 226 100 1121
686 227 100 1872
687 228 100 502
687 229 100 406
696 231 100 399
696 230 100 1803
698 232 100 898
703 233 100 1583
703 234 100 297
705 235 100 910
706 236 100 778
716 237 100 1840
721 238 100 1582
726 240 100 459
726 239 100 1568
729 241 100 1329
729 242 100 6
729 243 100 485
734 244 100 1594
734 245 100 141
739 246 100 1535
741 247 100 881
742 248 100 650
742 249 100 256
744 250 100 970
745 251 100 516
749 252 100 1376
752 253 100 1179
754 254 100 868
754 255 100 96
754 256 100 309
756 260 100 11
756 259 100 473
756 257 100 1097
756 258 100 302
758 261 100 979
763 262 100 1558
765 263 100 1030
766 264 100 540
770 265 100 1456
778 266 100 1782
781 267 100 1300
786 268 100 1589
787 269 100 610
794 270 100 1701
796 271 100 1062
799 272 100 1155
801 273 100 1105
806 274 100 1549
806 275 100 270
809 276 100 1244
809 277 100 128
813 278 100 1463
817 279 100 1379
818 280 100 808
818 281 100 239
821 282 100 1221
821 283 100 245
825 284 100 1360
828 285 100 1286
830 286 100 947
836 287 100 1643
837 289 100 201
837 288 100 715
838 290 100 600
843 291 100 1605
848 292 100 1538
850 293 100 1109
855 294 100 1556
859 295 100 1404
866 296 100 1696
868 297 100 901
879 301 100 234
879 300 100 283
879 298 100 1870
879 299 100 137
882 302 100 1216
882 303 100 39
882 304 100 480
892 305 100 1833
895 306 100 1286
