19 0 1529 1919
19 1 1529 435
23 2 1529 1440
24 3 1529 523
24 4 1529 227
24 5 1529 337
26 6 1529 1100
26 7 1529 339
27 10 1529 406
27 9 1529 104
27 8 1529 540
28 11 1529 600
29 12 1529 817
36 13 1529 1720
43 14 1529 1715
56 15 1529 1887
60 16 1529 1463
61 17 1529 860
64 20 1529 310
64 18 1529 1337
64 19 1529 378
66 21 1529 970
68 22 1529 1024
71 23 1529 1146
73 24 1529 998
74 25 1529 659
75 26 1529 789
78 27 1529 1157
80 28 1529 989
84 29 1529 1382
85 30 1529 740
86 31 1529 851
88 32 1529 1030
93 33 1529 1502
100 34 1529 1750
108 35 1529 1750
109 36 1529 703
110 37 1529 543
111 38 1529 688
116 39 1529 1602
119 40 1529 1184
120 41 1529 543
121 42 1529 656
121 43 1529 138
121 44 1529 78
123 45 1529 1140
124 46 1529 740
126 47 1529 961
129 48 1529 1288
129 49 1529 119
132 50 1529 1186
134 51 1529 1066
139 52 1529 1542
143 53 1529 1471
148 54 1529 1599
150 55 1529 949
153 57 1529 293
153 56 1529 1335
157 58 1529 1450
161 59 1529 1493
165 60 1529 1472
176 61 1529 1868
179 62 1529 1275
181 63 1529 1082
184 64 1529 1289
188 65 1529 1479
192 66 1529 1494
195 67 1529 1239
208 68 1529 1895
221 69 1529 1889
224 70 1529 1183
226 71 1529 919
226 72 1529 171
232 73 1529 1659
234 74 1529 1119
241 76 1529 313
241 75 1529 1691
243 77 1529 886
245 78 1529 1068
253 79 1529 1782
263 80 1529 1844
271 81 1529 1753
279 82 1529 1793
281 84 1529 196
281 83 1529 869
286 85 1529 1598
289 86 1529 1233
293 87 1529 1484
302 88 1529 1828
303 91 1529 410
303 89 1529 800
303 90 1529 414
305 92 1529 1017
307 94 1529 129
307 93 1529 1120
310 95 1529 1240
313 96 1529 1192
318 97 1529 1499
319 98 1529 773
320 99 1529 523
325 100 1529 1571
329 101 1529 1425
331 102 1529 991
334 103 1529 1324
335 104 1529 861
335 105 1529 266
337 106 1529 895
346 107 1529 1807
346 108 1529 352
356 109 1529 1832
357 110 1529 635
357 111 1529 448
360 112 1529 1150
365 113 1529 1593
370 114 1529 1574
376 115 1529 1644
376 116 1529 74
376 117 1529 406
378 118 1529 886
384 119 1529 1615
384 120 1529 246
384 121 1529 10
387 122 1529 1336
389 123 1529 1094
393 124 1529 1474
394 125 1529 773
403 126 1529 1827
405 127 1529 975
410 128 1529 1529
419 129 1529 1803
420 130 1529 499
421 131 1529 739
421 132 1529 112
422 135 1529 418
422 133 1529 545
422 134 1529 211
423 136 1529 762
423 137 1529 469
423 138 1529 7
434 139 1529 1855
435 140 1529 703
439 141 1529 1350
441 142 1529 1131
461 143 1529 1920
461 144 1529 164
474 145 1529 1890
477 146 1529 1184
481 147 1529 1349
485 148 1529 1471
485 149 1529 410
488 150 1529 1166
489 151 1529 786
490 152 1529 613
492 154 1529 277
492 153 1529 1083
497 155 1529 1560
497 156 1529 88
506 157 1529 1821
514 158 1529 1774
514 159 1529 88
514 160 1529 364
524 162 1529 277
524 163 1529 473
524 161 1529 1844
527 164 1529 1332
536 165 1529 1821
536 166 1529 336
537 167 1529 605
541 168 1529 1381
544 169 1529 1155
546 170 1529 882
551 171 1529 1529
551 172 1529 398
553 173 1529 956
555 174 1529 912
556 175 1529 820
557 176 1529 803
560 177 1529 1340
562 178 1529 929
567 179 1529 1508
572 180 1529 1513
572 181 1529 477
576 182 1529 1429
578 183 1529 1119
579 184 1529 637
585 185 1529 1638
585 186 1529 125
587 187 1529 954
587 188 1529 268
588 189 1529 575
588 190 1529 329
589 191 1529 865
590 192 1529 619
600 193 1529 1844
604 194 1529 1490
605 195 1529 783
607 196 1529 1073
608 197 1529 657
609 198 1529 588
609 199 1529 267
614 200 1529 1554
615 201 1529 579
628 202 1529 1893
628 203 1529 316
632 204 1529 1452
637 205 1529 1561
637 206 1529 387
642 207 1529 1582
642 208 1529 170
646 209 1529 1381
647 210 1529 757
648 211 1529 673
650 212 1529 892
650 213 1529 265
651 214 1529 500
660 215 1529 1811
660 216 1529 415
662 217 1529 1082
670 218 1529 1761
676 219 1529 1619
683 220 1529 1696
686 222 1529 337
686 221 1529 1306
687 223 1529 806
688 224 1529 825
688 225 1529 17
690 226 1529 910
690 227 1529 479
694 228 1529 1390
694 229 1529 128
700 231 1529 145
700 230 1529 1672
701 232 1529 752
702 233 1529 661
714 234 1529 1879
716 235 1529 933
717 236 1529 509
719 237 1529 1113
724 238 1529 1592
726 239 1529 1000
729 241 1529 468
729 240 1529 1250
730 242 1529 783
731 243 1529 811
738 244 1529 1743
743 245 1529 1581
757 246 1529 1898
757 247 1529 354
760 248 1529 1343
765 250 1529 368
765 249 1529 1603
782 251 1529 1915
783 252 1529 821
785 253 1529 893
785 254 1529 496
785 255 1529 247
785 256 1529 242
787 257 1529 1086
791 258 1529 1415
795 259 1529 1435
796 260 1529 651
806 261 1529 1832
806 262 1529 191
806 263 1529 42
812 264 1529 1634
813 265 1529 611
823 267 1529 230
823 266 1529 1845
823 268 1529 311
827 269 1529 1492
830 270 1529 1302
833 271 1529 1226
837 272 1529 1415
838 273 1529 760
838 274 1529 368
841 275 1529 1227
842 276 1529 523
846 277 1529 1450
848 278 1529 987
851 279 1529 1169
851 280 1529 43
852 281 1529 556
854 282 1529 1061
861 283 1529 1711
867 284 1529 1684
873 285 1529 1681
876 286 1529 1249
884 288 1529 164
884 287 1529 1783
890 289 1529 1631
891 290 1529 690
895 291 1529 1347
901 292 1529 1622
901 293 1529 157
901 294 1529 349
904 296 1529 277
904 295 1529 1342
905 297 1529 741
907 298 1529 1101
909 299 1529 1131
915 300 1529 1660
921 301 1529 1667
921 302 1529 42
929 303 1529 1776
929 304 1529 301
931 305 1529 1067
932 306 1529 500
