0 1204 3 1804
0 1605 3 1734
0 1606 3 146
0 830 3 1310
0 408 3 1863
0 409 3 453
1 1205 3 615
1 1607 3 776
1 1608 3 253
2 1207 3 281
2 1209 3 404
2 1206 3 719
2 410 3 996
2 1609 3 685
2 1208 3 208
4 0 3 1450
5 1610 3 1200
5 1 3 770
7 831 3 1694
7 1211 3 36
7 1210 3 1596
8 3 3 115
8 2 3 1184
8 1611 3 1240
9 832 3 919
10 411 3 1772
10 1612 3 1095
11 412 3 843
11 5 3 440
11 4 3 1289
12 835 3 6
12 834 3 46
12 833 3 1303
14 6 3 1200
15 1212 3 1761
15 413 3 1433
15 1613 3 1568
16 414 3 617
16 1614 3 639
17 836 3 1499
18 1615 3 936
18 7 3 1455
18 1213 3 1224
19 415 3 1344
19 8 3 606
19 416 3 134
20 1215 3 368
20 9 3 755
20 1214 3 1058
21 1616 3 1245
21 837 3 1380
21 10 3 627
22 11 3 805
24 1618 3 33
24 1617 3 1340
24 12 3 884
25 13 3 735
26 1216 3 1613
27 1619 3 1146
28 417 3 1819
29 1620 3 1085
29 1217 3 1193
30 1218 3 533
30 419 3 353
30 420 3 360
30 418 3 871
32 838 3 1857
32 421 3 1128
33 1621 3 1476
34 1219 3 1366
36 422 3 1359
37 1220 3 1320
38 839 3 1660
39 1221 3 902
39 424 3 265
39 425 3 79
39 423 3 1214
40 840 3 1083
40 427 3 463
40 426 3 710
40 1222 3 800
41 841 3 707
42 1223 3 877
43 430 3 85
43 429 3 122
43 428 3 1247
45 1225 3 345
45 431 3 1020
45 1224 3 1212
45 1622 3 1878
46 15 3 423
46 14 3 1922
47 432 3 1106
47 842 3 1641
47 843 3 426
47 844 3 203
48 1226 3 1144
48 845 3 711
49 433 3 898
49 1227 3 639
50 17 3 258
50 434 3 551
50 435 3 77
50 16 3 1373
51 1228 3 964
53 1623 3 1781
53 436 3 1270
53 18 3 1257
55 437 3 986
55 1624 3 972
56 846 3 1786
57 19 3 1393
57 20 3 171
57 849 3 174
57 847 3 788
57 848 3 200
58 439 3 386
58 1229 3 1733
58 1625 3 1219
58 440 3 327
58 438 3 1175
59 21 3 965
59 1626 3 826
59 1230 3 515
59 1231 3 405
60 22 3 565
60 23 3 286
60 1232 3 792
62 1627 3 1154
63 1628 3 520
63 1235 3 384
63 850 3 1627
63 1234 3 360
63 1233 3 1207
64 24 3 1401
64 441 3 1686
64 442 3 225
65 1629 3 1126
66 851 3 1186
66 1236 3 1207
66 26 3 39
66 25 3 948
67 1630 3 978
67 1632 3 350
67 1631 3 294
68 1237 3 1071
68 27 3 1094
69 443 3 1533
69 444 3 291
70 854 3 476
70 853 3 443
70 852 3 1349
70 445 3 593
71 446 3 846
74 28 3 1633
75 30 3 109
75 29 3 588
76 855 3 1642
76 447 3 1506
77 856 3 745
77 857 3 450
77 1239 3 276
77 1238 3 1820
79 448 3 1336
79 858 3 1085
79 1240 3 901
80 1241 3 525
80 31 3 1588
80 1242 3 479
81 450 3 366
81 859 3 875
81 449 3 886
82 1633 3 1905
82 860 3 677
86 1244 3 399
86 1243 3 1683
87 32 3 1747
88 1634 3 1611
88 1245 3 1107
90 33 3 1170
91 34 3 561
92 1246 3 1475
94 1635 3 1632
95 451 3 1897
95 1250 3 14
95 1636 3 745
95 1249 3 482
95 1248 3 430
95 1247 3 1177
96 861 3 1898
97 452 3 990
98 1640 3 103
98 1639 3 277
98 1638 3 87
98 1637 3 1170
100 862 3 1465
102 35 3 1857
103 1642 3 353
103 1641 3 1532
104 36 3 1035
104 453 3 1719
105 37 3 791
105 1251 3 1843
106 864 3 228
106 456 3 42
106 455 3 110
106 454 3 911
106 863 3 1608
107 38 3 1052
108 457 3 1086
108 39 3 650
108 40 3 177
108 41 3 1
108 865 3 893
109 1643 3 1616
109 458 3 619
109 42 3 663
110 1644 3 535
111 43 3 982
111 44 3 361
112 1645 3 1116
112 867 3 122
112 866 3 1426
113 869 3 27
113 870 3 471
113 1647 3 13
113 1646 3 579
113 868 3 712
114 1649 3 213
114 459 3 1589
114 460 3 303
114 1252 3 1797
114 1648 3 586
115 871 3 983
115 461 3 769
116 872 3 858
117 1253 3 1325
119 45 3 1759
120 873 3 1385
120 462 3 1561
121 1254 3 1399
122 1255 3 851
123 47 3 341
123 46 3 1393
124 48 3 560
127 464 3 367
127 49 3 1266
127 50 3 151
127 463 3 1740
128 1256 3 1614
128 1257 3 270
128 1258 3 22
128 1650 3 1901
130 876 3 23
130 1651 3 1108
130 875 3 398
130 874 3 1847
130 51 3 1336
131 1652 3 615
131 877 3 615
132 878 3 696
132 1259 3 1459
132 1653 3 633
134 879 3 1065
135 880 3 760
135 881 3 52
136 1260 3 1396
136 1261 3 79
139 1263 3 400
139 1262 3 1242
140 882 3 1602
141 465 3 1900
141 883 3 557
142 466 3 666
143 52 3 1888
147 1654 3 1907
148 56 3 205
148 53 3 1553
148 54 3 229
148 55 3 485
148 887 3 476
148 1264 3 1813
148 884 3 1714
148 885 3 123
148 886 3 345
149 888 3 827
149 889 3 329
150 57 3 897
151 60 3 401
151 58 3 639
151 61 3 106
151 1265 3 1190
151 59 3 340
152 890 3 1186
153 467 3 1869
154 1266 3 1168
154 892 3 295
154 891 3 1048
155 468 3 882
155 1267 3 554
156 1268 3 863
156 893 3 981
156 469 3 539
156 470 3 74
157 1269 3 673
158 62 3 1746
158 894 3 983
158 471 3 1072
158 63 3 17
159 472 3 644
159 473 3 484
159 474 3 25
159 64 3 645
159 1270 3 1085
160 895 3 1109
160 475 3 598
160 1655 3 1894
160 1271 3 541
161 65 3 963
162 476 3 902
163 1272 3 1298
163 896 3 1166
163 897 3 33
163 898 3 197
163 66 3 983
163 1274 3 464
163 1273 3 256
164 1276 3 422
164 1275 3 795
166 899 3 1234
166 1278 3 477
166 1277 3 1042
166 1279 3 105
167 1280 3 794
168 1656 3 1790
169 67 3 1639
169 900 3 1209
169 69 3 65
169 68 3 174
170 477 3 1751
172 478 3 922
172 1658 3 302
172 1657 3 1461
172 70 3 1313
173 1659 3 864
173 71 3 581
175 902 3 75
175 1660 3 907
175 901 3 1663
175 72 3 1130
175 903 3 172
176 73 3 606
177 1661 3 917
177 1662 3 255
177 479 3 1596
179 1663 3 1052
179 74 3 1216
179 75 3 169
179 76 3 302
180 1283 3 481
180 1281 3 1891
180 1282 3 209
180 480 3 1158
181 904 3 1628
182 906 3 327
182 905 3 643
182 481 3 1129
184 482 3 1051
184 483 3 361
184 77 3 1507
185 1664 3 1631
187 1284 3 1718
187 1665 3 906
188 1285 3 597
189 1666 3 890
189 1286 3 533
190 484 3 1680
190 485 3 113
190 486 3 30
191 1667 3 1115
193 487 3 1312
193 1287 3 1392
194 78 3 1850
195 907 3 1888
196 909 3 77
196 908 3 520
199 79 3 1566
200 1288 3 1733
202 911 3 129
202 910 3 1618
203 80 3 1480
203 1668 3 1881
204 1289 3 1434
205 1671 3 74
205 1290 3 695
205 1669 3 931
205 1670 3 191
207 1291 3 936
208 1672 3 1252
208 912 3 1679
208 913 3 20
208 914 3 114
209 81 3 1623
209 488 3 1912
209 489 3 440
209 490 3 35
209 491 3 183
209 492 3 367
209 915 3 624
209 1292 3 1049
209 1293 3 361
209 916 3 296
210 82 3 534
210 84 3 437
210 83 3 366
210 1294 3 805
211 917 3 908
211 1295 3 822
211 85 3 698
214 494 3 83
214 1296 3 1208
214 1297 3 79
214 1673 3 1680
214 493 3 1510
216 1674 3 1042
217 86 3 1625
217 87 3 193
218 497 3 410
218 496 3 125
218 495 3 1483
219 89 3 76
219 88 3 941
220 1675 3 1478
220 919 3 104
220 918 3 1818
221 498 3 1165
221 499 3 316
221 920 3 548
222 1298 3 1794
222 1676 3 1123
222 1677 3 262
223 921 3 950
224 1299 3 1133
225 92 3 152
225 91 3 137
225 90 3 1651
225 1678 3 1245
226 922 3 1220
226 96 3 179
226 923 3 383
226 93 3 712
226 94 3 249
226 95 3 71
227 924 3 765
227 98 3 336
227 97 3 646
230 99 3 1322
231 925 3 1347
231 500 3 1852
231 100 3 776
232 926 3 688
233 501 3 901
233 1679 3 1780
234 502 3 623
234 1680 3 640
235 503 3 796
235 1300 3 1864
235 1681 3 812
236 1683 3 306
236 504 3 812
236 1682 3 567
237 1301 3 921
237 1302 3 314
237 101 3 1679
237 102 3 167
237 103 3 495
239 1684 3 1150
239 505 3 1219
241 928 3 402
241 927 3 1802
242 929 3 737
242 506 3 1252
243 1303 3 1682
243 507 3 505
245 930 3 1157
246 1304 3 1322
247 1685 3 1795
249 104 3 1878
250 508 3 1694
250 509 3 312
250 1305 3 1398
251 1306 3 545
252 510 3 1133
252 511 3 215
252 512 3 164
252 1686 3 1603
253 105 3 1494
253 106 3 205
254 513 3 948
254 514 3 430
256 1307 3 1541
256 110 3 183
256 109 3 59
256 108 3 337
256 107 3 1282
256 515 3 1098
257 1308 3 861
257 111 3 622
258 1310 3 428
258 1309 3 603
258 1687 3 1642
259 1311 3 572
259 112 3 972
261 113 3 997
262 114 3 785
262 931 3 1915
262 516 3 1642
262 932 3 417
263 115 3 702
265 517 3 1200
265 518 3 59
265 519 3 254
266 1312 3 1718
266 933 3 1386
268 116 3 1496
272 117 3 1379
274 934 3 1780
276 520 3 1870
276 935 3 1022
276 1313 3 1842
277 118 3 1505
277 1314 3 665
279 521 3 1278
281 1688 3 1923
281 1315 3 1429
287 1689 3 1642
289 119 3 1872
289 1316 3 1795
290 1317 3 760
290 936 3 1901
291 522 3 1882
291 523 3 441
291 1318 3 607
292 524 3 504
292 120 3 1263
293 121 3 789
294 122 3 698
294 123 3 97
294 124 3 338
294 1319 3 1216
294 937 3 1429
295 1320 3 657
295 1690 3 1766
295 938 3 853
297 125 3 1176
297 126 3 429
297 127 3 418
297 128 3 356
297 939 3 1070
298 1691 3 1208
300 129 3 1144
300 1692 3 868
301 525 3 1815
302 526 3 705
302 1321 3 1701
303 1322 3 745
303 1693 3 1148
304 940 3 1721
304 941 3 382
304 528 3 401
304 531 3 492
304 527 3 1058
304 529 3 466
304 530 3 473
305 532 3 586
306 1694 3 1294
306 533 3 606
307 1323 3 1354
308 1695 3 1111
311 1696 3 1276
312 534 3 1668
312 535 3 256
313 536 3 505
313 537 3 255
314 1697 3 1226
316 942 3 1880
317 130 3 1915
317 538 3 1473
317 539 3 461
317 943 3 749
318 540 3 785
318 944 3 635
320 945 3 1056
321 1324 3 1902
321 1325 3 149
322 131 3 1580
322 541 3 1449
323 947 3 274
323 946 3 1294
324 949 3 358
324 948 3 866
325 953 3 92
325 952 3 139
325 132 3 1171
325 1326 3 1416
325 951 3 258
325 950 3 813
326 955 3 258
326 133 3 527
326 956 3 443
326 954 3 686
327 542 3 1543
327 134 3 790
327 1327 3 937
330 1698 3 1909
331 1328 3 1375
332 543 3 1599
332 957 3 1617
334 135 3 1726
335 959 3 280
335 958 3 1331
335 544 3 1232
335 1699 3 1554
335 1700 3 226
336 1329 3 1567
338 137 3 39
338 138 3 413
338 136 3 1456
339 1701 3 1389
339 1702 3 57
339 139 3 867
339 140 3 493
339 141 3 342
341 1330 3 1512
341 1331 3 342
342 545 3 1744
342 546 3 19
344 1332 3 1172
344 1703 3 1580
344 1704 3 22
345 547 3 1344
347 960 3 1879
347 142 3 1781
347 1333 3 1269
347 961 3 450
347 1334 3 165
347 548 3 1080
349 549 3 909
349 143 3 881
351 962 3 1486
353 1705 3 1826
356 1335 3 1797
357 550 3 1766
358 552 3 350
358 963 3 1708
358 144 3 1818
358 551 3 849
359 964 3 845
360 553 3 910
360 554 3 370
360 145 3 1029
361 1706 3 1780
361 1337 3 451
361 1336 3 1577
361 555 3 574
362 1707 3 859
362 146 3 1089
363 558 3 292
363 557 3 182
363 1340 3 51
363 1339 3 319
363 1338 3 1084
363 556 3 944
364 147 3 1079
365 1341 3 916
365 965 3 1628
365 559 3 921
366 560 3 513
366 561 3 193
366 562 3 104
366 1342 3 531
367 1709 3 429
367 1708 3 1515
368 1710 3 770
368 1343 3 1129
369 563 3 1227
370 1345 3 123
370 1344 3 1005
371 966 3 1637
371 968 3 164
371 967 3 292
373 1715 3 95
373 1716 3 349
373 1714 3 224
373 1713 3 446
373 1712 3 216
373 1346 3 1143
373 1711 3 1528
373 969 3 1017
374 148 3 1851
374 970 3 648
375 1347 3 1132
375 972 3 54
375 971 3 791
376 975 3 165
376 973 3 748
376 974 3 308
377 564 3 1764
378 976 3 994
378 977 3 471
378 149 3 1471
378 565 3 640
379 150 3 499
380 151 3 724
381 1348 3 1620
382 153 3 388
382 154 3 59
382 152 3 1066
383 566 3 1554
384 978 3 1672
384 1349 3 1300
385 1717 3 1873
386 1351 3 448
386 1350 3 951
387 567 3 1482
390 980 3 53
390 1352 3 1397
390 568 3 1204
390 569 3 173
390 979 3 1633
390 981 3 413
391 1353 3 577
391 1354 3 476
391 1355 3 163
391 1356 3 176
391 570 3 592
392 983 3 43
392 982 3 935
393 1357 3 884
394 1718 3 1826
395 571 3 1387
398 155 3 1912
400 158 3 157
400 157 3 69
400 156 3 981
400 1358 3 1704
401 572 3 1651
401 159 3 702
402 984 3 1848
402 1719 3 1761
403 160 3 1065
403 1359 3 1172
404 985 3 898
405 1720 3 1227
406 573 3 1522
408 1721 3 1173
410 161 3 1711
410 1723 3 238
410 1722 3 1116
410 575 3 421
410 574 3 1393
412 162 3 925
412 986 3 1775
412 1724 3 1090
412 987 3 324
413 988 3 700
414 163 3 1117
414 164 3 69
414 1725 3 907
415 165 3 527
416 1726 3 1131
416 1727 3 104
416 1728 3 385
416 577 3 283
416 576 3 1660
418 989 3 1521
418 578 3 1134
418 1360 3 1907
419 579 3 684
419 992 3 97
419 990 3 578
419 166 3 1375
419 167 3 445
419 168 3 207
419 991 3 283
420 993 3 572
421 169 3 984
422 994 3 1115
423 1362 3 166
423 1361 3 1533
424 170 3 1171
425 995 3 1271
426 997 3 172
426 1363 3 1218
426 996 3 821
427 1730 3 201
427 1729 3 1856
428 580 3 1796
428 1364 3 1016
428 1365 3 85
428 171 3 1457
430 172 3 966
431 1366 3 1324
431 581 3 1286
431 1367 3 448
431 173 3 637
435 174 3 1379
435 998 3 1828
436 1731 3 1822
436 1732 3 277
437 999 3 931
437 1368 3 1676
437 175 3 920
438 1369 3 792
439 176 3 932
440 1000 3 1344
442 1001 3 1001
442 1002 3 110
442 1733 3 1615
446 582 3 1903
446 177 3 1741
446 178 3 204
446 1370 3 1777
447 1734 3 1554
449 179 3 1233
449 1371 3 1343
449 180 3 86
450 1003 3 1774
450 1735 3 1175
450 583 3 1416
451 584 3 625
451 1736 3 755
452 182 3 491
452 181 3 1275
453 183 3 809
453 1737 3 912
453 1738 3 284
454 1372 3 1600
454 184 3 645
454 1373 3 287
456 1740 3 14
456 1004 3 1635
456 1739 3 1249
456 585 3 1549
456 586 3 142
456 1006 3 203
456 1005 3 22
457 185 3 1190
457 1741 3 744
457 1742 3 126
457 1374 3 1165
458 186 3 514
459 1007 3 1316
459 187 3 782
459 188 3 468
460 189 3 803
461 587 3 1600
461 588 3 235
461 190 3 744
461 1743 3 1493
463 1744 3 871
463 1745 3 237
463 589 3 1094
463 1375 3 1666
465 1746 3 992
465 191 3 1386
465 1747 3 421
466 590 3 1237
466 1376 3 1170
466 1008 3 1709
466 591 3 323
467 1009 3 520
467 1748 3 924
470 1749 3 1199
470 1010 3 1189
471 1750 3 761
471 1377 3 1541
471 1378 3 349
474 192 3 1806
474 1751 3 1327
477 1752 3 1324
477 1754 3 327
477 1753 3 148
479 1379 3 1779
479 592 3 1888
479 1755 3 978
479 1756 3 272
480 593 3 552
480 193 3 1635
481 1381 3 283
481 1380 3 930
484 1383 3 74
484 1382 3 1241
484 1011 3 1897
485 1384 3 615
486 1757 3 1743
486 1758 3 490
487 1385 3 1064
487 194 3 1726
488 195 3 706
488 1759 3 1039
489 1386 3 870
489 1760 3 694
490 1387 3 595
491 196 3 1342
491 1389 3 2
491 1388 3 793
492 197 3 663
492 594 3 1873
493 595 3 592
493 198 3 812
495 1761 3 1676
495 1012 3 1869
495 1762 3 473
496 199 3 1290
497 597 3 315
497 596 3 1345
497 1390 3 1621
498 1391 3 692
499 1392 3 672
500 1763 3 1584
500 1764 3 227
501 200 3 1578
501 1014 3 227
501 1013 3 1622
502 201 3 643
502 1765 3 873
504 202 3 871
505 1015 3 1466
505 598 3 1760
505 204 3 300
505 203 3 867
505 1766 3 1251
506 1767 3 525
506 602 3 139
506 599 3 591
506 600 3 190
506 601 3 461
507 1768 3 817
507 205 3 967
508 605 3 378
508 604 3 317
508 603 3 906
509 1769 3 973
509 1395 3 443
509 1394 3 337
509 1393 3 1836
509 1016 3 1439
510 606 3 1122
510 1396 3 750
511 607 3 752
512 1770 3 1264
513 1398 3 112
513 206 3 1682
513 1017 3 1442
513 207 3 428
513 1397 3 1237
515 1399 3 919
515 608 3 1442
515 208 3 934
516 1400 3 724
516 1771 3 1362
517 1401 3 695
517 209 3 1063
519 210 3 979
521 1018 3 1784
521 1772 3 1589
521 1402 3 1381
522 1773 3 577
522 1403 3 828
522 211 3 1165
526 1404 3 1448
527 609 3 1874
528 610 3 838
529 1774 3 1746
529 1775 3 483
529 611 3 660
530 212 3 1790
531 1776 3 1046
531 612 3 972
531 213 3 848
531 1405 3 1533
532 1406 3 772
532 1019 3 1871
532 214 3 615
534 1407 3 1109
536 613 3 1532
536 1777 3 1548
537 1408 3 1337
538 614 3 1050
538 1409 3 734
539 215 3 1715
539 1778 3 1291
540 1020 3 1778
540 1410 3 918
540 1779 3 852
541 615 3 1152
541 1411 3 559
541 616 3 214
542 1412 3 535
542 617 3 612
542 216 3 1220
542 217 3 116
542 218 3 472
543 618 3 602
543 1021 3 1312
543 219 3 803
543 220 3 13
543 619 3 214
543 620 3 498
544 221 3 593
548 1022 3 1516
549 1024 3 438
549 1025 3 364
549 1023 3 567
550 1026 3 693
550 1780 3 1840
551 1781 3 709
552 1414 3 242
552 1413 3 1849
553 1782 3 1105
554 1027 3 1406
555 1783 3 1111
555 621 3 1879
557 1784 3 1094
558 1787 3 129
558 1416 3 292
558 1415 3 1623
558 1417 3 91
558 1786 3 497
558 1785 3 799
558 622 3 1246
558 222 3 1902
558 623 3 110
559 1418 3 603
559 1028 3 1557
559 624 3 860
559 625 3 268
561 1029 3 961
561 1788 3 1287
561 223 3 1329
561 224 3 239
562 1789 3 575
563 626 3 1424
564 1030 3 1269
564 1790 3 902
565 627 3 1099
565 1031 3 822
566 1792 3 422
566 1791 3 937
566 1032 3 567
567 1033 3 741
567 1034 3 289
568 225 3 1709
569 1035 3 977
569 1036 3 303
569 1793 3 1169
570 1794 3 554
570 628 3 1574
570 1796 3 270
570 1797 3 467
570 1795 3 263
571 1419 3 1877
571 1037 3 1086
571 1038 3 332
571 629 3 801
573 1798 3 1266
573 226 3 1575
573 1420 3 1140
573 630 3 1000
574 1421 3 728
576 227 3 1256
577 632 3 448
577 631 3 1345
577 228 3 835
578 634 3 494
578 633 3 542
578 229 3 673
579 1422 3 1580
580 1039 3 1826
581 1041 3 458
581 1040 3 695
581 635 3 1334
582 1043 3 179
582 1042 3 539
582 1044 3 332
583 231 3 268
583 1045 3 606
583 1046 3 339
583 1047 3 399
583 1048 3 345
583 230 3 1503
584 636 3 1146
585 1423 3 1673
585 232 3 929
586 233 3 838
586 637 3 997
587 1424 3 1096
588 1049 3 1574
588 640 3 427
588 639 3 247
588 638 3 1099
589 1425 3 1085
590 1426 3 670
591 641 3 1314
591 642 3 157
591 643 3 286
591 644 3 255
591 234 3 1579
592 645 3 576
595 235 3 1367
595 236 3 403
595 647 3 355
595 646 3 1276
596 1427 3 1688
596 1050 3 1756
597 1799 3 1923
599 1801 3 466
599 1800 3 911
599 648 3 1426
599 1051 3 1303
599 1052 3 312
600 650 3 377
600 649 3 721
600 237 3 1549
601 238 3 509
601 651 3 732
604 1802 3 1529
606 239 3 1602
607 652 3 1638
608 1428 3 1875
609 1429 3 722
610 240 3 1432
610 241 3 85
611 1430 3 915
611 1053 3 1881
612 655 3 236
612 654 3 93
612 653 3 1545
613 1054 3 1078
613 1055 3 31
614 656 3 1139
614 657 3 28
614 658 3 45
614 659 3 48
616 1803 3 1875
616 661 3 22
616 660 3 879
617 1056 3 1409
618 242 3 1773
618 662 3 1102
619 663 3 641
621 664 3 873
621 1057 3 1467
621 243 3 1329
622 1431 3 1857
624 1058 3 1335
625 667 3 430
625 665 3 1418
625 666 3 212
626 1432 3 1428
627 1804 3 1860
627 1059 3 1271
627 668 3 1037
628 244 3 1748
630 1805 3 1323
630 1060 3 1253
630 1433 3 1354
631 1061 3 722
632 1434 3 1055
632 1435 3 235
633 669 3 1640
633 670 3 5
633 245 3 1504
633 1437 3 413
633 1436 3 827
634 1438 3 551
636 1806 3 1663
636 1440 3 291
636 1439 3 1007
636 671 3 1142
637 1062 3 1684
637 1807 3 746
637 1808 3 326
638 246 3 1521
638 1063 3 748
640 673 3 355
640 247 3 958
640 672 3 1438
641 1064 3 1175
641 1065 3 367
642 249 3 11
642 1441 3 1685
642 248 3 1019
644 1066 3 1329
645 1443 3 58
645 1442 3 1182
645 1809 3 1769
646 250 3 1411
646 1067 3 1128
647 674 3 1712
647 1444 3 1009
649 675 3 1108
649 253 3 8
649 252 3 191
649 251 3 1226
649 1446 3 156
649 1445 3 1061
649 1068 3 1333
650 1447 3 747
652 254 3 1277
652 1069 3 1174
654 255 3 985
655 1071 3 353
655 1070 3 1163
655 256 3 666
655 1448 3 1594
656 676 3 1721
656 1449 3 639
656 1450 3 150
656 1810 3 1857
657 1451 3 658
657 1811 3 649
657 1812 3 451
657 1072 3 1109
658 1452 3 634
658 1453 3 160
658 677 3 960
659 257 3 1467
660 258 3 627
661 259 3 515
662 1813 3 1563
664 1814 3 1124
664 261 3 426
664 260 3 1316
665 1454 3 1704
666 679 3 284
666 678 3 1779
668 680 3 917
669 262 3 1517
669 1073 3 1883
669 263 3 261
670 681 3 1068
672 1074 3 1176
673 264 3 1484
674 266 3 235
674 265 3 710
675 1075 3 1319
675 682 3 1597
676 684 3 424
676 683 3 853
676 267 3 952
676 1076 3 772
676 685 3 267
679 1077 3 1336
679 268 3 1194
679 1078 3 235
680 1815 3 1910
681 1816 3 571
682 269 3 1173
682 686 3 1631
683 687 3 827
683 689 3 258
683 690 3 194
683 688 3 448
684 1818 3 489
684 1817 3 1287
685 691 3 1117
685 1455 3 1920
685 270 3 1312
687 1456 3 1039
687 692 3 952
687 1081 3 293
687 1080 3 25
687 1079 3 1757
688 1820 3 375
688 1819 3 1353
689 1082 3 1060
689 693 3 1050
690 271 3 1595
690 1821 3 1122
692 696 3 211
692 695 3 404
692 694 3 1292
693 1824 3 70
693 1823 3 241
693 1825 3 327
693 1822 3 1163
693 1457 3 1633
695 1828 3 23
695 1827 3 419
695 272 3 1531
695 1826 3 940
696 697 3 1441
696 273 3 794
699 1830 3 212
699 274 3 1296
699 1459 3 362
699 1458 3 1656
699 698 3 1337
699 1829 3 1483
700 1831 3 578
700 700 3 363
700 1832 3 281
700 1460 3 862
700 699 3 762
701 701 3 845
702 1461 3 1009
703 1833 3 1293
704 702 3 1242
704 1083 3 1908
705 1462 3 1159
706 1084 3 1129
706 1463 3 615
709 275 3 1853
710 276 3 745
711 277 3 572
711 703 3 1710
712 704 3 715
713 1464 3 1744
714 1834 3 1865
715 705 3 1159
715 1465 3 985
716 278 3 1505
717 280 3 188
717 1466 3 1055
717 279 3 659
718 281 3 617
718 282 3 236
718 1835 3 1373
718 706 3 1219
719 283 3 824
719 1085 3 1891
719 1467 3 1105
720 1836 3 1104
720 1086 3 509
720 1469 3 7
720 1468 3 794
721 1087 3 611
721 1470 3 795
721 707 3 1283
722 285 3 277
722 284 3 1186
722 286 3 77
723 1837 3 1154
724 287 3 920
726 1088 3 1588
726 1089 3 257
726 1838 3 1176
728 288 3 1485
729 289 3 594
729 708 3 1757
730 1471 3 1804
730 290 3 700
730 1090 3 1492
731 1091 3 760
731 709 3 910
731 710 3 440
731 711 3 179
731 712 3 174
731 291 3 860
733 1839 3 1695
733 292 3 921
734 1472 3 1465
735 1840 3 1061
737 1092 3 1675
737 713 3 1686
739 1093 3 986
739 714 3 1055
739 1473 3 1520
740 1094 3 572
741 1841 3 1676
744 1474 3 1586
746 716 3 349
746 717 3 249
746 718 3 216
746 715 3 1735
747 719 3 605
748 1475 3 1379
752 294 3 286
752 1476 3 1471
752 293 3 1918
754 720 3 1711
754 296 3 492
754 1095 3 1897
754 295 3 1005
755 1096 3 699
757 1477 3 1522
757 721 3 1310
758 1479 3 35
758 1478 3 663
759 297 3 1511
760 1480 3 928
762 1097 3 1716
764 1098 3 929
767 298 3 1770
769 299 3 1038
770 1482 3 94
770 1481 3 1847
772 300 3 1268
772 722 3 1906
773 301 3 569
773 723 3 779
773 1483 3 1235
774 1484 3 571
774 1485 3 257
777 1099 3 1890
777 1486 3 1223
777 724 3 1446
778 727 3 387
778 726 3 190
778 725 3 812
779 302 3 1689
780 1100 3 1202
780 728 3 987
780 1487 3 1268
782 1101 3 1135
783 729 3 1308
784 1102 3 991
785 730 3 896
785 731 3 279
785 1488 3 1575
786 1104 3 411
786 1103 3 1095
787 303 3 1771
787 1489 3 1059
788 304 3 623
789 1490 3 1120
790 1107 3 354
790 1106 3 193
790 1105 3 1403
790 732 3 1547
791 1108 3 704
791 1491 3 1119
792 1492 3 681
792 1493 3 188
792 1494 3 144
792 733 3 1017
795 1495 3 1207
795 305 3 1740
796 1496 3 526
797 1109 3 1683
797 1500 3 5
797 1499 3 24
797 1498 3 238
797 1497 3 566
799 1501 3 975
800 1111 3 73
800 1110 3 1184
801 306 3 1619
802 735 3 71
802 734 3 1845
803 1112 3 1232
804 307 3 1321
805 308 3 637
808 1113 3 1503
809 311 3 94
809 309 3 1349
809 310 3 240
810 736 3 1750
811 1502 3 1878
811 1114 3 1245
813 1115 3 960
816 1503 3 1586
818 1116 3 1586
819 738 3 137
819 737 3 1812
822 312 3 1887
822 739 3 1189
824 1504 3 1768
824 741 3 348
824 1505 3 271
824 740 3 973
825 1117 3 1701
826 742 3 995
826 1506 3 1118
828 1507 3 1038
829 1509 3 324
829 1510 3 448
829 1508 3 499
830 743 3 1463
830 1118 3 1543
833 1119 3 1209
833 1511 3 1441
835 1512 3 969
835 313 3 1893
835 314 3 326
836 315 3 698
836 316 3 190
837 744 3 1743
837 317 3 692
837 745 3 15
839 318 3 999
839 746 3 943
841 1513 3 1621
841 1120 3 1783
842 747 3 1191
842 1121 3 718
842 319 3 1207
843 320 3 632
845 1514 3 1358
846 1122 3 1464
846 321 3 1240
847 1515 3 939
848 1123 3 1076
849 1516 3 915
850 322 3 1391
851 324 3 472
851 325 3 452
851 323 3 599
852 326 3 674
854 1125 3 402
854 1124 3 1607
855 1127 3 123
855 1126 3 603
857 327 3 1538
858 1128 3 1311
858 328 3 507
858 329 3 290
859 1518 3 44
859 1517 3 1848
861 748 3 1920
861 1129 3 1204
862 1130 3 620
862 330 3 1360
863 1519 3 1487
864 1133 3 269
864 1132 3 407
864 1131 3 980
865 749 3 1482
865 750 3 54
865 331 3 1158
865 1134 3 554
866 332 3 727
866 333 3 466
866 1135 3 814
869 1520 3 1687
869 1136 3 1227
869 334 3 1316
874 335 3 1544
875 338 3 200
875 337 3 389
875 336 3 853
876 1521 3 1712
878 751 3 1887
879 339 3 1371
880 1522 3 1455
880 340 3 582
881 752 3 1224
881 341 3 680
881 342 3 283
881 343 3 136
881 344 3 353
882 1137 3 1890
882 345 3 606
882 753 3 731
884 754 3 976
884 346 3 897
886 1523 3 1659
886 347 3 953
886 755 3 978
887 756 3 864
887 757 3 463
887 758 3 264
887 1138 3 1497
887 1524 3 811
891 348 3 1591
892 1525 3 1601
893 1139 3 1651
894 1526 3 1122
896 759 3 1828
896 349 3 1513
897 350 3 815
897 1527 3 1276
898 760 3 969
899 761 3 831
899 765 3 160
899 764 3 14
899 763 3 449
899 762 3 296
900 1140 3 1698
900 1141 3 155
900 766 3 556
901 1529 3 378
901 1528 3 1376
902 1530 3 853
902 767 3 1082
904 1531 3 905
904 351 3 1724
905 352 3 512
906 355 3 28
906 354 3 405
906 353 3 562
907 1532 3 1283
908 1534 3 29
908 1533 3 639
908 356 3 1102
910 1142 3 1831
910 357 3 1089
910 768 3 1765
912 769 3 983
913 359 3 171
913 358 3 1299
915 361 3 81
915 360 3 1065
916 362 3 813
916 363 3 346
920 1143 3 1830
920 1535 3 1878
922 1144 3 998
926 1145 3 1418
928 770 3 1909
928 772 3 111
928 771 3 462
930 1146 3 1452
930 1147 3 172
930 773 3 952
933 1537 3 432
933 1536 3 1894
933 364 3 1913
935 365 3 1006
935 774 3 1557
936 1148 3 1666
937 1538 3 1392
937 1539 3 299
938 366 3 1292
939 777 3 443
939 775 3 1362
939 1540 3 1063
939 776 3 315
939 1541 3 185
940 1542 3 769
941 778 3 961
941 1150 3 311
941 1149 3 1536
942 367 3 1420
943 1151 3 923
943 1152 3 173
943 368 3 577
943 1543 3 1250
944 1544 3 611
944 369 3 707
945 779 3 1430
949 1153 3 1644
949 1155 3 483
949 1154 3 107
949 1545 3 1604
949 1546 3 149
951 1547 3 984
952 370 3 1769
952 1548 3 755
953 780 3 1793
954 1156 3 1595
954 1549 3 1129
954 1550 3 292
955 1551 3 602
955 782 3 392
955 781 3 924
956 1552 3 521
957 1555 3 218
957 1553 3 676
957 1554 3 262
959 783 3 1429
959 372 3 492
959 371 3 1726
961 1556 3 1445
961 1557 3 218
962 784 3 1253
962 1559 3 166
962 1558 3 775
964 785 3 933
964 373 3 1552
964 1157 3 1839
964 1560 3 1074
965 374 3 624
966 786 3 979
967 787 3 815
967 788 3 40
968 789 3 866
968 1158 3 1412
968 1159 3 8
969 1161 3 70
969 1160 3 799
970 790 3 1132
971 1162 3 967
972 1561 3 1766
973 791 3 1287
975 1163 3 1425
977 1164 3 1063
977 1165 3 203
977 375 3 1877
977 1562 3 1586
977 1563 3 120
978 795 3 141
978 792 3 1547
978 794 3 220
978 796 3 52
978 793 3 234
979 797 3 545
979 376 3 957
981 1564 3 1396
982 378 3 245
982 1166 3 1590
982 377 3 1254
983 798 3 1448
984 1167 3 962
985 1566 3 158
985 1565 3 1468
985 1567 3 330
986 1169 3 431
986 1168 3 948
988 799 3 1582
990 379 3 1790
990 1568 3 1592
992 1170 3 1657
992 800 3 1383
994 380 3 1479
994 1569 3 1405
996 1570 3 970
996 1571 3 482
996 1572 3 455
998 1172 3 203
998 1171 3 1621
1000 381 3 1646
1000 801 3 1786
1002 1573 3 1670
1002 1574 3 423
1004 802 3 1350
1006 803 3 936
1007 1575 3 1501
1007 1173 3 1816
1009 1577 3 204
1009 1576 3 943
1011 1578 3 1048
1011 1174 3 1436
1011 804 3 1497
1011 382 3 1871
1013 383 3 919
1013 1579 3 1132
1016 805 3 1517
1017 1580 3 1452
1017 1581 3 137
1017 384 3 1400
1017 1175 3 1627
1018 1582 3 521
1018 1583 3 246
1018 1584 3 86
1018 1585 3 250
1018 1176 3 811
1018 1586 3 383
1019 1587 3 606
1019 1588 3 376
1022 385 3 1560
1023 1178 3 77
1023 1179 3 188
1023 386 3 646
1023 388 3 61
1023 387 3 164
1023 1177 3 1559
1024 807 3 272
1024 806 3 1775
1025 1182 3 381
1025 1181 3 431
1025 1180 3 874
1026 389 3 1287
1026 808 3 1099
1026 390 3 441
1026 1590 3 432
1026 1589 3 1736
1031 809 3 1538
1032 1591 3 1675
1032 811 3 421
1032 810 3 663
1032 1183 3 1699
1033 391 3 1689
1034 1184 3 892
1035 394 3 305
1035 393 3 28
1035 392 3 1015
1036 395 3 501
1036 812 3 1426
1037 816 3 439
1037 815 3 45
1037 814 3 34
1037 813 3 759
1037 1592 3 1581
1038 817 3 791
1040 1593 3 1226
1040 818 3 1121
1040 1185 3 1621
1041 1186 3 807
1042 1187 3 688
1042 1188 3 162
1042 1189 3 71
1042 819 3 1005
1043 1594 3 1149
1044 396 3 1791
1044 820 3 1105
1045 1190 3 1143
1046 1595 3 1221
1047 1596 3 523
1048 1597 3 648
1048 1191 3 1312
1048 1192 3 477
1050 821 3 1665
1052 1193 3 1488
1052 822 3 1041
1053 1194 3 851
1054 823 3 899
1055 398 3 147
1055 397 3 1861
1056 1598 3 1779
1058 1599 3 1067
1058 399 3 1272
1059 1195 3 1628
1061 1197 3 405
1061 400 3 1239
1061 1196 3 1112
1062 1198 3 767
1062 824 3 1776
1062 1600 3 1445
1063 825 3 621
1063 1199 3 795
1064 826 3 840
1065 402 3 376
1065 401 3 1401
1067 403 3 884
1069 1601 3 1744
1071 1200 3 1753
1071 1201 3 490
1072 1602 3 1317
1073 404 3 1669
1073 827 3 1802
1074 1202 3 1148
1074 828 3 732
1075 1603 3 1275
1075 1604 3 159
1075 405 3 1014
1077 1203 3 1234
1078 829 3 1416
1078 406 3 1232
1080 407 3 884
