1 0 1506 852
2 1 1506 838
9 2 1506 1724
9 3 1506 462
16 4 1506 1729
16 5 1506 196
18 6 1506 988
21 7 1506 1149
23 8 1506 897
27 9 1506 1391
29 10 1506 1125
32 11 1506 1189
32 12 1506 219
33 13 1506 850
49 14 1506 1910
52 15 1506 1208
52 16 1506 6
53 17 1506 590
54 18 1506 813
74 19 1506 1921
82 20 1506 1763
94 21 1506 1873
96 22 1506 1134
96 23 1506 339
104 25 1506 217
104 26 1506 2
104 24 1506 1756
106 27 1506 923
108 28 1506 1023
114 29 1506 1667
114 30 1506 64
114 31 1506 119
117 32 1506 1223
120 33 1506 1159
122 34 1506 958
128 35 1506 1679
129 37 1506 484
129 36 1506 834
130 38 1506 594
130 39 1506 280
132 40 1506 1026
132 41 1506 431
133 42 1506 866
137 43 1506 1449
138 45 1506 389
138 44 1506 501
139 46 1506 758
143 47 1506 1469
143 48 1506 150
149 49 1506 1636
149 50 1506 299
150 51 1506 714
153 53 1506 364
153 52 1506 1239
154 54 1506 808
156 55 1506 904
162 56 1506 1629
166 57 1506 1384
167 58 1506 631
172 59 1506 1511
172 60 1506 194
172 61 1506 64
172 62 1506 126
175 63 1506 1154
178 64 1506 1327
180 65 1506 1005
193 66 1506 1891
195 67 1506 985
204 68 1506 1817
204 69 1506 230
204 70 1506 374
208 71 1506 1446
228 72 1506 1921
229 73 1506 532
231 74 1506 894
234 75 1506 1331
236 76 1506 1006
242 77 1506 1609
250 78 1506 1763
254 79 1506 1366
258 80 1506 1383
258 81 1506 458
259 82 1506 773
262 83 1506 1311
266 84 1506 1367
269 85 1506 1274
270 86 1506 805
271 87 1506 859
271 88 1506 350
271 89 1506 53
271 90 1506 50
275 91 1506 1374
283 92 1506 1778
285 94 1506 86
285 93 1506 1007
287 95 1506 962
287 96 1506 305
293 97 1506 1637
293 98 1506 121
297 99 1506 1420
297 100 1506 423
304 101 1506 1697
309 102 1506 1576
319 103 1506 1844
322 104 1506 1262
323 105 1506 778
324 106 1506 718
325 107 1506 706
329 108 1506 1395
333 109 1506 1401
342 110 1506 1823
342 111 1506 19
347 112 1506 1546
350 114 1506 128
350 113 1506 1190
356 115 1506 1661
359 116 1506 1215
360 117 1506 739
367 118 1506 1711
367 119 1506 53
367 120 1506 200
369 121 1506 1032
370 122 1506 635
378 124 1506 180
378 123 1506 1763
380 125 1506 925
385 126 1506 1593
387 127 1506 913
387 128 1506 446
398 129 1506 1856
400 130 1506 1025
403 131 1506 1293
407 133 1506 342
407 132 1506 1487
409 134 1506 943
415 135 1506 1610
416 136 1506 806
417 137 1506 854
417 138 1506 49
418 139 1506 589
419 141 1506 98
419 140 1506 555
423 142 1506 1388
425 143 1506 873
425 144 1506 155
425 145 1506 30
433 146 1506 1752
434 147 1506 588
436 148 1506 879
436 149 1506 350
442 150 1506 1671
446 151 1506 1491
456 153 1506 68
456 152 1506 1851
459 154 1506 1219
462 155 1506 1315
464 156 1506 1062
471 157 1506 1738
477 158 1506 1663
477 159 1506 336
479 160 1506 1110
486 162 1506 260
486 161 1506 1730
490 163 1506 1463
490 164 1506 376
491 165 1506 529
491 166 1506 457
494 167 1506 1204
494 168 1506 246
494 169 1506 442
495 171 1506 361
495 170 1506 854
496 172 1506 689
498 173 1506 1121
502 174 1506 1422
502 175 1506 101
507 176 1506 1568
513 177 1506 1686
519 179 1506 150
519 178 1506 1608
521 180 1506 1098
523 181 1506 1004
523 182 1506 33
523 183 1506 95
523 184 1506 185
527 185 1506 1458
531 186 1506 1367
535 187 1506 1419
537 188 1506 1047
542 189 1506 1552
543 190 1506 548
545 191 1506 993
547 192 1506 1115
553 193 1506 1637
557 194 1506 1403
558 195 1506 750
566 196 1506 1763
576 197 1506 1850
576 198 1506 497
581 199 1506 1550
586 200 1506 1498
587 201 1506 548
587 202 1506 341
587 203 1506 436
591 204 1506 1420
594 205 1506 1310
595 206 1506 802
596 207 1506 729
597 208 1506 570
599 209 1506 1118
605 210 1506 1672
608 211 1506 1301
608 212 1506 129
613 213 1506 1513
616 214 1506 1163
616 215 1506 105
623 216 1506 1696
623 217 1506 164
626 218 1506 1278
627 219 1506 842
629 220 1506 1086
631 221 1506 962
631 222 1506 156
632 223 1506 619
641 224 1506 1819
649 225 1506 1786
652 226 1506 1171
654 227 1506 976
660 228 1506 1642
661 230 1506 263
661 229 1506 672
667 231 1506 1642
670 232 1506 1188
670 233 1506 57
671 234 1506 577
672 235 1506 549
673 236 1506 663
678 237 1506 1521
679 238 1506 599
680 239 1506 800
681 240 1506 656
682 241 1506 638
683 242 1506 848
694 243 1506 1854
703 244 1506 1804
706 245 1506 1171
707 246 1506 863
712 248 1506 474
712 247 1506 1526
715 249 1506 1298
717 250 1506 979
722 251 1506 1598
723 252 1506 572
728 253 1506 1580
728 254 1506 463
729 255 1506 535
729 256 1506 391
735 257 1506 1646
736 258 1506 542
741 259 1506 1559
741 260 1506 138
749 261 1506 1750
751 262 1506 1011
760 263 1506 1823
761 266 1506 112
761 267 1506 72
761 264 1506 854
761 265 1506 29
763 268 1506 936
764 269 1506 613
768 270 1506 1367
768 271 1506 174
772 277 1506 227
772 276 1506 114
772 275 1506 448
772 273 1506 477
772 272 1506 1490
772 274 1506 185
773 278 1506 740
774 279 1506 647
776 280 1506 923
781 281 1506 1570
782 283 1506 344
782 282 1506 502
788 284 1506 1618
789 285 1506 590
791 286 1506 1070
796 287 1506 1533
801 288 1506 1518
801 289 1506 41
801 290 1506 158
803 291 1506 941
805 292 1506 979
807 293 1506 965
808 294 1506 661
809 295 1506 830
814 296 1506 1551
816 297 1506 950
818 298 1506 999
826 299 1506 1774
828 300 1506 1059
829 301 1506 791
830 302 1506 589
838 303 1506 1785
849 304 1506 1856
850 305 1506 804
850 306 1506 107
