16 0 1671 1912
20 1 1671 1487
25 2 1671 1602
31 3 1671 1667
44 4 1671 1889
49 5 1671 1600
50 6 1671 703
54 7 1671 1351
61 10 1671 136
61 8 1671 1694
61 9 1671 201
68 11 1671 1722
75 12 1671 1750
75 13 1671 410
76 14 1671 543
81 15 1671 1599
89 16 1671 1755
96 19 1671 8
96 18 1671 271
96 17 1671 1706
99 20 1671 1187
99 21 1671 94
100 22 1671 504
102 23 1671 1138
102 24 1671 185
102 25 1671 29
105 26 1671 1264
113 27 1671 1769
116 28 1671 1332
131 29 1671 1906
133 30 1671 1093
136 31 1671 1203
157 32 1671 1921
160 33 1671 1159
166 34 1671 1641
167 35 1671 829
172 36 1671 1560
180 37 1671 1751
185 38 1671 1517
199 39 1671 1900
199 40 1671 262
210 41 1671 1854
216 42 1671 1638
217 43 1671 729
219 44 1671 1036
220 45 1671 677
222 46 1671 1027
223 48 1671 288
223 47 1671 745
224 49 1671 575
230 50 1671 1663
230 51 1671 332
232 52 1671 1058
233 53 1671 630
234 54 1671 582
243 55 1671 1818
245 57 1671 463
245 56 1671 983
249 58 1671 1482
260 59 1671 1859
260 60 1671 336
261 61 1671 859
261 62 1671 18
268 63 1671 1712
270 64 1671 1033
271 65 1671 858
278 66 1671 1725
279 67 1671 590
280 68 1671 694
286 69 1671 1638
286 70 1671 38
286 71 1671 4
286 72 1671 189
286 73 1671 295
292 74 1671 1671
295 76 1671 381
295 75 1671 1257
302 77 1671 1699
302 78 1671 102
306 79 1671 1432
308 80 1671 927
309 81 1671 519
313 82 1671 1480
314 84 1671 243
314 83 1671 756
315 85 1671 761
315 86 1671 145
318 87 1671 1291
319 88 1671 577
326 89 1671 1748
334 90 1671 1770
336 92 1671 269
336 91 1671 1096
341 93 1671 1582
346 94 1671 1564
349 95 1671 1327
359 96 1671 1835
369 97 1671 1850
375 98 1671 1621
375 99 1671 177
377 100 1671 877
377 101 1671 436
377 102 1671 51
378 103 1671 574
379 104 1671 536
385 105 1671 1659
385 106 1671 143
386 107 1671 762
388 108 1671 883
391 109 1671 1249
395 110 1671 1437
398 111 1671 1208
398 112 1671 361
398 113 1671 49
400 114 1671 931
407 115 1671 1742
410 116 1671 1304
413 117 1671 1186
417 118 1671 1469
417 119 1671 271
418 120 1671 712
418 121 1671 434
418 122 1671 12
420 123 1671 870
428 124 1671 1793
429 125 1671 867
435 126 1671 1659
436 127 1671 531
437 128 1671 656
437 129 1671 343
441 131 1671 455
441 132 1671 78
441 130 1671 1347
451 133 1671 1849
452 134 1671 555
452 135 1671 491
452 136 1671 467
454 137 1671 905
454 138 1671 219
455 139 1671 508
456 140 1671 617
459 142 1671 407
459 141 1671 1307
462 143 1671 1253
462 144 1671 310
463 145 1671 562
464 146 1671 735
464 147 1671 219
465 148 1671 650
472 149 1671 1747
472 150 1671 23
473 151 1671 648
473 152 1671 380
477 153 1671 1349
481 154 1671 1390
481 155 1671 442
481 156 1671 423
483 157 1671 1105
484 158 1671 706
489 159 1671 1594
516 160 1671 1924
521 162 1671 105
521 161 1671 1536
522 163 1671 539
531 164 1671 1826
533 165 1671 981
535 166 1671 1130
535 167 1671 436
539 168 1671 1419
539 169 1671 440
542 170 1671 1274
542 171 1671 398
544 172 1671 966
546 173 1671 960
551 174 1671 1579
554 175 1671 1330
554 176 1671 26
555 177 1671 684
556 178 1671 560
559 179 1671 1230
559 180 1671 131
563 181 1671 1440
572 182 1671 1805
573 183 1671 834
573 184 1671 320
574 185 1671 699
574 186 1671 75
575 187 1671 653
575 188 1671 459
575 189 1671 112
575 190 1671 67
578 192 1671 198
578 191 1671 1287
579 193 1671 550
580 194 1671 509
582 195 1671 1005
585 196 1671 1202
593 197 1671 1792
597 198 1671 1351
600 199 1671 1254
604 201 1671 299
604 200 1671 1356
605 202 1671 725
605 203 1671 210
605 204 1671 472
610 205 1671 1550
615 206 1671 1606
618 207 1671 1344
625 209 1671 60
625 208 1671 1695
625 210 1671 415
631 211 1671 1664
632 212 1671 545
636 213 1671 1401
640 214 1671 1463
640 215 1671 483
646 216 1671 1656
649 217 1671 1196
649 218 1671 219
651 219 1671 1127
653 221 1671 476
653 220 1671 906
667 222 1671 1901
670 223 1671 1306
670 224 1671 373
686 225 1671 1912
686 226 1671 199
686 227 1671 416
686 228 1671 451
687 231 1671 158
687 230 1671 128
687 229 1671 573
690 232 1671 1257
693 233 1671 1231
702 234 1671 1798
710 235 1671 1757
711 236 1671 715
716 237 1671 1595
716 238 1671 361
717 239 1671 694
719 240 1671 1017
720 241 1671 655
722 242 1671 883
722 243 1671 399
728 244 1671 1621
728 245 1671 327
729 246 1671 741
730 247 1671 722
732 249 1671 25
732 248 1671 1011
735 250 1671 1274
735 251 1671 5
740 252 1671 1573
740 253 1671 224
740 254 1671 347
742 255 1671 880
742 256 1671 322
745 257 1671 1343
753 258 1671 1761
753 259 1671 485
757 260 1671 1350
760 261 1671 1190
762 262 1671 893
764 263 1671 1121
775 265 1671 256
775 266 1671 407
775 264 1671 1857
778 267 1671 1239
783 268 1671 1527
789 269 1671 1631
796 270 1671 1693
796 271 1671 61
797 272 1671 834
801 273 1671 1449
801 274 1671 110
801 275 1671 250
806 276 1671 1517
811 277 1671 1502
817 278 1671 1609
817 279 1671 45
820 280 1671 1170
824 281 1671 1402
827 282 1671 1329
827 283 1671 426
830 284 1671 1224
830 285 1671 122
831 286 1671 510
833 287 1671 1032
835 288 1671 883
837 289 1671 918
841 290 1671 1435
844 291 1671 1296
852 292 1671 1758
861 293 1671 1801
864 294 1671 1269
872 295 1671 1752
878 296 1671 1687
884 298 1671 467
884 297 1671 1686
888 299 1671 1364
898 300 1671 1845
902 301 1671 1427
904 302 1671 1120
907 303 1671 1305
907 304 1671 256
910 305 1671 1212
912 306 1671 1096
