0 0 1813 186
6 1 1813 1663
9 2 1813 1188
10 3 1813 547
13 4 1813 1325
14 5 1813 759
19 6 1813 1586
23 7 1813 1383
28 8 1813 1533
29 9 1813 546
32 10 1813 1294
35 11 1813 1167
37 12 1813 932
39 13 1813 1088
41 14 1813 1119
44 15 1813 1192
45 16 1813 836
47 17 1813 1009
53 18 1813 1609
53 19 1813 193
53 20 1813 443
54 21 1813 753
63 22 1813 1824
65 23 1813 875
65 24 1813 332
67 25 1813 895
71 27 1813 305
71 26 1813 1419
72 28 1813 626
76 29 1813 1414
77 30 1813 521
79 31 1813 990
80 32 1813 741
80 33 1813 297
80 34 1813 228
80 35 1813 450
83 37 1813 430
83 36 1813 1298
85 38 1813 962
85 39 1813 346
86 40 1813 666
87 41 1813 673
89 42 1813 1076
92 43 1813 1156
97 44 1813 1588
117 45 1813 1921
122 46 1813 1547
123 48 1813 215
123 47 1813 665
124 49 1813 785
130 50 1813 1649
130 51 1813 143
132 52 1813 1015
132 53 1813 76
134 54 1813 1006
138 55 1813 1357
146 59 1813 430
146 58 1813 215
146 56 1813 1763
146 57 1813 312
149 60 1813 1264
152 61 1813 1280
153 62 1813 757
153 63 1813 118
153 64 1813 24
153 65 1813 304
153 66 1813 426
154 67 1813 634
155 68 1813 859
156 69 1813 668
165 72 1813 46
165 70 1813 1819
165 71 1813 406
168 73 1813 1263
172 74 1813 1451
179 75 1813 1694
184 76 1813 1602
185 77 1813 668
188 78 1813 1212
188 79 1813 336
191 80 1813 1272
192 81 1813 753
192 82 1813 90
200 83 1813 1765
207 85 1813 377
207 84 1813 1690
221 86 1813 1899
222 87 1813 664
225 88 1813 1216
226 89 1813 796
227 90 1813 612
229 91 1813 985
229 92 1813 215
230 93 1813 532
232 94 1813 1006
235 95 1813 1310
245 96 1813 1840
247 97 1813 957
249 98 1813 1132
252 99 1813 1284
256 100 1813 1494
258 101 1813 913
265 102 1813 1731
269 103 1813 1471
271 104 1813 891
274 105 1813 1243
274 106 1813 97
280 107 1813 1676
281 108 1813 549
284 109 1813 1236
290 110 1813 1679
292 111 1813 1095
294 112 1813 1025
303 113 1813 1803
305 114 1813 1082
306 115 1813 511
309 116 1813 1190
311 117 1813 917
311 118 1813 352
316 119 1813 1571
316 120 1813 329
322 121 1813 1687
325 124 1813 56
325 123 1813 62
325 122 1813 1342
326 125 1813 834
326 126 1813 190
330 127 1813 1438
330 128 1813 257
330 129 1813 141
338 130 1813 1778
339 131 1813 645
343 132 1813 1460
353 133 1813 1853
354 134 1813 766
354 135 1813 359
356 136 1813 947
357 137 1813 543
359 138 1813 874
359 139 1813 446
359 140 1813 280
359 141 1813 222
359 142 1813 114
374 143 1813 1904
376 144 1813 1041
380 145 1813 1441
392 146 1813 1885
392 147 1813 336
396 148 1813 1375
396 149 1813 494
396 150 1813 119
398 151 1813 923
399 152 1813 604
403 153 1813 1485
405 154 1813 954
412 155 1813 1731
417 156 1813 1495
423 157 1813 1668
427 158 1813 1414
427 159 1813 57
429 160 1813 1052
430 161 1813 583
434 163 1813 408
434 162 1813 1419
438 164 1813 1383
440 165 1813 1034
445 166 1813 1559
447 167 1813 1096
449 168 1813 1036
450 169 1813 723
454 170 1813 1489
455 172 1813 43
455 171 1813 647
465 173 1813 1830
468 174 1813 1291
468 175 1813 107
473 176 1813 1573
477 177 1813 1363
479 178 1813 946
480 179 1813 540
482 180 1813 874
490 182 1813 63
490 181 1813 1779
496 183 1813 1687
496 184 1813 21
497 185 1813 855
497 186 1813 40
511 187 1813 1900
513 188 1813 898
515 189 1813 960
516 190 1813 788
519 191 1813 1203
521 192 1813 1053
522 193 1813 816
525 194 1813 1319
531 195 1813 1621
532 196 1813 728
538 197 1813 1631
539 198 1813 521
539 199 1813 6
548 200 1813 1806
549 201 1813 788
552 202 1813 1224
553 203 1813 651
555 204 1813 930
559 205 1813 1397
561 206 1813 880
562 207 1813 699
562 208 1813 193
563 211 1813 132
563 210 1813 158
563 209 1813 847
564 212 1813 722
566 213 1813 874
568 214 1813 1108
571 215 1813 1198
572 216 1813 520
578 217 1813 1656
578 218 1813 386
579 219 1813 527
581 220 1813 994
586 221 1813 1584
586 222 1813 198
586 223 1813 76
597 224 1813 1859
597 225 1813 285
602 226 1813 1518
605 227 1813 1151
606 228 1813 511
611 229 1813 1595
614 230 1813 1304
625 231 1813 1866
626 232 1813 841
628 233 1813 939
629 234 1813 658
629 235 1813 86
630 236 1813 554
633 237 1813 1336
634 238 1813 757
635 239 1813 549
649 240 1813 1899
652 241 1813 1266
659 242 1813 1706
659 243 1813 51
660 244 1813 801
661 245 1813 656
661 246 1813 481
661 247 1813 179
667 249 1813 120
667 248 1813 1633
669 250 1813 1100
671 251 1813 996
674 252 1813 1244
693 253 1813 1918
695 254 1813 937
695 255 1813 222
696 256 1813 589
699 257 1813 1148
700 258 1813 716
701 259 1813 644
710 260 1813 1803
716 261 1813 1653
716 262 1813 187
717 263 1813 523
721 264 1813 1468
721 265 1813 216
724 266 1813 1216
731 268 1813 215
731 267 1813 1707
733 269 1813 1022
734 270 1813 644
736 271 1813 1109
738 272 1813 899
746 273 1813 1761
747 274 1813 552
753 275 1813 1653
762 277 1813 146
762 276 1813 1802
765 278 1813 1200
768 279 1813 1203
775 280 1813 1729
778 281 1813 1338
782 282 1813 1442
782 283 1813 390
782 284 1813 494
782 285 1813 307
783 286 1813 622
784 289 1813 436
784 287 1813 847
784 288 1813 2
788 290 1813 1421
791 291 1813 1331
792 292 1813 619
792 293 1813 112
793 294 1813 670
793 295 1813 246
795 296 1813 1078
798 297 1813 1183
799 298 1813 508
800 299 1813 584
804 300 1813 1364
805 301 1813 698
818 302 1813 1889
819 303 1813 611
823 304 1813 1401
841 305 1813 1916
841 306 1813 97
