1 0 1888 738
2 1 1888 528
3 2 1888 793
12 3 1888 1801
13 4 1888 851
21 5 1888 1756
26 7 1888 109
26 8 1888 498
26 6 1888 1539
29 9 1888 1211
29 10 1888 121
29 11 1888 212
35 12 1888 1615
35 13 1888 376
35 14 1888 65
44 15 1888 1804
48 16 1888 1423
48 17 1888 429
49 18 1888 866
51 19 1888 1040
51 20 1888 225
56 21 1888 1509
60 22 1888 1388
60 23 1888 197
61 24 1888 601
61 25 1888 439
62 26 1888 849
62 27 1888 381
66 28 1888 1432
70 29 1888 1474
71 30 1888 645
72 31 1888 682
83 32 1888 1855
84 33 1888 767
86 34 1888 933
86 35 1888 498
87 36 1888 852
89 38 1888 114
89 37 1888 1057
97 39 1888 1786
105 40 1888 1759
107 41 1888 929
110 42 1888 1205
111 43 1888 543
111 44 1888 419
117 45 1888 1686
117 46 1888 148
121 47 1888 1429
125 48 1888 1397
125 49 1888 218
128 50 1888 1191
130 51 1888 972
130 52 1888 219
131 53 1888 615
139 54 1888 1751
142 55 1888 1154
144 56 1888 1064
145 57 1888 595
148 58 1888 1200
148 59 1888 411
150 60 1888 906
153 61 1888 1157
154 62 1888 602
156 63 1888 949
157 64 1888 565
161 66 1888 282
161 65 1888 1363
162 67 1888 848
166 68 1888 1367
170 69 1888 1492
172 70 1888 951
172 71 1888 366
172 72 1888 314
174 73 1888 1004
177 74 1888 1206
180 76 1888 303
180 75 1888 1220
181 77 1888 845
188 78 1888 1703
189 79 1888 839
189 80 1888 291
192 81 1888 1344
194 82 1888 909
197 84 1888 282
197 83 1888 1213
202 85 1888 1598
202 86 1888 463
205 87 1888 1239
207 88 1888 941
214 89 1888 1704
218 90 1888 1358
218 91 1888 256
226 92 1888 1782
232 93 1888 1628
234 94 1888 879
235 95 1888 601
235 96 1888 327
235 97 1888 256
249 98 1888 1902
251 99 1888 980
255 100 1888 1404
258 101 1888 1225
258 102 1888 62
268 103 1888 1829
271 104 1888 1192
272 105 1888 825
273 106 1888 657
275 107 1888 1139
278 108 1888 1333
279 109 1888 530
280 110 1888 850
280 111 1888 219
281 114 1888 119
281 113 1888 360
281 112 1888 817
285 115 1888 1487
285 116 1888 248
288 117 1888 1313
289 118 1888 666
291 119 1888 891
293 120 1888 900
295 121 1888 967
305 122 1888 1831
310 123 1888 1588
310 124 1888 134
311 125 1888 694
312 126 1888 509
313 127 1888 610
313 128 1888 124
314 129 1888 605
316 130 1888 892
316 131 1888 47
317 132 1888 867
318 133 1888 723
322 134 1888 1359
324 135 1888 991
327 136 1888 1282
329 137 1888 1004
329 138 1888 21
333 139 1888 1382
335 140 1888 941
338 141 1888 1248
348 143 1888 410
348 142 1888 1831
349 144 1888 853
351 145 1888 1138
355 146 1888 1364
359 147 1888 1421
364 148 1888 1509
367 149 1888 1317
367 150 1888 352
369 151 1888 939
374 152 1888 1514
376 155 1888 437
376 153 1888 1010
376 154 1888 80
379 156 1888 1318
379 157 1888 398
386 158 1888 1694
386 159 1888 497
386 160 1888 315
386 161 1888 46
388 162 1888 1014
389 163 1888 728
394 164 1888 1562
395 165 1888 802
398 166 1888 1276
398 167 1888 93
400 168 1888 925
402 169 1888 1052
402 170 1888 204
405 171 1888 1168
408 172 1888 1291
411 173 1888 1209
423 174 1888 1875
428 175 1888 1576
430 176 1888 1061
434 177 1888 1421
435 178 1888 734
437 179 1888 920
440 180 1888 1254
442 181 1888 1013
444 182 1888 1026
445 183 1888 732
445 184 1888 253
457 185 1888 1878
457 186 1888 458
465 187 1888 1782
466 188 1888 643
468 189 1888 922
473 190 1888 1598
475 191 1888 883
478 192 1888 1235
482 193 1888 1449
484 194 1888 1067
486 195 1888 894
486 196 1888 233
488 197 1888 1102
489 198 1888 772
489 199 1888 51
497 200 1888 1787
500 203 1888 456
500 201 1888 1271
500 202 1888 495
502 204 1888 1112
504 205 1888 1108
509 206 1888 1572
509 207 1888 305
511 209 1888 428
511 208 1888 1059
514 210 1888 1300
523 211 1888 1821
528 212 1888 1589
529 213 1888 773
532 214 1888 1167
535 215 1888 1226
537 216 1888 945
537 217 1888 282
537 218 1888 475
543 220 1888 344
543 219 1888 1609
547 221 1888 1419
551 222 1888 1375
551 223 1888 3
555 224 1888 1379
558 225 1888 1246
569 226 1888 1858
577 228 1888 142
577 227 1888 1767
579 229 1888 981
582 230 1888 1343
594 231 1888 1883
595 232 1888 648
596 233 1888 683
598 234 1888 1058
613 235 1888 1908
614 236 1888 518
615 237 1888 570
620 238 1888 1544
622 239 1888 1069
622 240 1888 306
622 241 1888 153
623 242 1888 722
623 243 1888 215
628 244 1888 1546
635 245 1888 1701
638 247 1888 461
638 248 1888 281
638 246 1888 1219
646 249 1888 1765
658 250 1888 1874
670 251 1888 1876
671 252 1888 627
673 253 1888 1088
679 254 1888 1631
679 255 1888 367
688 257 1888 492
688 256 1888 1821
690 258 1888 1001
698 259 1888 1790
701 260 1888 1174
708 261 1888 1729
708 262 1888 162
708 263 1888 78
710 264 1888 1010
713 265 1888 1342
716 266 1888 1173
718 267 1888 905
724 268 1888 1639
727 269 1888 1184
728 270 1888 708
728 271 1888 375
729 272 1888 662
732 273 1888 1330
735 274 1888 1302
735 275 1888 190
736 276 1888 697
739 277 1888 1160
739 278 1888 381
744 279 1888 1603
744 280 1888 27
748 281 1888 1397
752 282 1888 1486
752 283 1888 301
754 284 1888 1031
758 285 1888 1392
761 286 1888 1256
765 287 1888 1485
767 288 1888 976
768 289 1888 691
768 290 1888 87
768 291 1888 26
772 292 1888 1493
778 293 1888 1678
787 294 1888 1820
788 295 1888 502
805 296 1888 1915
806 297 1888 643
808 298 1888 1129
808 299 1888 204
809 300 1888 528
809 301 1888 313
810 302 1888 746
812 303 1888 1021
814 304 1888 1056
819 305 1888 1499
822 306 1888 1213
