0 0 1330 401
2 1 1330 1133
20 2 1330 1916
28 3 1330 1766
33 4 1330 1532
47 5 1330 1897
49 8 1330 227
49 9 1330 450
49 6 1330 949
49 7 1330 194
53 10 1330 1443
56 11 1330 1153
57 12 1330 600
58 13 1330 815
61 14 1330 1220
61 15 1330 169
61 16 1330 59
63 17 1330 900
64 20 1330 3
64 18 1330 585
64 19 1330 308
65 21 1330 739
65 22 1330 238
66 23 1330 858
69 24 1330 1285
77 25 1330 1762
82 28 1330 354
82 26 1330 1596
82 27 1330 425
83 29 1330 622
91 30 1330 1755
94 31 1330 1334
97 32 1330 1324
98 33 1330 861
98 34 1330 28
101 35 1330 1242
106 36 1330 1577
107 37 1330 520
109 38 1330 988
112 39 1330 1273
117 40 1330 1555
119 41 1330 942
121 42 1330 1018
121 43 1330 84
128 44 1330 1726
128 45 1330 180
128 46 1330 358
130 47 1330 1051
131 48 1330 569
143 49 1330 1877
155 50 1330 1882
156 51 1330 833
158 52 1330 1134
159 53 1330 512
162 54 1330 1308
167 55 1330 1587
169 56 1330 895
171 58 1330 481
171 57 1330 1058
178 59 1330 1695
178 60 1330 300
179 61 1330 524
187 62 1330 1764
192 63 1330 1529
193 64 1330 620
193 65 1330 109
201 66 1330 1754
207 67 1330 1663
208 68 1330 786
222 69 1330 1902
223 70 1330 516
227 71 1330 1463
237 72 1330 1837
240 73 1330 1236
241 74 1330 678
243 75 1330 986
249 77 1330 153
249 76 1330 1646
251 78 1330 1056
253 79 1330 1104
257 80 1330 1404
258 81 1330 545
266 82 1330 1780
266 83 1330 402
267 84 1330 665
269 86 1330 200
269 85 1330 921
270 87 1330 812
274 88 1330 1478
274 89 1330 366
274 90 1330 346
275 91 1330 519
275 92 1330 39
278 93 1330 1218
280 94 1330 973
282 95 1330 1031
284 96 1330 1102
288 97 1330 1413
292 98 1330 1389
298 99 1330 1616
298 100 1330 351
299 101 1330 619
299 102 1330 265
300 103 1330 591
304 105 1330 418
304 104 1330 1360
306 106 1330 921
315 107 1330 1822
323 108 1330 1758
323 109 1330 321
334 110 1330 1866
335 111 1330 742
335 112 1330 1
338 113 1330 1301
338 114 1330 291
344 115 1330 1680
345 116 1330 668
349 117 1330 1362
350 118 1330 864
356 119 1330 1623
366 120 1330 1833
368 121 1330 942
368 122 1330 185
368 123 1330 419
373 124 1330 1556
394 125 1330 1922
398 126 1330 1424
399 127 1330 618
399 128 1330 263
404 129 1330 1572
413 130 1330 1809
413 131 1330 232
414 132 1330 688
418 133 1330 1364
419 134 1330 753
420 135 1330 785
420 136 1330 279
423 137 1330 1188
425 138 1330 966
425 139 1330 246
453 140 1330 1924
453 141 1330 303
455 142 1330 978
458 144 1330 425
458 143 1330 1156
463 145 1330 1529
464 146 1330 517
465 147 1330 662
467 148 1330 927
470 149 1330 1218
470 150 1330 362
476 151 1330 1664
477 152 1330 549
484 153 1330 1691
491 154 1330 1707
494 155 1330 1334
494 156 1330 433
502 157 1330 1770
504 158 1330 960
508 159 1330 1363
510 160 1330 919
510 161 1330 303
515 164 1330 437
515 162 1330 1558
515 163 1330 186
521 165 1330 1633
521 166 1330 53
522 167 1330 561
523 168 1330 548
527 169 1330 1431
531 170 1330 1400
535 172 1330 396
535 171 1330 1405
536 173 1330 617
542 174 1330 1624
547 175 1330 1530
560 176 1330 1889
562 177 1330 954
581 178 1330 1919
581 179 1330 26
585 180 1330 1404
586 181 1330 762
592 182 1330 1616
594 183 1330 970
597 184 1330 1210
597 185 1330 144
603 186 1330 1607
605 187 1330 922
610 188 1330 1581
613 192 1330 227
613 191 1330 434
613 190 1330 351
613 189 1330 1344
618 193 1330 1527
621 194 1330 1252
627 195 1330 1621
628 196 1330 669
629 197 1330 791
630 198 1330 719
631 199 1330 716
635 200 1330 1475
647 201 1330 1881
647 202 1330 113
651 203 1330 1420
658 204 1330 1742
660 205 1330 882
663 206 1330 1267
674 207 1330 1857
674 208 1330 67
674 209 1330 177
678 210 1330 1369
682 211 1330 1404
690 212 1330 1776
692 213 1330 933
704 214 1330 1884
704 215 1330 157
705 216 1330 611
706 217 1330 588
708 220 1330 26
708 219 1330 292
708 218 1330 901
710 221 1330 1056
712 222 1330 904
714 223 1330 1129
716 224 1330 1079
718 225 1330 966
721 226 1330 1177
722 227 1330 794
725 228 1330 1290
725 229 1330 2
726 230 1330 861
728 231 1330 1098
728 232 1330 234
731 233 1330 1202
731 234 1330 476
735 235 1330 1448
736 236 1330 648
736 237 1330 195
739 239 1330 327
739 238 1330 1152
740 240 1330 802
746 241 1330 1674
747 242 1330 855
751 243 1330 1404
765 244 1330 1899
767 245 1330 871
768 246 1330 582
771 247 1330 1219
776 248 1330 1567
778 249 1330 1094
780 250 1330 1010
780 251 1330 81
789 252 1330 1814
789 253 1330 426
790 254 1330 690
790 255 1330 418
792 256 1330 976
794 258 1330 341
794 257 1330 908
795 259 1330 776
801 260 1330 1630
801 261 1330 473
802 262 1330 566
802 263 1330 64
805 264 1330 1241
805 265 1330 271
808 266 1330 1169
809 269 1330 436
809 268 1330 457
809 267 1330 574
813 270 1330 1433
813 271 1330 415
817 272 1330 1361
818 273 1330 573
822 274 1330 1415
822 275 1330 276
822 276 1330 200
826 277 1330 1425
829 278 1330 1155
829 279 1330 207
829 280 1330 383
841 281 1330 1882
844 282 1330 1151
844 283 1330 195
846 284 1330 917
847 285 1330 779
850 286 1330 1208
857 287 1330 1732
858 288 1330 511
858 289 1330 57
858 290 1330 471
864 291 1330 1664
872 292 1330 1779
872 293 1330 375
873 294 1330 622
873 295 1330 328
875 296 1330 1107
876 298 1330 163
876 297 1330 790
882 299 1330 1627
888 300 1330 1627
888 301 1330 8
889 302 1330 761
891 303 1330 1131
896 304 1330 1586
897 305 1330 594
898 306 1330 645
