1 0 701 623
5 1 701 1477
6 2 701 556
16 3 701 1842
16 4 701 77
24 5 701 1772
25 6 701 709
35 7 701 1843
41 9 701 257
41 8 701 1616
52 10 701 1862
52 11 701 17
55 12 701 1259
65 13 701 1851
66 14 701 567
70 15 701 1358
72 16 701 915
83 17 701 1870
84 18 701 628
85 19 701 793
86 20 701 612
91 21 701 1600
93 22 701 1097
94 23 701 848
96 24 701 1126
99 25 701 1333
102 26 701 1299
113 27 701 1858
119 28 701 1664
122 29 701 1231
123 30 701 710
126 31 701 1326
128 32 701 1016
136 33 701 1767
147 34 701 1862
149 35 701 1030
151 36 701 1000
154 38 701 185
154 37 701 1327
169 39 701 1904
173 40 701 1441
182 41 701 1824
197 42 701 1903
197 43 701 346
199 44 701 906
200 45 701 828
201 46 701 806
207 47 701 1653
231 48 701 1923
232 49 701 588
238 50 701 1638
238 51 701 333
245 52 701 1736
253 53 701 1789
254 54 701 702
256 55 701 947
256 56 701 380
262 57 701 1633
263 58 701 716
264 59 701 669
264 60 701 472
265 61 701 776
265 62 701 179
265 63 701 384
269 64 701 1471
270 65 701 536
272 66 701 925
276 67 701 1417
293 68 701 1914
297 69 701 1462
297 70 701 358
302 71 701 1512
308 72 701 1685
309 73 701 649
312 74 701 1277
313 75 701 712
319 76 701 1621
320 77 701 750
331 78 701 1866
331 79 701 297
332 80 701 527
337 81 701 1570
348 82 701 1859
350 83 701 1076
355 85 701 377
355 84 701 1518
360 86 701 1514
363 87 701 1152
365 88 701 1065
367 89 701 914
368 90 701 650
371 91 701 1291
372 92 701 611
376 93 701 1441
380 94 701 1431
381 95 701 664
387 96 701 1645
392 97 701 1519
393 98 701 799
393 99 701 370
402 100 701 1827
405 101 701 1313
411 105 701 126
411 104 701 230
411 103 701 461
411 102 701 1664
412 106 701 573
414 107 701 1087
415 108 701 511
432 109 701 1914
435 110 701 1250
440 111 701 1554
447 113 701 418
447 114 701 141
447 112 701 1691
448 115 701 826
449 116 701 842
451 117 701 1027
452 118 701 791
454 119 701 1094
456 120 701 946
463 121 701 1698
463 122 701 352
465 123 701 1000
466 124 701 811
468 125 701 991
470 126 701 900
470 127 701 243
473 128 701 1142
474 129 701 612
476 130 701 991
476 131 701 102
488 132 701 1875
493 134 701 395
493 133 701 1496
495 135 701 1138
505 136 701 1831
509 137 701 1397
510 138 701 845
514 139 701 1392
521 140 701 1729
521 141 701 427
522 142 701 640
524 143 701 1075
529 144 701 1588
531 145 701 1020
536 146 701 1525
536 147 701 193
539 148 701 1299
540 149 701 604
547 150 701 1747
548 151 701 617
549 152 701 727
555 153 701 1630
559 154 701 1348
559 155 701 129
561 156 701 961
562 157 701 664
567 158 701 1574
570 159 701 1164
573 160 701 1150
573 161 701 329
584 162 701 1869
593 163 701 1823
595 164 701 922
598 165 701 1148
603 166 701 1603
603 167 701 195
603 168 701 23
605 169 701 928
607 170 701 919
611 172 701 181
611 171 701 1369
614 173 701 1324
617 174 701 1289
618 175 701 519
620 176 701 1057
623 177 701 1201
626 178 701 1336
633 179 701 1716
637 180 701 1391
638 181 701 706
640 182 701 869
641 183 701 538
642 184 701 790
642 185 701 373
645 188 701 148
645 189 701 265
645 186 701 1300
645 187 701 245
645 190 701 176
648 191 701 1167
655 192 701 1748
660 193 701 1606
660 194 701 241
664 195 701 1399
664 196 701 482
665 197 701 741
665 198 701 152
665 199 701 440
668 200 701 1341
671 201 701 1330
671 202 701 170
671 203 701 370
677 204 701 1609
677 205 701 378
677 206 701 436
680 207 701 1328
680 208 701 340
681 209 701 828
683 210 701 996
689 211 701 1685
692 212 701 1252
700 213 701 1783
707 214 701 1698
707 215 701 443
711 216 701 1385
714 217 701 1331
716 218 701 1033
717 219 701 549
725 220 701 1773
729 221 701 1358
729 222 701 46
735 223 701 1682
736 224 701 751
742 225 701 1676
747 226 701 1546
748 227 701 500
750 228 701 1083
759 231 701 315
759 230 701 37
759 229 701 1814
761 232 701 1048
763 233 701 895
763 234 701 374
763 235 701 61
764 236 701 536
764 237 701 498
765 238 701 853
765 239 701 412
776 240 701 1862
790 241 701 1896
800 242 701 1829
803 243 701 1244
806 244 701 1193
806 245 701 416
816 246 701 1840
829 247 701 1890
839 248 701 1833
846 250 701 14
846 249 701 1722
848 251 701 1075
854 252 701 1633
859 253 701 1528
860 254 701 592
875 255 701 1908
878 256 701 1283
878 257 701 412
883 258 701 1543
894 259 701 1857
895 260 701 757
906 261 701 1860
906 262 701 244
906 263 701 450
907 264 701 791
908 265 701 681
909 266 701 636
909 267 701 357
913 268 701 1408
919 269 701 1637
929 270 701 1832
931 271 701 887
931 272 701 478
932 273 701 621
933 274 701 611
942 275 701 1801
946 276 701 1454
947 279 701 335
947 278 701 488
947 277 701 727
955 280 701 1761
960 281 701 1581
961 282 701 592
964 283 701 1286
973 284 701 1800
975 285 701 887
976 286 701 607
980 289 701 391
980 287 701 1445
980 288 701 303
981 290 701 702
981 291 701 124
983 292 701 879
985 293 701 920
990 294 701 1579
990 295 701 2
996 296 701 1651
1000 297 701 1378
1000 298 701 452
1001 299 701 512
1008 300 701 1704
1012 301 701 1482
1012 302 701 481
1012 303 701 195
1021 304 701 1814
1023 305 701 1051
1024 306 701 596
