2 0 352 1018
2 1 352 430
6 2 352 1357
11 3 352 1523
12 4 352 858
12 5 352 83
18 6 352 1688
27 7 352 1797
33 8 352 1686
34 9 352 797
34 10 352 436
36 11 352 890
38 12 352 984
38 13 352 252
43 14 352 1579
45 15 352 990
45 16 352 97
51 17 352 1679
56 18 352 1593
72 19 352 1909
72 20 352 135
77 21 352 1543
80 22 352 1194
81 23 352 543
88 24 352 1713
91 25 352 1178
93 26 352 1131
93 27 352 423
100 28 352 1717
105 29 352 1519
106 30 352 507
107 31 352 588
110 32 352 1166
110 33 352 441
120 34 352 1849
121 35 352 605
127 36 352 1662
136 39 352 245
136 37 352 1796
136 38 352 218
149 40 352 1893
151 41 352 996
151 42 352 377
155 43 352 1475
156 44 352 620
158 45 352 868
160 46 352 998
163 47 352 1311
165 48 352 1129
168 49 352 1332
172 50 352 1364
173 51 352 556
173 52 352 359
175 53 352 1071
175 54 352 302
179 55 352 1399
182 56 352 1161
183 57 352 813
190 58 352 1735
195 59 352 1604
197 60 352 876
200 61 352 1265
200 62 352 79
200 63 352 166
200 64 352 290
208 65 352 1772
214 66 352 1648
215 67 352 542
215 68 352 327
217 69 352 974
220 70 352 1252
220 71 352 225
224 72 352 1460
228 74 352 15
228 73 352 1348
230 75 352 1064
233 76 352 1165
239 77 352 1643
249 78 352 1848
250 79 352 844
250 80 352 180
257 81 352 1744
260 82 352 1219
260 83 352 384
260 84 352 155
272 89 352 449
272 88 352 139
272 85 352 1875
272 86 352 229
272 87 352 95
276 90 352 1369
277 91 352 849
277 92 352 61
278 93 352 538
281 94 352 1293
282 95 352 628
284 96 352 916
284 97 352 210
287 98 352 1185
288 99 352 773
291 100 352 1144
291 101 352 455
293 103 352 155
293 104 352 80
293 102 352 983
295 105 352 1139
297 106 352 1020
299 107 352 936
301 108 352 1055
304 109 352 1162
304 110 352 233
308 111 352 1442
310 112 352 889
312 113 352 890
316 114 352 1424
318 115 352 1056
318 116 352 45
324 117 352 1620
324 118 352 11
324 119 352 339
329 120 352 1542
334 121 352 1553
334 122 352 403
343 123 352 1802
348 124 352 1529
348 125 352 403
348 126 352 163
350 127 352 922
350 128 352 54
353 129 352 1311
353 130 352 148
355 131 352 954
355 132 352 457
357 133 352 1075
363 134 352 1624
369 135 352 1649
370 136 352 760
372 137 352 1064
372 138 352 304
374 139 352 941
375 140 352 854
378 141 352 1218
380 142 352 964
382 144 352 215
382 143 352 901
392 145 352 1851
404 146 352 1884
406 147 352 1096
408 148 352 1038
408 149 352 237
409 150 352 582
412 151 352 1220
412 152 352 199
413 153 352 845
416 154 352 1155
421 155 352 1515
421 156 352 51
423 157 352 1106
424 158 352 550
429 159 352 1601
431 160 352 975
431 161 352 98
433 162 352 881
439 163 352 1669
441 164 352 1014
444 165 352 1204
446 166 352 984
453 167 352 1739
456 168 352 1191
463 169 352 1699
463 170 352 295
465 171 352 906
468 172 352 1316
470 173 352 995
474 174 352 1410
474 175 352 324
475 176 352 589
479 177 352 1427
484 178 352 1587
489 179 352 1603
489 180 352 444
491 181 352 992
500 182 352 1808
507 183 352 1742
508 184 352 728
509 185 352 852
510 186 352 755
515 187 352 1536
525 188 352 1845
525 189 352 108
530 190 352 1598
535 191 352 1579
536 192 352 514
537 193 352 627
550 194 352 1890
551 195 352 756
551 196 352 336
554 197 352 1219
563 198 352 1811
565 199 352 936
566 201 352 145
566 200 352 866
576 202 352 1830
579 203 352 1264
590 204 352 1866
595 205 352 1601
605 206 352 1829
607 207 352 1128
611 208 352 1360
612 209 352 831
614 210 352 926
615 211 352 549
619 212 352 1444
621 213 352 871
624 214 352 1157
639 215 352 1908
639 216 352 215
641 217 352 1064
643 219 352 162
643 220 352 448
643 218 352 940
647 221 352 1372
656 222 352 1819
658 223 352 1082
658 224 352 101
659 225 352 640
659 226 352 392
660 227 352 689
662 228 352 1030
663 229 352 653
679 230 352 1912
682 231 352 1294
687 232 352 1540
688 233 352 650
689 234 352 736
689 235 352 299
691 236 352 1087
692 237 352 544
701 238 352 1801
703 239 352 1052
705 240 352 947
710 241 352 1552
710 242 352 175
712 243 352 1013
714 244 352 1107
716 245 352 1048
716 246 352 135
721 247 352 1567
725 248 352 1394
740 249 352 1907
741 250 352 541
744 251 352 1197
744 252 352 279
750 253 352 1649
750 254 352 487
754 255 352 1418
754 256 352 250
755 257 352 747
758 258 352 1162
761 259 352 1225
764 260 352 1209
766 261 352 1140
766 262 352 98
767 263 352 707
768 264 352 843
773 265 352 1556
775 266 352 933
776 268 352 135
776 267 352 793
777 269 352 858
778 270 352 820
783 271 352 1595
786 272 352 1188
795 273 352 1812
797 274 352 1139
798 275 352 821
801 276 352 1196
802 277 352 805
816 278 352 1899
818 279 352 977
819 280 352 505
820 281 352 749
823 282 352 1219
825 283 352 1048
825 284 352 112
826 285 352 715
828 286 352 1015
837 288 352 162
837 287 352 1816
840 289 352 1242
840 290 352 48
840 291 352 339
843 292 352 1306
844 293 352 575
852 294 352 1768
859 295 352 1732
863 296 352 1453
867 297 352 1393
867 298 352 170
871 299 352 1476
871 300 352 114
874 301 352 1267
878 302 352 1432
879 303 352 535
881 304 352 1086
883 305 352 870
883 306 352 8
