0 0 450 260
2 1 450 1113
4 2 450 870
4 3 450 292
5 4 450 610
7 5 450 996
14 6 450 1716
15 7 450 682
20 8 450 1550
23 9 450 1158
24 10 450 787
27 11 450 1234
28 12 450 720
28 13 450 375
33 14 450 1565
36 15 450 1240
36 16 450 269
42 17 450 1679
45 18 450 1145
50 19 450 1526
51 20 450 554
51 21 450 261
57 22 450 1678
60 23 450 1191
61 24 450 753
62 25 450 785
64 27 450 234
64 26 450 1018
73 28 450 1819
73 29 450 249
75 30 450 1073
75 31 450 303
75 32 450 263
77 35 450 286
77 33 450 956
77 34 450 491
87 36 450 1830
88 37 450 593
96 38 450 1783
96 39 450 150
103 40 450 1747
115 41 450 1873
115 42 450 448
115 43 450 111
115 44 450 252
118 45 450 1176
120 46 450 1104
123 47 450 1150
123 48 450 19
127 49 450 1414
131 50 450 1450
142 51 450 1856
148 52 450 1686
150 53 450 940
150 54 450 412
173 55 450 1923
177 56 450 1360
182 57 450 1603
186 58 450 1464
194 59 450 1750
208 60 450 1902
212 61 450 1481
213 62 450 787
216 63 450 1301
216 64 450 84
216 65 450 484
218 66 450 970
224 67 450 1688
233 68 450 1808
236 69 450 1279
239 70 450 1335
244 71 450 1601
253 72 450 1820
255 73 450 995
262 74 450 1704
263 75 450 605
270 76 450 1738
275 77 450 1566
277 78 450 939
282 79 450 1501
287 80 450 1605
295 81 450 1792
295 82 450 215
295 83 450 405
296 84 450 723
299 85 450 1142
300 86 450 542
303 87 450 1248
304 88 450 543
304 89 450 493
305 90 450 851
305 91 450 227
307 94 450 172
307 95 450 266
307 92 450 1053
307 93 450 32
309 96 450 1085
311 97 450 1072
311 98 450 26
318 99 450 1693
318 100 450 206
321 101 450 1341
324 102 450 1267
325 104 450 79
325 103 450 665
333 105 450 1774
333 106 450 35
334 107 450 690
337 108 450 1160
344 109 450 1732
344 110 450 185
351 111 450 1718
352 112 450 664
365 115 450 110
365 114 450 145
365 113 450 1887
368 116 450 1265
368 117 450 382
369 118 450 578
370 119 450 867
381 120 450 1867
387 121 450 1646
390 122 450 1144
393 124 450 427
393 123 450 1315
395 125 450 1108
396 126 450 547
404 127 450 1787
405 128 450 823
409 129 450 1437
413 130 450 1444
414 131 450 666
419 132 450 1540
422 133 450 1170
425 134 450 1295
425 135 450 264
426 136 450 524
430 137 450 1475
430 138 450 326
432 139 450 874
434 140 450 1106
442 141 450 1776
442 142 450 87
443 144 450 307
443 143 450 736
445 145 450 1058
449 146 450 1487
451 147 450 1091
460 148 450 1812
460 149 450 62
462 150 450 925
463 151 450 703
463 152 450 494
465 153 450 1083
473 154 450 1751
473 155 450 484
473 156 450 196
485 157 450 1877
485 158 450 237
487 159 450 896
490 160 450 1226
490 161 450 172
498 162 450 1792
504 163 450 1648
504 164 450 287
508 165 450 1444
508 166 450 177
512 167 450 1419
513 168 450 591
522 169 450 1805
527 170 450 1510
534 172 450 56
534 171 450 1714
540 173 450 1628
546 174 450 1685
546 175 450 91
551 176 450 1559
551 177 450 407
553 178 450 1007
556 179 450 1294
561 180 450 1545
565 181 450 1381
579 182 450 1899
580 183 450 760
581 184 450 511
582 185 450 741
582 186 450 172
582 187 450 456
585 188 450 1344
586 189 450 811
586 190 450 67
587 191 450 572
590 192 450 1237
594 193 450 1355
599 194 450 1573
601 195 450 934
616 196 450 1908
616 197 450 364
616 198 450 449
617 199 450 788
619 201 450 68
619 200 450 881
620 202 450 499
620 203 450 7
620 204 450 476
622 205 450 1135
623 206 450 646
624 207 450 790
627 208 450 1323
633 209 450 1660
634 210 450 849
641 211 450 1713
643 212 450 870
644 213 450 868
647 214 450 1275
655 215 450 1769
655 216 450 198
657 217 450 1031
659 218 450 1136
663 219 450 1471
666 220 450 1271
672 221 450 1645
672 222 450 74
679 223 450 1705
686 224 450 1738
688 225 450 937
688 226 450 477
689 227 450 626
689 228 450 55
690 230 450 107
690 229 450 751
693 231 450 1194
705 232 450 1883
705 233 450 218
705 234 450 413
709 235 450 1477
711 236 450 882
724 238 450 284
724 237 450 1892
727 239 450 1300
727 240 450 94
730 241 450 1306
732 242 450 1058
738 243 450 1609
751 245 450 278
751 244 450 1886
757 247 450 369
757 248 450 79
757 246 450 1627
764 249 450 1728
765 250 450 735
767 251 450 876
770 252 450 1153
772 253 450 903
776 254 450 1442
779 255 450 1160
798 256 450 1918
799 258 450 193
799 257 450 719
803 259 450 1463
804 260 450 658
804 261 450 20
805 262 450 734
806 263 450 572
811 264 450 1552
816 265 450 1580
824 266 450 1755
825 268 450 455
825 267 450 651
832 269 450 1722
834 270 450 887
834 271 450 230
835 272 450 747
843 273 450 1760
847 274 450 1376
860 275 450 1889
861 276 450 587
861 277 450 390
868 278 450 1743
872 279 450 1459
875 280 450 1235
875 281 450 107
876 282 450 546
876 283 450 252
876 284 450 15
879 286 450 41
879 285 450 1156
881 287 450 979
882 288 450 701
885 289 450 1177
889 290 450 1483
889 291 450 163
896 292 450 1699
897 293 450 745
898 295 450 73
898 294 450 641
899 296 450 572
899 297 450 485
899 298 450 57
899 299 450 306
899 300 450 447
901 301 450 975
911 303 450 282
911 302 450 1839
912 304 450 840
913 305 450 505
913 306 450 128
