1 0 89 768
3 1 89 972
6 2 89 1143
6 3 89 243
9 4 89 1245
13 5 89 1403
17 6 89 1479
17 7 89 233
21 8 89 1457
24 9 89 1228
26 10 89 971
27 11 89 796
32 12 89 1566
33 13 89 647
36 14 89 1252
38 15 89 1020
42 16 89 1432
46 17 89 1449
50 18 89 1347
51 19 89 692
51 20 89 195
56 21 89 1577
60 22 89 1484
61 23 89 743
62 24 89 838
64 25 89 1053
66 26 89 925
68 27 89 1004
71 28 89 1322
71 29 89 428
71 30 89 54
78 31 89 1694
86 32 89 1772
86 33 89 487
86 34 89 470
89 35 89 1314
91 36 89 1077
94 37 89 1233
100 38 89 1629
100 39 89 329
109 40 89 1815
111 41 89 1114
113 42 89 1090
113 43 89 4
113 44 89 31
120 45 89 1699
121 46 89 847
126 47 89 1587
128 48 89 901
130 49 89 920
134 50 89 1347
135 51 89 645
135 52 89 376
136 53 89 667
140 54 89 1366
142 55 89 1115
146 57 89 399
146 56 89 1413
149 58 89 1329
149 59 89 192
149 60 89 478
149 61 89 474
150 62 89 835
152 63 89 1028
155 64 89 1173
158 65 89 1201
160 66 89 949
162 67 89 1079
162 68 89 176
173 69 89 1863
184 70 89 1867
184 71 89 198
191 72 89 1745
193 73 89 1017
194 74 89 801
196 76 89 487
196 75 89 1006
200 77 89 1480
201 78 89 712
203 79 89 1064
203 80 89 205
206 81 89 1262
206 82 89 103
206 83 89 401
208 84 89 1006
211 85 89 1333
214 86 89 1317
216 87 89 1105
218 88 89 1046
221 89 89 1279
230 90 89 1826
231 91 89 677
240 92 89 1828
244 93 89 1437
252 94 89 1776
255 95 89 1340
255 96 89 278
255 97 89 61
256 98 89 755
257 99 89 754
258 100 89 749
265 101 89 1693
269 102 89 1411
271 103 89 962
273 104 89 978
276 105 89 1148
277 106 89 825
280 107 89 1283
288 108 89 1790
288 109 89 360
289 110 89 628
300 111 89 1858
306 112 89 1612
306 113 89 265
322 114 89 1911
324 115 89 1140
324 116 89 370
324 117 89 434
324 118 89 22
332 119 89 1765
341 120 89 1808
349 121 89 1769
349 122 89 33
350 124 89 37
350 123 89 821
353 125 89 1189
353 126 89 295
353 127 89 308
356 128 89 1166
360 129 89 1385
361 130 89 727
361 131 89 425
362 132 89 724
374 133 89 1882
374 134 89 314
374 135 89 437
382 136 89 1776
384 137 89 1065
388 138 89 1348
396 139 89 1783
397 141 89 34
397 140 89 508
400 142 89 1239
401 143 89 685
402 144 89 651
415 145 89 1892
417 146 89 990
422 147 89 1563
426 148 89 1450
427 149 89 635
429 150 89 970
437 151 89 1769
437 152 89 38
439 153 89 914
441 154 89 870
443 155 89 905
449 156 89 1660
450 157 89 589
452 158 89 925
459 159 89 1713
460 160 89 852
461 162 89 117
461 163 89 404
461 161 89 516
466 164 89 1557
466 165 89 203
468 166 89 1133
474 167 89 1654
486 168 89 1875
490 169 89 1474
493 170 89 1289
496 171 89 1230
498 173 89 164
498 172 89 1010
501 174 89 1257
509 175 89 1774
510 176 89 529
513 177 89 1272
513 178 89 170
513 179 89 69
513 180 89 198
514 181 89 657
515 182 89 783
516 183 89 530
516 184 89 415
518 185 89 882
518 186 89 386
525 187 89 1734
527 188 89 1012
530 189 89 1334
531 190 89 701
534 192 89 140
534 191 89 1186
539 193 89 1560
541 194 89 930
558 195 89 1916
568 196 89 1841
569 197 89 835
571 198 89 1052
571 199 89 447
572 200 89 759
575 201 89 1261
581 202 89 1612
595 203 89 1900
598 204 89 1271
604 205 89 1664
605 206 89 759
614 207 89 1799
619 208 89 1582
621 212 89 418
621 211 89 387
621 209 89 1020
621 210 89 376
622 213 89 855
627 214 89 1514
627 215 89 194
633 216 89 1658
638 217 89 1512
655 218 89 1913
656 219 89 675
663 220 89 1741
666 221 89 1323
667 222 89 642
668 223 89 540
669 224 89 772
669 225 89 102
671 226 89 1090
675 227 89 1375
678 228 89 1158
681 229 89 1266
692 230 89 1858
698 231 89 1618
698 232 89 219
704 233 89 1647
707 234 89 1235
708 235 89 862
710 236 89 969
711 237 89 807
714 238 89 1184
715 240 89 123
715 239 89 675
716 241 89 512
716 242 89 152
733 243 89 1916
735 244 89 958
735 245 89 313
736 246 89 768
739 248 89 45
739 247 89 1209
740 251 89 329
740 249 89 735
740 250 89 257
741 252 89 846
741 253 89 377
742 254 89 631
746 255 89 1360
747 256 89 618
749 257 89 1071
751 258 89 1127
754 259 89 1168
755 260 89 574
758 261 89 1308
759 262 89 640
759 263 89 316
761 264 89 1087
762 266 89 168
762 265 89 682
763 267 89 695
768 268 89 1545
769 269 89 651
772 270 89 1149
773 271 89 851
773 272 89 328
776 273 89 1238
777 274 89 551
780 275 89 1228
783 276 89 1171
784 277 89 651
789 278 89 1507
789 279 89 458
792 280 89 1259
801 281 89 1805
804 282 89 1330
804 283 89 422
806 284 89 1009
811 285 89 1528
812 286 89 772
820 287 89 1766
822 288 89 1016
831 289 89 1799
831 290 89 244
840 291 89 1823
845 292 89 1604
845 293 89 15
845 294 89 101
846 295 89 739
855 296 89 1796
863 297 89 1761
864 298 89 828
864 299 89 275
864 300 89 145
864 301 89 72
869 302 89 1588
872 303 89 1318
877 304 89 1510
880 305 89 1330
880 306 89 1
