3 0 1528 1228
5 1 1528 1022
7 2 1528 1086
13 3 1528 1649
20 4 1528 1721
20 5 1528 371
21 6 1528 775
21 7 1528 288
22 9 1528 297
22 8 1528 579
23 10 1528 814
28 11 1528 1579
29 12 1528 818
31 13 1528 1096
34 14 1528 1330
48 15 1528 1902
48 16 1528 66
50 17 1528 1014
51 18 1528 503
51 19 1528 2
51 20 1528 67
53 21 1528 1113
58 22 1528 1594
58 23 1528 11
68 24 1528 1829
68 25 1528 99
71 26 1528 1258
74 27 1528 1323
74 28 1528 181
79 29 1528 1602
81 30 1528 919
81 31 1528 438
81 32 1528 195
82 33 1528 730
83 35 1528 415
83 36 1528 215
83 34 1528 620
84 37 1528 728
87 38 1528 1189
91 39 1528 1439
92 40 1528 639
98 41 1528 1611
98 42 1528 359
99 43 1528 502
102 44 1528 1164
104 45 1528 966
113 46 1528 1811
113 47 1528 478
113 48 1528 204
122 49 1528 1824
126 50 1528 1457
127 51 1528 660
127 52 1528 333
129 53 1528 972
132 55 1528 114
132 54 1528 1207
136 56 1528 1353
138 57 1528 1074
145 58 1528 1745
151 59 1528 1622
153 60 1528 1037
157 61 1528 1377
157 62 1528 106
159 63 1528 902
162 64 1528 1302
162 65 1528 376
166 66 1528 1383
166 67 1528 88
166 68 1528 476
168 69 1528 915
174 70 1528 1686
177 71 1528 1262
184 72 1528 1750
186 73 1528 989
189 75 1528 381
189 74 1528 1288
190 76 1528 753
192 77 1528 1091
193 78 1528 772
194 79 1528 862
194 80 1528 212
195 81 1528 779
197 86 1528 104
197 85 1528 259
197 84 1528 144
197 83 1528 282
197 82 1528 1118
200 87 1528 1148
204 88 1528 1448
205 89 1528 505
207 90 1528 987
209 91 1528 1066
211 92 1528 907
215 94 1528 401
215 93 1528 1491
218 95 1528 1187
223 96 1528 1505
227 97 1528 1382
229 98 1528 1125
230 99 1528 787
235 100 1528 1508
242 101 1528 1722
242 102 1528 2
245 105 1528 195
245 103 1528 1214
245 104 1528 137
246 106 1528 835
249 107 1528 1269
255 108 1528 1608
256 109 1528 825
259 111 1528 261
259 110 1528 1285
259 112 1528 302
261 113 1528 882
265 114 1528 1409
265 115 1528 257
265 116 1528 258
272 117 1528 1748
273 118 1528 757
275 119 1528 1042
275 120 1528 271
275 121 1528 235
276 122 1528 565
289 123 1528 1895
299 124 1528 1853
300 125 1528 620
300 126 1528 354
300 127 1528 258
301 128 1528 587
301 129 1528 101
302 130 1528 801
305 131 1528 1296
318 132 1528 1891
334 133 1528 1909
337 134 1528 1279
337 135 1528 414
338 136 1528 777
347 137 1528 1829
347 138 1528 144
359 139 1528 1874
363 140 1528 1349
364 141 1528 760
368 142 1528 1464
369 143 1528 622
372 144 1528 1144
373 145 1528 725
374 146 1528 763
374 147 1528 25
374 148 1528 82
374 149 1528 144
376 150 1528 928
382 151 1528 1681
383 153 1528 82
383 152 1528 625
384 154 1528 516
387 155 1528 1272
390 156 1528 1157
390 157 1528 32
393 158 1528 1286
397 159 1528 1442
405 160 1528 1765
406 161 1528 576
407 162 1528 681
412 163 1528 1506
412 164 1528 24
429 165 1528 1914
429 166 1528 295
429 167 1528 317
434 168 1528 1527
436 169 1528 994
440 171 1528 354
440 170 1528 1405
445 172 1528 1603
446 173 1528 807
452 174 1528 1618
456 175 1528 1435
457 176 1528 695
468 177 1528 1867
469 178 1528 751
471 179 1528 1128
479 183 1528 443
479 182 1528 176
479 180 1528 1781
479 181 1528 329
481 184 1528 1097
483 185 1528 1044
484 186 1528 671
493 187 1528 1809
497 188 1528 1393
497 189 1528 6
500 190 1528 1182
501 191 1528 745
502 192 1528 542
503 193 1528 627
503 194 1528 109
504 195 1528 772
504 196 1528 79
516 197 1528 1883
517 198 1528 598
520 202 1528 422
520 201 1528 446
520 199 1528 1155
520 200 1528 429
522 203 1528 1012
523 204 1528 663
524 205 1528 574
524 206 1528 78
531 207 1528 1742
531 208 1528 388
533 209 1528 1005
534 210 1528 577
537 211 1528 1214
540 212 1528 1205
540 213 1528 158
545 214 1528 1586
549 215 1528 1435
549 216 1528 400
549 217 1528 237
549 218 1528 409
551 219 1528 904
554 220 1528 1242
554 221 1528 411
555 222 1528 849
560 223 1528 1520
567 224 1528 1737
568 225 1528 660
575 226 1528 1736
577 227 1528 976
578 228 1528 698
579 229 1528 845
583 230 1528 1356
584 231 1528 737
587 232 1528 1269
592 233 1528 1520
593 234 1528 698
596 235 1528 1335
606 236 1528 1831
608 237 1528 1088
615 238 1528 1705
616 239 1528 522
618 240 1528 966
619 241 1528 854
623 242 1528 1420
623 243 1528 388
627 244 1528 1354
640 245 1528 1892
644 246 1528 1464
644 247 1528 384
646 248 1528 965
647 249 1528 598
647 250 1528 371
655 251 1528 1766
659 252 1528 1474
665 253 1528 1618
675 254 1528 1837
675 255 1528 18
680 256 1528 1522
681 257 1528 826
684 258 1528 1200
684 259 1528 2
685 260 1528 763
687 261 1528 1026
689 262 1528 1044
693 263 1528 1467
698 264 1528 1573
706 265 1528 1765
717 266 1528 1870
723 267 1528 1610
727 268 1528 1384
727 269 1528 251
732 270 1528 1529
735 271 1528 1237
735 272 1528 457
744 273 1528 1811
755 274 1528 1862
755 275 1528 388
757 278 1528 166
757 276 1528 916
757 277 1528 460
765 279 1528 1769
767 280 1528 1121
771 284 1528 474
771 281 1528 1351
771 282 1528 10
771 283 1528 99
776 285 1528 1515
779 286 1528 1188
784 287 1528 1575
790 288 1528 1608
791 289 1528 680
798 290 1528 1738
800 291 1528 1004
809 292 1528 1813
816 293 1528 1702
822 294 1528 1684
833 295 1528 1864
840 296 1528 1734
852 297 1528 1877
853 298 1528 739
858 299 1528 1514
858 300 1528 22
866 301 1528 1778
868 302 1528 924
869 303 1528 714
871 304 1528 994
873 305 1528 1059
876 306 1528 1308
