7 0 1757 1748
10 1 1757 1299
15 2 1757 1502
17 3 1757 922
28 4 1757 1858
43 5 1757 1908
44 6 1757 667
44 7 1757 222
48 8 1757 1466
52 9 1757 1446
52 10 1757 219
52 11 1757 459
52 12 1757 392
57 13 1757 1536
57 14 1757 192
59 15 1757 1074
59 16 1757 191
60 18 1757 202
60 17 1757 817
62 19 1757 926
62 20 1757 385
65 21 1757 1340
65 22 1757 480
68 23 1757 1219
80 24 1757 1884
80 25 1757 347
82 26 1757 1138
83 27 1757 607
84 28 1757 780
84 29 1757 432
86 30 1757 884
99 31 1757 1891
115 32 1757 1913
119 33 1757 1412
120 34 1757 783
126 35 1757 1631
126 36 1757 203
132 37 1757 1620
133 38 1757 635
134 39 1757 517
136 40 1757 972
137 41 1757 722
142 42 1757 1545
144 43 1757 920
146 44 1757 934
146 45 1757 344
156 48 1757 235
156 47 1757 162
156 46 1757 1846
162 49 1757 1611
166 50 1757 1461
172 51 1757 1666
174 52 1757 965
177 53 1757 1152
178 54 1757 716
178 55 1757 408
179 57 1757 282
179 56 1757 818
181 58 1757 963
186 59 1757 1511
187 60 1757 770
187 61 1757 60
191 62 1757 1366
193 63 1757 1034
194 65 1757 252
194 66 1757 471
194 64 1757 562
196 67 1757 905
197 68 1757 752
197 69 1757 485
199 70 1757 871
199 71 1757 495
199 72 1757 181
205 73 1757 1610
217 74 1757 1878
222 75 1757 1587
229 76 1757 1719
233 77 1757 1484
233 78 1757 284
238 79 1757 1540
238 80 1757 425
240 81 1757 975
240 82 1757 371
242 83 1757 1094
244 84 1757 895
247 85 1757 1142
249 86 1757 926
250 87 1757 760
251 88 1757 695
251 89 1757 374
252 90 1757 813
262 91 1757 1845
263 92 1757 657
265 93 1757 1049
271 94 1757 1672
273 95 1757 912
276 96 1757 1281
277 97 1757 510
277 98 1757 358
278 99 1757 682
287 100 1757 1797
289 101 1757 940
292 102 1757 1335
298 103 1757 1675
299 104 1757 740
301 105 1757 966
305 106 1757 1484
308 107 1757 1280
311 108 1757 1199
313 109 1757 1054
314 110 1757 614
317 111 1757 1259
340 112 1757 1923
344 113 1757 1347
346 114 1757 1085
353 115 1757 1720
359 116 1757 1614
359 117 1757 272
359 118 1757 139
362 119 1757 1344
365 120 1757 1250
371 122 1757 210
371 123 1757 378
371 121 1757 1636
376 124 1757 1597
378 125 1757 951
386 126 1757 1763
388 127 1757 1057
399 128 1757 1862
401 129 1757 966
401 130 1757 306
404 131 1757 1208
406 132 1757 1126
411 133 1757 1527
417 134 1757 1667
421 135 1757 1409
426 136 1757 1565
427 137 1757 621
427 138 1757 354
438 139 1757 1854
443 140 1757 1582
448 141 1757 1571
452 142 1757 1486
457 143 1757 1566
463 144 1757 1685
467 145 1757 1478
477 146 1757 1847
480 147 1757 1234
493 148 1757 1888
505 149 1757 1877
508 150 1757 1222
510 151 1757 1008
510 152 1757 371
512 153 1757 938
516 154 1757 1357
516 155 1757 161
517 156 1757 730
519 157 1757 956
519 158 1757 77
526 159 1757 1713
528 160 1757 1127
528 161 1757 427
531 163 1757 232
531 162 1757 1342
532 164 1757 747
535 165 1757 1330
535 166 1757 133
535 167 1757 396
540 168 1757 1605
545 169 1757 1600
545 170 1757 154
547 171 1757 992
557 173 1757 210
557 172 1757 1842
563 174 1757 1686
568 175 1757 1603
568 176 1757 149
569 177 1757 569
570 178 1757 617
570 179 1757 118
572 180 1757 1028
573 181 1757 528
575 182 1757 1094
591 183 1757 1910
597 184 1757 1668
600 185 1757 1222
601 186 1757 837
601 187 1757 187
601 188 1757 170
606 189 1757 1505
607 190 1757 679
608 191 1757 608
609 192 1757 543
610 193 1757 565
611 194 1757 726
614 195 1757 1155
614 196 1757 229
617 197 1757 1253
618 198 1757 818
618 199 1757 355
622 200 1757 1345
626 201 1757 1451
631 202 1757 1554
631 203 1757 287
638 204 1757 1722
638 205 1757 229
640 206 1757 1091
640 207 1757 161
643 208 1757 1176
649 212 1757 339
649 211 1757 161
649 210 1757 12
649 209 1757 1678
661 213 1757 1884
662 214 1757 684
663 215 1757 599
666 216 1757 1258
670 217 1757 1356
670 218 1757 488
674 220 1757 493
674 219 1757 1449
685 221 1757 1870
685 222 1757 225
685 223 1757 99
687 224 1757 921
691 225 1757 1471
691 226 1757 449
694 227 1757 1277
698 228 1757 1409
699 229 1757 531
703 230 1757 1374
704 231 1757 820
710 232 1757 1675
710 233 1757 262
711 234 1757 697
716 235 1757 1502
718 236 1757 899
719 237 1757 806
719 238 1757 188
723 240 1757 131
723 239 1757 1438
724 241 1757 676
726 242 1757 935
726 243 1757 416
730 244 1757 1493
731 245 1757 518
731 246 1757 268
732 247 1757 584
741 249 1757 127
741 248 1757 1805
750 250 1757 1822
751 251 1757 797
752 252 1757 764
755 253 1757 1293
763 254 1757 1786
767 255 1757 1399
770 256 1757 1225
774 257 1757 1454
777 258 1757 1291
777 259 1757 250
784 260 1757 1705
791 261 1757 1738
792 262 1757 676
793 263 1757 645
793 264 1757 303
795 266 1757 410
795 265 1757 1116
795 267 1757 77
798 268 1757 1186
800 269 1757 1107
806 270 1757 1624
806 271 1757 451
809 272 1757 1168
811 273 1757 975
814 274 1757 1318
821 275 1757 1742
823 276 1757 935
830 277 1757 1734
831 278 1757 530
831 279 1757 402
834 280 1757 1202
842 281 1757 1790
846 282 1757 1397
849 283 1757 1281
850 284 1757 634
851 288 1757 400
851 287 1757 382
851 285 1757 576
851 286 1757 56
854 289 1757 1222
854 290 1757 277
858 291 1757 1370
862 292 1757 1439
873 293 1757 1862
879 295 1757 318
879 294 1757 1658
905 301 1757 191
905 300 1757 107
905 299 1757 377
905 296 1757 1924
905 297 1757 290
905 298 1757 113
908 302 1757 1322
909 303 1757 698
909 304 1757 427
913 305 1757 1370
918 306 1757 1554
