6 0 1161 1613
6 1 1161 226
6 2 1161 294
6 3 1161 229
9 4 1161 1199
15 5 1161 1669
25 6 1161 1831
31 7 1161 1623
37 9 1161 133
37 8 1161 1635
45 10 1161 1757
48 11 1161 1342
53 12 1161 1504
53 13 1161 480
60 14 1161 1710
61 15 1161 509
61 16 1161 108
62 17 1161 749
71 18 1161 1829
72 19 1161 589
72 20 1161 58
79 21 1161 1738
80 22 1161 515
85 23 1161 1560
85 24 1161 240
111 25 1161 1924
111 26 1161 84
118 27 1161 1730
132 28 1161 1902
136 29 1161 1459
144 30 1161 1775
145 31 1161 508
158 32 1161 1886
168 33 1161 1849
172 34 1161 1354
177 35 1161 1597
182 36 1161 1524
182 37 1161 484
183 38 1161 601
185 39 1161 1021
185 40 1161 161
185 41 1161 342
204 42 1161 1919
204 43 1161 355
204 44 1161 428
213 46 1161 381
213 47 1161 478
213 45 1161 1802
214 48 1161 685
215 49 1161 692
216 50 1161 552
221 51 1161 1498
221 52 1161 77
221 53 1161 497
222 54 1161 838
231 55 1161 1800
237 56 1161 1635
238 57 1161 658
255 58 1161 1914
258 59 1161 1199
263 60 1161 1584
263 61 1161 101
269 62 1161 1646
269 63 1161 176
269 64 1161 283
272 65 1161 1248
276 66 1161 1381
281 67 1161 1579
283 68 1161 1051
283 69 1161 112
285 70 1161 909
290 71 1161 1549
290 72 1161 147
291 73 1161 807
291 74 1161 427
297 75 1161 1640
304 77 1161 160
304 76 1161 1743
306 78 1161 1132
306 79 1161 362
311 80 1161 1543
316 81 1161 1531
318 82 1161 1044
321 83 1161 1209
323 84 1161 906
323 85 1161 276
323 86 1161 431
327 87 1161 1389
329 88 1161 1011
333 89 1161 1479
346 90 1161 1887
347 91 1161 866
347 92 1161 495
350 93 1161 1326
354 95 1161 60
354 94 1161 1361
355 96 1161 621
362 97 1161 1743
362 98 1161 72
364 99 1161 1104
364 100 1161 421
365 101 1161 726
369 102 1161 1351
370 103 1161 573
377 104 1161 1708
379 105 1161 928
383 106 1161 1350
386 107 1161 1194
386 108 1161 69
388 109 1161 1122
388 110 1161 56
392 111 1161 1475
396 112 1161 1450
401 113 1161 1551
406 115 1161 52
406 114 1161 1581
408 116 1161 981
408 117 1161 436
411 118 1161 1194
411 119 1161 7
412 120 1161 816
430 121 1161 1916
431 122 1161 568
436 125 1161 43
436 124 1161 150
436 123 1161 1497
438 126 1161 1053
439 127 1161 746
443 128 1161 1370
443 129 1161 366
445 130 1161 1018
445 131 1161 0
445 132 1161 87
445 133 1161 28
456 134 1161 1866
457 135 1161 816
457 136 1161 179
457 137 1161 471
461 138 1161 1426
475 139 1161 1903
476 140 1161 850
479 141 1161 1162
482 142 1161 1320
491 143 1161 1813
495 144 1161 1422
495 145 1161 411
498 146 1161 1340
499 147 1161 868
505 148 1161 1669
508 149 1161 1308
510 150 1161 1004
510 151 1161 185
511 156 1161 158
511 155 1161 430
511 153 1161 65
511 154 1161 287
511 152 1161 548
519 157 1161 1779
519 158 1161 422
525 159 1161 1664
534 160 1161 1799
535 161 1161 604
542 162 1161 1748
548 165 1161 56
548 163 1161 1627
548 164 1161 104
552 166 1161 1387
556 167 1161 1422
562 168 1161 1610
563 169 1161 765
572 170 1161 1798
573 171 1161 509
575 172 1161 934
578 173 1161 1216
580 174 1161 1081
585 175 1161 1579
586 176 1161 596
587 177 1161 679
587 178 1161 74
593 179 1161 1663
594 181 1161 185
594 180 1161 627
596 182 1161 1001
596 183 1161 61
599 184 1161 1287
600 185 1161 833
604 186 1161 1377
604 187 1161 22
610 188 1161 1666
614 189 1161 1436
615 191 1161 325
615 192 1161 49
615 190 1161 658
621 193 1161 1686
621 194 1161 103
621 195 1161 246
624 196 1161 1338
630 197 1161 1617
637 198 1161 1709
641 199 1161 1366
643 200 1161 949
653 201 1161 1843
656 202 1161 1182
658 203 1161 904
662 204 1161 1435
662 205 1161 495
665 206 1161 1176
668 207 1161 1256
670 208 1161 909
671 209 1161 632
679 210 1161 1758
683 211 1161 1404
690 212 1161 1704
691 213 1161 683
693 214 1161 1037
699 215 1161 1614
704 216 1161 1528
710 217 1161 1686
710 218 1161 340
713 219 1161 1195
714 220 1161 603
718 221 1161 1365
724 222 1161 1680
724 223 1161 174
724 224 1161 106
728 225 1161 1473
728 226 1161 459
731 227 1161 1172
733 228 1161 1113
734 230 1161 240
734 229 1161 835
736 231 1161 904
738 232 1161 894
739 233 1161 633
740 234 1161 714
741 235 1161 708
743 236 1161 927
743 237 1161 96
744 238 1161 551
745 239 1161 792
750 240 1161 1582
750 241 1161 121
752 242 1161 1038
754 243 1161 1033
759 244 1161 1602
762 245 1161 1178
763 246 1161 545
766 247 1161 1291
767 249 1161 413
767 248 1161 649
768 250 1161 642
773 251 1161 1577
776 252 1161 1276
777 253 1161 513
778 254 1161 762
783 255 1161 1509
783 256 1161 163
785 257 1161 1008
786 258 1161 797
799 259 1161 1887
799 260 1161 35
799 261 1161 3
799 262 1161 142
799 263 1161 73
799 264 1161 392
800 265 1161 854
801 266 1161 509
803 267 1161 1070
816 268 1161 1894
816 269 1161 329
817 270 1161 687
821 271 1161 1431
823 272 1161 1135
827 273 1161 1472
832 274 1161 1538
832 275 1161 482
832 276 1161 327
833 278 1161 497
833 277 1161 647
834 279 1161 852
836 280 1161 927
838 281 1161 1093
839 282 1161 523
840 283 1161 699
840 284 1161 192
841 285 1161 588
846 287 1161 380
846 286 1161 1552
855 288 1161 1796
857 289 1161 1130
858 290 1161 545
868 291 1161 1844
871 292 1161 1223
872 293 1161 588
873 294 1161 757
878 295 1161 1578
892 296 1161 1903
894 297 1161 964
895 298 1161 641
896 299 1161 747
897 300 1161 669
901 301 1161 1399
904 302 1161 1322
904 303 1161 319
910 304 1161 1651
912 305 1161 1136
912 306 1161 442
