2 0 264 923
2 1 264 217
6 2 264 1398
12 3 264 1671
20 4 264 1791
34 5 264 1897
34 6 264 246
36 8 264 312
36 7 264 1089
38 9 264 976
43 10 264 1559
44 11 264 759
46 12 264 912
46 13 264 384
47 14 264 644
54 15 264 1705
56 16 264 1088
58 17 264 1102
65 18 264 1706
67 19 264 1119
70 20 264 1235
72 21 264 872
74 22 264 1122
75 23 264 711
76 24 264 802
77 25 264 717
82 26 264 1557
82 27 264 234
85 30 264 263
85 28 264 1236
85 29 264 56
88 31 264 1254
90 32 264 985
91 33 264 611
91 34 264 257
108 35 264 1916
109 36 264 507
119 37 264 1850
127 38 264 1768
131 39 264 1364
134 40 264 1194
135 41 264 843
137 42 264 1040
139 43 264 937
144 44 264 1531
152 45 264 1774
153 46 264 586
156 47 264 1180
157 48 264 528
160 49 264 1203
166 50 264 1687
166 51 264 343
173 52 264 1745
176 53 264 1226
176 54 264 74
176 55 264 50
178 56 264 1020
179 57 264 687
180 58 264 868
182 59 264 1073
182 60 264 340
182 61 264 11
190 62 264 1778
190 63 264 255
191 64 264 713
191 65 264 305
198 68 264 126
198 67 264 300
198 66 264 1698
199 69 264 653
202 70 264 1198
205 71 264 1162
208 72 264 1258
208 73 264 341
218 74 264 1849
218 75 264 392
226 77 264 184
226 76 264 1756
228 78 264 1104
230 79 264 953
230 80 264 131
230 81 264 376
236 82 264 1631
236 83 264 33
236 84 264 294
246 85 264 1844
250 86 264 1433
256 87 264 1684
257 88 264 537
257 89 264 206
259 90 264 895
266 91 264 1745
268 92 264 982
269 93 264 694
271 94 264 1023
274 95 264 1182
276 96 264 990
277 97 264 785
277 98 264 224
280 99 264 1225
280 100 264 75
280 101 264 285
282 102 264 1054
291 103 264 1799
291 104 264 5
292 105 264 524
294 106 264 1009
298 107 264 1403
301 108 264 1301
307 109 264 1607
307 110 264 218
308 111 264 836
313 112 264 1507
323 113 264 1840
325 114 264 942
338 116 264 305
338 115 264 1889
345 117 264 1744
358 118 264 1886
359 119 264 793
360 120 264 797
360 121 264 14
366 122 264 1688
376 123 264 1845
382 124 264 1683
386 126 264 180
386 125 264 1377
387 127 264 564
390 128 264 1243
391 129 264 667
394 130 264 1327
396 131 264 971
408 132 264 1884
417 133 264 1803
419 134 264 877
427 135 264 1770
430 136 264 1246
438 137 264 1757
438 138 264 27
445 139 264 1694
446 140 264 835
446 141 264 30
446 142 264 382
447 143 264 855
463 146 264 238
463 144 264 1912
463 145 264 59
465 147 264 1067
471 148 264 1677
473 149 264 1059
475 150 264 877
478 151 264 1170
479 152 264 823
483 155 264 60
483 153 264 1356
483 154 264 428
484 156 264 522
486 157 264 1134
486 158 264 116
487 159 264 553
487 160 264 344
487 161 264 445
487 162 264 160
488 164 264 280
488 163 264 634
491 165 264 1172
493 166 264 877
499 167 264 1628
501 168 264 962
503 169 264 1096
504 170 264 642
504 171 264 472
511 173 264 191
511 172 264 1717
523 174 264 1882
524 175 264 766
529 176 264 1557
530 177 264 832
541 178 264 1857
547 179 264 1624
549 180 264 1138
551 181 264 1037
552 183 264 183
552 182 264 811
559 184 264 1715
559 185 264 156
559 186 264 147
560 187 264 527
564 188 264 1374
565 189 264 817
568 190 264 1247
568 191 264 112
574 192 264 1641
578 193 264 1399
582 194 264 1350
582 195 264 390
591 196 264 1795
597 197 264 1672
598 198 264 575
599 199 264 740
601 200 264 1106
602 202 264 105
602 201 264 534
603 203 264 581
603 204 264 416
603 205 264 404
607 206 264 1378
608 207 264 632
612 208 264 1398
617 209 264 1587
617 210 264 428
623 211 264 1615
626 212 264 1201
626 213 264 416
629 214 264 1339
632 215 264 1231
637 216 264 1559
651 217 264 1901
652 218 264 844
652 219 264 123
654 223 264 145
654 222 264 254
654 220 264 1024
654 221 264 349
662 224 264 1773
663 225 264 530
664 226 264 756
664 227 264 318
665 228 264 766
669 229 264 1492
671 230 264 895
680 231 264 1809
680 232 264 257
682 233 264 1117
683 234 264 517
684 235 264 604
686 236 264 932
686 237 264 230
693 238 264 1691
696 239 264 1310
697 240 264 703
701 241 264 1440
703 242 264 1053
710 243 264 1712
710 244 264 388
715 245 264 1557
716 246 264 835
719 249 264 119
719 248 264 59
719 247 264 1224
720 250 264 755
729 251 264 1819
730 252 264 828
730 253 264 452
736 254 264 1640
737 255 264 757
737 256 264 280
749 257 264 1885
750 258 264 732
759 259 264 1811
764 260 264 1572
766 261 264 1059
774 262 264 1790
784 263 264 1831
785 264 264 691
786 265 264 543
790 267 264 84
790 266 264 1358
799 268 264 1824
800 269 264 734
800 270 264 298
803 271 264 1329
803 272 264 209
807 273 264 1458
810 274 264 1344
815 275 264 1508
818 276 264 1220
818 277 264 466
824 278 264 1681
824 279 264 215
830 280 264 1619
834 281 264 1457
834 282 264 258
835 283 264 646
836 284 264 736
838 285 264 1001
840 286 264 981
847 287 264 1729
851 288 264 1401
857 289 264 1684
857 290 264 324
859 291 264 972
863 292 264 1422
872 293 264 1805
878 294 264 1662
883 295 264 1568
888 296 264 1575
891 297 264 1147
893 298 264 1020
901 299 264 1769
901 300 264 199
902 301 264 750
905 302 264 1324
908 303 264 1250
915 304 264 1745
919 305 264 1351
925 306 264 1610
