0 0 1029 490
9 1 1029 1802
14 2 1029 1570
17 3 1029 1153
21 4 1029 1360
26 5 1029 1539
27 6 1029 734
31 7 1029 1431
35 8 1029 1392
37 9 1029 1018
41 10 1029 1368
42 11 1029 844
44 12 1029 1011
53 13 1029 1825
53 14 1029 301
53 15 1029 347
60 16 1029 1737
61 18 1029 117
61 17 1029 598
67 19 1029 1635
70 20 1029 1200
74 21 1029 1450
82 22 1029 1751
84 23 1029 968
86 24 1029 1114
88 25 1029 947
89 26 1029 724
93 27 1029 1488
96 28 1029 1320
98 29 1029 987
99 30 1029 661
99 31 1029 254
99 32 1029 405
108 33 1029 1807
113 34 1029 1545
114 35 1029 664
116 36 1029 1135
118 37 1029 931
120 38 1029 934
122 39 1029 958
124 40 1029 985
134 41 1029 1838
135 42 1029 754
139 43 1029 1431
147 44 1029 1790
149 45 1029 883
149 46 1029 191
149 47 1029 226
151 48 1029 1096
154 49 1029 1269
156 50 1029 975
160 51 1029 1489
160 52 1029 216
161 53 1029 744
161 54 1029 147
163 55 1029 965
163 56 1029 51
164 59 1029 412
164 57 1029 602
164 58 1029 39
165 60 1029 815
168 61 1029 1170
168 62 1029 111
168 63 1029 405
168 64 1029 357
170 65 1029 1114
170 66 1029 439
172 67 1029 1129
172 68 1029 280
177 69 1029 1562
179 70 1029 1137
180 71 1029 806
185 72 1029 1589
187 73 1029 1083
188 74 1029 649
191 75 1029 1286
192 77 1029 319
192 76 1029 695
194 78 1029 1102
194 79 1029 231
195 80 1029 756
195 81 1029 497
195 82 1029 391
195 83 1029 50
195 84 1029 12
197 86 1029 38
197 85 1029 1096
202 87 1029 1585
208 88 1029 1660
209 89 1029 579
210 90 1029 612
211 91 1029 532
213 92 1029 892
214 93 1029 521
214 94 1029 142
221 95 1029 1739
228 96 1029 1727
228 97 1029 349
230 98 1029 1074
231 99 1029 675
231 100 1029 443
233 101 1029 986
244 102 1029 1871
248 105 1029 168
248 104 1029 132
248 103 1029 1459
257 106 1029 1824
259 107 1029 1057
259 108 1029 95
260 109 1029 785
260 110 1029 269
266 111 1029 1656
270 112 1029 1424
277 113 1029 1733
282 115 1029 318
282 114 1029 1581
283 116 1029 779
283 117 1029 60
283 118 1029 393
286 119 1029 1185
288 120 1029 1075
289 121 1029 779
293 122 1029 1393
299 123 1029 1625
301 124 1029 950
302 125 1029 604
312 126 1029 1839
314 127 1029 1067
316 128 1029 941
317 129 1029 834
321 130 1029 1484
321 131 1029 345
324 133 1029 426
324 132 1029 1170
331 134 1029 1712
338 135 1029 1694
339 136 1029 551
340 137 1029 857
350 138 1029 1843
358 139 1029 1768
361 140 1029 1197
363 141 1029 906
367 142 1029 1489
369 143 1029 875
369 144 1029 310
371 145 1029 881
373 146 1029 1033
375 147 1029 1084
376 148 1029 864
383 149 1029 1749
385 150 1029 960
391 151 1029 1666
403 152 1029 1881
412 153 1029 1813
417 154 1029 1525
422 155 1029 1589
427 156 1029 1518
427 157 1029 245
428 158 1029 509
432 159 1029 1452
432 160 1029 254
433 162 1029 116
433 161 1029 757
436 163 1029 1185
439 164 1029 1225
449 165 1029 1849
449 166 1029 486
451 167 1029 997
451 168 1029 20
460 169 1029 1811
467 170 1029 1691
477 172 1029 142
477 171 1029 1846
478 173 1029 549
495 174 1029 1913
495 175 1029 169
498 176 1029 1214
499 177 1029 518
502 178 1029 1315
502 179 1029 69
507 180 1029 1496
508 182 1029 202
508 181 1029 755
510 183 1029 1116
519 184 1029 1798
526 185 1029 1743
526 186 1029 389
529 187 1029 1281
530 193 1029 390
530 192 1029 348
530 191 1029 305
530 190 1029 176
530 189 1029 122
530 188 1029 826
535 194 1029 1514
535 195 1029 440
536 196 1029 789
536 197 1029 303
541 201 1029 35
541 200 1029 394
541 198 1029 1574
541 199 1029 386
543 202 1029 1063
545 203 1029 977
545 204 1029 57
547 205 1029 1039
552 206 1029 1524
555 207 1029 1331
564 208 1029 1825
568 210 1029 375
568 209 1029 1355
570 211 1029 999
571 212 1029 855
571 213 1029 440
583 214 1029 1881
587 215 1029 1424
588 216 1029 554
590 217 1029 924
593 218 1029 1312
597 219 1029 1407
601 220 1029 1459
603 221 1029 1129
603 222 1029 171
612 223 1029 1823
618 224 1029 1635
622 225 1029 1386
627 226 1029 1497
633 227 1029 1676
635 228 1029 960
639 229 1029 1473
642 230 1029 1304
644 231 1029 910
646 232 1029 868
648 233 1029 929
653 234 1029 1599
657 235 1029 1461
663 236 1029 1617
666 237 1029 1149
668 238 1029 1058
669 240 1029 218
669 239 1029 759
671 241 1029 982
675 242 1029 1381
679 243 1029 1396
685 244 1029 1672
687 245 1029 1101
691 246 1029 1375
701 248 1029 434
701 249 1029 90
701 247 1029 1833
710 250 1029 1810
718 251 1029 1790
720 252 1029 916
720 253 1029 167
721 254 1029 851
724 255 1029 1190
732 256 1029 1789
735 257 1029 1165
738 258 1029 1267
739 259 1029 596
743 260 1029 1466
751 261 1029 1773
751 262 1029 371
751 263 1029 351
751 264 1029 50
755 265 1029 1389
755 266 1029 131
765 267 1029 1851
766 269 1029 420
766 268 1029 765
773 270 1029 1732
776 271 1029 1329
784 272 1029 1790
785 273 1029 552
788 274 1029 1188
788 275 1029 477
794 276 1029 1672
795 278 1029 151
795 277 1029 699
796 279 1029 534
796 280 1029 10
801 281 1029 1589
804 282 1029 1241
806 283 1029 870
811 284 1029 1587
815 285 1029 1439
834 286 1029 1918
835 289 1029 408
835 288 1029 77
835 287 1029 700
840 290 1029 1596
840 291 1029 452
849 292 1029 1807
849 293 1029 462
852 294 1029 1218
852 295 1029 370
853 296 1029 611
855 297 1029 1029
859 298 1029 1345
859 299 1029 282
861 300 1029 970
865 301 1029 1449
867 302 1029 1067
867 303 1029 14
867 304 1029 282
867 305 1029 481
894 306 1029 1924
