2 0 1918 1101
4 1 1918 892
4 2 1918 480
8 3 1918 1426
8 4 1918 318
9 5 1918 606
10 6 1918 532
13 7 1918 1271
14 9 1918 310
14 8 1918 565
17 10 1918 1196
19 11 1918 921
19 12 1918 230
29 13 1918 1852
31 14 1918 992
52 15 1918 1922
52 16 1918 144
53 20 1918 283
53 19 1918 307
53 18 1918 348
53 17 1918 621
55 21 1918 923
56 22 1918 807
64 23 1918 1779
66 24 1918 974
68 25 1918 988
70 26 1918 1130
70 27 1918 79
73 28 1918 1277
74 29 1918 532
74 30 1918 282
81 31 1918 1706
82 32 1918 683
87 33 1918 1578
87 34 1918 379
90 35 1918 1241
90 36 1918 22
98 38 1918 442
98 37 1918 1791
104 39 1918 1615
108 40 1918 1452
110 41 1918 881
111 42 1918 735
112 43 1918 778
114 44 1918 1072
117 45 1918 1338
125 46 1918 1774
125 47 1918 7
129 48 1918 1376
132 49 1918 1317
136 50 1918 1379
140 51 1918 1374
140 52 1918 269
144 53 1918 1464
144 54 1918 115
144 55 1918 178
144 56 1918 84
145 58 1918 452
145 57 1918 625
148 59 1918 1254
152 60 1918 1401
152 61 1918 453
171 62 1918 1918
171 63 1918 32
171 64 1918 27
175 65 1918 1415
175 66 1918 237
176 67 1918 577
180 68 1918 1473
186 69 1918 1676
200 70 1918 1899
200 71 1918 277
200 72 1918 179
201 73 1918 658
202 74 1918 779
205 77 1918 28
205 76 1918 187
205 75 1918 1327
206 78 1918 706
211 79 1918 1560
213 80 1918 1138
215 81 1918 1122
216 82 1918 627
228 83 1918 1884
230 84 1918 1077
231 85 1918 833
235 86 1918 1436
238 87 1918 1143
242 88 1918 1462
242 89 1918 200
245 90 1918 1157
248 91 1918 1321
251 92 1918 1339
253 93 1918 1112
253 94 1918 213
255 95 1918 999
257 96 1918 887
258 97 1918 703
259 98 1918 751
264 99 1918 1581
266 100 1918 1101
269 101 1918 1197
269 102 1918 458
275 103 1918 1625
278 104 1918 1343
280 105 1918 1102
283 106 1918 1194
288 107 1918 1536
289 108 1918 684
290 109 1918 713
307 110 1918 1916
307 111 1918 55
317 112 1918 1844
318 115 1918 278
318 114 1918 116
318 113 1918 816
326 116 1918 1750
326 117 1918 33
328 118 1918 880
330 119 1918 1118
345 120 1918 1904
347 121 1918 1018
349 122 1918 1039
352 123 1918 1273
353 124 1918 519
354 125 1918 577
355 126 1918 862
357 127 1918 991
357 128 1918 444
364 129 1918 1705
364 130 1918 440
368 131 1918 1409
371 132 1918 1202
373 134 1918 459
373 133 1918 1049
384 135 1918 1865
385 136 1918 664
387 137 1918 927
388 138 1918 541
402 139 1918 1900
407 140 1918 1563
416 141 1918 1824
416 142 1918 459
417 144 1918 209
417 143 1918 749
419 145 1918 1101
423 146 1918 1402
424 147 1918 523
426 148 1918 996
437 149 1918 1860
440 150 1918 1174
441 151 1918 853
448 152 1918 1747
453 153 1918 1557
458 154 1918 1602
458 155 1918 82
458 156 1918 158
460 157 1918 1110
462 158 1918 1106
463 159 1918 765
463 160 1918 240
463 161 1918 203
465 162 1918 1091
467 163 1918 904
467 164 1918 273
468 165 1918 506
469 166 1918 778
470 167 1918 794
470 168 1918 357
470 169 1918 175
475 170 1918 1539
476 171 1918 823
480 172 1918 1417
482 173 1918 904
486 174 1918 1480
486 175 1918 80
487 176 1918 559
487 177 1918 290
489 178 1918 1063
492 179 1918 1343
494 181 1918 338
494 180 1918 1099
514 182 1918 1920
515 183 1918 509
516 184 1918 531
521 185 1918 1511
526 186 1918 1586
531 187 1918 1570
535 189 1918 376
535 188 1918 1372
542 190 1918 1707
546 191 1918 1478
553 192 1918 1745
560 193 1918 1700
566 194 1918 1660
570 195 1918 1360
571 196 1918 732
575 197 1918 1479
575 198 1918 475
581 200 1918 322
581 199 1918 1627
582 201 1918 608
582 202 1918 166
583 203 1918 820
583 204 1918 320
583 205 1918 350
587 206 1918 1361
588 208 1918 76
588 207 1918 843
593 209 1918 1522
597 210 1918 1447
605 211 1918 1793
605 212 1918 46
611 213 1918 1688
616 214 1918 1591
625 215 1918 1826
625 216 1918 207
626 217 1918 582
626 218 1918 372
627 219 1918 686
628 220 1918 845
630 221 1918 1132
634 222 1918 1347
649 223 1918 1905
649 224 1918 393
649 225 1918 60
651 226 1918 1002
657 227 1918 1641
660 228 1918 1169
660 229 1918 119
663 230 1918 1272
665 231 1918 1004
672 232 1918 1739
676 233 1918 1360
678 234 1918 1020
678 235 1918 491
678 236 1918 172
680 240 1918 150
680 239 1918 180
680 237 1918 1100
680 238 1918 188
681 241 1918 743
685 242 1918 1493
693 243 1918 1775
694 244 1918 854
704 245 1918 1839
708 247 1918 56
708 246 1918 1431
708 248 1918 109
716 249 1918 1759
719 250 1918 1152
719 251 1918 150
721 252 1918 1106
728 253 1918 1714
729 254 1918 782
731 255 1918 1115
734 259 1918 260
734 258 1918 427
734 256 1918 1185
734 257 1918 185
737 260 1918 1272
743 261 1918 1644
748 262 1918 1598
760 266 1918 53
760 263 1918 1882
760 264 1918 249
760 265 1918 442
761 267 1918 611
762 268 1918 668
764 269 1918 1099
770 270 1918 1653
772 271 1918 1032
772 272 1918 394
772 273 1918 192
773 274 1918 536
773 275 1918 102
778 276 1918 1564
783 277 1918 1497
785 278 1918 1051
785 279 1918 478
786 280 1918 554
788 281 1918 946
793 282 1918 1532
796 283 1918 1335
798 284 1918 891
800 285 1918 1122
809 287 1918 25
809 286 1918 1822
810 288 1918 578
820 289 1918 1829
823 290 1918 1230
839 291 1918 1912
840 292 1918 673
850 293 1918 1853
851 295 1918 430
851 294 1918 832
853 296 1918 1069
858 297 1918 1536
863 298 1918 1525
863 299 1918 411
871 300 1918 1785
872 301 1918 820
875 302 1918 1313
877 304 1918 106
877 305 1918 120
877 303 1918 935
883 306 1918 1680
