7 0 730 1689
9 1 730 1074
9 2 730 272
23 3 730 1903
24 4 730 501
40 5 730 1913
41 6 730 822
43 7 730 1033
46 8 730 1259
48 9 730 895
51 10 730 1143
55 11 730 1352
66 12 730 1857
67 13 730 797
67 14 730 372
67 15 730 112
67 16 730 447
67 17 730 215
70 18 730 1152
73 19 730 1176
75 20 730 1083
76 21 730 697
78 22 730 987
84 23 730 1655
84 24 730 368
92 26 730 161
92 27 730 167
92 25 730 1775
98 28 730 1630
100 29 730 946
104 30 730 1387
104 31 730 133
105 32 730 824
105 33 730 185
106 34 730 729
108 35 730 1101
110 36 730 870
114 38 730 279
114 37 730 1386
117 39 730 1301
122 40 730 1598
122 41 730 11
129 42 730 1693
131 43 730 960
131 44 730 482
136 45 730 1579
137 46 730 787
140 47 730 1146
142 48 730 1137
144 49 730 996
145 50 730 599
146 51 730 685
146 52 730 115
148 53 730 971
152 54 730 1492
154 55 730 992
154 56 730 86
155 57 730 542
160 58 730 1535
161 59 730 650
169 60 730 1751
170 61 730 655
173 62 730 1328
173 63 730 313
177 64 730 1433
179 65 730 1010
180 66 730 528
186 67 730 1671
186 68 730 67
189 69 730 1196
192 70 730 1166
194 71 730 985
205 72 730 1860
213 73 730 1776
218 74 730 1502
220 75 730 1072
222 77 730 27
222 76 730 928
225 78 730 1172
226 79 730 713
228 80 730 987
230 81 730 940
232 82 730 954
233 83 730 633
233 84 730 346
234 86 730 18
234 85 730 701
242 87 730 1777
243 88 730 617
249 89 730 1662
251 90 730 1015
251 91 730 327
259 92 730 1776
264 93 730 1554
268 94 730 1474
270 95 730 943
271 96 730 607
275 97 730 1380
279 98 730 1451
283 99 730 1397
285 100 730 1050
287 101 730 1041
289 102 730 1078
300 103 730 1866
308 104 730 1754
313 105 730 1539
314 106 730 749
314 107 730 263
318 108 730 1393
318 109 730 420
318 110 730 63
318 111 730 58
321 112 730 1295
322 113 730 821
327 114 730 1587
328 115 730 810
334 116 730 1625
335 117 730 694
348 118 730 1891
349 119 730 731
351 120 730 992
352 121 730 676
354 123 730 330
354 124 730 181
354 122 730 1053
355 125 730 838
357 126 730 1134
357 127 730 306
357 128 730 301
358 129 730 559
358 130 730 465
362 131 730 1472
363 132 730 500
370 133 730 1699
375 134 730 1588
386 135 730 1871
394 136 730 1787
396 137 730 1013
397 138 730 803
398 139 730 732
410 140 730 1877
416 141 730 1679
416 142 730 383
416 143 730 197
421 144 730 1598
423 145 730 956
425 146 730 957
427 147 730 954
440 148 730 1891
441 149 730 664
444 150 730 1242
454 151 730 1837
458 152 730 1414
459 155 730 374
459 153 730 720
459 154 730 405
475 156 730 1913
476 157 730 747
482 158 730 1685
484 159 730 916
484 160 730 404
484 161 730 443
497 162 730 1887
498 163 730 834
510 164 730 1879
511 165 730 515
515 166 730 1482
520 167 730 1520
523 168 730 1158
529 169 730 1641
531 170 730 947
532 171 730 612
541 172 730 1816
544 173 730 1158
545 174 730 779
548 175 730 1237
548 176 730 292
549 177 730 855
550 178 730 657
553 179 730 1149
562 181 730 179
562 182 730 339
562 180 730 1806
567 183 730 1562
570 184 730 1242
571 185 730 553
571 186 730 58
578 187 730 1705
581 188 730 1293
584 189 730 1214
596 190 730 1883
598 191 730 1040
601 192 730 1252
610 193 730 1812
610 194 730 327
614 195 730 1433
621 196 730 1716
625 197 730 1474
625 198 730 243
627 199 730 1082
631 200 730 1398
635 201 730 1361
642 203 730 250
642 202 730 1721
648 204 730 1641
649 205 730 629
649 206 730 21
649 207 730 255
660 208 730 1866
662 209 730 1092
662 210 730 81
664 212 730 89
664 211 730 1057
665 213 730 535
667 214 730 1035
667 215 730 225
667 216 730 104
667 217 730 324
672 218 730 1517
675 219 730 1326
675 220 730 457
682 222 730 226
682 221 730 1702
693 223 730 1868
699 224 730 1683
709 225 730 1832
712 226 730 1284
712 227 730 3
713 228 730 830
716 229 730 1271
720 230 730 1445
721 231 730 743
722 232 730 612
727 233 730 1499
733 234 730 1676
733 235 730 444
733 236 730 382
733 237 730 89
743 238 730 1846
744 239 730 612
745 240 730 531
752 241 730 1727
760 242 730 1764
760 243 730 201
762 244 730 1132
763 245 730 825
765 246 730 950
766 247 730 717
767 249 730 102
767 248 730 777
770 250 730 1329
774 251 730 1392
786 252 730 1882
787 253 730 841
788 254 730 625
794 255 730 1620
796 256 730 1134
804 258 730 491
804 257 730 1777
811 259 730 1733
814 260 730 1269
814 261 730 17
818 262 730 1350
819 263 730 595
824 264 730 1571
827 265 730 1263
827 266 730 444
828 267 730 515
829 268 730 783
830 269 730 590
838 270 730 1767
838 271 730 14
838 272 730 403
840 273 730 904
841 274 730 794
842 275 730 654
853 277 730 25
853 276 730 1863
854 278 730 736
855 279 730 857
857 280 730 882
858 281 730 567
861 282 730 1150
862 283 730 728
873 284 730 1866
873 285 730 53
874 286 730 786
881 287 730 1695
883 288 730 874
883 289 730 55
886 290 730 1234
887 291 730 529
892 292 730 1522
892 293 730 112
895 294 730 1268
896 296 730 377
896 295 730 514
899 297 730 1169
900 298 730 554
908 299 730 1794
908 300 730 381
908 301 730 434
919 302 730 1859
919 303 730 186
919 304 730 259
922 305 730 1314
924 306 730 988
