1 0 102 829
1 1 102 4
5 2 102 1438
14 3 102 1819
15 4 102 799
23 5 102 1787
24 6 102 729
24 7 102 382
25 8 102 862
28 9 102 1156
29 10 102 758
30 11 102 628
31 12 102 840
32 13 102 516
38 14 102 1635
38 15 102 496
38 16 102 155
39 17 102 525
48 21 102 202
48 20 102 411
48 18 102 1819
48 19 102 329
50 22 102 1049
52 23 102 878
61 24 102 1817
61 25 102 257
61 26 102 57
61 27 102 45
62 28 102 755
63 29 102 517
63 30 102 19
82 31 102 1919
83 32 102 805
84 33 102 782
85 34 102 590
88 35 102 1301
91 36 102 1278
106 37 102 1905
110 38 102 1393
111 39 102 558
111 40 102 494
112 41 102 690
119 42 102 1703
119 43 102 399
120 44 102 518
121 46 102 174
121 45 102 754
123 47 102 1050
133 48 102 1852
135 49 102 1074
135 50 102 84
135 51 102 130
138 52 102 1205
142 53 102 1382
150 54 102 1771
151 55 102 627
153 56 102 879
154 57 102 560
154 58 102 1
155 59 102 542
162 60 102 1729
163 61 102 683
168 62 102 1551
168 63 102 344
170 64 102 1136
171 65 102 764
178 66 102 1748
178 67 102 58
188 68 102 1850
188 69 102 333
191 70 102 1143
191 71 102 175
193 72 102 1057
196 73 102 1260
204 74 102 1759
210 76 102 423
210 75 102 1645
211 77 102 649
211 78 102 360
213 79 102 1062
213 80 102 82
215 81 102 932
215 82 102 118
221 84 102 433
221 83 102 1606
230 85 102 1814
231 86 102 713
235 87 102 1348
237 88 102 935
250 89 102 1888
250 90 102 421
251 91 102 717
265 92 102 1903
266 93 102 851
267 94 102 753
274 95 102 1736
276 96 102 1064
280 97 102 1359
283 98 102 1188
289 99 102 1678
291 100 102 931
291 101 102 116
293 102 102 1124
298 103 102 1518
309 104 102 1855
319 105 102 1834
321 106 102 998
332 107 102 1870
337 108 102 1547
337 109 102 126
337 110 102 204
337 111 102 230
337 112 102 200
338 114 102 459
338 113 102 864
339 115 102 797
340 116 102 564
351 117 102 1869
361 118 102 1836
364 119 102 1246
364 120 102 51
364 121 102 400
366 122 102 1047
379 123 102 1887
389 124 102 1836
389 125 102 425
389 126 102 196
389 127 102 205
390 128 102 506
390 129 102 22
391 130 102 580
393 131 102 988
397 132 102 1385
398 133 102 606
398 134 102 131
411 135 102 1891
418 136 102 1732
419 137 102 525
425 138 102 1676
426 139 102 523
427 140 102 816
428 141 102 768
435 142 102 1725
436 143 102 809
442 144 102 1684
442 145 102 191
443 146 102 517
445 147 102 1038
445 148 102 391
457 149 102 1881
460 150 102 1171
462 151 102 1120
466 152 102 1448
477 153 102 1867
483 154 102 1627
484 155 102 530
486 156 102 994
489 157 102 1162
495 158 102 1607
499 159 102 1429
505 160 102 1637
506 161 102 792
510 162 102 1363
515 163 102 1524
519 164 102 1470
521 165 102 1140
522 166 102 769
527 167 102 1518
528 168 102 733
528 169 102 493
530 170 102 989
530 171 102 39
530 172 102 193
533 174 102 430
533 173 102 1312
536 175 102 1208
537 176 102 599
537 177 102 237
537 178 102 202
543 179 102 1645
553 180 102 1833
555 181 102 1083
562 182 102 1739
563 183 102 550
564 184 102 776
568 185 102 1385
572 186 102 1465
576 187 102 1443
578 188 102 904
583 189 102 1525
585 190 102 897
586 191 102 570
587 193 102 246
587 192 102 843
588 194 102 810
588 195 102 23
591 196 102 1329
591 197 102 200
594 198 102 1264
595 199 102 543
599 200 102 1347
601 202 102 305
601 201 102 923
610 203 102 1823
612 204 102 892
614 205 102 1132
616 206 102 926
616 207 102 135
620 208 102 1437
620 209 102 418
631 210 102 1855
632 211 102 756
634 212 102 959
647 213 102 1887
652 214 102 1521
653 215 102 554
655 216 102 978
656 217 102 813
657 218 102 748
657 219 102 84
662 220 102 1600
665 221 102 1250
666 222 102 614
668 223 102 1132
673 224 102 1520
673 225 102 419
675 226 102 1121
686 227 102 1872
687 228 102 502
687 229 102 406
696 231 102 399
696 230 102 1803
698 232 102 898
703 233 102 1583
703 234 102 297
705 235 102 910
706 236 102 778
716 237 102 1840
721 238 102 1582
726 240 102 459
726 239 102 1568
729 241 102 1329
729 242 102 6
729 243 102 485
734 244 102 1594
734 245 102 141
739 246 102 1535
741 247 102 881
742 248 102 650
742 249 102 256
744 250 102 970
745 251 102 516
749 252 102 1376
752 253 102 1179
754 254 102 868
754 255 102 96
754 256 102 309
756 260 102 11
756 259 102 473
756 257 102 1097
756 258 102 302
758 261 102 979
763 262 102 1558
765 263 102 1030
766 264 102 540
770 265 102 1456
778 266 102 1782
781 267 102 1300
786 268 102 1589
787 269 102 610
794 270 102 1701
796 271 102 1062
799 272 102 1155
801 273 102 1105
806 274 102 1549
806 275 102 270
809 276 102 1244
809 277 102 128
813 278 102 1463
817 279 102 1379
818 280 102 808
818 281 102 239
821 282 102 1221
821 283 102 245
825 284 102 1360
828 285 102 1286
830 286 102 947
836 287 102 1643
837 289 102 201
837 288 102 715
838 290 102 600
843 291 102 1605
848 292 102 1538
850 293 102 1109
855 294 102 1556
859 295 102 1404
866 296 102 1696
868 297 102 901
879 301 102 234
879 300 102 283
879 298 102 1870
879 299 102 137
882 302 102 1216
882 303 102 39
882 304 102 480
892 305 102 1833
895 306 102 1286
