2 0 286 1024
5 1 286 1303
8 2 286 1195
8 3 286 379
10 4 286 1120
11 5 286 745
11 6 286 161
12 7 286 785
13 8 286 532
14 9 286 700
15 10 286 705
22 11 286 1693
22 12 286 51
27 13 286 1561
28 14 286 826
31 15 286 1278
38 16 286 1729
39 17 286 832
40 19 286 354
40 18 286 734
43 20 286 1183
43 21 286 494
50 22 286 1714
51 23 286 551
52 24 286 600
61 25 286 1807
62 26 286 656
69 27 286 1737
73 28 286 1373
75 29 286 995
75 30 286 153
75 31 286 236
75 32 286 275
76 33 286 783
76 34 286 32
81 35 286 1526
82 36 286 806
83 37 286 588
86 38 286 1314
98 39 286 1872
100 40 286 890
106 41 286 1610
109 42 286 1321
111 43 286 884
116 44 286 1587
119 45 286 1331
120 46 286 711
125 47 286 1527
125 48 286 204
127 49 286 877
129 50 286 887
132 51 286 1290
133 52 286 843
149 53 286 1913
152 54 286 1319
153 55 286 530
158 56 286 1513
159 57 286 643
166 58 286 1703
169 59 286 1238
169 60 286 88
169 61 286 348
172 62 286 1336
176 63 286 1461
177 64 286 546
177 65 286 468
181 66 286 1417
184 67 286 1192
189 68 286 1529
192 69 286 1224
192 70 286 471
194 71 286 1140
198 72 286 1443
199 73 286 787
203 74 286 1388
208 75 286 1498
210 76 286 1097
211 77 286 830
213 78 286 889
216 79 286 1194
218 80 286 1096
220 81 286 1053
225 82 286 1532
225 83 286 496
225 84 286 108
226 85 286 787
229 87 286 287
229 86 286 1318
233 88 286 1389
237 89 286 1427
237 90 286 13
237 91 286 162
238 92 286 810
238 93 286 76
246 94 286 1784
247 96 286 273
247 95 286 541
255 97 286 1784
255 98 286 338
257 99 286 1118
267 100 286 1838
271 101 286 1444
295 102 286 1923
297 103 286 904
297 104 286 405
303 105 286 1671
311 106 286 1772
311 107 286 56
312 108 286 524
319 109 286 1745
323 110 286 1357
324 111 286 682
330 112 286 1678
331 113 286 508
331 114 286 141
333 115 286 959
334 116 286 741
335 117 286 839
339 118 286 1353
345 119 286 1683
347 120 286 1075
349 121 286 1129
356 122 286 1727
356 123 286 101
359 126 286 330
359 124 286 1211
359 125 286 309
363 127 286 1366
365 128 286 927
366 129 286 846
369 130 286 1224
372 132 286 492
372 131 286 1237
379 133 286 1696
382 134 286 1280
387 135 286 1577
389 136 286 1055
390 137 286 628
390 138 286 91
390 139 286 362
392 140 286 940
395 141 286 1261
401 142 286 1688
406 144 286 70
406 143 286 1568
409 145 286 1255
409 146 286 408
409 147 286 301
420 148 286 1859
421 149 286 824
428 150 286 1725
432 152 286 431
432 151 286 1358
433 154 286 42
433 153 286 579
434 155 286 709
440 156 286 1641
449 157 286 1822
455 158 286 1617
455 159 286 95
458 160 286 1340
458 161 286 405
460 162 286 1053
465 163 286 1602
466 164 286 521
466 165 286 119
466 166 286 190
481 167 286 1907
484 168 286 1153
484 169 286 489
493 170 286 1829
493 171 286 112
494 172 286 748
496 173 286 990
497 174 286 743
504 175 286 1739
508 176 286 1366
508 177 286 158
508 178 286 31
520 179 286 1881
529 180 286 1825
529 181 286 29
533 183 286 102
533 182 286 1432
535 184 286 1046
543 185 286 1791
544 186 286 806
554 187 286 1837
560 188 286 1653
561 189 286 571
572 190 286 1860
575 191 286 1158
577 192 286 935
597 193 286 1920
599 194 286 946
600 195 286 534
600 196 286 207
600 197 286 85
602 198 286 1047
614 199 286 1875
616 201 286 425
616 200 286 1064
618 202 286 1072
622 203 286 1370
624 204 286 920
630 205 286 1612
631 206 286 610
635 207 286 1365
643 209 286 227
643 208 286 1761
646 210 286 1267
650 211 286 1482
658 212 286 1790
664 213 286 1661
664 214 286 195
667 215 286 1311
669 216 286 898
671 217 286 950
672 218 286 556
673 219 286 654
676 222 286 254
676 220 286 1238
676 221 286 278
677 223 286 581
678 224 286 553
679 225 286 670
681 226 286 1102
682 228 286 44
682 227 286 752
682 229 286 208
687 230 286 1532
690 231 286 1281
692 232 286 1035
692 233 286 80
693 234 286 816
697 235 286 1399
699 236 286 881
699 237 286 62
701 238 286 1106
705 239 286 1358
708 240 286 1181
712 241 286 1365
712 242 286 76
716 243 286 1425
719 244 286 1228
719 245 286 377
722 246 286 1292
725 247 286 1198
732 248 286 1725
737 249 286 1560
742 250 286 1560
745 251 286 1181
749 252 286 1453
749 253 286 393
750 254 286 636
751 255 286 786
751 256 286 171
751 257 286 491
752 259 286 249
752 258 286 816
753 260 286 510
761 261 286 1783
764 262 286 1321
769 263 286 1552
770 264 286 620
786 265 286 1911
786 266 286 447
793 267 286 1709
794 268 286 844
795 269 286 720
795 270 286 429
796 271 286 836
804 272 286 1768
806 273 286 1123
810 274 286 1398
819 275 286 1798
819 276 286 202
820 277 286 753
823 278 286 1277
823 279 286 176
826 280 286 1303
835 281 286 1828
837 282 286 951
837 283 286 408
838 284 286 572
838 285 286 350
846 286 286 1753
847 287 286 642
851 288 286 1369
851 289 286 30
854 290 286 1228
854 291 286 390
857 292 286 1171
858 293 286 857
859 294 286 848
862 296 286 43
862 297 286 448
862 295 286 1322
863 298 286 805
866 299 286 1242
877 300 286 1855
882 301 286 1507
882 302 286 353
884 303 286 1005
886 304 286 1130
887 305 286 724
890 306 286 1337
