6 0 883 1683
6 1 883 201
6 2 883 434
8 3 883 1122
8 4 883 238
11 7 883 120
11 8 883 489
11 5 883 1251
11 6 883 425
13 9 883 992
15 10 883 873
16 11 883 549
17 12 883 865
21 13 883 1412
23 14 883 1125
30 15 883 1749
31 16 883 739
33 18 883 85
33 17 883 1061
34 19 883 806
34 20 883 35
41 21 883 1746
41 22 883 467
47 23 883 1647
51 24 883 1480
54 25 883 1146
55 26 883 636
56 27 883 778
56 28 883 48
60 29 883 1470
67 30 883 1740
67 31 883 485
74 32 883 1714
82 33 883 1768
83 35 883 180
83 34 883 620
90 36 883 1727
91 37 883 669
93 38 883 1108
98 39 883 1598
99 40 883 676
102 41 883 1322
103 42 883 750
108 43 883 1551
112 44 883 1440
114 45 883 1116
116 46 883 1074
118 47 883 930
118 48 883 137
122 49 883 1452
124 50 883 1077
136 51 883 1876
141 52 883 1555
141 53 883 129
141 54 883 475
152 55 883 1861
158 56 883 1659
159 57 883 712
164 58 883 1566
166 59 883 1017
167 60 883 614
172 61 883 1571
172 62 883 71
174 63 883 943
177 64 883 1177
177 65 883 388
178 66 883 760
180 67 883 1021
181 68 883 791
183 69 883 945
183 70 883 22
183 71 883 70
195 72 883 1878
195 73 883 412
195 74 883 129
196 75 883 638
198 76 883 996
199 77 883 840
199 78 883 206
199 79 883 363
199 80 883 71
205 81 883 1631
206 82 883 641
207 83 883 521
207 84 883 393
215 85 883 1789
216 86 883 854
221 87 883 1584
224 88 883 1292
225 89 883 684
225 90 883 446
227 91 883 1014
229 92 883 1027
229 93 883 91
231 94 883 984
233 95 883 1030
236 96 883 1250
243 97 883 1731
243 98 883 374
245 99 883 1052
245 100 883 356
245 101 883 52
245 102 883 138
247 103 883 1116
251 104 883 1430
253 105 883 1007
275 106 883 1922
278 107 883 1143
278 108 883 0
286 109 883 1761
287 110 883 865
288 111 883 818
289 112 883 506
292 113 883 1203
294 114 883 945
296 115 883 907
298 116 883 930
302 117 883 1475
303 118 883 549
306 119 883 1312
310 120 883 1458
312 121 883 1100
318 122 883 1654
318 123 883 107
319 124 883 499
321 125 883 932
323 126 883 967
331 127 883 1786
335 128 883 1353
337 129 883 1024
340 130 883 1313
343 131 883 1189
343 132 883 466
345 135 883 18
345 133 883 1079
345 134 883 7
349 136 883 1493
353 137 883 1449
355 138 883 1016
358 139 883 1311
366 140 883 1791
372 141 883 1636
377 142 883 1584
381 143 883 1455
388 144 883 1744
393 145 883 1552
394 146 883 508
401 147 883 1749
403 148 883 1071
403 149 883 76
403 150 883 99
410 151 883 1699
413 152 883 1181
415 153 883 986
420 154 883 1518
423 155 883 1181
423 156 883 323
423 157 883 31
424 158 883 617
424 159 883 497
424 160 883 39
424 161 883 136
431 162 883 1715
433 163 883 900
433 164 883 448
438 165 883 1600
438 166 883 352
442 167 883 1352
445 168 883 1195
447 169 883 926
450 170 883 1339
454 172 883 459
454 171 883 1406
457 173 883 1163
461 174 883 1446
468 175 883 1747
472 176 883 1440
472 177 883 199
472 178 883 288
474 180 883 424
474 179 883 871
477 181 883 1142
478 182 883 715
481 183 883 1276
483 184 883 925
488 185 883 1539
488 186 883 8
492 187 883 1404
496 188 883 1485
497 189 883 751
503 190 883 1620
507 191 883 1461
508 192 883 831
509 193 883 518
512 194 883 1271
518 195 883 1655
528 196 883 1845
529 197 883 684
531 198 883 1007
531 199 883 143
534 200 883 1200
536 201 883 1081
537 202 883 553
537 203 883 144
538 204 883 661
539 205 883 618
542 206 883 1240
542 207 883 18
546 208 883 1465
553 209 883 1695
559 211 883 123
559 210 883 1665
565 212 883 1668
571 213 883 1670
571 214 883 72
572 215 883 822
576 216 883 1345
576 217 883 438
590 218 883 1900
591 219 883 834
596 220 883 1592
598 221 883 872
606 222 883 1791
606 223 883 444
609 224 883 1231
618 225 883 1802
619 226 883 574
630 227 883 1865
639 228 883 1816
646 229 883 1715
655 230 883 1826
656 231 883 756
658 232 883 1117
658 233 883 144
663 234 883 1596
666 235 883 1268
667 236 883 588
668 237 883 571
669 240 883 298
669 239 883 306
669 238 883 615
686 241 883 1914
697 242 883 1864
704 243 883 1714
706 244 883 1011
711 245 883 1497
718 246 883 1718
720 250 883 309
720 249 883 449
720 248 883 446
720 247 883 1086
724 251 883 1407
725 252 883 708
725 253 883 172
725 254 883 476
725 255 883 328
728 256 883 1214
728 257 883 109
729 258 883 838
730 259 883 783
730 260 883 43
733 261 883 1299
733 262 883 126
739 263 883 1674
747 264 883 1794
749 265 883 908
751 266 883 931
756 268 883 74
756 267 883 1524
757 269 883 729
757 270 883 233
758 271 883 774
765 272 883 1747
770 273 883 1593
771 274 883 535
776 275 883 1602
778 277 883 77
778 276 883 933
782 278 883 1358
788 279 883 1659
788 280 883 84
792 281 883 1413
796 282 883 1419
800 283 883 1367
804 285 883 419
804 284 883 1406
804 286 883 47
806 287 883 944
811 288 883 1592
814 289 883 1268
814 290 883 54
814 291 883 479
820 292 883 1658
828 293 883 1756
828 294 883 262
830 295 883 923
838 297 883 189
838 296 883 1787
848 298 883 1845
848 299 883 102
849 300 883 565
849 301 883 194
851 302 883 1012
857 303 883 1641
857 304 883 215
861 305 883 1459
866 306 883 1584
