4 0 149 1412
7 1 149 1308
7 2 149 232
10 3 149 1203
16 4 149 1638
16 5 149 318
17 6 149 743
24 7 149 1750
32 8 149 1756
35 9 149 1336
37 10 149 934
45 11 149 1763
46 12 149 708
47 13 149 577
48 14 149 665
49 15 149 621
52 16 149 1204
56 17 149 1488
57 18 149 633
59 19 149 1100
64 20 149 1583
68 21 149 1486
71 22 149 1291
71 23 149 239
71 24 149 374
73 25 149 1023
75 26 149 963
77 27 149 914
85 28 149 1769
94 29 149 1807
94 30 149 303
102 31 149 1776
105 32 149 1316
107 33 149 1040
117 38 149 251
117 36 149 399
117 37 149 340
117 35 149 180
117 34 149 1836
118 39 149 511
118 40 149 421
118 41 149 167
119 42 149 776
120 43 149 680
120 44 149 334
122 45 149 908
125 46 149 1190
127 47 149 969
127 48 149 334
127 49 149 152
129 50 149 1090
130 51 149 780
132 52 149 906
132 53 149 353
141 54 149 1827
151 56 149 17
151 55 149 1851
169 57 149 1918
170 58 149 829
171 59 149 615
174 60 149 1280
182 61 149 1753
197 62 149 1905
209 63 149 1874
211 64 149 1033
213 65 149 1083
213 66 149 446
218 67 149 1593
219 68 149 665
219 69 149 485
219 70 149 222
220 71 149 863
223 73 149 122
223 72 149 1236
224 74 149 678
228 75 149 1416
229 76 149 709
230 77 149 611
240 78 149 1830
244 79 149 1391
252 80 149 1758
271 81 149 1918
272 82 149 579
278 83 149 1617
279 84 149 717
283 85 149 1448
285 86 149 869
287 87 149 962
289 88 149 1138
305 89 149 1910
305 90 149 162
305 91 149 406
309 92 149 1436
314 93 149 1560
317 94 149 1155
318 95 149 592
318 96 149 186
319 97 149 827
324 98 149 1571
327 99 149 1176
327 100 149 461
332 101 149 1521
332 102 149 303
340 103 149 1773
351 104 149 1855
351 105 149 227
355 106 149 1468
356 107 149 784
361 108 149 1600
361 109 149 410
363 110 149 1142
366 111 149 1330
366 112 149 87
370 113 149 1362
371 114 149 782
374 115 149 1286
377 116 149 1174
377 117 149 288
380 118 149 1156
385 119 149 1510
385 120 149 213
389 122 149 455
389 121 149 1409
390 123 149 680
390 124 149 322
397 125 149 1740
401 126 149 1351
406 127 149 1601
408 128 149 891
408 129 149 85
411 130 149 1229
420 131 149 1806
422 132 149 964
423 133 149 654
425 134 149 929
425 135 149 236
431 136 149 1614
432 137 149 730
438 138 149 1687
438 139 149 490
453 140 149 1904
453 141 149 84
456 142 149 1287
457 143 149 727
458 144 149 767
459 145 149 757
459 146 149 318
459 147 149 73
460 148 149 778
468 149 149 1794
471 150 149 1343
480 151 149 1823
485 153 149 61
485 152 149 1595
487 154 149 962
489 155 149 977
491 156 149 1066
496 157 149 1548
500 158 149 1450
500 159 149 114
501 160 149 800
509 161 149 1792
518 162 149 1818
523 163 149 1514
525 164 149 1106
528 165 149 1260
528 166 149 365
532 167 149 1358
532 168 149 433
533 169 149 546
538 171 149 443
538 170 149 1596
539 172 149 525
540 173 149 666
545 174 149 1530
545 175 149 129
545 176 149 122
551 177 149 1653
561 178 149 1837
565 179 149 1490
569 180 149 1422
572 181 149 1277
573 182 149 822
575 183 149 1021
576 184 149 667
579 185 149 1330
579 186 149 211
581 187 149 903
587 188 149 1616
599 189 149 1876
601 191 149 66
601 190 149 1094
604 192 149 1205
609 193 149 1572
615 194 149 1614
615 195 149 112
615 196 149 190
622 197 149 1697
627 198 149 1545
631 200 149 391
631 199 149 1432
633 201 149 885
638 202 149 1564
638 203 149 232
638 204 149 197
640 205 149 899
643 206 149 1297
645 208 149 455
645 207 149 928
646 209 149 833
647 210 149 855
650 211 149 1338
656 212 149 1635
668 213 149 1885
669 214 149 617
673 215 149 1447
675 216 149 969
676 217 149 796
677 218 149 846
684 219 149 1701
686 220 149 1049
690 221 149 1387
696 222 149 1666
696 223 149 482
700 224 149 1376
705 225 149 1530
708 226 149 1163
710 227 149 878
712 228 149 977
716 229 149 1417
727 230 149 1863
727 231 149 349
727 232 149 107
727 233 149 405
729 234 149 1098
730 235 149 537
736 236 149 1637
737 237 149 590
738 238 149 824
745 240 149 32
745 239 149 1692
748 241 149 1207
748 242 149 447
749 243 149 783
751 244 149 1021
757 245 149 1681
757 246 149 356
760 247 149 1244
762 249 149 166
762 248 149 955
764 250 149 1068
767 251 149 1318
768 252 149 851
776 253 149 1769
776 254 149 383
778 255 149 929
781 256 149 1143
783 257 149 1082
784 258 149 781
785 259 149 592
791 260 149 1661
791 261 149 419
803 262 149 1876
805 263 149 963
807 264 149 894
808 265 149 506
811 266 149 1231
814 267 149 1230
815 268 149 786
815 269 149 80
822 270 149 1734
822 271 149 379
836 272 149 1897
838 273 149 1078
844 274 149 1668
852 275 149 1767
854 276 149 939
856 277 149 883
860 278 149 1385
866 279 149 1620
869 280 149 1173
879 281 149 1843
889 282 149 1847
890 283 149 810
890 284 149 349
891 285 149 544
895 289 149 169
895 288 149 21
895 286 149 1422
895 287 149 262
898 290 149 1318
899 291 149 555
906 292 149 1734
906 293 149 231
906 294 149 31
911 295 149 1537
914 296 149 1255
918 297 149 1409
927 298 149 1813
928 299 149 515
928 300 149 450
930 301 149 1051
930 302 149 458
932 303 149 875
932 304 149 357
933 305 149 688
937 306 149 1346
