6 0 1078 1651
12 1 1078 1612
15 2 1078 1245
17 3 1078 1066
18 4 1078 850
26 5 1078 1791
26 6 1078 364
29 8 1078 485
29 7 1078 1328
33 9 1078 1476
37 10 1078 1450
37 11 1078 385
43 12 1078 1680
44 13 1078 638
46 15 1078 310
46 14 1078 1041
46 16 1078 278
50 17 1078 1444
51 18 1078 528
53 19 1078 882
54 20 1078 571
57 21 1078 1217
64 22 1078 1714
70 23 1078 1607
73 24 1078 1266
83 25 1078 1849
85 26 1078 1085
101 27 1078 1911
109 28 1078 1766
109 29 1078 240
114 30 1078 1581
114 31 1078 321
114 32 1078 392
114 33 1078 55
114 34 1078 79
118 36 1078 235
118 35 1078 1349
120 37 1078 935
124 38 1078 1403
127 39 1078 1161
137 40 1078 1842
137 41 1078 177
146 42 1078 1806
147 43 1078 658
147 44 1078 455
148 45 1078 728
149 46 1078 584
157 47 1078 1774
159 48 1078 911
168 49 1078 1807
173 50 1078 1538
173 51 1078 129
175 52 1078 1058
182 53 1078 1696
185 55 1078 433
185 54 1078 1165
194 56 1078 1823
199 57 1078 1562
206 58 1078 1724
208 59 1078 925
209 60 1078 705
209 61 1078 378
213 62 1078 1487
213 63 1078 244
222 64 1078 1820
224 65 1078 1129
242 66 1078 1917
248 67 1078 1625
249 68 1078 559
255 69 1078 1617
255 70 1078 75
258 72 1078 41
258 71 1078 1267
261 73 1078 1292
263 75 1078 394
263 74 1078 965
266 76 1078 1336
268 77 1078 1056
271 78 1078 1152
272 79 1078 538
275 80 1078 1265
278 81 1078 1236
280 82 1078 999
292 83 1078 1884
293 84 1078 626
297 85 1078 1451
300 86 1078 1187
301 87 1078 621
302 88 1078 814
307 89 1078 1570
311 90 1078 1451
312 91 1078 597
314 94 1078 455
314 93 1078 477
314 92 1078 1135
318 95 1078 1464
319 96 1078 614
324 97 1078 1561
325 98 1078 762
328 99 1078 1250
329 100 1078 736
331 101 1078 884
334 102 1078 1215
337 103 1078 1219
344 104 1078 1731
344 105 1078 271
344 106 1078 87
351 107 1078 1691
352 108 1078 731
353 109 1078 771
355 110 1078 1022
356 111 1078 766
356 112 1078 410
359 113 1078 1186
364 114 1078 1584
368 115 1078 1394
371 116 1078 1303
376 117 1078 1528
381 118 1078 1543
381 119 1078 369
392 120 1078 1867
395 121 1078 1296
396 122 1078 810
398 123 1078 914
398 124 1078 165
402 125 1078 1403
402 126 1078 131
406 127 1078 1488
407 128 1078 836
411 129 1078 1425
418 130 1078 1704
425 132 1078 294
425 131 1078 1699
434 133 1078 1826
441 134 1078 1727
441 135 1078 381
441 136 1078 21
448 137 1078 1704
448 138 1078 152
448 139 1078 355
452 140 1078 1363
456 141 1078 1420
465 142 1078 1814
465 143 1078 43
466 144 1078 547
467 145 1078 684
467 146 1078 186
479 147 1078 1874
480 148 1078 818
482 150 1078 160
482 149 1078 986
484 152 1078 18
484 153 1078 392
484 151 1078 1011
487 154 1078 1308
491 155 1078 1364
491 156 1078 73
491 157 1078 300
493 158 1078 1053
493 159 1078 328
493 160 1078 139
494 161 1078 524
495 162 1078 855
498 163 1078 1231
500 164 1078 991
503 165 1078 1248
503 166 1078 472
504 167 1078 508
508 168 1078 1384
511 169 1078 1203
515 170 1078 1373
520 171 1078 1523
524 172 1078 1375
527 173 1078 1187
529 174 1078 930
529 175 1078 446
533 176 1078 1407
534 177 1078 767
534 178 1078 366
538 179 1078 1406
541 180 1078 1216
541 181 1078 182
542 182 1078 670
550 183 1078 1774
553 184 1078 1264
554 185 1078 693
560 186 1078 1680
569 187 1078 1826
570 189 1078 362
570 190 1078 308
570 188 1078 517
576 191 1078 1645
577 192 1078 651
584 193 1078 1749
584 194 1078 215
585 195 1078 839
586 196 1078 565
587 197 1078 583
589 198 1078 976
592 200 1078 211
592 199 1078 1224
597 201 1078 1602
597 202 1078 489
602 203 1078 1540
607 204 1078 1538
608 205 1078 562
613 206 1078 1561
614 207 1078 756
618 208 1078 1387
619 209 1078 862
631 210 1078 1882
634 211 1078 1230
645 212 1078 1859
650 213 1078 1571
652 214 1078 1036
664 215 1078 1882
672 216 1078 1778
674 217 1078 1005
687 219 1078 298
687 218 1078 1891
691 220 1078 1492
692 221 1078 571
710 222 1078 1916
712 223 1078 1021
714 224 1078 895
720 225 1078 1652
722 226 1078 872
727 227 1078 1550
729 229 1078 90
729 228 1078 972
738 230 1078 1805
739 231 1078 823
746 232 1078 1716
748 233 1078 1066
751 234 1078 1195
756 235 1078 1538
762 236 1078 1617
764 238 1078 236
764 237 1078 1055
765 239 1078 702
767 240 1078 1057
769 241 1078 924
769 242 1078 438
774 243 1078 1579
774 244 1078 404
776 245 1078 1002
783 246 1078 1710
785 247 1078 1004
786 248 1078 713
786 249 1078 258
788 250 1078 986
792 251 1078 1484
793 252 1078 617
794 253 1078 677
800 254 1078 1656
805 255 1078 1564
811 256 1078 1611
815 257 1078 1392
816 258 1078 644
825 259 1078 1810
831 260 1078 1614
831 261 1078 10
838 262 1078 1708
841 263 1078 1296
843 264 1078 981
845 265 1078 1058
849 266 1078 1439
850 267 1078 793
850 268 1078 376
854 269 1078 1422
854 270 1078 264
855 271 1078 723
856 272 1078 769
859 273 1078 1188
862 274 1078 1166
863 277 1078 336
863 275 1078 568
863 276 1078 132
864 278 1078 617
873 279 1078 1817
884 280 1078 1867
892 281 1078 1792
893 282 1078 837
894 283 1078 714
896 286 1078 206
896 285 1078 320
896 284 1078 1029
898 287 1078 1038
901 288 1078 1335
906 289 1078 1555
916 290 1078 1852
916 291 1078 224
916 292 1078 410
916 293 1078 350
918 294 1078 1012
920 295 1078 1046
922 296 1078 1140
924 297 1078 1066
925 298 1078 597
928 299 1078 1270
932 300 1078 1487
934 301 1078 917
935 302 1078 628
938 303 1078 1215
956 305 1078 262
956 304 1078 1918
957 306 1078 715
