1 0 1444 584
2 1 1444 686
2 2 1444 71
3 3 1444 689
6 4 1444 1328
10 5 1444 1456
15 6 1444 1511
16 9 1444 188
16 8 1444 280
16 7 1444 696
17 10 1444 851
18 11 1444 612
24 12 1444 1676
27 13 1444 1166
45 14 1444 1917
45 15 1444 375
45 16 1444 294
47 17 1444 976
50 18 1444 1218
55 19 1444 1519
56 20 1444 604
59 21 1444 1204
67 22 1444 1787
68 23 1444 515
68 24 1444 368
68 25 1444 129
71 26 1444 1220
75 27 1444 1414
81 29 1444 223
81 28 1444 1659
82 30 1444 670
82 31 1444 356
83 32 1444 651
83 33 1444 177
86 34 1444 1179
91 35 1444 1549
93 36 1444 893
99 37 1444 1620
100 38 1444 642
103 39 1444 1257
103 40 1444 107
104 41 1444 633
105 42 1444 673
113 43 1444 1751
114 44 1444 861
122 45 1444 1757
126 46 1444 1468
128 47 1444 1097
129 48 1444 771
130 49 1444 667
137 50 1444 1714
138 51 1444 525
145 52 1444 1728
148 53 1444 1285
149 54 1444 746
152 55 1444 1304
153 56 1444 824
157 58 1444 321
157 57 1444 1481
160 59 1444 1199
160 60 1444 235
160 61 1444 97
162 62 1444 961
162 63 1444 57
166 64 1444 1442
166 65 1444 495
179 66 1444 1886
184 67 1444 1499
200 68 1444 1912
200 69 1444 367
204 70 1444 1406
205 71 1444 598
205 72 1444 333
217 73 1444 1885
221 74 1444 1411
235 75 1444 1896
236 77 1444 35
236 76 1444 531
241 78 1444 1579
242 79 1444 536
243 80 1444 585
243 81 1444 123
244 82 1444 642
246 83 1444 992
246 84 1444 433
246 85 1444 144
247 86 1444 553
250 87 1444 1291
254 88 1444 1356
263 89 1444 1800
264 90 1444 725
267 91 1444 1337
270 92 1444 1299
274 93 1444 1368
276 95 1444 10
276 94 1444 1022
281 96 1444 1596
282 97 1444 616
282 98 1444 309
282 99 1444 366
291 100 1444 1795
304 101 1444 1894
306 103 1444 403
306 102 1444 1110
309 104 1444 1185
311 105 1444 1116
311 106 1444 192
319 107 1444 1767
328 108 1444 1798
329 109 1444 775
330 110 1444 772
331 111 1444 789
340 112 1444 1826
347 113 1444 1709
348 115 1444 111
348 114 1444 613
352 116 1444 1379
365 117 1444 1894
370 118 1444 1548
373 119 1444 1298
384 120 1444 1866
385 121 1444 595
385 122 1444 143
385 123 1444 111
390 125 1444 68
390 124 1444 1567
393 126 1444 1223
395 127 1444 890
396 128 1444 862
400 129 1444 1401
400 130 1444 299
410 131 1444 1840
416 132 1444 1651
419 133 1444 1213
420 134 1444 665
421 135 1444 615
423 136 1444 938
423 137 1444 238
430 138 1444 1731
433 139 1444 1242
445 140 1444 1877
446 141 1444 710
450 142 1444 1417
451 143 1444 581
453 144 1444 1027
464 145 1444 1860
468 146 1444 1435
473 147 1444 1514
474 148 1444 754
476 149 1444 910
477 150 1444 555
483 151 1444 1627
485 152 1444 993
487 154 1444 424
487 153 1444 935
490 155 1444 1200
498 156 1444 1751
500 157 1444 998
501 158 1444 761
503 159 1444 1117
512 160 1444 1817
515 161 1444 1226
517 164 1444 475
517 163 1444 397
517 162 1444 905
518 165 1444 857
520 166 1444 1063
521 167 1444 613
523 168 1444 1044
546 169 1444 1923
548 170 1444 1098
550 172 1444 162
550 173 1444 305
550 171 1444 1140
554 174 1444 1345
557 175 1444 1156
559 176 1444 1102
563 177 1444 1487
565 178 1444 1009
571 179 1444 1632
572 180 1444 558
578 182 1444 136
578 181 1444 1634
590 183 1444 1877
591 184 1444 845
592 185 1444 596
593 186 1444 847
594 187 1444 715
595 188 1444 788
599 189 1444 1389
600 190 1444 789
611 191 1444 1865
615 192 1444 1402
616 193 1444 614
620 194 1444 1350
621 195 1444 650
628 196 1444 1730
630 197 1444 1020
630 198 1444 105
630 199 1444 170
631 200 1444 797
632 202 1444 470
632 201 1444 822
633 203 1444 755
640 204 1444 1737
643 205 1444 1339
647 206 1444 1464
648 207 1444 687
653 208 1444 1515
656 210 1444 98
656 211 1444 264
656 209 1444 1192
673 212 1444 1914
675 213 1444 1053
676 214 1444 559
676 215 1444 183
678 216 1444 1089
680 217 1444 953
684 218 1444 1476
693 220 1444 10
693 221 1444 348
693 219 1444 1803
700 222 1444 1749
705 223 1444 1579
707 224 1444 1133
710 225 1444 1158
716 226 1444 1662
720 227 1444 1473
722 228 1444 879
723 229 1444 694
727 231 1444 82
727 230 1444 1351
731 232 1444 1381
732 233 1444 838
733 234 1444 835
739 235 1444 1660
742 236 1444 1163
745 237 1444 1305
745 238 1444 140
749 239 1444 1430
751 241 1444 159
751 240 1444 1057
753 242 1444 1124
758 243 1444 1520
761 244 1444 1291
762 245 1444 525
774 246 1444 1875
774 247 1444 349
774 248 1444 55
777 249 1444 1167
781 250 1444 1486
782 251 1444 776
786 252 1444 1469
786 253 1444 227
786 254 1444 160
786 255 1444 448
788 256 1444 997
789 257 1444 815
794 258 1444 1547
795 259 1444 578
800 260 1444 1601
817 261 1444 1915
824 262 1444 1733
825 263 1444 820
833 264 1444 1766
833 265 1444 16
834 266 1444 807
836 267 1444 1075
836 268 1444 218
837 269 1444 823
839 270 1444 944
846 271 1444 1709
847 272 1444 813
847 273 1444 45
848 274 1444 746
856 275 1444 1775
859 276 1444 1148
859 277 1444 228
859 278 1444 288
860 279 1444 608
863 280 1444 1207
866 281 1444 1313
870 282 1444 1418
876 283 1444 1637
878 284 1444 1133
879 285 1444 574
880 286 1444 537
883 287 1444 1154
884 289 1444 386
884 288 1444 677
885 290 1444 663
885 291 1444 347
891 292 1444 1683
895 293 1444 1486
903 294 1444 1753
905 295 1444 1066
905 296 1444 351
905 297 1444 304
911 298 1444 1679
914 299 1444 1275
920 300 1444 1642
921 301 1444 800
921 302 1444 130
924 303 1444 1157
924 304 1444 222
931 305 1444 1701
944 306 1444 1888
