11 0 692 1857
11 1 692 140
11 2 692 203
13 3 692 1043
18 4 692 1572
27 5 692 1806
27 6 692 384
35 7 692 1792
41 10 692 346
41 9 692 450
41 8 692 1656
43 11 692 996
46 12 692 1261
49 13 692 1228
49 14 692 183
53 15 692 1373
57 16 692 1443
57 17 692 99
64 20 692 370
64 18 692 1719
64 19 692 417
71 21 692 1744
77 22 692 1666
83 23 692 1638
83 24 692 32
84 25 692 773
92 26 692 1768
92 27 692 99
93 28 692 857
97 29 692 1451
99 30 692 890
101 31 692 913
101 32 692 181
103 33 692 995
104 34 692 732
110 35 692 1620
111 36 692 512
116 37 692 1512
117 38 692 686
124 39 692 1740
126 40 692 896
128 41 692 967
134 42 692 1606
135 43 692 711
135 44 692 67
136 45 692 654
148 46 692 1877
151 47 692 1171
152 48 692 839
152 49 692 367
168 50 692 1910
178 51 692 1851
179 52 692 527
182 57 692 489
182 55 692 113
182 56 692 398
182 53 692 1289
182 54 692 310
184 58 692 1010
185 59 692 798
185 60 692 37
185 61 692 285
187 62 692 934
187 63 692 204
191 64 692 1485
195 65 692 1357
196 66 692 815
196 67 692 266
196 68 692 495
196 69 692 488
197 70 692 860
208 71 692 1855
211 72 692 1338
226 73 692 1903
230 74 692 1446
233 76 692 137
233 75 692 1327
235 77 692 955
240 78 692 1570
243 79 692 1302
244 80 692 821
245 81 692 597
248 82 692 1184
248 83 692 489
252 84 692 1466
254 85 692 963
254 86 692 385
255 87 692 816
256 88 692 685
257 89 692 619
260 90 692 1222
260 91 692 22
261 92 692 502
270 93 692 1812
277 94 692 1703
278 95 692 610
278 96 692 33
282 97 692 1402
285 98 692 1151
286 99 692 634
294 100 692 1764
300 101 692 1611
301 102 692 675
301 103 692 351
305 105 692 54
305 104 692 1431
306 106 692 513
307 107 692 548
315 108 692 1767
317 109 692 908
331 110 692 1900
335 111 692 1367
336 112 692 843
342 113 692 1632
356 114 692 1902
360 115 692 1364
362 116 692 1025
362 117 692 444
363 118 692 662
364 119 692 521
366 120 692 971
389 121 692 1923
394 122 692 1505
403 123 692 1801
406 124 692 1190
407 125 692 838
411 126 692 1353
415 127 692 1450
415 128 692 200
416 129 692 835
419 130 692 1293
420 131 692 660
427 132 692 1729
429 133 692 936
433 134 692 1463
435 135 692 1134
445 136 692 1847
446 137 692 832
448 138 692 983
452 139 692 1411
452 140 692 450
460 141 692 1761
462 142 692 974
469 143 692 1702
470 144 692 643
478 145 692 1779
480 146 692 1103
481 147 692 794
491 148 692 1835
491 149 692 338
496 150 692 1510
501 151 692 1513
502 152 692 739
503 153 692 629
508 154 692 1587
516 155 692 1766
516 156 692 105
517 157 692 799
519 158 692 1086
520 159 692 593
521 160 692 626
523 162 692 348
523 161 692 987
525 163 692 932
530 164 692 1539
533 165 692 1240
538 166 692 1563
548 167 692 1832
548 168 692 169
549 169 692 767
553 170 692 1442
553 171 692 193
557 172 692 1386
560 173 692 1176
560 174 692 70
562 175 692 1135
564 176 692 949
571 177 692 1728
574 178 692 1157
577 179 692 1335
583 180 692 1659
584 181 692 558
589 182 692 1540
597 183 692 1786
600 184 692 1250
607 185 692 1705
617 186 692 1845
619 187 692 1099
622 188 692 1273
628 189 692 1622
630 190 692 1029
632 191 692 1047
638 192 692 1671
638 193 692 389
639 194 692 785
643 195 692 1388
647 196 692 1413
647 197 692 41
647 198 692 162
650 199 692 1327
650 200 692 216
653 201 692 1196
654 202 692 624
656 203 692 1067
657 204 692 821
660 205 692 1316
660 206 692 126
664 207 692 1488
665 208 692 558
665 209 692 452
666 211 692 301
666 210 692 816
671 212 692 1566
677 213 692 1675
678 214 692 859
678 215 692 67
682 216 692 1371
682 217 692 486
687 218 692 1606
695 219 692 1758
698 221 692 463
698 220 692 1320
699 222 692 558
699 223 692 472
705 224 692 1663
705 225 692 395
705 226 692 447
707 227 692 997
707 228 692 390
708 229 692 607
714 230 692 1646
716 231 692 907
721 232 692 1565
729 233 692 1754
731 234 692 1118
731 235 692 463
742 236 692 1858
742 237 692 473
744 238 692 965
755 239 692 1859
760 241 692 357
760 240 692 1578
761 242 692 540
762 243 692 821
763 244 692 805
764 245 692 727
768 246 692 1405
788 247 692 1920
792 248 692 1455
793 250 692 17
793 249 692 717
795 251 692 926
795 252 692 360
795 253 692 329
795 254 692 7
801 255 692 1678
802 256 692 637
802 257 692 152
805 259 692 425
805 258 692 1328
807 260 692 869
809 261 692 1054
811 262 692 1097
823 263 692 1876
824 264 692 730
834 265 692 1834
835 266 692 660
842 267 692 1736
843 270 692 133
843 268 692 556
843 269 692 396
845 271 692 897
849 272 692 1446
855 273 692 1672
855 274 692 180
857 275 692 962
867 276 692 1847
873 277 692 1662
878 278 692 1591
880 279 692 936
882 280 692 914
882 281 692 451
886 282 692 1466
891 283 692 1598
892 284 692 590
893 285 692 720
894 286 692 546
897 287 692 1236
904 288 692 1747
908 289 692 1365
916 290 692 1750
923 291 692 1706
925 292 692 1069
926 293 692 539
928 294 692 989
929 295 692 524
932 296 692 1184
933 297 692 589
933 298 692 90
935 299 692 895
935 300 692 66
940 301 692 1593
944 302 692 1363
946 303 692 1059
947 304 692 583
949 305 692 1044
953 306 692 1405
