5 0 1093 1531
13 1 1093 1758
13 2 1093 10
13 3 1093 14
14 4 1093 732
16 5 1093 957
19 6 1093 1183
20 7 1093 818
29 9 1093 119
29 8 1093 1802
34 10 1093 1495
36 11 1093 892
40 12 1093 1491
43 13 1093 1307
46 14 1093 1194
55 15 1093 1800
56 17 1093 404
56 18 1093 225
56 16 1093 515
57 19 1093 538
60 20 1093 1329
62 21 1093 894
66 22 1093 1484
73 23 1093 1743
75 24 1093 955
76 25 1093 797
80 27 1093 318
80 26 1093 1485
81 28 1093 734
83 29 1093 873
84 30 1093 825
84 31 1093 469
94 32 1093 1849
95 33 1093 780
110 34 1093 1904
112 35 1093 900
113 38 1093 493
113 37 1093 47
113 36 1093 581
118 39 1093 1545
121 40 1093 1305
125 41 1093 1418
126 42 1093 620
127 43 1093 560
131 44 1093 1348
138 45 1093 1708
141 46 1093 1320
142 47 1093 779
142 48 1093 160
147 49 1093 1576
157 50 1093 1845
158 51 1093 829
159 52 1093 506
159 53 1093 410
160 54 1093 719
161 57 1093 191
161 56 1093 274
161 55 1093 637
163 58 1093 984
174 59 1093 1860
178 60 1093 1397
179 61 1093 865
179 62 1093 83
181 63 1093 929
184 64 1093 1218
186 65 1093 1026
188 66 1093 968
189 67 1093 710
192 68 1093 1328
192 69 1093 293
195 70 1093 1218
195 71 1093 467
205 72 1093 1835
206 73 1093 604
209 74 1093 1157
219 76 1093 273
219 75 1093 1836
221 77 1093 924
221 78 1093 395
224 79 1093 1171
228 80 1093 1401
229 81 1093 706
229 82 1093 158
231 83 1093 1083
233 84 1093 952
253 85 1093 1921
266 86 1093 1888
270 87 1093 1439
270 88 1093 60
273 89 1093 1266
274 90 1093 626
274 91 1093 390
276 92 1093 987
277 95 1093 440
277 94 1093 148
277 93 1093 558
280 96 1093 1335
286 97 1093 1615
289 98 1093 1266
289 99 1093 322
290 100 1093 740
291 101 1093 609
295 102 1093 1376
303 104 1093 357
303 103 1093 1791
307 105 1093 1378
309 106 1093 918
318 107 1093 1827
321 108 1093 1177
322 109 1093 808
322 110 1093 363
325 111 1093 1274
332 112 1093 1721
339 114 1093 458
339 113 1093 1737
340 115 1093 691
341 116 1093 706
343 117 1093 924
357 118 1093 1902
360 119 1093 1222
362 120 1093 1063
366 121 1093 1453
367 123 1093 61
367 122 1093 649
372 124 1093 1592
373 125 1093 828
377 126 1093 1404
380 127 1093 1277
380 128 1093 456
381 129 1093 717
382 130 1093 501
383 131 1093 583
388 134 1093 431
388 132 1093 1583
388 133 1093 72
389 135 1093 792
392 136 1093 1254
392 137 1093 292
393 138 1093 725
398 139 1093 1499
400 140 1093 1002
400 141 1093 61
400 142 1093 261
403 143 1093 1177
405 144 1093 902
408 145 1093 1276
409 146 1093 593
412 148 1093 99
412 147 1093 1174
416 149 1093 1382
422 150 1093 1659
422 151 1093 410
428 153 1093 43
428 152 1093 1637
431 154 1093 1184
434 155 1093 1211
446 156 1093 1884
449 157 1093 1314
449 158 1093 198
453 159 1093 1454
467 160 1093 1898
472 161 1093 1566
476 164 1093 306
476 162 1093 1370
476 163 1093 460
483 165 1093 1704
489 166 1093 1616
495 167 1093 1649
498 168 1093 1306
503 169 1093 1591
507 174 1093 220
507 173 1093 403
507 172 1093 199
507 171 1093 413
507 170 1093 1361
509 175 1093 1002
512 176 1093 1192
516 177 1093 1397
518 178 1093 1084
518 179 1093 315
518 180 1093 235
518 181 1093 229
521 182 1093 1177
523 183 1093 999
525 184 1093 982
525 185 1093 90
527 186 1093 870
532 187 1093 1539
533 188 1093 813
536 189 1093 1144
537 190 1093 832
548 192 1093 93
548 191 1093 1864
551 193 1093 1196
556 194 1093 1525
560 195 1093 1361
561 196 1093 615
568 197 1093 1725
570 198 1093 870
572 199 1093 1122
577 200 1093 1585
579 201 1093 869
587 202 1093 1793
587 203 1093 433
587 204 1093 20
590 205 1093 1245
590 206 1093 211
593 207 1093 1234
600 212 1093 230
600 210 1093 19
600 211 1093 487
600 208 1093 1748
600 209 1093 182
609 213 1093 1808
612 214 1093 1219
618 215 1093 1668
618 216 1093 389
618 217 1093 371
622 219 1093 215
622 218 1093 1403
623 221 1093 77
623 220 1093 834
624 222 1093 835
624 223 1093 161
625 224 1093 758
629 225 1093 1422
629 226 1093 320
631 227 1093 927
632 228 1093 802
633 230 1093 386
633 229 1093 784
637 231 1093 1391
638 232 1093 526
651 233 1093 1886
652 234 1093 655
655 235 1093 1290
655 236 1093 361
656 237 1093 743
658 238 1093 978
664 239 1093 1662
673 240 1093 1804
678 241 1093 1561
685 242 1093 1716
686 243 1093 630
688 244 1093 1125
688 245 1093 345
694 246 1093 1633
694 247 1093 210
708 248 1093 1902
716 249 1093 1782
718 250 1093 971
718 251 1093 243
718 252 1093 322
719 253 1093 654
719 254 1093 288
724 255 1093 1508
724 256 1093 33
730 257 1093 1631
735 258 1093 1600
736 259 1093 523
738 260 1093 925
741 261 1093 1208
741 262 1093 432
743 263 1093 963
750 264 1093 1720
751 265 1093 552
763 267 1093 269
763 266 1093 1885
766 268 1093 1152
776 269 1093 1853
779 270 1093 1307
784 271 1093 1570
787 272 1093 1317
793 273 1093 1665
793 274 1093 336
796 277 1093 205
796 275 1093 1198
796 276 1093 285
798 278 1093 960
798 279 1093 412
805 280 1093 1713
805 281 1093 109
807 282 1093 949
809 283 1093 944
816 285 1093 142
816 284 1093 1737
818 286 1093 1069
827 287 1093 1796
832 288 1093 1597
834 289 1093 1072
837 290 1093 1257
838 291 1093 654
840 292 1093 1068
840 293 1093 455
841 294 1093 736
842 295 1093 595
844 296 1093 1128
845 297 1093 752
846 298 1093 834
847 299 1093 573
847 300 1093 384
851 301 1093 1364
853 303 1093 49
853 302 1093 983
853 304 1093 474
856 305 1093 1326
857 306 1093 851
