3 0 1367 1234
16 1 1367 1895
18 2 1367 924
19 3 1367 505
19 4 1367 59
21 5 1367 1033
24 6 1367 1172
27 7 1367 1201
31 9 1367 200
31 8 1367 1350
33 10 1367 1084
33 11 1367 457
42 12 1367 1810
42 13 1367 481
43 14 1367 577
43 15 1367 264
50 17 1367 167
50 16 1367 1698
55 19 1367 372
55 18 1367 1570
57 20 1367 1115
57 21 1367 64
57 22 1367 189
57 23 1367 19
58 24 1367 717
59 25 1367 728
60 26 1367 783
61 27 1367 712
69 28 1367 1763
71 29 1367 1078
72 30 1367 566
72 31 1367 86
75 32 1367 1229
77 33 1367 1072
78 34 1367 728
81 35 1367 1336
84 36 1367 1284
88 38 1367 360
88 37 1367 1445
90 39 1367 1141
95 40 1367 1560
95 41 1367 300
98 42 1367 1303
108 43 1367 1836
108 44 1367 206
112 45 1367 1429
117 46 1367 1524
118 47 1367 695
121 48 1367 1205
125 49 1367 1368
127 50 1367 980
131 51 1367 1394
132 52 1367 817
141 53 1367 1813
141 54 1367 299
144 55 1367 1170
151 56 1367 1705
153 57 1367 904
160 58 1367 1713
163 59 1367 1255
163 60 1367 249
163 61 1367 460
167 62 1367 1362
167 63 1367 271
172 64 1367 1558
174 65 1367 998
177 66 1367 1152
178 67 1367 737
184 68 1367 1677
187 69 1367 1165
189 70 1367 905
189 71 1367 253
196 72 1367 1732
196 73 1367 428
197 74 1367 736
198 75 1367 815
199 77 1367 278
199 76 1367 686
206 78 1367 1738
209 79 1367 1212
211 80 1367 1129
211 81 1367 88
215 82 1367 1432
215 83 1367 395
215 84 1367 98
217 85 1367 1097
220 86 1367 1193
223 87 1367 1341
224 88 1367 773
228 89 1367 1483
233 90 1367 1556
233 91 1367 379
239 92 1367 1656
241 93 1367 1029
243 94 1367 892
245 95 1367 1100
246 96 1367 862
248 97 1367 1031
248 98 1367 277
250 99 1367 1133
250 100 1367 277
251 101 1367 786
253 103 1367 39
253 104 1367 462
253 102 1367 942
254 105 1367 727
259 106 1367 1587
259 107 1367 389
261 108 1367 1077
265 109 1367 1408
265 110 1367 484
269 111 1367 1427
271 112 1367 1091
272 114 1367 126
272 115 1367 160
272 113 1367 500
274 116 1367 953
276 117 1367 967
276 118 1367 173
276 119 1367 461
283 120 1367 1729
290 121 1367 1736
303 123 1367 194
303 122 1367 1889
308 124 1367 1534
309 125 1367 526
310 126 1367 522
311 127 1367 702
315 128 1367 1461
320 129 1367 1561
332 130 1367 1878
337 131 1367 1579
337 132 1367 0
338 133 1367 605
340 134 1367 935
340 135 1367 342
342 136 1367 1071
346 137 1367 1392
357 138 1367 1857
360 139 1367 1295
364 140 1367 1434
365 142 1367 264
365 141 1367 803
368 143 1367 1289
370 144 1367 998
370 145 1367 128
373 146 1367 1213
376 147 1367 1155
378 148 1367 902
379 149 1367 732
379 150 1367 146
388 151 1367 1819
389 152 1367 857
396 153 1367 1741
399 154 1367 1328
399 155 1367 466
400 156 1367 822
401 157 1367 748
401 158 1367 429
412 159 1367 1861
412 160 1367 205
414 161 1367 884
415 162 1367 853
419 163 1367 1440
423 164 1367 1455
424 165 1367 829
428 166 1367 1426
428 167 1367 486
432 168 1367 1490
439 169 1367 1709
441 170 1367 1013
445 171 1367 1485
447 172 1367 1035
448 173 1367 802
450 174 1367 951
452 175 1367 926
456 176 1367 1472
457 177 1367 599
459 178 1367 1120
463 179 1367 1406
466 180 1367 1237
469 181 1367 1291
476 182 1367 1725
477 183 1367 729
481 184 1367 1414
481 185 1367 58
482 186 1367 721
482 187 1367 184
485 188 1367 1202
485 189 1367 469
489 191 1367 323
489 190 1367 1444
491 192 1367 963
511 193 1367 1920
513 194 1367 1090
514 195 1367 550
526 196 1367 1875
527 197 1367 748
535 198 1367 1759
535 199 1367 169
536 200 1367 627
537 201 1367 726
542 202 1367 1590
544 203 1367 1118
550 204 1367 1643
551 205 1367 586
552 206 1367 784
552 207 1367 54
553 208 1367 789
553 209 1367 401
555 211 1367 223
555 210 1367 918
560 212 1367 1552
562 213 1367 947
563 214 1367 623
564 215 1367 838
566 216 1367 1084
566 217 1367 124
566 218 1367 25
570 219 1367 1396
570 220 1367 107
573 221 1367 1241
576 222 1367 1209
578 223 1367 1020
578 224 1367 264
579 225 1367 690
580 226 1367 521
582 227 1367 1039
588 228 1367 1637
588 229 1367 401
590 230 1367 975
591 231 1367 723
592 232 1367 764
594 233 1367 951
595 234 1367 778
596 235 1367 511
602 236 1367 1625
603 237 1367 606
605 238 1367 1010
606 239 1367 828
609 240 1367 1199
610 241 1367 667
613 242 1367 1320
614 243 1367 800
618 244 1367 1475
621 245 1367 1221
622 246 1367 695
622 247 1367 15
625 249 1367 251
625 248 1367 1297
629 250 1367 1391
637 251 1367 1750
638 252 1367 722
638 253 1367 362
638 254 1367 61
641 255 1367 1310
645 256 1367 1442
646 257 1367 570
647 258 1367 853
649 259 1367 952
649 260 1367 64
655 261 1367 1669
655 262 1367 342
655 263 1367 388
659 264 1367 1351
659 265 1367 195
663 266 1367 1383
664 269 1367 112
664 268 1367 169
664 267 1367 601
666 270 1367 1138
666 271 1367 477
668 272 1367 1038
670 273 1367 1122
670 274 1367 196
674 275 1367 1365
684 277 1367 409
684 276 1367 1846
688 278 1367 1469
690 279 1367 968
709 280 1367 1919
710 281 1367 505
716 282 1367 1667
720 283 1367 1385
722 284 1367 934
725 286 1367 1
725 287 1367 401
725 285 1367 1149
727 288 1367 890
731 289 1367 1393
733 290 1367 993
735 291 1367 1055
741 292 1367 1677
741 293 1367 58
742 294 1367 764
746 296 1367 324
746 295 1367 1455
748 297 1367 931
752 298 1367 1373
755 299 1367 1280
763 300 1367 1763
763 301 1367 94
771 302 1367 1771
774 303 1367 1184
776 304 1367 1038
778 305 1367 914
779 306 1367 712
