0 0 416 52
19 1 416 1919
23 2 416 1438
23 3 416 169
30 4 416 1689
31 5 416 714
35 7 416 377
35 8 416 338
35 6 416 1490
44 9 416 1808
44 10 416 301
44 11 416 489
48 12 416 1450
49 13 416 559
49 14 416 30
58 15 416 1808
61 16 416 1205
63 18 416 97
63 17 416 1140
64 19 416 762
69 20 416 1536
69 21 416 143
83 22 416 1896
88 23 416 1502
88 24 416 344
97 25 416 1826
101 26 416 1369
108 27 416 1691
121 28 416 1889
122 29 416 819
128 30 416 1646
129 31 416 765
130 32 416 649
130 33 416 270
131 36 416 165
131 37 416 475
131 34 416 832
131 35 416 144
136 38 416 1595
140 39 416 1356
144 40 416 1433
150 41 416 1651
151 42 416 868
152 43 416 809
154 44 416 1099
159 45 416 1599
161 47 416 241
161 46 416 1141
166 48 416 1591
167 49 416 598
172 50 416 1603
175 51 416 1152
177 52 416 1079
178 53 416 650
179 54 416 756
189 56 416 22
189 55 416 1834
200 57 416 1861
208 58 416 1750
216 59 416 1788
219 60 416 1270
226 61 416 1723
226 62 416 413
230 63 416 1444
230 64 416 162
234 65 416 1461
242 66 416 1764
245 67 416 1180
251 68 416 1652
260 69 416 1811
266 70 416 1642
267 71 416 729
271 72 416 1469
272 73 416 666
275 74 416 1254
284 75 416 1809
287 76 416 1199
289 77 416 1087
289 78 416 403
290 79 416 669
291 80 416 684
293 81 416 1127
293 82 416 100
296 83 416 1290
298 85 416 494
298 84 416 1141
304 86 416 1610
328 87 416 1923
332 88 416 1438
334 89 416 923
334 90 416 122
334 91 416 229
335 92 416 650
342 93 416 1732
342 94 416 85
348 95 416 1634
351 96 416 1237
355 97 416 1348
356 98 416 646
361 99 416 1562
369 100 416 1760
381 101 416 1885
382 102 416 514
389 103 416 1705
391 104 416 880
393 105 416 873
399 106 416 1607
399 107 416 413
402 108 416 1321
404 109 416 871
405 110 416 634
406 111 416 859
410 112 416 1457
412 113 416 1081
414 115 416 142
414 114 416 1103
420 116 416 1623
422 117 416 1048
422 118 416 303
427 119 416 1592
435 120 416 1775
443 121 416 1765
449 122 416 1666
450 123 416 728
456 124 416 1689
460 125 416 1413
460 126 416 79
466 127 416 1662
467 128 416 580
472 129 416 1544
473 130 416 572
481 131 416 1775
481 132 416 440
482 133 416 765
483 134 416 834
484 135 416 723
485 136 416 613
485 137 416 319
485 138 416 410
485 139 416 267
486 140 416 811
489 141 416 1196
490 142 416 601
491 144 416 288
491 143 416 567
494 145 416 1187
495 146 416 697
499 147 416 1493
500 148 416 628
511 149 416 1868
511 150 416 11
511 151 416 189
513 152 416 1045
515 153 416 979
522 154 416 1711
541 155 416 1919
541 156 416 219
548 157 416 1710
548 158 416 16
552 159 416 1392
553 160 416 793
564 161 416 1869
572 162 416 1758
579 164 416 299
579 163 416 1702
580 165 416 784
580 166 416 419
581 167 416 692
581 168 416 247
581 169 416 379
585 170 416 1454
588 171 416 1303
589 173 416 35
589 172 416 638
590 174 416 780
591 175 416 579
594 176 416 1163
596 177 416 1099
596 178 416 439
597 179 416 501
598 180 416 715
599 181 416 511
601 182 416 1033
602 183 416 637
607 184 416 1532
607 185 416 382
608 186 416 730
612 187 416 1386
614 188 416 978
615 189 416 839
616 190 416 504
617 192 416 303
617 191 416 828
619 193 416 942
623 194 416 1399
624 195 416 867
628 196 416 1363
629 197 416 824
629 198 416 268
633 199 416 1429
634 201 416 4
634 200 416 767
637 202 416 1246
637 203 416 248
637 204 416 413
638 205 416 633
642 206 416 1476
644 207 416 1009
644 208 416 198
646 209 416 1132
647 210 416 755
649 211 416 1045
652 212 416 1270
656 213 416 1439
657 214 416 676
657 215 416 281
658 216 416 835
660 217 416 1121
660 218 416 169
670 220 416 53
670 219 416 1841
672 221 416 957
678 222 416 1639
681 223 416 1332
690 224 416 1800
691 225 416 625
693 226 416 999
699 227 416 1620
700 228 416 560
710 229 416 1838
712 231 416 339
712 230 416 1140
713 232 416 830
715 233 416 935
721 234 416 1658
722 235 416 711
725 236 416 1190
726 237 416 785
726 238 416 223
728 239 416 899
729 240 416 831
735 241 416 1645
738 242 416 1188
746 243 416 1770
746 244 416 84
750 245 416 1384
754 246 416 1482
755 247 416 789
755 248 416 266
757 251 416 242
757 250 416 31
757 249 416 1117
758 252 416 655
758 253 416 352
762 254 416 1375
769 255 416 1735
769 256 416 290
779 257 416 1838
779 258 416 373
786 259 416 1712
791 260 416 1558
799 261 416 1781
799 262 416 448
799 263 416 284
817 264 416 1917
817 265 416 416
817 266 416 214
817 267 416 335
824 268 416 1705
837 269 416 1890
839 270 416 1016
839 271 416 50
841 272 416 897
844 273 416 1194
846 274 416 1010
846 275 416 333
853 276 416 1694
861 277 416 1793
864 279 416 416
864 278 416 1248
866 280 416 1068
866 281 416 210
870 282 416 1354
874 283 416 1367
883 284 416 1807
885 285 416 898
891 286 416 1608
891 287 416 478
895 288 416 1484
905 289 416 1848
905 290 416 420
908 291 416 1276
908 292 416 411
908 293 416 435
911 294 416 1265
913 295 416 974
916 296 416 1196
918 297 416 904
926 298 416 1778
931 299 416 1593
934 300 416 1169
937 301 416 1146
939 302 416 1008
939 303 416 300
939 304 416 101
954 305 416 1905
957 306 416 1269
