5 0 1676 1597
5 1 1676 334
6 2 1676 610
6 3 1676 130
10 4 1676 1451
19 5 1676 1809
19 6 1676 166
19 7 1676 437
23 8 1676 1417
26 9 1676 1224
26 10 1676 234
29 11 1676 1165
29 12 1676 425
29 13 1676 33
34 16 1676 418
34 17 1676 359
34 14 1676 1504
34 15 1676 382
36 18 1676 1052
41 19 1676 1564
44 20 1676 1173
48 21 1676 1403
53 22 1676 1534
58 23 1676 1600
60 24 1676 1090
63 25 1676 1276
65 26 1676 1065
65 27 1676 410
71 28 1676 1608
71 29 1676 136
71 30 1676 203
73 31 1676 1109
73 32 1676 57
85 36 1676 454
85 35 1676 155
85 37 1676 254
85 33 1676 1883
85 34 1676 174
86 38 1676 687
88 39 1676 970
91 40 1676 1254
91 41 1676 251
92 42 1676 833
92 43 1676 147
93 44 1676 859
95 45 1676 1081
98 46 1676 1225
101 47 1676 1197
104 48 1676 1184
105 49 1676 542
108 50 1676 1168
117 51 1676 1796
118 52 1676 868
119 53 1676 737
120 55 1676 194
120 54 1676 588
121 56 1676 725
123 57 1676 934
125 58 1676 965
125 59 1676 174
126 60 1676 744
132 61 1676 1680
133 62 1676 754
136 63 1676 1280
138 64 1676 1020
140 65 1676 1050
142 66 1676 1107
142 67 1676 466
150 68 1676 1783
154 69 1676 1349
164 70 1676 1853
164 71 1676 163
169 73 1676 82
169 72 1676 1596
169 74 1676 309
171 75 1676 922
172 76 1676 569
176 77 1676 1387
177 78 1676 741
177 79 1676 8
177 80 1676 50
185 81 1676 1792
188 82 1676 1150
190 83 1676 1066
192 86 1676 240
192 84 1676 893
192 85 1676 332
195 87 1676 1245
198 88 1676 1294
213 89 1676 1904
217 90 1676 1354
221 91 1676 1444
224 92 1676 1214
225 94 1676 226
225 93 1676 513
230 95 1676 1498
234 96 1676 1422
238 97 1676 1478
240 98 1676 1051
247 99 1676 1734
261 100 1676 1898
262 101 1676 759
265 102 1676 1338
273 103 1676 1760
274 104 1676 613
276 105 1676 1004
276 106 1676 199
277 107 1676 786
277 108 1676 427
282 109 1676 1591
287 110 1676 1550
290 112 1676 193
290 111 1676 1263
292 114 1676 123
292 113 1676 956
294 115 1676 876
295 116 1676 530
301 117 1676 1613
301 118 1676 387
302 119 1676 688
303 120 1676 809
311 121 1676 1787
313 122 1676 1096
322 123 1676 1804
341 125 1676 408
341 124 1676 1919
343 126 1676 874
345 127 1676 1083
353 128 1676 1780
354 129 1676 736
358 130 1676 1425
360 131 1676 1016
360 132 1676 335
362 134 1676 35
362 133 1676 931
365 135 1676 1216
365 136 1676 453
368 137 1676 1315
368 138 1676 452
377 139 1676 1813
377 140 1676 132
381 141 1676 1379
382 142 1676 817
388 145 1676 91
388 143 1676 1628
388 144 1676 354
391 146 1676 1250
391 147 1676 257
391 148 1676 389
394 149 1676 1274
396 150 1676 968
403 151 1676 1734
405 153 1676 362
405 152 1676 1091
407 154 1676 925
407 155 1676 111
412 156 1676 1587
416 157 1676 1459
424 158 1676 1766
424 159 1676 204
424 160 1676 129
426 161 1676 1040
428 162 1676 930
434 163 1676 1616
434 164 1676 165
435 165 1676 533
437 166 1676 927
440 167 1676 1187
442 168 1676 921
443 169 1676 832
443 170 1676 423
445 171 1676 1139
448 172 1676 1160
448 173 1676 498
449 174 1676 556
453 175 1676 1354
455 176 1676 970
459 177 1676 1393
463 178 1676 1449
472 179 1676 1828
474 180 1676 1083
475 181 1676 616
476 182 1676 694
477 183 1676 506
484 184 1676 1693
490 185 1676 1616
500 186 1676 1849
514 187 1676 1898
514 188 1676 5
524 189 1676 1848
529 190 1676 1553
531 191 1676 918
535 192 1676 1474
535 193 1676 247
541 194 1676 1683
543 195 1676 1016
543 196 1676 449
545 197 1676 1125
549 198 1676 1462
556 199 1676 1745
558 200 1676 1088
558 201 1676 63
561 202 1676 1261
565 203 1676 1482
566 204 1676 851
574 205 1676 1753
575 206 1676 573
576 207 1676 592
583 208 1676 1731
588 209 1676 1495
590 210 1676 1065
590 211 1676 194
590 212 1676 10
601 213 1676 1862
603 214 1676 1046
607 215 1676 1438
607 216 1676 346
607 217 1676 424
617 219 1676 474
617 218 1676 1848
618 220 1676 609
620 221 1676 954
623 222 1676 1181
625 223 1676 997
628 224 1676 1203
632 225 1676 1429
637 226 1676 1590
639 227 1676 913
640 228 1676 739
644 229 1676 1464
646 230 1676 905
654 231 1676 1769
665 232 1676 1855
671 233 1676 1628
672 234 1676 740
674 235 1676 1019
677 236 1676 1280
679 237 1676 1137
684 238 1676 1579
695 239 1676 1864
697 240 1676 1043
700 241 1676 1257
700 242 1676 166
700 243 1676 435
701 244 1676 783
705 245 1676 1359
707 246 1676 908
712 247 1676 1536
714 248 1676 1125
714 249 1676 245
715 250 1676 669
715 251 1676 24
718 252 1676 1202
720 253 1676 988
722 254 1676 1136
722 255 1676 133
723 258 1676 279
723 256 1676 807
723 257 1676 263
727 259 1676 1346
727 260 1676 162
732 261 1676 1584
740 262 1676 1778
740 263 1676 266
741 264 1676 590
744 266 1676 264
744 267 1676 306
744 265 1676 1220
746 268 1676 1122
746 269 1676 27
746 270 1676 157
748 271 1676 1134
749 272 1676 769
764 273 1676 1908
768 274 1676 1356
771 275 1676 1277
772 276 1676 788
773 277 1676 746
773 278 1676 214
781 279 1676 1768
782 280 1676 521
782 281 1676 54
789 282 1676 1712
789 283 1676 493
790 284 1676 794
792 285 1676 880
793 286 1676 567
794 287 1676 867
794 288 1676 491
795 289 1676 606
795 290 1676 212
797 291 1676 1016
798 292 1676 857
798 293 1676 233
805 294 1676 1702
809 295 1676 1383
813 296 1676 1403
822 297 1676 1824
830 298 1676 1769
834 299 1676 1487
836 300 1676 1095
837 301 1676 601
837 302 1676 413
839 303 1676 1098
839 304 1676 87
843 305 1676 1460
846 306 1676 1180
