0 0 2 8
0 363 2 1244
2 2 2 181
2 1 2 988
2 364 2 1110
3 3 2 792
5 4 2 874
5 5 2 124
7 365 2 1591
8 6 2 1300
11 7 2 1202
11 366 2 1457
13 367 2 1127
14 368 2 845
14 8 2 1280
16 370 2 304
16 369 2 1086
17 9 2 1212
22 372 2 166
22 371 2 1657
23 10 2 1657
24 373 2 1016
25 11 2 1006
29 374 2 1565
30 375 2 618
31 376 2 562
31 377 2 192
31 12 2 1614
33 378 2 1120
33 379 2 196
36 13 2 1544
37 380 2 1447
37 14 2 771
38 381 2 675
39 15 2 976
47 16 2 1781
51 17 2 1490
53 18 2 1042
55 383 2 281
55 382 2 1913
55 19 2 1004
59 20 2 1395
59 384 2 1416
60 22 2 213
60 21 2 703
60 386 2 4
60 385 2 569
61 388 2 408
61 387 2 832
65 389 2 1351
67 24 2 160
67 23 2 1732
68 25 2 625
78 390 2 1892
78 27 2 460
78 26 2 1845
79 28 2 585
80 391 2 1053
80 393 2 217
80 392 2 383
81 29 2 939
82 30 2 502
83 31 2 537
85 32 2 1043
88 394 2 1781
88 34 2 107
88 33 2 1256
89 395 2 783
90 35 2 1124
94 396 2 1584
94 397 2 86
96 398 2 978
96 399 2 294
96 400 2 414
96 401 2 172
96 402 2 441
98 37 2 489
98 39 2 95
98 40 2 407
98 38 2 364
98 36 2 1783
99 41 2 635
101 403 2 1499
103 42 2 1381
103 404 2 942
104 405 2 752
105 406 2 740
106 43 2 1315
106 45 2 431
106 44 2 122
106 46 2 359
110 407 2 1569
111 408 2 564
112 409 2 786
115 410 2 1173
115 411 2 80
116 47 2 1838
119 48 2 1291
120 50 2 32
120 49 2 671
121 412 2 1625
122 51 2 1038
122 413 2 587
123 52 2 565
123 414 2 771
124 415 2 509
127 416 2 1312
131 53 2 1763
133 54 2 964
136 55 2 1230
137 56 2 774
137 57 2 374
138 60 2 204
138 59 2 249
138 58 2 631
139 61 2 839
140 62 2 617
140 63 2 341
141 417 2 1903
141 64 2 709
143 65 2 1119
149 418 2 1753
150 419 2 540
155 420 2 1587
156 66 2 1887
156 67 2 357
156 421 2 624
157 422 2 719
160 68 2 1436
161 423 2 1418
163 424 2 1119
165 69 2 1571
166 425 2 1175
167 70 2 1118
169 426 2 1274
170 71 2 1291
172 72 2 1126
174 73 2 947
175 74 2 596
176 75 2 759
179 76 2 1247
180 77 2 823
181 427 2 1873
184 428 2 1160
185 429 2 781
186 78 2 1610
187 431 2 475
187 430 2 959
189 432 2 1138
190 433 2 825
192 81 2 6
192 80 2 265
192 79 2 1654
194 82 2 1093
197 434 2 1707
200 435 2 1274
200 437 2 413
200 436 2 234
203 438 2 1263
204 439 2 664
204 83 2 1838
206 84 2 906
210 85 2 1389
212 440 2 1754
212 441 2 359
212 442 2 267
217 443 2 1546
217 444 2 178
224 86 2 1897
226 445 2 1811
227 87 2 1204
227 88 2 291
228 90 2 350
228 89 2 802
230 446 2 1353
232 91 2 1409
237 447 2 1720
240 93 2 115
240 92 2 1782
241 448 2 1371
244 449 2 1271
248 450 2 1396
249 94 2 1816
253 96 2 18
253 451 2 1605
253 452 2 258
253 453 2 438
253 95 2 1493
254 454 2 632
255 97 2 1040
256 98 2 605
258 99 2 927
258 100 2 468
258 101 2 1
258 102 2 402
261 455 2 1714
264 103 2 1645
265 456 2 1377
267 457 2 947
267 458 2 380
268 104 2 1478
269 105 2 665
274 459 2 1692
278 460 2 1403
279 462 2 408
279 106 2 1837
279 461 2 791
284 107 2 1543
286 463 2 1707
287 108 2 1167
287 109 2 205
294 464 2 1752
295 465 2 697
296 466 2 867
297 467 2 799
298 468 2 805
302 470 2 275
302 469 2 1421
302 110 2 1907
304 471 2 898
305 472 2 639
307 473 2 1089
308 474 2 711
311 475 2 1227
311 476 2 357
313 477 2 1098
314 111 2 1876
315 112 2 688
316 478 2 1240
317 113 2 902
319 479 2 1232
326 480 2 1746
330 481 2 1479
331 482 2 502
332 114 2 1908
332 115 2 197
338 116 2 1670
339 117 2 703
340 483 2 1814
343 484 2 1310
343 118 2 1359
346 485 2 1278
346 486 2 217
346 119 2 1245
347 487 2 699
347 488 2 193
349 120 2 1147
350 122 2 66
350 121 2 683
351 123 2 634
354 124 2 1221
360 125 2 1633
364 126 2 1433
365 489 2 1918
366 127 2 1010
368 128 2 1056
370 129 2 1028
371 130 2 740
371 131 2 207
371 132 2 217
372 133 2 682
374 490 2 1822
375 135 2 264
375 134 2 1185
377 492 2 33
377 491 2 1211
380 136 2 1529
382 493 2 1496
384 137 2 1373
384 138 2 360
384 139 2 241
385 494 2 1185
387 495 2 962
388 143 2 86
388 142 2 37
388 141 2 353
388 140 2 1476
389 145 2 399
389 144 2 819
390 146 2 720
392 147 2 880
392 148 2 131
398 149 2 1618
399 497 2 484
399 496 2 1875
405 150 2 1747
406 498 2 1719
408 151 2 1240
410 499 2 1406
412 500 2 944
413 501 2 554
413 152 2 1605
415 502 2 914
416 153 2 1284
423 154 2 1705
427 503 2 1875
429 504 2 995
429 505 2 497
430 155 2 1710
431 506 2 966
433 507 2 1094
439 508 2 1652
441 156 2 1860
442 509 2 1329
446 510 2 1356
446 511 2 278
448 158 2 424
448 157 2 1692
452 512 2 1631
454 513 2 1073
456 159 2 1769
459 160 2 1156
460 163 2 138
460 162 2 487
460 161 2 826
464 164 2 1389
465 514 2 1870
471 165 2 1700
475 516 2 289
475 515 2 1849
476 517 2 519
476 521 2 167
476 520 2 479
476 519 2 473
476 518 2 397
477 522 2 605
477 166 2 1658
477 167 2 6
478 523 2 812
483 524 2 1523
483 168 2 1641
485 525 2 989
486 526 2 865
488 527 2 1068
489 169 2 1644
490 170 2 592
490 171 2 296
490 172 2 343
492 173 2 1117
497 528 2 1828
499 174 2 1693
500 175 2 793
501 176 2 645
503 529 2 1673
506 530 2 1276
515 531 2 1797
516 177 2 1905
518 532 2 1304
523 178 2 1740
524 179 2 821
526 180 2 913
526 534 2 287
526 533 2 1759
527 181 2 553
529 182 2 878
529 535 2 1192
530 536 2 564
531 537 2 551
532 538 2 818
533 539 2 812
533 540 2 312
533 183 2 1362
535 541 2 1048
536 184 2 1205
537 542 2 972
538 543 2 789
539 544 2 561
540 185 2 1425
541 186 2 526
542 187 2 857
544 545 2 1543
544 188 2 901
548 190 2 329
548 189 2 1400
549 546 2 1504
551 547 2 884
556 191 2 1762
556 548 2 1550
558 192 2 949
559 549 2 1261
559 193 2 515
560 550 2 673
561 194 2 1009
562 195 2 650
564 551 2 1355
564 552 2 87
567 553 2 1245
569 554 2 926
570 196 2 1791
570 555 2 777
579 197 2 1823
580 198 2 621
582 557 2 102
582 558 2 351
582 199 2 1044
582 556 2 1873
582 559 2 6
583 200 2 665
584 201 2 714
587 203 2 412
587 202 2 1163
587 560 2 1557
589 204 2 1026
593 205 2 1451
595 207 2 488
595 206 2 896
596 561 2 1823
599 562 2 1190
600 208 2 1515
602 209 2 912
604 210 2 1064
614 563 2 1903
614 564 2 53
616 211 2 1879
618 565 2 1483
620 566 2 899
628 212 2 1877
629 567 2 1797
630 568 2 785
631 569 2 678
633 213 2 1527
634 214 2 856
634 570 2 1284
635 215 2 603
640 571 2 1662
646 572 2 1626
646 216 2 1872
648 217 2 1050
649 218 2 858
651 574 2 161
651 573 2 1509
655 575 2 1356
657 576 2 1119
662 219 2 1889
664 577 2 1741
664 578 2 250
665 220 2 1173
666 221 2 800
668 222 2 1029
668 223 2 241
671 224 2 1315
672 225 2 754
675 226 2 1272
679 579 2 1905
683 227 2 1753
683 228 2 108
683 580 2 1409
685 229 2 1043
687 230 2 927
688 231 2 746
691 232 2 1284
692 235 2 199
692 234 2 156
692 233 2 695
695 236 2 1314
695 237 2 466
695 238 2 335
698 581 2 1905
701 239 2 1679
702 240 2 528
702 241 2 38
702 582 2 1442
703 583 2 566
705 584 2 999
705 242 2 1266
715 585 2 1845
722 243 2 1914
722 245 2 374
722 244 2 335
722 586 2 1710
722 587 2 58
723 588 2 832
727 589 2 1435
730 592 2 199
730 591 2 461
730 590 2 1243
731 593 2 812
731 246 2 1810
734 595 2 414
734 594 2 1180
735 247 2 1347
740 249 2 405
740 248 2 1583
741 250 2 703
742 251 2 741
742 596 2 1782
744 252 2 965
744 597 2 994
745 598 2 736
745 253 2 656
747 599 2 1002
748 600 2 643
754 601 2 1632
754 602 2 98
754 254 2 1795
756 603 2 872
762 255 2 1789
768 256 2 1609
770 257 2 922
770 604 2 1901
772 258 2 1022
772 260 2 178
772 605 2 935
772 259 2 271
774 261 2 1068
774 262 2 379
774 263 2 472
778 606 2 1654
779 607 2 503
781 608 2 1084
785 609 2 1495
790 264 2 1910
790 265 2 317
790 611 2 132
790 610 2 1583
791 266 2 595
794 267 2 1181
798 613 2 371
798 612 2 1776
798 268 2 1371
799 269 2 657
802 270 2 1214
806 271 2 1405
807 272 2 714
809 273 2 1103
813 274 2 1360
815 275 2 1134
819 276 2 1458
821 277 2 1040
831 278 2 1831
833 279 2 940
835 280 2 869
845 281 2 1850
845 282 2 169
851 283 2 1627
851 284 2 339
851 285 2 185
858 286 2 1705
859 287 2 627
860 288 2 824
860 289 2 291
861 291 2 391
861 290 2 514
865 292 2 1368
865 293 2 63
870 294 2 1500
874 295 2 1384
879 296 2 1583
880 297 2 794
880 298 2 3
880 299 2 17
887 300 2 1703
888 301 2 629
902 302 2 1900
904 303 2 926
906 304 2 1116
909 306 2 26
909 305 2 1222
917 307 2 1787
920 308 2 1221
921 309 2 661
921 310 2 330
922 311 2 568
924 312 2 1016
924 313 2 81
927 314 2 1327
927 315 2 253
929 316 2 899
930 317 2 677
930 318 2 133
937 319 2 1724
938 320 2 537
951 321 2 1893
951 322 2 356
953 323 2 1080
953 324 2 142
954 326 2 37
954 325 2 822
955 327 2 650
960 328 2 1528
974 329 2 1901
978 330 2 1475
979 331 2 664
981 332 2 1036
990 333 2 1813
993 334 2 1161
993 335 2 240
1005 336 2 1874
1008 337 2 1167
1009 338 2 511
1011 339 2 1041
1011 340 2 159
1021 341 2 1843
1024 342 2 1331
1024 343 2 163
1036 344 2 1885
1047 345 2 1871
1050 346 2 1300
1053 347 2 1286
1054 348 2 661
1057 350 2 484
1057 349 2 1246
1059 351 2 906
1060 352 2 660
1060 353 2 204
1064 354 2 1405
1071 355 2 1735
1071 356 2 272
1072 357 2 820
1073 358 2 784
1073 359 2 293
1076 360 2 1185
1079 362 2 259
1079 361 2 1301
