1 0 765 516
5 1 765 1443
7 2 765 921
7 3 765 428
7 4 765 485
7 5 765 337
7 6 765 398
10 7 765 1234
11 8 765 625
12 9 765 630
13 10 765 522
13 11 765 206
15 12 765 1129
18 13 765 1289
20 14 765 1139
25 15 765 1498
26 16 765 566
28 17 765 1062
29 18 765 533
32 19 765 1189
37 20 765 1542
39 21 765 1103
54 22 765 1908
56 23 765 999
57 24 765 515
62 25 765 1539
63 26 765 749
65 27 765 967
76 28 765 1871
77 29 765 816
80 30 765 1173
81 31 765 770
82 32 765 692
85 33 765 1252
85 34 765 53
85 35 765 498
90 36 765 1559
102 37 765 1873
106 38 765 1468
113 39 765 1693
114 40 765 823
114 41 765 444
115 42 765 679
117 43 765 991
126 44 765 1808
127 45 765 808
129 46 765 968
131 47 765 1090
134 48 765 1247
138 49 765 1370
140 50 765 990
141 51 765 576
141 52 765 228
141 53 765 261
141 54 765 365
144 55 765 1337
148 56 765 1460
158 57 765 1847
168 58 765 1837
170 59 765 871
175 60 765 1513
179 61 765 1355
182 62 765 1288
189 63 765 1734
193 64 765 1382
199 65 765 1676
203 66 765 1438
212 67 765 1801
215 68 765 1235
216 69 765 640
227 70 765 1864
228 71 765 618
233 72 765 1518
234 73 765 764
234 74 765 366
236 76 765 423
236 75 765 1097
238 77 765 917
240 78 765 1116
246 79 765 1631
247 80 765 571
252 81 765 1584
258 82 765 1644
259 83 765 500
267 84 765 1750
268 85 765 597
269 86 765 542
269 87 765 431
271 88 765 887
272 89 765 640
274 90 765 963
280 91 765 1636
280 92 765 35
281 94 765 180
281 93 765 597
285 95 765 1392
287 96 765 1080
289 97 765 870
294 98 765 1533
294 99 765 132
297 100 765 1295
299 101 765 1091
307 102 765 1779
308 103 765 606
312 104 765 1431
312 105 765 372
314 106 765 982
318 107 765 1388
327 108 765 1820
330 109 765 1192
332 110 765 913
333 111 765 542
334 114 765 300
334 112 765 731
334 113 765 206
345 115 765 1854
351 116 765 1635
352 117 765 788
367 118 765 1908
368 119 765 785
370 120 765 1134
372 121 765 1007
374 122 765 913
375 123 765 594
380 124 765 1601
380 125 765 228
381 126 765 582
383 127 765 921
384 128 765 584
386 129 765 898
386 130 765 17
390 131 765 1478
393 132 765 1308
395 133 765 983
395 134 765 336
399 135 765 1404
406 136 765 1729
408 137 765 1038
410 138 765 994
414 139 765 1378
419 140 765 1539
421 141 765 1078
422 142 765 535
428 143 765 1619
434 144 765 1652
434 145 765 420
436 146 765 905
444 148 765 297
444 147 765 1754
444 149 765 251
450 151 765 292
450 150 765 1681
452 152 765 886
453 153 765 748
455 154 765 922
455 155 765 287
455 156 765 178
458 157 765 1185
460 158 765 930
463 159 765 1203
470 160 765 1714
470 161 765 61
471 162 765 804
473 163 765 921
476 164 765 1175
480 165 765 1360
483 166 765 1159
489 167 765 1672
497 168 765 1794
498 169 765 820
498 170 765 124
499 171 765 597
506 172 765 1719
507 173 765 530
510 174 765 1171
510 175 765 55
510 176 765 471
513 177 765 1219
514 178 765 867
517 179 765 1181
520 180 765 1247
521 181 765 753
522 183 765 333
522 182 765 624
524 184 765 1142
530 185 765 1649
531 186 765 591
532 187 765 559
532 188 765 61
532 189 765 48
535 190 765 1226
536 192 765 108
536 191 765 543
543 193 765 1716
548 194 765 1588
552 195 765 1477
552 196 765 274
557 197 765 1539
557 198 765 444
557 199 765 291
560 200 765 1186
563 201 765 1157
575 202 765 1884
579 203 765 1401
579 204 765 126
581 205 765 1083
581 206 765 497
581 207 765 356
586 208 765 1502
587 209 765 867
594 210 765 1741
596 212 765 317
596 211 765 883
602 213 765 1673
614 214 765 1880
616 215 765 961
620 216 765 1362
620 217 765 470
627 218 765 1704
631 219 765 1450
632 220 765 769
633 221 765 599
639 222 765 1611
646 223 765 1746
651 224 765 1519
656 225 765 1506
656 226 765 489
656 227 765 3
657 228 765 866
663 229 765 1618
670 230 765 1706
671 231 765 857
672 232 765 774
673 233 765 576
692 234 765 1919
692 235 765 89
693 236 765 793
696 237 765 1147
696 238 765 207
696 239 765 58
699 241 765 234
699 240 765 1151
701 242 765 981
703 243 765 1119
703 244 765 232
703 245 765 342
703 246 765 226
703 247 765 359
711 248 765 1760
712 250 765 114
712 249 765 627
719 251 765 1728
727 252 765 1760
729 253 765 918
733 254 765 1447
734 255 765 586
738 256 765 1471
738 257 765 138
747 258 765 1806
748 259 765 545
749 260 765 594
749 261 765 494
753 262 765 1415
762 263 765 1809
764 264 765 1085
766 265 765 884
766 266 765 109
772 267 765 1665
778 268 765 1679
786 269 765 1790
786 270 765 167
786 271 765 215
786 272 765 263
792 273 765 1645
792 274 765 298
793 275 765 534
798 277 765 492
798 276 765 1542
803 278 765 1514
806 279 765 1177
809 280 765 1279
809 281 765 130
809 282 765 167
809 283 765 238
814 284 765 1503
828 285 765 1903
830 286 765 1022
838 287 765 1781
840 288 765 1053
843 289 765 1333
844 290 765 543
845 291 765 655
848 292 765 1265
853 293 765 1586
857 294 765 1389
858 295 765 657
859 296 765 744
861 298 765 33
861 297 765 1097
864 299 765 1273
864 300 765 233
864 301 765 485
865 302 765 604
878 303 765 1895
878 304 765 460
887 305 765 1824
891 306 765 1464
