0 0 375 159
0 1 375 27
2 2 375 1073
7 3 375 1584
10 4 375 1281
10 5 375 223
19 6 375 1801
21 7 375 986
24 8 375 1329
28 9 375 1435
34 10 375 1641
34 11 375 300
39 12 375 1581
41 13 375 1122
45 14 375 1384
51 15 375 1668
56 19 375 366
56 18 375 192
56 16 375 1554
56 17 375 23
57 20 375 606
58 21 375 640
60 22 375 1085
64 23 375 1350
66 24 375 955
72 25 375 1620
91 26 375 1918
92 27 375 657
98 28 375 1682
101 29 375 1234
104 30 375 1183
107 31 375 1320
109 32 375 973
110 33 375 784
111 34 375 716
112 35 375 676
117 36 375 1532
128 38 375 312
128 37 375 1855
133 39 375 1567
133 40 375 126
135 41 375 1107
135 42 375 167
135 43 375 164
135 44 375 196
141 45 375 1619
143 46 375 979
144 48 375 343
144 47 375 804
151 49 375 1740
151 50 375 325
153 51 375 908
154 52 375 662
154 53 375 253
156 54 375 1092
160 55 375 1444
161 56 375 867
167 57 375 1647
168 58 375 629
173 59 375 1586
173 60 375 230
176 61 375 1144
179 64 375 251
179 65 375 321
179 62 375 1229
179 63 375 95
182 66 375 1251
183 67 375 796
183 68 375 405
184 69 375 708
184 70 375 136
190 71 375 1623
196 72 375 1636
197 73 375 550
197 74 375 240
201 76 375 472
201 75 375 1424
203 77 375 920
206 78 375 1154
209 79 375 1260
210 80 375 640
212 81 375 1114
212 82 375 314
223 83 375 1866
225 85 375 274
225 84 375 908
226 86 375 657
227 87 375 719
233 88 375 1616
236 89 375 1197
243 90 375 1733
252 91 375 1810
255 92 375 1226
256 93 375 651
259 94 375 1336
261 95 375 907
270 96 375 1802
270 97 375 72
280 98 375 1837
289 99 375 1800
289 100 375 367
289 101 375 183
289 102 375 398
294 103 375 1559
299 104 375 1604
300 105 375 627
303 106 375 1197
303 107 375 112
303 108 375 13
308 109 375 1593
310 110 375 971
321 111 375 1871
321 112 375 493
324 113 375 1293
326 114 375 945
328 115 375 1040
329 116 375 829
332 117 375 1287
334 118 375 1111
348 119 375 1901
353 120 375 1588
354 121 375 531
356 122 375 1105
358 123 375 1133
360 124 375 899
360 125 375 251
360 126 375 397
362 127 375 984
364 128 375 1138
367 129 375 1258
372 130 375 1546
372 131 375 399
374 132 375 1007
377 133 375 1278
379 134 375 892
379 135 375 457
380 136 375 716
381 137 375 679
381 138 375 261
381 139 375 281
383 140 375 1002
384 141 375 545
385 144 375 225
385 142 375 706
385 143 375 23
393 145 375 1787
396 146 375 1316
407 147 375 1857
413 150 375 77
413 148 375 1631
413 149 375 296
414 151 375 515
416 152 375 886
427 154 375 212
427 153 375 1860
435 155 375 1760
437 156 375 1002
440 157 375 1189
441 158 375 660
445 159 375 1353
445 160 375 229
445 161 375 212
447 162 375 899
448 164 375 46
448 163 375 679
449 165 375 571
450 166 375 863
452 167 375 1140
452 168 375 400
452 169 375 487
452 170 375 323
452 171 375 149
454 172 375 1025
455 173 375 829
457 174 375 899
459 175 375 1042
466 176 375 1749
468 177 375 1081
470 178 375 908
472 179 375 1037
473 181 375 464
473 180 375 859
476 182 375 1278
477 183 375 841
480 184 375 1180
482 185 375 1031
486 186 375 1438
488 187 375 1071
490 188 375 1065
492 189 375 1057
496 190 375 1379
500 192 375 18
500 191 375 1452
501 193 375 833
501 194 375 52
502 195 375 789
507 196 375 1571
507 197 375 27
521 198 375 1902
526 199 375 1578
528 201 375 176
528 200 375 923
532 202 375 1456
535 203 375 1143
549 204 375 1897
559 205 375 1852
563 206 375 1414
563 207 375 56
565 208 375 961
567 210 375 10
567 209 375 1094
577 211 375 1846
577 212 375 281
582 213 375 1548
582 214 375 494
589 215 375 1689
590 216 375 858
590 217 375 57
594 218 375 1423
596 219 375 939
598 220 375 1057
605 221 375 1716
605 222 375 74
608 223 375 1268
610 224 375 1033
611 225 375 796
611 226 375 130
611 227 375 192
612 228 375 777
612 229 375 109
616 230 375 1396
623 231 375 1722
625 232 375 1104
628 233 375 1254
628 234 375 113
629 235 375 682
631 236 375 933
631 237 375 135
633 238 375 869
636 239 375 1253
641 240 375 1541
645 241 375 1382
645 242 375 110
658 243 375 1895
660 244 375 1046
664 245 375 1458
667 248 375 338
667 249 375 287
667 246 375 1170
667 247 375 395
678 250 375 1856
683 251 375 1514
684 252 375 528
686 253 375 962
687 254 375 521
689 258 375 110
689 257 375 187
689 255 375 1131
689 256 375 102
691 259 375 1100
698 260 375 1721
701 261 375 1222
704 262 375 1203
705 263 375 851
711 264 375 1623
711 265 375 213
712 266 375 741
714 267 375 951
718 268 375 1435
725 269 375 1737
726 270 375 756
727 271 375 723
729 272 375 1113
729 273 375 170
732 274 375 1322
737 275 375 1599
742 278 375 222
742 277 375 103
742 276 375 1605
747 279 375 1499
752 280 375 1551
758 281 375 1660
766 282 375 1778
766 283 375 490
766 284 375 178
775 285 375 1807
778 287 375 142
778 286 375 1193
779 288 375 733
781 289 375 907
782 290 375 579
783 291 375 745
783 292 375 25
790 293 375 1693
794 296 375 179
794 295 375 319
794 294 375 1456
797 297 375 1184
797 298 375 272
798 299 375 832
799 300 375 716
799 301 375 219
801 302 375 885
802 303 375 526
806 304 375 1455
808 305 375 1132
808 306 375 400
