2 0 196 1137
2 1 196 284
3 2 196 667
4 3 196 649
6 4 196 975
8 5 196 916
10 11 196 382
10 10 196 390
10 9 196 230
10 7 196 382
10 6 196 869
10 8 196 369
13 12 196 1173
18 13 196 1509
22 14 196 1426
26 15 196 1425
34 16 196 1784
35 17 196 794
49 19 196 328
49 18 196 1896
52 20 196 1301
63 21 196 1867
67 22 196 1424
67 23 196 408
67 24 196 99
67 25 196 306
68 26 196 731
68 27 196 91
69 28 196 823
71 29 196 887
74 30 196 1263
74 31 196 440
80 32 196 1634
86 33 196 1641
86 34 196 24
88 35 196 1054
91 36 196 1316
92 37 196 759
94 38 196 1127
102 39 196 1785
103 40 196 505
109 41 196 1679
114 42 196 1564
119 43 196 1573
125 44 196 1652
134 46 196 262
134 47 196 381
134 45 196 1813
146 48 196 1880
151 49 196 1563
153 50 196 1057
161 51 196 1782
163 52 196 911
163 53 196 432
164 54 196 748
167 55 196 1195
168 57 196 259
168 56 196 785
169 58 196 550
170 59 196 669
170 60 196 184
171 61 196 778
175 62 196 1483
179 63 196 1407
181 64 196 892
193 65 196 1875
194 66 196 673
198 67 196 1457
202 68 196 1484
202 69 196 372
202 70 196 109
204 71 196 1024
209 72 196 1592
209 73 196 110
216 74 196 1748
221 76 196 302
221 75 196 1547
229 77 196 1775
230 78 196 681
230 79 196 210
230 80 196 43
230 81 196 349
230 82 196 135
233 83 196 1185
241 84 196 1754
245 85 196 1405
249 86 196 1454
252 87 196 1201
254 88 196 892
255 89 196 754
255 90 196 268
257 91 196 1056
257 92 196 209
257 93 196 458
262 94 196 1601
268 95 196 1652
268 96 196 195
268 97 196 157
269 98 196 681
276 99 196 1701
278 100 196 1140
279 101 196 729
280 102 196 822
285 103 196 1508
289 106 196 189
289 104 196 1454
289 105 196 32
290 107 196 800
291 108 196 609
293 109 196 1125
295 110 196 892
297 111 196 934
302 112 196 1503
302 113 196 339
303 114 196 625
311 115 196 1759
312 116 196 642
312 117 196 298
317 118 196 1577
321 119 196 1411
321 120 196 421
325 121 196 1396
326 122 196 564
327 124 196 103
327 123 196 730
329 125 196 978
330 126 196 815
332 127 196 1133
332 128 196 434
332 129 196 95
336 130 196 1351
336 131 196 145
338 132 196 1093
340 133 196 904
342 134 196 995
345 135 196 1238
349 136 196 1452
350 137 196 551
356 138 196 1656
363 139 196 1722
366 140 196 1216
367 141 196 653
368 142 196 591
375 143 196 1692
383 144 196 1786
386 145 196 1258
390 146 196 1477
398 147 196 1795
406 148 196 1757
414 149 196 1766
416 150 196 1009
425 151 196 1821
426 152 196 505
429 153 196 1195
432 154 196 1279
438 155 196 1669
438 156 196 165
438 157 196 92
442 158 196 1405
442 159 196 475
444 160 196 1142
446 162 196 366
446 161 196 981
447 163 196 514
454 164 196 1699
455 165 196 747
463 166 196 1765
464 167 196 599
467 168 196 1268
470 170 196 307
470 169 196 1312
470 171 196 91
471 172 196 567
479 173 196 1780
479 174 196 195
486 175 196 1693
487 176 196 804
488 177 196 797
490 178 196 869
491 179 196 769
495 180 196 1425
497 181 196 945
500 182 196 1301
501 183 196 592
503 184 196 1011
507 185 196 1454
512 186 196 1565
521 187 196 1823
526 188 196 1549
529 189 196 1251
531 190 196 1073
535 191 196 1360
537 192 196 1071
540 193 196 1180
541 194 196 580
541 195 196 234
541 196 196 286
541 197 196 77
559 198 196 1917
561 199 196 1038
565 200 196 1417
567 201 196 878
568 202 196 526
568 203 196 445
572 204 196 1459
574 205 196 918
577 206 196 1254
578 207 196 649
580 208 196 1000
585 209 196 1511
586 210 196 864
589 211 196 1292
592 212 196 1147
593 213 196 635
595 214 196 975
595 215 196 197
600 216 196 1604
607 217 196 1698
611 218 196 1428
611 219 196 245
613 220 196 1107
624 221 196 1867
626 222 196 974
626 223 196 17
626 224 196 238
628 225 196 871
630 226 196 944
633 227 196 1312
636 228 196 1200
648 229 196 1885
652 230 196 1406
653 231 196 726
654 232 196 805
662 233 196 1755
665 234 196 1276
666 235 196 547
666 236 196 418
667 237 196 855
669 238 196 1058
669 239 196 92
669 240 196 200
671 241 196 915
672 242 196 823
672 243 196 38
672 244 196 386
679 248 196 205
679 247 196 436
679 249 196 382
679 245 196 1705
679 246 196 212
680 250 196 555
681 251 196 512
682 252 196 574
688 253 196 1672
699 254 196 1856
703 255 196 1475
712 256 196 1828
713 258 196 206
713 257 196 508
714 259 196 587
728 260 196 1898
739 261 196 1866
743 262 196 1374
745 263 196 1040
745 264 196 104
745 265 196 137
745 266 196 487
748 267 196 1317
751 269 196 428
751 268 196 1283
758 270 196 1703
759 271 196 748
760 272 196 639
763 273 196 1335
763 274 196 44
763 275 196 192
765 276 196 1043
767 277 196 936
772 279 196 457
772 278 196 1555
773 280 196 659
774 281 196 508
776 282 196 1107
777 283 196 817
780 284 196 1329
782 285 196 893
782 286 196 152
784 287 196 1057
793 288 196 1824
800 289 196 1725
801 290 196 643
811 291 196 1835
812 292 196 648
812 293 196 471
812 294 196 118
812 295 196 258
816 296 196 1465
823 297 196 1708
834 298 196 1858
834 299 196 248
837 300 196 1218
838 301 196 820
840 302 196 1077
847 303 196 1702
848 304 196 604
855 305 196 1731
864 306 196 1798
