1 0 1071 752
3 1 1071 1081
7 2 1071 1460
7 3 1071 145
12 4 1071 1498
17 5 1071 1543
24 6 1071 1738
26 7 1071 972
29 9 1071 393
29 8 1071 1238
33 10 1071 1372
34 11 1071 619
34 12 1071 487
34 13 1071 199
36 14 1071 1047
38 15 1071 893
45 16 1071 1741
47 17 1071 1059
48 18 1071 571
54 19 1071 1667
57 20 1071 1310
60 21 1071 1242
61 22 1071 577
62 23 1071 783
68 24 1071 1688
68 25 1071 405
83 26 1071 1905
89 27 1071 1609
91 28 1071 1028
93 29 1071 1030
93 30 1071 407
93 31 1071 369
104 32 1071 1868
105 33 1071 521
108 34 1071 1215
117 35 1071 1797
117 36 1071 7
119 37 1071 1003
126 38 1071 1715
126 39 1071 278
128 40 1071 983
130 41 1071 1022
130 42 1071 4
137 43 1071 1720
137 44 1071 463
139 45 1071 977
146 47 1071 382
146 46 1071 1692
150 48 1071 1400
151 49 1071 770
151 50 1071 37
153 51 1071 943
156 52 1071 1167
158 53 1071 907
160 54 1071 1116
164 55 1071 1435
165 56 1071 503
166 57 1071 676
166 58 1071 381
168 59 1071 1092
173 60 1071 1562
173 61 1071 129
184 62 1071 1868
184 63 1071 207
200 64 1071 1911
202 65 1071 1003
203 66 1071 675
216 67 1071 1891
218 68 1071 909
221 69 1071 1174
223 70 1071 886
224 71 1071 738
227 72 1071 1269
227 73 1071 292
228 74 1071 684
228 75 1071 288
231 76 1071 1238
232 77 1071 782
232 78 1071 320
233 79 1071 711
234 80 1071 638
239 81 1071 1523
239 82 1071 209
239 83 1071 258
241 84 1071 992
245 85 1071 1389
247 86 1071 1126
249 87 1071 960
252 88 1071 1329
259 89 1071 1705
262 90 1071 1293
265 91 1071 1255
266 92 1071 622
267 93 1071 623
268 94 1071 641
269 95 1071 853
271 96 1071 1078
278 97 1071 1721
285 98 1071 1734
289 99 1071 1385
289 100 1071 302
296 101 1071 1726
300 102 1071 1398
300 103 1071 225
309 104 1071 1808
312 105 1071 1224
317 106 1071 1599
319 107 1071 875
319 108 1071 223
320 109 1071 828
320 110 1071 197
326 111 1071 1646
326 112 1071 355
331 115 1071 39
331 114 1071 453
331 113 1071 1594
341 116 1071 1844
347 117 1071 1610
349 118 1071 1139
350 119 1071 522
359 120 1071 1801
365 121 1071 1640
366 122 1071 561
368 123 1071 1128
377 124 1071 1806
382 125 1071 1555
382 126 1071 116
383 127 1071 645
388 128 1071 1576
396 129 1071 1755
398 130 1071 1134
402 131 1071 1441
404 132 1071 972
405 134 1071 409
405 133 1071 860
406 135 1071 837
406 136 1071 124
421 137 1071 1909
421 138 1071 374
428 139 1071 1693
435 140 1071 1714
435 141 1071 251
436 142 1071 736
437 143 1071 500
442 144 1071 1508
447 145 1071 1572
449 146 1071 900
451 147 1071 952
451 148 1071 169
452 149 1071 601
454 150 1071 933
458 151 1071 1393
459 152 1071 582
462 153 1071 1212
467 154 1071 1508
468 155 1071 586
471 156 1071 1164
471 157 1071 269
471 158 1071 344
471 159 1071 253
473 160 1071 1107
475 161 1071 953
478 163 1071 393
478 162 1071 1224
484 164 1071 1619
485 165 1071 680
486 166 1071 673
490 167 1071 1419
493 168 1071 1185
498 169 1071 1541
508 170 1071 1839
519 171 1071 1860
522 172 1071 1236
526 173 1071 1371
527 174 1071 732
532 175 1071 1549
534 176 1071 903
534 177 1071 61
539 178 1071 1545
539 179 1071 233
540 180 1071 654
542 182 1071 476
542 181 1071 1089
544 183 1071 974
545 184 1071 821
551 185 1071 1665
552 186 1071 859
558 187 1071 1685
561 188 1071 1276
568 189 1071 1747
573 190 1071 1597
581 191 1071 1780
586 192 1071 1564
586 193 1071 120
587 194 1071 586
588 195 1071 761
590 196 1071 951
590 197 1071 343
591 198 1071 805
592 199 1071 827
594 200 1071 898
598 201 1071 1405
605 202 1071 1691
606 203 1071 553
607 204 1071 686
609 205 1071 998
609 206 1071 156
611 207 1071 1135
611 208 1071 479
623 209 1071 1883
629 210 1071 1608
631 211 1071 1103
632 212 1071 649
632 213 1071 110
637 214 1071 1523
637 215 1071 18
637 216 1071 477
637 217 1071 249
642 218 1071 1496
654 219 1071 1878
661 220 1071 1746
663 221 1071 913
663 222 1071 142
667 223 1071 1363
678 224 1071 1869
678 225 1071 59
678 226 1071 296
680 227 1071 1116
681 228 1071 784
694 229 1071 1895
695 230 1071 597
696 231 1071 559
699 232 1071 1180
700 233 1071 717
703 234 1071 1260
706 235 1071 1174
709 236 1071 1322
719 237 1071 1848
719 238 1071 287
726 239 1071 1748
731 240 1071 1509
737 241 1071 1648
740 242 1071 1205
743 243 1071 1317
743 244 1071 139
743 245 1071 494
745 246 1071 1130
749 247 1071 1454
750 248 1071 521
751 250 1071 284
751 249 1071 567
752 251 1071 701
753 252 1071 771
754 253 1071 852
756 254 1071 1005
772 255 1071 1909
775 256 1071 1262
775 257 1071 327
776 258 1071 609
777 259 1071 627
778 260 1071 702
780 261 1071 965
780 262 1071 351
781 263 1071 509
784 264 1071 1286
786 265 1071 1048
796 266 1071 1847
807 267 1071 1856
808 269 1071 349
808 268 1071 774
809 270 1071 620
810 271 1071 554
823 272 1071 1887
829 273 1071 1673
829 274 1071 369
829 275 1071 98
835 276 1071 1632
836 277 1071 750
839 278 1071 1224
843 279 1071 1374
844 280 1071 853
845 281 1071 766
846 282 1071 594
846 283 1071 217
852 284 1071 1611
861 285 1071 1820
868 286 1071 1713
868 287 1071 328
874 288 1071 1637
877 289 1071 1276
887 290 1071 1836
889 291 1071 995
892 292 1071 1238
897 293 1071 1585
899 294 1071 1046
900 295 1071 544
903 296 1071 1297
904 298 1071 31
904 297 1071 696
906 299 1071 1015
907 300 1071 571
910 301 1071 1199
911 302 1071 679
911 303 1071 172
922 304 1071 1872
928 305 1071 1655
929 306 1071 739
