1 0 1722 840
3 1 1722 1017
3 2 1722 123
4 3 1722 825
7 4 1722 1203
8 5 1722 797
8 6 1722 193
11 7 1722 1248
14 8 1722 1280
19 9 1722 1585
20 10 1722 586
25 11 1722 1509
25 12 1722 161
25 13 1722 156
29 14 1722 1491
30 15 1722 633
31 16 1722 591
31 17 1722 359
32 18 1722 605
35 19 1722 1181
40 20 1722 1592
40 21 1722 121
40 22 1722 92
40 23 1722 323
40 24 1722 130
42 25 1722 883
44 26 1722 952
44 27 1722 221
51 28 1722 1710
52 29 1722 790
53 30 1722 770
54 31 1722 823
56 32 1722 1079
56 33 1722 473
57 34 1722 741
65 35 1722 1762
66 36 1722 622
68 38 1722 327
68 37 1722 976
70 39 1722 875
72 40 1722 1108
74 41 1722 1128
76 42 1722 904
77 43 1722 707
77 44 1722 492
81 45 1722 1389
84 46 1722 1332
86 48 1722 74
86 47 1722 1036
87 49 1722 623
90 50 1722 1254
93 51 1722 1171
93 52 1722 270
94 53 1722 606
95 54 1722 699
96 55 1722 718
98 56 1722 924
105 57 1722 1724
106 58 1722 694
106 59 1722 320
114 60 1722 1770
128 61 1722 1896
132 62 1722 1462
132 63 1722 489
133 64 1722 815
139 66 1722 429
139 65 1722 1687
145 67 1722 1612
148 68 1722 1339
154 69 1722 1654
154 70 1722 11
159 71 1722 1540
159 72 1722 31
165 74 1722 73
165 73 1722 1654
165 75 1722 463
167 76 1722 1142
170 77 1722 1310
178 78 1722 1756
179 79 1722 666
183 80 1722 1476
193 81 1722 1840
193 82 1722 146
195 83 1722 1087
199 84 1722 1461
204 85 1722 1524
205 86 1722 553
205 87 1722 473
212 88 1722 1699
212 89 1722 23
213 90 1722 837
214 91 1722 822
214 92 1722 281
214 93 1722 7
216 94 1722 1030
218 95 1722 1136
223 96 1722 1591
223 97 1722 414
232 98 1722 1816
233 99 1722 729
235 100 1722 960
241 101 1722 1645
247 102 1722 1622
247 103 1722 345
248 104 1722 612
254 105 1722 1639
256 106 1722 1139
257 107 1722 540
258 108 1722 532
258 109 1722 235
263 110 1722 1501
268 111 1722 1539
281 112 1722 1893
281 113 1722 28
282 114 1722 769
293 115 1722 1855
300 116 1722 1749
300 117 1722 375
302 118 1722 953
305 119 1722 1216
307 120 1722 1133
319 121 1722 1880
329 122 1722 1837
332 123 1722 1316
333 124 1722 817
335 125 1722 1113
338 126 1722 1258
338 127 1722 24
339 128 1722 624
340 129 1722 862
341 130 1722 797
342 131 1722 727
346 132 1722 1418
348 133 1722 1026
354 134 1722 1631
362 135 1722 1755
362 136 1722 217
369 137 1722 1726
369 138 1722 474
376 139 1722 1746
376 140 1722 384
376 141 1722 12
387 142 1722 1865
391 144 1722 446
391 143 1722 1464
394 145 1722 1222
395 146 1722 853
395 147 1722 253
398 148 1722 1163
400 149 1722 1099
403 150 1722 1311
406 151 1722 1216
410 152 1722 1386
411 153 1722 600
416 154 1722 1521
418 155 1722 1004
425 156 1722 1732
425 157 1722 306
429 158 1722 1453
433 159 1722 1424
433 160 1722 380
435 161 1722 1115
445 162 1722 1841
450 163 1722 1595
454 164 1722 1363
455 165 1722 773
455 166 1722 120
456 167 1722 867
456 168 1722 322
458 169 1722 938
464 170 1722 1637
464 171 1722 23
473 172 1722 1825
475 173 1722 1131
476 174 1722 831
478 175 1722 1121
478 176 1722 14
478 177 1722 373
480 178 1722 869
485 179 1722 1519
485 180 1722 259
487 181 1722 1005
488 182 1722 785
492 183 1722 1449
496 184 1722 1476
501 185 1722 1505
504 186 1722 1266
505 187 1722 817
509 188 1722 1430
510 189 1722 626
510 190 1722 23
520 192 1722 272
520 191 1722 1836
522 193 1722 975
526 194 1722 1366
529 195 1722 1194
529 196 1722 96
529 197 1722 270
529 198 1722 100
534 199 1722 1598
536 200 1722 1102
552 201 1722 1911
563 202 1722 1855
563 203 1722 225
567 204 1722 1386
570 205 1722 1287
573 206 1722 1315
573 207 1722 254
580 208 1722 1694
580 209 1722 399
582 210 1722 989
586 211 1722 1359
590 212 1722 1361
601 213 1722 1859
604 214 1722 1164
607 215 1722 1299
607 216 1722 329
607 217 1722 391
607 218 1722 119
615 219 1722 1783
619 220 1722 1432
622 221 1722 1227
626 222 1722 1361
632 223 1722 1620
634 224 1722 914
641 225 1722 1726
647 226 1722 1675
648 227 1722 850
655 228 1722 1690
660 229 1722 1562
662 230 1722 1025
668 231 1722 1669
668 232 1722 273
671 233 1722 1196
671 234 1722 416
671 235 1722 273
673 236 1722 1075
674 240 1722 189
674 239 1722 188
674 237 1722 560
674 238 1722 62
676 241 1722 1011
678 242 1722 1048
680 243 1722 1030
685 244 1722 1562
686 246 1722 475
686 245 1722 589
686 247 1722 338
693 249 1722 66
693 248 1722 1736
694 250 1722 864
700 251 1722 1629
700 252 1722 150
700 253 1722 242
700 254 1722 165
709 255 1722 1799
710 257 1722 235
710 256 1722 550
713 258 1722 1235
718 259 1722 1585
723 260 1722 1537
723 261 1722 465
723 262 1722 489
723 263 1722 132
726 264 1722 1299
729 265 1722 1244
731 266 1722 1086
731 267 1722 164
735 268 1722 1442
737 269 1722 891
737 270 1722 224
744 271 1722 1693
744 272 1722 328
755 273 1722 1856
760 279 1722 325
760 278 1722 58
760 277 1722 331
760 275 1722 420
760 274 1722 1593
760 276 1722 178
763 280 1722 1251
766 281 1722 1336
768 282 1722 1039
774 283 1722 1623
775 284 1722 697
778 285 1722 1321
783 287 1722 30
783 286 1722 1518
785 288 1722 1030
786 289 1722 541
792 290 1722 1647
793 291 1722 840
796 292 1722 1250
796 293 1722 402
797 294 1722 576
803 295 1722 1649
804 296 1722 522
806 297 1722 916
812 298 1722 1656
812 299 1722 317
816 300 1722 1427
816 301 1722 310
817 302 1722 820
818 303 1722 844
826 304 1722 1767
828 305 1722 1095
831 306 1722 1300
