0 0 749 140
3 1 749 1259
8 2 749 1559
11 3 749 1165
11 4 749 493
11 5 749 163
12 6 749 610
12 7 749 171
14 8 749 942
21 9 749 1725
22 10 749 832
29 11 749 1741
30 12 749 530
32 13 749 1043
39 14 749 1718
40 15 749 805
41 16 749 507
42 17 749 638
43 18 749 842
46 19 749 1182
49 20 749 1313
60 21 749 1862
64 22 749 1448
67 23 749 1327
67 24 749 441
73 25 749 1657
77 26 749 1418
78 27 749 567
79 28 749 788
81 29 749 881
81 30 749 317
81 31 749 452
88 32 749 1720
94 33 749 1681
94 34 749 391
102 35 749 1762
102 36 749 252
108 37 749 1629
110 38 749 874
111 39 749 534
114 40 749 1210
117 41 749 1190
120 42 749 1186
120 43 749 13
123 44 749 1145
123 45 749 231
133 47 749 155
133 46 749 1840
136 48 749 1192
139 49 749 1183
147 50 749 1757
148 51 749 630
150 52 749 1134
155 53 749 1578
168 55 749 202
168 54 749 1891
175 57 749 232
175 56 749 1735
176 58 749 724
177 59 749 760
178 60 749 669
178 61 749 43
181 62 749 1308
181 63 749 61
185 65 749 380
185 66 749 21
185 64 749 1407
186 67 749 773
187 68 749 651
199 69 749 1880
200 70 749 553
201 71 749 802
208 72 749 1689
208 73 749 308
222 74 749 1896
222 75 749 122
223 76 749 676
227 77 749 1435
227 78 749 181
227 79 749 210
234 80 749 1742
237 81 749 1262
240 82 749 1299
245 83 749 1529
247 84 749 1048
253 85 749 1612
256 86 749 1242
256 87 749 141
263 88 749 1715
263 89 749 188
263 90 749 26
263 91 749 19
265 92 749 905
265 93 749 113
273 94 749 1789
276 95 749 1167
285 96 749 1806
287 97 749 1125
288 98 749 530
289 99 749 764
289 100 749 210
291 101 749 1066
295 102 749 1429
298 103 749 1236
299 104 749 630
301 105 749 955
302 106 749 866
303 107 749 826
309 108 749 1607
317 109 749 1768
321 110 749 1451
321 111 749 300
321 112 749 50
322 113 749 513
324 114 749 943
327 115 749 1332
328 116 749 668
335 117 749 1704
337 118 749 937
344 119 749 1720
346 120 749 1063
355 121 749 1804
357 123 749 462
357 122 749 983
368 124 749 1854
369 125 749 533
378 126 749 1821
383 127 749 1576
383 128 749 443
384 129 749 729
384 130 749 241
388 131 749 1475
390 132 749 904
393 133 749 1341
424 134 749 1924
425 135 749 675
433 136 749 1758
433 137 749 63
435 138 749 898
435 139 749 93
436 140 749 745
436 141 749 416
436 142 749 459
447 143 749 1871
448 144 749 662
454 145 749 1651
467 146 749 1893
467 147 749 392
469 148 749 1094
469 149 749 457
470 150 749 499
470 151 749 102
470 152 749 188
471 153 749 734
477 154 749 1626
477 155 749 331
477 156 749 83
479 157 749 966
482 158 749 1307
482 159 749 97
484 160 749 1059
487 162 749 383
487 161 749 1215
489 163 749 877
494 164 749 1527
508 165 749 1900
511 166 749 1321
512 167 749 634
513 168 749 513
513 169 749 268
518 170 749 1498
519 171 749 605
520 172 749 805
521 173 749 844
523 174 749 975
524 175 749 646
527 176 749 1344
529 177 749 1037
536 178 749 1725
536 179 749 202
537 180 749 564
541 182 749 481
541 181 749 1428
557 183 749 1910
557 184 749 229
557 185 749 139
560 186 749 1287
560 187 749 169
566 188 749 1639
571 189 749 1593
572 190 749 592
573 191 749 792
574 192 749 680
575 193 749 801
577 194 749 958
581 195 749 1455
581 196 749 33
586 197 749 1506
586 198 749 343
587 200 749 329
587 199 749 687
590 201 749 1259
599 202 749 1803
600 203 749 825
602 204 749 883
611 205 749 1819
614 206 749 1222
617 207 749 1268
623 208 749 1684
625 209 749 979
627 210 749 911
629 211 749 970
632 212 749 1166
634 213 749 1104
638 214 749 1457
643 215 749 1555
644 216 749 733
644 217 749 397
645 218 749 648
649 219 749 1388
650 220 749 613
653 221 749 1151
655 222 749 919
656 223 749 845
661 224 749 1601
662 225 749 706
672 226 749 1849
672 227 749 3
681 228 749 1810
685 229 749 1444
686 230 749 613
694 231 749 1762
695 232 749 693
697 233 749 1037
706 234 749 1798
709 235 749 1229
714 236 749 1550
719 237 749 1581
721 239 749 335
721 238 749 1026
722 240 749 841
722 241 749 18
722 242 749 410
723 243 749 660
724 244 749 682
729 245 749 1546
734 246 749 1550
739 247 749 1500
742 248 749 1269
745 249 749 1327
746 250 749 721
751 251 749 1560
752 252 749 858
754 253 749 880
754 254 749 73
756 255 749 1103
756 256 749 340
758 257 749 958
761 259 749 176
761 258 749 1149
774 260 749 1894
777 261 749 1218
781 262 749 1382
781 263 749 239
781 264 749 365
783 267 749 128
783 265 749 1073
783 266 749 276
786 270 749 5
786 268 749 1231
786 269 749 228
788 271 749 1077
791 272 749 1296
791 273 749 312
792 274 749 546
793 275 749 594
794 279 749 54
794 278 749 162
794 276 749 740
794 277 749 258
796 280 749 1080
796 281 749 348
797 282 749 659
797 283 749 483
798 284 749 722
800 285 749 978
802 286 749 904
809 287 749 1738
811 288 749 964
812 289 749 694
814 290 749 888
815 291 749 592
815 292 749 431
816 293 749 849
816 294 749 366
821 295 749 1548
822 296 749 560
822 297 749 170
822 298 749 294
827 299 749 1533
830 300 749 1269
834 301 749 1422
834 302 749 269
836 303 749 1040
839 304 749 1322
844 305 749 1569
844 306 749 264
