7 0 355 1708
15 1 355 1767
22 2 355 1711
22 3 355 397
25 4 355 1289
25 5 355 49
25 6 355 89
35 7 355 1848
41 8 355 1647
42 10 355 27
42 9 355 604
52 11 355 1836
54 12 355 982
56 13 355 876
56 14 355 38
58 15 355 975
62 16 355 1494
67 17 355 1525
68 20 355 377
68 18 355 501
68 19 355 360
72 21 355 1399
73 22 355 624
79 23 355 1678
81 24 355 881
88 25 355 1738
89 26 355 662
89 27 355 257
90 28 355 599
93 29 355 1299
93 30 355 327
95 31 355 1001
95 32 355 77
98 33 355 1213
100 35 355 15
100 34 355 1054
100 36 355 225
106 37 355 1611
112 38 355 1643
112 39 355 408
113 40 355 513
123 41 355 1853
124 42 355 674
126 43 355 1111
130 44 355 1459
132 45 355 1042
142 46 355 1852
150 48 355 288
150 47 355 1794
155 49 355 1553
157 50 355 1092
159 51 355 963
164 52 355 1568
169 53 355 1571
170 54 355 694
170 55 355 308
173 57 355 32
173 56 355 1143
177 58 355 1440
181 59 355 1475
184 60 355 1311
192 61 355 1756
195 62 355 1249
195 63 355 347
195 64 355 277
197 65 355 950
205 66 355 1759
212 67 355 1694
219 68 355 1746
219 69 355 23
220 70 355 749
229 71 355 1807
238 72 355 1807
238 73 355 93
246 74 355 1771
246 75 355 449
247 76 355 724
251 77 355 1438
251 78 355 219
259 79 355 1764
268 80 355 1811
269 81 355 793
282 82 355 1894
284 83 355 970
284 84 355 207
287 85 355 1289
291 86 355 1358
291 87 355 430
292 88 355 519
293 89 355 745
294 90 355 797
294 91 355 193
294 92 355 171
294 93 355 167
296 94 355 1021
297 95 355 682
298 96 355 603
298 97 355 327
299 98 355 834
300 99 355 508
303 100 355 1207
303 101 355 157
303 102 355 47
303 103 355 264
304 104 355 804
307 105 355 1210
309 106 355 1080
313 107 355 1474
320 108 355 1724
320 109 355 244
325 110 355 1509
331 111 355 1629
338 112 355 1737
343 113 355 1601
348 114 355 1589
349 115 355 518
357 116 355 1787
357 117 355 278
357 118 355 140
359 119 355 912
364 120 355 1517
367 121 355 1328
370 122 355 1174
372 123 355 1001
375 124 355 1151
376 125 355 556
382 126 355 1635
388 127 355 1639
390 128 355 996
392 129 355 1088
400 130 355 1771
400 131 355 397
401 132 355 604
407 133 355 1636
408 134 355 556
414 135 355 1653
415 136 355 745
421 137 355 1629
421 138 355 166
423 139 355 921
423 140 355 208
432 141 355 1808
433 143 355 274
433 142 355 630
436 144 355 1161
438 145 355 1092
438 146 355 380
438 147 355 495
439 148 355 503
440 149 355 503
441 151 355 325
441 150 355 820
441 152 355 187
451 153 355 1846
453 154 355 916
462 155 355 1804
464 156 355 907
466 157 355 970
468 158 355 1038
468 159 355 247
473 160 355 1499
477 162 355 478
477 161 355 1365
478 163 355 635
478 164 355 398
480 165 355 1111
482 166 355 1025
482 167 355 101
484 168 355 1044
495 169 355 1860
502 171 355 157
502 172 355 111
502 170 355 1697
505 173 355 1143
506 174 355 703
512 175 355 1633
513 176 355 698
515 177 355 900
523 180 355 175
523 178 355 1765
523 179 355 58
525 181 355 1140
527 182 355 1136
527 183 355 493
527 184 355 268
531 185 355 1445
531 186 355 210
532 187 355 682
533 188 355 719
534 189 355 677
535 190 355 745
542 191 355 1700
543 192 355 591
553 193 355 1844
557 194 355 1346
558 195 355 767
561 196 355 1330
580 197 355 1919
589 200 355 66
589 201 355 278
589 198 355 1801
589 199 355 49
593 202 355 1375
594 203 355 567
595 204 355 730
596 205 355 663
596 206 355 213
598 207 355 968
601 208 355 1142
604 209 355 1207
606 211 355 7
606 210 355 1106
608 212 355 1130
610 213 355 979
610 214 355 71
610 215 355 359
610 216 355 229
626 217 355 1909
626 218 355 367
628 219 355 877
630 221 355 343
630 220 355 901
633 222 355 1307
633 223 355 367
635 224 355 1114
657 225 355 1922
661 226 355 1491
661 227 355 192
668 228 355 1722
679 230 355 303
679 229 355 1861
680 231 355 703
682 232 355 1023
689 233 355 1716
707 234 355 1917
716 235 355 1822
723 236 355 1690
724 237 355 568
730 238 355 1688
735 239 355 1530
738 240 355 1231
741 241 355 1166
745 242 355 1464
749 243 355 1437
754 244 355 1496
755 245 355 737
756 246 355 570
761 247 355 1536
769 248 355 1772
771 249 355 987
772 250 355 538
776 251 355 1345
781 252 355 1552
783 253 355 923
785 254 355 1072
791 255 355 1648
793 256 355 896
795 257 355 1007
799 258 355 1377
800 259 355 732
802 260 355 1097
802 261 355 21
805 262 355 1170
808 263 355 1206
810 264 355 904
810 265 355 402
812 266 355 909
815 267 355 1338
817 269 355 174
817 268 355 987
818 270 355 594
823 271 355 1585
823 272 355 220
824 273 355 762
829 274 355 1570
835 275 355 1660
836 276 355 803
844 277 355 1795
845 278 355 796
845 279 355 377
849 280 355 1352
861 281 355 1879
861 282 355 345
862 283 355 735
865 284 355 1322
867 285 355 882
869 287 355 99
869 286 355 1076
870 288 355 643
870 289 355 268
872 290 355 925
873 291 355 682
875 292 355 1116
877 293 355 956
877 294 355 433
880 295 355 1210
900 296 355 1921
900 297 355 257
901 298 355 533
903 299 355 1093
911 300 355 1753
914 301 355 1156
915 302 355 549
920 303 355 1597
920 304 355 392
922 305 355 877
924 306 355 1125
