3 0 638 1273
4 1 638 761
8 2 638 1409
14 3 638 1658
15 4 638 733
19 5 638 1349
19 6 638 370
19 7 638 424
20 10 638 170
20 8 638 761
20 9 638 269
28 11 638 1787
32 12 638 1393
35 13 638 1166
38 14 638 1153
41 16 638 394
41 15 638 1248
43 17 638 1062
45 18 638 980
50 19 638 1571
52 20 638 1123
52 21 638 460
56 22 638 1425
56 23 638 351
60 24 638 1475
60 25 638 7
61 26 638 862
64 27 638 1156
72 28 638 1768
72 29 638 162
73 30 638 606
75 31 638 1056
80 32 638 1595
81 33 638 737
85 34 638 1411
86 35 638 817
90 36 638 1390
93 37 638 1152
102 38 638 1828
110 39 638 1788
112 40 638 969
116 41 638 1491
117 42 638 609
117 43 638 431
117 44 638 251
118 45 638 500
119 46 638 861
122 47 638 1251
122 48 638 432
125 49 638 1289
127 50 638 904
130 51 638 1201
131 52 638 826
131 53 638 392
131 54 638 254
132 55 638 813
135 56 638 1261
137 57 638 1057
137 58 638 183
138 59 638 725
138 60 638 486
140 61 638 1139
141 62 638 580
142 63 638 599
147 64 638 1587
149 66 638 191
149 65 638 1039
150 67 638 655
156 68 638 1680
156 69 638 335
164 70 638 1782
167 71 638 1167
170 72 638 1158
172 73 638 1117
173 74 638 602
178 75 638 1556
186 76 638 1776
188 77 638 993
188 78 638 100
190 79 638 974
192 80 638 1070
197 81 638 1536
198 82 638 723
198 83 638 479
201 84 638 1182
204 86 638 229
204 85 638 1329
207 87 638 1202
207 88 638 482
208 89 638 597
212 90 638 1481
212 91 638 333
214 92 638 968
216 93 638 1103
219 94 638 1301
227 95 638 1754
229 97 638 9
229 96 638 911
230 98 638 768
232 99 638 1136
232 100 638 308
232 101 638 205
237 102 638 1496
237 103 638 96
241 104 638 1432
247 106 638 43
247 105 638 1662
253 107 638 1634
260 108 638 1715
261 109 638 623
263 110 638 962
263 111 638 267
265 112 638 956
267 113 638 1134
272 114 638 1579
274 117 638 101
274 115 638 875
274 116 638 416
277 118 638 1342
277 119 638 257
278 120 638 809
280 121 638 914
280 122 638 173
282 123 638 1082
283 124 638 779
287 127 638 55
287 126 638 198
287 125 638 1448
294 128 638 1741
295 129 638 772
296 130 638 645
304 131 638 1766
304 132 638 225
306 133 638 888
307 134 638 665
308 136 638 39
308 135 638 864
309 137 638 626
311 138 638 972
315 139 638 1445
318 140 638 1286
319 141 638 520
323 142 638 1412
331 143 638 1784
336 144 638 1559
339 145 638 1214
342 146 638 1302
350 147 638 1759
354 148 638 1448
354 149 638 426
357 150 638 1338
358 151 638 809
359 152 638 592
360 154 638 327
360 153 638 510
363 155 638 1319
363 156 638 32
363 157 638 413
366 158 638 1242
381 159 638 1908
385 160 638 1463
401 161 638 1912
410 162 638 1818
412 163 638 942
426 164 638 1902
428 165 638 1120
428 166 638 41
428 167 638 67
428 168 638 468
429 169 638 714
430 170 638 835
437 171 638 1714
439 172 638 1054
448 173 638 1821
450 174 638 895
450 175 638 289
454 176 638 1427
454 177 638 313
458 178 638 1447
462 179 638 1490
462 180 638 145
462 181 638 364
463 182 638 532
466 183 638 1314
470 184 638 1359
478 185 638 1760
481 186 638 1174
487 187 638 1639
488 188 638 561
491 189 638 1270
492 190 638 831
497 191 638 1551
500 192 638 1309
502 193 638 988
517 194 638 1906
520 195 638 1299
521 196 638 627
521 197 638 469
530 198 638 1806
530 199 638 439
533 200 638 1172
536 201 638 1234
539 202 638 1290
540 203 638 733
545 204 638 1515
550 205 638 1549
556 206 638 1680
557 207 638 695
562 208 638 1539
562 209 638 38
571 210 638 1817
577 211 638 1644
579 212 638 891
585 213 638 1677
593 214 638 1762
595 215 638 1099
599 216 638 1379
600 217 638 503
605 218 638 1508
605 219 638 142
616 221 638 327
616 220 638 1870
620 222 638 1431
622 223 638 1123
631 224 638 1807
634 225 638 1209
634 226 638 404
634 227 638 66
644 228 638 1840
649 229 638 1521
654 230 638 1586
656 231 638 957
656 232 638 431
658 233 638 1008
658 234 638 318
659 235 638 836
661 236 638 999
668 237 638 1724
675 238 638 1724
682 242 638 99
682 241 638 479
682 239 638 1734
682 240 638 80
683 243 638 523
687 244 638 1378
689 245 638 1112
690 246 638 659
695 247 638 1556
698 248 638 1150
699 249 638 806
709 250 638 1844
709 251 638 124
711 252 638 886
717 253 638 1664
717 254 638 493
718 255 638 844
725 256 638 1728
725 257 638 167
726 259 638 306
726 258 638 850
729 260 638 1144
735 261 638 1614
736 262 638 779
736 263 638 18
736 264 638 376
737 265 638 859
740 266 638 1212
749 267 638 1807
753 268 638 1359
755 269 638 926
755 270 638 100
760 271 638 1580
761 272 638 704
768 273 638 1698
768 274 638 61
772 275 638 1391
772 276 638 227
774 277 638 907
780 278 638 1669
781 279 638 695
782 280 638 549
783 281 638 772
784 282 638 840
786 283 638 1034
791 284 638 1601
795 285 638 1462
795 286 638 71
796 287 638 692
797 288 638 515
801 289 638 1398
803 290 638 1032
804 291 638 832
806 292 638 873
810 293 638 1417
811 294 638 590
811 295 638 390
817 298 638 147
817 297 638 81
817 296 638 1625
818 299 638 518
827 300 638 1825
828 301 638 777
828 302 638 197
828 303 638 223
829 304 638 705
829 305 638 264
832 306 638 1345
