3 0 1162 1298
5 1 1162 998
8 2 1162 1227
9 3 1162 617
10 4 1162 760
22 5 1162 1878
25 6 1162 1294
26 7 1162 709
30 8 1162 1358
33 9 1162 1156
44 10 1162 1855
45 11 1162 786
45 12 1162 179
45 13 1162 103
46 14 1162 746
49 15 1162 1217
50 16 1162 696
53 17 1162 1326
54 20 1162 45
54 18 1162 685
54 19 1162 219
56 21 1162 1122
61 22 1162 1545
61 23 1162 98
64 24 1162 1144
67 25 1162 1246
76 28 1162 253
76 26 1162 1810
76 27 1162 371
82 29 1162 1614
84 30 1162 885
84 31 1162 414
84 32 1162 23
85 33 1162 648
94 34 1162 1811
96 35 1162 923
96 36 1162 418
98 37 1162 913
105 38 1162 1696
105 39 1162 91
108 40 1162 1153
109 41 1162 665
111 42 1162 1115
118 43 1162 1698
118 44 1162 252
118 45 1162 280
119 46 1162 579
121 47 1162 930
126 48 1162 1581
127 49 1162 659
127 50 1162 57
129 51 1162 1037
138 52 1162 1812
139 53 1162 604
140 54 1162 844
140 55 1162 176
144 56 1162 1377
146 57 1162 1129
150 58 1162 1397
154 59 1162 1439
154 60 1162 67
156 61 1162 922
156 62 1162 456
162 63 1162 1669
162 64 1162 271
166 65 1162 1441
167 66 1162 762
171 67 1162 1455
171 68 1162 216
178 69 1162 1748
179 70 1162 799
186 71 1162 1708
191 72 1162 1555
192 73 1162 594
194 74 1162 990
197 76 1162 6
197 75 1162 1304
205 77 1162 1772
213 78 1162 1771
214 79 1162 864
215 80 1162 666
217 81 1162 879
218 82 1162 715
223 83 1162 1519
228 84 1162 1556
236 85 1162 1772
237 86 1162 527
240 87 1162 1343
247 88 1162 1728
253 89 1162 1635
257 90 1162 1471
260 91 1162 1214
264 96 1162 208
264 95 1162 231
264 94 1162 24
264 93 1162 256
264 92 1162 1440
268 97 1162 1371
272 98 1162 1427
273 99 1162 735
277 100 1162 1443
279 101 1162 1049
280 102 1162 714
288 103 1162 1758
296 105 1162 273
296 104 1162 1784
300 106 1162 1407
303 107 1162 1218
308 108 1162 1538
312 109 1162 1464
312 110 1162 169
317 111 1162 1530
320 112 1162 1283
321 113 1162 533
322 114 1162 773
324 115 1162 1112
324 116 1162 207
325 117 1162 862
325 118 1162 112
325 119 1162 423
327 120 1162 913
330 121 1162 1344
336 122 1162 1652
337 123 1162 505
337 124 1162 277
342 125 1162 1509
342 126 1162 268
345 127 1162 1298
346 128 1162 569
347 129 1162 759
349 130 1162 1096
350 132 1162 345
350 131 1162 560
352 133 1162 1035
356 134 1162 1345
361 135 1162 1541
361 136 1162 165
363 137 1162 881
369 138 1162 1659
372 140 1162 365
372 139 1162 1283
375 141 1162 1234
382 142 1162 1729
382 143 1162 263
386 144 1162 1466
397 145 1162 1865
408 146 1162 1856
410 147 1162 906
414 148 1162 1408
415 149 1162 836
415 150 1162 23
418 151 1162 1270
421 152 1162 1258
423 153 1162 1003
430 154 1162 1747
430 155 1162 98
433 156 1162 1322
433 157 1162 208
437 158 1162 1481
437 159 1162 275
437 160 1162 5
437 161 1162 108
438 162 1162 648
439 163 1162 779
439 164 1162 368
444 165 1162 1533
447 166 1162 1185
447 167 1162 247
449 168 1162 1112
452 169 1162 1156
454 170 1162 947
457 171 1162 1250
459 172 1162 1128
460 173 1162 754
460 174 1162 58
465 175 1162 1604
470 176 1162 1539
474 177 1162 1388
476 178 1162 964
476 179 1162 336
481 180 1162 1578
484 181 1162 1286
493 182 1162 1815
499 183 1162 1658
500 184 1162 735
508 185 1162 1750
511 186 1162 1226
514 187 1162 1266
517 188 1162 1212
520 189 1162 1247
520 190 1162 219
532 191 1162 1881
535 192 1162 1325
539 193 1162 1384
542 194 1162 1277
542 195 1162 256
543 196 1162 586
545 197 1162 949
554 198 1162 1820
565 199 1162 1857
566 200 1162 680
572 201 1162 1608
579 202 1162 1718
579 203 1162 251
588 204 1162 1814
589 205 1162 698
589 206 1162 142
590 207 1162 504
592 209 1162 143
592 210 1162 483
592 208 1162 945
603 211 1162 1859
606 212 1162 1169
609 213 1162 1145
610 214 1162 621
611 215 1162 643
611 216 1162 218
613 218 1162 44
613 217 1162 914
614 220 1162 306
614 219 1162 542
624 221 1162 1843
626 222 1162 960
634 223 1162 1790
636 224 1162 936
638 225 1162 990
648 226 1162 1850
654 227 1162 1669
658 228 1162 1401
665 229 1162 1726
667 230 1162 1017
668 231 1162 590
672 232 1162 1492
674 233 1162 1031
679 234 1162 1580
692 235 1162 1895
696 236 1162 1492
701 237 1162 1563
709 238 1162 1769
709 239 1162 37
715 240 1162 1607
716 241 1162 722
716 242 1162 321
718 243 1162 1069
719 244 1162 763
719 245 1162 285
720 246 1162 712
720 247 1162 179
721 248 1162 762
722 250 1162 38
722 249 1162 634
727 251 1162 1596
729 252 1162 905
732 253 1162 1277
737 254 1162 1551
738 255 1162 762
739 256 1162 648
749 257 1162 1853
752 258 1162 1240
753 259 1162 824
754 260 1162 772
754 261 1162 398
756 262 1162 1027
759 263 1162 1143
761 264 1162 1050
770 265 1162 1818
770 266 1162 366
770 267 1162 138
774 268 1162 1489
775 269 1162 651
777 270 1162 1076
778 271 1162 579
780 272 1162 1070
780 273 1162 6
781 274 1162 859
786 275 1162 1509
791 276 1162 1522
800 277 1162 1815
802 278 1162 1027
803 279 1162 650
803 280 1162 278
809 281 1162 1671
811 282 1162 906
812 283 1162 767
818 284 1162 1688
822 285 1162 1346
828 287 1162 214
828 286 1162 1609
832 288 1162 1404
833 289 1162 818
836 290 1162 1247
841 291 1162 1564
841 292 1162 323
843 293 1162 945
846 294 1162 1190
849 295 1162 1209
855 296 1162 1619
857 297 1162 1102
857 298 1162 18
859 299 1162 869
869 300 1162 1844
870 301 1162 573
871 302 1162 615
871 303 1162 111
875 304 1162 1482
879 305 1162 1383
880 306 1162 526
