13 0 1116 1888
16 1 1116 1250
24 2 1116 1784
25 3 1116 783
36 4 1116 1862
38 5 1116 1071
45 6 1116 1705
47 7 1116 1065
49 8 1116 1098
52 9 1116 1239
52 10 1116 376
53 11 1116 798
55 12 1116 1039
59 13 1116 1474
61 14 1116 949
67 15 1116 1630
71 16 1116 1453
75 17 1116 1442
76 18 1116 566
80 19 1116 1360
80 20 1116 340
84 21 1116 1357
84 22 1116 383
88 23 1116 1392
89 24 1116 515
90 26 1116 316
90 25 1116 716
91 27 1116 628
93 28 1116 923
93 29 1116 454
94 30 1116 815
104 31 1116 1844
109 32 1116 1568
112 33 1116 1248
115 34 1116 1241
116 35 1116 723
117 37 1116 65
117 36 1116 608
123 38 1116 1649
129 39 1116 1671
129 40 1116 77
130 41 1116 755
132 42 1116 1131
136 43 1116 1387
138 44 1116 1035
140 45 1116 897
143 46 1116 1308
145 47 1116 1066
147 48 1116 1064
150 49 1116 1206
151 50 1116 585
151 51 1116 496
151 52 1116 72
151 53 1116 418
169 54 1116 1917
170 55 1116 531
171 56 1116 866
171 57 1116 391
171 58 1116 268
174 59 1116 1145
175 60 1116 755
177 61 1116 1076
177 62 1116 142
178 65 1116 456
178 64 1116 424
178 63 1116 643
181 66 1116 1154
188 67 1116 1715
188 68 1116 232
188 69 1116 226
190 70 1116 1022
194 71 1116 1387
201 72 1116 1717
202 73 1116 819
205 74 1116 1283
210 76 1116 225
210 75 1116 1509
212 77 1116 921
212 78 1116 357
217 79 1116 1542
220 80 1116 1332
223 81 1116 1175
227 82 1116 1489
233 83 1116 1642
241 85 1116 318
241 84 1116 1794
249 86 1116 1772
252 87 1116 1150
255 88 1116 1256
256 89 1116 710
264 90 1116 1781
264 91 1116 216
271 92 1116 1722
272 93 1116 504
274 94 1116 916
276 95 1116 925
277 96 1116 612
277 97 1116 488
279 98 1116 962
280 99 1116 578
286 100 1116 1667
291 101 1116 1518
292 102 1116 833
293 103 1116 838
293 104 1116 184
295 105 1116 1123
296 106 1116 704
299 107 1116 1178
301 108 1116 1060
301 109 1116 407
301 110 1116 305
312 112 1116 34
312 111 1116 1870
313 113 1116 650
320 114 1116 1738
325 115 1116 1504
330 116 1116 1512
330 117 1116 425
331 118 1116 774
331 119 1116 106
332 120 1116 609
332 121 1116 4
332 122 1116 458
336 124 1116 370
336 123 1116 1447
337 125 1116 805
342 126 1116 1590
345 127 1116 1213
354 128 1116 1827
354 129 1116 357
356 130 1116 896
362 131 1116 1662
374 132 1116 1883
381 133 1116 1703
390 134 1116 1799
397 135 1116 1739
397 136 1116 342
398 137 1116 650
402 138 1116 1457
403 139 1116 670
408 140 1116 1539
409 142 1116 90
409 141 1116 593
410 143 1116 849
410 144 1116 404
420 145 1116 1835
420 146 1116 181
422 147 1116 1071
423 148 1116 690
426 149 1116 1336
429 151 1116 187
429 150 1116 1338
435 152 1116 1638
436 153 1116 856
449 154 1116 1894
455 155 1116 1663
457 156 1116 1059
460 157 1116 1310
460 158 1116 467
463 159 1116 1303
467 160 1116 1458
471 161 1116 1415
474 162 1116 1275
475 163 1116 702
479 164 1116 1436
480 165 1116 568
496 166 1116 1912
496 167 1116 256
497 168 1116 775
522 169 1116 1924
525 170 1116 1162
526 171 1116 861
528 175 1116 15
528 174 1116 491
528 172 1116 892
528 173 1116 103
538 176 1116 1838
543 177 1116 1534
545 178 1116 1043
545 179 1116 459
546 180 1116 623
547 181 1116 518
548 183 1116 490
548 182 1116 522
550 184 1116 943
551 185 1116 709
551 186 1116 23
553 187 1116 1027
560 188 1116 1733
560 189 1116 136
561 190 1116 679
563 193 1116 154
563 191 1116 956
563 192 1116 183
565 194 1116 1137
565 195 1116 123
568 196 1116 1243
571 197 1116 1312
574 198 1116 1338
582 199 1116 1760
592 200 1116 1848
602 202 1116 296
602 201 1116 1850
603 203 1116 691
603 204 1116 174
603 205 1116 476
606 206 1116 1219
611 207 1116 1535
611 208 1116 364
623 209 1116 1879
630 210 1116 1749
634 213 1116 8
634 211 1116 1449
634 212 1116 266
635 214 1116 679
637 215 1116 939
639 216 1116 893
640 217 1116 784
646 218 1116 1683
647 219 1116 726
648 220 1116 545
650 221 1116 885
650 222 1116 447
651 223 1116 639
654 224 1116 1244
654 225 1116 206
655 226 1116 678
656 227 1116 738
658 228 1116 890
658 229 1116 367
659 230 1116 696
660 231 1116 526
660 232 1116 196
663 233 1116 1208
664 234 1116 536
665 235 1116 698
665 236 1116 221
673 238 1116 316
673 239 1116 467
673 237 1116 1755
677 240 1116 1414
677 241 1116 412
678 242 1116 662
686 243 1116 1778
686 244 1116 311
689 245 1116 1154
690 246 1116 689
690 247 1116 174
694 249 1116 197
694 248 1116 1399
697 250 1116 1155
697 251 1116 458
702 252 1116 1553
703 253 1116 611
706 254 1116 1214
708 255 1116 963
712 256 1116 1402
717 257 1116 1582
721 258 1116 1372
734 259 1116 1892
741 260 1116 1722
741 261 1116 481
742 262 1116 644
763 263 1116 1921
766 264 1116 1182
769 265 1116 1223
772 266 1116 1253
774 267 1116 983
778 268 1116 1396
793 269 1116 1906
794 270 1116 718
796 271 1116 1062
796 272 1116 468
799 273 1116 1216
802 274 1116 1237
802 275 1116 132
802 276 1116 222
803 279 1116 90
803 277 1116 594
803 278 1116 327
807 280 1116 1441
808 281 1116 503
811 282 1116 1263
812 283 1116 692
814 285 1116 238
814 284 1116 1137
816 286 1116 897
821 287 1116 1510
839 288 1116 1918
844 289 1116 1498
847 290 1116 1220
848 291 1116 564
848 292 1116 383
848 293 1116 348
849 294 1116 669
851 295 1116 933
858 296 1116 1693
859 297 1116 665
860 298 1116 596
862 299 1116 1013
871 300 1116 1826
877 301 1116 1630
878 302 1116 703
882 303 1116 1417
886 304 1116 1404
886 305 1116 93
903 306 1116 1915
