0 0 1619 94
5 1 1619 1520
8 2 1619 1237
11 3 1619 1156
15 4 1619 1481
17 5 1619 1109
19 6 1619 1015
19 7 1619 35
20 8 1619 760
28 9 1619 1753
32 10 1619 1476
37 11 1619 1533
49 12 1619 1880
51 13 1619 973
65 14 1619 1896
69 15 1619 1459
69 16 1619 178
70 18 1619 366
70 17 1619 590
75 19 1619 1538
75 20 1619 257
76 21 1619 591
82 22 1619 1617
84 23 1619 987
85 24 1619 796
92 25 1619 1748
101 26 1619 1814
102 27 1619 735
104 28 1619 1126
104 29 1619 397
105 30 1619 630
113 31 1619 1759
113 32 1619 320
119 33 1619 1674
124 34 1619 1525
128 35 1619 1360
130 36 1619 1002
133 39 1619 186
133 37 1619 1206
133 38 1619 234
135 40 1619 880
138 41 1619 1309
140 42 1619 937
140 43 1619 84
140 44 1619 133
141 45 1619 697
142 46 1619 865
145 47 1619 1308
147 48 1619 965
154 49 1619 1718
154 50 1619 386
154 51 1619 89
155 52 1619 641
155 53 1619 233
157 54 1619 918
161 55 1619 1428
170 58 1619 360
170 56 1619 1828
170 57 1619 250
176 59 1619 1657
179 60 1619 1220
179 61 1619 280
180 62 1619 834
180 63 1619 363
182 64 1619 1122
188 65 1619 1642
191 66 1619 1212
191 67 1619 206
195 68 1619 1372
196 70 1619 457
196 69 1619 535
198 72 1619 355
198 73 1619 180
198 71 1619 897
199 74 1619 658
201 75 1619 872
206 76 1619 1579
211 77 1619 1532
212 78 1619 853
212 79 1619 98
214 80 1619 883
215 81 1619 505
222 82 1619 1694
225 84 1619 10
225 83 1619 1332
226 85 1619 541
228 86 1619 1117
228 87 1619 87
229 88 1619 755
229 89 1619 96
233 90 1619 1457
234 91 1619 752
235 92 1619 845
236 93 1619 502
238 94 1619 890
239 95 1619 600
239 96 1619 475
240 97 1619 573
242 98 1619 887
242 99 1619 415
246 100 1619 1409
247 101 1619 658
258 103 1619 429
258 102 1619 1860
261 104 1619 1261
265 105 1619 1413
271 106 1619 1658
271 107 1619 461
276 108 1619 1500
276 109 1619 46
284 110 1619 1774
284 111 1619 295
287 113 1619 261
287 112 1619 1321
288 114 1619 773
289 115 1619 714
290 116 1619 510
294 117 1619 1426
294 118 1619 352
295 119 1619 581
296 120 1619 525
298 121 1619 1125
302 122 1619 1376
305 123 1619 1275
307 124 1619 1003
313 125 1619 1630
313 126 1619 52
321 127 1619 1778
324 128 1619 1214
324 129 1619 57
324 130 1619 397
326 131 1619 1005
327 133 1619 437
327 132 1619 645
328 134 1619 614
328 135 1619 225
329 136 1619 570
332 137 1619 1265
332 138 1619 71
333 139 1619 522
334 140 1619 808
335 141 1619 656
336 142 1619 512
337 143 1619 709
337 144 1619 247
340 145 1619 1162
344 146 1619 1355
345 147 1619 583
351 149 1619 175
351 150 1619 89
351 148 1619 1653
353 152 1619 221
353 153 1619 306
353 151 1619 974
362 154 1619 1815
362 155 1619 284
365 156 1619 1207
366 157 1619 584
370 158 1619 1351
375 159 1619 1555
379 160 1619 1360
388 161 1619 1804
391 162 1619 1171
395 163 1619 1442
400 164 1619 1573
401 165 1619 769
406 166 1619 1574
408 167 1619 884
413 168 1619 1572
414 169 1619 548
414 170 1619 144
417 171 1619 1170
421 172 1619 1354
429 173 1619 1755
436 174 1619 1697
444 175 1619 1793
445 176 1619 612
446 177 1619 666
448 178 1619 1028
456 179 1619 1765
456 180 1619 274
460 182 1619 125
460 181 1619 1393
462 183 1619 1039
475 184 1619 1893
479 185 1619 1347
480 186 1619 784
480 187 1619 339
481 188 1619 546
481 189 1619 329
483 190 1619 942
499 191 1619 1911
509 192 1619 1838
509 193 1619 440
511 194 1619 1086
513 195 1619 928
517 196 1619 1409
519 197 1619 995
521 198 1619 1060
525 199 1619 1403
530 201 1619 471
530 200 1619 1512
532 202 1619 935
534 203 1619 1104
534 204 1619 31
535 205 1619 844
540 206 1619 1544
540 207 1619 391
541 208 1619 533
541 209 1619 22
546 210 1619 1596
547 211 1619 540
551 212 1619 1480
556 213 1619 1510
559 214 1619 1281
572 215 1619 1891
578 216 1619 1679
578 217 1619 132
582 218 1619 1474
582 219 1619 225
598 220 1619 1910
601 221 1619 1235
601 222 1619 337
604 223 1619 1242
609 224 1619 1531
609 225 1619 158
612 226 1619 1256
614 227 1619 913
615 228 1619 668
616 230 1619 383
616 229 1619 769
621 231 1619 1542
626 232 1619 1531
631 233 1619 1550
631 234 1619 253
638 235 1619 1728
638 236 1619 458
640 237 1619 945
642 238 1619 1007
644 239 1619 1048
651 240 1619 1728
651 241 1619 392
658 242 1619 1730
659 243 1619 524
660 244 1619 658
660 245 1619 401
660 246 1619 430
660 247 1619 328
662 248 1619 1084
664 249 1619 1119
667 250 1619 1173
670 251 1619 1277
674 252 1619 1446
675 253 1619 834
679 254 1619 1418
679 255 1619 276
679 256 1619 134
685 257 1619 1617
690 258 1619 1498
699 259 1619 1798
704 260 1619 1513
705 261 1619 631
711 262 1619 1647
717 263 1619 1688
722 264 1619 1563
722 265 1619 53
724 266 1619 934
735 267 1619 1855
738 268 1619 1256
742 269 1619 1477
746 270 1619 1433
747 271 1619 733
749 272 1619 1049
749 273 1619 425
749 274 1619 422
754 275 1619 1517
758 276 1619 1429
765 277 1619 1737
766 278 1619 584
768 279 1619 1129
774 280 1619 1653
776 281 1619 927
784 282 1619 1754
788 283 1619 1473
793 284 1619 1520
795 286 1619 96
795 285 1619 1031
796 287 1619 696
796 288 1619 132
810 289 1619 1901
815 290 1619 1594
816 291 1619 765
820 292 1619 1371
822 293 1619 1134
826 294 1619 1460
828 295 1619 1097
829 296 1619 670
829 297 1619 42
831 298 1619 886
832 299 1619 604
836 300 1619 1392
837 301 1619 499
839 302 1619 996
844 303 1619 1531
850 305 1619 440
850 304 1619 1611
850 306 1619 227
