4 0 1319 1367
9 1 1319 1570
19 2 1319 1835
22 3 1319 1194
23 4 1319 701
26 5 1319 1265
29 6 1319 1148
35 7 1319 1613
40 8 1319 1574
44 9 1319 1364
49 10 1319 1578
54 11 1319 1555
54 12 1319 133
55 13 1319 507
56 14 1319 843
59 15 1319 1275
61 16 1319 875
65 18 1319 156
65 17 1319 1440
69 19 1319 1456
70 20 1319 527
70 21 1319 214
74 22 1319 1460
83 23 1319 1824
84 24 1319 729
86 25 1319 1114
90 26 1319 1359
92 28 1319 182
92 27 1319 1081
95 29 1319 1323
96 30 1319 616
99 31 1319 1158
109 32 1319 1841
111 33 1319 1032
113 34 1319 1045
120 35 1319 1703
123 36 1319 1149
133 37 1319 1841
138 38 1319 1536
138 39 1319 162
138 40 1319 91
138 41 1319 286
139 42 1319 527
140 43 1319 751
143 44 1319 1247
147 48 1319 107
147 47 1319 197
147 45 1319 1374
147 46 1319 214
148 49 1319 687
154 50 1319 1643
154 51 1319 238
154 52 1319 413
156 53 1319 933
157 54 1319 854
160 58 1319 465
160 57 1319 10
160 56 1319 109
160 55 1319 1152
165 59 1319 1512
175 60 1319 1831
175 61 1319 66
179 62 1319 1430
179 63 1319 251
180 64 1319 748
180 65 1319 420
186 66 1319 1638
188 67 1319 1025
192 68 1319 1386
194 69 1319 1065
194 70 1319 126
196 71 1319 959
205 72 1319 1828
224 73 1319 1918
228 74 1319 1364
228 75 1319 241
234 76 1319 1612
235 77 1319 709
236 78 1319 577
239 79 1319 1279
241 80 1319 899
244 81 1319 1162
246 82 1319 974
250 83 1319 1420
255 84 1319 1604
255 85 1319 377
256 86 1319 744
258 87 1319 908
258 88 1319 178
267 89 1319 1817
272 90 1319 1593
274 91 1319 1138
278 94 1319 256
278 95 1319 25
278 92 1319 1376
278 93 1319 24
279 96 1319 780
279 97 1319 275
279 98 1319 3
280 99 1319 827
286 100 1319 1661
288 101 1319 1113
289 102 1319 735
291 103 1319 966
292 104 1319 560
293 105 1319 684
293 106 1319 335
293 107 1319 419
297 108 1319 1493
298 109 1319 613
302 110 1319 1465
305 111 1319 1325
309 112 1319 1358
311 113 1319 1111
312 114 1319 612
313 115 1319 669
315 116 1319 1016
315 117 1319 10
316 118 1319 572
316 119 1319 370
321 120 1319 1600
322 121 1319 730
323 122 1319 847
327 123 1319 1493
331 124 1319 1396
333 125 1319 912
338 126 1319 1508
347 127 1319 1803
353 128 1319 1662
356 129 1319 1339
360 130 1319 1385
363 131 1319 1336
364 132 1319 705
370 133 1319 1675
375 134 1319 1543
382 135 1319 1711
382 136 1319 427
382 137 1319 8
383 138 1319 859
385 139 1319 919
385 140 1319 42
385 141 1319 324
388 142 1319 1340
392 145 1319 268
392 143 1319 1490
392 144 1319 352
399 146 1319 1705
399 147 1319 265
402 148 1319 1337
407 149 1319 1512
409 150 1319 933
410 151 1319 770
416 152 1319 1628
421 153 1319 1557
424 154 1319 1151
426 155 1319 930
426 156 1319 266
429 157 1319 1166
433 158 1319 1494
438 159 1319 1573
440 160 1319 1101
440 161 1319 456
441 163 1319 153
441 162 1319 682
444 164 1319 1152
444 165 1319 128
445 166 1319 619
451 167 1319 1608
455 168 1319 1492
456 169 1319 826
456 170 1319 242
458 171 1319 1008
460 172 1319 1075
465 173 1319 1577
465 174 1319 328
468 175 1319 1275
471 176 1319 1315
474 177 1319 1282
476 178 1319 1141
478 179 1319 1128
480 180 1319 1132
483 184 1319 406
483 183 1319 150
483 181 1319 1243
483 182 1319 466
484 185 1319 614
490 186 1319 1632
492 187 1319 1072
493 188 1319 523
494 189 1319 612
498 190 1319 1445
501 192 1319 438
501 191 1319 1185
504 193 1319 1211
511 194 1319 1742
516 195 1319 1510
521 196 1319 1567
524 197 1319 1186
524 198 1319 337
524 199 1319 223
529 200 1319 1574
529 201 1319 96
530 202 1319 697
531 203 1319 511
534 204 1319 1270
544 205 1319 1850
550 206 1319 1620
550 207 1319 51
553 208 1319 1229
562 209 1319 1800
567 210 1319 1540
569 214 1319 440
569 213 1319 366
569 211 1319 908
569 212 1319 25
577 215 1319 1783
594 216 1319 1915
595 217 1319 531
601 218 1319 1672
602 219 1319 538
602 220 1319 421
606 221 1319 1471
608 222 1319 1084
610 223 1319 879
613 224 1319 1305
615 225 1319 981
616 226 1319 569
624 227 1319 1788
632 228 1319 1759
633 229 1319 742
639 231 1319 128
639 230 1319 1633
641 232 1319 944
643 233 1319 917
647 234 1319 1479
649 235 1319 1036
650 236 1319 545
662 237 1319 1879
663 238 1319 805
663 239 1319 480
665 240 1319 918
670 241 1319 1581
678 242 1319 1768
679 243 1319 648
681 244 1319 997
682 245 1319 536
685 246 1319 1160
685 247 1319 72
686 248 1319 770
698 249 1319 1884
703 250 1319 1520
705 251 1319 1036
709 252 1319 1438
716 253 1319 1723
723 254 1319 1727
723 255 1319 102
725 256 1319 936
732 257 1319 1742
734 259 1319 288
734 258 1319 1130
737 260 1319 1280
745 261 1319 1757
745 262 1319 216
745 263 1319 487
745 264 1319 167
749 265 1319 1411
762 266 1319 1888
764 267 1319 1032
765 268 1319 812
768 269 1319 1329
771 270 1319 1238
771 271 1319 35
777 272 1319 1651
780 273 1319 1191
785 274 1319 1544
786 275 1319 764
792 276 1319 1628
792 277 1319 436
801 278 1319 1807
802 279 1319 769
809 280 1319 1745
809 281 1319 497
811 282 1319 1017
820 283 1319 1800
823 284 1319 1147
824 285 1319 597
825 286 1319 614
828 287 1319 1146
830 288 1319 1115
834 289 1319 1376
834 290 1319 99
835 291 1319 727
836 292 1319 749
837 293 1319 516
839 294 1319 1125
841 295 1319 1086
845 296 1319 1365
848 298 1319 480
848 297 1319 1280
853 299 1319 1511
854 300 1319 572
854 301 1319 128
857 302 1319 1185
861 303 1319 1366
862 304 1319 645
866 305 1319 1484
869 306 1319 1309
