1 0 1199 708
2 1 1199 746
3 2 1199 670
3 3 1199 451
8 4 1199 1584
9 5 1199 759
11 6 1199 883
11 7 1199 353
17 8 1199 1618
19 9 1199 1072
23 10 1199 1410
24 11 1199 773
27 12 1199 1244
28 13 1199 657
29 14 1199 544
30 15 1199 804
41 16 1199 1865
44 17 1199 1211
45 18 1199 805
47 19 1199 1003
53 20 1199 1675
55 21 1199 887
56 22 1199 783
57 23 1199 728
65 24 1199 1774
73 25 1199 1775
77 27 1199 115
77 26 1199 1379
82 28 1199 1507
83 29 1199 848
85 30 1199 954
87 31 1199 909
87 32 1199 402
87 33 1199 48
87 34 1199 457
89 35 1199 1124
89 36 1199 228
97 37 1199 1760
104 38 1199 1742
104 39 1199 436
104 40 1199 305
105 41 1199 574
107 42 1199 1098
107 43 1199 84
111 44 1199 1393
116 45 1199 1589
124 46 1199 1776
125 47 1199 794
125 48 1199 174
125 49 1199 111
129 50 1199 1454
134 51 1199 1578
140 52 1199 1626
141 53 1199 791
148 54 1199 1697
155 55 1199 1746
168 56 1199 1888
179 57 1199 1866
180 58 1199 602
187 59 1199 1733
190 60 1199 1305
191 61 1199 768
192 62 1199 770
193 63 1199 769
193 64 1199 117
194 66 1199 370
194 65 1199 500
197 67 1199 1196
197 68 1199 199
200 69 1199 1344
201 70 1199 575
201 71 1199 104
205 72 1199 1393
205 73 1199 368
206 74 1199 698
208 75 1199 1100
215 76 1199 1713
216 77 1199 698
219 78 1199 1260
219 79 1199 185
249 80 1199 1924
250 81 1199 584
261 82 1199 1866
265 83 1199 1396
268 84 1199 1319
271 85 1199 1301
274 86 1199 1207
279 87 1199 1536
279 88 1199 275
280 89 1199 636
283 90 1199 1160
283 91 1199 286
286 92 1199 1158
286 93 1199 9
288 94 1199 1056
292 95 1199 1461
299 96 1199 1729
299 97 1199 329
312 98 1199 1892
314 99 1199 893
317 100 1199 1218
318 101 1199 579
319 102 1199 595
320 103 1199 754
324 104 1199 1460
328 105 1199 1349
328 106 1199 185
331 107 1199 1257
331 108 1199 92
332 109 1199 597
332 110 1199 32
335 111 1199 1189
336 112 1199 606
336 113 1199 416
343 114 1199 1733
344 115 1199 720
345 116 1199 827
348 117 1199 1299
352 118 1199 1375
353 119 1199 741
356 120 1199 1217
357 121 1199 759
359 122 1199 920
363 125 1199 289
363 123 1199 1488
363 124 1199 184
365 126 1199 871
369 127 1199 1383
372 128 1199 1237
375 129 1199 1161
378 130 1199 1296
382 131 1199 1384
383 133 1199 367
383 132 1199 731
385 134 1199 891
388 135 1199 1344
405 136 1199 1914
407 137 1199 1112
418 138 1199 1860
431 139 1199 1895
433 140 1199 1116
445 141 1199 1874
449 142 1199 1443
454 143 1199 1603
455 144 1199 603
469 145 1199 1896
474 146 1199 1605
475 147 1199 741
475 148 1199 200
475 149 1199 335
476 151 1199 429
476 150 1199 634
478 152 1199 878
481 153 1199 1150
486 154 1199 1600
486 155 1199 458
491 156 1199 1584
493 157 1199 1032
494 158 1199 570
497 159 1199 1171
497 160 1199 477
498 162 1199 20
498 161 1199 726
499 163 1199 856
502 164 1199 1225
503 165 1199 573
503 166 1199 457
503 167 1199 239
507 168 1199 1450
507 169 1199 388
508 170 1199 731
514 171 1199 1640
518 172 1199 1364
522 173 1199 1405
527 174 1199 1550
530 175 1199 1267
533 176 1199 1240
536 177 1199 1241
538 178 1199 884
538 179 1199 212
539 181 1199 130
539 180 1199 608
542 182 1199 1183
544 183 1199 901
545 184 1199 526
546 185 1199 866
547 186 1199 505
552 187 1199 1505
553 189 1199 433
553 188 1199 691
559 190 1199 1685
561 191 1199 882
562 192 1199 542
563 193 1199 688
567 194 1199 1417
567 195 1199 389
578 196 1199 1854
579 197 1199 587
579 198 1199 378
579 199 1199 30
583 200 1199 1438
587 201 1199 1366
590 202 1199 1216
597 203 1199 1737
602 204 1199 1529
604 205 1199 919
606 206 1199 990
610 207 1199 1398
615 208 1199 1525
615 209 1199 332
618 213 1199 357
618 212 1199 147
618 210 1199 1142
618 211 1199 343
619 214 1199 562
619 215 1199 347
623 216 1199 1468
625 217 1199 1044
625 218 1199 329
625 219 1199 358
625 220 1199 67
627 221 1199 877
631 222 1199 1472
633 223 1199 1017
634 224 1199 628
642 225 1199 1774
644 226 1199 1098
645 227 1199 675
661 228 1199 1912
664 229 1199 1160
667 230 1199 1338
668 231 1199 653
669 232 1199 863
670 233 1199 854
671 234 1199 699
674 235 1199 1167
675 236 1199 838
679 237 1199 1370
682 238 1199 1296
687 239 1199 1532
696 240 1199 1801
698 241 1199 1031
713 242 1199 1904
713 243 1199 359
716 244 1199 1215
719 245 1199 1341
720 246 1199 734
720 247 1199 184
720 248 1199 125
722 249 1199 1070
723 250 1199 846
724 251 1199 809
724 252 1199 258
724 253 1199 19
737 254 1199 1887
738 255 1199 561
747 256 1199 1818
747 257 1199 199
749 258 1199 1108
755 259 1199 1680
762 260 1199 1746
762 261 1199 315
766 262 1199 1411
766 263 1199 365
768 264 1199 918
768 265 1199 489
772 266 1199 1404
775 267 1199 1218
780 268 1199 1582
783 269 1199 1320
787 270 1199 1433
787 271 1199 97
793 272 1199 1672
794 273 1199 722
794 274 1199 482
796 275 1199 960
798 276 1199 897
800 277 1199 1112
807 278 1199 1726
810 279 1199 1211
812 280 1199 1039
814 281 1199 913
815 282 1199 549
816 283 1199 842
816 284 1199 313
817 285 1199 528
817 286 1199 395
818 287 1199 844
820 288 1199 891
820 289 1199 138
823 290 1199 1273
824 291 1199 639
824 292 1199 262
829 293 1199 1541
836 294 1199 1710
840 295 1199 1485
845 296 1199 1545
850 297 1199 1539
854 298 1199 1365
855 299 1199 725
866 300 1199 1862
870 301 1199 1441
871 302 1199 527
872 303 1199 730
877 304 1199 1561
878 305 1199 749
880 306 1199 1062
