0 393 57 797
1 0 57 667
1 394 57 595
5 395 57 1362
9 396 57 1436
10 1 57 1811
10 397 57 563
12 398 57 1116
14 2 57 1346
14 399 57 1051
19 3 57 1535
22 401 57 480
22 400 57 1785
23 402 57 848
25 403 57 912
28 405 57 163
28 404 57 1308
30 406 57 966
32 407 57 906
34 408 57 1141
37 4 57 1916
38 5 57 631
39 409 57 1599
41 410 57 1102
43 6 57 1564
44 7 57 537
47 8 57 1236
48 411 57 1699
50 412 57 1028
52 9 57 1504
57 413 57 1737
59 415 57 440
59 414 57 974
60 416 57 621
61 10 57 1825
69 11 57 1787
70 12 57 503
73 418 57 25
73 417 57 1894
74 13 57 1394
74 419 57 655
75 420 57 794
76 14 57 1071
80 15 57 1447
81 16 57 791
86 421 57 1861
88 17 57 1719
88 18 57 393
92 19 57 1457
92 20 57 248
92 21 57 31
93 422 57 1749
94 423 57 640
94 22 57 891
96 23 57 903
98 24 57 1040
102 424 57 1780
102 426 57 110
102 425 57 165
104 427 57 1115
109 428 57 1535
111 25 57 1888
113 429 57 1486
113 430 57 376
114 432 57 403
114 431 57 521
118 433 57 1407
119 434 57 563
119 435 57 132
120 26 57 1825
122 436 57 1180
124 437 57 934
124 27 57 1427
125 439 57 237
125 438 57 562
127 28 57 1185
129 440 57 1464
131 29 57 1414
131 30 57 163
132 31 57 786
133 32 57 557
133 33 57 315
134 441 57 1559
134 34 57 695
141 35 57 1703
142 36 57 779
143 37 57 570
143 38 57 158
147 442 57 1889
150 39 57 1746
150 41 57 347
150 40 57 193
151 42 57 809
151 43 57 57
158 443 57 1871
159 444 57 643
162 446 57 134
162 445 57 1191
164 447 57 951
165 44 57 1900
165 45 57 217
166 46 57 722
169 47 57 1241
171 449 57 155
171 448 57 1748
172 450 57 740
172 48 57 1224
175 50 57 222
175 49 57 1247
176 451 57 1466
177 452 57 538
177 453 57 460
177 454 57 256
181 51 57 1623
184 52 57 1277
187 455 57 1848
188 456 57 655
188 457 57 207
190 458 57 1056
193 459 57 1143
193 460 57 53
199 53 57 1905
199 54 57 121
200 55 57 636
201 461 57 1775
202 58 57 494
202 57 57 443
202 59 57 27
202 56 57 920
203 60 57 730
203 61 57 137
204 462 57 1296
206 62 57 1277
209 463 57 1580
212 464 57 1223
213 63 57 1747
213 465 57 581
216 466 57 1295
216 64 57 1340
218 65 57 1038
221 467 57 1546
221 66 57 1230
221 67 57 187
222 68 57 699
224 468 57 1173
225 469 57 842
225 69 57 1292
226 70 57 668
226 71 57 220
228 470 57 1184
231 72 57 1561
232 73 57 572
234 471 57 1612
235 74 57 1263
237 472 57 1332
244 75 57 1825
244 473 57 1713
246 474 57 1116
247 76 57 1146
248 77 57 833
249 475 57 1160
250 78 57 927
251 79 57 823
254 80 57 1165
255 82 57 202
255 81 57 584
263 476 57 1897
266 83 57 1863
269 84 57 1191
269 85 57 465
272 477 57 1803
273 86 57 1433
274 89 57 58
274 88 57 193
274 87 57 576
275 90 57 783
275 93 57 130
275 92 57 75
275 91 57 336
277 94 57 1015
277 95 57 56
279 96 57 995
281 97 57 986
282 98 57 642
283 99 57 862
285 100 57 911
286 101 57 535
287 102 57 541
294 478 57 1922
295 480 57 31
295 479 57 589
297 481 57 1083
298 103 57 1857
299 104 57 578
299 105 57 1
299 106 57 62
300 107 57 705
300 482 57 1292
301 108 57 642
301 109 57 221
304 483 57 1380
305 484 57 745
305 111 57 86
305 110 57 1415
306 485 57 834
309 112 57 1440
314 113 57 1596
315 115 57 145
315 114 57 787
321 486 57 1908
326 116 57 1859
329 117 57 1339
330 118 57 556
332 119 57 875
332 487 57 1868
335 488 57 1151
336 489 57 639
337 120 57 1529
338 121 57 654
340 490 57 1401
342 491 57 972
351 492 57 1802
354 494 57 184
354 493 57 1343
357 122 57 1918
358 123 57 640
359 126 57 145
359 124 57 508
359 125 57 332
360 497 57 308
360 496 57 263
360 495 57 1613
361 498 57 647
361 499 57 61
363 127 57 1430
367 128 57 1481
370 500 57 1820
370 129 57 1206
371 130 57 829
371 133 57 65
371 132 57 191
371 501 57 513
371 131 57 159
378 502 57 1702
380 503 57 905
381 134 57 1837
382 135 57 630
382 136 57 42
382 137 57 269
382 504 57 895
384 506 57 134
384 505 57 1053
385 507 57 750
385 138 57 1284
388 508 57 1269
388 140 57 403
388 139 57 1190
389 141 57 728
390 509 57 1020
400 142 57 1859
402 510 57 1876
403 513 57 467
403 511 57 776
403 512 57 210
405 514 57 1112
407 516 57 483
407 515 57 894
414 143 57 1897
415 144 57 568
416 145 57 696
417 517 57 1840
417 146 57 820
417 147 57 404
418 518 57 834
418 519 57 388
419 520 57 598
420 148 57 1268
422 150 57 121
422 149 57 870
423 521 57 1352
423 522 57 394
424 523 57 534
427 152 57 430
427 151 57 1581
428 524 57 1365
428 525 57 211
434 153 57 1691
435 526 57 1734
437 155 57 257
437 154 57 1257
438 156 57 541
447 157 57 1826
451 158 57 1348
451 159 57 246
452 527 57 1913
457 528 57 1528
459 160 57 1780
460 161 57 556
461 529 57 1428
463 530 57 897
463 162 57 1148
467 163 57 1361
468 531 57 1588
470 164 57 1316
471 532 57 1155
473 165 57 1255
482 533 57 1860
482 166 57 1819
483 534 57 693
486 167 57 1375
487 535 57 1442
490 538 57 485
490 537 57 386
490 536 57 1305
492 168 57 1684
492 169 57 156
492 170 57 102
496 539 57 1617
497 172 57 54
497 540 57 700
497 171 57 1590
500 541 57 1157
500 174 57 471
500 173 57 1290
501 175 57 801
501 543 57 130
501 542 57 598
502 176 57 720
502 178 57 71
502 544 57 688
502 177 57 21
503 545 57 625
504 546 57 762
507 547 57 1335
507 548 57 231
509 179 57 1737
510 549 57 1214
512 550 57 1129
512 551 57 348
513 180 57 1437
516 552 57 1398
516 553 57 259
519 181 57 1666
519 182 57 162
520 556 57 118
520 555 57 468
520 554 57 1388
520 183 57 611
522 184 57 1084
523 557 57 1168
525 185 57 1172
527 558 57 1465
528 559 57 683
531 560 57 1243
531 561 57 146
531 186 57 1653
531 187 57 424
532 188 57 733
534 562 57 1146
537 189 57 1579
537 191 57 141
537 190 57 89
538 192 57 846
540 193 57 1038
542 563 57 1766
542 565 57 288
542 564 57 123
543 194 57 1334
547 567 57 274
547 566 57 1545
551 195 57 1771
554 568 57 1699
556 197 57 498
556 196 57 1504
557 198 57 580
559 569 57 1594
560 199 57 1237
561 200 57 801
564 570 57 1513
564 571 57 96
565 201 57 1369
566 202 57 644
568 203 57 1111
568 572 57 1355
569 204 57 767
569 205 57 456
570 573 57 1142
574 206 57 1526
576 207 57 1065
576 574 57 1613
579 208 57 1219
579 209 57 455
580 575 57 1365
581 577 57 264
581 576 57 753
583 210 57 1462
584 211 57 520
589 578 57 1770
590 579 57 740
592 212 57 1754
594 581 57 399
594 580 57 1374
597 213 57 1536
598 215 57 114
598 214 57 734
598 216 57 394
599 218 57 276
599 217 57 537
599 219 57 143
600 582 57 1681
600 583 57 313
600 584 57 298
601 586 57 189
601 585 57 548
603 588 57 472
603 589 57 224
603 587 57 896
604 220 57 1527
606 590 57 1324
606 591 57 137
607 592 57 846
608 221 57 1395
609 224 57 67
609 223 57 104
609 222 57 642
614 593 57 1726
614 594 57 374
615 595 57 554
615 596 57 11
616 597 57 757
616 598 57 6
616 599 57 400
618 600 57 1004
618 601 57 487
622 225 57 1886
623 602 57 1560
623 226 57 744
624 603 57 562
625 227 57 941
630 604 57 1626
632 605 57 1033
634 606 57 917
634 607 57 256
635 609 57 23
635 608 57 570
637 228 57 1880
638 229 57 625
641 230 57 1221
641 231 57 222
641 610 57 1640
645 232 57 1365
646 233 57 759
648 234 57 935
648 235 57 67
649 611 57 1778
650 236 57 1021
652 612 57 1322
652 237 57 975
653 613 57 725
660 238 57 1768
661 239 57 628
666 240 57 1571
667 241 57 588
669 242 57 1129
669 243 57 277
669 244 57 117
673 245 57 1493
673 246 57 311
676 247 57 1234
676 248 57 304
679 249 57 1219
683 250 57 1377
685 252 57 221
685 251 57 967
685 253 57 436
691 254 57 1635
694 255 57 1331
695 256 57 727
696 257 57 540
698 258 57 1044
699 259 57 805
705 260 57 1637
706 261 57 585
708 262 57 1109
709 263 57 594
712 264 57 1158
715 265 57 1240
717 266 57 1079
719 267 57 995
720 268 57 600
721 269 57 666
723 270 57 1018
726 271 57 1344
727 272 57 693
732 273 57 1573
732 274 57 497
734 275 57 939
734 276 57 265
734 277 57 364
750 278 57 1911
750 279 57 498
755 280 57 1575
759 281 57 1434
760 282 57 637
761 283 57 661
764 284 57 1173
764 285 57 254
764 286 57 0
766 287 57 928
768 288 57 1048
773 289 57 1529
776 290 57 1265
776 291 57 480
787 292 57 1855
789 293 57 963
791 294 57 915
793 295 57 985
797 296 57 1403
798 297 57 535
800 298 57 1043
801 299 57 802
801 300 57 414
804 301 57 1240
805 302 57 634
810 305 57 32
810 304 57 200
810 306 57 273
810 303 57 1562
811 307 57 573
822 308 57 1863
823 309 57 696
825 310 57 1066
825 311 57 362
826 312 57 554
827 313 57 545
830 314 57 1155
830 315 57 203
842 316 57 1873
842 317 57 448
846 318 57 1346
848 319 57 904
851 320 57 1239
851 321 57 150
862 322 57 1871
864 323 57 996
867 324 57 1326
868 325 57 538
872 326 57 1413
878 327 57 1655
879 328 57 657
883 329 57 1437
887 330 57 1460
893 331 57 1654
896 332 57 1245
898 335 57 334
898 333 57 1108
898 334 57 84
899 336 57 800
901 337 57 999
901 338 57 460
903 339 57 1140
918 340 57 1905
922 341 57 1351
924 343 57 352
924 342 57 990
924 344 57 462
926 345 57 902
936 346 57 1850
939 347 57 1309
946 348 57 1733
947 349 57 711
949 350 57 1036
951 351 57 954
953 353 57 139
953 352 57 1113
957 354 57 1487
957 355 57 263
960 356 57 1293
965 357 57 1562
965 358 57 236
970 359 57 1587
971 360 57 544
972 361 57 543
982 363 57 426
982 362 57 1840
985 364 57 1160
988 365 57 1336
990 366 57 1042
994 367 57 1370
994 368 57 461
995 369 57 820
998 370 57 1328
1000 371 57 873
1017 373 57 206
1017 372 57 1913
1019 374 57 923
1028 375 57 1812
1030 376 57 1085
1035 377 57 1519
1036 378 57 533
1036 379 57 423
1037 380 57 612
1037 381 57 103
1047 382 57 1846
1058 383 57 1870
1058 384 57 400
1059 385 57 505
1060 386 57 541
1062 387 57 1105
1067 388 57 1545
1074 389 57 1745
1076 390 57 965
1079 391 57 1162
1080 392 57 763
