4 0 1844 1353
4 1 1844 420
5 2 1844 701
8 3 1844 1241
10 4 1844 1078
16 5 1844 1672
22 6 1844 1613
22 7 1844 269
26 8 1844 1396
28 9 1844 907
34 10 1844 1645
39 11 1844 1511
40 12 1844 668
43 13 1844 1210
45 14 1844 1106
49 15 1844 1443
51 16 1844 1009
53 17 1844 1009
56 18 1844 1162
63 19 1844 1735
64 20 1844 862
68 21 1844 1397
68 22 1844 383
73 23 1844 1523
76 24 1844 1297
77 25 1844 502
80 27 1844 116
80 26 1844 1306
81 28 1844 728
81 29 1844 144
83 30 1844 1088
84 31 1844 704
92 32 1844 1763
93 33 1844 813
94 35 1844 132
94 34 1844 796
98 36 1844 1466
101 37 1844 1151
102 38 1844 602
102 39 1844 251
103 40 1844 519
108 41 1844 1551
111 42 1844 1146
118 43 1844 1716
121 44 1844 1220
121 45 1844 304
127 46 1844 1654
128 47 1844 504
130 48 1844 1030
131 49 1844 867
138 50 1844 1735
142 51 1844 1443
142 52 1844 417
153 53 1844 1870
155 54 1844 1116
167 56 1844 37
167 55 1844 1881
169 57 1844 1103
180 58 1844 1869
181 59 1844 575
181 60 1844 366
186 61 1844 1496
190 62 1844 1465
193 63 1844 1252
200 64 1844 1744
202 65 1844 941
208 66 1844 1673
216 67 1844 1780
216 68 1844 414
218 69 1844 973
232 70 1844 1902
240 71 1844 1782
240 72 1844 406
242 73 1844 911
245 74 1844 1215
248 76 1844 250
248 75 1844 1235
249 77 1844 591
249 78 1844 302
251 79 1844 993
252 80 1844 772
253 81 1844 801
255 82 1844 1011
263 84 1844 333
263 83 1844 1786
268 85 1844 1569
268 86 1844 286
277 87 1844 1817
283 88 1844 1621
284 89 1844 839
284 90 1844 94
284 91 1844 363
287 92 1844 1207
287 93 1844 27
296 94 1844 1809
298 95 1844 948
298 96 1844 85
307 97 1844 1819
321 98 1844 1897
321 99 1844 279
322 100 1844 555
331 101 1844 1799
331 102 1844 90
331 103 1844 56
333 104 1844 890
345 105 1844 1878
347 106 1844 1037
351 107 1844 1431
352 108 1844 654
361 109 1844 1806
367 110 1844 1630
371 111 1844 1371
372 112 1844 800
374 113 1844 875
381 114 1844 1727
385 115 1844 1490
385 116 1844 485
390 117 1844 1604
392 118 1844 919
392 119 1844 174
393 120 1844 654
401 121 1844 1780
401 122 1844 158
406 123 1844 1500
408 124 1844 879
413 125 1844 1538
414 126 1844 575
414 127 1844 378
416 128 1844 1026
416 129 1844 267
419 131 1844 356
419 130 1844 1150
420 132 1844 618
420 133 1844 23
420 134 1844 437
422 135 1844 898
423 136 1844 711
425 137 1844 954
427 139 1844 380
427 138 1844 896
428 140 1844 532
429 141 1844 780
432 142 1844 1163
439 143 1844 1740
441 144 1844 1133
442 145 1844 648
446 150 1844 462
446 149 1844 319
446 151 1844 406
446 147 1844 331
446 146 1844 1487
446 148 1844 224
448 152 1844 899
455 153 1844 1723
460 154 1844 1550
461 155 1844 700
467 156 1844 1640
468 157 1844 514
470 158 1844 1102
473 159 1844 1276
476 160 1844 1303
477 163 1844 387
477 162 1844 405
477 161 1844 658
478 164 1844 655
481 165 1844 1274
482 166 1844 752
483 167 1844 776
483 168 1844 437
484 169 1844 829
485 170 1844 778
489 171 1844 1455
490 172 1844 708
491 173 1844 539
496 174 1844 1566
505 175 1844 1799
506 182 1844 154
506 181 1844 243
506 179 1844 231
506 180 1844 50
506 177 1844 343
506 176 1844 617
506 178 1844 366
507 183 1844 706
514 184 1844 1729
515 185 1844 744
519 186 1844 1381
520 188 1844 398
520 187 1844 820
526 189 1844 1662
529 191 1844 196
529 190 1844 1182
537 192 1844 1777
542 193 1844 1544
544 194 1844 1002
553 195 1844 1799
553 196 1844 374
554 197 1844 775
556 198 1844 1084
564 199 1844 1784
573 200 1844 1820
574 201 1844 711
583 202 1844 1819
586 203 1844 1319
590 204 1844 1465
592 205 1844 931
598 206 1844 1622
598 207 1844 360
598 208 1844 156
604 210 1844 82
604 209 1844 1676
607 211 1844 1297
607 212 1844 148
609 213 1844 870
612 214 1844 1225
614 215 1844 1059
615 216 1844 503
621 217 1844 1623
622 218 1844 582
632 219 1844 1836
641 220 1844 1817
652 221 1844 1856
652 222 1844 378
653 223 1844 699
658 224 1844 1571
659 225 1844 582
664 226 1844 1603
666 227 1844 1088
670 228 1844 1462
677 229 1844 1692
681 230 1844 1424
689 231 1844 1766
692 232 1844 1183
693 233 1844 507
693 234 1844 335
696 235 1844 1264
696 236 1844 348
697 237 1844 760
700 238 1844 1165
701 239 1844 798
703 240 1844 1046
705 241 1844 1021
706 242 1844 663
707 243 1844 647
712 244 1844 1580
721 245 1844 1810
721 246 1844 48
723 247 1844 906
723 248 1844 319
734 249 1844 1867
737 250 1844 1295
738 251 1844 675
738 252 1844 193
741 253 1844 1173
754 254 1844 1891
767 255 1844 1889
767 256 1844 332
769 257 1844 1119
775 258 1844 1673
777 259 1844 883
780 260 1844 1253
781 261 1844 533
782 262 1844 823
782 263 1844 389
782 264 1844 252
782 265 1844 241
782 266 1844 113
787 267 1844 1565
788 268 1844 535
800 269 1844 1885
801 270 1844 710
807 271 1844 1668
807 272 1844 458
814 273 1844 1709
815 274 1844 789
816 275 1844 796
819 276 1844 1192
825 277 1844 1656
827 278 1844 1044
833 279 1844 1685
834 280 1844 534
835 281 1844 696
836 282 1844 769
841 283 1844 1519
841 284 1844 397
842 285 1844 748
847 287 1844 10
847 286 1844 1573
848 288 1844 541
848 289 1844 371
850 290 1844 931
853 291 1844 1154
855 292 1844 1011
855 293 1844 281
859 294 1844 1469
860 296 1844 197
860 298 1844 395
860 295 1844 512
860 297 1844 274
863 299 1844 1339
870 303 1844 358
870 300 1844 1697
870 301 1844 407
870 302 1844 371
873 304 1844 1156
878 305 1844 1551
878 306 1844 217
