12 0 326 1876
13 1 326 833
19 2 326 1641
23 3 326 1461
23 4 326 435
34 5 326 1867
39 6 326 1575
40 9 326 159
40 8 326 118
40 7 326 682
43 10 326 1155
47 11 326 1480
47 12 326 387
50 13 326 1307
58 14 326 1774
58 15 326 311
59 16 326 565
63 17 326 1410
65 18 326 1068
70 19 326 1527
75 20 326 1588
76 21 326 521
79 22 326 1303
85 23 326 1661
86 24 326 545
87 26 326 344
87 27 326 189
87 25 326 736
95 28 326 1751
104 29 326 1804
112 30 326 1755
120 31 326 1782
124 32 326 1359
124 33 326 98
126 34 326 1057
127 35 326 534
135 36 326 1792
142 38 326 124
142 37 326 1738
143 39 326 848
150 40 326 1736
152 41 326 884
153 42 326 587
154 43 326 862
156 44 326 1043
156 45 326 117
158 46 326 1016
167 47 326 1819
184 48 326 1915
186 49 326 924
186 50 326 478
186 51 326 204
186 52 326 55
199 53 326 1889
203 54 326 1436
207 55 326 1354
211 56 326 1454
226 57 326 1904
228 58 326 915
234 59 326 1623
239 60 326 1522
243 61 326 1386
244 62 326 855
244 63 326 238
244 64 326 328
247 68 326 249
247 67 326 289
247 66 326 120
247 65 326 1298
250 69 326 1240
250 70 326 443
251 71 326 751
254 72 326 1285
254 73 326 220
261 74 326 1715
262 75 326 703
273 77 326 441
273 76 326 1858
274 78 326 618
274 79 326 428
280 80 326 1644
280 81 326 449
280 82 326 199
281 83 326 826
284 84 326 1326
289 85 326 1551
296 86 326 1726
300 87 326 1395
301 88 326 586
307 89 326 1627
309 90 326 1004
318 91 326 1813
319 92 326 822
319 93 326 425
322 97 326 349
322 96 326 29
322 94 326 1250
322 95 326 350
323 98 326 533
329 99 326 1670
350 100 326 1921
351 101 326 727
356 102 326 1569
357 103 326 675
357 104 326 480
363 105 326 1651
364 106 326 844
372 107 326 1760
372 108 326 173
373 109 326 732
377 110 326 1421
379 111 326 1013
382 113 326 487
382 112 326 1286
397 114 326 1903
399 115 326 1072
402 116 326 1187
402 117 326 28
403 118 326 836
404 119 326 702
409 120 326 1497
410 121 326 650
416 122 326 1627
417 124 326 235
417 123 326 547
418 125 326 555
429 126 326 1854
430 127 326 859
432 128 326 895
436 129 326 1365
437 130 326 674
442 131 326 1509
452 132 326 1832
454 134 326 431
454 133 326 872
456 135 326 917
457 136 326 805
461 137 326 1449
461 138 326 346
466 139 326 1600
467 140 326 707
480 141 326 1891
483 142 326 1221
491 144 326 206
491 143 326 1779
508 145 326 1916
509 146 326 526
509 147 326 334
509 148 326 446
509 149 326 177
511 150 326 1088
511 151 326 1
515 152 326 1437
523 154 326 173
523 153 326 1755
526 155 326 1271
528 156 326 1025
530 157 326 1022
530 158 326 439
540 159 326 1850
547 160 326 1721
563 161 326 1909
564 162 326 864
565 164 326 58
565 163 326 733
575 165 326 1836
577 166 326 1105
577 167 326 413
577 168 326 56
579 169 326 986
579 170 326 267
585 171 326 1663
591 172 326 1607
594 173 326 1161
614 174 326 1920
619 175 326 1530
623 176 326 1354
631 177 326 1772
631 178 326 340
631 179 326 244
631 180 326 29
636 181 326 1519
636 182 326 412
637 184 326 276
637 183 326 718
638 185 326 672
638 186 326 72
638 187 326 76
639 188 326 699
641 189 326 1085
650 190 326 1816
657 191 326 1707
659 193 326 421
659 192 326 1009
668 194 326 1803
669 195 326 722
671 196 326 1026
671 197 326 487
678 198 326 1721
678 199 326 294
679 201 326 113
679 202 326 278
679 200 326 810
683 203 326 1385
693 204 326 1834
697 205 326 1350
697 206 326 319
697 207 326 275
705 208 326 1760
706 209 326 567
716 210 326 1841
719 211 326 1177
720 212 326 681
720 213 326 194
729 214 326 1820
729 215 326 201
734 216 326 1496
734 217 326 146
734 218 326 456
737 219 326 1310
745 220 326 1764
747 221 326 1029
753 222 326 1638
755 223 326 895
757 224 326 1095
757 225 326 485
758 226 326 653
761 227 326 1186
764 228 326 1282
767 229 326 1197
768 230 326 504
769 231 326 867
769 232 326 51
769 233 326 46
773 234 326 1359
783 235 326 1840
786 236 326 1241
788 237 326 952
789 238 326 808
790 240 326 353
790 239 326 851
797 241 326 1721
797 242 326 241
797 243 326 132
800 244 326 1169
801 245 326 639
803 246 326 1025
804 247 326 814
805 248 326 525
810 249 326 1601
813 250 326 1151
815 251 326 880
815 252 326 30
815 253 326 411
815 254 326 454
822 255 326 1706
822 256 326 399
825 258 326 289
825 257 326 1307
829 259 326 1349
830 260 326 696
832 261 326 1058
834 262 326 918
835 263 326 562
835 264 326 63
837 265 326 974
839 266 326 1125
840 267 326 635
841 268 326 760
856 269 326 1905
858 270 326 885
859 271 326 543
862 272 326 1263
867 273 326 1530
869 274 326 956
869 275 326 43
870 276 326 787
875 277 326 1506
881 278 326 1651
881 279 326 456
885 280 326 1384
893 281 326 1763
894 282 326 661
899 283 326 1605
899 284 326 46
904 285 326 1549
905 286 326 836
910 287 326 1565
915 288 326 1516
920 289 326 1578
924 290 326 1441
935 291 326 1858
936 292 326 663
940 293 326 1383
940 294 326 154
943 295 326 1220
944 296 326 803
949 299 326 194
949 297 326 1603
949 298 326 68
953 300 326 1438
953 301 326 390
953 302 326 54
954 303 326 544
955 304 326 716
956 305 326 607
961 306 326 1541
