4 0 1077 1443
4 1 1077 493
13 2 1077 1814
15 3 1077 944
15 4 1077 3
20 5 1077 1509
20 6 1077 138
22 7 1077 1023
25 9 1077 201
25 8 1077 1198
27 10 1077 964
32 11 1077 1565
32 12 1077 486
33 13 1077 823
37 14 1077 1431
39 15 1077 878
42 16 1077 1214
44 17 1077 905
48 19 1077 118
48 18 1077 1404
53 20 1077 1553
55 21 1077 1099
55 22 1077 7
74 23 1077 1918
75 24 1077 857
77 25 1077 965
81 26 1077 1436
85 27 1077 1443
95 28 1077 1835
96 29 1077 810
96 30 1077 228
97 31 1077 782
98 32 1077 778
101 33 1077 1293
101 34 1077 420
104 35 1077 1207
104 36 1077 495
105 37 1077 818
108 38 1077 1215
108 39 1077 442
113 40 1077 1528
125 41 1077 1879
125 42 1077 301
129 43 1077 1355
132 44 1077 1302
135 45 1077 1151
136 46 1077 621
137 47 1077 864
138 48 1077 559
140 49 1077 991
147 50 1077 1691
151 51 1077 1350
151 52 1077 451
155 53 1077 1407
160 55 1077 344
160 56 1077 485
160 54 1077 1509
169 57 1077 1820
169 58 1077 86
171 59 1077 962
171 60 1077 73
172 61 1077 620
174 62 1077 1113
174 63 1077 388
188 65 1077 181
188 64 1077 1898
189 66 1077 786
191 67 1077 1117
191 68 1077 403
191 69 1077 224
191 70 1077 383
191 71 1077 395
197 72 1077 1615
199 73 1077 962
200 74 1077 514
205 75 1077 1598
206 76 1077 797
207 77 1077 576
208 78 1077 616
214 79 1077 1630
214 80 1077 344
215 81 1077 571
217 82 1077 884
218 83 1077 844
220 84 1077 1044
221 85 1077 803
221 86 1077 330
224 87 1077 1296
231 88 1077 1709
231 89 1077 75
232 90 1077 721
233 91 1077 600
234 94 1077 369
234 93 1077 252
234 92 1077 731
236 95 1077 907
237 96 1077 766
247 97 1077 1838
251 98 1077 1382
253 99 1077 1120
253 100 1077 365
257 103 1077 334
257 102 1077 461
257 101 1077 1428
258 104 1077 607
261 105 1077 1295
267 106 1077 1659
271 107 1077 1414
273 108 1077 892
283 109 1077 1835
287 110 1077 1472
297 111 1077 1833
300 113 1077 380
300 112 1077 1203
301 114 1077 618
305 115 1077 1426
311 116 1077 1661
311 117 1077 268
314 118 1077 1268
316 119 1077 1094
324 120 1077 1775
328 121 1077 1415
331 123 1077 327
331 122 1077 1333
335 124 1077 1427
342 125 1077 1708
347 126 1077 1588
351 127 1077 1363
352 128 1077 593
357 129 1077 1532
358 130 1077 832
360 131 1077 883
362 132 1077 1119
366 133 1077 1421
369 134 1077 1265
370 135 1077 840
370 136 1077 109
371 137 1077 549
371 138 1077 236
377 139 1077 1674
379 140 1077 1068
380 142 1077 403
380 141 1077 841
389 143 1077 1799
390 144 1077 528
391 145 1077 812
394 146 1077 1321
394 147 1077 351
399 148 1077 1559
400 149 1077 867
403 150 1077 1171
403 151 1077 497
404 153 1077 288
404 152 1077 570
407 154 1077 1269
409 155 1077 874
409 156 1077 95
409 157 1077 134
410 158 1077 832
411 159 1077 824
417 160 1077 1631
417 161 1077 295
418 162 1077 820
421 163 1077 1285
423 164 1077 1003
424 165 1077 588
425 166 1077 714
432 167 1077 1707
434 168 1077 1039
441 169 1077 1702
444 170 1077 1316
446 172 1077 31
446 171 1077 1111
451 173 1077 1519
451 174 1077 26
453 175 1077 934
455 176 1077 1011
459 177 1077 1458
466 178 1077 1723
467 179 1077 614
467 180 1077 386
470 181 1077 1237
477 182 1077 1729
483 183 1077 1650
483 184 1077 360
483 185 1077 334
483 186 1077 313
484 187 1077 830
484 188 1077 151
484 189 1077 390
485 190 1077 745
499 191 1077 1900
505 192 1077 1641
508 193 1077 1337
508 194 1077 42
509 195 1077 772
509 196 1077 20
511 197 1077 1043
512 198 1077 795
523 200 1077 98
523 199 1077 1865
528 201 1077 1539
531 202 1077 1236
539 203 1077 1781
543 204 1077 1475
543 205 1077 59
543 206 1077 465
545 208 1077 261
545 209 1077 335
545 207 1077 975
553 210 1077 1788
554 211 1077 561
554 212 1077 335
554 213 1077 217
554 214 1077 437
554 215 1077 394
554 216 1077 491
556 217 1077 1094
558 218 1077 924
559 219 1077 668
559 220 1077 274
568 221 1077 1808
573 222 1077 1555
574 223 1077 648
576 224 1077 957
579 225 1077 1341
583 226 1077 1394
584 227 1077 619
588 228 1077 1477
591 229 1077 1178
593 230 1077 913
606 231 1077 1893
607 232 1077 663
615 233 1077 1783
616 234 1077 516
617 235 1077 772
617 236 1077 0
629 239 1077 301
629 238 1077 175
629 237 1077 1872
637 240 1077 1793
640 241 1077 1262
641 242 1077 569
648 243 1077 1741
649 244 1077 527
649 245 1077 183
654 246 1077 1565
658 247 1077 1424
660 248 1077 899
665 249 1077 1572
665 250 1077 281
666 251 1077 850
666 252 1077 119
666 253 1077 126
671 254 1077 1590
671 255 1077 214
686 256 1077 1908
687 257 1077 587
688 258 1077 824
688 259 1077 134
689 260 1077 589
697 261 1077 1771
701 262 1077 1423
703 263 1077 1008
707 264 1077 1346
716 265 1077 1819
725 267 1077 476
725 266 1077 1823
731 268 1077 1626
736 269 1077 1590
736 270 1077 393
737 271 1077 543
739 272 1077 919
740 273 1077 623
741 274 1077 800
743 275 1077 936
746 276 1077 1239
753 277 1077 1739
753 278 1077 121
754 279 1077 774
761 280 1077 1700
774 281 1077 1895
780 282 1077 1644
790 283 1077 1829
792 285 1077 62
792 284 1077 896
800 286 1077 1774
801 287 1077 536
801 288 1077 193
801 289 1077 301
802 290 1077 788
805 291 1077 1338
807 292 1077 1048
807 293 1077 40
813 295 1077 22
813 294 1077 1636
821 296 1077 1764
825 297 1077 1485
825 298 1077 394
826 299 1077 632
826 300 1077 284
828 301 1077 1088
835 302 1077 1722
838 303 1077 1233
841 304 1077 1178
847 305 1077 1662
858 306 1077 1856
