0 350 31 1918
0 714 31 48
0 713 31 1431
1 352 31 208
1 715 31 527
1 353 31 163
1 351 31 524
2 716 31 832
2 354 31 806
3 717 31 708
3 718 31 288
6 356 31 74
6 355 31 1371
7 719 31 1383
7 720 31 265
9 357 31 1271
12 358 31 1327
12 359 31 272
12 721 31 1582
15 360 31 1195
15 722 31 1343
15 0 31 1908
17 361 31 1033
19 723 31 1489
19 1 31 1347
20 2 31 830
20 724 31 544
21 364 31 495
21 363 31 352
21 362 31 1433
25 725 31 1525
25 3 31 1517
26 726 31 551
26 727 31 279
27 728 31 527
28 729 31 511
31 730 31 1278
32 731 31 715
32 4 31 1748
32 365 31 1868
32 732 31 88
33 366 31 747
33 367 31 40
33 368 31 404
34 369 31 788
35 370 31 646
35 5 31 1327
36 371 31 831
38 733 31 1628
41 372 31 1530
41 6 31 1636
44 734 31 1656
45 8 31 122
45 7 31 1398
50 9 31 1599
51 10 31 578
55 373 31 1899
57 11 31 1644
58 735 31 1898
59 736 31 785
60 737 31 861
60 738 31 370
62 12 31 1496
62 13 31 155
66 740 31 372
66 739 31 1643
71 741 31 1506
72 742 31 576
73 374 31 1916
73 14 31 1858
73 743 31 670
73 744 31 108
75 745 31 1121
76 746 31 636
78 375 31 1505
80 376 31 1103
81 15 31 1750
83 16 31 1026
85 747 31 1807
85 17 31 1027
86 18 31 626
87 748 31 996
88 377 31 1790
89 378 31 607
90 379 31 679
90 380 31 33
90 19 31 1450
91 381 31 809
92 20 31 1053
93 749 31 1656
94 22 31 56
94 382 31 1235
94 21 31 1050
95 383 31 865
98 384 31 1159
100 385 31 1026
101 23 31 1701
101 386 31 654
102 25 31 32
102 24 31 759
108 387 31 1693
109 750 31 1911
109 389 31 334
109 388 31 634
110 752 31 470
110 751 31 670
111 26 31 1820
112 753 31 1032
113 28 31 34
113 27 31 981
115 29 31 1109
116 754 31 1374
117 390 31 1783
120 755 31 1430
121 756 31 551
122 391 31 1599
124 392 31 870
126 393 31 1048
129 395 31 127
129 394 31 1272
131 757 31 1850
131 396 31 1056
132 31 31 21
132 30 31 1914
133 32 31 756
133 758 31 912
135 759 31 876
136 397 31 1539
138 760 31 1190
138 761 31 448
138 762 31 448
138 763 31 353
138 764 31 302
139 765 31 688
139 398 31 1155
140 399 31 542
140 400 31 141
141 401 31 592
142 33 31 1810
144 402 31 1320
147 403 31 1278
147 766 31 1782
147 34 31 1599
149 404 31 1017
150 35 31 1290
151 405 31 1087
153 406 31 919
153 407 31 233
153 767 31 1667
153 408 31 171
154 36 31 1359
156 411 31 209
156 410 31 267
156 409 31 1225
157 412 31 664
158 413 31 647
158 37 31 1472
158 415 31 386
158 414 31 238
160 769 31 75
160 768 31 1699
165 416 31 1723
166 38 31 1754
166 417 31 567
166 770 31 1666
168 418 31 1117
169 39 31 1285
170 40 31 570
170 41 31 104
172 419 31 1393
174 42 31 1456
175 420 31 1213
177 421 31 978
180 422 31 1330
180 423 31 69
180 772 31 337
180 771 31 1896
181 773 31 569
182 424 31 929
182 44 31 103
182 43 31 1755
183 45 31 505
183 774 31 1011
184 425 31 971
184 775 31 684
186 776 31 1006
187 777 31 672
188 46 31 1507
190 47 31 974
191 778 31 1381
192 48 31 1141
193 49 31 570
193 50 31 16
193 51 31 26
194 52 31 553
194 53 31 322
195 54 31 746
195 779 31 1347
196 55 31 857
197 426 31 1886
197 427 31 481
197 780 31 888
198 428 31 627
198 781 31 668
199 56 31 1290
201 782 31 1207
201 57 31 1054
202 783 31 795
202 58 31 757
203 784 31 525
204 786 31 245
204 785 31 608
206 789 31 226
206 430 31 449
206 429 31 1788
206 788 31 254
206 787 31 981
209 59 31 1715
210 431 31 1489
210 790 31 1347
211 433 31 65
211 791 31 860
211 432 31 634
212 434 31 537
213 60 31 1431
214 61 31 654
216 435 31 1366
218 62 31 1364
220 436 31 1413
220 63 31 937
223 792 31 1873
226 64 31 1609
227 793 31 1418
227 65 31 557
227 794 31 453
229 66 31 888
232 437 31 1881
235 68 31 481
235 67 31 1610
236 70 31 390
236 69 31 568
237 795 31 1848
239 796 31 1057
239 797 31 222
239 798 31 368
240 439 31 72
240 71 31 1479
240 441 31 420
240 440 31 107
240 438 31 1773
243 799 31 1345
243 72 31 1197
245 442 31 1522
246 800 31 1264
246 73 31 1266
248 801 31 894
248 802 31 107
248 443 31 1334
248 74 31 880
248 444 31 67
250 75 31 948
250 803 31 921
253 445 31 1574
255 76 31 1519
255 447 31 222
255 77 31 225
255 446 31 935
256 448 31 809
258 452 31 421
258 450 31 329
258 451 31 489
258 449 31 885
260 80 31 450
260 78 31 1597
260 79 31 253
261 81 31 845
264 453 31 1687
267 805 31 15
267 804 31 1914
267 806 31 332
267 454 31 1253
269 455 31 1087
269 82 31 1765
272 456 31 1186
273 83 31 1388
275 459 31 45
275 458 31 349
275 84 31 1093
275 457 31 1250
276 808 31 21
276 807 31 1825
277 810 31 423
277 809 31 690
277 461 31 437
277 460 31 1125
282 462 31 1531
282 463 31 307
283 464 31 776
284 465 31 703
286 812 31 469
286 811 31 1803
288 85 31 1888
289 466 31 1499
290 467 31 599
290 813 31 1489
290 468 31 110
291 469 31 796
292 87 31 433
292 86 31 1393
293 470 31 897
294 88 31 1064
295 89 31 741
301 471 31 1766
302 472 31 719
304 473 31 1045
306 814 31 1912
307 474 31 1286
307 815 31 521
308 475 31 793
310 816 31 1165
312 476 31 1381
315 817 31 1578
322 90 31 1924
322 91 31 305
323 818 31 1753
323 93 31 39
323 92 31 714
329 819 31 1619
329 820 31 442
330 821 31 800
331 94 31 1778
332 477 31 1920
332 478 31 2
334 822 31 1413
335 480 31 36
335 479 31 1280
338 823 31 1472
339 824 31 653
340 826 31 22
340 825 31 806
341 481 31 1664
341 828 31 116
341 827 31 843
341 95 31 1840
342 96 31 665
343 98 31 145
343 829 31 1087
343 97 31 519
346 482 31 1597
347 99 31 1471
348 830 31 1551
349 831 31 783
349 832 31 304
349 833 31 35
349 834 31 83
352 100 31 1542
352 483 31 1666
356 484 31 1459
361 102 31 493
361 101 31 1821
362 103 31 572
362 105 31 461
362 104 31 179
363 106 31 754
366 107 31 1211
368 835 31 1919
368 485 31 1884
369 836 31 560
369 837 31 286
370 108 31 1367
370 838 31 806
370 486 31 1067
371 841 31 344
371 839 31 509
371 840 31 275
372 487 31 872
373 488 31 736
373 842 31 960
377 843 31 1489
377 491 31 162
377 490 31 180
377 489 31 1374
377 109 31 1722
380 110 31 1263
382 111 31 1064
382 492 31 1532
384 844 31 1727
386 112 31 1382
387 113 31 504
388 845 31 1469
388 847 31 383
388 846 31 391
389 493 31 1727
390 114 31 1264
391 115 31 586
391 494 31 871
392 848 31 1431
392 116 31 814
396 495 31 1595
397 496 31 813
400 497 31 1214
401 498 31 558
403 849 31 1857
404 501 31 336
404 850 31 683
404 499 31 1289
404 500 31 75
404 502 31 112
404 503 31 13
406 117 31 1900
408 851 31 1404
408 852 31 394
409 853 31 674
411 854 31 902
411 855 31 463
414 118 31 1768
415 856 31 1405
416 858 31 267
416 857 31 559
418 859 31 1108
420 505 31 488
420 504 31 1913
420 119 31 1646
422 120 31 1088
422 121 31 454
423 122 31 546
427 506 31 1695
429 123 31 1665
430 508 31 401
430 509 31 459
430 507 31 1300
430 125 31 85
430 124 31 569
431 126 31 765
434 127 31 1157
436 860 31 1918
436 510 31 1631
438 128 31 1412
439 511 31 1191
440 130 31 283
440 861 31 1414
440 129 31 964
442 131 31 1000
442 132 31 79
442 133 31 125
442 512 31 1248
443 134 31 636
444 513 31 994
444 514 31 9
444 135 31 554
444 136 31 352
447 862 31 1709
447 137 31 1193
448 515 31 1386
448 863 31 858
449 516 31 765
450 138 31 1209
450 864 31 1063
451 139 31 631
453 141 31 181
453 140 31 1134
455 865 31 1565
455 142 31 991
457 517 31 1790
458 143 31 1266
458 518 31 773
459 519 31 816
460 867 31 433
460 866 31 1498
462 144 31 1402
463 145 31 859
464 520 31 1560
464 868 31 1406
464 147 31 210
464 146 31 848
465 521 31 626
465 148 31 699
468 149 31 1192
470 150 31 1026
471 151 31 689
472 152 31 675
472 153 31 424
472 154 31 383
473 522 31 1787
474 523 31 660
474 155 31 1087
475 524 31 616
476 526 31 234
476 525 31 735
477 156 31 1275
478 159 31 94
478 528 31 174
478 527 31 916
478 158 31 3
478 157 31 753
482 869 31 1918
484 160 31 1621
484 529 31 1615
489 161 31 1521
494 870 31 1885
496 871 31 878
496 162 31 1724
496 163 31 403
497 872 31 771
499 530 31 1904
499 531 31 166
500 165 31 263
500 164 31 1439
500 873 31 1243
502 166 31 985
503 532 31 1362
503 874 31 1343
503 875 31 97
504 533 31 637
505 167 31 1256
507 534 31 1204
511 876 31 1765
513 168 31 1792
513 535 31 1625
514 169 31 710
514 170 31 234
518 536 31 1552
519 171 31 1545
520 172 31 691
521 877 31 1849
522 173 31 1137
523 174 31 511
523 537 31 1583
525 175 31 907
527 878 31 1670
529 879 31 1109
529 880 31 415
529 538 31 1678
529 176 31 1388
531 540 31 189
531 539 31 971
532 177 31 1204
532 178 31 262
534 881 31 1563
537 884 31 403
537 883 31 184
537 886 31 388
537 882 31 1337
537 885 31 146
538 541 31 1692
538 542 31 471
538 543 31 277
538 179 31 1634
541 180 31 1161
542 182 31 457
542 181 31 554
542 183 31 220
542 887 31 1555
544 544 31 1668
544 888 31 1058
546 545 31 914
547 546 31 838
548 547 31 537
549 889 31 1544
550 890 31 513
550 891 31 1
550 892 31 19
553 184 31 1862
555 548 31 1717
556 893 31 1622
557 894 31 516
558 186 31 324
558 185 31 1518
558 895 31 785
559 549 31 1410
559 896 31 560
559 898 31 425
559 899 31 161
559 897 31 101
560 550 31 829
562 552 31 441
562 551 31 948
563 187 31 1580
568 553 31 1666
569 188 31 1667
572 900 31 1895
573 189 31 1474
574 554 31 1653
576 190 31 1204
578 556 31 473
578 555 31 1373
581 191 31 1524
582 557 31 1376
584 901 31 1882
584 192 31 1190
585 558 31 1321
586 902 31 902
586 193 31 1115
588 194 31 934
588 559 31 1177
588 560 31 253
589 561 31 778
590 903 31 1438
591 562 31 1126
592 563 31 710
592 564 31 480
593 195 31 1538
593 196 31 381
594 197 31 588
596 565 31 1465
602 198 31 1751
604 199 31 1138
604 904 31 1896
604 566 31 1753
605 567 31 611
611 905 31 1730
612 906 31 632
612 568 31 1714
612 569 31 309
613 200 31 1799
614 907 31 1075
617 908 31 1255
618 202 31 342
618 201 31 1516
618 909 31 805
619 910 31 623
620 570 31 1759
622 571 31 1106
622 572 31 112
623 911 31 1481
624 912 31 814
626 913 31 1083
627 915 31 354
627 916 31 77
627 914 31 692
629 573 31 1726
630 574 31 627
632 917 31 1525
632 918 31 455
634 919 31 917
635 203 31 1914
637 204 31 958
637 920 31 1176
638 575 31 1793
638 576 31 155
641 205 31 1406
643 577 31 1510
645 578 31 917
651 579 31 1627
660 580 31 1821
664 206 31 1923
666 581 31 1621
668 582 31 1123
668 207 31 1463
669 583 31 688
670 584 31 786
672 585 31 955
678 586 31 1649
678 208 31 1838
682 209 31 1400
684 587 31 1621
686 588 31 908
688 210 31 1623
688 213 31 293
688 212 31 490
688 211 31 70
689 214 31 857
691 215 31 1066
693 216 31 1063
694 589 31 1756
697 590 31 1151
697 591 31 175
697 592 31 262
698 593 31 500
698 217 31 1504
698 218 31 465
699 594 31 717
702 595 31 1336
703 596 31 565
708 219 31 1845
709 597 31 1686
716 598 31 1721
716 599 31 203
718 601 31 227
718 600 31 1085
719 602 31 748
719 220 31 1864
722 221 31 1330
723 603 31 1408
727 222 31 1514
727 223 31 318
728 604 31 1576
731 224 31 1431
732 225 31 634
732 226 31 355
734 605 31 1648
735 606 31 836
736 607 31 640
737 227 31 1501
737 228 31 202
738 608 31 1039
739 229 31 897
740 230 31 525
741 231 31 800
745 232 31 1377
746 609 31 1785
747 233 31 1048
749 610 31 1217
751 612 31 459
751 611 31 888
755 234 31 1760
757 613 31 1619
760 614 31 1281
760 235 31 1570
760 236 31 212
760 237 31 468
761 615 31 556
763 238 31 1187
763 239 31 455
766 616 31 1579
766 617 31 437
768 240 31 1520
769 241 31 786
775 242 31 1666
775 243 31 266
776 618 31 1849
780 619 31 1449
783 244 31 1775
785 245 31 1133
787 620 31 1740
787 621 31 131
787 246 31 1033
789 247 31 896
789 248 31 257
793 622 31 1627
797 250 31 474
797 249 31 1792
798 252 31 122
798 251 31 802
805 623 31 1882
807 624 31 1082
808 253 31 1831
811 255 31 469
811 254 31 1199
811 257 31 24
811 258 31 483
811 259 31 323
811 256 31 2
812 625 31 1583
813 626 31 844
813 261 31 422
813 260 31 1050
816 262 31 1260
818 263 31 940
818 627 31 1536
820 628 31 1009
820 264 31 875
821 265 31 823
822 266 31 617
823 629 31 1216
826 630 31 1227
826 631 31 394
826 267 31 1366
826 268 31 458
829 269 31 1211
830 270 31 854
831 274 31 325
831 271 31 594
831 272 31 316
831 273 31 9
833 275 31 1077
833 632 31 1713
834 633 31 714
835 634 31 541
838 276 31 1588
840 635 31 1593
841 277 31 1247
841 278 31 468
841 279 31 297
842 636 31 873
846 280 31 1526
848 637 31 1639
850 638 31 1037
850 281 31 1383
852 640 31 118
852 639 31 1062
853 284 31 423
853 283 31 334
853 282 31 1243
854 641 31 1009
855 642 31 582
857 643 31 1048
858 644 31 538
858 645 31 262
859 285 31 1647
860 286 31 677
864 287 31 1471
864 646 31 1640
865 647 31 567
868 649 31 160
868 648 31 1144
872 288 31 1774
874 650 31 1681
874 651 31 127
875 289 31 1290
880 291 31 188
880 290 31 1568
882 652 31 1762
882 654 31 387
882 653 31 271
884 655 31 953
885 656 31 525
886 658 31 326
886 657 31 790
896 292 31 1910
897 293 31 864
900 294 31 1330
902 295 31 1097
904 659 31 1917
905 660 31 803
906 296 31 1450
907 297 31 725
908 661 31 1224
910 298 31 1316
912 299 31 951
913 300 31 516
913 662 31 1556
918 301 31 1592
918 302 31 438
920 303 31 970
920 663 31 1748
921 664 31 558
922 304 31 938
922 665 31 823
924 666 31 1099
930 667 31 1670
931 306 31 486
931 307 31 112
931 305 31 1804
932 668 31 1077
936 308 31 1505
936 309 31 122
937 310 31 805
938 311 31 679
938 669 31 1612
942 313 31 185
942 312 31 1481
943 314 31 721
944 670 31 1608
948 315 31 1591
950 316 31 1104
952 317 31 926
953 318 31 517
955 671 31 1864
956 319 31 1153
956 320 31 145
958 321 31 1070
958 672 31 1325
959 673 31 786
962 674 31 1330
963 322 31 1517
963 675 31 731
965 323 31 1092
967 676 31 1474
968 677 31 578
970 324 31 1568
971 325 31 666
971 678 31 1344
972 679 31 819
972 326 31 609
976 327 31 1377
977 328 31 604
980 329 31 1152
983 682 31 392
983 681 31 276
983 680 31 1868
984 683 31 848
985 330 31 1551
986 331 31 862
988 684 31 1459
990 685 31 1099
991 686 31 557
995 687 31 1442
995 688 31 326
997 332 31 1856
1000 689 31 1512
1001 333 31 1441
1002 690 31 1068
1002 691 31 82
1005 692 31 1313
1007 693 31 1045
1007 694 31 259
1008 334 31 1706
1008 695 31 819
1012 696 31 1378
1013 697 31 758
1013 698 31 490
1019 699 31 1640
1019 335 31 1858
1021 700 31 1087
1021 337 31 272
1021 336 31 945
1024 338 31 1320
1025 339 31 543
1028 340 31 1161
1029 341 31 564
1034 701 31 1894
1038 702 31 1415
1042 704 31 477
1042 703 31 1456
1042 342 31 1891
1048 343 31 1651
1048 344 31 485
1049 705 31 1741
1050 345 31 889
1050 706 31 727
1051 346 31 632
1052 707 31 975
1053 708 31 865
1058 347 31 1725
1058 709 31 1580
1058 348 31 142
1062 710 31 1404
1064 349 31 1663
1073 711 31 1871
1077 712 31 1371
