0 0 26 466
0 384 26 1175
0 387 26 436
0 386 26 12
0 385 26 35
2 389 26 398
2 388 26 981
5 390 26 1309
5 1 26 1565
7 392 26 238
7 391 26 963
10 393 26 1237
11 394 26 822
11 395 26 409
12 396 26 849
13 3 26 269
13 2 26 1752
16 4 26 1332
18 5 26 1011
18 398 26 62
18 397 26 1689
22 399 26 1489
25 400 26 1241
25 6 26 1735
28 401 26 1287
28 7 26 1145
29 9 26 131
29 8 26 796
32 402 26 1385
35 10 26 1608
45 11 26 1845
45 12 26 300
45 404 26 290
45 403 26 1894
46 406 26 426
46 405 26 825
47 13 26 964
48 407 26 918
48 14 26 708
48 15 26 378
49 408 26 797
52 16 26 1434
52 17 26 334
52 18 26 411
54 20 26 353
54 409 26 1558
54 19 26 1062
54 411 26 441
54 410 26 444
55 21 26 788
58 412 26 1446
61 22 26 1630
64 23 26 1221
65 413 26 1726
65 414 26 392
68 24 26 1444
69 415 26 1477
71 416 26 975
72 417 26 650
72 418 26 74
74 25 26 1633
77 419 26 1580
78 420 26 515
78 421 26 475
79 422 26 690
79 423 26 274
81 27 26 347
81 26 26 1701
83 28 26 910
87 424 26 1783
87 425 26 142
87 29 26 1460
87 30 26 382
88 426 26 524
89 31 26 895
89 32 26 52
101 427 26 1892
102 428 26 540
103 429 26 522
103 33 26 1896
106 430 26 1323
106 34 26 1144
107 35 26 557
107 36 26 183
108 431 26 944
109 432 26 666
110 37 26 1170
112 38 26 1066
113 39 26 729
114 40 26 801
115 43 26 164
115 42 26 248
115 41 26 739
123 44 26 1789
125 46 26 472
125 45 26 1102
126 47 26 547
127 433 26 1917
134 434 26 1693
135 436 26 377
135 435 26 639
138 48 26 1872
138 437 26 1308
149 438 26 1861
149 439 26 349
152 49 26 1900
154 440 26 1533
156 441 26 1018
161 442 26 1564
161 50 26 1822
165 443 26 1347
167 51 26 1653
170 52 26 1155
171 53 26 532
175 54 26 1482
177 444 26 1879
178 445 26 867
180 55 26 1603
182 446 26 1442
182 447 26 436
183 448 26 844
186 449 26 1270
190 451 26 198
190 450 26 1358
191 56 26 1859
192 57 26 530
193 58 26 750
196 452 26 1614
196 453 26 406
198 454 26 973
199 455 26 766
199 59 26 1623
200 456 26 597
202 458 26 110
202 459 26 148
202 457 26 1111
202 461 26 459
202 462 26 378
202 463 26 274
202 464 26 235
202 60 26 1234
202 460 26 300
206 61 26 1388
206 62 26 235
206 465 26 1424
209 63 26 1260
213 466 26 1700
215 64 26 1674
216 65 26 712
217 467 26 1453
217 468 26 33
223 469 26 1677
224 66 26 1793
224 67 26 329
225 470 26 1099
230 471 26 1592
231 68 26 1744
231 69 26 150
231 70 26 195
231 71 26 264
231 472 26 714
234 72 26 1192
237 474 26 47
237 473 26 1650
240 74 26 260
240 73 26 1607
241 475 26 1421
242 476 26 836
245 477 26 1267
245 478 26 320
245 75 26 1538
246 76 26 539
247 479 26 916
248 481 26 88
248 480 26 624
250 482 26 1047
250 77 26 1466
253 483 26 1194
254 78 26 1357
254 79 26 341
255 484 26 1089
257 485 26 1124
257 80 26 1161
260 82 26 400
260 486 26 1255
260 487 26 260
260 81 26 1153
262 83 26 935
262 488 26 943
264 490 26 42
264 489 26 927
267 491 26 1190
267 84 26 1563
268 85 26 654
270 492 26 1197
274 86 26 1665
277 494 26 49
277 493 26 1712
278 87 26 1444
278 88 26 414
279 495 26 1074
280 496 26 639
282 89 26 1466
283 497 26 1289
283 90 26 622
285 498 26 1111
285 499 26 454
287 500 26 1092
288 92 26 420
288 91 26 1577
292 93 26 1367
296 94 26 1420
299 95 26 1338
300 96 26 504
302 97 26 912
302 98 26 415
304 501 26 1913
304 502 26 402
304 99 26 1076
306 503 26 1092
306 504 26 171
307 100 26 1234
307 101 26 143
308 102 26 728
313 505 26 1691
315 103 26 1722
317 506 26 1409
322 104 26 1704
327 105 26 1557
327 106 26 460
330 507 26 1889
330 508 26 359
331 108 26 271
331 107 26 1473
334 509 26 1476
342 109 26 1868
344 111 26 393
344 110 26 1063
345 510 26 1855
346 115 26 80
346 112 26 1098
346 114 26 462
346 113 26 408
348 116 26 987
348 511 26 1254
349 512 26 791
351 117 26 1224
351 513 26 1119
355 515 26 212
355 514 26 1449
357 118 26 1622
358 516 26 1337
359 119 26 1019
360 517 26 1109
361 121 26 348
361 120 26 972
362 518 26 1110
364 520 26 169
364 519 26 1035
368 521 26 1440
369 522 26 510
371 523 26 1030
371 123 26 277
371 122 26 1839
375 124 26 1452
376 125 26 542
377 524 26 1635
384 126 26 1769
387 525 26 1833
387 526 26 394
389 527 26 926
391 127 26 1750
391 128 26 187
392 129 26 847
394 130 26 1033
394 528 26 1600
396 529 26 897
397 530 26 782
399 131 26 1552
401 531 26 1471
401 532 26 156
401 133 26 280
401 132 26 1050
403 134 26 1031
405 136 26 425
405 135 26 1017
406 137 26 603
409 533 26 1790
409 141 26 192
409 140 26 193
409 139 26 5
409 138 26 1156
412 144 26 403
412 143 26 470
412 142 26 1172
412 147 26 11
412 145 26 229
412 146 26 479
414 148 26 904
416 534 26 1749
417 150 26 350
417 149 26 1339
417 535 26 635
420 151 26 1205
423 152 26 1214
423 536 26 1610
426 153 26 1320
426 154 26 104
428 155 26 885
428 156 26 228
428 157 26 450
428 158 26 270
431 159 26 1161
435 537 26 1880
437 538 26 1022
438 160 26 1713
439 161 26 635
440 539 26 1322
442 162 26 1286
446 163 26 1349
446 540 26 1640
447 164 26 834
449 541 26 1290
451 165 26 1436
454 166 26 1267
455 167 26 817
458 168 26 1301
458 542 26 1826
462 543 26 1391
462 169 26 1370
464 544 26 997
465 545 26 712
465 546 26 399
465 547 26 78
465 548 26 263
467 170 26 1579
467 171 26 384
467 172 26 67
473 549 26 1761
473 173 26 1617
474 174 26 825
475 175 26 779
477 176 26 1101
479 550 26 1662
481 177 26 1368
483 552 26 179
483 553 26 76
483 554 26 285
483 551 26 1455
488 555 26 1576
490 178 26 1798
492 556 26 1403
493 179 26 1222
493 180 26 63
495 557 26 1297
499 559 26 262
499 558 26 1381
501 181 26 1757
502 561 26 482
502 182 26 845
502 560 26 1297
502 562 26 288
503 184 26 497
503 183 26 772
506 563 26 1386
507 564 26 694
507 565 26 383
509 566 26 1098
511 185 26 1753
511 186 26 337
511 567 26 925
514 568 26 1295
515 569 26 813
516 570 26 526
517 187 26 1655
517 188 26 175
517 189 26 146
518 190 26 788
520 571 26 1381
520 572 26 86
527 573 26 1713
530 574 26 1319
531 575 26 803
532 191 26 1900
532 192 26 332
536 576 26 1539
538 577 26 1043
538 578 26 33
540 579 26 922
544 581 26 315
544 580 26 1434
545 582 26 662
551 194 26 217
551 193 26 1919
553 583 26 1763
555 195 26 1482
556 196 26 831
556 584 26 1160
559 585 26 1251
562 586 26 1292
562 587 26 79
563 197 26 1748
567 589 26 172
567 588 26 1505
568 198 26 1560
570 592 26 498
570 591 26 313
570 590 26 1157
570 199 26 892
571 594 26 24
571 593 26 760
572 200 26 886
574 595 26 1158
576 597 26 439
576 596 26 1002
577 598 26 697
577 201 26 1586
578 202 26 634
578 599 26 613
582 203 26 1459
583 600 26 1539
587 601 26 1398
588 602 26 707
588 204 26 1684
592 603 26 1375
595 605 26 280
595 604 26 1235
599 607 26 390
599 606 26 1369
600 608 26 681
601 205 26 1890
603 206 26 1137
604 610 26 37
604 611 26 360
604 609 26 1406
607 613 26 458
607 612 26 1263
608 207 26 1522
608 208 26 494
611 209 26 1249
618 210 26 1709
619 211 26 784
620 212 26 576
622 213 26 972
624 214 26 1097
636 215 26 1880
643 216 26 1715
644 217 26 513
645 218 26 851
647 219 26 1006
649 220 26 1098
654 221 26 1537
655 222 26 641
658 223 26 1155
659 224 26 581
664 225 26 1604
664 226 26 51
664 227 26 73
668 228 26 1399
671 229 26 1267
683 230 26 1873
686 231 26 1278
693 232 26 1733
695 235 26 401
695 234 26 336
695 233 26 906
697 236 26 1123
700 237 26 1310
702 238 26 1013
703 239 26 532
704 240 26 615
705 241 26 739
708 242 26 1160
709 245 26 3
709 244 26 361
709 243 26 850
712 246 26 1323
715 247 26 1285
716 248 26 821
716 249 26 262
723 250 26 1692
723 251 26 317
725 252 26 897
726 253 26 554
733 254 26 1718
736 255 26 1273
738 256 26 944
742 257 26 1403
744 258 26 877
744 259 26 79
754 260 26 1838
756 261 26 1064
756 262 26 122
759 263 26 1152
762 264 26 1301
762 265 26 430
764 266 26 976
769 267 26 1595
770 268 26 635
771 269 26 695
772 270 26 756
772 271 26 404
776 272 26 1424
776 274 26 390
776 275 26 359
776 276 26 377
776 273 26 318
783 277 26 1716
784 278 26 793
785 279 26 578
785 280 26 281
786 281 26 691
789 282 26 1176
791 283 26 1137
796 284 26 1500
801 285 26 1556
801 286 26 381
804 287 26 1178
806 288 26 1113
808 289 26 987
812 290 26 1382
818 291 26 1644
818 292 26 432
820 293 26 934
821 294 26 619
825 295 26 1476
826 296 26 616
826 297 26 8
830 298 26 1474
841 299 26 1856
843 300 26 951
849 301 26 1652
850 302 26 650
850 303 26 125
854 304 26 1430
857 305 26 1287
858 306 26 818
859 307 26 578
859 308 26 164
863 309 26 1359
865 310 26 896
868 311 26 1153
869 312 26 609
869 313 26 299
876 314 26 1722
879 315 26 1147
888 316 26 1813
890 317 26 910
895 318 26 1576
901 319 26 1669
901 320 26 49
908 321 26 1723
908 322 26 482
913 323 26 1572
916 324 26 1238
918 325 26 1036
932 326 26 1896
932 327 26 489
938 328 26 1624
939 329 26 838
945 330 26 1667
945 331 26 369
945 332 26 241
946 333 26 862
951 334 26 1551
952 335 26 554
952 336 26 41
954 337 26 1050
960 338 26 1631
960 339 26 213
961 340 26 737
968 341 26 1727
970 342 26 1014
976 344 26 91
976 345 26 228
976 343 26 1678
978 346 26 1034
978 347 26 133
980 348 26 1137
984 349 26 1396
989 350 26 1588
995 351 26 1631
995 352 26 356
1002 353 26 1729
1011 354 26 1806
1014 355 26 1153
1017 356 26 1170
1019 357 26 1002
1020 358 26 812
1020 359 26 394
1023 360 26 1315
1023 361 26 328
1025 362 26 878
1028 363 26 1250
1034 364 26 1616
1035 365 26 527
1037 366 26 912
1043 367 26 1672
1044 368 26 672
1047 369 26 1167
1049 370 26 1105
1050 371 26 762
1053 372 26 1204
1057 373 26 1363
1059 374 26 932
1059 375 26 247
1060 376 26 708
1061 377 26 728
1065 378 26 1481
1067 379 26 1010
1067 380 26 2
1075 381 26 1763
1078 383 26 227
1078 382 26 1277
