0 0 905 134
0 1 905 386
7 2 905 1722
7 3 905 384
7 4 905 230
11 5 905 1426
11 6 905 213
14 8 905 171
14 7 905 1183
23 9 905 1822
24 10 905 563
26 11 905 939
30 12 905 1463
36 13 905 1658
37 14 905 546
38 15 905 517
39 16 905 799
43 17 905 1485
50 18 905 1701
51 19 905 812
51 20 905 265
53 21 905 987
55 22 905 927
58 23 905 1319
63 24 905 1554
65 25 905 1028
78 26 905 1893
81 27 905 1178
83 28 905 1131
87 29 905 1405
88 30 905 671
89 31 905 804
90 32 905 686
93 33 905 1339
93 34 905 283
94 35 905 841
96 36 905 1108
98 37 905 913
105 38 905 1703
106 39 905 832
106 40 905 288
107 41 905 576
107 42 905 243
108 43 905 604
108 44 905 178
115 45 905 1693
115 46 905 202
126 48 905 192
126 47 905 1864
132 49 905 1639
132 50 905 310
141 51 905 1821
142 52 905 650
143 53 905 737
145 54 905 874
147 55 905 1071
151 57 905 402
151 56 905 1383
152 58 905 755
154 59 905 1127
158 60 905 1457
160 61 905 959
160 62 905 51
161 63 905 691
164 64 905 1151
170 66 905 252
170 67 905 124
170 65 905 1684
174 68 905 1375
180 69 905 1630
183 70 905 1333
192 71 905 1811
199 72 905 1707
201 73 905 869
202 74 905 523
208 75 905 1613
209 77 905 323
209 76 905 744
211 78 905 1140
219 79 905 1785
220 80 905 825
220 81 905 28
222 82 905 986
226 83 905 1417
228 84 905 1095
229 86 905 154
229 85 905 774
241 87 905 1874
241 88 905 464
243 89 905 1136
247 90 905 1382
248 91 905 706
248 92 905 157
249 93 905 575
252 94 905 1299
255 95 905 1254
256 96 905 524
260 97 905 1476
264 98 905 1377
264 99 905 419
268 106 905 114
268 104 905 305
268 103 905 487
268 105 905 423
268 101 905 78
268 100 905 1441
268 102 905 489
275 107 905 1705
275 108 905 213
278 109 905 1185
278 110 905 327
280 111 905 1060
283 112 905 1186
285 113 905 895
285 114 905 301
289 115 905 1429
303 116 905 1897
304 117 905 559
309 118 905 1521
309 119 905 377
314 120 905 1529
314 121 905 303
319 123 905 239
319 124 905 247
319 122 905 1584
320 125 905 627
326 126 905 1653
328 127 905 1131
332 128 905 1494
335 129 905 1194
337 130 905 1089
340 131 905 1192
342 132 905 870
343 134 905 343
343 133 905 721
344 135 905 747
348 136 905 1463
349 137 905 499
351 138 905 1111
352 139 905 671
353 140 905 660
353 141 905 373
359 142 905 1660
362 143 905 1203
363 144 905 808
363 145 905 322
367 146 905 1444
370 147 905 1187
370 148 905 273
378 149 905 1794
381 150 905 1281
394 151 905 1889
406 152 905 1880
408 153 905 1000
409 154 905 814
411 155 905 1137
411 156 905 418
411 157 905 250
411 158 905 239
416 159 905 1603
417 160 905 694
419 162 905 211
419 161 905 907
421 163 905 944
421 164 905 96
423 165 905 1060
423 166 905 190
423 167 905 465
424 168 905 551
428 169 905 1478
441 170 905 1890
445 171 905 1398
449 172 905 1373
450 173 905 849
456 174 905 1642
459 175 905 1156
460 176 905 567
460 177 905 381
464 178 905 1355
474 179 905 1849
476 180 905 1107
476 181 905 466
477 182 905 857
483 183 905 1624
493 184 905 1837
495 185 905 1124
498 186 905 1236
506 187 905 1794
516 188 905 1831
518 189 905 1131
518 190 905 329
521 192 905 259
521 191 905 1213
525 193 905 1433
539 194 905 1902
545 195 905 1677
545 196 905 161
546 197 905 716
548 198 905 1107
554 199 905 1673
554 200 905 132
556 201 905 979
557 202 905 635
558 203 905 719
567 204 905 1829
576 205 905 1807
577 206 905 516
579 207 905 1031
582 208 905 1283
587 209 905 1583
588 211 905 37
588 210 905 569
589 212 905 819
589 213 905 314
589 214 905 495
589 215 905 227
589 216 905 50
590 217 905 511
592 218 905 1031
594 219 905 896
601 221 905 321
601 220 905 1748
602 222 905 559
606 223 905 1345
609 224 905 1149
610 225 905 676
612 226 905 1139
623 227 905 1865
625 228 905 872
638 229 905 1889
640 230 905 994
648 231 905 1776
651 232 905 1198
657 233 905 1607
664 234 905 1717
664 235 905 128
672 236 905 1756
672 237 905 137
679 239 905 29
679 238 905 1720
680 240 905 608
680 241 905 205
681 242 905 510
681 243 905 248
682 244 905 561
682 245 905 292
682 246 905 394
693 247 905 1869
695 248 905 937
701 249 905 1674
707 250 905 1627
712 251 905 1575
718 252 905 1610
718 253 905 211
728 254 905 1849
735 255 905 1736
735 256 905 420
738 257 905 1214
743 258 905 1495
746 259 905 1152
747 260 905 668
748 261 905 575
748 262 905 159
751 263 905 1319
752 264 905 588
753 265 905 718
754 266 905 763
756 267 905 1136
757 270 905 396
757 268 905 521
757 269 905 366
767 271 905 1837
768 272 905 715
770 273 905 1001
770 274 905 287
775 275 905 1542
782 276 905 1735
782 277 905 310
783 278 905 784
784 279 905 856
784 280 905 282
787 281 905 1194
789 282 905 927
791 283 905 1122
791 284 905 262
794 285 905 1343
794 286 905 165
796 287 905 987
802 288 905 1682
817 289 905 1906
823 290 905 1633
824 291 905 541
825 292 905 567
826 293 905 568
829 294 905 1286
829 295 905 32
829 296 905 46
831 297 905 1116
836 298 905 1584
844 299 905 1767
848 300 905 1454
851 301 905 1182
855 302 905 1347
856 303 905 570
859 304 905 1278
866 305 905 1715
867 306 905 860
