12 0 328 1876
13 1 328 833
19 2 328 1641
23 3 328 1461
23 4 328 435
34 5 328 1867
39 6 328 1575
40 9 328 159
40 8 328 118
40 7 328 682
43 10 328 1155
47 11 328 1480
47 12 328 387
50 13 328 1307
58 14 328 1774
58 15 328 311
59 16 328 565
63 17 328 1410
65 18 328 1068
70 19 328 1527
75 20 328 1588
76 21 328 521
79 22 328 1303
85 23 328 1661
86 24 328 545
87 26 328 344
87 27 328 189
87 25 328 736
95 28 328 1751
104 29 328 1804
112 30 328 1755
120 31 328 1782
124 32 328 1359
124 33 328 98
126 34 328 1057
127 35 328 534
135 36 328 1792
142 38 328 124
142 37 328 1738
143 39 328 848
150 40 328 1736
152 41 328 884
153 42 328 587
154 43 328 862
156 44 328 1043
156 45 328 117
158 46 328 1016
167 47 328 1819
184 48 328 1915
186 49 328 924
186 50 328 478
186 51 328 204
186 52 328 55
199 53 328 1889
203 54 328 1436
207 55 328 1354
211 56 328 1454
226 57 328 1904
228 58 328 915
234 59 328 1623
239 60 328 1522
243 61 328 1386
244 62 328 855
244 63 328 238
244 64 328 328
247 68 328 249
247 67 328 289
247 66 328 120
247 65 328 1298
250 69 328 1240
250 70 328 443
251 71 328 751
254 72 328 1285
254 73 328 220
261 74 328 1715
262 75 328 703
273 77 328 441
273 76 328 1858
274 78 328 618
274 79 328 428
280 80 328 1644
280 81 328 449
280 82 328 199
281 83 328 826
284 84 328 1326
289 85 328 1551
296 86 328 1726
300 87 328 1395
301 88 328 586
307 89 328 1627
309 90 328 1004
318 91 328 1813
319 92 328 822
319 93 328 425
322 97 328 349
322 96 328 29
322 94 328 1250
322 95 328 350
323 98 328 533
329 99 328 1670
350 100 328 1921
351 101 328 727
356 102 328 1569
357 103 328 675
357 104 328 480
363 105 328 1651
364 106 328 844
372 107 328 1760
372 108 328 173
373 109 328 732
377 110 328 1421
379 111 328 1013
382 113 328 487
382 112 328 1286
397 114 328 1903
399 115 328 1072
402 116 328 1187
402 117 328 28
403 118 328 836
404 119 328 702
409 120 328 1497
410 121 328 650
416 122 328 1627
417 124 328 235
417 123 328 547
418 125 328 555
429 126 328 1854
430 127 328 859
432 128 328 895
436 129 328 1365
437 130 328 674
442 131 328 1509
452 132 328 1832
454 134 328 431
454 133 328 872
456 135 328 917
457 136 328 805
461 137 328 1449
461 138 328 346
466 139 328 1600
467 140 328 707
480 141 328 1891
483 142 328 1221
491 144 328 206
491 143 328 1779
508 145 328 1916
509 146 328 526
509 147 328 334
509 148 328 446
509 149 328 177
511 150 328 1088
511 151 328 1
515 152 328 1437
523 154 328 173
523 153 328 1755
526 155 328 1271
528 156 328 1025
530 157 328 1022
530 158 328 439
540 159 328 1850
547 160 328 1721
563 161 328 1909
564 162 328 864
565 164 328 58
565 163 328 733
575 165 328 1836
577 166 328 1105
577 167 328 413
577 168 328 56
579 169 328 986
579 170 328 267
585 171 328 1663
591 172 328 1607
594 173 328 1161
614 174 328 1920
619 175 328 1530
623 176 328 1354
631 177 328 1772
631 178 328 340
631 179 328 244
631 180 328 29
636 181 328 1519
636 182 328 412
637 184 328 276
637 183 328 718
638 185 328 672
638 186 328 72
638 187 328 76
639 188 328 699
641 189 328 1085
650 190 328 1816
657 191 328 1707
659 193 328 421
659 192 328 1009
668 194 328 1803
669 195 328 722
671 196 328 1026
671 197 328 487
678 198 328 1721
678 199 328 294
679 201 328 113
679 202 328 278
679 200 328 810
683 203 328 1385
693 204 328 1834
697 205 328 1350
697 206 328 319
697 207 328 275
705 208 328 1760
706 209 328 567
716 210 328 1841
719 211 328 1177
720 212 328 681
720 213 328 194
729 214 328 1820
729 215 328 201
734 216 328 1496
734 217 328 146
734 218 328 456
737 219 328 1310
745 220 328 1764
747 221 328 1029
753 222 328 1638
755 223 328 895
757 224 328 1095
757 225 328 485
758 226 328 653
761 227 328 1186
764 228 328 1282
767 229 328 1197
768 230 328 504
769 231 328 867
769 232 328 51
769 233 328 46
773 234 328 1359
783 235 328 1840
786 236 328 1241
788 237 328 952
789 238 328 808
790 240 328 353
790 239 328 851
797 241 328 1721
797 242 328 241
797 243 328 132
800 244 328 1169
801 245 328 639
803 246 328 1025
804 247 328 814
805 248 328 525
810 249 328 1601
813 250 328 1151
815 251 328 880
815 252 328 30
815 253 328 411
815 254 328 454
822 255 328 1706
822 256 328 399
825 258 328 289
825 257 328 1307
829 259 328 1349
830 260 328 696
832 261 328 1058
834 262 328 918
835 263 328 562
835 264 328 63
837 265 328 974
839 266 328 1125
840 267 328 635
841 268 328 760
856 269 328 1905
858 270 328 885
859 271 328 543
862 272 328 1263
867 273 328 1530
869 274 328 956
869 275 328 43
870 276 328 787
875 277 328 1506
881 278 328 1651
881 279 328 456
885 280 328 1384
893 281 328 1763
894 282 328 661
899 283 328 1605
899 284 328 46
904 285 328 1549
905 286 328 836
910 287 328 1565
915 288 328 1516
920 289 328 1578
924 290 328 1441
935 291 328 1858
936 292 328 663
940 293 328 1383
940 294 328 154
943 295 328 1220
944 296 328 803
949 299 328 194
949 297 328 1603
949 298 328 68
953 300 328 1438
953 301 328 390
953 302 328 54
954 303 328 544
955 304 328 716
956 305 328 607
961 306 328 1541
