4 0 896 1368
6 1 896 974
10 2 896 1368
15 3 896 1510
22 4 896 1725
26 5 896 1459
35 6 896 1813
37 9 896 90
37 8 896 211
37 7 896 1131
39 10 896 971
57 11 896 1918
61 12 896 1465
63 13 896 1034
63 14 896 162
64 15 896 532
67 16 896 1327
73 17 896 1639
74 18 896 867
74 19 896 437
74 20 896 22
76 21 896 1130
81 25 896 468
81 24 896 460
81 26 896 437
81 22 896 1497
81 23 896 184
84 27 896 1344
84 28 896 324
90 29 896 1625
91 30 896 850
91 31 896 391
99 32 896 1776
100 33 896 567
102 34 896 1078
106 35 896 1431
107 36 896 620
109 37 896 1098
109 38 896 278
110 39 896 668
116 40 896 1668
122 41 896 1644
133 42 896 1870
135 43 896 969
138 44 896 1264
143 45 896 1520
146 46 896 1273
150 47 896 1382
152 48 896 1033
156 49 896 1418
157 50 896 581
161 51 896 1415
165 54 896 482
165 55 896 237
165 52 896 1365
165 53 896 237
169 56 896 1401
172 57 896 1183
174 58 896 1050
177 59 896 1256
179 60 896 1022
179 61 896 468
180 62 896 807
181 63 896 511
184 64 896 1164
185 65 896 580
185 66 896 141
187 67 896 898
199 68 896 1881
200 69 896 655
210 70 896 1836
210 71 896 229
214 72 896 1360
214 73 896 198
215 75 896 303
215 74 896 693
218 76 896 1184
219 77 896 528
220 78 896 844
221 79 896 865
223 80 896 1119
225 81 896 980
225 82 896 311
226 83 896 830
228 84 896 1043
232 85 896 1360
234 86 896 950
239 87 896 1538
239 88 896 84
240 89 896 840
240 90 896 29
244 91 896 1362
244 92 896 47
246 93 896 946
251 94 896 1571
254 95 896 1200
255 96 896 836
259 97 896 1359
266 98 896 1729
267 99 896 684
271 100 896 1378
271 101 896 375
275 102 896 1426
275 103 896 377
280 106 896 54
280 104 896 1507
280 105 896 352
283 107 896 1167
287 108 896 1469
287 109 896 179
289 110 896 977
291 115 896 42
291 116 896 156
291 113 896 184
291 112 896 338
291 114 896 137
291 111 896 873
305 117 896 1901
309 118 896 1392
316 119 896 1729
321 120 896 1555
322 121 896 528
323 122 896 813
325 123 896 1040
326 124 896 625
326 125 896 474
326 126 896 181
326 127 896 414
327 128 896 552
331 129 896 1417
335 130 896 1391
342 131 896 1749
343 133 896 160
343 132 896 723
347 134 896 1412
348 135 896 744
352 136 896 1479
363 137 896 1858
366 138 896 1248
367 139 896 691
370 140 896 1306
377 141 896 1708
377 142 896 68
387 143 896 1830
395 144 896 1788
397 145 896 1081
399 146 896 1023
407 147 896 1787
408 148 896 809
413 149 896 1528
415 150 896 1044
416 151 896 860
429 153 896 0
429 152 896 1892
431 154 896 1053
432 155 896 849
436 156 896 1486
436 157 896 385
442 158 896 1676
444 159 896 1032
444 160 896 170
449 161 896 1565
450 162 896 614
450 163 896 52
451 164 896 712
454 165 896 1152
454 166 896 149
454 167 896 177
455 168 896 697
458 170 896 488
458 171 896 222
458 169 896 1318
459 172 896 653
460 173 896 700
460 174 896 423
468 175 896 1772
468 176 896 459
470 177 896 908
473 178 896 1177
477 179 896 1469
481 181 896 318
481 180 896 1376
486 182 896 1529
488 183 896 948
488 184 896 373
489 185 896 531
497 186 896 1782
498 187 896 723
500 188 896 1031
501 189 896 562
504 190 896 1182
506 191 896 1093
506 192 896 182
506 193 896 216
507 194 896 521
513 195 896 1665
515 196 896 1093
515 197 896 16
517 198 896 1117
518 199 896 635
520 200 896 931
521 201 896 845
523 202 896 1090
527 203 896 1416
529 204 896 1040
530 205 896 821
530 206 896 206
533 207 896 1191
538 208 896 1501
541 210 896 390
541 209 896 1206
542 211 896 578
544 212 896 1133
544 213 896 207
549 214 896 1581
557 215 896 1776
557 216 896 35
562 217 896 1591
567 219 896 181
567 218 896 1604
570 220 896 1295
574 221 896 1350
576 222 896 1071
576 223 896 135
576 224 896 135
579 227 896 437
579 225 896 1320
579 226 896 40
579 228 896 179
580 229 896 682
581 230 896 678
581 231 896 442
588 232 896 1715
589 233 896 541
590 234 896 537
591 235 896 530
594 236 896 1153
594 237 896 113
604 238 896 1833
608 239 896 1476
608 240 896 324
609 241 896 590
612 242 896 1147
619 243 896 1750
619 244 896 172
620 245 896 603
632 246 896 1885
646 247 896 1900
647 248 896 559
648 249 896 669
654 250 896 1630
658 251 896 1426
658 252 896 337
660 253 896 936
663 254 896 1265
668 255 896 1506
675 256 896 1699
677 257 896 954
680 258 896 1280
686 259 896 1645
687 260 896 780
694 261 896 1694
696 262 896 1011
697 263 896 819
698 264 896 527
709 265 896 1872
710 266 896 787
711 267 896 591
716 268 896 1594
718 269 896 1050
719 270 896 622
729 271 896 1847
735 272 896 1682
735 273 896 127
743 274 896 1781
744 276 896 203
744 275 896 704
747 277 896 1245
760 278 896 1887
764 279 896 1457
768 280 896 1360
768 281 896 65
777 282 896 1802
781 283 896 1435
783 284 896 977
786 286 896 105
786 285 896 1177
787 287 896 778
790 288 896 1201
792 289 896 956
793 290 896 756
793 291 896 198
794 292 896 757
794 293 896 188
795 294 896 695
796 295 896 554
801 296 896 1504
801 297 896 327
804 298 896 1222
804 299 896 225
811 300 896 1740
814 301 896 1293
814 302 896 305
818 303 896 1433
818 304 896 46
825 305 896 1707
831 306 896 1668
