1 0 1745 581
2 1 1745 616
2 2 1745 64
2 3 1745 228
2 4 1745 181
4 5 1745 995
5 6 1745 640
8 7 1745 1336
13 8 1745 1603
15 9 1745 1085
23 10 1745 1792
23 11 1745 115
24 12 1745 656
28 13 1745 1413
28 14 1745 206
29 15 1745 824
29 16 1745 18
30 17 1745 818
31 18 1745 649
34 19 1745 1308
47 20 1745 1891
48 21 1745 696
69 22 1745 1921
70 23 1745 571
72 24 1745 919
73 25 1745 740
76 26 1745 1251
77 27 1745 796
78 28 1745 678
85 29 1745 1702
85 30 1745 317
85 31 1745 252
87 32 1745 890
89 33 1745 896
89 34 1745 216
89 35 1745 25
89 36 1745 35
91 37 1745 899
93 38 1745 995
94 39 1745 612
96 40 1745 1119
104 41 1745 1769
108 42 1745 1474
108 43 1745 360
111 44 1745 1302
111 45 1745 36
118 47 1745 323
118 46 1745 1739
122 48 1745 1345
127 49 1745 1530
131 50 1745 1375
131 51 1745 367
136 52 1745 1563
139 53 1745 1284
140 54 1745 606
149 55 1745 1809
150 56 1745 619
154 57 1745 1417
157 58 1745 1234
161 59 1745 1365
167 60 1745 1668
175 61 1745 1769
176 62 1745 658
185 63 1745 1825
186 64 1745 767
191 65 1745 1540
194 66 1745 1149
200 67 1745 1684
203 68 1745 1197
203 69 1745 180
204 70 1745 789
206 71 1745 1044
213 72 1745 1747
213 73 1745 37
213 74 1745 189
213 75 1745 121
216 76 1745 1146
221 77 1745 1561
224 78 1745 1194
226 79 1745 882
228 80 1745 925
230 81 1745 927
234 82 1745 1375
236 83 1745 1073
236 84 1745 327
248 85 1745 1875
249 86 1745 614
254 87 1745 1531
254 88 1745 290
254 89 1745 331
257 90 1745 1330
258 91 1745 542
263 92 1745 1590
268 93 1745 1554
269 94 1745 868
272 95 1745 1274
274 96 1745 1111
279 97 1745 1574
284 98 1745 1517
290 99 1745 1687
291 100 1745 811
291 101 1745 54
293 102 1745 1051
296 103 1745 1165
297 104 1745 741
297 105 1745 331
298 106 1745 545
303 107 1745 1525
305 108 1745 1094
305 109 1745 484
306 110 1745 662
308 113 1745 351
308 114 1745 440
308 111 1745 983
308 112 1745 223
309 115 1745 741
309 116 1745 394
314 117 1745 1510
319 118 1745 1498
320 119 1745 817
322 120 1745 925
327 121 1745 1542
331 122 1745 1394
332 123 1745 865
333 124 1745 774
333 125 1745 246
337 126 1745 1378
337 127 1745 192
339 128 1745 1094
340 129 1745 840
342 130 1745 934
347 132 1745 43
347 131 1745 1497
351 133 1745 1432
351 134 1745 71
353 135 1745 870
362 136 1745 1801
362 137 1745 210
362 138 1745 332
382 139 1745 1920
385 140 1745 1330
387 142 1745 437
387 141 1745 1013
394 143 1745 1730
399 144 1745 1593
399 145 1745 347
399 146 1745 319
402 147 1745 1239
404 148 1745 1114
404 149 1745 127
406 150 1745 879
411 151 1745 1526
411 152 1745 76
412 153 1745 700
413 154 1745 761
416 155 1745 1193
417 156 1745 585
417 157 1745 185
417 158 1745 390
417 159 1745 494
419 163 1745 253
419 162 1745 431
419 160 1745 877
419 161 1745 352
423 164 1745 1474
425 165 1745 1090
427 166 1745 940
428 167 1745 716
428 168 1745 279
432 169 1745 1494
433 170 1745 865
433 171 1745 184
436 172 1745 1177
441 173 1745 1502
445 174 1745 1411
455 175 1745 1837
457 176 1745 1105
462 177 1745 1588
465 178 1745 1197
465 179 1745 427
475 181 1745 139
475 180 1745 1852
477 182 1745 1002
479 183 1745 967
491 184 1745 1885
494 185 1745 1333
498 186 1745 1420
501 187 1745 1267
502 188 1745 670
503 189 1745 803
503 190 1745 285
509 191 1745 1615
516 192 1745 1744
524 193 1745 1762
526 194 1745 1043
528 195 1745 977
529 196 1745 582
529 197 1745 184
529 198 1745 255
530 199 1745 502
533 200 1745 1331
538 201 1745 1528
540 202 1745 959
545 203 1745 1544
548 204 1745 1186
549 205 1745 695
549 206 1745 348
550 207 1745 499
553 208 1745 1213
554 210 1745 88
554 209 1745 849
556 211 1745 921
558 212 1745 913
571 213 1745 1887
572 214 1745 567
573 215 1745 737
576 216 1745 1275
580 219 1745 141
580 218 1745 292
580 217 1745 1388
585 220 1745 1595
590 221 1745 1598
590 222 1745 45
594 223 1745 1401
597 224 1745 1209
600 225 1745 1174
600 226 1745 364
603 228 1745 458
603 227 1745 1340
603 229 1745 434
606 230 1745 1254
608 231 1745 921
611 232 1745 1332
612 233 1745 694
614 234 1745 1021
614 235 1745 324
616 236 1745 1104
620 237 1745 1382
627 238 1745 1705
630 239 1745 1190
632 240 1745 984
634 241 1745 921
634 242 1745 53
641 243 1745 1746
642 244 1745 714
645 245 1745 1288
646 246 1745 701
654 247 1745 1782
657 249 1745 305
657 248 1745 1194
663 250 1745 1627
665 251 1745 1118
674 252 1745 1816
674 253 1745 114
675 254 1745 832
681 255 1745 1658
685 256 1745 1482
689 258 1745 335
689 260 1745 330
689 257 1745 1483
689 259 1745 12
691 261 1745 933
691 262 1745 40
692 263 1745 779
697 264 1745 1519
699 265 1745 1092
704 267 1745 219
704 266 1745 1513
705 269 1745 243
705 268 1745 866
710 270 1745 1557
719 271 1745 1817
725 272 1745 1608
727 273 1745 1027
729 274 1745 1081
730 275 1745 673
735 276 1745 1544
735 277 1745 224
736 278 1745 686
746 279 1745 1845
746 280 1745 472
747 281 1745 507
747 282 1745 145
747 283 1745 152
748 284 1745 731
748 285 1745 135
750 286 1745 1030
753 287 1745 1218
761 288 1745 1786
764 289 1745 1287
765 290 1745 766
770 291 1745 1546
772 292 1745 1047
779 293 1745 1693
780 294 1745 859
780 295 1745 51
782 296 1745 880
785 298 1745 226
785 297 1745 1198
790 299 1745 1547
797 300 1745 1699
797 301 1745 482
799 302 1745 915
801 303 1745 951
802 304 1745 672
809 305 1745 1735
813 306 1745 1434
