2 0 1916 1101
4 1 1916 892
4 2 1916 480
8 3 1916 1426
8 4 1916 318
9 5 1916 606
10 6 1916 532
13 7 1916 1271
14 9 1916 310
14 8 1916 565
17 10 1916 1196
19 11 1916 921
19 12 1916 230
29 13 1916 1852
31 14 1916 992
52 15 1916 1922
52 16 1916 144
53 20 1916 283
53 19 1916 307
53 18 1916 348
53 17 1916 621
55 21 1916 923
56 22 1916 807
64 23 1916 1779
66 24 1916 974
68 25 1916 988
70 26 1916 1130
70 27 1916 79
73 28 1916 1277
74 29 1916 532
74 30 1916 282
81 31 1916 1706
82 32 1916 683
87 33 1916 1578
87 34 1916 379
90 35 1916 1241
90 36 1916 22
98 38 1916 442
98 37 1916 1791
104 39 1916 1615
108 40 1916 1452
110 41 1916 881
111 42 1916 735
112 43 1916 778
114 44 1916 1072
117 45 1916 1338
125 46 1916 1774
125 47 1916 7
129 48 1916 1376
132 49 1916 1317
136 50 1916 1379
140 51 1916 1374
140 52 1916 269
144 53 1916 1464
144 54 1916 115
144 55 1916 178
144 56 1916 84
145 58 1916 452
145 57 1916 625
148 59 1916 1254
152 60 1916 1401
152 61 1916 453
171 62 1916 1918
171 63 1916 32
171 64 1916 27
175 65 1916 1415
175 66 1916 237
176 67 1916 577
180 68 1916 1473
186 69 1916 1676
200 70 1916 1899
200 71 1916 277
200 72 1916 179
201 73 1916 658
202 74 1916 779
205 77 1916 28
205 76 1916 187
205 75 1916 1327
206 78 1916 706
211 79 1916 1560
213 80 1916 1138
215 81 1916 1122
216 82 1916 627
228 83 1916 1884
230 84 1916 1077
231 85 1916 833
235 86 1916 1436
238 87 1916 1143
242 88 1916 1462
242 89 1916 200
245 90 1916 1157
248 91 1916 1321
251 92 1916 1339
253 93 1916 1112
253 94 1916 213
255 95 1916 999
257 96 1916 887
258 97 1916 703
259 98 1916 751
264 99 1916 1581
266 100 1916 1101
269 101 1916 1197
269 102 1916 458
275 103 1916 1625
278 104 1916 1343
280 105 1916 1102
283 106 1916 1194
288 107 1916 1536
289 108 1916 684
290 109 1916 713
307 110 1916 1916
307 111 1916 55
317 112 1916 1844
318 115 1916 278
318 114 1916 116
318 113 1916 816
326 116 1916 1750
326 117 1916 33
328 118 1916 880
330 119 1916 1118
345 120 1916 1904
347 121 1916 1018
349 122 1916 1039
352 123 1916 1273
353 124 1916 519
354 125 1916 577
355 126 1916 862
357 127 1916 991
357 128 1916 444
364 129 1916 1705
364 130 1916 440
368 131 1916 1409
371 132 1916 1202
373 134 1916 459
373 133 1916 1049
384 135 1916 1865
385 136 1916 664
387 137 1916 927
388 138 1916 541
402 139 1916 1900
407 140 1916 1563
416 141 1916 1824
416 142 1916 459
417 144 1916 209
417 143 1916 749
419 145 1916 1101
423 146 1916 1402
424 147 1916 523
426 148 1916 996
437 149 1916 1860
440 150 1916 1174
441 151 1916 853
448 152 1916 1747
453 153 1916 1557
458 154 1916 1602
458 155 1916 82
458 156 1916 158
460 157 1916 1110
462 158 1916 1106
463 159 1916 765
463 160 1916 240
463 161 1916 203
465 162 1916 1091
467 163 1916 904
467 164 1916 273
468 165 1916 506
469 166 1916 778
470 167 1916 794
470 168 1916 357
470 169 1916 175
475 170 1916 1539
476 171 1916 823
480 172 1916 1417
482 173 1916 904
486 174 1916 1480
486 175 1916 80
487 176 1916 559
487 177 1916 290
489 178 1916 1063
492 179 1916 1343
494 181 1916 338
494 180 1916 1099
514 182 1916 1920
515 183 1916 509
516 184 1916 531
521 185 1916 1511
526 186 1916 1586
531 187 1916 1570
535 189 1916 376
535 188 1916 1372
542 190 1916 1707
546 191 1916 1478
553 192 1916 1745
560 193 1916 1700
566 194 1916 1660
570 195 1916 1360
571 196 1916 732
575 197 1916 1479
575 198 1916 475
581 200 1916 322
581 199 1916 1627
582 201 1916 608
582 202 1916 166
583 203 1916 820
583 204 1916 320
583 205 1916 350
587 206 1916 1361
588 208 1916 76
588 207 1916 843
593 209 1916 1522
597 210 1916 1447
605 211 1916 1793
605 212 1916 46
611 213 1916 1688
616 214 1916 1591
625 215 1916 1826
625 216 1916 207
626 217 1916 582
626 218 1916 372
627 219 1916 686
628 220 1916 845
630 221 1916 1132
634 222 1916 1347
649 223 1916 1905
649 224 1916 393
649 225 1916 60
651 226 1916 1002
657 227 1916 1641
660 228 1916 1169
660 229 1916 119
663 230 1916 1272
665 231 1916 1004
672 232 1916 1739
676 233 1916 1360
678 234 1916 1020
678 235 1916 491
678 236 1916 172
680 240 1916 150
680 239 1916 180
680 237 1916 1100
680 238 1916 188
681 241 1916 743
685 242 1916 1493
693 243 1916 1775
694 244 1916 854
704 245 1916 1839
708 247 1916 56
708 246 1916 1431
708 248 1916 109
716 249 1916 1759
719 250 1916 1152
719 251 1916 150
721 252 1916 1106
728 253 1916 1714
729 254 1916 782
731 255 1916 1115
734 259 1916 260
734 258 1916 427
734 256 1916 1185
734 257 1916 185
737 260 1916 1272
743 261 1916 1644
748 262 1916 1598
760 266 1916 53
760 263 1916 1882
760 264 1916 249
760 265 1916 442
761 267 1916 611
762 268 1916 668
764 269 1916 1099
770 270 1916 1653
772 271 1916 1032
772 272 1916 394
772 273 1916 192
773 274 1916 536
773 275 1916 102
778 276 1916 1564
783 277 1916 1497
785 278 1916 1051
785 279 1916 478
786 280 1916 554
788 281 1916 946
793 282 1916 1532
796 283 1916 1335
798 284 1916 891
800 285 1916 1122
809 287 1916 25
809 286 1916 1822
810 288 1916 578
820 289 1916 1829
823 290 1916 1230
839 291 1916 1912
840 292 1916 673
850 293 1916 1853
851 295 1916 430
851 294 1916 832
853 296 1916 1069
858 297 1916 1536
863 298 1916 1525
863 299 1916 411
871 300 1916 1785
872 301 1916 820
875 302 1916 1313
877 304 1916 106
877 305 1916 120
877 303 1916 935
883 306 1916 1680
