3 0 387 1225
8 1 387 1549
9 2 387 789
15 3 387 1645
22 4 387 1704
22 5 387 364
39 6 387 1914
39 7 387 176
41 9 387 147
41 8 387 973
43 10 387 922
49 11 387 1635
49 12 387 253
49 13 387 67
52 14 387 1189
52 15 387 422
54 16 387 1086
54 17 387 293
55 18 387 716
56 19 387 749
58 20 387 1078
64 21 387 1662
66 22 387 975
66 23 387 233
66 24 387 197
66 25 387 137
67 26 387 781
69 27 387 891
75 28 387 1648
77 29 387 949
88 30 387 1859
88 31 387 127
89 32 387 780
91 33 387 1127
96 34 387 1508
97 35 387 747
101 36 387 1402
118 38 387 406
118 37 387 1914
120 39 387 964
120 40 387 283
123 41 387 1218
135 42 387 1882
136 43 387 777
143 44 387 1698
143 45 387 445
145 47 387 296
145 46 387 961
149 48 387 1481
149 49 387 223
152 50 387 1212
155 51 387 1260
157 52 387 966
161 53 387 1361
173 54 387 1883
177 55 387 1488
178 56 387 573
179 57 387 556
183 58 387 1448
188 59 387 1567
193 60 387 1508
195 61 387 1023
195 62 387 453
195 63 387 23
195 64 387 212
196 65 387 795
197 66 387 854
199 67 387 1050
199 68 387 484
199 69 387 442
201 70 387 944
203 71 387 1097
212 72 387 1811
218 73 387 1677
218 74 387 465
226 75 387 1785
233 78 387 459
233 76 387 1704
233 77 387 197
239 79 387 1676
241 80 387 1101
241 81 387 484
244 82 387 1334
248 83 387 1424
254 84 387 1662
255 85 387 598
257 86 387 1086
260 87 387 1344
263 88 387 1169
263 89 387 19
263 90 387 173
264 91 387 846
264 92 387 465
265 93 387 764
269 94 387 1380
272 95 387 1185
273 96 387 764
284 97 387 1859
285 98 387 564
287 99 387 903
292 100 387 1515
302 101 387 1835
309 102 387 1737
311 103 387 1039
314 105 387 115
314 104 387 1204
318 106 387 1374
321 107 387 1213
323 108 387 895
323 109 387 98
330 110 387 1709
330 111 387 375
330 112 387 96
337 113 387 1696
337 114 387 466
339 115 387 1024
345 116 387 1613
347 117 387 954
347 118 387 286
352 119 387 1539
358 120 387 1633
362 121 387 1434
371 125 387 98
371 124 387 268
371 122 387 1806
371 123 387 464
372 126 387 631
374 127 387 1047
374 128 387 297
377 129 387 1205
379 130 387 1020
387 131 387 1770
392 132 387 1557
396 134 387 161
396 133 387 1480
399 135 387 1190
400 136 387 672
400 137 387 294
400 138 387 219
405 139 387 1547
408 140 387 1149
417 141 387 1797
417 142 387 449
419 143 387 1070
419 144 387 235
426 145 387 1722
427 146 387 749
428 147 387 693
428 148 387 298
428 149 387 356
433 150 387 1497
440 151 387 1734
445 152 387 1572
447 153 387 950
450 154 387 1194
450 155 387 80
450 156 387 29
453 157 387 1272
454 158 387 771
456 159 387 1105
460 160 387 1408
460 161 387 326
462 162 387 916
468 163 387 1614
470 164 387 1003
481 165 387 1864
482 166 387 742
483 167 387 540
488 168 387 1535
491 169 387 1200
491 170 387 352
494 171 387 1318
495 172 387 734
496 173 387 663
496 174 387 389
504 175 387 1761
506 176 387 985
507 177 387 735
507 178 387 229
507 179 387 470
510 180 387 1274
521 181 387 1862
522 182 387 749
533 183 387 1866
539 184 387 1632
542 185 387 1210
542 186 387 197
543 187 387 607
543 188 387 286
543 189 387 80
546 190 387 1161
549 191 387 1324
553 192 387 1448
555 193 387 1039
555 194 387 138
556 195 387 823
558 196 387 881
559 197 387 759
559 198 387 67
559 199 387 295
561 201 387 208
561 200 387 979
563 202 387 1083
565 203 387 1022
565 204 387 3
565 205 387 179
567 206 387 999
569 207 387 908
570 208 387 561
574 209 387 1358
576 210 387 1020
579 211 387 1218
581 212 387 1043
581 213 387 300
589 214 387 1756
593 215 387 1471
598 216 387 1502
600 217 387 975
615 218 387 1907
622 219 387 1717
628 222 387 254
628 221 387 135
628 220 387 1666
632 223 387 1455
632 224 387 39
634 225 387 952
642 226 387 1794
648 227 387 1620
649 228 387 525
653 229 387 1491
655 231 387 225
655 230 387 880
656 232 387 668
667 233 387 1858
671 234 387 1415
673 235 387 1065
674 236 387 779
680 237 387 1651
691 238 387 1862
695 240 387 211
695 239 387 1453
698 241 387 1213
698 242 387 45
699 243 387 852
701 244 387 984
712 245 387 1867
712 246 387 280
715 247 387 1147
718 248 387 1208
719 249 387 592
722 250 387 1245
732 251 387 1831
733 252 387 777
733 253 387 275
734 254 387 554
735 255 387 844
747 256 387 1878
752 257 387 1553
754 258 387 983
756 260 387 309
756 259 387 976
759 261 387 1304
759 262 387 383
761 263 387 995
761 264 387 478
762 265 387 795
763 266 387 549
765 267 387 1109
766 268 387 809
767 269 387 690
768 270 387 691
776 271 387 1775
778 272 387 1037
778 273 387 453
783 274 387 1506
783 275 387 453
783 276 387 89
786 279 387 96
786 278 387 470
786 277 387 1326
787 280 387 671
788 281 387 646
788 282 387 412
799 283 387 1857
799 284 387 245
801 285 387 973
805 286 387 1372
805 287 387 393
808 288 387 1304
809 289 387 571
811 290 387 1111
814 291 387 1151
815 292 387 668
817 293 387 886
820 294 387 1144
821 295 387 831
822 296 387 829
824 299 387 189
824 297 387 975
824 298 387 374
827 300 387 1318
829 301 387 1096
829 302 387 337
830 303 387 517
839 304 387 1825
843 305 387 1395
844 306 387 793
