1 0 257 547
1 1 257 32
1 2 257 111
1 3 257 483
10 4 257 1799
17 5 257 1722
17 6 257 458
17 7 257 26
18 9 257 146
18 8 257 629
29 10 257 1870
29 11 257 370
29 12 257 313
29 13 257 137
32 14 257 1223
34 15 257 1012
36 16 257 1028
37 18 257 90
37 17 257 679
39 19 257 1112
41 20 257 1006
47 21 257 1632
48 22 257 661
50 23 257 1038
51 24 257 729
52 26 257 300
52 25 257 835
60 29 257 121
60 27 257 1759
60 28 257 153
63 30 257 1332
65 31 257 935
65 32 257 89
67 33 257 1040
68 34 257 595
71 35 257 1254
73 36 257 1126
79 37 257 1607
82 38 257 1174
82 39 257 205
87 40 257 1582
92 41 257 1589
97 42 257 1548
109 43 257 1884
111 44 257 868
114 45 257 1196
118 48 257 473
118 46 257 1458
118 47 257 246
120 49 257 1016
121 50 257 529
121 51 257 397
122 52 257 725
123 53 257 619
128 54 257 1600
129 55 257 840
132 56 257 1296
134 57 257 997
140 58 257 1679
142 59 257 963
146 60 257 1422
147 61 257 624
156 62 257 1798
157 63 257 507
158 64 257 738
160 66 257 281
160 65 257 935
163 67 257 1197
167 68 257 1467
180 69 257 1894
189 70 257 1811
193 71 257 1346
197 72 257 1429
206 73 257 1810
210 74 257 1455
213 76 257 84
213 75 257 1342
214 77 257 701
214 78 257 170
218 79 257 1457
221 80 257 1302
221 81 257 54
224 82 257 1286
226 83 257 1062
231 84 257 1517
233 85 257 934
233 86 257 209
237 87 257 1394
241 88 257 1365
247 89 257 1679
259 90 257 1883
259 91 257 128
269 92 257 1852
269 93 257 210
270 94 257 708
272 95 257 957
279 96 257 1716
281 97 257 1040
284 98 257 1146
295 99 257 1858
297 100 257 915
297 101 257 260
298 102 257 703
299 103 257 504
301 104 257 1129
303 105 257 1107
305 106 257 892
306 107 257 840
308 108 257 1088
308 109 257 258
309 110 257 756
310 111 257 594
311 112 257 827
311 113 257 222
316 114 257 1585
320 115 257 1367
323 116 257 1262
324 117 257 735
326 118 257 915
333 119 257 1728
334 120 257 725
335 121 257 811
343 122 257 1757
350 124 257 10
350 123 257 1713
356 125 257 1682
360 126 257 1418
363 127 257 1219
365 128 257 1101
365 129 257 497
370 130 257 1551
372 131 257 968
376 133 257 236
376 132 257 1480
377 134 257 541
379 135 257 1041
382 136 257 1276
383 137 257 782
394 138 257 1857
394 139 257 409
394 140 257 41
397 142 257 306
397 141 257 1293
399 143 257 1106
401 144 257 923
404 145 257 1289
407 146 257 1226
413 147 257 1630
414 148 257 549
417 149 257 1265
423 150 257 1620
425 151 257 980
425 152 257 124
428 153 257 1342
430 154 257 1132
430 155 257 104
430 156 257 427
432 157 257 915
432 158 257 493
436 159 257 1372
442 160 257 1614
447 161 257 1598
453 162 257 1664
454 163 257 590
455 164 257 631
462 165 257 1712
464 166 257 1038
465 167 257 590
470 168 257 1606
471 169 257 544
471 170 257 91
471 171 257 480
472 172 257 803
473 173 257 505
479 174 257 1686
483 175 257 1357
484 176 257 505
485 177 257 650
486 178 257 789
487 179 257 646
487 180 257 455
494 181 257 1713
495 182 257 669
503 183 257 1760
504 184 257 802
505 185 257 570
506 186 257 843
506 187 257 138
508 188 257 1028
508 189 257 437
509 193 257 485
509 192 257 288
509 191 257 360
509 190 257 613
510 194 257 719
510 195 257 367
515 196 257 1554
521 197 257 1640
521 198 257 474
523 199 257 1135
523 200 257 250
524 203 257 5
524 202 257 23
524 201 257 636
527 204 257 1174
529 205 257 1139
529 206 257 177
534 207 257 1544
539 208 257 1580
546 209 257 1700
551 210 257 1523
558 212 257 125
558 211 257 1701
566 213 257 1772
568 214 257 916
577 215 257 1825
579 216 257 929
588 217 257 1828
595 218 257 1713
595 219 257 61
596 220 257 868
598 221 257 900
602 222 257 1486
605 223 257 1168
616 224 257 1855
622 225 257 1655
622 226 257 191
622 227 257 318
629 228 257 1710
632 229 257 1318
639 230 257 1727
640 231 257 790
640 232 257 176
645 233 257 1578
645 234 257 395
652 235 257 1744
659 236 257 1689
660 237 257 663
661 238 257 586
666 240 257 393
666 239 257 1587
669 241 257 1224
669 242 257 482
672 243 257 1253
673 244 257 838
674 245 257 836
674 246 257 234
674 247 257 441
678 248 257 1493
679 249 257 818
683 250 257 1363
689 251 257 1651
699 252 257 1851
699 253 257 413
699 254 257 267
702 255 257 1274
704 256 257 1074
705 258 257 75
705 257 257 779
709 259 257 1443
711 260 257 948
719 261 257 1783
727 262 257 1758
727 263 257 261
741 264 257 1897
742 265 257 733
747 266 257 1525
747 267 257 471
751 268 257 1376
753 269 257 1097
753 270 257 136
753 271 257 266
756 272 257 1241
756 273 257 125
761 274 257 1592
766 278 257 330
766 277 257 233
766 275 257 1568
766 276 257 418
768 279 257 1018
772 280 257 1421
778 281 257 1675
779 282 257 749
781 283 257 891
793 285 257 76
793 284 257 1880
794 286 257 863
800 287 257 1687
803 288 257 1311
805 289 257 1045
806 290 257 670
808 291 257 909
809 292 257 588
811 293 257 1067
812 294 257 639
813 295 257 534
817 297 257 220
817 296 257 1391
820 298 257 1281
820 299 257 105
823 300 257 1236
829 301 257 1687
831 302 257 989
831 303 257 396
832 304 257 682
834 305 257 1096
834 306 257 409
