5 0 793 1582
7 1 793 1040
8 2 793 637
8 3 793 489
10 4 793 909
10 5 793 478
11 7 793 424
11 8 793 268
11 6 793 511
14 9 793 1268
21 10 793 1727
26 11 793 1541
33 12 793 1726
33 13 793 234
35 16 793 98
35 14 793 944
35 15 793 252
38 17 793 1331
40 18 793 1057
45 19 793 1571
45 20 793 88
45 21 793 200
54 22 793 1799
63 23 793 1806
69 24 793 1682
69 25 793 56
74 26 793 1537
77 27 793 1201
87 28 793 1836
88 29 793 531
98 30 793 1849
103 31 793 1502
104 32 793 499
109 33 793 1596
110 34 793 845
111 35 793 569
115 36 793 1428
115 37 793 7
120 38 793 1562
122 39 793 1090
124 40 793 980
125 41 793 555
125 42 793 469
130 43 793 1604
134 44 793 1385
139 45 793 1559
141 46 793 949
142 48 793 461
142 47 793 583
150 49 793 1778
162 50 793 1877
164 51 793 928
165 52 793 532
169 53 793 1368
172 54 793 1156
176 55 793 1382
179 56 793 1166
180 57 793 756
181 58 793 731
182 59 793 852
183 60 793 866
186 61 793 1234
187 62 793 513
193 63 793 1662
196 64 793 1343
196 65 793 225
198 66 793 1041
198 67 793 130
201 69 793 374
201 68 793 1313
202 70 793 748
202 71 793 91
209 72 793 1693
222 73 793 1892
223 74 793 591
227 75 793 1458
233 79 793 122
233 78 793 421
233 76 793 1655
233 77 793 194
235 80 793 1031
237 81 793 953
238 82 793 740
238 83 793 57
239 84 793 579
241 85 793 921
243 86 793 970
245 88 793 440
245 87 793 1056
249 89 793 1388
252 90 793 1328
253 91 793 672
256 92 793 1200
257 93 793 710
257 94 793 223
263 96 793 42
263 95 793 1670
264 98 793 261
264 97 793 732
267 99 793 1159
268 100 793 518
269 101 793 819
272 102 793 1194
272 103 793 86
274 104 793 1030
282 105 793 1785
285 106 793 1159
286 107 793 565
287 108 793 777
293 109 793 1623
299 110 793 1651
301 111 793 971
301 112 793 334
302 113 793 609
309 114 793 1745
319 117 793 455
319 115 793 1837
319 116 793 494
321 118 793 1083
321 119 793 422
324 120 793 1179
340 121 793 1910
346 122 793 1615
356 123 793 1850
358 124 793 971
358 125 793 75
359 126 793 816
361 127 793 983
367 128 793 1668
368 129 793 845
372 130 793 1415
374 131 793 923
385 132 793 1858
388 133 793 1186
393 134 793 1529
393 135 793 212
399 136 793 1684
400 137 793 653
402 138 793 952
403 139 793 718
409 140 793 1686
409 141 793 405
409 142 793 278
410 143 793 741
416 144 793 1661
416 145 793 356
416 146 793 337
417 147 793 590
419 149 793 310
419 148 793 889
422 150 793 1176
427 151 793 1511
432 152 793 1573
440 153 793 1763
455 154 793 1905
456 155 793 532
458 156 793 1129
461 157 793 1268
463 158 793 1040
465 159 793 954
467 160 793 968
467 161 793 175
468 162 793 821
479 163 793 1856
479 164 793 207
480 165 793 728
482 166 793 1038
484 167 793 1073
486 168 793 1004
491 169 793 1533
491 170 793 153
499 171 793 1766
503 172 793 1428
503 173 793 364
504 174 793 660
505 175 793 774
511 176 793 1631
513 177 793 873
513 178 793 189
514 179 793 614
520 182 793 94
520 180 793 1662
520 181 793 225
524 183 793 1357
529 184 793 1594
539 185 793 1829
542 186 793 1274
542 187 793 94
545 188 793 1206
547 189 793 996
549 191 793 416
549 190 793 1007
554 192 793 1537
575 193 793 1922
581 194 793 1675
586 195 793 1510
591 196 793 1509
591 197 793 346
592 198 793 534
594 199 793 933
597 200 793 1242
600 201 793 1189
605 202 793 1511
608 203 793 1280
608 204 793 157
611 205 793 1335
611 206 793 83
614 207 793 1209
616 208 793 1103
618 209 793 1130
619 211 793 255
619 210 793 826
621 212 793 1079
621 213 793 425
624 214 793 1217
625 215 793 742
625 216 793 81
629 217 793 1388
629 218 793 262
629 219 793 302
633 220 793 1378
635 221 793 943
643 222 793 1791
643 223 793 7
644 224 793 525
650 225 793 1661
650 226 793 228
654 227 793 1431
655 228 793 613
657 229 793 1074
660 230 793 1190
663 231 793 1284
663 232 793 338
666 233 793 1180
669 234 793 1296
669 235 793 473
670 236 793 639
671 237 793 738
674 239 793 259
674 238 793 1200
681 240 793 1746
681 241 793 65
683 242 793 916
683 243 793 75
683 244 793 170
684 245 793 751
687 246 793 1261
689 247 793 1111
690 248 793 704
692 249 793 933
696 250 793 1429
696 251 793 120
696 252 793 84
696 253 793 231
700 254 793 1480
700 255 793 299
703 256 793 1323
708 257 793 1503
709 259 793 420
709 258 793 754
711 260 793 1106
712 261 793 576
713 262 793 595
713 263 793 28
724 264 793 1865
728 265 793 1466
738 266 793 1842
747 267 793 1824
749 268 793 1054
750 269 793 744
750 270 793 102
753 271 793 1267
753 272 793 188
753 273 793 3
753 274 793 481
756 275 793 1312
756 276 793 26
763 277 793 1715
771 278 793 1761
778 279 793 1698
778 280 793 400
780 281 793 1041
781 282 793 726
786 283 793 1605
791 284 793 1570
793 285 793 1069
796 287 793 106
796 286 793 1200
802 288 793 1624
804 289 793 997
806 290 793 1075
808 291 793 1061
824 292 793 1909
825 293 793 779
827 294 793 1077
830 295 793 1169
834 296 793 1394
836 297 793 888
836 298 793 135
837 299 793 629
838 300 793 834
842 301 793 1362
842 302 793 57
854 303 793 1885
855 305 793 162
855 304 793 830
866 306 793 1857
