1 0 1861 543
4 1 1861 1154
6 2 1861 1037
9 3 1861 1316
10 4 1861 530
12 5 1861 873
12 6 1861 182
18 7 1861 1631
19 8 1861 828
25 9 1861 1666
25 10 1861 174
27 11 1861 1073
27 12 1861 480
30 13 1861 1255
32 14 1861 874
34 15 1861 1022
42 17 1861 122
42 18 1861 25
42 16 1861 1774
44 19 1861 1015
48 20 1861 1378
51 21 1861 1217
52 22 1861 723
53 23 1861 524
62 24 1861 1817
63 26 1861 250
63 25 1861 814
64 27 1861 615
65 28 1861 814
67 29 1861 996
68 30 1861 511
68 31 1861 440
68 32 1861 459
69 33 1861 766
73 34 1861 1491
73 35 1861 273
76 39 1861 472
76 38 1861 194
76 37 1861 448
76 36 1861 1324
80 40 1861 1363
80 41 1861 10
85 42 1861 1587
85 43 1861 58
88 44 1861 1274
90 45 1861 1110
95 46 1861 1536
97 47 1861 952
99 48 1861 1119
99 49 1861 415
99 50 1861 389
106 51 1861 1736
107 52 1861 581
107 53 1861 84
107 54 1861 278
110 56 1861 431
110 55 1861 1251
111 57 1861 512
115 58 1861 1423
121 59 1861 1640
122 60 1861 622
126 61 1861 1492
127 62 1861 817
135 63 1861 1757
138 64 1861 1155
144 65 1861 1659
145 66 1861 613
151 67 1861 1639
157 68 1861 1689
158 69 1861 601
164 70 1861 1622
167 71 1861 1326
177 72 1861 1853
181 73 1861 1478
186 74 1861 1577
190 75 1861 1367
195 76 1861 1554
196 77 1861 664
199 78 1861 1174
200 79 1861 707
203 80 1861 1203
206 81 1861 1222
210 82 1861 1420
210 83 1861 398
211 84 1861 607
212 85 1861 700
220 86 1861 1783
220 87 1861 375
220 88 1861 487
220 89 1861 240
228 90 1861 1766
229 91 1861 811
231 92 1861 949
231 93 1861 478
239 94 1861 1774
247 95 1861 1795
249 96 1861 1118
257 97 1861 1755
258 98 1861 828
263 99 1861 1540
263 100 1861 496
272 101 1861 1822
275 102 1861 1188
276 103 1861 518
277 104 1861 717
279 105 1861 988
288 106 1861 1808
290 107 1861 1028
290 108 1861 432
291 109 1861 836
297 110 1861 1621
304 111 1861 1691
307 112 1861 1263
308 114 1861 437
308 113 1861 716
311 115 1861 1324
311 116 1861 72
311 117 1861 418
314 118 1861 1149
314 119 1861 454
323 120 1861 1800
323 121 1861 237
326 122 1861 1151
330 123 1861 1449
331 124 1861 759
332 125 1861 811
332 126 1861 376
336 127 1861 1374
342 128 1861 1628
349 129 1861 1706
349 130 1861 249
356 131 1861 1723
364 132 1861 1761
369 134 1861 210
369 133 1861 1559
372 135 1861 1305
372 136 1861 34
374 137 1861 901
379 138 1861 1606
384 139 1861 1543
385 140 1861 817
386 141 1861 755
397 142 1861 1868
402 143 1861 1576
403 144 1861 543
403 145 1861 74
407 146 1861 1473
407 147 1861 233
407 148 1861 41
407 149 1861 449
414 150 1861 1723
415 151 1861 700
416 153 1861 373
416 152 1861 605
422 154 1861 1664
422 155 1861 258
423 156 1861 670
429 157 1861 1664
435 158 1861 1683
445 159 1861 1831
446 161 1861 433
446 160 1861 612
449 162 1861 1324
450 163 1861 650
451 164 1861 587
460 165 1861 1823
471 166 1861 1855
477 167 1861 1629
478 168 1861 505
480 169 1861 1056
483 170 1861 1290
485 171 1861 1095
486 172 1861 737
491 173 1861 1531
496 174 1861 1562
498 175 1861 1045
498 176 1861 294
503 177 1861 1500
505 178 1861 905
506 179 1861 684
509 181 1861 142
509 180 1861 1262
512 182 1861 1333
515 183 1861 1179
530 184 1861 1908
534 185 1861 1473
536 186 1861 1117
540 187 1861 1388
549 188 1861 1819
561 189 1861 1876
562 191 1861 295
562 190 1861 635
565 192 1861 1142
572 193 1861 1699
574 194 1861 931
574 195 1861 383
578 196 1861 1356
581 197 1861 1218
583 198 1861 989
584 200 1861 144
584 199 1861 644
592 201 1861 1769
598 202 1861 1652
600 203 1861 909
602 204 1861 1084
603 205 1861 628
616 206 1861 1888
618 207 1861 999
619 208 1861 735
620 209 1861 619
633 210 1861 1889
635 211 1861 1095
636 212 1861 758
638 213 1861 999
639 214 1861 568
639 215 1861 469
641 216 1861 1024
641 217 1861 144
642 218 1861 667
644 219 1861 1038
645 220 1861 705
645 221 1861 467
652 222 1861 1735
653 223 1861 554
653 224 1861 421
655 225 1861 994
667 226 1861 1877
669 227 1861 962
670 228 1861 599
673 229 1861 1178
679 230 1861 1614
681 231 1861 1001
682 232 1861 511
682 233 1861 261
683 234 1861 540
687 235 1861 1418
687 236 1861 414
687 237 1861 423
687 238 1861 95
690 239 1861 1279
695 240 1861 1510
695 241 1861 117
696 242 1861 652
699 243 1861 1199
715 244 1861 1912
719 245 1861 1465
723 246 1861 1462
723 247 1861 143
725 249 1861 461
725 248 1861 1130
728 250 1861 1284
731 251 1861 1211
732 252 1861 550
744 253 1861 1875
755 254 1861 1863
760 255 1861 1602
760 256 1861 34
762 259 1861 89
762 258 1861 488
762 257 1861 1098
763 260 1861 676
765 261 1861 926
765 262 1861 399
769 263 1861 1481
771 264 1861 930
773 265 1861 887
774 268 1861 459
774 267 1861 496
774 266 1861 583
776 269 1861 1075
776 270 1861 55
777 271 1861 600
777 272 1861 49
780 273 1861 1312
784 274 1861 1453
785 275 1861 587
792 276 1861 1739
793 277 1861 535
794 278 1861 567
796 279 1861 881
800 280 1861 1457
807 281 1861 1733
815 282 1861 1756
815 283 1861 138
824 285 1861 403
824 286 1861 450
824 284 1861 1819
825 287 1861 560
825 288 1861 322
826 289 1861 862
830 290 1861 1384
833 291 1861 1241
844 292 1861 1860
844 293 1861 5
845 294 1861 603
846 295 1861 584
852 296 1861 1643
854 297 1861 1096
854 298 1861 269
856 299 1861 1024
858 300 1861 881
860 301 1861 965
866 303 1861 55
866 302 1861 1609
866 304 1861 406
867 305 1861 683
870 306 1861 1161
