2 0 1595 953
26 1 1595 1923
31 2 1595 1521
33 3 1595 1095
35 4 1595 1058
37 5 1595 969
39 6 1595 902
40 7 1595 845
42 8 1595 1117
44 9 1595 1115
44 10 1595 271
44 11 1595 198
47 12 1595 1283
47 13 1595 103
47 14 1595 166
48 15 1595 780
49 16 1595 646
49 17 1595 321
57 18 1595 1766
60 19 1595 1156
67 20 1595 1711
71 21 1595 1494
78 22 1595 1726
78 23 1595 180
83 24 1595 1554
86 25 1595 1306
88 26 1595 1027
89 27 1595 500
92 28 1595 1161
93 29 1595 682
105 30 1595 1879
107 31 1595 1027
108 32 1595 513
111 33 1595 1331
112 34 1595 733
115 35 1595 1289
117 36 1595 1132
120 38 1595 140
120 37 1595 1147
121 39 1595 789
122 40 1595 723
125 41 1595 1198
128 42 1595 1147
132 43 1595 1396
133 44 1595 557
144 45 1595 1871
146 46 1595 883
155 47 1595 1815
163 48 1595 1751
166 49 1595 1310
170 50 1595 1424
176 51 1595 1662
176 52 1595 337
178 53 1595 1050
178 54 1595 128
182 55 1595 1383
182 56 1595 196
185 57 1595 1341
189 58 1595 1466
195 59 1595 1676
206 60 1595 1867
206 61 1595 401
212 62 1595 1609
212 63 1595 435
215 64 1595 1161
218 65 1595 1168
224 66 1595 1610
236 67 1595 1877
239 68 1595 1294
240 69 1595 801
245 70 1595 1573
249 71 1595 1424
249 72 1595 180
251 73 1595 977
251 74 1595 432
252 77 1595 330
252 76 1595 347
252 75 1595 512
257 78 1595 1548
263 79 1595 1607
263 80 1595 423
265 81 1595 1136
266 82 1595 674
274 83 1595 1775
277 85 1595 217
277 84 1595 1182
278 86 1595 689
282 87 1595 1387
285 88 1595 1202
288 89 1595 1274
290 90 1595 1092
297 91 1595 1716
302 92 1595 1605
302 93 1595 389
303 95 1595 321
303 94 1595 847
308 96 1595 1513
309 97 1595 712
309 98 1595 235
312 99 1595 1313
312 100 1595 261
314 101 1595 930
315 102 1595 521
317 103 1595 949
323 105 1595 0
323 104 1595 1661
327 106 1595 1481
330 107 1595 1285
331 108 1595 617
336 109 1595 1540
338 110 1595 1036
346 111 1595 1791
353 112 1595 1718
361 113 1595 1783
364 114 1595 1253
365 115 1595 730
371 116 1595 1651
379 117 1595 1759
382 118 1595 1177
384 119 1595 943
384 120 1595 479
384 121 1595 222
385 123 1595 20
385 122 1595 674
391 124 1595 1633
399 125 1595 1782
406 126 1595 1743
413 127 1595 1716
413 128 1595 130
413 129 1595 111
415 130 1595 923
420 132 1595 95
420 133 1595 234
420 131 1595 1559
424 134 1595 1345
428 135 1595 1417
429 136 1595 614
435 137 1595 1650
435 138 1595 113
438 139 1595 1181
439 140 1595 660
442 141 1595 1329
443 142 1595 769
448 143 1595 1587
448 144 1595 237
451 145 1595 1226
473 146 1595 1922
480 147 1595 1747
482 148 1595 1061
482 149 1595 116
483 150 1595 595
489 151 1595 1679
493 152 1595 1459
496 153 1595 1216
497 154 1595 833
497 155 1595 39
497 156 1595 256
498 157 1595 501
501 158 1595 1240
510 159 1595 1804
510 160 1595 181
517 161 1595 1690
520 162 1595 1154
521 163 1595 506
522 164 1595 617
526 165 1595 1401
533 166 1595 1695
537 167 1595 1483
537 168 1595 437
545 169 1595 1760
545 170 1595 116
545 171 1595 1
551 172 1595 1645
571 173 1595 1920
571 174 1595 283
573 175 1595 1075
577 176 1595 1377
579 177 1595 1012
586 178 1595 1707
586 179 1595 407
594 180 1595 1784
614 181 1595 1921
615 183 1595 14
615 182 1595 654
619 184 1595 1441
622 185 1595 1168
622 186 1595 100
623 187 1595 804
626 188 1595 1326
629 189 1595 1306
632 193 1595 234
632 192 1595 409
632 191 1595 113
632 190 1595 1161
634 194 1595 999
636 195 1595 894
636 196 1595 175
636 197 1595 262
638 198 1595 970
639 199 1595 761
643 201 1595 439
643 200 1595 1455
646 202 1595 1309
649 203 1595 1225
688 204 1595 1924
689 205 1595 593
689 206 1595 34
693 207 1595 1463
695 208 1595 933
701 209 1595 1683
702 210 1595 586
705 211 1595 1168
706 212 1595 718
707 213 1595 833
707 214 1595 19
707 215 1595 185
709 216 1595 1035
711 217 1595 1139
713 218 1595 990
717 219 1595 1373
720 220 1595 1301
722 221 1595 891
722 222 1595 157
724 223 1595 1056
725 224 1595 599
725 225 1595 2
730 226 1595 1517
734 227 1595 1410
736 228 1595 920
739 229 1595 1313
741 230 1595 900
743 231 1595 1114
743 232 1595 42
745 233 1595 946
747 234 1595 876
751 235 1595 1345
752 236 1595 612
756 237 1595 1354
756 238 1595 14
757 239 1595 847
759 240 1595 1133
760 241 1595 562
769 242 1595 1796
774 243 1595 1567
775 244 1595 720
793 245 1595 1917
796 246 1595 1320
801 247 1595 1500
801 248 1595 215
802 249 1595 814
810 250 1595 1784
812 251 1595 960
815 252 1595 1197
820 253 1595 1521
824 254 1595 1384
825 255 1595 564
825 256 1595 282
825 257 1595 252
826 258 1595 626
848 259 1595 1922
850 260 1595 1000
851 261 1595 549
852 262 1595 542
857 263 1595 1544
858 264 1595 783
862 265 1595 1396
864 266 1595 1126
871 267 1595 1697
883 268 1595 1881
884 269 1595 599
889 270 1595 1498
894 271 1595 1606
896 272 1595 1124
896 273 1595 142
896 274 1595 239
897 275 1595 738
899 276 1595 1020
900 278 1595 336
900 277 1595 514
901 279 1595 607
902 280 1595 607
902 281 1595 16
905 282 1595 1195
905 283 1595 106
909 284 1595 1454
920 285 1595 1864
930 287 1595 445
930 286 1595 1842
934 288 1595 1486
934 289 1595 312
936 290 1595 1062
936 291 1595 359
937 292 1595 728
937 293 1595 17
945 294 1595 1771
946 296 1595 19
946 297 1595 251
946 295 1595 584
947 298 1595 784
950 299 1595 1248
951 300 1595 790
956 301 1595 1547
961 302 1595 1543
966 303 1595 1540
969 305 1595 177
969 304 1595 1241
977 306 1595 1760
