1 0 1511 852
2 1 1511 838
9 2 1511 1724
9 3 1511 462
16 4 1511 1729
16 5 1511 196
18 6 1511 988
21 7 1511 1149
23 8 1511 897
27 9 1511 1391
29 10 1511 1125
32 11 1511 1189
32 12 1511 219
33 13 1511 850
49 14 1511 1910
52 15 1511 1208
52 16 1511 6
53 17 1511 590
54 18 1511 813
74 19 1511 1921
82 20 1511 1763
94 21 1511 1873
96 22 1511 1134
96 23 1511 339
104 25 1511 217
104 26 1511 2
104 24 1511 1756
106 27 1511 923
108 28 1511 1023
114 29 1511 1667
114 30 1511 64
114 31 1511 119
117 32 1511 1223
120 33 1511 1159
122 34 1511 958
128 35 1511 1679
129 37 1511 484
129 36 1511 834
130 38 1511 594
130 39 1511 280
132 40 1511 1026
132 41 1511 431
133 42 1511 866
137 43 1511 1449
138 45 1511 389
138 44 1511 501
139 46 1511 758
143 47 1511 1469
143 48 1511 150
149 49 1511 1636
149 50 1511 299
150 51 1511 714
153 53 1511 364
153 52 1511 1239
154 54 1511 808
156 55 1511 904
162 56 1511 1629
166 57 1511 1384
167 58 1511 631
172 59 1511 1511
172 60 1511 194
172 61 1511 64
172 62 1511 126
175 63 1511 1154
178 64 1511 1327
180 65 1511 1005
193 66 1511 1891
195 67 1511 985
204 68 1511 1817
204 69 1511 230
204 70 1511 374
208 71 1511 1446
228 72 1511 1921
229 73 1511 532
231 74 1511 894
234 75 1511 1331
236 76 1511 1006
242 77 1511 1609
250 78 1511 1763
254 79 1511 1366
258 80 1511 1383
258 81 1511 458
259 82 1511 773
262 83 1511 1311
266 84 1511 1367
269 85 1511 1274
270 86 1511 805
271 87 1511 859
271 88 1511 350
271 89 1511 53
271 90 1511 50
275 91 1511 1374
283 92 1511 1778
285 94 1511 86
285 93 1511 1007
287 95 1511 962
287 96 1511 305
293 97 1511 1637
293 98 1511 121
297 99 1511 1420
297 100 1511 423
304 101 1511 1697
309 102 1511 1576
319 103 1511 1844
322 104 1511 1262
323 105 1511 778
324 106 1511 718
325 107 1511 706
329 108 1511 1395
333 109 1511 1401
342 110 1511 1823
342 111 1511 19
347 112 1511 1546
350 114 1511 128
350 113 1511 1190
356 115 1511 1661
359 116 1511 1215
360 117 1511 739
367 118 1511 1711
367 119 1511 53
367 120 1511 200
369 121 1511 1032
370 122 1511 635
378 124 1511 180
378 123 1511 1763
380 125 1511 925
385 126 1511 1593
387 127 1511 913
387 128 1511 446
398 129 1511 1856
400 130 1511 1025
403 131 1511 1293
407 133 1511 342
407 132 1511 1487
409 134 1511 943
415 135 1511 1610
416 136 1511 806
417 137 1511 854
417 138 1511 49
418 139 1511 589
419 141 1511 98
419 140 1511 555
423 142 1511 1388
425 143 1511 873
425 144 1511 155
425 145 1511 30
433 146 1511 1752
434 147 1511 588
436 148 1511 879
436 149 1511 350
442 150 1511 1671
446 151 1511 1491
456 153 1511 68
456 152 1511 1851
459 154 1511 1219
462 155 1511 1315
464 156 1511 1062
471 157 1511 1738
477 158 1511 1663
477 159 1511 336
479 160 1511 1110
486 162 1511 260
486 161 1511 1730
490 163 1511 1463
490 164 1511 376
491 165 1511 529
491 166 1511 457
494 167 1511 1204
494 168 1511 246
494 169 1511 442
495 171 1511 361
495 170 1511 854
496 172 1511 689
498 173 1511 1121
502 174 1511 1422
502 175 1511 101
507 176 1511 1568
513 177 1511 1686
519 179 1511 150
519 178 1511 1608
521 180 1511 1098
523 181 1511 1004
523 182 1511 33
523 183 1511 95
523 184 1511 185
527 185 1511 1458
531 186 1511 1367
535 187 1511 1419
537 188 1511 1047
542 189 1511 1552
543 190 1511 548
545 191 1511 993
547 192 1511 1115
553 193 1511 1637
557 194 1511 1403
558 195 1511 750
566 196 1511 1763
576 197 1511 1850
576 198 1511 497
581 199 1511 1550
586 200 1511 1498
587 201 1511 548
587 202 1511 341
587 203 1511 436
591 204 1511 1420
594 205 1511 1310
595 206 1511 802
596 207 1511 729
597 208 1511 570
599 209 1511 1118
605 210 1511 1672
608 211 1511 1301
608 212 1511 129
613 213 1511 1513
616 214 1511 1163
616 215 1511 105
623 216 1511 1696
623 217 1511 164
626 218 1511 1278
627 219 1511 842
629 220 1511 1086
631 221 1511 962
631 222 1511 156
632 223 1511 619
641 224 1511 1819
649 225 1511 1786
652 226 1511 1171
654 227 1511 976
660 228 1511 1642
661 230 1511 263
661 229 1511 672
667 231 1511 1642
670 232 1511 1188
670 233 1511 57
671 234 1511 577
672 235 1511 549
673 236 1511 663
678 237 1511 1521
679 238 1511 599
680 239 1511 800
681 240 1511 656
682 241 1511 638
683 242 1511 848
694 243 1511 1854
703 244 1511 1804
706 245 1511 1171
707 246 1511 863
712 248 1511 474
712 247 1511 1526
715 249 1511 1298
717 250 1511 979
722 251 1511 1598
723 252 1511 572
728 253 1511 1580
728 254 1511 463
729 255 1511 535
729 256 1511 391
735 257 1511 1646
736 258 1511 542
741 259 1511 1559
741 260 1511 138
749 261 1511 1750
751 262 1511 1011
760 263 1511 1823
761 266 1511 112
761 267 1511 72
761 264 1511 854
761 265 1511 29
763 268 1511 936
764 269 1511 613
768 270 1511 1367
768 271 1511 174
772 277 1511 227
772 276 1511 114
772 275 1511 448
772 273 1511 477
772 272 1511 1490
772 274 1511 185
773 278 1511 740
774 279 1511 647
776 280 1511 923
781 281 1511 1570
782 283 1511 344
782 282 1511 502
788 284 1511 1618
789 285 1511 590
791 286 1511 1070
796 287 1511 1533
801 288 1511 1518
801 289 1511 41
801 290 1511 158
803 291 1511 941
805 292 1511 979
807 293 1511 965
808 294 1511 661
809 295 1511 830
814 296 1511 1551
816 297 1511 950
818 298 1511 999
826 299 1511 1774
828 300 1511 1059
829 301 1511 791
830 302 1511 589
838 303 1511 1785
849 304 1511 1856
850 305 1511 804
850 306 1511 107
