2 0 1594 953
26 1 1594 1923
31 2 1594 1521
33 3 1594 1095
35 4 1594 1058
37 5 1594 969
39 6 1594 902
40 7 1594 845
42 8 1594 1117
44 9 1594 1115
44 10 1594 271
44 11 1594 198
47 12 1594 1283
47 13 1594 103
47 14 1594 166
48 15 1594 780
49 16 1594 646
49 17 1594 321
57 18 1594 1766
60 19 1594 1156
67 20 1594 1711
71 21 1594 1494
78 22 1594 1726
78 23 1594 180
83 24 1594 1554
86 25 1594 1306
88 26 1594 1027
89 27 1594 500
92 28 1594 1161
93 29 1594 682
105 30 1594 1879
107 31 1594 1027
108 32 1594 513
111 33 1594 1331
112 34 1594 733
115 35 1594 1289
117 36 1594 1132
120 38 1594 140
120 37 1594 1147
121 39 1594 789
122 40 1594 723
125 41 1594 1198
128 42 1594 1147
132 43 1594 1396
133 44 1594 557
144 45 1594 1871
146 46 1594 883
155 47 1594 1815
163 48 1594 1751
166 49 1594 1310
170 50 1594 1424
176 51 1594 1662
176 52 1594 337
178 53 1594 1050
178 54 1594 128
182 55 1594 1383
182 56 1594 196
185 57 1594 1341
189 58 1594 1466
195 59 1594 1676
206 60 1594 1867
206 61 1594 401
212 62 1594 1609
212 63 1594 435
215 64 1594 1161
218 65 1594 1168
224 66 1594 1610
236 67 1594 1877
239 68 1594 1294
240 69 1594 801
245 70 1594 1573
249 71 1594 1424
249 72 1594 180
251 73 1594 977
251 74 1594 432
252 77 1594 330
252 76 1594 347
252 75 1594 512
257 78 1594 1548
263 79 1594 1607
263 80 1594 423
265 81 1594 1136
266 82 1594 674
274 83 1594 1775
277 85 1594 217
277 84 1594 1182
278 86 1594 689
282 87 1594 1387
285 88 1594 1202
288 89 1594 1274
290 90 1594 1092
297 91 1594 1716
302 92 1594 1605
302 93 1594 389
303 95 1594 321
303 94 1594 847
308 96 1594 1513
309 97 1594 712
309 98 1594 235
312 99 1594 1313
312 100 1594 261
314 101 1594 930
315 102 1594 521
317 103 1594 949
323 105 1594 0
323 104 1594 1661
327 106 1594 1481
330 107 1594 1285
331 108 1594 617
336 109 1594 1540
338 110 1594 1036
346 111 1594 1791
353 112 1594 1718
361 113 1594 1783
364 114 1594 1253
365 115 1594 730
371 116 1594 1651
379 117 1594 1759
382 118 1594 1177
384 119 1594 943
384 120 1594 479
384 121 1594 222
385 123 1594 20
385 122 1594 674
391 124 1594 1633
399 125 1594 1782
406 126 1594 1743
413 127 1594 1716
413 128 1594 130
413 129 1594 111
415 130 1594 923
420 132 1594 95
420 133 1594 234
420 131 1594 1559
424 134 1594 1345
428 135 1594 1417
429 136 1594 614
435 137 1594 1650
435 138 1594 113
438 139 1594 1181
439 140 1594 660
442 141 1594 1329
443 142 1594 769
448 143 1594 1587
448 144 1594 237
451 145 1594 1226
473 146 1594 1922
480 147 1594 1747
482 148 1594 1061
482 149 1594 116
483 150 1594 595
489 151 1594 1679
493 152 1594 1459
496 153 1594 1216
497 154 1594 833
497 155 1594 39
497 156 1594 256
498 157 1594 501
501 158 1594 1240
510 159 1594 1804
510 160 1594 181
517 161 1594 1690
520 162 1594 1154
521 163 1594 506
522 164 1594 617
526 165 1594 1401
533 166 1594 1695
537 167 1594 1483
537 168 1594 437
545 169 1594 1760
545 170 1594 116
545 171 1594 1
551 172 1594 1645
571 173 1594 1920
571 174 1594 283
573 175 1594 1075
577 176 1594 1377
579 177 1594 1012
586 178 1594 1707
586 179 1594 407
594 180 1594 1784
614 181 1594 1921
615 183 1594 14
615 182 1594 654
619 184 1594 1441
622 185 1594 1168
622 186 1594 100
623 187 1594 804
626 188 1594 1326
629 189 1594 1306
632 193 1594 234
632 192 1594 409
632 191 1594 113
632 190 1594 1161
634 194 1594 999
636 195 1594 894
636 196 1594 175
636 197 1594 262
638 198 1594 970
639 199 1594 761
643 201 1594 439
643 200 1594 1455
646 202 1594 1309
649 203 1594 1225
688 204 1594 1924
689 205 1594 593
689 206 1594 34
693 207 1594 1463
695 208 1594 933
701 209 1594 1683
702 210 1594 586
705 211 1594 1168
706 212 1594 718
707 213 1594 833
707 214 1594 19
707 215 1594 185
709 216 1594 1035
711 217 1594 1139
713 218 1594 990
717 219 1594 1373
720 220 1594 1301
722 221 1594 891
722 222 1594 157
724 223 1594 1056
725 224 1594 599
725 225 1594 2
730 226 1594 1517
734 227 1594 1410
736 228 1594 920
739 229 1594 1313
741 230 1594 900
743 231 1594 1114
743 232 1594 42
745 233 1594 946
747 234 1594 876
751 235 1594 1345
752 236 1594 612
756 237 1594 1354
756 238 1594 14
757 239 1594 847
759 240 1594 1133
760 241 1594 562
769 242 1594 1796
774 243 1594 1567
775 244 1594 720
793 245 1594 1917
796 246 1594 1320
801 247 1594 1500
801 248 1594 215
802 249 1594 814
810 250 1594 1784
812 251 1594 960
815 252 1594 1197
820 253 1594 1521
824 254 1594 1384
825 255 1594 564
825 256 1594 282
825 257 1594 252
826 258 1594 626
848 259 1594 1922
850 260 1594 1000
851 261 1594 549
852 262 1594 542
857 263 1594 1544
858 264 1594 783
862 265 1594 1396
864 266 1594 1126
871 267 1594 1697
883 268 1594 1881
884 269 1594 599
889 270 1594 1498
894 271 1594 1606
896 272 1594 1124
896 273 1594 142
896 274 1594 239
897 275 1594 738
899 276 1594 1020
900 278 1594 336
900 277 1594 514
901 279 1594 607
902 280 1594 607
902 281 1594 16
905 282 1594 1195
905 283 1594 106
909 284 1594 1454
920 285 1594 1864
930 287 1594 445
930 286 1594 1842
934 288 1594 1486
934 289 1594 312
936 290 1594 1062
936 291 1594 359
937 292 1594 728
937 293 1594 17
945 294 1594 1771
946 296 1594 19
946 297 1594 251
946 295 1594 584
947 298 1594 784
950 299 1594 1248
951 300 1594 790
956 301 1594 1547
961 302 1594 1543
966 303 1594 1540
969 305 1594 177
969 304 1594 1241
977 306 1594 1760
