1 0 1200 708
2 1 1200 746
3 2 1200 670
3 3 1200 451
8 4 1200 1584
9 5 1200 759
11 6 1200 883
11 7 1200 353
17 8 1200 1618
19 9 1200 1072
23 10 1200 1410
24 11 1200 773
27 12 1200 1244
28 13 1200 657
29 14 1200 544
30 15 1200 804
41 16 1200 1865
44 17 1200 1211
45 18 1200 805
47 19 1200 1003
53 20 1200 1675
55 21 1200 887
56 22 1200 783
57 23 1200 728
65 24 1200 1774
73 25 1200 1775
77 27 1200 115
77 26 1200 1379
82 28 1200 1507
83 29 1200 848
85 30 1200 954
87 31 1200 909
87 32 1200 402
87 33 1200 48
87 34 1200 457
89 35 1200 1124
89 36 1200 228
97 37 1200 1760
104 38 1200 1742
104 39 1200 436
104 40 1200 305
105 41 1200 574
107 42 1200 1098
107 43 1200 84
111 44 1200 1393
116 45 1200 1589
124 46 1200 1776
125 47 1200 794
125 48 1200 174
125 49 1200 111
129 50 1200 1454
134 51 1200 1578
140 52 1200 1626
141 53 1200 791
148 54 1200 1697
155 55 1200 1746
168 56 1200 1888
179 57 1200 1866
180 58 1200 602
187 59 1200 1733
190 60 1200 1305
191 61 1200 768
192 62 1200 770
193 63 1200 769
193 64 1200 117
194 66 1200 370
194 65 1200 500
197 67 1200 1196
197 68 1200 199
200 69 1200 1344
201 70 1200 575
201 71 1200 104
205 72 1200 1393
205 73 1200 368
206 74 1200 698
208 75 1200 1100
215 76 1200 1713
216 77 1200 698
219 78 1200 1260
219 79 1200 185
249 80 1200 1924
250 81 1200 584
261 82 1200 1866
265 83 1200 1396
268 84 1200 1319
271 85 1200 1301
274 86 1200 1207
279 87 1200 1536
279 88 1200 275
280 89 1200 636
283 90 1200 1160
283 91 1200 286
286 92 1200 1158
286 93 1200 9
288 94 1200 1056
292 95 1200 1461
299 96 1200 1729
299 97 1200 329
312 98 1200 1892
314 99 1200 893
317 100 1200 1218
318 101 1200 579
319 102 1200 595
320 103 1200 754
324 104 1200 1460
328 105 1200 1349
328 106 1200 185
331 107 1200 1257
331 108 1200 92
332 109 1200 597
332 110 1200 32
335 111 1200 1189
336 112 1200 606
336 113 1200 416
343 114 1200 1733
344 115 1200 720
345 116 1200 827
348 117 1200 1299
352 118 1200 1375
353 119 1200 741
356 120 1200 1217
357 121 1200 759
359 122 1200 920
363 125 1200 289
363 123 1200 1488
363 124 1200 184
365 126 1200 871
369 127 1200 1383
372 128 1200 1237
375 129 1200 1161
378 130 1200 1296
382 131 1200 1384
383 133 1200 367
383 132 1200 731
385 134 1200 891
388 135 1200 1344
405 136 1200 1914
407 137 1200 1112
418 138 1200 1860
431 139 1200 1895
433 140 1200 1116
445 141 1200 1874
449 142 1200 1443
454 143 1200 1603
455 144 1200 603
469 145 1200 1896
474 146 1200 1605
475 147 1200 741
475 148 1200 200
475 149 1200 335
476 151 1200 429
476 150 1200 634
478 152 1200 878
481 153 1200 1150
486 154 1200 1600
486 155 1200 458
491 156 1200 1584
493 157 1200 1032
494 158 1200 570
497 159 1200 1171
497 160 1200 477
498 162 1200 20
498 161 1200 726
499 163 1200 856
502 164 1200 1225
503 165 1200 573
503 166 1200 457
503 167 1200 239
507 168 1200 1450
507 169 1200 388
508 170 1200 731
514 171 1200 1640
518 172 1200 1364
522 173 1200 1405
527 174 1200 1550
530 175 1200 1267
533 176 1200 1240
536 177 1200 1241
538 178 1200 884
538 179 1200 212
539 181 1200 130
539 180 1200 608
542 182 1200 1183
544 183 1200 901
545 184 1200 526
546 185 1200 866
547 186 1200 505
552 187 1200 1505
553 189 1200 433
553 188 1200 691
559 190 1200 1685
561 191 1200 882
562 192 1200 542
563 193 1200 688
567 194 1200 1417
567 195 1200 389
578 196 1200 1854
579 197 1200 587
579 198 1200 378
579 199 1200 30
583 200 1200 1438
587 201 1200 1366
590 202 1200 1216
597 203 1200 1737
602 204 1200 1529
604 205 1200 919
606 206 1200 990
610 207 1200 1398
615 208 1200 1525
615 209 1200 332
618 213 1200 357
618 212 1200 147
618 210 1200 1142
618 211 1200 343
619 214 1200 562
619 215 1200 347
623 216 1200 1468
625 217 1200 1044
625 218 1200 329
625 219 1200 358
625 220 1200 67
627 221 1200 877
631 222 1200 1472
633 223 1200 1017
634 224 1200 628
642 225 1200 1774
644 226 1200 1098
645 227 1200 675
661 228 1200 1912
664 229 1200 1160
667 230 1200 1338
668 231 1200 653
669 232 1200 863
670 233 1200 854
671 234 1200 699
674 235 1200 1167
675 236 1200 838
679 237 1200 1370
682 238 1200 1296
687 239 1200 1532
696 240 1200 1801
698 241 1200 1031
713 242 1200 1904
713 243 1200 359
716 244 1200 1215
719 245 1200 1341
720 246 1200 734
720 247 1200 184
720 248 1200 125
722 249 1200 1070
723 250 1200 846
724 251 1200 809
724 252 1200 258
724 253 1200 19
737 254 1200 1887
738 255 1200 561
747 256 1200 1818
747 257 1200 199
749 258 1200 1108
755 259 1200 1680
762 260 1200 1746
762 261 1200 315
766 262 1200 1411
766 263 1200 365
768 264 1200 918
768 265 1200 489
772 266 1200 1404
775 267 1200 1218
780 268 1200 1582
783 269 1200 1320
787 270 1200 1433
787 271 1200 97
793 272 1200 1672
794 273 1200 722
794 274 1200 482
796 275 1200 960
798 276 1200 897
800 277 1200 1112
807 278 1200 1726
810 279 1200 1211
812 280 1200 1039
814 281 1200 913
815 282 1200 549
816 283 1200 842
816 284 1200 313
817 285 1200 528
817 286 1200 395
818 287 1200 844
820 288 1200 891
820 289 1200 138
823 290 1200 1273
824 291 1200 639
824 292 1200 262
829 293 1200 1541
836 294 1200 1710
840 295 1200 1485
845 296 1200 1545
850 297 1200 1539
854 298 1200 1365
855 299 1200 725
866 300 1200 1862
870 301 1200 1441
871 302 1200 527
872 303 1200 730
877 304 1200 1561
878 305 1200 749
880 306 1200 1062
