1 0 556 629
1 1 556 425
1 2 556 394
2 3 556 698
2 4 556 340
3 5 556 509
5 6 556 1106
6 7 556 832
6 8 556 462
6 9 556 160
6 10 556 207
7 11 556 820
7 12 556 326
10 13 556 1236
17 14 556 1739
23 15 556 1646
24 16 556 622
26 17 556 1024
33 18 556 1694
36 19 556 1163
42 20 556 1660
43 21 556 551
49 22 556 1617
50 24 556 13
50 25 556 37
50 23 556 855
51 26 556 824
54 27 556 1246
57 28 556 1321
58 29 556 707
58 30 556 357
60 35 556 26
60 36 556 144
60 34 556 45
60 37 556 119
60 32 556 126
60 31 556 974
60 33 556 185
63 38 556 1281
68 39 556 1606
68 40 556 438
69 41 556 513
71 42 556 922
77 43 556 1680
89 44 556 1873
92 45 556 1291
93 46 556 519
104 47 556 1869
106 48 556 999
106 49 556 132
109 50 556 1161
111 51 556 1067
111 52 556 296
112 53 556 705
119 55 556 78
119 54 556 1719
120 56 556 732
124 57 556 1463
125 58 556 684
125 59 556 302
131 60 556 1609
139 61 556 1785
143 62 556 1436
149 63 556 1679
156 64 556 1728
159 65 556 1158
160 66 556 694
160 67 556 141
163 68 556 1191
170 69 556 1713
175 70 556 1502
176 71 556 502
182 72 556 1667
182 73 556 88
183 74 556 725
186 75 556 1146
191 76 556 1553
202 77 556 1862
204 78 556 907
205 79 556 647
209 80 556 1443
211 81 556 880
211 82 556 247
214 83 556 1188
218 84 556 1471
221 85 556 1215
222 86 556 678
226 87 556 1345
226 88 556 390
239 89 556 1892
242 90 556 1219
243 91 556 605
247 92 556 1360
249 93 556 979
270 94 556 1922
271 95 556 577
273 96 556 1002
276 97 556 1168
288 98 556 1877
289 99 556 715
290 100 556 596
290 101 556 377
291 102 556 678
294 103 556 1210
295 104 556 555
296 105 556 658
299 106 556 1325
299 107 556 208
314 108 556 1905
315 109 556 572
315 110 556 449
316 111 556 794
317 112 556 556
317 113 556 36
318 114 556 784
319 115 556 729
324 116 556 1537
324 117 556 247
324 118 556 207
325 119 556 512
325 120 556 479
328 121 556 1274
334 122 556 1675
337 124 556 493
337 123 556 1223
339 125 556 896
341 126 556 1067
342 131 556 385
342 127 556 688
342 128 556 91
342 129 556 147
342 130 556 143
358 133 556 192
358 134 556 51
358 132 556 1910
360 135 556 1065
360 136 556 201
362 137 556 961
363 138 556 633
364 139 556 813
373 140 556 1815
373 141 556 470
377 142 556 1364
384 143 556 1743
388 144 556 1443
388 145 556 424
388 146 556 49
391 147 556 1323
391 148 556 195
394 149 556 1192
396 150 556 965
397 151 556 755
399 152 556 960
403 154 556 235
403 153 556 1364
406 155 556 1247
407 156 556 626
411 157 556 1380
412 158 556 717
417 159 556 1583
422 160 556 1515
423 161 556 637
423 162 556 116
431 165 556 63
431 163 556 1757
431 164 556 429
432 166 556 809
432 167 556 363
448 168 556 1910
454 169 556 1643
455 170 556 528
456 171 556 575
461 172 556 1538
464 173 556 1319
465 174 556 622
465 175 556 9
475 176 556 1834
486 177 556 1857
493 178 556 1705
493 179 556 69
494 180 556 847
500 182 556 493
500 181 556 1668
501 183 556 823
503 184 556 1107
506 185 556 1312
510 186 556 1350
511 187 556 545
523 188 556 1881
524 189 556 728
524 190 556 439
525 192 556 244
525 191 556 746
527 193 556 975
530 194 556 1222
533 195 556 1178
533 196 556 353
538 197 556 1532
541 198 556 1313
545 199 556 1379
550 200 556 1539
556 201 556 1610
559 202 556 1337
559 203 556 476
560 204 556 664
560 205 556 389
562 206 556 1141
567 207 556 1565
568 208 556 741
568 209 556 225
571 210 556 1338
572 211 556 693
577 212 556 1599
578 213 556 647
579 214 556 735
587 215 556 1771
587 216 556 143
590 217 556 1218
591 218 556 650
593 219 556 1041
594 222 556 406
594 220 556 637
594 221 556 263
597 223 556 1182
600 224 556 1204
607 225 556 1706
607 226 556 331
608 227 556 563
608 228 556 97
612 229 556 1369
617 231 556 302
617 230 556 1581
618 232 556 544
618 233 556 326
618 234 556 454
621 235 556 1161
621 236 556 330
621 237 556 16
621 238 556 158
622 240 556 171
622 239 556 717
629 241 556 1709
636 242 556 1729
642 243 556 1656
645 244 556 1315
651 245 556 1670
653 246 556 1071
658 248 556 239
658 247 556 1521
662 249 556 1375
664 250 556 1034
666 251 556 1059
668 252 556 881
668 253 556 272
669 254 556 741
672 255 556 1275
675 256 556 1203
675 257 556 155
678 258 556 1197
680 260 556 57
680 259 556 882
681 261 556 578
685 262 556 1468
688 263 556 1296
689 264 556 569
691 265 556 1035
691 266 556 149
694 267 556 1273
694 268 556 193
699 269 556 1498
703 270 556 1441
703 271 556 127
705 272 556 1059
716 273 556 1857
718 274 556 870
719 275 556 853
719 276 556 459
720 277 556 675
728 278 556 1791
732 279 556 1458
733 280 556 635
734 281 556 735
734 282 556 323
735 283 556 646
735 284 556 335
736 285 556 521
740 286 556 1345
740 287 556 271
745 288 556 1509
747 289 556 1103
759 290 556 1883
759 291 556 175
760 292 556 743
763 293 556 1201
764 294 556 659
769 296 556 241
769 297 556 432
769 295 556 1517
771 298 556 1087
771 299 556 279
776 300 556 1520
783 301 556 1723
786 302 556 1328
787 303 556 666
798 304 556 1859
800 305 556 906
800 306 556 0
