0 0 413 52
19 1 413 1919
23 2 413 1438
23 3 413 169
30 4 413 1689
31 5 413 714
35 7 413 377
35 8 413 338
35 6 413 1490
44 9 413 1808
44 10 413 301
44 11 413 489
48 12 413 1450
49 13 413 559
49 14 413 30
58 15 413 1808
61 16 413 1205
63 18 413 97
63 17 413 1140
64 19 413 762
69 20 413 1536
69 21 413 143
83 22 413 1896
88 23 413 1502
88 24 413 344
97 25 413 1826
101 26 413 1369
108 27 413 1691
121 28 413 1889
122 29 413 819
128 30 413 1646
129 31 413 765
130 32 413 649
130 33 413 270
131 36 413 165
131 37 413 475
131 34 413 832
131 35 413 144
136 38 413 1595
140 39 413 1356
144 40 413 1433
150 41 413 1651
151 42 413 868
152 43 413 809
154 44 413 1099
159 45 413 1599
161 47 413 241
161 46 413 1141
166 48 413 1591
167 49 413 598
172 50 413 1603
175 51 413 1152
177 52 413 1079
178 53 413 650
179 54 413 756
189 56 413 22
189 55 413 1834
200 57 413 1861
208 58 413 1750
216 59 413 1788
219 60 413 1270
226 61 413 1723
226 62 413 413
230 63 413 1444
230 64 413 162
234 65 413 1461
242 66 413 1764
245 67 413 1180
251 68 413 1652
260 69 413 1811
266 70 413 1642
267 71 413 729
271 72 413 1469
272 73 413 666
275 74 413 1254
284 75 413 1809
287 76 413 1199
289 77 413 1087
289 78 413 403
290 79 413 669
291 80 413 684
293 81 413 1127
293 82 413 100
296 83 413 1290
298 85 413 494
298 84 413 1141
304 86 413 1610
328 87 413 1923
332 88 413 1438
334 89 413 923
334 90 413 122
334 91 413 229
335 92 413 650
342 93 413 1732
342 94 413 85
348 95 413 1634
351 96 413 1237
355 97 413 1348
356 98 413 646
361 99 413 1562
369 100 413 1760
381 101 413 1885
382 102 413 514
389 103 413 1705
391 104 413 880
393 105 413 873
399 106 413 1607
399 107 413 413
402 108 413 1321
404 109 413 871
405 110 413 634
406 111 413 859
410 112 413 1457
412 113 413 1081
414 115 413 142
414 114 413 1103
420 116 413 1623
422 117 413 1048
422 118 413 303
427 119 413 1592
435 120 413 1775
443 121 413 1765
449 122 413 1666
450 123 413 728
456 124 413 1689
460 125 413 1413
460 126 413 79
466 127 413 1662
467 128 413 580
472 129 413 1544
473 130 413 572
481 131 413 1775
481 132 413 440
482 133 413 765
483 134 413 834
484 135 413 723
485 136 413 613
485 137 413 319
485 138 413 410
485 139 413 267
486 140 413 811
489 141 413 1196
490 142 413 601
491 144 413 288
491 143 413 567
494 145 413 1187
495 146 413 697
499 147 413 1493
500 148 413 628
511 149 413 1868
511 150 413 11
511 151 413 189
513 152 413 1045
515 153 413 979
522 154 413 1711
541 155 413 1919
541 156 413 219
548 157 413 1710
548 158 413 16
552 159 413 1392
553 160 413 793
564 161 413 1869
572 162 413 1758
579 164 413 299
579 163 413 1702
580 165 413 784
580 166 413 419
581 167 413 692
581 168 413 247
581 169 413 379
585 170 413 1454
588 171 413 1303
589 173 413 35
589 172 413 638
590 174 413 780
591 175 413 579
594 176 413 1163
596 177 413 1099
596 178 413 439
597 179 413 501
598 180 413 715
599 181 413 511
601 182 413 1033
602 183 413 637
607 184 413 1532
607 185 413 382
608 186 413 730
612 187 413 1386
614 188 413 978
615 189 413 839
616 190 413 504
617 192 413 303
617 191 413 828
619 193 413 942
623 194 413 1399
624 195 413 867
628 196 413 1363
629 197 413 824
629 198 413 268
633 199 413 1429
634 201 413 4
634 200 413 767
637 202 413 1246
637 203 413 248
637 204 413 413
638 205 413 633
642 206 413 1476
644 207 413 1009
644 208 413 198
646 209 413 1132
647 210 413 755
649 211 413 1045
652 212 413 1270
656 213 413 1439
657 214 413 676
657 215 413 281
658 216 413 835
660 217 413 1121
660 218 413 169
670 220 413 53
670 219 413 1841
672 221 413 957
678 222 413 1639
681 223 413 1332
690 224 413 1800
691 225 413 625
693 226 413 999
699 227 413 1620
700 228 413 560
710 229 413 1838
712 231 413 339
712 230 413 1140
713 232 413 830
715 233 413 935
721 234 413 1658
722 235 413 711
725 236 413 1190
726 237 413 785
726 238 413 223
728 239 413 899
729 240 413 831
735 241 413 1645
738 242 413 1188
746 243 413 1770
746 244 413 84
750 245 413 1384
754 246 413 1482
755 247 413 789
755 248 413 266
757 251 413 242
757 250 413 31
757 249 413 1117
758 252 413 655
758 253 413 352
762 254 413 1375
769 255 413 1735
769 256 413 290
779 257 413 1838
779 258 413 373
786 259 413 1712
791 260 413 1558
799 261 413 1781
799 262 413 448
799 263 413 284
817 264 413 1917
817 265 413 416
817 266 413 214
817 267 413 335
824 268 413 1705
837 269 413 1890
839 270 413 1016
839 271 413 50
841 272 413 897
844 273 413 1194
846 274 413 1010
846 275 413 333
853 276 413 1694
861 277 413 1793
864 279 413 416
864 278 413 1248
866 280 413 1068
866 281 413 210
870 282 413 1354
874 283 413 1367
883 284 413 1807
885 285 413 898
891 286 413 1608
891 287 413 478
895 288 413 1484
905 289 413 1848
905 290 413 420
908 291 413 1276
908 292 413 411
908 293 413 435
911 294 413 1265
913 295 413 974
916 296 413 1196
918 297 413 904
926 298 413 1778
931 299 413 1593
934 300 413 1169
937 301 413 1146
939 302 413 1008
939 303 413 300
939 304 413 101
954 305 413 1905
957 306 413 1269
