0 0 709 308
0 1 709 324
4 2 709 1490
4 3 709 305
9 4 709 1564
9 5 709 56
9 6 709 172
11 7 709 930
14 8 709 1338
17 10 709 35
17 9 709 1280
21 11 709 1385
32 12 709 1860
36 13 709 1474
41 14 709 1529
41 15 709 141
46 16 709 1502
47 17 709 523
51 19 709 424
51 18 709 1409
52 20 709 599
54 21 709 984
54 22 709 202
57 23 709 1310
57 24 709 106
58 25 709 655
60 26 709 1100
61 28 709 15
61 27 709 499
65 29 709 1386
72 30 709 1745
75 31 709 1232
77 32 709 1078
78 33 709 566
78 34 709 394
78 35 709 356
87 36 709 1819
95 37 709 1756
98 38 709 1280
100 39 709 974
101 40 709 508
101 41 709 222
103 42 709 1099
110 43 709 1689
111 44 709 730
114 45 709 1231
116 47 709 181
116 46 709 1005
118 48 709 894
119 49 709 554
122 50 709 1143
131 51 709 1797
136 52 709 1546
150 53 709 1896
151 54 709 708
154 58 709 199
154 57 709 179
154 55 709 1248
154 56 709 122
156 59 709 908
158 60 709 880
163 61 709 1597
165 62 709 914
177 63 709 1877
181 64 709 1459
182 66 709 307
182 65 709 728
185 67 709 1293
187 68 709 1079
190 69 709 1172
190 70 709 247
196 71 709 1671
199 72 709 1167
199 73 709 435
209 75 709 377
209 74 709 1840
218 77 709 437
218 76 709 1810
219 78 709 580
220 79 709 799
225 80 709 1575
227 81 709 919
232 82 709 1529
236 83 709 1385
236 84 709 243
248 85 709 1873
254 86 709 1610
256 87 709 1106
264 88 709 1782
266 89 709 1071
266 90 709 234
272 91 709 1639
277 92 709 1556
277 93 709 371
277 94 709 93
278 95 709 835
281 96 709 1232
284 97 709 1147
284 98 709 229
284 99 709 1
286 100 709 924
292 101 709 1636
294 102 709 1026
300 103 709 1647
300 104 709 307
304 105 709 1396
305 106 709 629
307 107 709 1111
307 108 709 56
307 109 709 331
311 110 709 1363
317 111 709 1609
322 112 709 1524
325 113 709 1325
328 114 709 1258
341 116 709 68
341 115 709 1886
345 117 709 1454
351 118 709 1633
356 119 709 1510
358 120 709 1043
360 121 709 1126
364 122 709 1436
364 123 709 8
366 124 709 938
367 126 709 114
367 125 709 532
368 127 709 795
368 128 709 341
370 129 709 1005
372 130 709 1069
373 131 709 662
373 132 709 208
374 133 709 578
383 134 709 1799
394 135 709 1863
403 136 709 1817
412 137 709 1807
414 138 709 1078
415 139 709 772
418 140 709 1244
419 141 709 499
421 142 709 1050
425 143 709 1450
431 144 709 1632
432 145 709 549
432 146 709 115
432 147 709 231
434 148 709 1037
434 149 709 132
435 150 709 767
442 151 709 1703
446 152 709 1438
447 153 709 643
449 154 709 883
456 155 709 1722
456 156 709 200
458 157 709 1018
459 158 709 708
466 159 709 1699
469 160 709 1281
477 161 709 1758
478 162 709 769
480 163 709 975
483 164 709 1187
484 165 709 700
488 166 709 1401
490 167 709 945
494 168 709 1450
497 171 709 185
497 172 709 375
497 169 709 1319
497 170 709 68
498 173 709 861
498 174 709 266
499 175 709 544
499 176 709 76
515 177 709 1910
515 178 709 300
515 179 709 388
515 180 709 417
524 181 709 1808
530 182 709 1683
530 183 709 209
530 184 709 238
533 185 709 1291
536 186 709 1149
540 187 709 1489
546 188 709 1619
546 189 709 76
552 190 709 1663
553 191 709 799
555 192 709 1098
558 193 709 1303
562 194 709 1415
566 195 709 1410
572 196 709 1654
572 197 709 74
572 198 709 263
574 199 709 932
576 200 709 1073
578 201 709 1094
579 202 709 706
585 203 709 1643
585 204 709 63
586 205 709 581
589 206 709 1327
590 207 709 576
590 208 709 377
590 209 709 339
596 211 709 215
596 210 709 1646
597 212 709 717
597 213 709 320
600 214 709 1281
604 215 709 1398
604 216 709 75
605 217 709 559
606 218 709 737
615 219 709 1821
619 220 709 1475
629 221 709 1837
632 222 709 1250
636 223 709 1373
641 224 709 1581
644 225 709 1194
646 226 709 1012
648 227 709 997
652 228 709 1371
653 229 709 781
654 231 709 1
654 230 709 814
660 232 709 1646
663 233 709 1293
666 234 709 1240
669 235 709 1248
671 236 709 1101
671 237 709 39
671 238 709 146
676 239 709 1581
689 240 709 1888
690 241 709 573
692 242 709 1112
695 243 709 1280
695 244 709 355
699 245 709 1448
699 246 709 81
700 247 709 778
700 248 709 21
700 249 709 17
703 250 709 1335
705 251 709 1094
708 252 709 1262
708 253 709 367
712 254 709 1381
715 255 709 1161
723 256 709 1768
726 257 709 1257
726 258 709 61
727 259 709 794
731 261 709 330
731 260 709 1494
733 262 709 1130
738 263 709 1520
742 264 709 1450
748 265 709 1645
748 266 709 493
752 267 709 1349
754 272 709 413
754 271 709 35
754 269 709 33
754 270 709 296
754 268 709 1004
756 273 709 1080
767 274 709 1857
769 275 709 902
770 276 709 724
783 277 709 1895
785 279 709 133
785 278 709 1018
787 280 709 1112
787 281 709 233
789 282 709 975
793 283 709 1353
797 284 709 1371
803 285 709 1645
804 286 709 664
807 287 709 1279
817 289 709 79
817 288 709 1836
821 290 709 1404
829 291 709 1769
843 292 709 1903
846 293 709 1276
846 294 709 87
851 295 709 1558
855 296 709 1368
860 297 709 1516
868 298 709 1755
869 299 709 635
871 300 709 954
872 301 709 656
879 302 709 1699
896 303 709 1913
902 304 709 1646
905 305 709 1299
906 306 709 680
