0 0 1716 464
1 1 1716 832
2 2 1716 761
7 3 1716 1562
10 4 1716 1211
11 5 1716 622
11 6 1716 405
11 7 1716 185
16 8 1716 1597
17 9 1716 755
19 10 1716 896
21 11 1716 1120
25 12 1716 1487
35 13 1716 1834
35 14 1716 145
46 15 1716 1865
47 16 1716 531
58 17 1716 1860
60 18 1716 915
63 19 1716 1175
67 20 1716 1363
69 21 1716 881
74 22 1716 1557
75 23 1716 651
75 24 1716 56
77 25 1716 1001
83 26 1716 1620
90 27 1716 1746
91 28 1716 627
92 29 1716 856
102 30 1716 1839
103 31 1716 504
103 32 1716 183
105 33 1716 902
107 34 1716 1079
109 35 1716 1100
112 36 1716 1240
113 37 1716 732
119 38 1716 1658
125 39 1716 1642
130 40 1716 1495
142 41 1716 1874
146 42 1716 1411
152 43 1716 1654
160 44 1716 1754
161 50 1716 96
161 49 1716 436
161 48 1716 19
161 47 1716 102
161 46 1716 279
161 45 1716 812
164 51 1716 1225
167 52 1716 1176
192 53 1716 1923
192 54 1716 300
197 55 1716 1508
200 57 1716 110
200 56 1716 1200
205 58 1716 1505
205 59 1716 209
207 60 1716 927
208 61 1716 584
212 62 1716 1482
213 63 1716 741
214 64 1716 840
214 65 1716 391
216 66 1716 936
217 67 1716 584
218 68 1716 755
220 69 1716 969
221 70 1716 624
228 71 1716 1723
228 72 1716 202
231 73 1716 1197
236 74 1716 1604
240 75 1716 1413
244 76 1716 1394
253 77 1716 1828
254 78 1716 822
257 79 1716 1169
258 80 1716 721
263 81 1716 1518
270 82 1716 1726
270 83 1716 191
271 84 1716 759
272 85 1716 614
275 87 1716 184
275 86 1716 1253
276 88 1716 602
281 89 1716 1496
290 90 1716 1825
292 91 1716 1130
295 92 1716 1151
299 93 1716 1448
300 94 1716 714
302 96 1716 392
302 95 1716 911
303 97 1716 669
304 98 1716 813
308 99 1716 1362
317 100 1716 1800
323 101 1716 1620
326 102 1716 1271
328 103 1716 975
335 105 1716 297
335 104 1716 1737
337 106 1716 1022
351 107 1716 1903
351 108 1716 319
352 109 1716 811
352 110 1716 113
355 111 1716 1297
358 113 1716 336
358 112 1716 1213
362 114 1716 1412
365 115 1716 1333
366 116 1716 782
369 117 1716 1290
384 118 1716 1907
384 119 1716 226
386 120 1716 1062
387 121 1716 752
402 122 1716 1907
405 123 1716 1184
407 124 1716 1069
411 125 1716 1418
412 126 1716 572
413 127 1716 679
413 128 1716 482
414 129 1716 692
416 130 1716 1021
417 131 1716 724
419 132 1716 1014
423 133 1716 1384
426 134 1716 1294
428 135 1716 1026
428 136 1716 246
429 137 1716 751
429 138 1716 379
429 139 1716 461
434 140 1716 1516
437 141 1716 1275
445 142 1716 1789
452 143 1716 1715
456 144 1716 1382
457 145 1716 528
467 146 1716 1842
468 147 1716 815
468 148 1716 35
471 149 1716 1306
471 150 1716 129
473 151 1716 1026
474 152 1716 687
475 154 1716 299
475 153 1716 586
477 155 1716 1047
483 156 1716 1637
483 157 1716 87
493 158 1716 1831
493 159 1716 318
499 160 1716 1650
499 161 1716 343
503 162 1716 1420
508 163 1716 1551
515 164 1716 1715
518 165 1716 1313
518 166 1716 282
526 167 1716 1753
528 168 1716 966
528 169 1716 386
530 170 1716 1086
530 171 1716 31
532 172 1716 911
536 173 1716 1445
537 174 1716 635
544 175 1716 1712
546 176 1716 887
546 177 1716 191
553 178 1716 1726
554 179 1716 541
559 180 1716 1501
565 181 1716 1681
566 182 1716 643
568 183 1716 1101
569 184 1716 563
588 185 1716 1919
588 186 1716 37
588 187 1716 428
590 188 1716 1084
590 189 1716 246
593 190 1716 1314
593 191 1716 159
594 193 1716 61
594 192 1716 845
595 194 1716 735
598 195 1716 1172
606 196 1716 1779
606 197 1716 237
638 198 1716 1924
638 199 1716 68
638 200 1716 245
638 201 1716 88
646 202 1716 1774
651 203 1716 1574
651 204 1716 219
651 205 1716 98
651 206 1716 114
654 207 1716 1166
666 208 1716 1876
667 209 1716 512
667 210 1716 159
671 212 1716 285
671 211 1716 1445
674 213 1716 1290
675 214 1716 741
688 215 1716 1894
694 216 1716 1625
694 217 1716 318
696 218 1716 988
703 219 1716 1720
706 220 1716 1276
714 221 1716 1778
715 222 1716 669
716 223 1716 719
718 224 1716 996
720 225 1716 927
722 226 1716 1110
723 227 1716 850
724 228 1716 709
728 229 1716 1388
739 230 1716 1857
740 231 1716 650
740 232 1716 192
746 233 1716 1658
746 234 1716 295
750 235 1716 1412
760 236 1716 1832
762 237 1716 994
764 239 1716 465
764 238 1716 882
773 240 1716 1804
774 241 1716 795
774 242 1716 477
775 243 1716 571
775 244 1716 87
783 245 1716 1793
792 246 1716 1799
796 247 1716 1480
799 248 1716 1244
800 249 1716 766
804 250 1716 1471
808 251 1716 1461
811 252 1716 1174
811 253 1716 204
812 254 1716 717
812 255 1716 392
815 256 1716 1344
817 257 1716 1054
818 258 1716 577
821 259 1716 1216
823 260 1716 912
826 261 1716 1189
826 262 1716 456
826 263 1716 487
827 264 1716 580
831 265 1716 1434
834 266 1716 1253
835 267 1716 552
837 268 1716 994
840 269 1716 1253
840 270 1716 62
841 271 1716 631
845 272 1716 1361
846 273 1716 522
856 274 1716 1841
856 275 1716 480
859 277 1716 97
859 276 1716 1301
860 278 1716 632
862 279 1716 1128
864 280 1716 1053
869 281 1716 1555
874 282 1716 1531
885 283 1716 1868
895 285 1716 396
895 284 1716 1841
899 286 1716 1400
915 287 1716 1912
917 288 1716 940
926 289 1716 1828
926 290 1716 68
927 291 1716 777
927 292 1716 416
932 293 1716 1590
936 294 1716 1478
937 295 1716 615
937 296 1716 339
954 297 1716 1914
972 298 1716 1916
973 299 1716 577
974 300 1716 539
977 301 1716 1247
977 302 1716 485
994 303 1716 1915
995 304 1716 704
996 305 1716 840
996 306 1716 99
