9 0 1587 1812
9 1 1587 401
18 2 1587 1805
20 3 1587 1034
21 4 1587 635
22 5 1587 828
23 6 1587 789
29 7 1587 1655
33 8 1587 1474
33 9 1587 477
35 10 1587 990
36 11 1587 788
37 12 1587 686
40 13 1587 1158
40 14 1587 361
40 15 1587 102
42 17 1587 51
42 16 1587 1114
45 18 1587 1242
46 19 1587 773
49 20 1587 1239
49 21 1587 472
59 22 1587 1836
62 23 1587 1297
62 24 1587 387
63 26 1587 239
63 27 1587 266
63 25 1587 864
66 28 1587 1195
68 29 1587 967
71 30 1587 1203
71 31 1587 295
72 32 1587 706
74 33 1587 987
85 34 1587 1866
88 35 1587 1218
91 36 1587 1262
93 37 1587 1088
93 38 1587 46
97 39 1587 1392
98 40 1587 565
100 41 1587 1087
104 42 1587 1357
105 43 1587 782
107 44 1587 980
109 45 1587 1120
111 47 1587 398
111 46 1587 902
112 48 1587 612
114 49 1587 902
115 50 1587 538
118 51 1587 1310
118 52 1587 34
129 53 1587 1868
132 54 1587 1262
135 56 1587 490
135 55 1587 1339
136 57 1587 507
137 58 1587 647
144 59 1587 1695
145 60 1587 588
146 61 1587 522
146 62 1587 460
147 63 1587 506
150 64 1587 1199
151 66 1587 82
151 65 1587 694
157 67 1587 1623
160 68 1587 1216
162 69 1587 1067
163 70 1587 765
163 71 1587 26
163 72 1587 4
171 74 1587 207
171 75 1587 152
171 73 1587 1775
173 76 1587 1040
175 77 1587 1053
175 78 1587 317
178 79 1587 1191
191 80 1587 1887
199 81 1587 1766
204 84 1587 428
204 83 1587 293
204 82 1587 1579
213 85 1587 1818
213 86 1587 261
214 87 1587 762
220 88 1587 1650
221 89 1587 527
222 90 1587 728
223 92 1587 441
223 93 1587 276
223 91 1587 755
224 94 1587 803
224 95 1587 43
225 96 1587 627
226 97 1587 850
231 98 1587 1508
231 99 1587 285
233 100 1587 1038
236 101 1587 1203
238 102 1587 1107
242 103 1587 1469
242 104 1587 137
243 105 1587 512
246 106 1587 1305
246 107 1587 183
252 108 1587 1660
254 109 1587 1110
254 110 1587 298
258 111 1587 1362
258 112 1587 189
262 113 1587 1380
269 114 1587 1732
270 115 1587 747
271 116 1587 868
271 117 1587 166
271 118 1587 78
274 119 1587 1306
274 120 1587 433
277 121 1587 1244
291 122 1587 1898
292 123 1587 689
292 124 1587 339
292 125 1587 10
297 126 1587 1509
303 127 1587 1653
305 128 1587 971
305 129 1587 164
309 131 1587 189
309 130 1587 1449
313 132 1587 1470
313 133 1587 32
313 134 1587 152
314 135 1587 684
315 136 1587 659
315 137 1587 109
315 138 1587 155
325 139 1587 1841
326 140 1587 513
326 141 1587 77
328 142 1587 1026
329 143 1587 540
329 144 1587 228
332 145 1587 1291
333 146 1587 565
335 148 1587 469
335 147 1587 985
335 149 1587 56
337 150 1587 1100
337 151 1587 460
338 153 1587 201
338 152 1587 772
346 154 1587 1776
353 155 1587 1719
356 156 1587 1230
356 157 1587 417
358 158 1587 1130
358 159 1587 127
360 160 1587 927
365 161 1587 1576
367 162 1587 1136
372 163 1587 1496
377 164 1587 1585
377 165 1587 109
386 166 1587 1816
386 167 1587 157
389 168 1587 1228
391 169 1587 1047
391 170 1587 87
392 173 1587 161
392 171 1587 758
392 172 1587 10
393 174 1587 793
393 175 1587 356
393 176 1587 217
397 177 1587 1358
397 178 1587 461
399 179 1587 973
403 180 1587 1369
404 181 1587 523
407 182 1587 1184
409 183 1587 915
411 184 1587 989
413 185 1587 989
416 186 1587 1342
419 188 1587 180
419 189 1587 358
419 187 1587 1269
423 191 1587 241
423 190 1587 1379
425 192 1587 904
425 193 1587 28
427 194 1587 913
428 195 1587 861
429 196 1587 865
433 197 1587 1455
435 198 1587 879
435 199 1587 118
439 201 1587 407
439 200 1587 1399
445 202 1587 1682
449 203 1587 1346
462 204 1587 1893
462 205 1587 342
462 206 1587 449
463 207 1587 610
466 208 1587 1332
470 209 1587 1419
475 210 1587 1501
484 211 1587 1797
496 212 1587 1881
496 213 1587 156
497 214 1587 682
497 215 1587 404
497 216 1587 392
497 217 1587 221
498 218 1587 507
499 219 1587 596
500 220 1587 692
501 221 1587 547
515 222 1587 1901
517 223 1587 869
522 224 1587 1593
530 225 1587 1771
538 226 1587 1778
553 227 1587 1907
556 228 1587 1173
567 229 1587 1857
571 230 1587 1416
572 231 1587 687
572 232 1587 478
572 233 1587 342
577 234 1587 1499
579 235 1587 961
580 236 1587 766
588 237 1587 1762
590 238 1587 946
591 239 1587 647
592 240 1587 539
593 241 1587 731
604 242 1587 1861
605 243 1587 685
606 244 1587 781
611 245 1587 1507
611 246 1587 285
612 247 1587 748
615 248 1587 1270
616 249 1587 509
616 250 1587 469
617 251 1587 643
619 252 1587 948
619 253 1587 283
623 254 1587 1351
624 255 1587 851
624 256 1587 430
625 257 1587 812
631 258 1587 1678
631 259 1587 122
631 260 1587 488
631 261 1587 466
635 262 1587 1362
639 263 1587 1400
639 264 1587 3
640 265 1587 814
643 266 1587 1318
648 267 1587 1539
649 268 1587 582
655 269 1587 1645
660 270 1587 1562
661 271 1587 554
664 272 1587 1199
672 273 1587 1784
672 274 1587 56
684 275 1587 1885
685 276 1587 611
688 279 1587 85
688 277 1587 1215
688 278 1587 88
692 280 1587 1486
694 281 1587 1030
695 282 1587 636
696 283 1587 664
700 284 1587 1387
701 285 1587 773
707 287 1587 194
707 286 1587 1663
709 288 1587 915
710 289 1587 648
711 290 1587 531
723 291 1587 1878
723 292 1587 84
724 293 1587 824
724 294 1587 158
724 295 1587 72
727 297 1587 460
727 296 1587 1294
728 298 1587 682
741 299 1587 1891
741 300 1587 188
742 301 1587 670
742 302 1587 166
747 303 1587 1550
749 304 1587 871
759 305 1587 1839
763 306 1587 1368
