0 0 900 134
0 1 900 386
7 2 900 1722
7 3 900 384
7 4 900 230
11 5 900 1426
11 6 900 213
14 8 900 171
14 7 900 1183
23 9 900 1822
24 10 900 563
26 11 900 939
30 12 900 1463
36 13 900 1658
37 14 900 546
38 15 900 517
39 16 900 799
43 17 900 1485
50 18 900 1701
51 19 900 812
51 20 900 265
53 21 900 987
55 22 900 927
58 23 900 1319
63 24 900 1554
65 25 900 1028
78 26 900 1893
81 27 900 1178
83 28 900 1131
87 29 900 1405
88 30 900 671
89 31 900 804
90 32 900 686
93 33 900 1339
93 34 900 283
94 35 900 841
96 36 900 1108
98 37 900 913
105 38 900 1703
106 39 900 832
106 40 900 288
107 41 900 576
107 42 900 243
108 43 900 604
108 44 900 178
115 45 900 1693
115 46 900 202
126 48 900 192
126 47 900 1864
132 49 900 1639
132 50 900 310
141 51 900 1821
142 52 900 650
143 53 900 737
145 54 900 874
147 55 900 1071
151 57 900 402
151 56 900 1383
152 58 900 755
154 59 900 1127
158 60 900 1457
160 61 900 959
160 62 900 51
161 63 900 691
164 64 900 1151
170 66 900 252
170 67 900 124
170 65 900 1684
174 68 900 1375
180 69 900 1630
183 70 900 1333
192 71 900 1811
199 72 900 1707
201 73 900 869
202 74 900 523
208 75 900 1613
209 77 900 323
209 76 900 744
211 78 900 1140
219 79 900 1785
220 80 900 825
220 81 900 28
222 82 900 986
226 83 900 1417
228 84 900 1095
229 86 900 154
229 85 900 774
241 87 900 1874
241 88 900 464
243 89 900 1136
247 90 900 1382
248 91 900 706
248 92 900 157
249 93 900 575
252 94 900 1299
255 95 900 1254
256 96 900 524
260 97 900 1476
264 98 900 1377
264 99 900 419
268 106 900 114
268 104 900 305
268 103 900 487
268 105 900 423
268 101 900 78
268 100 900 1441
268 102 900 489
275 107 900 1705
275 108 900 213
278 109 900 1185
278 110 900 327
280 111 900 1060
283 112 900 1186
285 113 900 895
285 114 900 301
289 115 900 1429
303 116 900 1897
304 117 900 559
309 118 900 1521
309 119 900 377
314 120 900 1529
314 121 900 303
319 123 900 239
319 124 900 247
319 122 900 1584
320 125 900 627
326 126 900 1653
328 127 900 1131
332 128 900 1494
335 129 900 1194
337 130 900 1089
340 131 900 1192
342 132 900 870
343 134 900 343
343 133 900 721
344 135 900 747
348 136 900 1463
349 137 900 499
351 138 900 1111
352 139 900 671
353 140 900 660
353 141 900 373
359 142 900 1660
362 143 900 1203
363 144 900 808
363 145 900 322
367 146 900 1444
370 147 900 1187
370 148 900 273
378 149 900 1794
381 150 900 1281
394 151 900 1889
406 152 900 1880
408 153 900 1000
409 154 900 814
411 155 900 1137
411 156 900 418
411 157 900 250
411 158 900 239
416 159 900 1603
417 160 900 694
419 162 900 211
419 161 900 907
421 163 900 944
421 164 900 96
423 165 900 1060
423 166 900 190
423 167 900 465
424 168 900 551
428 169 900 1478
441 170 900 1890
445 171 900 1398
449 172 900 1373
450 173 900 849
456 174 900 1642
459 175 900 1156
460 176 900 567
460 177 900 381
464 178 900 1355
474 179 900 1849
476 180 900 1107
476 181 900 466
477 182 900 857
483 183 900 1624
493 184 900 1837
495 185 900 1124
498 186 900 1236
506 187 900 1794
516 188 900 1831
518 189 900 1131
518 190 900 329
521 192 900 259
521 191 900 1213
525 193 900 1433
539 194 900 1902
545 195 900 1677
545 196 900 161
546 197 900 716
548 198 900 1107
554 199 900 1673
554 200 900 132
556 201 900 979
557 202 900 635
558 203 900 719
567 204 900 1829
576 205 900 1807
577 206 900 516
579 207 900 1031
582 208 900 1283
587 209 900 1583
588 211 900 37
588 210 900 569
589 212 900 819
589 213 900 314
589 214 900 495
589 215 900 227
589 216 900 50
590 217 900 511
592 218 900 1031
594 219 900 896
601 221 900 321
601 220 900 1748
602 222 900 559
606 223 900 1345
609 224 900 1149
610 225 900 676
612 226 900 1139
623 227 900 1865
625 228 900 872
638 229 900 1889
640 230 900 994
648 231 900 1776
651 232 900 1198
657 233 900 1607
664 234 900 1717
664 235 900 128
672 236 900 1756
672 237 900 137
679 239 900 29
679 238 900 1720
680 240 900 608
680 241 900 205
681 242 900 510
681 243 900 248
682 244 900 561
682 245 900 292
682 246 900 394
693 247 900 1869
695 248 900 937
701 249 900 1674
707 250 900 1627
712 251 900 1575
718 252 900 1610
718 253 900 211
728 254 900 1849
735 255 900 1736
735 256 900 420
738 257 900 1214
743 258 900 1495
746 259 900 1152
747 260 900 668
748 261 900 575
748 262 900 159
751 263 900 1319
752 264 900 588
753 265 900 718
754 266 900 763
756 267 900 1136
757 270 900 396
757 268 900 521
757 269 900 366
767 271 900 1837
768 272 900 715
770 273 900 1001
770 274 900 287
775 275 900 1542
782 276 900 1735
782 277 900 310
783 278 900 784
784 279 900 856
784 280 900 282
787 281 900 1194
789 282 900 927
791 283 900 1122
791 284 900 262
794 285 900 1343
794 286 900 165
796 287 900 987
802 288 900 1682
817 289 900 1906
823 290 900 1633
824 291 900 541
825 292 900 567
826 293 900 568
829 294 900 1286
829 295 900 32
829 296 900 46
831 297 900 1116
836 298 900 1584
844 299 900 1767
848 300 900 1454
851 301 900 1182
855 302 900 1347
856 303 900 570
859 304 900 1278
866 305 900 1715
867 306 900 860
