0 0 1139 232
4 1 1139 1401
9 2 1139 1511
10 3 1139 556
10 4 1139 337
17 5 1139 1737
20 6 1139 1181
25 7 1139 1519
32 8 1139 1714
33 9 1139 518
34 10 1139 650
38 11 1139 1375
43 12 1139 1507
46 13 1139 1158
48 14 1139 941
49 15 1139 538
52 16 1139 1164
54 18 1139 161
54 17 1139 1057
62 19 1139 1762
67 20 1139 1498
67 21 1139 100
73 22 1139 1655
76 23 1139 1216
90 24 1139 1902
91 25 1139 804
93 27 1139 137
93 28 1139 287
93 26 1139 1023
107 29 1139 1899
107 30 1139 208
113 31 1139 1608
113 32 1139 216
113 33 1139 305
115 34 1139 1019
116 35 1139 852
117 36 1139 548
118 37 1139 854
123 38 1139 1602
124 39 1139 694
126 40 1139 996
127 41 1139 554
130 42 1139 1325
132 43 1139 1084
133 44 1139 675
137 45 1139 1455
138 46 1139 598
142 49 1139 250
142 47 1139 1438
142 48 1139 442
144 50 1139 1096
145 51 1139 685
150 52 1139 1508
154 55 1139 131
154 53 1139 1422
154 54 1139 54
160 57 1139 295
160 56 1139 1671
161 58 1139 578
165 59 1139 1458
166 60 1139 713
168 61 1139 1043
171 62 1139 1232
178 63 1139 1740
178 64 1139 309
180 65 1139 967
183 66 1139 1159
186 67 1139 1201
186 68 1139 138
186 69 1139 89
203 70 1139 1915
203 71 1139 310
207 72 1139 1380
211 73 1139 1391
212 74 1139 765
214 75 1139 944
215 76 1139 700
216 77 1139 570
217 78 1139 540
217 79 1139 447
217 80 1139 205
222 81 1139 1510
228 82 1139 1619
228 83 1139 36
229 84 1139 803
233 86 1139 99
233 85 1139 1448
234 87 1139 718
234 88 1139 251
236 89 1139 888
238 90 1139 1106
238 91 1139 253
238 92 1139 275
238 93 1139 143
253 94 1139 1905
265 95 1139 1878
268 96 1139 1246
273 97 1139 1509
274 98 1139 775
280 99 1139 1633
280 100 1139 295
283 101 1139 1321
286 103 1139 353
286 104 1139 260
286 102 1139 1300
287 105 1139 785
290 106 1139 1230
290 107 1139 116
291 108 1139 656
293 109 1139 1034
297 110 1139 1356
299 111 1139 1101
305 112 1139 1679
305 113 1139 130
308 114 1139 1252
310 115 1139 1128
314 116 1139 1348
317 117 1139 1195
319 118 1139 937
320 119 1139 786
321 120 1139 867
321 121 1139 441
323 122 1139 950
326 123 1139 1174
328 124 1139 907
334 125 1139 1662
334 126 1139 34
337 127 1139 1236
341 128 1139 1411
342 129 1139 812
348 130 1139 1622
350 131 1139 1115
357 132 1139 1720
358 134 1139 152
358 133 1139 832
359 135 1139 809
359 136 1139 209
362 137 1139 1266
369 138 1139 1701
369 139 1139 17
369 140 1139 217
384 141 1139 1907
384 142 1139 61
386 143 1139 1141
390 144 1139 1456
390 145 1139 5
390 146 1139 498
390 147 1139 145
391 148 1139 816
392 149 1139 776
393 150 1139 529
393 151 1139 51
394 152 1139 571
411 153 1139 1913
412 154 1139 765
420 155 1139 1778
420 156 1139 370
420 157 1139 125
424 158 1139 1370
425 159 1139 523
426 160 1139 751
445 161 1139 1919
446 162 1139 630
454 163 1139 1769
457 164 1139 1336
457 165 1139 241
460 166 1139 1306
461 167 1139 847
475 168 1139 1903
475 169 1139 443
477 170 1139 918
477 171 1139 82
481 172 1139 1419
483 173 1139 920
484 174 1139 568
486 175 1139 885
486 176 1139 379
493 177 1139 1733
499 178 1139 1642
501 179 1139 902
504 180 1139 1163
513 182 1139 419
513 181 1139 1814
514 183 1139 634
514 184 1139 283
519 185 1139 1571
520 186 1139 543
527 190 1139 438
527 187 1139 1731
527 188 1139 67
527 189 1139 298
527 191 1139 84
536 192 1139 1820
539 193 1139 1177
542 194 1139 1191
542 195 1139 223
545 196 1139 1276
545 197 1139 217
552 198 1139 1730
555 199 1139 1215
556 200 1139 624
561 203 1139 372
561 202 1139 167
561 201 1139 1576
569 204 1139 1782
569 205 1139 446
570 206 1139 557
575 207 1139 1576
578 208 1139 1344
587 209 1139 1804
591 210 1139 1398
592 213 1139 468
592 212 1139 407
592 211 1139 562
595 214 1139 1284
596 215 1139 862
601 216 1139 1499
622 217 1139 1921
626 218 1139 1485
633 219 1139 1690
639 220 1139 1622
644 221 1139 1499
645 222 1139 779
650 223 1139 1604
650 224 1139 5
651 225 1139 834
651 226 1139 187
651 227 1139 241
657 228 1139 1654
657 229 1139 345
662 234 1139 278
662 233 1139 427
662 230 1139 1534
662 231 1139 162
662 232 1139 3
667 235 1139 1512
673 236 1139 1646
673 237 1139 47
674 238 1139 776
682 239 1139 1761
684 240 1139 1013
686 243 1139 187
686 241 1139 891
686 242 1139 386
687 244 1139 824
696 245 1139 1801
701 246 1139 1602
705 247 1139 1352
714 248 1139 1818
714 249 1139 328
715 250 1139 648
718 251 1139 1279
719 252 1139 656
719 253 1139 39
724 254 1139 1518
726 255 1139 1049
727 256 1139 796
727 257 1139 488
727 258 1139 367
729 261 1139 316
729 259 1139 948
729 260 1139 259
739 262 1139 1847
741 263 1139 999
741 264 1139 270
744 265 1139 1236
745 266 1139 558
760 267 1139 1905
760 268 1139 189
767 269 1139 1697
769 270 1139 1140
773 271 1139 1452
776 272 1139 1145
782 273 1139 1648
783 274 1139 676
784 275 1139 730
786 276 1139 1113
787 277 1139 592
788 279 1139 129
788 278 1139 779
791 280 1139 1157
792 281 1139 760
792 282 1139 347
795 283 1139 1325
801 284 1139 1621
801 285 1139 254
805 286 1139 1430
818 287 1139 1888
819 288 1139 833
822 289 1139 1154
823 290 1139 715
826 291 1139 1158
831 292 1139 1604
839 293 1139 1752
844 294 1139 1501
845 295 1139 697
847 296 1139 968
850 297 1139 1311
860 298 1139 1841
865 299 1139 1513
868 300 1139 1242
874 301 1139 1621
877 302 1139 1162
877 303 1139 120
879 304 1139 1113
881 305 1139 1121
881 306 1139 134
