3 0 948 1261
5 1 948 940
12 2 948 1733
12 3 948 96
12 4 948 208
12 5 948 25
17 6 948 1501
18 7 948 522
21 9 948 463
21 8 948 1145
26 10 948 1556
26 11 948 181
29 12 948 1334
29 13 948 472
30 14 948 734
31 15 948 672
33 16 948 979
34 17 948 830
35 18 948 772
36 19 948 832
38 20 948 952
39 21 948 633
39 22 948 383
39 23 948 336
47 24 948 1774
48 25 948 674
57 27 948 454
57 26 948 1812
58 28 948 530
61 29 948 1210
64 30 948 1313
72 31 948 1760
76 32 948 1451
76 33 948 52
79 34 948 1194
81 35 948 900
84 36 948 1179
90 37 948 1643
95 38 948 1561
95 39 948 458
97 40 948 1050
97 41 948 263
98 42 948 646
104 43 948 1613
104 44 948 242
109 45 948 1500
113 46 948 1435
114 47 948 819
114 48 948 357
114 49 948 276
125 50 948 1859
131 51 948 1658
139 52 948 1782
140 53 948 634
140 54 948 145
141 55 948 627
142 56 948 556
146 57 948 1397
146 58 948 246
150 59 948 1458
150 60 948 137
152 61 948 1047
170 62 948 1916
181 63 948 1860
183 64 948 1075
190 65 948 1720
191 66 948 654
194 67 948 1282
197 68 948 1202
205 69 948 1759
209 70 948 1418
212 71 948 1260
215 72 948 1194
215 73 948 314
222 74 948 1706
223 75 948 688
239 76 948 1911
240 77 948 695
240 78 948 94
240 79 948 274
243 80 948 1163
245 81 948 993
245 82 948 97
245 83 948 254
248 84 948 1275
253 85 948 1579
267 86 948 1902
268 87 948 817
278 88 948 1831
279 89 948 567
279 90 948 343
286 91 948 1706
290 96 948 271
290 95 948 3
290 94 948 320
290 93 948 102
290 92 948 1396
291 97 948 711
292 98 948 538
292 99 948 446
293 100 948 845
293 101 948 153
298 102 948 1541
299 103 948 522
300 104 948 782
301 105 948 598
301 106 948 464
305 107 948 1468
306 108 948 853
310 109 948 1382
311 110 948 640
319 111 948 1786
322 112 948 1303
336 114 948 295
336 113 948 1897
338 115 948 1069
340 116 948 950
346 117 948 1662
347 118 948 584
351 119 948 1420
358 120 948 1742
366 121 948 1762
370 122 948 1375
371 123 948 635
375 124 948 1415
381 125 948 1636
389 126 948 1789
391 127 948 1091
410 128 948 1919
417 129 948 1703
417 130 948 416
420 131 948 1200
420 132 948 156
425 133 948 1572
429 134 948 1353
431 135 948 1010
435 136 948 1376
440 137 948 1499
444 138 948 1396
445 139 948 677
447 140 948 1115
447 141 948 434
460 143 948 449
460 142 948 1889
470 144 948 1851
470 145 948 481
470 146 948 403
474 147 948 1423
481 148 948 1732
484 149 948 1175
486 150 948 978
487 151 948 534
487 152 948 126
489 153 948 1043
490 154 948 628
492 155 948 1008
493 156 948 703
495 157 948 906
497 158 948 1032
499 159 948 1071
500 160 948 733
503 161 948 1297
507 162 948 1474
509 163 948 1074
511 164 948 965
515 165 948 1365
521 166 948 1630
527 167 948 1655
528 168 948 544
531 169 948 1210
537 170 948 1618
541 172 948 265
541 171 948 1376
551 173 948 1831
551 174 948 304
554 175 948 1308
563 176 948 1798
565 177 948 925
566 178 948 708
568 179 948 934
571 181 948 365
571 180 948 1232
574 182 948 1284
575 183 948 743
576 184 948 725
585 185 948 1807
587 186 948 1073
589 187 948 1038
591 193 948 325
591 192 948 467
591 191 948 469
591 190 948 307
591 189 948 345
591 188 948 944
602 194 948 1868
609 195 948 1743
611 196 948 885
612 197 948 814
616 199 948 486
616 198 948 1409
617 200 948 776
618 201 948 673
620 202 948 879
621 203 948 521
625 204 948 1481
630 207 948 220
630 205 948 1526
630 206 948 268
631 208 948 738
634 209 948 1244
636 210 948 1134
643 211 948 1702
643 212 948 197
643 213 948 97
651 214 948 1763
651 215 948 368
651 216 948 12
652 218 948 349
652 217 948 730
654 219 948 1082
654 220 948 291
655 221 948 591
656 222 948 710
656 223 948 199
658 224 948 903
661 225 948 1149
663 226 948 909
674 227 948 1865
687 229 948 486
687 230 948 423
687 228 948 1887
689 231 948 984
693 232 948 1441
693 233 948 222
693 234 948 157
694 235 948 559
698 236 948 1410
699 237 948 762
702 238 948 1187
704 239 948 1123
709 240 948 1538
710 241 948 853
710 242 948 299
716 243 948 1624
718 244 948 1135
719 247 948 369
719 248 948 487
719 245 948 529
719 246 948 271
724 249 948 1500
731 250 948 1730
731 251 948 155
731 252 948 464
731 253 948 326
731 254 948 195
731 255 948 184
744 256 948 1887
745 257 948 680
750 258 948 1543
750 259 948 332
751 260 948 617
751 261 948 328
751 262 948 257
751 263 948 252
752 264 948 821
752 265 948 150
752 266 948 260
766 267 948 1900
777 268 948 1865
780 269 948 1204
782 270 948 883
785 271 948 1175
789 272 948 1467
792 273 948 1151
796 274 948 1469
800 275 948 1362
800 276 948 292
802 277 948 1011
804 278 948 988
804 279 948 373
806 280 948 877
807 281 948 539
811 282 948 1378
811 283 948 387
812 284 948 680
812 285 948 268
813 286 948 519
815 287 948 1114
815 288 948 27
829 289 948 1898
830 290 948 596
831 291 948 730
834 292 948 1144
835 293 948 855
836 294 948 505
839 295 948 1209
840 296 948 596
840 297 948 47
841 298 948 803
843 299 948 985
843 300 948 268
843 301 948 296
843 302 948 428
846 303 948 1207
847 304 948 617
848 305 948 555
849 306 948 612
