3 0 614 1213
10 1 614 1728
12 2 614 1113
12 3 614 83
15 4 614 1179
17 5 614 965
19 6 614 1120
19 7 614 275
23 12 614 194
23 11 614 29
23 9 614 341
23 8 614 1356
23 10 614 383
26 13 614 1298
27 14 614 770
35 15 614 1771
41 17 614 61
41 16 614 1671
42 19 614 9
42 18 614 508
44 20 614 907
54 21 614 1835
65 22 614 1859
65 23 614 217
65 24 614 496
66 25 614 803
73 29 614 72
73 28 614 410
73 26 614 1730
73 27 614 189
74 30 614 641
75 31 614 831
76 32 614 637
76 33 614 442
79 34 614 1291
80 35 614 829
83 38 614 139
83 37 614 480
83 36 614 1190
88 39 614 1559
88 40 614 364
105 41 614 1915
125 42 614 1920
125 43 614 35
132 44 614 1689
136 45 614 1445
141 46 614 1535
149 47 614 1789
153 48 614 1406
155 49 614 1135
155 50 614 241
162 51 614 1717
183 52 614 1922
188 53 614 1602
196 54 614 1774
199 55 614 1302
207 56 614 1794
209 57 614 896
214 58 614 1511
214 59 614 375
217 60 614 1160
219 61 614 930
227 62 614 1790
230 63 614 1284
236 64 614 1625
240 65 614 1476
243 66 614 1317
249 67 614 1677
249 68 614 6
260 69 614 1865
261 70 614 581
264 71 614 1190
274 72 614 1847
276 73 614 874
281 74 614 1569
283 75 614 917
293 76 614 1840
302 77 614 1824
302 78 614 452
304 79 614 976
307 80 614 1193
318 81 614 1866
319 82 614 708
322 83 614 1199
330 84 614 1755
331 85 614 848
332 86 614 834
334 87 614 959
335 88 614 593
352 89 614 1914
354 90 614 960
354 91 614 294
356 92 614 893
362 93 614 1688
362 94 614 398
366 96 614 125
366 95 614 1359
367 97 614 636
367 98 614 335
367 99 614 212
367 100 614 127
375 101 614 1783
383 102 614 1783
387 103 614 1465
388 104 614 554
390 105 614 975
398 106 614 1795
400 107 614 1047
400 108 614 32
401 109 614 857
405 110 614 1387
418 111 614 1895
418 112 614 443
419 113 614 535
421 114 614 1106
424 115 614 1218
424 116 614 222
425 117 614 590
429 118 614 1453
430 119 614 776
431 120 614 642
431 121 614 358
433 123 614 17
433 122 614 1083
435 124 614 905
435 125 614 286
435 126 614 297
435 127 614 158
435 128 614 475
435 129 614 210
436 130 614 791
439 131 614 1204
443 133 614 239
443 132 614 1489
444 134 614 849
447 135 614 1335
447 136 614 83
450 137 614 1167
451 138 614 644
452 139 614 779
454 140 614 978
461 141 614 1711
463 142 614 926
469 143 614 1660
470 144 614 526
472 145 614 990
480 146 614 1775
480 147 614 358
481 148 614 582
483 149 614 1105
485 150 614 1136
489 151 614 1459
491 152 614 1107
495 153 614 1483
500 154 614 1495
507 155 614 1694
508 156 614 699
516 157 614 1765
517 158 614 560
517 159 614 267
518 160 614 678
524 161 614 1636
525 162 614 572
532 167 614 203
532 166 614 406
532 163 614 1747
532 164 614 65
532 165 614 183
538 168 614 1610
545 169 614 1696
547 170 614 1135
549 171 614 980
560 172 614 1871
561 173 614 673
568 174 614 1723
569 175 614 855
573 176 614 1356
577 177 614 1348
581 178 614 1415
591 179 614 1839
591 180 614 436
602 181 614 1863
607 182 614 1501
610 183 614 1295
612 184 614 998
615 185 614 1257
615 186 614 96
615 187 614 5
616 188 614 669
618 189 614 1079
619 190 614 636
619 191 614 242
620 194 614 101
620 192 614 606
620 193 614 376
623 195 614 1266
625 196 614 1139
627 197 614 1104
632 198 614 1595
632 199 614 343
633 200 614 584
638 201 614 1572
639 202 614 672
640 203 614 810
653 204 614 1894
653 205 614 156
658 206 614 1513
658 207 614 433
664 208 614 1685
665 209 614 640
665 210 614 337
668 212 614 350
668 211 614 1276
669 213 614 646
677 214 614 1756
678 215 614 740
678 216 614 135
681 217 614 1202
682 218 614 748
683 219 614 732
683 220 614 87
683 221 614 400
687 222 614 1459
688 223 614 531
690 224 614 1060
692 226 614 373
692 225 614 892
696 227 614 1494
697 229 614 456
697 228 614 572
703 231 614 252
703 230 614 1641
709 232 614 1677
711 233 614 1072
714 234 614 1255
715 235 614 788
718 236 614 1190
719 237 614 690
722 238 614 1325
723 239 614 842
729 240 614 1669
734 241 614 1587
734 242 614 245
734 243 614 29
735 244 614 742
738 245 614 1285
747 246 614 1817
759 247 614 1885
760 248 614 545
763 249 614 1286
765 250 614 1131
776 251 614 1861
776 252 614 355
777 253 614 862
777 254 614 256
777 255 614 184
777 256 614 112
777 257 614 141
783 258 614 1675
785 259 614 1001
792 260 614 1707
792 261 614 18
800 262 614 1786
803 263 614 1229
805 264 614 923
805 265 614 85
810 266 614 1523
813 267 614 1202
816 268 614 1315
818 269 614 968
822 270 614 1474
826 271 614 1369
835 272 614 1801
845 273 614 1831
847 274 614 988
847 275 614 424
847 276 614 154
851 277 614 1430
858 278 614 1713
865 279 614 1699
867 280 614 1000
867 281 614 413
869 282 614 949
872 283 614 1211
875 284 614 1249
882 285 614 1704
891 286 614 1821
892 287 614 815
893 288 614 816
895 289 614 1071
896 290 614 675
898 291 614 1049
900 292 614 939
900 293 614 323
902 294 614 1059
908 295 614 1650
915 296 614 1725
917 297 614 941
919 298 614 1030
920 299 614 656
926 300 614 1686
927 301 614 615
928 302 614 569
933 303 614 1502
940 304 614 1736
946 305 614 1686
946 306 614 60
