2 0 1593 953
26 1 1593 1923
31 2 1593 1521
33 3 1593 1095
35 4 1593 1058
37 5 1593 969
39 6 1593 902
40 7 1593 845
42 8 1593 1117
44 9 1593 1115
44 10 1593 271
44 11 1593 198
47 12 1593 1283
47 13 1593 103
47 14 1593 166
48 15 1593 780
49 16 1593 646
49 17 1593 321
57 18 1593 1766
60 19 1593 1156
67 20 1593 1711
71 21 1593 1494
78 22 1593 1726
78 23 1593 180
83 24 1593 1554
86 25 1593 1306
88 26 1593 1027
89 27 1593 500
92 28 1593 1161
93 29 1593 682
105 30 1593 1879
107 31 1593 1027
108 32 1593 513
111 33 1593 1331
112 34 1593 733
115 35 1593 1289
117 36 1593 1132
120 38 1593 140
120 37 1593 1147
121 39 1593 789
122 40 1593 723
125 41 1593 1198
128 42 1593 1147
132 43 1593 1396
133 44 1593 557
144 45 1593 1871
146 46 1593 883
155 47 1593 1815
163 48 1593 1751
166 49 1593 1310
170 50 1593 1424
176 51 1593 1662
176 52 1593 337
178 53 1593 1050
178 54 1593 128
182 55 1593 1383
182 56 1593 196
185 57 1593 1341
189 58 1593 1466
195 59 1593 1676
206 60 1593 1867
206 61 1593 401
212 62 1593 1609
212 63 1593 435
215 64 1593 1161
218 65 1593 1168
224 66 1593 1610
236 67 1593 1877
239 68 1593 1294
240 69 1593 801
245 70 1593 1573
249 71 1593 1424
249 72 1593 180
251 73 1593 977
251 74 1593 432
252 77 1593 330
252 76 1593 347
252 75 1593 512
257 78 1593 1548
263 79 1593 1607
263 80 1593 423
265 81 1593 1136
266 82 1593 674
274 83 1593 1775
277 85 1593 217
277 84 1593 1182
278 86 1593 689
282 87 1593 1387
285 88 1593 1202
288 89 1593 1274
290 90 1593 1092
297 91 1593 1716
302 92 1593 1605
302 93 1593 389
303 95 1593 321
303 94 1593 847
308 96 1593 1513
309 97 1593 712
309 98 1593 235
312 99 1593 1313
312 100 1593 261
314 101 1593 930
315 102 1593 521
317 103 1593 949
323 105 1593 0
323 104 1593 1661
327 106 1593 1481
330 107 1593 1285
331 108 1593 617
336 109 1593 1540
338 110 1593 1036
346 111 1593 1791
353 112 1593 1718
361 113 1593 1783
364 114 1593 1253
365 115 1593 730
371 116 1593 1651
379 117 1593 1759
382 118 1593 1177
384 119 1593 943
384 120 1593 479
384 121 1593 222
385 123 1593 20
385 122 1593 674
391 124 1593 1633
399 125 1593 1782
406 126 1593 1743
413 127 1593 1716
413 128 1593 130
413 129 1593 111
415 130 1593 923
420 132 1593 95
420 133 1593 234
420 131 1593 1559
424 134 1593 1345
428 135 1593 1417
429 136 1593 614
435 137 1593 1650
435 138 1593 113
438 139 1593 1181
439 140 1593 660
442 141 1593 1329
443 142 1593 769
448 143 1593 1587
448 144 1593 237
451 145 1593 1226
473 146 1593 1922
480 147 1593 1747
482 148 1593 1061
482 149 1593 116
483 150 1593 595
489 151 1593 1679
493 152 1593 1459
496 153 1593 1216
497 154 1593 833
497 155 1593 39
497 156 1593 256
498 157 1593 501
501 158 1593 1240
510 159 1593 1804
510 160 1593 181
517 161 1593 1690
520 162 1593 1154
521 163 1593 506
522 164 1593 617
526 165 1593 1401
533 166 1593 1695
537 167 1593 1483
537 168 1593 437
545 169 1593 1760
545 170 1593 116
545 171 1593 1
551 172 1593 1645
571 173 1593 1920
571 174 1593 283
573 175 1593 1075
577 176 1593 1377
579 177 1593 1012
586 178 1593 1707
586 179 1593 407
594 180 1593 1784
614 181 1593 1921
615 183 1593 14
615 182 1593 654
619 184 1593 1441
622 185 1593 1168
622 186 1593 100
623 187 1593 804
626 188 1593 1326
629 189 1593 1306
632 193 1593 234
632 192 1593 409
632 191 1593 113
632 190 1593 1161
634 194 1593 999
636 195 1593 894
636 196 1593 175
636 197 1593 262
638 198 1593 970
639 199 1593 761
643 201 1593 439
643 200 1593 1455
646 202 1593 1309
649 203 1593 1225
688 204 1593 1924
689 205 1593 593
689 206 1593 34
693 207 1593 1463
695 208 1593 933
701 209 1593 1683
702 210 1593 586
705 211 1593 1168
706 212 1593 718
707 213 1593 833
707 214 1593 19
707 215 1593 185
709 216 1593 1035
711 217 1593 1139
713 218 1593 990
717 219 1593 1373
720 220 1593 1301
722 221 1593 891
722 222 1593 157
724 223 1593 1056
725 224 1593 599
725 225 1593 2
730 226 1593 1517
734 227 1593 1410
736 228 1593 920
739 229 1593 1313
741 230 1593 900
743 231 1593 1114
743 232 1593 42
745 233 1593 946
747 234 1593 876
751 235 1593 1345
752 236 1593 612
756 237 1593 1354
756 238 1593 14
757 239 1593 847
759 240 1593 1133
760 241 1593 562
769 242 1593 1796
774 243 1593 1567
775 244 1593 720
793 245 1593 1917
796 246 1593 1320
801 247 1593 1500
801 248 1593 215
802 249 1593 814
810 250 1593 1784
812 251 1593 960
815 252 1593 1197
820 253 1593 1521
824 254 1593 1384
825 255 1593 564
825 256 1593 282
825 257 1593 252
826 258 1593 626
848 259 1593 1922
850 260 1593 1000
851 261 1593 549
852 262 1593 542
857 263 1593 1544
858 264 1593 783
862 265 1593 1396
864 266 1593 1126
871 267 1593 1697
883 268 1593 1881
884 269 1593 599
889 270 1593 1498
894 271 1593 1606
896 272 1593 1124
896 273 1593 142
896 274 1593 239
897 275 1593 738
899 276 1593 1020
900 278 1593 336
900 277 1593 514
901 279 1593 607
902 280 1593 607
902 281 1593 16
905 282 1593 1195
905 283 1593 106
909 284 1593 1454
920 285 1593 1864
930 287 1593 445
930 286 1593 1842
934 288 1593 1486
934 289 1593 312
936 290 1593 1062
936 291 1593 359
937 292 1593 728
937 293 1593 17
945 294 1593 1771
946 296 1593 19
946 297 1593 251
946 295 1593 584
947 298 1593 784
950 299 1593 1248
951 300 1593 790
956 301 1593 1547
961 302 1593 1543
966 303 1593 1540
969 305 1593 177
969 304 1593 1241
977 306 1593 1760
