0 0 175 71
1 1 175 687
3 2 175 951
4 3 175 588
5 4 175 552
6 5 175 775
7 6 175 756
10 7 175 1192
11 8 175 726
16 9 175 1517
18 10 175 1110
20 11 175 972
21 12 175 576
22 13 175 638
28 14 175 1621
29 15 175 747
29 16 175 327
30 17 175 525
34 18 175 1371
45 19 175 1871
46 20 175 830
47 21 175 845
52 22 175 1533
57 23 175 1526
58 24 175 857
66 25 175 1789
77 26 175 1869
85 27 175 1782
86 28 175 858
89 29 175 1172
90 30 175 586
96 31 175 1633
105 32 175 1827
108 33 175 1297
111 34 175 1157
113 35 175 983
117 36 175 1446
118 37 175 701
120 38 175 1033
120 39 175 463
120 40 175 348
125 41 175 1568
133 42 175 1774
135 43 175 960
135 44 175 150
137 46 175 280
137 45 175 1062
139 47 175 889
140 48 175 742
143 49 175 1155
143 50 175 171
147 51 175 1429
148 52 175 607
151 53 175 1250
163 54 175 1882
166 55 175 1151
168 56 175 1079
172 57 175 1350
178 58 175 1656
179 59 175 688
180 60 175 830
182 61 175 899
182 62 175 334
186 63 175 1478
188 64 175 930
192 65 175 1401
194 66 175 1070
197 67 175 1203
201 68 175 1406
202 69 175 638
205 70 175 1225
210 71 175 1551
214 72 175 1416
216 73 175 908
221 74 175 1522
224 75 175 1186
226 76 175 995
227 77 175 573
231 78 175 1375
238 79 175 1719
243 80 175 1508
245 81 175 980
247 82 175 1040
253 83 175 1627
255 84 175 1001
257 85 175 1081
259 86 175 1025
260 87 175 576
263 88 175 1340
263 89 175 6
273 90 175 1829
273 91 175 95
275 92 175 970
275 93 175 345
280 94 175 1557
284 95 175 1374
287 96 175 1234
287 97 175 295
287 98 175 29
288 99 175 673
306 100 175 1917
308 101 175 1002
312 102 175 1408
312 103 175 103
323 104 175 1854
324 105 175 544
324 106 175 13
330 107 175 1624
336 108 175 1652
337 109 175 695
337 110 175 155
338 111 175 505
352 112 175 1900
363 113 175 1861
365 114 175 1105
373 115 175 1775
381 116 175 1784
382 117 175 631
382 118 175 477
390 119 175 1774
390 120 175 375
390 121 175 493
398 122 175 1788
402 123 175 1399
403 124 175 734
405 125 175 1130
406 126 175 581
408 127 175 1071
411 128 175 1275
411 129 175 148
423 130 175 1877
424 131 175 700
425 132 175 543
426 133 175 701
433 134 175 1727
434 135 175 505
439 136 175 1496
441 137 175 936
448 138 175 1698
448 139 175 456
450 140 175 1068
453 141 175 1325
454 142 175 849
455 143 175 644
463 144 175 1776
466 145 175 1323
466 146 175 120
468 147 175 1033
471 148 175 1165
478 149 175 1706
483 150 175 1514
484 151 175 602
491 154 175 297
491 153 175 180
491 152 175 1743
495 155 175 1424
497 156 175 1139
497 157 175 8
500 158 175 1294
501 159 175 723
514 160 175 1888
515 161 175 866
515 162 175 349
520 163 175 1503
521 164 175 742
525 165 175 1380
538 166 175 1886
541 167 175 1198
541 168 175 134
542 169 175 599
542 170 175 279
543 171 175 847
544 173 175 21
544 172 175 858
545 174 175 705
547 175 175 975
552 176 175 1569
555 177 175 1143
560 178 175 1547
563 179 175 1335
565 180 175 1010
569 181 175 1472
579 182 175 1830
583 183 175 1493
584 184 175 559
587 185 175 1275
589 186 175 881
589 187 175 363
589 188 175 403
589 189 175 303
592 190 175 1291
596 191 175 1488
601 192 175 1566
603 193 175 974
603 194 175 493
603 195 175 201
605 196 175 976
608 197 175 1270
617 198 175 1826
617 199 175 396
621 200 175 1361
622 201 175 846
624 202 175 899
625 203 175 566
629 204 175 1427
630 205 175 667
636 206 175 1669
643 207 175 1722
647 208 175 1399
650 209 175 1247
658 210 175 1779
678 212 175 385
678 211 175 1920
690 213 175 1883
696 214 175 1638
696 215 175 415
698 216 175 961
699 217 175 780
701 218 175 944
705 219 175 1392
705 220 175 498
710 221 175 1523
711 222 175 794
719 223 175 1756
722 224 175 1232
723 225 175 715
726 226 175 1205
735 227 175 1809
739 228 175 1452
740 229 175 503
763 231 175 298
763 230 175 1923
766 232 175 1241
769 233 175 1151
783 234 175 1899
783 235 175 163
784 236 175 572
787 237 175 1264
787 238 175 65
796 239 175 1817
801 240 175 1531
803 241 175 1084
805 242 175 888
807 243 175 1081
807 244 175 448
810 245 175 1296
812 246 175 1102
818 247 175 1608
821 248 175 1260
821 249 175 77
824 253 175 434
824 252 175 325
824 250 175 1165
824 251 175 195
833 254 175 1822
841 255 175 1762
841 256 175 52
843 257 175 1068
846 258 175 1259
847 259 175 711
851 260 175 1386
859 261 175 1784
859 262 175 269
861 263 175 895
864 264 175 1249
868 265 175 1480
869 266 175 679
872 267 175 1159
887 268 175 1909
891 269 175 1474
899 270 175 1767
905 271 175 1621
906 272 175 714
908 273 175 1052
916 274 175 1786
919 275 175 1338
920 276 175 634
926 277 175 1638
929 278 175 1307
940 279 175 1861
945 280 175 1538
950 281 175 1522
951 282 175 548
955 283 175 1375
958 284 175 1263
965 285 175 1727
979 286 175 1898
980 287 175 807
983 290 175 111
983 288 175 1253
983 289 175 136
987 291 175 1429
987 292 175 5
990 293 175 1278
990 294 175 430
996 295 175 1671
997 296 175 815
1015 297 175 1917
1023 298 175 1756
1025 299 175 892
1026 300 175 616
1037 301 175 1868
1043 302 175 1624
1050 303 175 1711
1050 304 175 234
1054 305 175 1468
1058 306 175 1406
