2 0 1313 991
6 1 1313 1385
7 2 1313 548
7 3 1313 7
8 4 1313 709
10 5 1313 1090
14 6 1313 1360
15 7 1313 550
28 8 1313 1892
29 9 1313 534
42 10 1313 1889
45 11 1313 1166
49 12 1313 1460
49 13 1313 261
53 14 1313 1422
54 15 1313 582
55 16 1313 816
57 18 1313 466
57 17 1313 1016
61 19 1313 1449
61 20 1313 298
63 21 1313 974
65 22 1313 1000
65 23 1313 227
66 24 1313 655
69 26 1313 102
69 25 1313 1232
70 27 1313 681
72 28 1313 1024
76 29 1313 1388
82 30 1313 1685
83 31 1313 839
85 32 1313 944
89 33 1313 1461
93 34 1313 1383
95 35 1313 1041
103 36 1313 1767
108 37 1313 1598
110 38 1313 942
112 39 1313 928
112 40 1313 479
114 41 1313 1032
116 42 1313 1034
123 43 1313 1698
124 44 1313 584
125 45 1313 797
127 46 1313 1086
130 47 1313 1187
130 48 1313 52
131 49 1313 499
131 50 1313 485
131 51 1313 293
134 57 1313 320
134 55 1313 17
134 56 1313 385
134 53 1313 325
134 52 1313 1319
134 54 1313 455
137 58 1313 1276
141 59 1313 1401
143 60 1313 987
144 61 1313 678
148 62 1313 1450
149 63 1313 503
150 64 1313 773
152 66 1313 221
152 65 1313 1049
175 67 1313 1923
176 68 1313 802
176 69 1313 381
177 70 1313 739
180 71 1313 1142
180 72 1313 74
184 73 1313 1462
186 74 1313 970
189 75 1313 1191
200 76 1313 1864
203 77 1313 1226
208 78 1313 1567
216 79 1313 1783
216 80 1313 145
217 81 1313 840
218 82 1313 629
219 83 1313 525
221 84 1313 902
225 85 1313 1392
229 86 1313 1445
230 87 1313 619
232 88 1313 1006
236 89 1313 1365
237 90 1313 656
241 91 1313 1446
241 92 1313 321
245 93 1313 1465
256 94 1313 1865
263 95 1313 1725
268 96 1313 1506
269 97 1313 531
271 98 1313 924
275 99 1313 1459
276 100 1313 576
278 101 1313 1088
278 102 1313 384
283 103 1313 1596
289 104 1313 1685
292 106 1313 218
292 105 1313 1268
300 107 1313 1782
303 108 1313 1280
306 109 1313 1189
306 110 1313 77
308 111 1313 1083
309 112 1313 678
313 113 1313 1418
316 116 1313 49
316 114 1313 1256
316 115 1313 147
318 117 1313 925
323 118 1313 1526
326 119 1313 1306
331 120 1313 1529
336 121 1313 1527
338 122 1313 917
342 123 1313 1361
348 124 1313 1649
351 125 1313 1217
352 126 1313 821
353 127 1313 533
358 128 1313 1521
361 129 1313 1170
367 130 1313 1609
370 131 1313 1333
370 132 1313 302
370 133 1313 107
373 134 1313 1207
375 135 1313 982
375 136 1313 456
377 137 1313 958
378 138 1313 764
383 139 1313 1559
386 140 1313 1173
391 141 1313 1587
394 142 1313 1263
401 143 1313 1741
404 144 1313 1288
409 145 1313 1498
410 146 1313 768
411 147 1313 827
411 148 1313 209
418 149 1313 1718
424 150 1313 1676
425 151 1313 580
427 152 1313 929
432 153 1313 1543
443 154 1313 1855
445 155 1313 973
445 156 1313 171
447 157 1313 947
458 158 1313 1872
458 159 1313 467
458 160 1313 446
464 163 1313 110
464 162 1313 261
464 161 1313 1610
469 164 1313 1504
470 165 1313 669
471 166 1313 781
472 167 1313 570
472 168 1313 211
472 169 1313 273
478 170 1313 1615
480 172 1313 161
480 171 1313 1015
493 173 1313 1891
493 174 1313 132
504 175 1313 1866
504 176 1313 263
506 177 1313 1100
506 178 1313 73
506 179 1313 150
506 180 1313 449
525 181 1313 1918
525 182 1313 323
532 183 1313 1727
536 184 1313 1418
538 185 1313 1028
538 186 1313 403
539 188 1313 177
539 189 1313 233
539 187 1313 683
540 190 1313 811
544 191 1313 1433
546 192 1313 1010
546 193 1313 297
548 194 1313 1112
552 195 1313 1488
555 196 1313 1326
558 197 1313 1153
558 198 1313 236
559 199 1313 619
560 201 1313 198
560 200 1313 717
561 202 1313 616
572 203 1313 1860
572 204 1313 102
573 205 1313 660
573 206 1313 419
575 207 1313 963
579 208 1313 1411
596 209 1313 1913
597 210 1313 710
599 211 1313 995
601 212 1313 873
608 213 1313 1721
608 214 1313 18
608 215 1313 453
611 216 1313 1286
611 217 1313 458
612 222 1313 392
612 221 1313 97
612 220 1313 265
612 219 1313 476
612 218 1313 616
626 223 1313 1903
630 224 1313 1387
630 225 1313 182
630 226 1313 4
638 227 1313 1788
639 228 1313 779
640 229 1313 568
641 230 1313 540
643 231 1313 1034
644 232 1313 863
648 233 1313 1379
652 234 1313 1357
652 235 1313 250
655 236 1313 1302
655 237 1313 388
661 238 1313 1624
662 239 1313 758
663 240 1313 608
667 241 1313 1365
670 242 1313 1196
670 243 1313 189
674 244 1313 1447
681 245 1313 1740
682 246 1313 559
685 248 1313 279
685 247 1313 1214
686 249 1313 658
686 250 1313 202
687 251 1313 867
688 252 1313 537
694 253 1313 1685
694 254 1313 353
695 255 1313 619
702 256 1313 1730
703 258 1313 472
703 257 1313 637
713 259 1313 1845
714 260 1313 655
715 261 1313 556
715 262 1313 183
716 263 1313 842
720 264 1313 1373
725 265 1313 1601
725 266 1313 131
729 268 1313 364
729 267 1313 1419
736 269 1313 1692
738 270 1313 1075
740 271 1313 898
741 272 1313 758
749 273 1313 1783
757 274 1313 1792
758 275 1313 824
759 278 1313 455
759 277 1313 203
759 276 1313 826
764 279 1313 1572
769 280 1313 1547
770 281 1313 715
775 282 1313 1509
775 283 1313 120
775 284 1313 366
780 285 1313 1597
780 286 1313 497
782 287 1313 1103
784 288 1313 1025
785 289 1313 737
785 290 1313 444
786 291 1313 664
796 292 1313 1840
803 293 1313 1704
803 294 1313 102
803 295 1313 52
806 297 1313 353
806 296 1313 1181
807 298 1313 741
815 299 1313 1771
821 300 1313 1609
823 301 1313 1065
824 302 1313 849
825 303 1313 512
830 304 1313 1507
833 305 1313 1229
833 306 1313 108
