1 0 666 791
2 1 666 543
2 2 666 487
4 3 666 982
7 4 666 1148
13 5 666 1665
13 6 666 271
14 7 666 677
14 8 666 87
21 9 666 1737
23 10 666 1065
28 11 666 1586
29 12 666 664
29 13 666 357
29 14 666 378
30 15 666 694
46 16 666 1911
54 17 666 1755
57 19 666 35
57 18 666 1195
66 20 666 1823
67 21 666 722
75 22 666 1776
76 23 666 831
77 24 666 790
77 25 666 331
79 26 666 981
87 27 666 1790
89 28 666 892
96 29 666 1736
96 30 666 213
96 31 666 181
96 32 666 374
97 33 666 652
108 34 666 1865
113 35 666 1549
114 36 666 642
118 37 666 1454
119 38 666 592
119 39 666 418
120 40 666 738
121 41 666 856
130 42 666 1816
130 43 666 97
130 44 666 490
139 45 666 1828
152 46 666 1896
158 47 666 1678
164 48 666 1626
176 49 666 1884
178 50 666 1023
183 51 666 1499
183 52 666 224
183 53 666 182
187 54 666 1444
187 55 666 68
188 56 666 691
193 57 666 1580
193 58 666 191
194 59 666 817
195 60 666 683
195 61 666 406
202 62 666 1710
202 63 666 276
207 64 666 1523
209 65 666 883
212 68 666 417
212 66 666 1212
212 67 666 12
213 69 666 754
213 70 666 52
213 71 666 456
216 72 666 1163
217 73 666 776
220 74 666 1221
222 75 666 966
223 76 666 830
229 77 666 1678
229 78 666 340
231 79 666 886
231 80 666 360
234 81 666 1227
234 82 666 164
236 83 666 932
237 84 666 713
238 85 666 639
250 86 666 1882
250 87 666 191
252 88 666 1132
261 89 666 1796
262 90 666 857
264 91 666 986
267 92 666 1262
274 93 666 1699
280 95 666 332
280 94 666 1660
282 96 666 1071
287 97 666 1540
288 98 666 499
293 99 666 1531
294 100 666 616
306 101 666 1883
309 102 666 1261
311 103 666 871
321 104 666 1832
322 105 666 566
322 106 666 336
326 107 666 1372
328 108 666 885
328 109 666 477
331 110 666 1163
333 111 666 938
336 112 666 1240
339 114 666 456
339 113 666 1229
343 115 666 1380
343 116 666 242
344 117 666 777
348 118 666 1488
350 119 666 884
352 120 666 926
354 121 666 1020
355 122 666 804
356 123 666 545
365 124 666 1821
367 125 666 990
369 126 666 1119
373 127 666 1388
375 128 666 1041
377 129 666 889
386 130 666 1820
389 131 666 1214
392 132 666 1179
393 135 666 401
393 133 666 733
393 134 666 270
406 136 666 1891
409 137 666 1217
411 138 666 1025
411 139 666 146
411 140 666 303
412 141 666 509
415 142 666 1231
416 143 666 655
417 144 666 633
427 145 666 1844
433 147 666 32
433 146 666 1671
436 150 666 90
436 151 666 294
436 148 666 1243
436 149 666 279
436 152 666 52
441 153 666 1539
442 154 666 605
447 155 666 1521
449 156 666 1079
450 157 666 716
452 158 666 975
453 159 666 841
457 160 666 1372
459 162 666 331
459 161 666 872
480 163 666 1921
481 164 666 582
493 165 666 1873
499 166 666 1684
500 167 666 506
502 168 666 959
502 169 666 54
506 170 666 1414
508 171 666 950
514 172 666 1677
517 173 666 1341
518 174 666 581
518 175 666 416
525 176 666 1714
525 177 666 149
535 178 666 1836
549 179 666 1901
552 180 666 1244
554 182 666 145
554 181 666 1086
555 183 666 762
556 184 666 798
561 185 666 1525
564 186 666 1162
569 187 666 1564
569 188 666 128
570 189 666 673
573 190 666 1247
576 193 666 183
576 192 666 241
576 191 666 1175
577 194 666 698
581 195 666 1355
581 196 666 178
584 197 666 1234
584 198 666 72
585 199 666 685
585 200 666 160
588 201 666 1164
590 202 666 998
593 203 666 1188
594 204 666 789
596 205 666 1065
597 206 666 541
598 207 666 635
600 208 666 958
600 209 666 188
607 210 666 1732
609 211 666 929
610 212 666 804
612 213 666 998
617 214 666 1522
617 215 666 286
618 216 666 727
622 217 666 1494
624 218 666 1122
626 219 666 981
627 223 666 285
627 222 666 378
627 221 666 119
627 220 666 710
628 224 666 732
628 225 666 239
629 226 666 708
633 227 666 1494
634 228 666 643
637 232 666 76
637 231 666 479
637 230 666 238
637 229 666 1151
640 233 666 1150
647 234 666 1741
647 235 666 79
647 236 666 88
649 237 666 881
663 238 666 1897
669 239 666 1658
671 240 666 984
672 241 666 526
673 242 666 606
684 243 666 1864
685 244 666 866
685 245 666 317
685 246 666 370
688 247 666 1167
689 248 666 586
689 249 666 412
690 250 666 627
691 251 666 609
691 252 666 111
693 253 666 1016
707 254 666 1899
707 255 666 40
708 256 666 786
709 257 666 712
709 258 666 456
710 260 666 356
710 259 666 550
712 261 666 972
730 262 666 1917
737 263 666 1732
749 264 666 1875
752 265 666 1252
753 266 666 852
758 267 666 1578
761 268 666 1181
765 270 666 198
765 269 666 1442
773 271 666 1770
778 272 666 1521
782 273 666 1389
803 274 666 1922
803 275 666 184
807 276 666 1438
807 277 666 439
810 279 666 414
810 278 666 1344
818 280 666 1793
822 281 666 1465
824 282 666 908
824 283 666 231
825 284 666 523
830 286 666 367
830 285 666 1553
832 287 666 985
835 288 666 1176
842 289 666 1701
845 290 666 1218
848 291 666 1300
848 292 666 425
852 293 666 1347
855 294 666 1301
855 295 666 11
856 296 666 534
857 297 666 798
874 298 666 1913
879 299 666 1539
883 300 666 1390
884 301 666 717
900 302 666 1910
902 303 666 1068
902 304 666 213
903 305 666 781
905 306 666 1012
