0 0 1378 0
3 1 1378 1308
6 2 1378 1277
9 3 1378 1304
9 4 1378 489
11 5 1378 999
16 6 1378 1498
19 7 1378 1253
22 9 1378 7
22 8 1378 1311
23 10 1378 675
27 11 1378 1403
36 12 1378 1809
38 13 1378 1105
40 14 1378 961
40 15 1378 250
43 17 1378 13
43 18 1378 479
43 16 1378 1170
44 19 1378 748
48 20 1378 1357
58 21 1378 1845
63 22 1378 1545
66 23 1378 1154
75 24 1378 1810
78 26 1378 314
78 25 1378 1288
79 27 1378 546
80 28 1378 645
81 29 1378 858
81 30 1378 387
82 31 1378 499
82 32 1378 140
92 33 1378 1844
103 34 1378 1858
104 35 1378 746
112 36 1378 1772
115 37 1378 1260
123 38 1378 1784
126 39 1378 1305
126 40 1378 180
129 41 1378 1157
134 42 1378 1600
138 43 1378 1471
140 44 1378 1045
145 45 1378 1603
145 46 1378 453
148 48 1378 364
148 47 1378 1177
153 49 1378 1589
154 50 1378 708
163 51 1378 1801
163 52 1378 102
163 53 1378 388
164 54 1378 691
164 55 1378 79
170 57 1378 123
170 56 1378 1687
174 58 1378 1419
176 59 1378 1126
177 60 1378 684
179 61 1378 951
180 62 1378 607
180 63 1378 452
185 65 1378 176
185 64 1378 1545
188 66 1378 1262
201 67 1378 1889
204 68 1378 1171
204 69 1378 215
204 70 1378 402
214 71 1378 1835
214 72 1378 153
216 73 1378 1098
217 78 1378 109
217 79 1378 207
217 77 1378 73
217 76 1378 245
217 75 1378 200
217 74 1378 567
218 80 1378 835
220 81 1378 1062
220 82 1378 182
222 83 1378 981
222 84 1378 149
223 86 1378 397
223 85 1378 511
229 87 1378 1676
232 88 1378 1153
240 89 1378 1778
242 90 1378 983
248 91 1378 1648
256 92 1378 1766
257 93 1378 658
258 94 1378 620
261 95 1378 1153
262 96 1378 549
265 97 1378 1148
275 98 1378 1851
277 99 1378 868
277 100 1378 340
277 101 1378 489
277 102 1378 5
277 103 1378 148
280 104 1378 1186
281 105 1378 798
287 106 1378 1647
289 107 1378 928
296 108 1378 1746
296 109 1378 490
304 110 1378 1759
310 111 1378 1614
310 112 1378 14
313 113 1378 1211
313 114 1378 291
318 115 1378 1547
319 116 1378 769
324 117 1378 1550
324 118 1378 302
326 119 1378 1034
333 120 1378 1704
338 121 1378 1511
339 122 1378 735
342 123 1378 1318
345 124 1378 1156
346 126 1378 69
346 125 1378 678
350 127 1378 1420
350 128 1378 478
353 129 1378 1338
358 130 1378 1576
360 131 1378 1022
360 132 1378 147
363 133 1378 1165
371 135 1378 346
371 134 1378 1792
373 136 1378 1056
373 137 1378 33
380 138 1378 1720
383 139 1378 1276
384 140 1378 788
388 141 1378 1393
399 142 1378 1855
400 144 1378 19
400 143 1378 663
403 145 1378 1294
409 146 1378 1634
410 147 1378 554
410 148 1378 367
412 149 1378 998
412 150 1378 384
414 151 1378 923
415 152 1378 845
416 153 1378 816
418 154 1378 1089
419 155 1378 754
425 156 1378 1678
426 157 1378 612
428 158 1378 917
429 159 1378 507
430 162 1378 449
430 163 1378 407
430 160 1378 729
430 161 1378 226
431 164 1378 839
432 165 1378 737
436 166 1378 1467
437 167 1378 773
440 168 1378 1343
451 169 1378 1870
451 170 1378 491
452 171 1378 736
460 172 1378 1755
462 175 1378 310
462 173 1378 951
462 174 1378 245
467 176 1378 1580
467 177 1378 71
470 178 1378 1298
478 179 1378 1786
480 180 1378 969
484 181 1378 1439
486 182 1378 1053
490 183 1378 1405
492 184 1378 954
493 185 1378 652
493 186 1378 176
496 187 1378 1255
496 188 1378 76
498 189 1378 1038
499 191 1378 443
499 190 1378 592
501 192 1378 1040
504 193 1378 1212
505 194 1378 546
506 195 1378 562
508 196 1378 944
512 197 1378 1448
519 198 1378 1749
522 199 1378 1206
530 200 1378 1752
531 201 1378 860
533 203 1378 421
533 202 1378 1135
534 204 1378 506
539 205 1378 1572
541 206 1378 1093
550 207 1378 1819
551 208 1378 571
552 209 1378 778
554 210 1378 1098
560 211 1378 1606
563 212 1378 1238
565 213 1378 1055
569 214 1378 1462
572 215 1378 1214
574 216 1378 1098
576 217 1378 969
580 218 1378 1378
580 219 1378 186
581 220 1378 560
581 221 1378 211
582 223 1378 305
582 222 1378 697
585 224 1378 1277
585 225 1378 47
591 226 1378 1620
592 227 1378 542
592 228 1378 404
598 229 1378 1608
601 235 1378 109
601 236 1378 303
601 234 1378 34
601 230 1378 1291
601 232 1378 247
601 231 1378 132
601 233 1378 92
602 237 1378 631
604 238 1378 898
607 239 1378 1306
611 240 1378 1483
611 241 1378 281
612 242 1378 683
615 243 1378 1223
626 244 1378 1864
628 245 1378 910
630 246 1378 1130
646 247 1378 1910
652 248 1378 1675
655 249 1378 1256
659 250 1378 1388
673 252 1378 69
673 251 1378 1899
678 253 1378 1562
679 254 1378 645
684 255 1378 1540
684 256 1378 163
685 257 1378 830
687 258 1378 1068
687 259 1378 459
699 260 1378 1877
700 261 1378 550
704 262 1378 1415
706 263 1378 887
710 264 1378 1411
712 265 1378 966
716 266 1378 1359
719 267 1378 1146
721 268 1378 1021
725 269 1378 1353
727 273 1378 71
727 272 1378 70
727 270 1378 911
727 271 1378 466
728 274 1378 627
728 275 1378 279
732 276 1378 1453
736 277 1378 1398
736 278 1378 366
736 279 1378 367
737 280 1378 842
743 281 1378 1635
744 282 1378 792
746 283 1378 1072
746 284 1378 219
749 285 1378 1316
749 286 1378 62
750 287 1378 610
754 289 1378 418
754 288 1378 1371
765 290 1378 1870
769 291 1378 1398
773 292 1378 1487
773 293 1378 438
777 294 1378 1354
779 295 1378 933
780 296 1378 791
787 297 1378 1720
794 298 1378 1736
796 299 1378 897
800 300 1378 1476
815 301 1378 1908
817 302 1378 889
817 303 1378 321
817 304 1378 345
819 305 1378 921
828 306 1378 1828
