1 0 816 724
2 1 816 638
2 2 816 353
3 3 816 550
6 4 816 1332
7 5 816 619
8 6 816 623
13 7 816 1539
23 8 816 1837
38 9 816 1906
40 10 816 1008
42 11 816 951
42 12 816 398
44 13 816 1104
45 14 816 749
47 15 816 930
52 16 816 1555
57 17 816 1601
62 18 816 1581
62 19 816 28
63 20 816 559
66 21 816 1222
73 22 816 1690
74 23 816 688
76 25 816 498
76 26 816 399
76 24 816 924
80 27 816 1435
89 28 816 1801
89 29 816 246
90 30 816 601
90 31 816 309
90 32 816 306
90 33 816 14
96 34 816 1637
97 35 816 640
100 37 816 65
100 36 816 1298
106 38 816 1656
106 39 816 487
108 40 816 1137
109 41 816 666
109 42 816 259
109 43 816 293
111 44 816 961
111 45 816 385
113 47 816 75
113 46 816 931
118 48 816 1600
118 49 816 261
119 50 816 838
122 51 816 1280
123 52 816 835
124 53 816 550
124 54 816 21
128 55 816 1426
130 56 816 872
135 57 816 1590
140 58 816 1551
141 59 816 833
141 60 816 220
143 61 816 1113
149 62 816 1662
154 63 816 1590
157 64 816 1305
158 65 816 699
159 66 816 644
159 67 816 384
163 68 816 1392
163 69 816 108
168 70 816 1557
172 71 816 1490
183 72 816 1869
185 73 816 1094
186 74 816 816
195 75 816 1818
197 76 816 962
201 77 816 1396
207 78 816 1651
208 79 816 538
212 80 816 1492
212 81 816 323
220 82 816 1760
225 83 816 1539
228 84 816 1332
231 85 816 1245
235 86 816 1398
241 87 816 1681
259 88 816 1917
259 89 816 210
266 90 816 1693
272 91 816 1633
272 92 816 439
273 94 816 266
273 95 816 24
273 93 816 822
275 96 816 928
276 97 816 593
278 98 816 913
278 99 816 262
284 100 816 1666
285 101 816 547
286 102 816 608
290 103 816 1491
291 104 816 629
294 105 816 1273
297 106 816 1336
303 107 816 1666
309 108 816 1659
309 109 816 128
309 110 816 464
313 111 816 1401
324 112 816 1863
326 113 816 1012
329 114 816 1266
338 115 816 1821
341 116 816 1278
341 117 816 122
341 118 816 258
341 119 816 59
344 120 816 1225
346 121 816 888
346 122 816 391
349 124 816 340
349 123 816 1181
359 125 816 1848
361 126 816 1050
363 127 816 1046
364 128 816 827
365 129 816 792
367 130 816 889
367 131 816 368
367 132 816 483
371 133 816 1389
372 134 816 797
374 135 816 944
380 136 816 1640
380 137 816 268
382 138 816 910
382 139 816 59
392 140 816 1834
398 141 816 1657
398 142 816 21
406 143 816 1788
412 144 816 1671
412 145 816 291
419 146 816 1695
423 147 816 1352
427 148 816 1481
427 149 816 370
428 150 816 670
429 151 816 806
429 152 816 335
430 153 816 853
432 154 816 962
433 155 816 777
433 156 816 155
437 157 816 1351
440 158 816 1151
441 159 816 706
441 160 816 222
441 161 816 289
442 162 816 838
443 163 816 867
446 164 816 1163
446 165 816 95
448 166 816 917
448 167 816 474
448 168 816 214
448 169 816 321
448 170 816 181
450 171 816 1009
452 172 816 1137
452 173 816 198
452 174 816 150
456 175 816 1492
457 176 816 866
458 177 816 527
462 179 816 48
462 180 816 152
462 178 816 1435
468 181 816 1623
472 182 816 1490
472 183 816 457
472 184 816 121
472 185 816 83
472 186 816 33
477 188 816 427
477 187 816 1554
477 189 816 20
478 191 816 288
478 190 816 789
480 192 816 1042
480 193 816 203
488 194 816 1762
493 195 816 1544
494 196 816 818
496 197 816 1079
497 198 816 625
502 199 816 1575
505 200 816 1299
508 201 816 1221
510 202 816 1137
513 203 816 1159
513 204 816 188
518 205 816 1586
523 206 816 1593
523 207 816 137
524 208 816 703
528 209 816 1394
538 210 816 1835
543 211 816 1552
553 212 816 1841
555 213 816 1102
556 214 816 553
557 215 816 523
558 216 816 724
558 217 816 381
559 218 816 746
561 219 816 1080
561 220 816 62
564 221 816 1287
564 222 816 46
564 223 816 194
568 224 816 1457
577 225 816 1817
590 226 816 1892
592 228 816 361
592 227 816 934
593 229 816 531
594 230 816 673
601 231 816 1712
610 232 816 1827
618 233 816 1784
619 234 816 673
620 240 816 415
620 238 816 268
620 239 816 459
620 236 816 485
620 235 816 856
620 237 816 330
629 241 816 1821
630 242 816 851
632 243 816 957
632 244 816 109
635 246 816 371
635 245 816 1161
646 247 816 1864
651 248 816 1574
654 249 816 1238
655 250 816 819
655 251 816 437
655 252 816 333
659 253 816 1469
664 254 816 1513
664 255 816 11
667 256 816 1174
669 257 816 943
675 258 816 1627
675 259 816 296
681 260 816 1619
682 261 816 658
689 262 816 1700
689 263 816 172
690 264 816 720
690 265 816 123
696 267 816 57
696 268 816 428
696 266 816 1650
702 269 816 1622
702 270 816 38
702 271 816 394
702 272 816 113
702 273 816 286
703 274 816 664
703 275 816 166
703 276 816 435
705 279 816 295
705 277 816 1013
705 278 816 84
709 280 816 1445
709 281 816 27
712 282 816 1285
714 283 816 1047
720 284 816 1636
720 285 816 236
724 288 816 270
724 287 816 357
724 286 816 1379
725 289 816 661
730 290 816 1606
734 291 816 1466
735 292 816 627
749 293 816 1897
750 294 816 765
756 295 816 1681
756 296 816 120
757 297 816 679
757 298 816 237
773 299 816 1911
777 300 816 1436
777 301 816 314
781 302 816 1435
793 303 816 1876
796 305 816 424
796 304 816 1199
796 306 816 324
