2 0 1871 958
6 1 1871 1467
15 2 1871 1826
20 3 1871 1561
20 4 1871 297
24 5 1871 1436
25 6 1871 634
25 7 1871 316
28 9 1871 367
28 8 1871 1326
31 10 1871 1147
32 11 1871 638
34 12 1871 943
36 13 1871 885
36 14 1871 94
45 15 1871 1811
54 16 1871 1827
57 18 1871 197
57 17 1871 1200
58 19 1871 619
61 20 1871 1339
65 21 1871 1454
65 22 1871 286
74 23 1871 1827
75 24 1871 710
76 25 1871 657
80 26 1871 1474
85 27 1871 1551
86 28 1871 676
94 29 1871 1781
97 30 1871 1292
101 31 1871 1442
107 32 1871 1613
107 33 1871 214
108 34 1871 808
109 35 1871 557
110 36 1871 804
111 37 1871 683
112 38 1871 570
128 39 1871 1910
128 40 1871 67
128 41 1871 455
129 42 1871 747
130 43 1871 587
135 44 1871 1506
135 45 1871 263
139 46 1871 1462
140 47 1871 846
149 48 1871 1825
149 49 1871 122
149 50 1871 84
152 51 1871 1220
160 52 1871 1795
161 53 1871 663
166 54 1871 1516
170 55 1871 1429
173 56 1871 1181
196 57 1871 1923
197 58 1871 850
202 59 1871 1565
215 60 1871 1887
217 61 1871 1008
222 62 1871 1565
226 63 1871 1470
228 64 1871 1000
234 65 1871 1630
236 66 1871 950
237 67 1871 729
237 68 1871 76
241 69 1871 1462
243 70 1871 1007
246 71 1871 1144
247 72 1871 630
247 73 1871 212
248 74 1871 552
250 75 1871 884
251 76 1871 706
257 77 1871 1623
257 78 1871 321
257 79 1871 446
259 80 1871 1119
260 81 1871 627
266 82 1871 1651
267 83 1871 553
274 84 1871 1696
274 85 1871 72
279 86 1871 1572
281 87 1871 950
282 88 1871 622
285 89 1871 1304
288 90 1871 1300
289 91 1871 805
297 92 1871 1757
299 94 1871 22
299 93 1871 929
301 95 1871 984
302 96 1871 815
305 97 1871 1202
310 98 1871 1511
319 99 1871 1801
322 100 1871 1238
323 101 1871 732
324 103 1871 363
324 102 1871 770
326 104 1871 1040
327 105 1871 865
328 106 1871 589
333 107 1871 1582
333 108 1871 110
334 109 1871 632
335 110 1871 722
339 111 1871 1483
344 113 1871 403
344 114 1871 445
344 112 1871 1602
347 115 1871 1260
350 116 1871 1281
352 117 1871 1011
359 118 1871 1699
361 119 1871 928
361 120 1871 58
406 122 1871 107
406 121 1871 1924
407 123 1871 697
407 124 1871 161
407 125 1871 201
410 126 1871 1311
416 127 1871 1625
416 128 1871 189
420 130 1871 69
420 129 1871 1493
424 133 1871 444
424 132 1871 111
424 131 1871 1429
426 134 1871 1133
426 135 1871 387
434 136 1871 1782
437 137 1871 1288
441 138 1871 1437
442 139 1871 831
446 140 1871 1407
463 141 1871 1914
464 142 1871 839
481 143 1871 1914
482 144 1871 581
489 145 1871 1742
491 146 1871 1128
495 147 1871 1354
495 148 1871 484
496 149 1871 687
502 150 1871 1627
509 151 1871 1728
513 152 1871 1428
514 153 1871 583
521 154 1871 1743
524 155 1871 1238
525 156 1871 625
525 157 1871 72
525 158 1871 201
526 159 1871 838
530 160 1871 1478
532 161 1871 889
536 162 1871 1393
537 163 1871 542
538 164 1871 563
541 165 1871 1218
545 166 1871 1371
548 167 1871 1157
551 168 1871 1195
551 169 1871 58
555 170 1871 1402
574 171 1871 1918
579 172 1871 1498
580 173 1871 867
584 174 1871 1446
584 175 1871 69
586 176 1871 1085
586 177 1871 117
586 178 1871 115
586 179 1871 344
588 180 1871 997
600 181 1871 1882
602 182 1871 1140
606 183 1871 1426
614 184 1871 1791
614 185 1871 265
614 186 1871 1
618 187 1871 1453
619 188 1871 626
628 189 1871 1819
634 190 1871 1686
641 191 1871 1709
643 192 1871 1086
644 193 1871 599
647 194 1871 1277
648 195 1871 517
649 196 1871 520
649 197 1871 297
653 198 1871 1350
656 200 1871 370
656 199 1871 1288
670 201 1871 1896
670 202 1871 159
670 203 1871 426
673 204 1871 1209
679 205 1871 1633
679 206 1871 229
680 207 1871 560
682 208 1871 1061
688 210 1871 153
688 209 1871 1673
689 211 1871 507
701 212 1871 1882
709 213 1871 1782
717 214 1871 1766
722 215 1871 1520
728 216 1871 1674
741 217 1871 1891
742 219 1871 297
742 218 1871 675
745 220 1871 1217
755 221 1871 1842
756 222 1871 530
759 223 1871 1300
759 224 1871 296
765 225 1871 1618
766 226 1871 832
768 227 1871 899
773 228 1871 1514
775 229 1871 928
779 230 1871 1473
780 231 1871 787
781 232 1871 692
782 233 1871 752
796 234 1871 1898
798 235 1871 1026
805 236 1871 1723
806 240 1871 36
806 239 1871 157
806 237 1871 714
806 238 1871 217
810 241 1871 1365
810 242 1871 392
812 243 1871 877
818 244 1871 1666
821 245 1871 1178
829 246 1871 1752
832 247 1871 1229
833 248 1871 758
839 249 1871 1682
840 250 1871 768
841 251 1871 554
846 252 1871 1546
848 253 1871 1052
848 254 1871 70
848 255 1871 453
852 256 1871 1365
853 258 1871 129
853 257 1871 784
858 259 1871 1516
859 260 1871 801
862 261 1871 1254
864 262 1871 970
864 263 1871 133
864 264 1871 200
867 265 1871 1290
874 266 1871 1740
876 267 1871 1129
885 268 1871 1808
886 269 1871 739
893 270 1871 1722
895 271 1871 960
901 272 1871 1674
902 273 1871 518
902 274 1871 261
910 275 1871 1776
914 276 1871 1450
919 277 1871 1578
924 278 1871 1558
926 279 1871 1043
934 280 1871 1791
939 281 1871 1527
939 282 1871 141
947 283 1871 1757
947 284 1871 160
949 285 1871 919
952 286 1871 1165
957 287 1871 1564
958 288 1871 681
962 289 1871 1445
967 290 1871 1586
969 291 1871 939
970 292 1871 584
971 293 1871 626
974 294 1871 1281
975 296 1871 395
975 297 1871 259
975 295 1871 707
976 298 1871 677
976 299 1871 375
980 300 1871 1362
981 301 1871 622
985 302 1871 1345
985 303 1871 18
997 304 1871 1885
1004 305 1871 1733
1005 306 1871 805
