3 0 1086 1323
4 1 1086 639
5 2 1086 578
14 3 1086 1817
23 4 1086 1811
24 5 1086 676
26 6 1086 958
27 7 1086 513
28 8 1086 591
29 9 1086 768
31 10 1086 1009
31 11 1086 147
31 12 1086 297
35 13 1086 1491
40 14 1086 1584
40 15 1086 443
44 16 1086 1451
52 17 1086 1790
54 18 1086 1101
61 19 1086 1698
61 20 1086 386
62 21 1086 775
69 22 1086 1703
69 23 1086 129
70 24 1086 546
80 25 1086 1838
90 26 1086 1836
98 27 1086 1775
99 28 1086 804
103 29 1086 1443
107 30 1086 1397
109 31 1086 931
109 32 1086 310
109 33 1086 93
109 34 1086 320
110 35 1086 758
111 36 1086 841
122 38 1086 305
122 37 1086 1855
123 39 1086 826
125 40 1086 991
128 41 1086 1196
130 42 1086 1040
133 43 1086 1258
133 44 1086 270
133 45 1086 206
137 46 1086 1357
145 47 1086 1794
152 48 1086 1732
153 49 1086 760
153 50 1086 73
153 51 1086 124
162 52 1086 1824
162 53 1086 121
164 54 1086 1063
165 55 1086 548
166 57 1086 448
166 56 1086 861
169 58 1086 1271
183 59 1086 1898
184 60 1086 764
186 61 1086 1107
192 62 1086 1634
194 63 1086 1073
197 64 1086 1296
197 65 1086 78
205 67 1086 203
205 66 1086 1762
208 68 1086 1171
209 69 1086 825
214 70 1086 1526
219 71 1086 1520
223 72 1086 1484
223 73 1086 275
224 74 1086 707
226 75 1086 1115
232 77 1086 445
232 76 1086 1660
240 78 1086 1784
240 79 1086 339
240 80 1086 481
240 81 1086 41
240 82 1086 43
240 83 1086 43
244 84 1086 1370
247 85 1086 1272
249 87 1086 189
249 86 1086 1031
251 88 1086 955
258 89 1086 1696
267 90 1086 1822
267 91 1086 392
268 92 1086 584
268 93 1086 332
268 94 1086 61
277 95 1086 1808
281 96 1086 1486
294 97 1086 1892
307 98 1086 1887
307 99 1086 192
307 100 1086 369
310 101 1086 1154
311 102 1086 623
313 103 1086 906
316 105 1086 477
316 104 1086 1158
317 106 1086 565
322 107 1086 1549
325 108 1086 1338
336 109 1086 1872
337 110 1086 813
337 111 1086 416
338 112 1086 589
340 113 1086 931
344 114 1086 1417
345 115 1086 723
347 116 1086 1063
352 117 1086 1590
358 118 1086 1627
358 119 1086 23
360 120 1086 971
365 121 1086 1572
368 122 1086 1172
372 123 1086 1400
374 124 1086 928
376 125 1086 1133
378 126 1086 936
381 127 1086 1151
381 128 1086 213
382 129 1086 823
387 130 1086 1553
394 131 1086 1693
394 132 1086 482
399 133 1086 1592
412 134 1086 1894
415 135 1086 1251
418 136 1086 1343
420 137 1086 1061
421 138 1086 809
423 139 1086 892
424 140 1086 707
428 141 1086 1406
429 142 1086 775
431 143 1086 1008
433 144 1086 883
437 145 1086 1405
444 146 1086 1728
449 147 1086 1577
450 148 1086 840
453 149 1086 1263
454 150 1086 744
463 151 1086 1821
463 152 1086 264
474 153 1086 1863
477 154 1086 1145
478 155 1086 721
493 156 1086 1907
496 157 1086 1148
510 158 1086 1902
510 159 1086 25
514 160 1086 1465
517 161 1086 1338
520 162 1086 1336
521 163 1086 515
521 164 1086 318
523 165 1086 1045
534 166 1086 1858
536 167 1086 922
538 168 1086 961
538 169 1086 165
541 171 1086 2
541 170 1086 1305
542 172 1086 780
543 173 1086 734
546 174 1086 1241
550 175 1086 1490
551 176 1086 797
551 177 1086 163
552 178 1086 516
556 179 1086 1448
559 180 1086 1330
562 181 1086 1284
562 182 1086 311
564 183 1086 875
564 184 1086 78
570 185 1086 1657
574 186 1086 1428
575 188 1086 446
575 187 1086 544
578 189 1086 1173
581 191 1086 195
581 190 1086 1269
583 192 1086 1084
584 193 1086 784
588 194 1086 1352
591 195 1086 1294
591 196 1086 70
591 197 1086 260
592 198 1086 690
600 199 1086 1763
604 200 1086 1472
605 201 1086 805
606 202 1086 615
607 203 1086 675
619 204 1086 1882
620 205 1086 742
622 206 1086 1040
626 207 1086 1454
627 208 1086 622
632 209 1086 1580
642 210 1086 1849
649 211 1086 1743
650 212 1086 631
650 213 1086 454
651 214 1086 620
651 215 1086 180
653 216 1086 1026
653 217 1086 460
653 218 1086 436
654 219 1086 586
659 220 1086 1541
662 221 1086 1314
662 222 1086 475
669 223 1086 1713
670 224 1086 820
672 225 1086 1110
673 226 1086 842
693 227 1086 1921
696 228 1086 1307
707 229 1086 1871
711 230 1086 1419
712 231 1086 536
716 232 1086 1398
717 233 1086 678
731 234 1086 1901
732 235 1086 524
733 236 1086 669
738 237 1086 1561
740 238 1086 917
743 239 1086 1260
744 240 1086 616
758 241 1086 1899
768 242 1086 1846
769 243 1086 791
772 244 1086 1248
776 245 1086 1451
780 246 1086 1488
781 247 1086 630
781 248 1086 163
784 250 1086 267
784 249 1086 1171
789 251 1086 1534
796 252 1086 1749
796 253 1086 103
796 254 1086 222
796 255 1086 157
796 256 1086 330
797 257 1086 826
805 258 1086 1779
806 259 1086 772
815 260 1086 1825
817 261 1086 1044
817 262 1086 147
818 263 1086 675
818 264 1086 160
821 265 1086 1313
821 266 1086 344
833 269 1086 96
833 268 1086 477
833 267 1086 1878
837 270 1086 1436
841 271 1086 1390
845 272 1086 1468
847 273 1086 1100
860 274 1086 1895
865 275 1086 1566
869 276 1086 1392
875 278 1086 465
875 277 1086 1608
878 279 1086 1294
883 280 1086 1546
883 281 1086 212
891 282 1086 1757
891 283 1086 135
896 284 1086 1604
905 285 1086 1809
906 286 1086 712
909 288 1086 455
909 287 1086 1294
916 289 1086 1743
916 290 1086 193
924 291 1086 1767
931 292 1086 1706
931 293 1086 144
935 294 1086 1360
940 295 1086 1496
948 296 1086 1752
951 297 1086 1170
952 298 1086 631
963 299 1086 1860
965 300 1086 1106
970 301 1086 1535
970 302 1086 152
970 303 1086 67
976 304 1086 1660
977 305 1086 801
977 306 1086 66
