4 0 1689 1430
7 1 1689 1269
8 2 1689 680
10 3 1689 991
10 4 1689 380
28 5 1689 1916
29 6 1689 604
34 7 1689 1604
36 8 1689 1020
42 9 1689 1669
44 10 1689 1031
49 11 1689 1521
51 12 1689 1020
56 13 1689 1527
63 14 1689 1693
65 15 1689 1046
69 19 1689 397
69 18 1689 485
69 16 1689 1347
69 17 1689 474
82 20 1689 1887
82 21 1689 356
83 22 1689 855
89 23 1689 1617
93 24 1689 1425
93 25 1689 353
97 27 1689 478
97 28 1689 456
97 26 1689 1383
102 29 1689 1556
103 30 1689 700
103 31 1689 328
104 32 1689 700
106 33 1689 1074
106 34 1689 170
111 35 1689 1561
112 38 1689 281
112 37 1689 128
112 36 1689 812
113 39 1689 530
113 40 1689 31
116 41 1689 1219
118 42 1689 920
118 43 1689 396
121 45 1689 80
121 46 1689 136
121 44 1689 1275
124 47 1689 1172
128 48 1689 1482
131 49 1689 1171
139 50 1689 1782
140 53 1689 419
140 51 1689 630
140 52 1689 455
148 54 1689 1771
150 56 1689 414
150 55 1689 1073
152 57 1689 987
156 58 1689 1490
156 59 1689 26
157 60 1689 533
157 61 1689 126
160 62 1689 1148
164 63 1689 1389
166 64 1689 968
167 65 1689 702
168 66 1689 821
179 67 1689 1871
183 68 1689 1356
183 69 1689 132
183 70 1689 234
186 71 1689 1219
186 72 1689 193
198 73 1689 1879
198 74 1689 365
199 75 1689 668
203 76 1689 1360
203 77 1689 459
203 78 1689 342
206 79 1689 1344
206 80 1689 217
206 81 1689 210
208 82 1689 920
211 83 1689 1210
218 84 1689 1698
218 85 1689 70
227 86 1689 1798
227 87 1689 280
230 88 1689 1227
232 89 1689 1022
235 90 1689 1147
242 91 1689 1749
243 93 1689 254
243 92 1689 563
265 94 1689 1922
275 95 1689 1830
275 96 1689 71
279 97 1689 1456
283 98 1689 1352
284 99 1689 572
287 101 1689 189
287 100 1689 1184
294 102 1689 1741
298 103 1689 1350
300 104 1689 936
301 105 1689 563
301 106 1689 436
302 107 1689 501
302 108 1689 53
304 109 1689 1103
310 110 1689 1637
322 111 1689 1879
323 113 1689 145
323 112 1689 645
330 114 1689 1733
330 115 1689 322
332 116 1689 1130
343 117 1689 1863
349 118 1689 1615
351 119 1689 898
352 120 1689 829
353 121 1689 540
354 123 1689 333
354 122 1689 644
356 124 1689 910
356 125 1689 409
357 126 1689 655
368 127 1689 1863
380 128 1689 1881
380 129 1689 460
381 130 1689 597
390 131 1689 1828
392 132 1689 1032
399 133 1689 1694
399 134 1689 160
399 135 1689 28
399 136 1689 394
404 137 1689 1495
404 138 1689 273
406 139 1689 1134
411 140 1689 1558
414 143 1689 124
414 141 1689 1297
414 142 1689 226
417 144 1689 1309
420 145 1689 1192
422 148 1689 445
422 146 1689 1104
422 147 1689 418
427 149 1689 1600
428 150 1689 700
428 151 1689 132
436 153 1689 453
436 152 1689 1766
442 154 1689 1668
443 155 1689 644
447 156 1689 1470
451 157 1689 1407
451 158 1689 439
452 159 1689 527
462 161 1689 497
462 160 1689 1833
463 162 1689 544
468 163 1689 1518
469 164 1689 506
476 165 1689 1733
477 166 1689 847
479 167 1689 875
495 168 1689 1910
502 169 1689 1705
512 170 1689 1853
517 171 1689 1559
522 172 1689 1590
522 173 1689 480
525 174 1689 1264
529 175 1689 1457
529 176 1689 313
530 177 1689 520
532 178 1689 949
538 179 1689 1642
541 180 1689 1229
541 181 1689 237
545 182 1689 1418
545 183 1689 281
551 184 1689 1684
551 185 1689 464
551 186 1689 62
552 187 1689 578
552 188 1689 26
556 190 1689 482
556 189 1689 1440
558 191 1689 911
560 192 1689 1055
566 193 1689 1670
569 194 1689 1226
571 195 1689 1061
572 196 1689 752
573 197 1689 632
578 198 1689 1542
583 202 1689 433
583 201 1689 229
583 199 1689 1500
583 200 1689 344
584 203 1689 664
590 204 1689 1671
592 205 1689 1066
592 206 1689 467
595 207 1689 1285
597 210 1689 330
597 209 1689 210
597 208 1689 1113
599 211 1689 950
599 212 1689 458
600 213 1689 722
603 214 1689 1222
608 215 1689 1595
610 216 1689 1004
610 217 1689 262
618 218 1689 1759
618 219 1689 41
624 220 1689 1671
624 221 1689 269
625 222 1689 849
625 223 1689 469
628 224 1689 1222
630 225 1689 942
631 226 1689 503
641 227 1689 1844
644 229 1689 203
644 228 1689 1179
645 230 1689 704
650 231 1689 1606
652 232 1689 902
656 233 1689 1373
659 234 1689 1297
661 235 1689 1000
668 236 1689 1729
669 237 1689 753
670 238 1689 535
671 239 1689 618
692 240 1689 1921
693 241 1689 702
697 242 1689 1389
704 243 1689 1740
706 244 1689 1110
710 247 1689 333
710 248 1689 447
710 245 1689 1457
710 246 1689 452
715 249 1689 1555
715 250 1689 56
715 251 1689 490
716 252 1689 798
721 253 1689 1501
729 254 1689 1754
729 255 1689 75
732 256 1689 1304
745 257 1689 1888
749 258 1689 1367
750 259 1689 729
751 260 1689 562
752 261 1689 548
752 262 1689 106
754 263 1689 910
758 264 1689 1431
759 265 1689 649
759 266 1689 47
761 267 1689 1010
765 268 1689 1349
765 269 1689 221
773 270 1689 1791
773 271 1689 251
779 272 1689 1651
781 273 1689 1140
781 274 1689 45
783 275 1689 968
784 276 1689 804
786 277 1689 1034
789 278 1689 1283
796 279 1689 1690
796 280 1689 489
796 281 1689 169
800 282 1689 1396
805 283 1689 1548
805 284 1689 146
805 285 1689 213
806 286 1689 807
809 287 1689 1326
814 288 1689 1543
817 289 1689 1221
823 290 1689 1621
831 291 1689 1765
834 292 1689 1311
841 293 1689 1731
841 294 1689 55
845 295 1689 1373
846 296 1689 596
846 297 1689 479
846 298 1689 308
846 299 1689 460
850 300 1689 1410
854 301 1689 1367
856 302 1689 908
856 303 1689 225
863 304 1689 1689
870 305 1689 1730
871 306 1689 763
