1 0 977 778
2 1 977 722
3 2 977 811
6 3 977 1344
7 4 977 623
7 5 977 341
11 6 977 1402
12 9 977 6
12 8 977 471
12 7 977 775
13 10 977 526
28 11 977 1905
29 12 977 605
34 13 977 1588
46 14 977 1884
46 15 977 119
47 16 977 571
52 17 977 1523
54 18 977 987
57 19 977 1221
63 20 977 1652
65 21 977 895
66 22 977 734
67 23 977 815
69 24 977 1090
71 25 977 998
71 26 977 6
73 27 977 1088
78 28 977 1579
79 29 977 859
81 30 977 920
83 31 977 886
83 32 977 230
96 33 977 1891
102 34 977 1648
108 38 977 324
108 37 977 20
108 36 977 430
108 35 977 1632
110 39 977 1013
111 40 977 820
116 41 977 1553
127 42 977 1854
130 43 977 1280
130 44 977 481
132 45 977 903
133 46 977 544
136 47 977 1246
141 48 977 1550
143 49 977 871
143 50 977 53
143 51 977 30
146 52 977 1180
146 53 977 424
149 54 977 1335
158 55 977 1807
174 56 977 1912
194 57 977 1920
194 58 977 254
199 59 977 1550
199 60 977 335
199 61 977 313
201 62 977 1121
206 63 977 1536
208 64 977 1011
213 65 977 1565
219 66 977 1675
220 67 977 638
231 68 977 1864
231 69 977 252
237 70 977 1613
238 71 977 550
241 72 977 1198
255 74 977 400
255 75 977 98
255 73 977 1898
257 76 977 966
261 77 977 1379
261 78 977 333
261 79 977 186
261 80 977 453
262 81 977 684
266 82 977 1462
267 83 977 707
268 84 977 806
270 85 977 889
276 86 977 1630
283 87 977 1731
284 88 977 556
292 89 977 1766
298 90 977 1644
298 91 977 434
305 92 977 1690
306 93 977 699
307 94 977 678
308 95 977 506
308 96 977 432
308 97 977 317
308 98 977 269
309 99 977 841
312 100 977 1153
322 101 977 1831
325 102 977 1307
328 103 977 1298
331 104 977 1182
335 105 977 1427
336 106 977 757
339 107 977 1207
339 108 977 23
342 109 977 1236
343 110 977 841
344 111 977 532
349 113 977 68
349 112 977 1587
351 114 977 1097
356 115 977 1575
357 116 977 776
357 117 977 413
358 118 977 730
358 119 977 121
369 120 977 1859
380 123 977 98
380 122 977 81
380 121 977 1868
381 124 977 532
384 125 977 1178
385 126 977 784
386 127 977 499
389 128 977 1219
398 129 977 1819
403 130 977 1591
404 131 977 648
406 132 977 1110
410 133 977 1417
412 134 977 958
413 135 977 546
416 136 977 1302
416 137 977 164
420 138 977 1449
423 141 977 423
423 140 977 131
423 139 977 1303
430 142 977 1708
433 143 977 1245
435 144 977 925
437 145 977 1111
438 146 977 772
444 147 977 1622
449 148 977 1527
451 149 977 1028
457 150 977 1654
457 151 977 18
462 153 977 147
462 152 977 1512
464 154 977 906
467 155 977 1209
474 156 977 1749
477 157 977 1208
478 158 977 765
478 159 977 4
479 161 977 258
479 160 977 642
495 162 977 1912
495 163 977 128
500 164 977 1569
500 165 977 192
504 166 977 1347
504 167 977 169
506 168 977 1035
507 169 977 550
507 170 977 272
508 171 977 611
510 172 977 888
514 173 977 1351
531 174 977 1914
535 175 977 1436
535 176 977 160
536 177 977 761
538 178 977 1097
542 179 977 1345
542 180 977 406
544 181 977 1087
546 182 977 897
546 183 977 191
546 184 977 164
551 185 977 1572
553 186 977 1061
555 187 977 963
556 188 977 511
562 189 977 1673
563 191 977 93
563 190 977 722
566 192 977 1324
570 193 977 1445
571 194 977 661
580 195 977 1798
580 196 977 436
585 197 977 1579
590 198 977 1600
591 199 977 732
598 200 977 1689
599 201 977 603
600 202 977 587
602 203 977 976
603 204 977 755
605 205 977 1042
607 206 977 1054
607 207 977 160
607 208 977 157
611 209 977 1395
613 210 977 1049
615 211 977 987
615 212 977 111
618 213 977 1344
623 214 977 1522
627 215 977 1480
630 216 977 1285
637 217 977 1721
650 218 977 1889
671 219 977 1922
673 220 977 1056
673 221 977 384
678 222 977 1583
681 223 977 1286
689 224 977 1752
689 225 977 179
692 226 977 1212
696 227 977 1368
697 229 977 116
697 228 977 690
699 230 977 999
700 231 977 506
702 232 977 1086
702 233 977 364
707 234 977 1581
714 235 977 1727
715 236 977 499
725 237 977 1845
729 238 977 1360
731 239 977 1046
732 240 977 517
734 241 977 900
735 242 977 805
737 243 977 1040
738 244 977 624
744 245 977 1660
759 246 977 1907
774 247 977 1905
784 248 977 1847
786 249 977 1105
787 250 977 513
788 251 977 640
794 252 977 1615
799 253 977 1603
804 254 977 1601
807 255 977 1305
809 256 977 944
812 257 977 1225
815 258 977 1148
816 259 977 576
824 260 977 1755
830 261 977 1611
834 262 977 1395
834 263 977 41
834 264 977 395
835 265 977 542
844 266 977 1826
850 267 977 1671
856 268 977 1687
863 269 977 1720
865 270 977 980
869 271 977 1365
869 272 977 360
870 273 977 842
874 274 977 1404
874 275 977 155
879 276 977 1503
880 277 977 542
881 278 977 662
881 279 977 92
881 280 977 196
884 281 977 1232
888 282 977 1445
893 283 977 1510
898 284 977 1527
898 285 977 359
899 286 977 816
903 287 977 1408
904 288 977 688
904 289 977 276
905 290 977 782
908 291 977 1198
909 292 977 696
910 293 977 784
913 294 977 1216
914 295 977 831
918 296 977 1430
919 297 977 764
920 298 977 644
920 299 977 81
928 300 977 1758
928 301 977 236
928 302 977 217
928 303 977 127
928 304 977 124
930 305 977 1072
930 306 977 280
