7 0 908 1744
10 1 908 1158
11 2 908 730
12 3 908 772
19 4 908 1717
25 5 908 1634
30 6 908 1600
30 7 908 269
39 8 908 1819
41 9 908 920
42 10 908 661
42 11 908 382
42 12 908 138
45 13 908 1280
50 14 908 1508
53 15 908 1225
57 16 908 1387
57 17 908 137
58 22 908 32
58 21 908 371
58 18 908 557
58 19 908 443
58 20 908 251
66 23 908 1781
67 24 908 533
67 25 908 350
74 26 908 1693
81 27 908 1745
85 28 908 1407
90 29 908 1560
97 30 908 1706
98 31 908 710
99 32 908 747
99 33 908 138
100 34 908 740
100 35 908 167
100 36 908 2
103 37 908 1341
105 38 908 872
114 39 908 1827
117 40 908 1281
119 41 908 898
123 42 908 1363
123 43 908 22
123 44 908 2
123 45 908 172
123 46 908 401
123 47 908 392
125 48 908 1088
130 49 908 1606
137 50 908 1739
141 51 908 1360
141 52 908 460
142 53 908 844
144 54 908 881
148 55 908 1372
150 56 908 1126
152 58 908 238
152 57 908 873
156 59 908 1367
167 60 908 1865
175 61 908 1780
176 62 908 787
176 63 908 259
178 64 908 1139
190 65 908 1876
195 67 908 0
195 66 908 1559
196 68 908 540
199 69 908 1340
202 70 908 1223
202 71 908 46
205 72 908 1189
206 73 908 655
208 74 908 1087
211 75 908 1278
213 77 908 10
213 76 908 932
221 78 908 1779
221 79 908 361
233 80 908 1873
236 81 908 1301
237 82 908 656
244 83 908 1726
251 85 908 345
251 86 908 249
251 84 908 1745
260 87 908 1827
263 88 908 1181
266 89 908 1292
268 90 908 966
270 91 908 1054
272 92 908 1102
276 93 908 1430
289 94 908 1886
293 96 908 111
293 95 908 1425
295 97 908 1104
296 98 908 807
296 99 908 51
297 100 908 537
297 101 908 400
305 102 908 1776
311 104 908 382
311 103 908 1672
318 106 908 170
318 105 908 1693
325 107 908 1729
331 108 908 1682
336 109 908 1527
336 110 908 440
338 111 908 1115
340 112 908 1019
349 113 908 1802
353 114 908 1418
354 115 908 564
356 116 908 1124
358 117 908 985
358 118 908 438
359 119 908 793
365 120 908 1626
371 121 908 1656
372 122 908 743
375 125 908 169
375 124 908 373
375 123 908 1172
376 126 908 868
382 127 908 1684
383 128 908 693
388 129 908 1586
391 130 908 1167
399 131 908 1752
401 132 908 1127
408 133 908 1727
415 134 908 1748
419 135 908 1473
423 136 908 1449
425 137 908 908
428 138 908 1343
428 139 908 51
428 140 908 174
428 141 908 445
428 142 908 145
433 143 908 1578
434 144 908 852
442 145 908 1776
442 146 908 34
445 147 908 1225
445 148 908 12
448 149 908 1322
448 150 908 301
450 151 908 1050
451 154 908 350
451 153 908 14
451 152 908 666
452 155 908 806
457 156 908 1581
458 157 908 604
461 158 908 1299
461 159 908 213
462 160 908 825
462 161 908 411
464 164 908 360
464 163 908 95
464 162 908 1035
465 165 908 612
481 166 908 1912
484 167 908 1216
484 168 908 53
495 169 908 1870
497 170 908 1039
497 171 908 215
502 173 908 386
502 172 908 1567
503 174 908 619
506 175 908 1181
511 176 908 1511
513 177 908 1089
513 178 908 319
514 179 908 522
514 180 908 134
519 181 908 1568
525 182 908 1671
528 183 908 1296
531 184 908 1285
531 185 908 117
533 186 908 1086
535 187 908 1113
539 188 908 1377
541 189 908 942
550 190 908 1816
551 191 908 845
556 192 908 1534
558 193 908 1130
561 194 908 1151
567 195 908 1687
570 196 908 1334
570 197 908 49
573 198 908 1218
573 199 908 239
581 200 908 1788
582 201 908 743
585 202 908 1171
585 203 908 66
585 204 908 282
585 205 908 86
589 206 908 1407
589 207 908 279
592 208 908 1320
594 209 908 1093
597 212 908 284
597 210 908 1219
597 211 908 491
598 213 908 776
598 214 908 79
601 215 908 1181
602 216 908 665
608 217 908 1664
609 218 908 735
609 219 908 243
613 220 908 1451
614 221 908 799
622 222 908 1763
624 223 908 1036
624 224 908 53
624 225 908 194
625 226 908 605
625 227 908 437
628 228 908 1160
629 229 908 856
637 230 908 1771
641 231 908 1462
650 232 908 1796
650 233 908 80
651 234 908 659
654 235 908 1315
654 236 908 396
659 237 908 1604
661 238 908 1013
664 239 908 1199
665 240 908 634
666 241 908 806
673 242 908 1718
673 243 908 283
679 244 908 1647
682 245 908 1324
683 246 908 560
684 247 908 758
686 248 908 1051
699 249 908 1894
701 250 908 1022
706 251 908 1595
709 252 908 1239
711 253 908 975
712 254 908 713
714 255 908 989
716 259 908 88
716 258 908 13
716 257 908 134
716 256 908 905
720 260 908 1405
722 261 908 970
724 262 908 1044
724 263 908 463
727 264 908 1247
733 265 908 1682
734 267 908 204
734 268 908 117
734 266 908 620
735 269 908 688
736 270 908 785
738 271 908 985
739 272 908 650
743 273 908 1460
748 274 908 1533
749 275 908 644
751 276 908 1005
755 277 908 1479
758 278 908 1314
759 279 908 654
764 280 908 1558
772 281 908 1772
775 282 908 1310
778 283 908 1190
786 285 908 176
786 284 908 1758
786 286 908 222
787 287 908 821
790 288 908 1291
795 289 908 1595
795 290 908 410
795 291 908 261
800 292 908 1591
802 293 908 925
809 294 908 1718
814 295 908 1588
820 296 908 1687
823 297 908 1254
825 298 908 961
838 299 908 1889
839 300 908 704
839 301 908 356
840 302 908 640
840 303 908 363
842 305 908 37
842 304 908 1109
844 306 908 944
