1 0 1441 584
2 1 1441 686
2 2 1441 71
3 3 1441 689
6 4 1441 1328
10 5 1441 1456
15 6 1441 1511
16 9 1441 188
16 8 1441 280
16 7 1441 696
17 10 1441 851
18 11 1441 612
24 12 1441 1676
27 13 1441 1166
45 14 1441 1917
45 15 1441 375
45 16 1441 294
47 17 1441 976
50 18 1441 1218
55 19 1441 1519
56 20 1441 604
59 21 1441 1204
67 22 1441 1787
68 23 1441 515
68 24 1441 368
68 25 1441 129
71 26 1441 1220
75 27 1441 1414
81 29 1441 223
81 28 1441 1659
82 30 1441 670
82 31 1441 356
83 32 1441 651
83 33 1441 177
86 34 1441 1179
91 35 1441 1549
93 36 1441 893
99 37 1441 1620
100 38 1441 642
103 39 1441 1257
103 40 1441 107
104 41 1441 633
105 42 1441 673
113 43 1441 1751
114 44 1441 861
122 45 1441 1757
126 46 1441 1468
128 47 1441 1097
129 48 1441 771
130 49 1441 667
137 50 1441 1714
138 51 1441 525
145 52 1441 1728
148 53 1441 1285
149 54 1441 746
152 55 1441 1304
153 56 1441 824
157 58 1441 321
157 57 1441 1481
160 59 1441 1199
160 60 1441 235
160 61 1441 97
162 62 1441 961
162 63 1441 57
166 64 1441 1442
166 65 1441 495
179 66 1441 1886
184 67 1441 1499
200 68 1441 1912
200 69 1441 367
204 70 1441 1406
205 71 1441 598
205 72 1441 333
217 73 1441 1885
221 74 1441 1411
235 75 1441 1896
236 77 1441 35
236 76 1441 531
241 78 1441 1579
242 79 1441 536
243 80 1441 585
243 81 1441 123
244 82 1441 642
246 83 1441 992
246 84 1441 433
246 85 1441 144
247 86 1441 553
250 87 1441 1291
254 88 1441 1356
263 89 1441 1800
264 90 1441 725
267 91 1441 1337
270 92 1441 1299
274 93 1441 1368
276 95 1441 10
276 94 1441 1022
281 96 1441 1596
282 97 1441 616
282 98 1441 309
282 99 1441 366
291 100 1441 1795
304 101 1441 1894
306 103 1441 403
306 102 1441 1110
309 104 1441 1185
311 105 1441 1116
311 106 1441 192
319 107 1441 1767
328 108 1441 1798
329 109 1441 775
330 110 1441 772
331 111 1441 789
340 112 1441 1826
347 113 1441 1709
348 115 1441 111
348 114 1441 613
352 116 1441 1379
365 117 1441 1894
370 118 1441 1548
373 119 1441 1298
384 120 1441 1866
385 121 1441 595
385 122 1441 143
385 123 1441 111
390 125 1441 68
390 124 1441 1567
393 126 1441 1223
395 127 1441 890
396 128 1441 862
400 129 1441 1401
400 130 1441 299
410 131 1441 1840
416 132 1441 1651
419 133 1441 1213
420 134 1441 665
421 135 1441 615
423 136 1441 938
423 137 1441 238
430 138 1441 1731
433 139 1441 1242
445 140 1441 1877
446 141 1441 710
450 142 1441 1417
451 143 1441 581
453 144 1441 1027
464 145 1441 1860
468 146 1441 1435
473 147 1441 1514
474 148 1441 754
476 149 1441 910
477 150 1441 555
483 151 1441 1627
485 152 1441 993
487 154 1441 424
487 153 1441 935
490 155 1441 1200
498 156 1441 1751
500 157 1441 998
501 158 1441 761
503 159 1441 1117
512 160 1441 1817
515 161 1441 1226
517 164 1441 475
517 163 1441 397
517 162 1441 905
518 165 1441 857
520 166 1441 1063
521 167 1441 613
523 168 1441 1044
546 169 1441 1923
548 170 1441 1098
550 172 1441 162
550 173 1441 305
550 171 1441 1140
554 174 1441 1345
557 175 1441 1156
559 176 1441 1102
563 177 1441 1487
565 178 1441 1009
571 179 1441 1632
572 180 1441 558
578 182 1441 136
578 181 1441 1634
590 183 1441 1877
591 184 1441 845
592 185 1441 596
593 186 1441 847
594 187 1441 715
595 188 1441 788
599 189 1441 1389
600 190 1441 789
611 191 1441 1865
615 192 1441 1402
616 193 1441 614
620 194 1441 1350
621 195 1441 650
628 196 1441 1730
630 197 1441 1020
630 198 1441 105
630 199 1441 170
631 200 1441 797
632 202 1441 470
632 201 1441 822
633 203 1441 755
640 204 1441 1737
643 205 1441 1339
647 206 1441 1464
648 207 1441 687
653 208 1441 1515
656 210 1441 98
656 211 1441 264
656 209 1441 1192
673 212 1441 1914
675 213 1441 1053
676 214 1441 559
676 215 1441 183
678 216 1441 1089
680 217 1441 953
684 218 1441 1476
693 220 1441 10
693 221 1441 348
693 219 1441 1803
700 222 1441 1749
705 223 1441 1579
707 224 1441 1133
710 225 1441 1158
716 226 1441 1662
720 227 1441 1473
722 228 1441 879
723 229 1441 694
727 231 1441 82
727 230 1441 1351
731 232 1441 1381
732 233 1441 838
733 234 1441 835
739 235 1441 1660
742 236 1441 1163
745 237 1441 1305
745 238 1441 140
749 239 1441 1430
751 241 1441 159
751 240 1441 1057
753 242 1441 1124
758 243 1441 1520
761 244 1441 1291
762 245 1441 525
774 246 1441 1875
774 247 1441 349
774 248 1441 55
777 249 1441 1167
781 250 1441 1486
782 251 1441 776
786 252 1441 1469
786 253 1441 227
786 254 1441 160
786 255 1441 448
788 256 1441 997
789 257 1441 815
794 258 1441 1547
795 259 1441 578
800 260 1441 1601
817 261 1441 1915
824 262 1441 1733
825 263 1441 820
833 264 1441 1766
833 265 1441 16
834 266 1441 807
836 267 1441 1075
836 268 1441 218
837 269 1441 823
839 270 1441 944
846 271 1441 1709
847 272 1441 813
847 273 1441 45
848 274 1441 746
856 275 1441 1775
859 276 1441 1148
859 277 1441 228
859 278 1441 288
860 279 1441 608
863 280 1441 1207
866 281 1441 1313
870 282 1441 1418
876 283 1441 1637
878 284 1441 1133
879 285 1441 574
880 286 1441 537
883 287 1441 1154
884 289 1441 386
884 288 1441 677
885 290 1441 663
885 291 1441 347
891 292 1441 1683
895 293 1441 1486
903 294 1441 1753
905 295 1441 1066
905 296 1441 351
905 297 1441 304
911 298 1441 1679
914 299 1441 1275
920 300 1441 1642
921 301 1441 800
921 302 1441 130
924 303 1441 1157
924 304 1441 222
931 305 1441 1701
944 306 1441 1888
