4 0 1842 1353
4 1 1842 420
5 2 1842 701
8 3 1842 1241
10 4 1842 1078
16 5 1842 1672
22 6 1842 1613
22 7 1842 269
26 8 1842 1396
28 9 1842 907
34 10 1842 1645
39 11 1842 1511
40 12 1842 668
43 13 1842 1210
45 14 1842 1106
49 15 1842 1443
51 16 1842 1009
53 17 1842 1009
56 18 1842 1162
63 19 1842 1735
64 20 1842 862
68 21 1842 1397
68 22 1842 383
73 23 1842 1523
76 24 1842 1297
77 25 1842 502
80 27 1842 116
80 26 1842 1306
81 28 1842 728
81 29 1842 144
83 30 1842 1088
84 31 1842 704
92 32 1842 1763
93 33 1842 813
94 35 1842 132
94 34 1842 796
98 36 1842 1466
101 37 1842 1151
102 38 1842 602
102 39 1842 251
103 40 1842 519
108 41 1842 1551
111 42 1842 1146
118 43 1842 1716
121 44 1842 1220
121 45 1842 304
127 46 1842 1654
128 47 1842 504
130 48 1842 1030
131 49 1842 867
138 50 1842 1735
142 51 1842 1443
142 52 1842 417
153 53 1842 1870
155 54 1842 1116
167 56 1842 37
167 55 1842 1881
169 57 1842 1103
180 58 1842 1869
181 59 1842 575
181 60 1842 366
186 61 1842 1496
190 62 1842 1465
193 63 1842 1252
200 64 1842 1744
202 65 1842 941
208 66 1842 1673
216 67 1842 1780
216 68 1842 414
218 69 1842 973
232 70 1842 1902
240 71 1842 1782
240 72 1842 406
242 73 1842 911
245 74 1842 1215
248 76 1842 250
248 75 1842 1235
249 77 1842 591
249 78 1842 302
251 79 1842 993
252 80 1842 772
253 81 1842 801
255 82 1842 1011
263 84 1842 333
263 83 1842 1786
268 85 1842 1569
268 86 1842 286
277 87 1842 1817
283 88 1842 1621
284 89 1842 839
284 90 1842 94
284 91 1842 363
287 92 1842 1207
287 93 1842 27
296 94 1842 1809
298 95 1842 948
298 96 1842 85
307 97 1842 1819
321 98 1842 1897
321 99 1842 279
322 100 1842 555
331 101 1842 1799
331 102 1842 90
331 103 1842 56
333 104 1842 890
345 105 1842 1878
347 106 1842 1037
351 107 1842 1431
352 108 1842 654
361 109 1842 1806
367 110 1842 1630
371 111 1842 1371
372 112 1842 800
374 113 1842 875
381 114 1842 1727
385 115 1842 1490
385 116 1842 485
390 117 1842 1604
392 118 1842 919
392 119 1842 174
393 120 1842 654
401 121 1842 1780
401 122 1842 158
406 123 1842 1500
408 124 1842 879
413 125 1842 1538
414 126 1842 575
414 127 1842 378
416 128 1842 1026
416 129 1842 267
419 131 1842 356
419 130 1842 1150
420 132 1842 618
420 133 1842 23
420 134 1842 437
422 135 1842 898
423 136 1842 711
425 137 1842 954
427 139 1842 380
427 138 1842 896
428 140 1842 532
429 141 1842 780
432 142 1842 1163
439 143 1842 1740
441 144 1842 1133
442 145 1842 648
446 150 1842 462
446 149 1842 319
446 151 1842 406
446 147 1842 331
446 146 1842 1487
446 148 1842 224
448 152 1842 899
455 153 1842 1723
460 154 1842 1550
461 155 1842 700
467 156 1842 1640
468 157 1842 514
470 158 1842 1102
473 159 1842 1276
476 160 1842 1303
477 163 1842 387
477 162 1842 405
477 161 1842 658
478 164 1842 655
481 165 1842 1274
482 166 1842 752
483 167 1842 776
483 168 1842 437
484 169 1842 829
485 170 1842 778
489 171 1842 1455
490 172 1842 708
491 173 1842 539
496 174 1842 1566
505 175 1842 1799
506 182 1842 154
506 181 1842 243
506 179 1842 231
506 180 1842 50
506 177 1842 343
506 176 1842 617
506 178 1842 366
507 183 1842 706
514 184 1842 1729
515 185 1842 744
519 186 1842 1381
520 188 1842 398
520 187 1842 820
526 189 1842 1662
529 191 1842 196
529 190 1842 1182
537 192 1842 1777
542 193 1842 1544
544 194 1842 1002
553 195 1842 1799
553 196 1842 374
554 197 1842 775
556 198 1842 1084
564 199 1842 1784
573 200 1842 1820
574 201 1842 711
583 202 1842 1819
586 203 1842 1319
590 204 1842 1465
592 205 1842 931
598 206 1842 1622
598 207 1842 360
598 208 1842 156
604 210 1842 82
604 209 1842 1676
607 211 1842 1297
607 212 1842 148
609 213 1842 870
612 214 1842 1225
614 215 1842 1059
615 216 1842 503
621 217 1842 1623
622 218 1842 582
632 219 1842 1836
641 220 1842 1817
652 221 1842 1856
652 222 1842 378
653 223 1842 699
658 224 1842 1571
659 225 1842 582
664 226 1842 1603
666 227 1842 1088
670 228 1842 1462
677 229 1842 1692
681 230 1842 1424
689 231 1842 1766
692 232 1842 1183
693 233 1842 507
693 234 1842 335
696 235 1842 1264
696 236 1842 348
697 237 1842 760
700 238 1842 1165
701 239 1842 798
703 240 1842 1046
705 241 1842 1021
706 242 1842 663
707 243 1842 647
712 244 1842 1580
721 245 1842 1810
721 246 1842 48
723 247 1842 906
723 248 1842 319
734 249 1842 1867
737 250 1842 1295
738 251 1842 675
738 252 1842 193
741 253 1842 1173
754 254 1842 1891
767 255 1842 1889
767 256 1842 332
769 257 1842 1119
775 258 1842 1673
777 259 1842 883
780 260 1842 1253
781 261 1842 533
782 262 1842 823
782 263 1842 389
782 264 1842 252
782 265 1842 241
782 266 1842 113
787 267 1842 1565
788 268 1842 535
800 269 1842 1885
801 270 1842 710
807 271 1842 1668
807 272 1842 458
814 273 1842 1709
815 274 1842 789
816 275 1842 796
819 276 1842 1192
825 277 1842 1656
827 278 1842 1044
833 279 1842 1685
834 280 1842 534
835 281 1842 696
836 282 1842 769
841 283 1842 1519
841 284 1842 397
842 285 1842 748
847 287 1842 10
847 286 1842 1573
848 288 1842 541
848 289 1842 371
850 290 1842 931
853 291 1842 1154
855 292 1842 1011
855 293 1842 281
859 294 1842 1469
860 296 1842 197
860 298 1842 395
860 295 1842 512
860 297 1842 274
863 299 1842 1339
870 303 1842 358
870 300 1842 1697
870 301 1842 407
870 302 1842 371
873 304 1842 1156
878 305 1842 1551
878 306 1842 217
