0 0 1501 162
4 1 1501 1425
8 2 1501 1370
13 3 1501 1588
16 4 1501 1298
16 5 1501 230
17 6 1501 662
19 7 1501 1098
21 8 1501 936
26 9 1501 1584
31 10 1501 1534
31 11 1501 243
31 12 1501 221
31 13 1501 226
36 14 1501 1525
39 15 1501 1223
40 16 1501 534
41 17 1501 744
56 18 1501 1904
61 19 1501 1545
66 20 1501 1521
66 21 1501 91
73 22 1501 1703
75 23 1501 1129
76 24 1501 662
81 25 1501 1582
81 26 1501 471
83 28 1501 216
83 27 1501 1089
96 29 1501 1887
96 30 1501 243
102 31 1501 1631
102 32 1501 388
102 33 1501 386
110 34 1501 1753
110 35 1501 344
110 36 1501 345
111 37 1501 669
113 38 1501 1095
113 39 1501 117
113 40 1501 481
118 41 1501 1500
119 42 1501 569
128 43 1501 1814
133 44 1501 1587
133 45 1501 215
143 46 1501 1829
145 47 1501 986
147 48 1501 991
151 49 1501 1416
152 50 1501 571
152 51 1501 308
152 52 1501 30
160 53 1501 1789
160 54 1501 416
160 55 1501 70
166 57 1501 240
166 56 1501 1647
168 58 1501 926
174 59 1501 1641
180 60 1501 1683
185 61 1501 1498
187 62 1501 881
189 63 1501 973
192 64 1501 1341
201 65 1501 1827
209 66 1501 1780
217 67 1501 1759
217 68 1501 398
220 69 1501 1181
222 70 1501 877
230 71 1501 1789
235 72 1501 1574
243 73 1501 1787
245 74 1501 1063
245 75 1501 21
249 76 1501 1447
258 77 1501 1814
262 78 1501 1467
262 79 1501 446
268 80 1501 1677
272 81 1501 1410
272 82 1501 98
273 83 1501 725
276 84 1501 1316
287 85 1501 1860
292 86 1501 1601
293 87 1501 523
306 88 1501 1895
312 89 1501 1683
313 90 1501 622
313 91 1501 105
319 92 1501 1668
323 93 1501 1379
323 94 1501 358
325 95 1501 908
326 96 1501 618
331 97 1501 1520
331 98 1501 473
337 99 1501 1685
337 100 1501 360
337 101 1501 70
338 102 1501 588
345 103 1501 1734
346 104 1501 538
347 105 1501 707
348 106 1501 658
348 107 1501 167
349 108 1501 726
349 109 1501 395
350 110 1501 548
358 111 1501 1757
359 112 1501 698
359 113 1501 479
372 115 1501 273
372 114 1501 1888
376 116 1501 1399
376 117 1501 156
381 118 1501 1582
385 119 1501 1405
385 120 1501 225
388 121 1501 1257
396 122 1501 1788
397 123 1501 639
398 124 1501 559
399 125 1501 772
399 126 1501 120
399 127 1501 195
403 128 1501 1428
403 129 1501 154
406 130 1501 1327
416 131 1501 1851
419 132 1501 1341
426 134 1501 86
426 133 1501 1706
432 135 1501 1607
433 136 1501 821
433 137 1501 288
433 138 1501 186
434 139 1501 609
437 140 1501 1201
441 141 1501 1433
448 142 1501 1722
453 143 1501 1500
455 144 1501 1135
456 145 1501 789
459 146 1501 1331
462 147 1501 1189
466 148 1501 1415
466 149 1501 84
470 151 1501 462
470 150 1501 1434
481 152 1501 1863
483 153 1501 992
487 154 1501 1459
489 155 1501 1027
489 156 1501 206
501 157 1501 1873
504 158 1501 1175
511 159 1501 1690
512 160 1501 586
512 161 1501 462
513 162 1501 664
514 163 1501 571
516 164 1501 992
517 165 1501 621
517 166 1501 416
519 167 1501 916
519 168 1501 393
519 169 1501 281
523 170 1501 1377
525 171 1501 1110
538 172 1501 1894
540 174 1501 203
540 173 1501 973
541 175 1501 717
545 176 1501 1460
545 177 1501 288
549 178 1501 1429
556 179 1501 1694
560 180 1501 1366
561 181 1501 856
562 182 1501 705
565 183 1501 1344
566 184 1501 645
567 185 1501 865
583 186 1501 1913
583 187 1501 348
583 188 1501 247
585 189 1501 983
589 190 1501 1400
591 191 1501 872
593 194 1501 22
593 192 1501 1038
593 193 1501 420
594 195 1501 739
595 196 1501 769
598 197 1501 1150
599 198 1501 507
600 199 1501 513
600 200 1501 372
600 201 1501 414
601 202 1501 796
603 203 1501 1133
604 204 1501 632
604 205 1501 323
604 206 1501 493
606 207 1501 889
607 208 1501 788
608 209 1501 741
612 210 1501 1492
622 212 1501 443
622 211 1501 1842
626 213 1501 1406
626 214 1501 324
632 215 1501 1654
638 216 1501 1682
641 217 1501 1245
651 218 1501 1850
651 219 1501 127
652 220 1501 633
652 221 1501 67
653 222 1501 668
656 223 1501 1334
657 224 1501 805
658 225 1501 504
658 226 1501 72
662 227 1501 1473
664 228 1501 950
668 229 1501 1389
680 231 1501 309
680 230 1501 1872
687 232 1501 1705
689 233 1501 916
692 234 1501 1321
694 235 1501 951
694 236 1501 60
699 237 1501 1497
700 239 1501 322
700 240 1501 372
700 238 1501 712
702 241 1501 1023
706 242 1501 1485
710 243 1501 1431
714 244 1501 1415
718 245 1501 1483
718 246 1501 429
723 248 1501 96
723 247 1501 1556
723 249 1501 293
725 250 1501 982
729 251 1501 1449
732 252 1501 1225
732 253 1501 380
741 254 1501 1804
741 255 1501 305
747 256 1501 1670
751 260 1501 250
751 259 1501 127
751 257 1501 1386
751 258 1501 327
753 261 1501 944
764 262 1501 1863
767 263 1501 1323
768 264 1501 793
771 265 1501 1183
771 266 1501 137
775 267 1501 1452
775 268 1501 84
778 269 1501 1297
783 270 1501 1593
783 271 1501 184
784 272 1501 532
789 273 1501 1528
795 274 1501 1679
800 275 1501 1535
801 276 1501 507
804 277 1501 1162
814 278 1501 1843
817 279 1501 1247
817 280 1501 75
817 281 1501 440
821 282 1501 1377
822 283 1501 657
822 284 1501 407
822 285 1501 423
824 286 1501 1009
827 287 1501 1324
829 288 1501 1037
831 289 1501 1016
834 290 1501 1206
835 291 1501 598
838 292 1501 1169
839 293 1501 584
839 294 1501 71
843 295 1501 1352
845 297 1501 161
845 296 1501 1084
846 298 1501 637
846 299 1501 232
850 300 1501 1345
852 301 1501 902
856 302 1501 1472
857 303 1501 723
858 304 1501 624
859 305 1501 797
861 306 1501 916
