16 0 1665 1912
20 1 1665 1487
25 2 1665 1602
31 3 1665 1667
44 4 1665 1889
49 5 1665 1600
50 6 1665 703
54 7 1665 1351
61 10 1665 136
61 8 1665 1694
61 9 1665 201
68 11 1665 1722
75 12 1665 1750
75 13 1665 410
76 14 1665 543
81 15 1665 1599
89 16 1665 1755
96 19 1665 8
96 18 1665 271
96 17 1665 1706
99 20 1665 1187
99 21 1665 94
100 22 1665 504
102 23 1665 1138
102 24 1665 185
102 25 1665 29
105 26 1665 1264
113 27 1665 1769
116 28 1665 1332
131 29 1665 1906
133 30 1665 1093
136 31 1665 1203
157 32 1665 1921
160 33 1665 1159
166 34 1665 1641
167 35 1665 829
172 36 1665 1560
180 37 1665 1751
185 38 1665 1517
199 39 1665 1900
199 40 1665 262
210 41 1665 1854
216 42 1665 1638
217 43 1665 729
219 44 1665 1036
220 45 1665 677
222 46 1665 1027
223 48 1665 288
223 47 1665 745
224 49 1665 575
230 50 1665 1663
230 51 1665 332
232 52 1665 1058
233 53 1665 630
234 54 1665 582
243 55 1665 1818
245 57 1665 463
245 56 1665 983
249 58 1665 1482
260 59 1665 1859
260 60 1665 336
261 61 1665 859
261 62 1665 18
268 63 1665 1712
270 64 1665 1033
271 65 1665 858
278 66 1665 1725
279 67 1665 590
280 68 1665 694
286 69 1665 1638
286 70 1665 38
286 71 1665 4
286 72 1665 189
286 73 1665 295
292 74 1665 1671
295 76 1665 381
295 75 1665 1257
302 77 1665 1699
302 78 1665 102
306 79 1665 1432
308 80 1665 927
309 81 1665 519
313 82 1665 1480
314 84 1665 243
314 83 1665 756
315 85 1665 761
315 86 1665 145
318 87 1665 1291
319 88 1665 577
326 89 1665 1748
334 90 1665 1770
336 92 1665 269
336 91 1665 1096
341 93 1665 1582
346 94 1665 1564
349 95 1665 1327
359 96 1665 1835
369 97 1665 1850
375 98 1665 1621
375 99 1665 177
377 100 1665 877
377 101 1665 436
377 102 1665 51
378 103 1665 574
379 104 1665 536
385 105 1665 1659
385 106 1665 143
386 107 1665 762
388 108 1665 883
391 109 1665 1249
395 110 1665 1437
398 111 1665 1208
398 112 1665 361
398 113 1665 49
400 114 1665 931
407 115 1665 1742
410 116 1665 1304
413 117 1665 1186
417 118 1665 1469
417 119 1665 271
418 120 1665 712
418 121 1665 434
418 122 1665 12
420 123 1665 870
428 124 1665 1793
429 125 1665 867
435 126 1665 1659
436 127 1665 531
437 128 1665 656
437 129 1665 343
441 131 1665 455
441 132 1665 78
441 130 1665 1347
451 133 1665 1849
452 134 1665 555
452 135 1665 491
452 136 1665 467
454 137 1665 905
454 138 1665 219
455 139 1665 508
456 140 1665 617
459 142 1665 407
459 141 1665 1307
462 143 1665 1253
462 144 1665 310
463 145 1665 562
464 146 1665 735
464 147 1665 219
465 148 1665 650
472 149 1665 1747
472 150 1665 23
473 151 1665 648
473 152 1665 380
477 153 1665 1349
481 154 1665 1390
481 155 1665 442
481 156 1665 423
483 157 1665 1105
484 158 1665 706
489 159 1665 1594
516 160 1665 1924
521 162 1665 105
521 161 1665 1536
522 163 1665 539
531 164 1665 1826
533 165 1665 981
535 166 1665 1130
535 167 1665 436
539 168 1665 1419
539 169 1665 440
542 170 1665 1274
542 171 1665 398
544 172 1665 966
546 173 1665 960
551 174 1665 1579
554 175 1665 1330
554 176 1665 26
555 177 1665 684
556 178 1665 560
559 179 1665 1230
559 180 1665 131
563 181 1665 1440
572 182 1665 1805
573 183 1665 834
573 184 1665 320
574 185 1665 699
574 186 1665 75
575 187 1665 653
575 188 1665 459
575 189 1665 112
575 190 1665 67
578 192 1665 198
578 191 1665 1287
579 193 1665 550
580 194 1665 509
582 195 1665 1005
585 196 1665 1202
593 197 1665 1792
597 198 1665 1351
600 199 1665 1254
604 201 1665 299
604 200 1665 1356
605 202 1665 725
605 203 1665 210
605 204 1665 472
610 205 1665 1550
615 206 1665 1606
618 207 1665 1344
625 209 1665 60
625 208 1665 1695
625 210 1665 415
631 211 1665 1664
632 212 1665 545
636 213 1665 1401
640 214 1665 1463
640 215 1665 483
646 216 1665 1656
649 217 1665 1196
649 218 1665 219
651 219 1665 1127
653 221 1665 476
653 220 1665 906
667 222 1665 1901
670 223 1665 1306
670 224 1665 373
686 225 1665 1912
686 226 1665 199
686 227 1665 416
686 228 1665 451
687 231 1665 158
687 230 1665 128
687 229 1665 573
690 232 1665 1257
693 233 1665 1231
702 234 1665 1798
710 235 1665 1757
711 236 1665 715
716 237 1665 1595
716 238 1665 361
717 239 1665 694
719 240 1665 1017
720 241 1665 655
722 242 1665 883
722 243 1665 399
728 244 1665 1621
728 245 1665 327
729 246 1665 741
730 247 1665 722
732 249 1665 25
732 248 1665 1011
735 250 1665 1274
735 251 1665 5
740 252 1665 1573
740 253 1665 224
740 254 1665 347
742 255 1665 880
742 256 1665 322
745 257 1665 1343
753 258 1665 1761
753 259 1665 485
757 260 1665 1350
760 261 1665 1190
762 262 1665 893
764 263 1665 1121
775 265 1665 256
775 266 1665 407
775 264 1665 1857
778 267 1665 1239
783 268 1665 1527
789 269 1665 1631
796 270 1665 1693
796 271 1665 61
797 272 1665 834
801 273 1665 1449
801 274 1665 110
801 275 1665 250
806 276 1665 1517
811 277 1665 1502
817 278 1665 1609
817 279 1665 45
820 280 1665 1170
824 281 1665 1402
827 282 1665 1329
827 283 1665 426
830 284 1665 1224
830 285 1665 122
831 286 1665 510
833 287 1665 1032
835 288 1665 883
837 289 1665 918
841 290 1665 1435
844 291 1665 1296
852 292 1665 1758
861 293 1665 1801
864 294 1665 1269
872 295 1665 1752
878 296 1665 1687
884 298 1665 467
884 297 1665 1686
888 299 1665 1364
898 300 1665 1845
902 301 1665 1427
904 302 1665 1120
907 303 1665 1305
907 304 1665 256
910 305 1665 1212
912 306 1665 1096
