2 0 434 1118
7 1 434 1516
10 2 434 1154
10 3 434 231
10 4 434 187
11 5 434 855
16 6 434 1603
20 7 434 1492
35 8 434 1907
36 9 434 520
41 10 434 1507
50 11 434 1824
50 12 434 122
54 13 434 1429
62 14 434 1760
63 15 434 562
64 16 434 737
68 17 434 1409
69 18 434 621
72 19 434 1144
72 20 434 82
75 21 434 1164
83 22 434 1787
83 23 434 384
88 27 434 0
88 26 434 231
88 24 434 1511
88 25 434 343
99 28 434 1854
100 29 434 534
100 30 434 397
105 31 434 1496
105 32 434 456
106 33 434 613
112 35 434 215
112 36 434 35
112 34 434 1624
113 37 434 534
120 38 434 1689
121 39 434 753
126 40 434 1590
134 41 434 1762
135 42 434 658
139 43 434 1422
140 45 434 425
140 44 434 675
142 46 434 1123
148 47 434 1658
149 48 434 805
151 49 434 1006
152 50 434 564
157 51 434 1504
161 52 434 1383
169 53 434 1758
174 54 434 1546
186 55 434 1878
192 56 434 1653
193 57 434 769
194 58 434 645
202 59 434 1769
203 60 434 624
208 61 434 1602
213 62 434 1563
217 65 434 10
217 63 434 1372
217 64 434 123
221 66 434 1367
225 67 434 1434
232 68 434 1730
237 69 434 1545
238 70 434 526
238 71 434 203
244 72 434 1645
252 73 434 1793
256 75 434 245
256 74 434 1479
257 76 434 506
257 77 434 364
263 78 434 1633
265 79 434 1085
268 80 434 1145
268 81 434 497
270 82 434 1120
271 83 434 847
284 84 434 1894
285 85 434 818
285 86 434 113
286 87 434 623
288 88 434 991
294 89 434 1670
294 90 434 486
297 91 434 1190
306 92 434 1814
316 94 434 129
316 93 434 1845
332 95 434 1913
332 96 434 199
335 97 434 1210
338 98 434 1299
339 99 434 665
341 100 434 983
347 101 434 1613
357 102 434 1853
360 105 434 361
360 103 434 1185
360 104 434 479
368 106 434 1783
373 107 434 1514
373 108 434 278
376 109 434 1301
380 110 434 1372
383 111 434 1289
385 112 434 1061
389 113 434 1484
390 114 434 624
390 115 434 126
390 116 434 481
391 117 434 715
395 118 434 1403
398 119 434 1230
407 120 434 1821
408 123 434 59
408 122 434 443
408 121 434 743
410 124 434 1058
413 125 434 1260
413 126 434 313
420 127 434 1725
426 128 434 1664
430 129 434 1491
430 130 434 45
433 131 434 1220
435 132 434 990
437 133 434 967
437 134 434 102
441 135 434 1456
442 136 434 569
453 137 434 1860
453 138 434 368
458 139 434 1533
460 140 434 959
461 141 434 523
461 142 434 344
467 143 434 1614
467 144 434 298
469 145 434 1122
469 146 434 129
469 147 434 329
472 148 434 1220
472 149 434 2
476 150 434 1431
480 151 434 1408
487 153 434 69
487 152 434 1732
488 154 434 769
488 155 434 239
491 156 434 1170
499 157 434 1793
499 158 434 126
502 159 434 1144
502 160 434 47
502 161 434 58
510 162 434 1775
511 163 434 712
514 164 434 1255
514 165 434 151
514 166 434 298
514 167 434 93
518 168 434 1382
520 169 434 1092
524 170 434 1482
525 172 434 347
525 171 434 546
533 173 434 1794
533 174 434 270
536 175 434 1297
536 176 434 399
537 177 434 753
543 178 434 1686
554 179 434 1860
556 180 434 1130
571 181 434 1908
572 182 434 504
578 183 434 1661
578 184 434 59
579 185 434 561
583 186 434 1413
585 187 434 921
585 188 434 198
593 190 434 285
593 189 434 1788
594 191 434 700
601 192 434 1733
604 193 434 1148
608 194 434 1486
610 195 434 900
611 196 434 673
616 198 434 359
616 199 434 146
616 197 434 1557
617 200 434 824
617 201 434 36
619 202 434 872
619 203 434 127
619 204 434 445
621 205 434 884
623 206 434 1061
634 207 434 1862
641 208 434 1723
645 209 434 1396
653 210 434 1765
653 211 434 417
653 212 434 107
653 213 434 191
653 214 434 13
653 215 434 63
657 217 434 114
657 216 434 1479
658 218 434 652
659 219 434 693
660 220 434 662
663 221 434 1301
672 222 434 1819
677 223 434 1518
678 224 434 806
679 225 434 781
680 226 434 738
682 227 434 1123
682 228 434 308
685 229 434 1294
686 230 434 624
687 231 434 766
687 232 434 394
692 233 434 1539
694 234 434 1036
696 235 434 1094
698 236 434 1036
698 237 434 376
701 238 434 1216
703 239 434 1100
707 240 434 1425
711 241 434 1476
713 242 434 1123
714 243 434 727
714 244 434 23
722 245 434 1793
723 246 434 592
728 247 434 1541
730 248 434 1135
734 249 434 1423
738 250 434 1346
739 251 434 559
741 252 434 904
746 253 434 1590
750 254 434 1409
754 256 434 142
754 255 434 1447
757 257 434 1278
760 258 434 1245
765 259 434 1588
765 260 434 146
776 261 434 1863
781 262 434 1554
781 263 434 428
782 264 434 772
784 267 434 493
784 265 434 998
784 266 434 22
786 268 434 1080
787 269 434 844
789 270 434 952
791 271 434 1103
792 272 434 822
796 273 434 1477
799 274 434 1193
801 276 434 178
801 275 434 1111
803 277 434 1091
808 278 434 1495
810 279 434 938
810 280 434 189
812 281 434 1121
828 282 434 1912
829 283 434 810
841 285 434 65
841 284 434 1873
849 286 434 1787
850 287 434 729
850 288 434 130
855 289 434 1513
857 290 434 952
863 291 434 1682
865 292 434 1055
870 293 434 1552
872 294 434 953
876 295 434 1486
886 296 434 1847
887 297 434 694
899 298 434 1880
901 299 434 949
909 304 434 471
909 303 434 291
909 305 434 243
909 301 434 98
909 300 434 1771
909 302 434 461
915 306 434 1661
