4 0 1417 1442
6 1 1417 1089
6 2 1417 356
7 3 1417 628
9 4 1417 905
12 5 1417 1315
16 6 1417 1398
21 7 1417 1506
22 8 1417 637
26 9 1417 1475
31 10 1417 1570
34 11 1417 1202
36 12 1417 1079
36 13 1417 296
36 14 1417 187
42 15 1417 1621
43 16 1417 762
44 17 1417 706
45 18 1417 693
47 19 1417 1137
47 20 1417 133
47 21 1417 183
61 22 1417 1896
67 23 1417 1633
69 24 1417 1126
75 25 1417 1612
75 26 1417 433
78 27 1417 1180
85 28 1417 1694
86 29 1417 508
105 30 1417 1919
110 31 1417 1549
111 32 1417 844
119 33 1417 1759
119 34 1417 387
123 35 1417 1478
125 36 1417 1024
130 37 1417 1562
131 38 1417 548
142 39 1417 1860
154 40 1417 1875
155 41 1417 522
157 42 1417 883
159 43 1417 1138
162 44 1417 1284
164 45 1417 1006
168 46 1417 1487
173 47 1417 1604
178 48 1417 1557
178 49 1417 259
179 50 1417 828
179 51 1417 173
183 52 1417 1424
183 53 1417 178
195 54 1417 1880
198 55 1417 1259
200 56 1417 1118
201 57 1417 647
205 58 1417 1426
208 59 1417 1218
210 60 1417 881
210 61 1417 218
217 62 1417 1736
217 63 1417 128
221 65 1417 21
221 66 1417 358
221 64 1417 1481
224 67 1417 1245
234 68 1417 1833
235 69 1417 633
236 70 1417 597
238 71 1417 1125
238 72 1417 158
239 73 1417 757
242 74 1417 1186
247 75 1417 1536
250 76 1417 1224
251 77 1417 757
251 78 1417 349
251 79 1417 120
251 80 1417 124
252 81 1417 753
257 82 1417 1547
261 83 1417 1434
266 84 1417 1605
273 86 1417 124
273 85 1417 1745
274 87 1417 666
283 88 1417 1803
285 89 1417 1052
285 90 1417 360
285 91 1417 376
285 92 1417 135
288 93 1417 1255
290 94 1417 979
296 95 1417 1656
297 96 1417 710
298 97 1417 754
303 98 1417 1581
306 99 1417 1263
307 100 1417 648
307 101 1417 241
314 102 1417 1695
316 103 1417 923
321 104 1417 1586
327 106 1417 15
327 105 1417 1628
328 107 1417 666
330 108 1417 916
330 109 1417 344
330 110 1417 34
330 111 1417 360
330 112 1417 298
333 113 1417 1306
335 115 1417 128
335 114 1417 1093
336 116 1417 595
336 117 1417 302
336 118 1417 448
342 119 1417 1660
351 120 1417 1821
357 121 1417 1617
361 122 1417 1366
362 125 1417 221
362 124 1417 273
362 123 1417 780
364 126 1417 989
365 127 1417 828
372 128 1417 1703
376 129 1417 1454
377 130 1417 825
377 131 1417 470
379 132 1417 1101
381 133 1417 1010
385 134 1417 1397
394 135 1417 1807
396 136 1417 982
397 137 1417 623
405 138 1417 1773
419 139 1417 1902
426 140 1417 1729
430 141 1417 1383
436 142 1417 1674
440 143 1417 1458
442 144 1417 1018
477 145 1417 1924
477 146 1417 78
478 147 1417 753
478 148 1417 161
479 149 1417 851
481 150 1417 1060
481 151 1417 408
481 152 1417 306
491 153 1417 1846
495 154 1417 1367
497 155 1417 955
498 156 1417 800
500 157 1417 914
501 158 1417 650
505 159 1417 1365
506 160 1417 638
508 161 1417 1112
510 162 1417 887
514 163 1417 1386
518 164 1417 1443
522 165 1417 1489
525 166 1417 1184
528 167 1417 1212
538 168 1417 1834
541 169 1417 1210
543 170 1417 1070
557 173 1417 471
557 171 1417 1897
557 172 1417 453
568 174 1417 1856
568 175 1417 438
579 176 1417 1867
589 177 1417 1832
595 181 1417 236
595 178 1417 1687
595 179 1417 273
595 180 1417 142
596 182 1417 666
597 183 1417 852
597 184 1417 393
597 185 1417 417
597 186 1417 163
600 187 1417 1179
605 188 1417 1568
605 189 1417 441
607 191 1417 67
607 190 1417 1007
621 192 1417 1898
621 193 1417 408
624 194 1417 1264
625 195 1417 617
625 196 1417 495
625 197 1417 288
625 198 1417 15
629 199 1417 1453
630 200 1417 740
631 201 1417 790
632 202 1417 843
634 203 1417 876
641 204 1417 1705
643 205 1417 1088
655 206 1417 1879
663 207 1417 1760
680 208 1417 1915
682 209 1417 929
684 210 1417 1013
686 211 1417 892
689 212 1417 1152
689 213 1417 376
692 214 1417 1222
692 215 1417 401
692 216 1417 446
692 217 1417 35
694 218 1417 992
696 219 1417 1026
699 220 1417 1325
699 221 1417 4
704 222 1417 1569
708 223 1417 1393
708 224 1417 202
710 225 1417 1002
735 226 1417 1924
735 227 1417 45
737 228 1417 1132
740 229 1417 1238
751 230 1417 1867
756 231 1417 1579
765 232 1417 1817
765 233 1417 234
769 234 1417 1458
772 235 1417 1277
775 236 1417 1317
782 237 1417 1714
784 238 1417 1072
787 241 1417 328
787 240 1417 463
787 239 1417 1230
790 242 1417 1189
791 243 1417 638
795 244 1417 1352
795 245 1417 115
796 246 1417 840
801 247 1417 1521
803 248 1417 1110
804 251 1417 459
804 249 1417 862
804 250 1417 171
807 252 1417 1220
809 253 1417 913
809 254 1417 127
810 255 1417 736
813 256 1417 1145
817 257 1417 1375
818 258 1417 674
819 259 1417 703
821 260 1417 1089
831 261 1417 1833
832 262 1417 628
833 263 1417 676
835 264 1417 986
839 265 1417 1359
841 266 1417 999
843 267 1417 917
844 268 1417 843
855 269 1417 1869
857 270 1417 1009
858 271 1417 656
860 272 1417 888
866 273 1417 1687
867 274 1417 563
869 275 1417 997
870 276 1417 739
872 281 1417 402
872 280 1417 161
872 278 1417 40
872 277 1417 930
872 279 1417 86
873 282 1417 859
873 283 1417 269
875 284 1417 1067
879 286 1417 359
879 285 1417 1407
881 288 1417 106
881 287 1417 903
882 289 1417 721
882 290 1417 131
893 291 1417 1866
895 292 1417 1040
895 293 1417 368
895 294 1417 140
896 295 1417 554
902 296 1417 1625
903 297 1417 513
908 298 1417 1577
927 299 1417 1918
929 300 1417 1041
939 301 1417 1848
940 302 1417 677
943 303 1417 1166
951 304 1417 1778
955 305 1417 1439
960 306 1417 1496
