2 0 1429 1127
13 1 1429 1862
16 2 1429 1289
18 3 1429 1016
18 4 1429 467
23 5 1429 1524
24 6 1429 861
25 8 1429 359
25 7 1429 592
26 9 1429 573
32 10 1429 1668
33 11 1429 645
39 12 1429 1679
49 13 1429 1843
52 14 1429 1149
52 15 1429 404
56 16 1429 1350
59 17 1429 1284
63 18 1429 1475
64 19 1429 767
64 20 1429 120
68 21 1429 1492
70 22 1429 1001
70 23 1429 170
70 24 1429 106
72 25 1429 934
72 26 1429 234
79 28 1429 44
79 27 1429 1746
80 29 1429 663
82 30 1429 1029
86 31 1429 1455
88 32 1429 905
89 33 1429 558
90 34 1429 845
91 35 1429 805
101 36 1429 1842
101 37 1429 65
107 38 1429 1643
109 39 1429 931
111 40 1429 942
112 41 1429 844
112 42 1429 79
113 43 1429 556
115 44 1429 1108
119 45 1429 1409
125 47 1429 132
125 46 1429 1686
126 48 1429 528
126 49 1429 225
126 50 1429 332
132 51 1429 1637
135 52 1429 1234
135 53 1429 285
148 54 1429 1887
153 55 1429 1560
154 56 1429 860
156 57 1429 1118
158 58 1429 910
162 59 1429 1457
165 60 1429 1289
167 61 1429 1039
168 62 1429 547
174 63 1429 1621
178 64 1429 1469
178 65 1429 213
184 66 1429 1665
186 67 1429 1121
188 68 1429 998
188 69 1429 344
188 70 1429 487
191 71 1429 1284
196 72 1429 1565
197 73 1429 544
204 74 1429 1749
207 75 1429 1200
211 77 1429 445
211 76 1429 1413
213 78 1429 987
214 79 1429 621
217 80 1429 1172
217 81 1429 102
220 82 1429 1217
227 83 1429 1744
227 84 1429 330
230 86 1429 220
230 85 1429 1316
231 87 1429 619
232 88 1429 595
235 89 1429 1209
246 90 1429 1869
247 91 1429 724
249 92 1429 1080
249 93 1429 185
254 94 1429 1566
263 97 1429 382
263 96 1429 297
263 95 1429 1827
265 98 1429 1011
267 99 1429 895
273 100 1429 1669
274 101 1429 564
276 102 1429 1058
276 103 1429 184
282 104 1429 1663
284 106 1429 71
284 105 1429 973
285 107 1429 690
285 108 1429 460
286 109 1429 686
286 110 1429 147
286 111 1429 415
286 112 1429 130
286 113 1429 288
286 114 1429 284
289 115 1429 1187
296 116 1429 1747
297 117 1429 728
300 118 1429 1290
300 119 1429 152
318 120 1429 1917
320 121 1429 1045
321 122 1429 525
328 124 1429 399
328 123 1429 1714
334 125 1429 1687
334 126 1429 204
338 127 1429 1380
340 128 1429 902
350 129 1429 1847
352 130 1429 903
354 131 1429 1030
358 132 1429 1358
358 133 1429 92
360 134 1429 876
361 135 1429 608
363 136 1429 968
365 137 1429 1033
365 138 1429 80
368 139 1429 1282
371 140 1429 1244
375 141 1429 1455
375 142 1429 159
385 143 1429 1834
387 144 1429 1062
391 145 1429 1453
392 146 1429 593
393 147 1429 791
402 148 1429 1825
402 149 1429 378
402 150 1429 80
406 151 1429 1493
408 152 1429 1017
409 153 1429 859
411 154 1429 902
412 155 1429 624
412 156 1429 38
415 157 1429 1269
422 158 1429 1709
436 159 1429 1900
437 160 1429 768
438 161 1429 616
445 162 1429 1712
446 163 1429 538
453 164 1429 1708
455 165 1429 1042
457 166 1429 981
457 167 1429 38
460 168 1429 1336
465 169 1429 1601
465 170 1429 219
466 171 1429 713
467 173 1429 8
467 172 1429 647
468 174 1429 833
468 175 1429 462
470 176 1429 886
471 177 1429 616
472 178 1429 652
474 179 1429 871
476 180 1429 1094
479 181 1429 1337
483 182 1429 1480
484 183 1429 524
492 184 1429 1766
495 185 1429 1334
495 186 1429 13
496 187 1429 499
498 188 1429 1114
498 189 1429 252
499 190 1429 569
505 191 1429 1624
508 192 1429 1248
508 193 1429 105
509 194 1429 513
510 195 1429 628
516 196 1429 1667
521 199 1429 20
521 200 1429 471
521 197 1429 1545
521 198 1429 125
522 201 1429 554
526 202 1429 1380
526 203 1429 223
526 204 1429 159
529 205 1429 1291
530 206 1429 846
532 208 1429 26
532 207 1429 1008
532 209 1429 439
538 210 1429 1663
542 211 1429 1347
543 212 1429 617
544 213 1429 838
545 214 1429 805
549 215 1429 1355
551 216 1429 1061
554 217 1429 1188
555 218 1429 696
555 219 1429 373
557 221 1429 482
557 220 1429 1028
558 222 1429 848
560 223 1429 1084
562 224 1429 1032
563 225 1429 519
567 226 1429 1390
568 227 1429 542
572 228 1429 1420
572 229 1429 204
573 230 1429 720
576 231 1429 1265
576 232 1429 490
577 233 1429 631
577 234 1429 399
578 235 1429 539
590 236 1429 1882
593 240 1429 488
593 239 1429 475
593 237 1429 1256
593 238 1429 364
595 241 1429 929
595 242 1429 472
596 243 1429 674
597 244 1429 514
600 245 1429 1147
602 247 1429 409
602 246 1429 1007
605 248 1429 1224
607 249 1429 1082
611 250 1429 1491
611 251 1429 479
612 252 1429 849
618 253 1429 1677
620 254 1429 916
637 255 1429 1914
643 256 1429 1630
643 257 1429 295
645 258 1429 1116
650 259 1429 1564
659 260 1429 1826
659 261 1429 303
664 262 1429 1513
671 263 1429 1746
677 264 1429 1644
677 265 1429 398
678 266 1429 856
694 269 1429 265
694 268 1429 439
694 267 1429 1910
698 270 1429 1398
705 271 1429 1729
706 272 1429 823
706 273 1429 221
715 276 1429 9
715 277 1429 174
715 274 1429 1809
715 275 1429 98
716 278 1429 570
725 279 1429 1809
729 280 1429 1437
731 281 1429 980
734 282 1429 1242
734 283 1429 337
735 285 1429 240
735 284 1429 637
735 286 1429 416
736 287 1429 738
742 288 1429 1640
742 289 1429 409
743 290 1429 834
748 291 1429 1586
748 292 1429 139
749 293 1429 725
750 294 1429 573
750 295 1429 185
753 296 1429 1341
754 297 1429 651
756 298 1429 954
756 299 1429 115
756 300 1429 291
758 301 1429 1022
771 302 1429 1895
773 303 1429 958
779 304 1429 1609
785 305 1429 1686
790 306 1429 1580
