4 0 676 1481
16 1 676 1880
17 2 676 840
25 3 676 1781
30 4 676 1579
36 5 676 1631
37 6 676 596
38 7 676 729
38 8 676 48
43 9 676 1545
44 10 676 657
45 11 676 607
46 12 676 662
48 13 676 981
49 14 676 762
50 15 676 680
54 16 676 1383
59 20 676 141
59 19 676 411
59 18 676 103
59 17 676 1601
60 21 676 578
63 22 676 1206
63 23 676 41
75 24 676 1884
77 25 676 891
78 26 676 512
84 27 676 1624
91 28 676 1699
96 29 676 1516
96 30 676 34
97 31 676 594
100 32 676 1209
104 33 676 1424
106 34 676 1070
108 35 676 959
110 36 676 1130
113 38 676 91
113 37 676 1269
114 39 676 582
117 40 676 1283
124 41 676 1713
124 42 676 188
130 43 676 1658
133 44 676 1329
133 45 676 77
134 47 676 236
134 46 676 824
135 48 676 785
135 49 676 180
136 50 676 752
151 51 676 1906
155 52 676 1433
156 53 676 682
166 54 676 1836
168 55 676 903
169 56 676 673
170 57 676 799
179 58 676 1821
180 59 676 688
182 60 676 1118
184 61 676 897
186 62 676 954
186 63 676 456
191 65 676 62
191 64 676 1510
194 66 676 1322
197 67 676 1163
207 68 676 1836
214 69 676 1728
218 70 676 1474
218 71 676 113
223 72 676 1509
227 73 676 1446
229 75 676 352
229 76 676 389
229 74 676 1052
233 77 676 1473
234 78 676 636
243 79 676 1806
243 80 676 66
243 81 676 276
244 82 676 839
249 83 676 1518
250 85 676 53
250 84 676 764
252 86 676 1086
253 87 676 527
258 88 676 1512
258 89 676 167
258 90 676 285
258 91 676 330
262 92 676 1372
265 93 676 1328
269 95 676 386
269 94 676 1388
270 96 676 759
276 97 676 1657
276 98 676 147
279 99 676 1267
280 100 676 679
285 101 676 1586
285 102 676 324
287 103 676 981
288 104 676 631
289 105 676 638
289 106 676 396
305 107 676 1911
310 108 676 1554
314 109 676 1484
315 110 676 513
317 111 676 1125
317 112 676 163
317 113 676 15
318 114 676 621
319 115 676 842
319 116 676 58
323 117 676 1360
329 118 676 1616
333 119 676 1457
335 120 676 900
336 121 676 795
341 122 676 1575
347 123 676 1669
351 124 676 1442
354 125 676 1143
355 126 676 666
355 127 676 180
355 128 676 58
356 129 676 666
361 130 676 1518
362 131 676 657
365 132 676 1325
368 133 676 1294
370 134 676 1126
370 135 676 405
382 136 676 1876
390 137 676 1782
392 138 676 887
392 139 676 126
397 140 676 1581
399 141 676 1099
401 142 676 897
401 143 676 28
406 144 676 1579
408 145 676 1085
408 146 676 167
412 147 676 1357
413 148 676 707
414 149 676 545
414 150 676 327
417 152 676 40
417 151 676 1323
418 154 676 366
418 153 676 615
427 155 676 1809
427 156 676 10
428 157 676 580
432 158 676 1463
436 159 676 1412
450 160 676 1896
450 161 676 215
460 162 676 1852
462 163 676 888
475 164 676 1891
483 165 676 1780
490 166 676 1724
491 167 676 794
492 168 676 813
492 169 676 215
494 171 676 200
494 172 676 472
494 170 676 891
498 173 676 1490
507 174 676 1800
514 175 676 1726
523 176 676 1822
528 177 676 1547
528 178 676 90
528 179 676 357
530 180 676 976
533 181 676 1234
537 182 676 1398
541 183 676 1438
541 184 676 338
541 185 676 194
542 186 676 616
543 187 676 709
545 188 676 927
548 189 676 1242
548 190 676 395
551 192 676 318
551 191 676 1295
555 193 676 1400
555 194 676 154
559 195 676 1366
562 196 676 1172
562 197 676 9
562 198 676 62
569 199 676 1723
572 200 676 1285
575 201 676 1298
576 202 676 543
576 203 676 491
581 204 676 1578
581 205 676 126
582 206 676 850
582 207 676 475
583 208 676 740
584 209 676 565
600 212 676 490
600 210 676 1912
600 211 676 388
602 213 676 1106
602 214 676 436
603 215 676 662
604 216 676 741
604 217 676 413
605 218 676 550
612 219 676 1696
615 220 676 1164
617 221 676 1014
625 222 676 1791
630 223 676 1496
637 224 676 1745
642 225 676 1521
651 226 676 1807
653 227 676 997
656 228 676 1335
656 229 676 433
657 230 676 553
666 231 676 1812
670 232 676 1484
670 233 676 291
672 234 676 997
677 235 676 1602
678 236 676 690
680 237 676 906
688 239 676 211
688 238 676 1785
691 240 676 1268
691 241 676 141
704 242 676 1894
704 243 676 362
707 244 676 1255
707 245 676 6
708 246 676 805
710 247 676 1137
712 248 676 963
716 249 676 1416
717 250 676 624
718 251 676 758
722 252 676 1384
722 253 676 290
723 254 676 559
723 255 676 270
727 256 676 1431
729 257 676 972
730 258 676 671
730 259 676 57
730 260 676 244
738 261 676 1778
740 262 676 1064
740 263 676 306
740 264 676 11
740 265 676 99
741 267 676 199
741 268 676 108
741 266 676 828
742 269 676 758
756 270 676 1896
764 271 676 1760
765 272 676 553
765 273 676 338
765 274 676 428
767 275 676 1022
769 276 676 1045
773 278 676 240
773 277 676 1428
780 279 676 1738
781 280 676 715
782 281 676 670
782 282 676 33
792 283 676 1843
799 284 676 1734
806 285 676 1720
806 286 676 428
809 287 676 1194
815 288 676 1657
816 289 676 726
816 290 676 170
822 291 676 1643
822 292 676 235
829 293 676 1727
842 294 676 1891
846 295 676 1415
848 296 676 1001
853 297 676 1587
853 298 676 350
856 299 676 1156
858 300 676 1103
859 301 676 606
861 302 676 1028
861 303 676 205
865 304 676 1445
866 305 676 789
866 306 676 204
