3 0 1031 1181
6 1 1031 1215
34 2 1031 1924
34 3 1031 27
42 4 1031 1791
47 5 1031 1506
49 6 1031 1059
53 7 1031 1483
57 8 1031 1352
58 9 1031 826
60 10 1031 960
68 11 1031 1790
70 12 1031 1010
71 13 1031 524
72 14 1031 686
72 15 1031 333
75 16 1031 1209
75 17 1031 444
77 19 1031 86
77 18 1031 950
81 20 1031 1442
84 21 1031 1306
87 22 1031 1181
87 23 1031 177
87 24 1031 282
92 25 1031 1507
92 26 1031 254
95 28 1031 202
95 27 1031 1322
96 29 1031 767
96 30 1031 481
97 31 1031 667
100 32 1031 1240
101 33 1031 654
102 34 1031 750
102 35 1031 73
108 36 1031 1623
109 38 1031 433
109 37 1031 746
111 39 1031 1121
116 40 1031 1530
117 41 1031 770
119 42 1031 1051
121 43 1031 1066
122 44 1031 704
124 45 1031 1056
126 46 1031 1044
127 48 1031 255
127 47 1031 709
131 49 1031 1490
132 50 1031 703
145 51 1031 1895
149 52 1031 1425
152 53 1031 1244
153 54 1031 539
162 55 1031 1799
162 56 1031 33
169 57 1031 1746
175 58 1031 1669
175 59 1031 283
178 60 1031 1251
184 61 1031 1662
187 62 1031 1280
188 63 1031 585
188 64 1031 344
188 65 1031 292
189 67 1031 355
189 66 1031 549
196 68 1031 1699
197 69 1031 612
198 70 1031 634
198 71 1031 463
198 72 1031 10
206 73 1031 1754
206 74 1031 480
207 77 1031 114
207 76 1031 254
207 75 1031 672
211 78 1031 1398
214 79 1031 1150
214 80 1031 462
218 81 1031 1470
220 82 1031 1066
221 83 1031 637
221 84 1031 63
222 85 1031 511
225 86 1031 1167
245 87 1031 1920
245 88 1031 115
247 89 1031 875
247 90 1031 40
256 91 1031 1802
258 92 1031 1001
258 93 1031 150
267 94 1031 1795
275 95 1031 1793
279 96 1031 1414
279 97 1031 466
280 98 1031 722
280 99 1031 411
281 100 1031 506
282 101 1031 689
284 102 1031 934
289 103 1031 1568
290 105 1031 240
290 104 1031 855
302 106 1031 1885
307 107 1031 1596
308 108 1031 764
316 109 1031 1791
321 110 1031 1545
331 111 1031 1843
331 112 1031 347
332 113 1031 518
339 114 1031 1745
346 115 1031 1705
347 116 1031 595
348 117 1031 643
349 118 1031 521
357 119 1031 1758
359 120 1031 1050
360 121 1031 554
360 122 1031 239
361 123 1031 824
362 124 1031 571
363 125 1031 757
367 126 1031 1386
375 127 1031 1785
387 128 1031 1883
388 129 1031 611
391 130 1031 1182
398 131 1031 1713
401 132 1031 1316
403 133 1031 987
404 134 1031 644
411 135 1031 1698
412 136 1031 536
416 137 1031 1422
423 138 1031 1706
430 139 1031 1748
431 140 1031 551
436 141 1031 1496
439 143 1031 248
439 142 1031 1156
442 144 1031 1255
442 145 1031 121
446 146 1031 1454
446 147 1031 483
446 148 1031 329
446 149 1031 90
449 150 1031 1198
450 151 1031 771
461 152 1031 1869
463 153 1031 889
466 154 1031 1286
478 155 1031 1877
478 156 1031 449
478 157 1031 110
480 158 1031 997
480 159 1031 98
481 160 1031 778
481 161 1031 99
487 163 1031 152
487 162 1031 1637
488 164 1031 609
496 165 1031 1756
497 166 1031 526
500 167 1031 1285
509 168 1031 1799
509 169 1031 47
512 170 1031 1168
514 171 1031 1097
515 172 1031 862
516 173 1031 697
519 174 1031 1207
523 175 1031 1479
526 176 1031 1322
543 177 1031 1916
547 178 1031 1493
547 179 1031 449
550 180 1031 1228
552 181 1031 903
556 182 1031 1456
564 183 1031 1793
567 184 1031 1338
567 185 1031 411
575 186 1031 1768
575 187 1031 427
581 188 1031 1626
582 189 1031 691
585 191 1031 425
585 192 1031 425
585 190 1031 1248
591 193 1031 1607
593 194 1031 970
593 195 1031 451
601 196 1031 1783
603 197 1031 1003
608 198 1031 1564
612 199 1031 1423
617 201 1031 169
617 200 1031 1520
618 202 1031 608
618 203 1031 281
619 204 1031 846
619 205 1031 100
629 206 1031 1833
632 207 1031 1171
638 208 1031 1607
645 209 1031 1731
646 211 1031 458
646 210 1031 555
647 212 1031 541
648 213 1031 547
649 214 1031 795
658 215 1031 1800
659 216 1031 568
667 217 1031 1769
668 218 1031 739
668 219 1031 197
684 221 1031 99
684 220 1031 1912
689 222 1031 1584
691 223 1031 1108
692 224 1031 724
693 225 1031 742
694 226 1031 671
697 227 1031 1179
703 228 1031 1652
704 229 1031 755
710 233 1031 70
710 232 1031 351
710 230 1031 1620
710 231 1031 319
711 234 1031 854
713 235 1031 1059
713 236 1031 294
716 237 1031 1174
718 238 1031 946
721 239 1031 1237
722 240 1031 502
723 241 1031 597
724 242 1031 745
733 243 1031 1819
733 244 1031 135
734 245 1031 790
743 246 1031 1809
752 247 1031 1803
753 248 1031 812
755 249 1031 1094
764 252 1031 264
764 250 1031 1807
764 251 1031 14
768 253 1031 1367
772 254 1031 1436
776 255 1031 1420
777 256 1031 510
781 257 1031 1424
785 258 1031 1482
785 259 1031 103
789 260 1031 1353
790 261 1031 654
794 262 1031 1443
795 266 1031 106
795 265 1031 236
795 267 1031 471
795 263 1031 851
795 264 1031 111
801 268 1031 1618
807 269 1031 1661
812 270 1031 1505
815 271 1031 1318
816 272 1031 823
820 273 1031 1426
826 274 1031 1619
829 275 1031 1315
832 276 1031 1279
839 277 1031 1689
841 278 1031 972
852 279 1031 1858
853 280 1031 858
854 281 1031 793
854 282 1031 367
855 283 1031 557
857 284 1031 872
862 286 1031 54
862 285 1031 1606
864 287 1031 909
865 288 1031 558
869 289 1031 1358
870 290 1031 549
871 291 1031 794
877 292 1031 1617
878 293 1031 842
887 294 1031 1809
895 295 1031 1773
897 296 1031 1078
906 297 1031 1818
913 298 1031 1708
922 299 1031 1824
923 300 1031 683
926 302 1031 185
926 301 1031 1338
928 303 1031 1075
933 305 1031 489
933 304 1031 1514
935 306 1031 1115
