4 0 534 1488
5 1 534 828
6 2 534 678
7 3 534 637
17 4 534 1842
17 5 534 368
19 6 534 993
25 7 534 1642
26 8 534 819
30 9 534 1448
32 10 534 926
36 11 534 1410
42 12 534 1654
42 13 534 366
42 14 534 9
44 15 534 967
46 16 534 1090
47 17 534 754
50 18 534 1170
51 19 534 781
54 20 534 1188
58 21 534 1454
65 22 534 1727
65 23 534 48
66 24 534 771
71 26 534 37
71 25 534 1520
73 27 534 1012
77 28 534 1355
79 29 534 992
84 30 534 1606
84 31 534 242
84 32 534 319
92 33 534 1766
95 34 534 1178
107 36 534 274
107 37 534 61
107 35 534 1880
110 38 534 1187
110 39 534 284
110 40 534 280
110 41 534 402
112 42 534 1132
114 43 534 1066
114 44 534 371
115 45 534 540
116 47 534 452
116 46 534 537
124 48 534 1785
130 49 534 1649
130 50 534 274
131 51 534 715
149 52 534 1917
154 53 534 1523
156 54 534 928
156 55 534 33
158 56 534 1025
159 57 534 629
167 58 534 1790
167 59 534 321
167 60 534 330
182 61 534 1906
182 62 534 286
190 63 534 1751
198 64 534 1766
199 65 534 684
201 66 534 1091
210 67 534 1812
212 68 534 1112
212 69 534 54
213 70 534 693
215 71 534 1029
219 72 534 1491
221 73 534 885
222 74 534 500
223 76 534 321
223 75 534 786
224 77 534 660
229 78 534 1602
229 79 534 231
231 80 534 983
236 81 534 1510
239 82 534 1152
245 83 534 1631
246 84 534 718
248 86 534 249
248 85 534 890
249 87 534 720
250 88 534 838
253 89 534 1145
254 90 534 854
259 91 534 1569
259 92 534 195
260 93 534 866
272 96 534 116
272 95 534 299
272 94 534 1878
275 97 534 1306
278 98 534 1225
284 99 534 1612
288 100 534 1373
289 101 534 650
292 102 534 1264
299 103 534 1731
301 104 534 955
304 105 534 1170
307 106 534 1148
309 107 534 1031
311 108 534 1023
311 109 534 142
317 110 534 1636
317 111 534 365
319 112 534 952
324 113 534 1558
327 114 534 1263
328 115 534 745
329 116 534 753
330 117 534 580
332 118 534 1033
334 119 534 875
334 120 534 434
334 121 534 371
336 122 534 974
349 123 534 1892
351 124 534 1124
353 125 534 1049
354 126 534 833
355 127 534 625
357 128 534 932
357 129 534 200
358 130 534 669
360 131 534 940
364 132 534 1360
381 133 534 1914
382 134 534 782
382 135 534 333
382 136 534 245
386 137 534 1346
387 138 534 675
391 139 534 1472
397 140 534 1667
400 141 534 1142
406 142 534 1621
407 143 534 695
411 144 534 1433
411 145 534 488
412 146 534 616
413 147 534 562
418 148 534 1528
420 149 534 1133
424 150 534 1470
428 152 534 273
428 153 534 349
428 151 534 1461
431 154 534 1178
433 155 534 1002
438 156 534 1600
441 157 534 1296
442 158 534 606
452 159 534 1831
452 160 534 336
453 162 534 99
453 161 534 522
454 163 534 822
458 164 534 1397
459 165 534 696
461 166 534 930
463 167 534 962
464 168 534 775
466 169 534 930
467 170 534 499
470 171 534 1332
480 172 534 1829
484 173 534 1485
486 174 534 1133
489 175 534 1216
490 176 534 674
490 177 534 278
490 178 534 459
491 180 534 432
491 181 534 271
491 179 534 635
493 182 534 1022
500 183 534 1724
501 184 534 655
503 185 534 1133
504 186 534 667
506 187 534 1010
507 188 534 736
514 189 534 1705
515 190 534 657
517 191 534 873
518 192 534 739
519 193 534 769
521 194 534 1135
524 195 534 1144
526 196 534 1043
527 197 534 799
530 198 534 1223
531 199 534 737
535 200 534 1483
540 201 534 1578
547 202 534 1711
548 203 534 597
549 204 534 633
549 205 534 138
554 206 534 1556
555 207 534 712
557 208 534 1141
570 210 534 328
570 209 534 1886
573 211 534 1321
574 212 534 837
587 213 534 1896
591 214 534 1398
591 215 534 65
595 219 534 263
595 220 534 28
595 218 534 166
595 217 534 300
595 216 534 1425
605 221 534 1845
605 222 534 226
607 223 534 995
607 224 534 272
612 225 534 1550
613 226 534 592
615 228 534 349
615 227 534 1060
632 230 534 173
632 229 534 1913
641 231 534 1799
643 232 534 980
649 233 534 1647
651 234 534 1077
652 235 534 778
652 236 534 485
652 237 534 424
654 238 534 1090
655 239 534 517
660 240 534 1501
672 241 534 1879
680 242 534 1794
681 243 534 774
685 244 534 1376
688 245 534 1260
688 246 534 36
689 247 534 768
692 248 534 1295
694 249 534 1070
700 250 534 1644
701 251 534 742
702 252 534 632
704 253 534 959
705 254 534 708
710 255 534 1562
714 256 534 1352
715 258 534 324
715 257 534 715
717 259 534 1007
721 260 534 1470
721 261 534 496
721 262 534 363
724 263 534 1152
731 264 534 1713
731 265 534 453
731 266 534 341
733 267 534 1115
734 268 534 818
735 269 534 620
740 270 534 1505
742 271 534 1000
744 272 534 1134
749 273 534 1574
750 274 534 686
750 275 534 74
750 276 534 50
754 277 534 1377
759 278 534 1543
761 279 534 937
766 280 534 1514
773 281 534 1749
780 282 534 1689
783 283 534 1204
783 284 534 269
787 285 534 1355
790 287 534 20
790 286 534 1166
792 288 534 938
796 289 534 1439
800 290 534 1351
807 291 534 1694
807 292 534 99
807 293 534 83
809 294 534 971
811 295 534 1005
816 296 534 1515
817 297 534 642
819 298 534 985
821 299 534 922
823 300 534 918
824 301 534 846
836 302 534 1875
837 303 534 675
841 304 534 1489
842 305 534 643
847 306 534 1533
