9 0 1580 1812
9 1 1580 401
18 2 1580 1805
20 3 1580 1034
21 4 1580 635
22 5 1580 828
23 6 1580 789
29 7 1580 1655
33 8 1580 1474
33 9 1580 477
35 10 1580 990
36 11 1580 788
37 12 1580 686
40 13 1580 1158
40 14 1580 361
40 15 1580 102
42 17 1580 51
42 16 1580 1114
45 18 1580 1242
46 19 1580 773
49 20 1580 1239
49 21 1580 472
59 22 1580 1836
62 23 1580 1297
62 24 1580 387
63 26 1580 239
63 27 1580 266
63 25 1580 864
66 28 1580 1195
68 29 1580 967
71 30 1580 1203
71 31 1580 295
72 32 1580 706
74 33 1580 987
85 34 1580 1866
88 35 1580 1218
91 36 1580 1262
93 37 1580 1088
93 38 1580 46
97 39 1580 1392
98 40 1580 565
100 41 1580 1087
104 42 1580 1357
105 43 1580 782
107 44 1580 980
109 45 1580 1120
111 47 1580 398
111 46 1580 902
112 48 1580 612
114 49 1580 902
115 50 1580 538
118 51 1580 1310
118 52 1580 34
129 53 1580 1868
132 54 1580 1262
135 56 1580 490
135 55 1580 1339
136 57 1580 507
137 58 1580 647
144 59 1580 1695
145 60 1580 588
146 61 1580 522
146 62 1580 460
147 63 1580 506
150 64 1580 1199
151 66 1580 82
151 65 1580 694
157 67 1580 1623
160 68 1580 1216
162 69 1580 1067
163 70 1580 765
163 71 1580 26
163 72 1580 4
171 74 1580 207
171 75 1580 152
171 73 1580 1775
173 76 1580 1040
175 77 1580 1053
175 78 1580 317
178 79 1580 1191
191 80 1580 1887
199 81 1580 1766
204 84 1580 428
204 83 1580 293
204 82 1580 1579
213 85 1580 1818
213 86 1580 261
214 87 1580 762
220 88 1580 1650
221 89 1580 527
222 90 1580 728
223 92 1580 441
223 93 1580 276
223 91 1580 755
224 94 1580 803
224 95 1580 43
225 96 1580 627
226 97 1580 850
231 98 1580 1508
231 99 1580 285
233 100 1580 1038
236 101 1580 1203
238 102 1580 1107
242 103 1580 1469
242 104 1580 137
243 105 1580 512
246 106 1580 1305
246 107 1580 183
252 108 1580 1660
254 109 1580 1110
254 110 1580 298
258 111 1580 1362
258 112 1580 189
262 113 1580 1380
269 114 1580 1732
270 115 1580 747
271 116 1580 868
271 117 1580 166
271 118 1580 78
274 119 1580 1306
274 120 1580 433
277 121 1580 1244
291 122 1580 1898
292 123 1580 689
292 124 1580 339
292 125 1580 10
297 126 1580 1509
303 127 1580 1653
305 128 1580 971
305 129 1580 164
309 131 1580 189
309 130 1580 1449
313 132 1580 1470
313 133 1580 32
313 134 1580 152
314 135 1580 684
315 136 1580 659
315 137 1580 109
315 138 1580 155
325 139 1580 1841
326 140 1580 513
326 141 1580 77
328 142 1580 1026
329 143 1580 540
329 144 1580 228
332 145 1580 1291
333 146 1580 565
335 148 1580 469
335 147 1580 985
335 149 1580 56
337 150 1580 1100
337 151 1580 460
338 153 1580 201
338 152 1580 772
346 154 1580 1776
353 155 1580 1719
356 156 1580 1230
356 157 1580 417
358 158 1580 1130
358 159 1580 127
360 160 1580 927
365 161 1580 1576
367 162 1580 1136
372 163 1580 1496
377 164 1580 1585
377 165 1580 109
386 166 1580 1816
386 167 1580 157
389 168 1580 1228
391 169 1580 1047
391 170 1580 87
392 173 1580 161
392 171 1580 758
392 172 1580 10
393 174 1580 793
393 175 1580 356
393 176 1580 217
397 177 1580 1358
397 178 1580 461
399 179 1580 973
403 180 1580 1369
404 181 1580 523
407 182 1580 1184
409 183 1580 915
411 184 1580 989
413 185 1580 989
416 186 1580 1342
419 188 1580 180
419 189 1580 358
419 187 1580 1269
423 191 1580 241
423 190 1580 1379
425 192 1580 904
425 193 1580 28
427 194 1580 913
428 195 1580 861
429 196 1580 865
433 197 1580 1455
435 198 1580 879
435 199 1580 118
439 201 1580 407
439 200 1580 1399
445 202 1580 1682
449 203 1580 1346
462 204 1580 1893
462 205 1580 342
462 206 1580 449
463 207 1580 610
466 208 1580 1332
470 209 1580 1419
475 210 1580 1501
484 211 1580 1797
496 212 1580 1881
496 213 1580 156
497 214 1580 682
497 215 1580 404
497 216 1580 392
497 217 1580 221
498 218 1580 507
499 219 1580 596
500 220 1580 692
501 221 1580 547
515 222 1580 1901
517 223 1580 869
522 224 1580 1593
530 225 1580 1771
538 226 1580 1778
553 227 1580 1907
556 228 1580 1173
567 229 1580 1857
571 230 1580 1416
572 231 1580 687
572 232 1580 478
572 233 1580 342
577 234 1580 1499
579 235 1580 961
580 236 1580 766
588 237 1580 1762
590 238 1580 946
591 239 1580 647
592 240 1580 539
593 241 1580 731
604 242 1580 1861
605 243 1580 685
606 244 1580 781
611 245 1580 1507
611 246 1580 285
612 247 1580 748
615 248 1580 1270
616 249 1580 509
616 250 1580 469
617 251 1580 643
619 252 1580 948
619 253 1580 283
623 254 1580 1351
624 255 1580 851
624 256 1580 430
625 257 1580 812
631 258 1580 1678
631 259 1580 122
631 260 1580 488
631 261 1580 466
635 262 1580 1362
639 263 1580 1400
639 264 1580 3
640 265 1580 814
643 266 1580 1318
648 267 1580 1539
649 268 1580 582
655 269 1580 1645
660 270 1580 1562
661 271 1580 554
664 272 1580 1199
672 273 1580 1784
672 274 1580 56
684 275 1580 1885
685 276 1580 611
688 279 1580 85
688 277 1580 1215
688 278 1580 88
692 280 1580 1486
694 281 1580 1030
695 282 1580 636
696 283 1580 664
700 284 1580 1387
701 285 1580 773
707 287 1580 194
707 286 1580 1663
709 288 1580 915
710 289 1580 648
711 290 1580 531
723 291 1580 1878
723 292 1580 84
724 293 1580 824
724 294 1580 158
724 295 1580 72
727 297 1580 460
727 296 1580 1294
728 298 1580 682
741 299 1580 1891
741 300 1580 188
742 301 1580 670
742 302 1580 166
747 303 1580 1550
749 304 1580 871
759 305 1580 1839
763 306 1580 1368
