0 0 1812 186
6 1 1812 1663
9 2 1812 1188
10 3 1812 547
13 4 1812 1325
14 5 1812 759
19 6 1812 1586
23 7 1812 1383
28 8 1812 1533
29 9 1812 546
32 10 1812 1294
35 11 1812 1167
37 12 1812 932
39 13 1812 1088
41 14 1812 1119
44 15 1812 1192
45 16 1812 836
47 17 1812 1009
53 18 1812 1609
53 19 1812 193
53 20 1812 443
54 21 1812 753
63 22 1812 1824
65 23 1812 875
65 24 1812 332
67 25 1812 895
71 27 1812 305
71 26 1812 1419
72 28 1812 626
76 29 1812 1414
77 30 1812 521
79 31 1812 990
80 32 1812 741
80 33 1812 297
80 34 1812 228
80 35 1812 450
83 37 1812 430
83 36 1812 1298
85 38 1812 962
85 39 1812 346
86 40 1812 666
87 41 1812 673
89 42 1812 1076
92 43 1812 1156
97 44 1812 1588
117 45 1812 1921
122 46 1812 1547
123 48 1812 215
123 47 1812 665
124 49 1812 785
130 50 1812 1649
130 51 1812 143
132 52 1812 1015
132 53 1812 76
134 54 1812 1006
138 55 1812 1357
146 59 1812 430
146 58 1812 215
146 56 1812 1763
146 57 1812 312
149 60 1812 1264
152 61 1812 1280
153 62 1812 757
153 63 1812 118
153 64 1812 24
153 65 1812 304
153 66 1812 426
154 67 1812 634
155 68 1812 859
156 69 1812 668
165 72 1812 46
165 70 1812 1819
165 71 1812 406
168 73 1812 1263
172 74 1812 1451
179 75 1812 1694
184 76 1812 1602
185 77 1812 668
188 78 1812 1212
188 79 1812 336
191 80 1812 1272
192 81 1812 753
192 82 1812 90
200 83 1812 1765
207 85 1812 377
207 84 1812 1690
221 86 1812 1899
222 87 1812 664
225 88 1812 1216
226 89 1812 796
227 90 1812 612
229 91 1812 985
229 92 1812 215
230 93 1812 532
232 94 1812 1006
235 95 1812 1310
245 96 1812 1840
247 97 1812 957
249 98 1812 1132
252 99 1812 1284
256 100 1812 1494
258 101 1812 913
265 102 1812 1731
269 103 1812 1471
271 104 1812 891
274 105 1812 1243
274 106 1812 97
280 107 1812 1676
281 108 1812 549
284 109 1812 1236
290 110 1812 1679
292 111 1812 1095
294 112 1812 1025
303 113 1812 1803
305 114 1812 1082
306 115 1812 511
309 116 1812 1190
311 117 1812 917
311 118 1812 352
316 119 1812 1571
316 120 1812 329
322 121 1812 1687
325 124 1812 56
325 123 1812 62
325 122 1812 1342
326 125 1812 834
326 126 1812 190
330 127 1812 1438
330 128 1812 257
330 129 1812 141
338 130 1812 1778
339 131 1812 645
343 132 1812 1460
353 133 1812 1853
354 134 1812 766
354 135 1812 359
356 136 1812 947
357 137 1812 543
359 138 1812 874
359 139 1812 446
359 140 1812 280
359 141 1812 222
359 142 1812 114
374 143 1812 1904
376 144 1812 1041
380 145 1812 1441
392 146 1812 1885
392 147 1812 336
396 148 1812 1375
396 149 1812 494
396 150 1812 119
398 151 1812 923
399 152 1812 604
403 153 1812 1485
405 154 1812 954
412 155 1812 1731
417 156 1812 1495
423 157 1812 1668
427 158 1812 1414
427 159 1812 57
429 160 1812 1052
430 161 1812 583
434 163 1812 408
434 162 1812 1419
438 164 1812 1383
440 165 1812 1034
445 166 1812 1559
447 167 1812 1096
449 168 1812 1036
450 169 1812 723
454 170 1812 1489
455 172 1812 43
455 171 1812 647
465 173 1812 1830
468 174 1812 1291
468 175 1812 107
473 176 1812 1573
477 177 1812 1363
479 178 1812 946
480 179 1812 540
482 180 1812 874
490 182 1812 63
490 181 1812 1779
496 183 1812 1687
496 184 1812 21
497 185 1812 855
497 186 1812 40
511 187 1812 1900
513 188 1812 898
515 189 1812 960
516 190 1812 788
519 191 1812 1203
521 192 1812 1053
522 193 1812 816
525 194 1812 1319
531 195 1812 1621
532 196 1812 728
538 197 1812 1631
539 198 1812 521
539 199 1812 6
548 200 1812 1806
549 201 1812 788
552 202 1812 1224
553 203 1812 651
555 204 1812 930
559 205 1812 1397
561 206 1812 880
562 207 1812 699
562 208 1812 193
563 211 1812 132
563 210 1812 158
563 209 1812 847
564 212 1812 722
566 213 1812 874
568 214 1812 1108
571 215 1812 1198
572 216 1812 520
578 217 1812 1656
578 218 1812 386
579 219 1812 527
581 220 1812 994
586 221 1812 1584
586 222 1812 198
586 223 1812 76
597 224 1812 1859
597 225 1812 285
602 226 1812 1518
605 227 1812 1151
606 228 1812 511
611 229 1812 1595
614 230 1812 1304
625 231 1812 1866
626 232 1812 841
628 233 1812 939
629 234 1812 658
629 235 1812 86
630 236 1812 554
633 237 1812 1336
634 238 1812 757
635 239 1812 549
649 240 1812 1899
652 241 1812 1266
659 242 1812 1706
659 243 1812 51
660 244 1812 801
661 245 1812 656
661 246 1812 481
661 247 1812 179
667 249 1812 120
667 248 1812 1633
669 250 1812 1100
671 251 1812 996
674 252 1812 1244
693 253 1812 1918
695 254 1812 937
695 255 1812 222
696 256 1812 589
699 257 1812 1148
700 258 1812 716
701 259 1812 644
710 260 1812 1803
716 261 1812 1653
716 262 1812 187
717 263 1812 523
721 264 1812 1468
721 265 1812 216
724 266 1812 1216
731 268 1812 215
731 267 1812 1707
733 269 1812 1022
734 270 1812 644
736 271 1812 1109
738 272 1812 899
746 273 1812 1761
747 274 1812 552
753 275 1812 1653
762 277 1812 146
762 276 1812 1802
765 278 1812 1200
768 279 1812 1203
775 280 1812 1729
778 281 1812 1338
782 282 1812 1442
782 283 1812 390
782 284 1812 494
782 285 1812 307
783 286 1812 622
784 289 1812 436
784 287 1812 847
784 288 1812 2
788 290 1812 1421
791 291 1812 1331
792 292 1812 619
792 293 1812 112
793 294 1812 670
793 295 1812 246
795 296 1812 1078
798 297 1812 1183
799 298 1812 508
800 299 1812 584
804 300 1812 1364
805 301 1812 698
818 302 1812 1889
819 303 1812 611
823 304 1812 1401
841 305 1812 1916
841 306 1812 97
