0 369 8 1666
3 370 8 1241
5 371 8 914
5 372 8 152
9 0 8 1826
11 1 8 954
12 2 8 546
14 373 8 1815
15 374 8 694
15 3 8 1303
17 375 8 1020
18 4 8 1282
19 378 8 21
19 377 8 196
19 5 8 615
19 376 8 990
21 6 8 988
21 379 8 1091
22 7 8 593
22 8 8 289
24 380 8 1269
25 381 8 576
27 10 8 316
27 9 8 1585
29 382 8 1459
30 11 8 1194
31 383 8 1049
32 384 8 777
34 12 8 1483
36 386 8 383
36 385 8 1411
36 13 8 981
37 387 8 712
39 14 8 1343
41 15 8 1116
43 388 8 1626
43 389 8 423
43 390 8 112
44 391 8 609
45 16 8 1432
45 392 8 723
46 17 8 682
48 18 8 947
51 393 8 1607
52 394 8 805
52 21 8 206
52 20 8 400
52 19 8 1400
54 395 8 1105
54 22 8 1025
57 397 8 49
57 396 8 1158
59 398 8 977
60 399 8 574
65 400 8 1517
66 23 8 1884
70 24 8 1474
71 402 8 448
71 401 8 1643
71 403 8 491
71 25 8 830
71 404 8 452
74 405 8 1167
74 26 8 1296
78 406 8 1477
78 27 8 1494
79 407 8 760
79 28 8 791
80 29 8 523
82 30 8 965
86 408 8 1737
90 411 8 446
90 410 8 136
90 409 8 1357
95 412 8 1593
97 413 8 1078
97 31 8 1907
98 32 8 719
99 33 8 741
99 34 8 223
100 35 8 593
100 36 8 416
102 37 8 1034
105 414 8 1790
106 415 8 516
108 38 8 1647
111 416 8 1591
113 417 8 947
115 418 8 1137
115 419 8 254
117 39 8 1809
119 420 8 1353
121 421 8 982
124 40 8 1714
127 41 8 1180
127 42 8 156
127 43 8 35
129 422 8 1786
129 44 8 1024
129 45 8 411
130 46 8 521
133 423 8 1379
133 47 8 1276
134 48 8 615
138 49 8 1454
138 424 8 1554
139 426 8 190
139 427 8 470
139 425 8 631
141 428 8 1010
141 50 8 1309
144 51 8 1281
146 429 8 1514
146 52 8 982
146 53 8 235
147 54 8 628
153 55 8 1620
154 430 8 1786
156 431 8 940
159 432 8 1143
163 433 8 1371
164 56 8 1854
165 57 8 587
168 434 8 1498
173 435 8 1551
173 436 8 127
173 58 8 1753
173 59 8 451
175 437 8 967
176 438 8 597
176 60 8 1244
180 61 8 1418
181 439 8 1534
187 62 8 1726
192 440 8 1858
194 63 8 1690
195 64 8 620
195 65 8 334
195 66 8 475
196 67 8 741
197 68 8 758
197 441 8 1548
198 69 8 749
199 443 8 269
199 444 8 287
199 71 8 398
199 70 8 699
199 442 8 899
201 72 8 959
203 73 8 1063
204 445 8 1590
206 446 8 940
209 74 8 1610
211 447 8 1569
212 75 8 1144
212 76 8 49
214 77 8 990
215 78 8 859
217 79 8 1063
217 80 8 309
217 81 8 19
218 449 8 288
218 448 8 1742
219 82 8 879
222 83 8 1262
222 451 8 211
222 450 8 1438
223 452 8 837
224 453 8 723
224 84 8 1139
227 454 8 1145
228 455 8 534
230 85 8 1608
232 86 8 924
232 87 8 483
232 88 8 113
233 89 8 528
234 90 8 663
236 456 8 1782
238 457 8 994
239 458 8 862
242 91 8 1754
245 92 8 1206
246 459 8 1745
248 460 8 976
248 93 8 1196
249 95 8 296
249 94 8 565
250 461 8 1007
253 97 8 391
253 96 8 1378
256 463 8 223
256 98 8 1339
256 462 8 1674
257 99 8 690
261 464 8 1495
263 465 8 1120
266 466 8 1227
266 467 8 221
268 100 8 1861
271 470 8 388
271 469 8 239
271 468 8 1505
272 472 8 350
272 471 8 624
275 101 8 1704
276 102 8 517
277 473 8 1527
277 474 8 320
284 475 8 1730
284 476 8 82
284 103 8 1790
285 104 8 754
287 106 8 321
287 105 8 911
289 477 8 1517
291 478 8 1092
297 107 8 1844
298 108 8 550
302 109 8 1408
304 479 8 1888
307 110 8 1570
308 111 8 864
310 480 8 1615
311 481 8 546
312 482 8 653
313 484 8 75
313 483 8 721
314 112 8 1653
315 114 8 141
315 113 8 690
318 487 8 420
318 488 8 225
318 115 8 1224
318 485 8 1575
318 486 8 103
319 117 8 464
319 116 8 539
320 118 8 551
320 489 8 963
322 119 8 936
325 120 8 1334
327 490 8 1694
329 491 8 1058
329 492 8 105
330 493 8 776
331 494 8 558
332 495 8 851
341 496 8 1798
342 497 8 676
343 498 8 698
343 121 8 1917
344 124 8 85
344 123 8 229
344 122 8 628
345 500 8 362
345 499 8 1092
346 125 8 870
346 502 8 64
346 501 8 718
348 126 8 1116
351 503 8 1503
354 128 8 498
354 127 8 1688
357 129 8 1314
360 504 8 1825
361 505 8 814
364 130 8 1690
369 506 8 1785
369 131 8 1583
372 508 8 403
372 507 8 1234
374 133 8 169
374 132 8 1575
375 510 8 452
375 511 8 264
375 509 8 1340
376 134 8 1126
377 135 8 530
381 136 8 1426
383 137 8 1013
384 512 8 1826
384 139 8 227
384 138 8 508
386 513 8 898
386 516 8 354
386 515 8 429
386 514 8 130
387 140 8 1286
388 518 8 147
388 517 8 953
389 141 8 1004
398 519 8 1845
400 142 8 1857
400 520 8 1016
401 143 8 630
401 521 8 807
403 144 8 882
410 145 8 1724
410 146 8 100
411 147 8 516
413 148 8 1054
416 149 8 1265
421 522 8 1921
422 523 8 541
422 524 8 469
422 150 8 1681
424 151 8 914
425 525 8 1255
426 526 8 518
431 527 8 1499
432 152 8 1765
432 153 8 402
433 528 8 969
435 154 8 1280
437 529 8 1393
446 155 8 1868
448 157 8 288
448 156 8 1076
448 530 8 1857
451 531 8 1331
452 532 8 819
452 533 8 0
455 158 8 1704
457 534 8 1526
459 535 8 897
459 536 8 482
461 537 8 1075
462 538 8 821
464 159 8 1808
465 539 8 1186
471 160 8 1720
472 161 8 558
472 540 8 1714
473 542 8 17
473 541 8 794
474 543 8 810
475 544 8 511
476 162 8 1346
479 545 8 1429
479 163 8 1161
482 546 8 1156
484 547 8 1132
485 164 8 1642
485 550 8 497
485 549 8 128
485 548 8 646
486 551 8 845
487 552 8 528
488 554 8 75
488 553 8 777
492 555 8 1480
493 556 8 722
497 557 8 1447
499 558 8 1033
500 561 8 286
500 559 8 569
500 562 8 264
500 560 8 296
501 165 8 1912
502 563 8 934
504 166 8 1214
506 564 8 1407
508 167 8 1483
508 565 8 1045
512 168 8 1488
512 566 8 1370
517 169 8 1536
521 567 8 1826
524 170 8 1722
524 568 8 1297
527 569 8 1157
528 171 8 1450
538 570 8 1872
540 172 8 1880
540 173 8 323
541 571 8 1203
541 572 8 131
543 573 8 886
543 574 8 130
543 575 8 222
544 576 8 789
545 174 8 1575
545 176 8 59
545 175 8 329
546 577 8 1110
546 578 8 29
548 580 8 98
548 579 8 964
551 581 8 1311
552 582 8 853
553 583 8 841
555 584 8 896
557 585 8 1012
558 586 8 802
558 587 8 41
567 177 8 1922
568 589 8 45
568 590 8 174
568 588 8 1849
570 178 8 1271
570 179 8 286
570 592 8 41
570 591 8 959
570 593 8 251
571 180 8 769
572 181 8 599
572 594 8 890
573 182 8 633
576 595 8 1427
576 183 8 1157
577 596 8 530
579 597 8 1008
581 184 8 1557
582 185 8 776
582 598 8 1328
586 599 8 1391
586 600 8 59
589 186 8 1743
589 601 8 1254
592 187 8 1172
593 188 8 814
596 189 8 1182
597 602 8 1759
600 190 8 1378
601 603 8 1413
601 604 8 181
602 191 8 1138
604 605 8 1218
605 192 8 1234
605 606 8 713
606 194 8 432
606 193 8 624
607 195 8 728
610 607 8 1567
611 608 8 646
612 196 8 1583
613 197 8 696
615 198 8 912
617 199 8 895
618 200 8 510
619 609 8 1778
619 201 8 542
620 610 8 690
621 202 8 953
625 611 8 1537
625 203 8 1443
629 613 8 68
629 612 8 1418
629 204 8 1467
629 205 8 231
631 206 8 958
635 207 8 1441
636 208 8 752
638 209 8 950
647 210 8 1809
649 211 8 1078
651 212 8 941
655 213 8 1418
657 214 8 1038
659 215 8 1120
669 217 8 188
669 216 8 1849
674 218 8 1528
675 219 8 866
675 220 8 169
675 221 8 41
676 222 8 669
676 223 8 305
676 224 8 157
677 225 8 584
677 226 8 215
680 227 8 1255
689 228 8 1816
690 229 8 846
691 230 8 671
694 231 8 1288
696 233 8 376
696 232 8 1010
703 234 8 1701
703 235 8 227
708 236 8 1571
710 237 8 1115
716 238 8 1614
719 239 8 1325
726 240 8 1742
726 241 8 301
726 242 8 419
734 243 8 1788
737 244 8 1298
737 245 8 300
737 246 8 197
744 247 8 1741
749 248 8 1511
752 249 8 1236
753 250 8 803
757 251 8 1394
759 252 8 1092
759 253 8 46
760 255 8 468
760 254 8 725
769 256 8 1797
770 257 8 648
773 258 8 1285
775 259 8 883
775 260 8 15
781 261 8 1627
786 262 8 1550
796 264 8 278
796 263 8 1830
797 265 8 520
797 266 8 68
798 267 8 565
804 268 8 1641
805 269 8 810
809 270 8 1474
810 271 8 733
811 272 8 499
811 273 8 202
813 274 8 1048
821 275 8 1793
826 276 8 1547
827 277 8 805
829 278 8 931
837 279 8 1782
837 280 8 386
837 281 8 399
843 282 8 1669
844 283 8 579
844 284 8 42
847 285 8 1202
847 286 8 195
849 287 8 963
854 288 8 1575
857 289 8 1232
857 290 8 355
859 291 8 923
867 292 8 1755
868 293 8 730
871 295 8 114
871 294 8 1309
872 296 8 676
873 297 8 513
878 298 8 1509
879 299 8 777
879 300 8 232
884 301 8 1556
884 302 8 99
885 303 8 700
891 305 8 70
891 304 8 1686
893 306 8 895
895 307 8 889
897 308 8 923
898 309 8 857
899 310 8 845
901 311 8 991
907 312 8 1641
911 313 8 1428
911 314 8 496
916 315 8 1541
928 316 8 1883
930 317 8 970
938 318 8 1787
940 319 8 1001
940 320 8 325
942 321 8 1030
944 322 8 914
944 323 8 408
944 324 8 455
945 325 8 551
947 326 8 903
954 327 8 1693
955 328 8 818
957 329 8 933
959 330 8 1117
961 331 8 1033
964 332 8 1220
964 333 8 153
969 334 8 1550
970 335 8 754
970 336 8 300
972 337 8 968
973 338 8 817
987 339 8 1897
987 340 8 306
990 341 8 1230
990 342 8 39
991 343 8 718
991 344 8 387
994 345 8 1288
997 346 8 1206
997 347 8 326
997 348 8 233
1004 349 8 1693
1004 350 8 156
1010 351 8 1630
1011 352 8 650
1012 354 8 452
1012 353 8 507
1014 355 8 1126
1015 356 8 642
1021 357 8 1615
1021 358 8 245
1023 359 8 1135
1025 360 8 1092
1027 361 8 1126
1027 362 8 71
1044 363 8 1914
1050 364 8 1665
1057 365 8 1737
1064 366 8 1695
1068 367 8 1487
1077 368 8 1803
