3 0 1341 1341
3 1 1341 4
4 2 1341 559
24 3 1341 1920
29 4 1341 1576
30 5 1341 542
34 6 1341 1484
43 8 1341 416
43 7 1341 1810
51 9 1341 1752
52 10 1341 499
52 11 1341 268
52 12 1341 16
54 16 1341 121
54 13 1341 1043
54 14 1341 6
54 15 1341 124
56 17 1341 976
62 18 1341 1665
76 19 1341 1902
76 20 1341 186
77 21 1341 561
80 22 1341 1303
88 23 1341 1793
91 24 1341 1328
92 25 1341 522
95 26 1341 1333
100 27 1341 1603
105 28 1341 1557
109 29 1341 1494
109 30 1341 103
110 31 1341 641
115 32 1341 1554
120 33 1341 1587
121 34 1341 612
132 35 1341 1868
133 36 1341 725
135 37 1341 899
137 38 1341 1002
141 39 1341 1352
141 40 1341 254
147 41 1341 1680
148 42 1341 602
151 43 1341 1191
154 44 1341 1228
158 45 1341 1449
162 46 1341 1362
165 47 1341 1257
177 48 1341 1881
178 49 1341 585
184 50 1341 1628
187 51 1341 1151
187 52 1341 401
191 53 1341 1416
192 54 1341 636
193 55 1341 780
194 56 1341 625
195 57 1341 691
196 58 1341 591
198 59 1341 1053
200 60 1341 1134
209 61 1341 1806
209 62 1341 253
210 63 1341 847
216 64 1341 1648
224 65 1341 1783
225 69 1341 62
225 68 1341 431
225 67 1341 353
225 66 1341 639
228 70 1341 1323
231 71 1341 1147
245 72 1341 1899
245 73 1341 312
251 74 1341 1648
251 75 1341 430
263 77 1341 111
263 76 1341 1883
264 78 1341 564
273 79 1341 1804
275 80 1341 1085
275 81 1341 75
281 82 1341 1646
283 83 1341 971
291 84 1341 1790
293 87 1341 137
293 86 1341 240
293 85 1341 877
295 88 1341 951
303 89 1341 1756
306 90 1341 1242
306 91 1341 34
306 92 1341 307
318 93 1341 1873
318 94 1341 218
318 95 1341 372
322 96 1341 1427
328 97 1341 1680
332 98 1341 1468
336 99 1341 1370
337 100 1341 809
339 101 1341 1008
340 102 1341 826
349 103 1341 1818
352 104 1341 1186
352 105 1341 481
355 107 1341 88
355 106 1341 1177
362 108 1341 1693
362 109 1341 205
363 110 1341 821
364 111 1341 513
364 112 1341 127
365 113 1341 712
378 114 1341 1893
380 116 1341 159
380 115 1341 1058
383 117 1341 1207
385 118 1341 981
386 119 1341 770
391 120 1341 1542
392 121 1341 502
395 122 1341 1327
396 123 1341 599
397 124 1341 745
400 125 1341 1289
401 126 1341 839
401 127 1341 25
401 128 1341 94
404 129 1341 1275
406 130 1341 927
406 131 1341 203
407 132 1341 568
409 133 1341 1118
411 135 1341 76
411 134 1341 994
414 136 1341 1174
422 137 1341 1752
429 138 1341 1709
432 139 1341 1309
438 140 1341 1625
438 141 1341 152
438 142 1341 368
439 143 1341 745
441 144 1341 935
442 145 1341 728
452 146 1341 1832
457 147 1341 1519
472 148 1341 1905
474 149 1341 1085
474 150 1341 212
474 151 1341 220
475 152 1341 698
476 153 1341 697
484 154 1341 1753
484 155 1341 307
489 156 1341 1606
489 157 1341 227
491 158 1341 1073
500 159 1341 1822
505 160 1341 1566
508 161 1341 1152
527 163 1341 418
527 162 1341 1919
530 164 1341 1202
531 165 1341 617
542 166 1341 1870
544 167 1341 933
550 168 1341 1643
559 169 1341 1817
568 170 1341 1808
568 171 1341 332
572 172 1341 1422
577 173 1341 1597
579 174 1341 1070
583 175 1341 1389
583 176 1341 133
584 177 1341 581
589 178 1341 1588
589 179 1341 16
593 180 1341 1381
596 182 1341 45
596 181 1341 1244
598 183 1341 933
600 184 1341 1062
601 185 1341 707
605 186 1341 1430
613 187 1341 1795
616 188 1341 1289
617 190 1341 395
617 189 1341 686
619 191 1341 947
620 192 1341 679
629 193 1341 1811
635 194 1341 1667
635 195 1341 473
635 196 1341 158
647 197 1341 1875
651 198 1341 1467
651 199 1341 318
652 200 1341 782
654 201 1341 898
663 202 1341 1801
663 203 1341 87
666 204 1341 1201
675 205 1341 1805
676 206 1341 722
678 207 1341 1026
683 208 1341 1552
683 209 1341 363
683 210 1341 174
685 211 1341 1024
686 212 1341 563
688 213 1341 1057
688 214 1341 441
688 215 1341 321
690 216 1341 1106
692 217 1341 985
695 218 1341 1280
695 219 1341 494
697 221 1341 75
697 220 1341 1111
702 222 1341 1569
704 223 1341 956
708 224 1341 1422
709 225 1341 861
714 226 1341 1578
719 227 1341 1536
730 228 1341 1854
731 229 1341 597
734 231 1341 182
734 230 1341 1231
736 232 1341 1038
739 233 1341 1270
742 234 1341 1158
742 235 1341 482
746 236 1341 1368
758 237 1341 1882
764 238 1341 1656
767 239 1341 1182
783 242 1341 242
783 240 1341 1910
783 241 1341 404
785 243 1341 925
786 244 1341 512
789 245 1341 1295
789 246 1341 384
794 247 1341 1546
798 248 1341 1369
802 249 1341 1346
805 250 1341 1291
807 251 1341 1097
808 252 1341 595
810 253 1341 972
812 254 1341 1131
813 255 1341 707
816 256 1341 1254
817 257 1341 844
818 260 1341 227
818 259 1341 340
818 258 1341 590
820 261 1341 1110
822 262 1341 1097
824 263 1341 955
826 264 1341 1057
844 265 1341 1917
860 266 1341 1910
863 267 1341 1217
872 268 1341 1823
884 269 1341 1884
886 270 1341 878
889 271 1341 1149
892 272 1341 1253
892 273 1341 97
893 274 1341 509
894 275 1341 707
902 276 1341 1757
903 282 1341 166
903 281 1341 31
903 280 1341 477
903 278 1341 444
903 277 1341 643
903 279 1341 126
904 283 1341 507
907 285 1341 133
907 284 1341 1231
912 289 1341 451
912 288 1341 139
912 286 1341 1511
912 287 1341 65
915 290 1341 1152
916 291 1341 524
919 292 1341 1291
922 293 1341 1316
924 294 1341 955
925 295 1341 799
928 296 1341 1232
931 297 1341 1212
939 298 1341 1792
940 299 1341 520
943 300 1341 1309
945 301 1341 1091
951 302 1341 1648
955 304 1341 468
955 305 1341 141
955 303 1341 1410
963 306 1341 1769
