3 0 1300 1159
3 1 1300 451
3 2 1300 478
5 3 1300 1072
13 4 1300 1780
15 5 1300 983
17 6 1300 922
20 9 1300 88
20 8 1300 363
20 7 1300 1309
22 10 1300 1092
23 11 1300 809
24 12 1300 864
25 13 1300 692
28 14 1300 1233
38 15 1300 1843
47 16 1300 1811
49 17 1300 901
51 18 1300 1033
52 19 1300 691
57 20 1300 1509
57 21 1300 96
63 22 1300 1679
63 23 1300 210
63 24 1300 320
63 25 1300 230
70 26 1300 1709
71 28 1300 252
71 27 1300 613
84 29 1300 1893
87 30 1300 1188
93 31 1300 1619
93 32 1300 302
93 33 1300 346
97 34 1300 1386
102 35 1300 1561
106 36 1300 1409
113 37 1300 1724
117 38 1300 1348
121 39 1300 1368
128 40 1300 1701
128 41 1300 64
130 42 1300 947
134 43 1300 1449
134 44 1300 168
143 45 1300 1797
143 46 1300 251
146 47 1300 1212
152 48 1300 1679
161 49 1300 1796
170 50 1300 1796
174 51 1300 1459
181 52 1300 1731
182 53 1300 643
185 54 1300 1197
187 55 1300 1063
188 56 1300 696
188 57 1300 268
189 58 1300 752
194 59 1300 1549
197 60 1300 1198
197 61 1300 308
199 62 1300 1056
199 63 1300 394
200 64 1300 825
204 65 1300 1397
205 66 1300 507
206 67 1300 518
209 68 1300 1230
214 69 1300 1597
214 70 1300 434
214 71 1300 87
218 72 1300 1477
223 73 1300 1589
225 74 1300 914
229 75 1300 1445
231 79 1300 447
231 78 1300 41
231 76 1300 1073
231 77 1300 229
246 80 1300 1904
246 81 1300 497
247 82 1300 859
247 83 1300 381
247 84 1300 97
253 85 1300 1654
262 86 1300 1812
267 87 1300 1583
269 88 1300 1073
269 89 1300 323
270 90 1300 864
272 91 1300 1141
274 92 1300 972
281 93 1300 1723
281 94 1300 169
285 95 1300 1393
287 96 1300 932
288 97 1300 552
289 98 1300 624
290 99 1300 696
293 100 1300 1290
299 101 1300 1658
314 102 1300 1906
314 103 1300 81
318 104 1300 1362
325 105 1300 1708
340 106 1300 1906
340 107 1300 142
346 108 1300 1654
352 109 1300 1677
369 110 1300 1914
369 111 1300 466
369 112 1300 226
369 113 1300 305
374 114 1300 1570
375 115 1300 701
379 116 1300 1374
380 117 1300 675
380 118 1300 297
382 119 1300 1096
387 120 1300 1509
388 121 1300 849
392 122 1300 1369
394 123 1300 907
395 124 1300 733
398 125 1300 1217
400 126 1300 1040
406 127 1300 1678
410 128 1300 1419
414 129 1300 1446
415 130 1300 512
416 131 1300 520
421 132 1300 1530
424 133 1300 1269
426 134 1300 1082
426 135 1300 245
427 136 1300 515
428 137 1300 777
430 138 1300 944
430 139 1300 313
436 140 1300 1672
442 141 1300 1670
453 142 1300 1854
456 143 1300 1321
456 144 1300 333
456 145 1300 397
458 146 1300 914
459 147 1300 667
459 148 1300 153
463 150 1300 19
463 151 1300 256
463 149 1300 1393
463 152 1300 255
467 153 1300 1453
469 154 1300 1112
469 155 1300 440
469 156 1300 288
471 157 1300 999
474 158 1300 1273
474 159 1300 144
475 160 1300 668
475 161 1300 228
476 163 1300 207
476 162 1300 647
479 164 1300 1164
483 165 1300 1393
484 166 1300 861
486 167 1300 881
489 168 1300 1148
492 169 1300 1325
492 170 1300 185
493 171 1300 596
499 172 1300 1656
515 173 1300 1909
519 174 1300 1348
527 175 1300 1763
529 176 1300 919
529 177 1300 48
530 180 1300 302
530 181 1300 372
530 178 1300 573
530 179 1300 336
535 182 1300 1525
535 183 1300 26
539 184 1300 1427
539 185 1300 255
539 186 1300 265
539 187 1300 77
539 188 1300 157
540 189 1300 641
552 190 1300 1882
556 191 1300 1441
560 192 1300 1429
561 193 1300 799
566 194 1300 1569
570 195 1300 1443
572 196 1300 1022
578 197 1300 1646
578 198 1300 156
579 199 1300 864
583 201 1300 32
583 200 1300 1461
587 202 1300 1444
588 203 1300 753
591 204 1300 1207
595 205 1300 1347
596 206 1300 525
596 207 1300 270
596 208 1300 104
599 209 1300 1273
603 212 1300 425
603 210 1300 1445
603 211 1300 239
605 213 1300 937
613 214 1300 1767
613 215 1300 295
614 216 1300 628
615 217 1300 620
616 218 1300 705
618 219 1300 908
620 220 1300 1128
621 221 1300 783
622 222 1300 724
623 223 1300 506
627 224 1300 1368
628 225 1300 669
630 226 1300 1092
631 228 1300 339
631 227 1300 857
641 229 1300 1830
642 230 1300 741
645 231 1300 1198
654 232 1300 1817
660 233 1300 1634
661 234 1300 799
661 235 1300 269
662 236 1300 853
663 237 1300 772
664 239 1300 79
664 238 1300 744
670 240 1300 1655
689 241 1300 1920
703 242 1300 1898
704 243 1300 809
706 244 1300 1120
712 245 1300 1642
714 246 1300 1015
714 247 1300 491
716 248 1300 957
719 249 1300 1273
720 250 1300 815
720 251 1300 402
722 252 1300 940
725 253 1300 1172
731 254 1300 1661
732 255 1300 677
735 256 1300 1233
737 257 1300 937
740 258 1300 1309
741 259 1300 538
741 260 1300 255
746 261 1300 1592
757 262 1300 1855
757 263 1300 199
758 264 1300 532
758 265 1300 247
758 266 1300 347
759 268 1300 137
759 267 1300 716
764 269 1300 1497
768 270 1300 1367
776 271 1300 1781
785 272 1300 1801
786 273 1300 626
789 274 1300 1178
791 275 1300 1133
792 276 1300 810
802 277 1300 1840
805 278 1300 1311
811 279 1300 1650
816 280 1300 1578
817 281 1300 600
826 282 1300 1825
828 283 1300 991
830 284 1300 1014
830 285 1300 339
830 286 1300 257
831 287 1300 644
845 288 1300 1898
845 289 1300 122
847 290 1300 960
857 291 1300 1841
861 292 1300 1387
861 293 1300 206
868 295 1300 62
868 296 1300 64
868 294 1300 1749
875 297 1300 1699
875 298 1300 277
877 299 1300 873
880 300 1300 1294
880 301 1300 299
880 302 1300 354
884 303 1300 1384
894 304 1300 1831
896 305 1300 959
897 306 1300 525
