6 0 887 1683
6 1 887 201
6 2 887 434
8 3 887 1122
8 4 887 238
11 7 887 120
11 8 887 489
11 5 887 1251
11 6 887 425
13 9 887 992
15 10 887 873
16 11 887 549
17 12 887 865
21 13 887 1412
23 14 887 1125
30 15 887 1749
31 16 887 739
33 18 887 85
33 17 887 1061
34 19 887 806
34 20 887 35
41 21 887 1746
41 22 887 467
47 23 887 1647
51 24 887 1480
54 25 887 1146
55 26 887 636
56 27 887 778
56 28 887 48
60 29 887 1470
67 30 887 1740
67 31 887 485
74 32 887 1714
82 33 887 1768
83 35 887 180
83 34 887 620
90 36 887 1727
91 37 887 669
93 38 887 1108
98 39 887 1598
99 40 887 676
102 41 887 1322
103 42 887 750
108 43 887 1551
112 44 887 1440
114 45 887 1116
116 46 887 1074
118 47 887 930
118 48 887 137
122 49 887 1452
124 50 887 1077
136 51 887 1876
141 52 887 1555
141 53 887 129
141 54 887 475
152 55 887 1861
158 56 887 1659
159 57 887 712
164 58 887 1566
166 59 887 1017
167 60 887 614
172 61 887 1571
172 62 887 71
174 63 887 943
177 64 887 1177
177 65 887 388
178 66 887 760
180 67 887 1021
181 68 887 791
183 69 887 945
183 70 887 22
183 71 887 70
195 72 887 1878
195 73 887 412
195 74 887 129
196 75 887 638
198 76 887 996
199 77 887 840
199 78 887 206
199 79 887 363
199 80 887 71
205 81 887 1631
206 82 887 641
207 83 887 521
207 84 887 393
215 85 887 1789
216 86 887 854
221 87 887 1584
224 88 887 1292
225 89 887 684
225 90 887 446
227 91 887 1014
229 92 887 1027
229 93 887 91
231 94 887 984
233 95 887 1030
236 96 887 1250
243 97 887 1731
243 98 887 374
245 99 887 1052
245 100 887 356
245 101 887 52
245 102 887 138
247 103 887 1116
251 104 887 1430
253 105 887 1007
275 106 887 1922
278 107 887 1143
278 108 887 0
286 109 887 1761
287 110 887 865
288 111 887 818
289 112 887 506
292 113 887 1203
294 114 887 945
296 115 887 907
298 116 887 930
302 117 887 1475
303 118 887 549
306 119 887 1312
310 120 887 1458
312 121 887 1100
318 122 887 1654
318 123 887 107
319 124 887 499
321 125 887 932
323 126 887 967
331 127 887 1786
335 128 887 1353
337 129 887 1024
340 130 887 1313
343 131 887 1189
343 132 887 466
345 135 887 18
345 133 887 1079
345 134 887 7
349 136 887 1493
353 137 887 1449
355 138 887 1016
358 139 887 1311
366 140 887 1791
372 141 887 1636
377 142 887 1584
381 143 887 1455
388 144 887 1744
393 145 887 1552
394 146 887 508
401 147 887 1749
403 148 887 1071
403 149 887 76
403 150 887 99
410 151 887 1699
413 152 887 1181
415 153 887 986
420 154 887 1518
423 155 887 1181
423 156 887 323
423 157 887 31
424 158 887 617
424 159 887 497
424 160 887 39
424 161 887 136
431 162 887 1715
433 163 887 900
433 164 887 448
438 165 887 1600
438 166 887 352
442 167 887 1352
445 168 887 1195
447 169 887 926
450 170 887 1339
454 172 887 459
454 171 887 1406
457 173 887 1163
461 174 887 1446
468 175 887 1747
472 176 887 1440
472 177 887 199
472 178 887 288
474 180 887 424
474 179 887 871
477 181 887 1142
478 182 887 715
481 183 887 1276
483 184 887 925
488 185 887 1539
488 186 887 8
492 187 887 1404
496 188 887 1485
497 189 887 751
503 190 887 1620
507 191 887 1461
508 192 887 831
509 193 887 518
512 194 887 1271
518 195 887 1655
528 196 887 1845
529 197 887 684
531 198 887 1007
531 199 887 143
534 200 887 1200
536 201 887 1081
537 202 887 553
537 203 887 144
538 204 887 661
539 205 887 618
542 206 887 1240
542 207 887 18
546 208 887 1465
553 209 887 1695
559 211 887 123
559 210 887 1665
565 212 887 1668
571 213 887 1670
571 214 887 72
572 215 887 822
576 216 887 1345
576 217 887 438
590 218 887 1900
591 219 887 834
596 220 887 1592
598 221 887 872
606 222 887 1791
606 223 887 444
609 224 887 1231
618 225 887 1802
619 226 887 574
630 227 887 1865
639 228 887 1816
646 229 887 1715
655 230 887 1826
656 231 887 756
658 232 887 1117
658 233 887 144
663 234 887 1596
666 235 887 1268
667 236 887 588
668 237 887 571
669 240 887 298
669 239 887 306
669 238 887 615
686 241 887 1914
697 242 887 1864
704 243 887 1714
706 244 887 1011
711 245 887 1497
718 246 887 1718
720 250 887 309
720 249 887 449
720 248 887 446
720 247 887 1086
724 251 887 1407
725 252 887 708
725 253 887 172
725 254 887 476
725 255 887 328
728 256 887 1214
728 257 887 109
729 258 887 838
730 259 887 783
730 260 887 43
733 261 887 1299
733 262 887 126
739 263 887 1674
747 264 887 1794
749 265 887 908
751 266 887 931
756 268 887 74
756 267 887 1524
757 269 887 729
757 270 887 233
758 271 887 774
765 272 887 1747
770 273 887 1593
771 274 887 535
776 275 887 1602
778 277 887 77
778 276 887 933
782 278 887 1358
788 279 887 1659
788 280 887 84
792 281 887 1413
796 282 887 1419
800 283 887 1367
804 285 887 419
804 284 887 1406
804 286 887 47
806 287 887 944
811 288 887 1592
814 289 887 1268
814 290 887 54
814 291 887 479
820 292 887 1658
828 293 887 1756
828 294 887 262
830 295 887 923
838 297 887 189
838 296 887 1787
848 298 887 1845
848 299 887 102
849 300 887 565
849 301 887 194
851 302 887 1012
857 303 887 1641
857 304 887 215
861 305 887 1459
866 306 887 1584
