0 0 1176 439
1 1 1176 595
3 2 1176 943
4 3 1176 678
7 4 1176 1183
7 5 1176 94
11 6 1176 1407
20 7 1176 1824
22 8 1176 1001
30 9 1176 1793
32 10 1176 1136
32 11 1176 196
33 12 1176 776
35 13 1176 973
36 14 1176 551
49 15 1176 1895
49 16 1176 228
54 17 1176 1596
57 18 1176 1209
58 19 1176 602
59 20 1176 516
59 21 1176 219
63 22 1176 1436
65 23 1176 905
65 24 1176 387
71 25 1176 1688
72 26 1176 672
73 28 1176 218
73 27 1176 605
76 29 1176 1329
81 30 1176 1561
84 31 1176 1146
92 32 1176 1755
94 33 1176 991
95 34 1176 678
97 35 1176 994
97 36 1176 288
99 37 1176 971
107 38 1176 1790
111 39 1176 1413
114 40 1176 1311
115 41 1176 776
117 42 1176 905
117 43 1176 386
125 44 1176 1753
127 45 1176 1031
128 47 1176 423
128 46 1176 561
129 48 1176 795
131 49 1176 1067
133 50 1176 943
137 51 1176 1389
137 52 1176 190
144 53 1176 1711
150 55 1176 220
150 54 1176 1635
152 58 1176 291
152 56 1176 1083
152 57 1176 38
156 59 1176 1420
160 60 1176 1346
161 61 1176 801
166 62 1176 1606
171 63 1176 1597
171 64 1176 232
188 66 1176 365
188 65 1176 1915
195 67 1176 1709
195 68 1176 294
199 69 1176 1482
205 70 1176 1607
208 71 1176 1182
215 72 1176 1730
222 73 1176 1721
225 74 1176 1215
231 75 1176 1665
234 76 1176 1238
236 77 1176 1049
238 78 1176 1076
241 79 1176 1280
243 80 1176 1126
243 81 1176 249
250 82 1176 1735
252 85 1176 171
252 84 1176 385
252 83 1176 1076
254 86 1176 955
254 87 1176 43
257 88 1176 1281
257 89 1176 458
267 90 1176 1835
267 91 1176 250
268 93 1176 369
268 94 1176 67
268 92 1176 679
269 95 1176 509
271 96 1176 1095
274 97 1176 1232
274 98 1176 154
282 99 1176 1763
283 100 1176 666
284 102 1176 128
284 101 1176 776
287 103 1176 1238
291 104 1176 1384
297 105 1176 1686
302 106 1176 1583
302 107 1176 394
302 108 1176 496
315 109 1176 1895
317 110 1176 907
317 111 1176 34
319 112 1176 886
321 114 1176 294
321 113 1176 936
323 115 1176 1096
325 116 1176 991
326 117 1176 529
329 118 1176 1212
329 119 1176 60
331 120 1176 959
331 121 1176 322
331 122 1176 428
339 123 1176 1761
344 124 1176 1571
348 125 1176 1357
349 126 1176 502
353 127 1176 1361
359 128 1176 1653
360 129 1176 706
361 130 1176 570
361 131 1176 5
363 132 1176 895
366 133 1176 1237
367 134 1176 614
367 135 1176 349
367 136 1176 121
367 137 1176 496
373 138 1176 1617
374 139 1176 623
375 140 1176 512
376 141 1176 561
380 142 1176 1472
383 143 1176 1310
387 144 1176 1476
396 145 1176 1801
399 146 1176 1288
405 147 1176 1668
405 148 1176 75
407 149 1176 895
411 150 1176 1443
412 152 1176 20
412 153 1176 93
412 151 1176 565
413 154 1176 804
413 155 1176 343
413 156 1176 348
413 157 1176 292
418 158 1176 1592
418 159 1176 26
421 161 1176 222
421 160 1176 1184
422 162 1176 665
429 163 1176 1714
432 164 1176 1325
434 165 1176 901
436 166 1176 1064
441 167 1176 1573
441 168 1176 322
452 169 1176 1869
454 171 1176 494
454 170 1176 975
455 172 1176 837
456 173 1176 588
460 174 1176 1473
460 175 1176 397
461 176 1176 775
463 177 1176 1042
463 178 1176 285
470 179 1176 1694
470 180 1176 68
471 181 1176 759
474 182 1176 1285
475 183 1176 757
478 184 1176 1187
478 185 1176 4
494 186 1176 1910
495 189 1176 270
495 190 1176 1
495 187 1176 801
495 188 1176 433
503 191 1176 1754
504 192 1176 829
509 193 1176 1590
513 194 1176 1364
513 195 1176 290
522 196 1176 1821
528 197 1176 1682
544 198 1176 1910
545 199 1176 575
546 200 1176 737
552 201 1176 1640
556 202 1176 1345
556 203 1176 131
566 204 1176 1845
568 205 1176 949
574 206 1176 1652
578 207 1176 1357
579 209 1176 407
579 208 1176 545
583 210 1176 1493
586 211 1176 1231
586 212 1176 6
595 213 1176 1822
607 214 1176 1883
607 215 1176 425
608 216 1176 861
618 217 1176 1832
619 218 1176 527
622 219 1176 1320
624 220 1176 915
624 221 1176 262
626 222 1176 1140
626 223 1176 52
637 224 1176 1868
640 225 1176 1146
645 226 1176 1589
648 227 1176 1172
651 228 1176 1149
654 229 1176 1182
655 230 1176 501
657 231 1176 1017
659 232 1176 1056
665 233 1176 1635
667 234 1176 957
667 235 1176 353
670 236 1176 1338
673 237 1176 1154
674 240 1176 277
674 238 1176 837
674 239 1176 238
675 241 1176 553
675 242 1176 255
675 243 1176 26
676 244 1176 702
677 245 1176 695
684 246 1176 1747
686 247 1176 932
692 248 1176 1632
694 249 1176 939
698 250 1176 1353
715 251 1176 1913
718 252 1176 1154
719 253 1176 590
724 254 1176 1584
724 255 1176 474
725 256 1176 499
728 257 1176 1293
728 258 1176 188
729 259 1176 699
732 260 1176 1284
732 261 1176 480
732 262 1176 208
735 263 1176 1287
745 266 1176 174
745 267 1176 296
745 264 1176 1830
745 265 1176 475
746 268 1176 864
751 269 1176 1529
753 270 1176 1011
759 271 1176 1632
761 272 1176 995
761 273 1176 289
763 276 1176 6
763 275 1176 362
763 274 1176 1043
765 277 1176 1114
768 278 1176 1275
771 279 1176 1172
774 280 1176 1324
775 281 1176 657
779 282 1176 1465
779 283 1176 209
787 284 1176 1754
788 285 1176 512
796 286 1176 1787
796 287 1176 465
796 288 1176 50
796 289 1176 482
804 290 1176 1778
804 291 1176 45
806 292 1176 966
806 293 1176 137
808 294 1176 878
815 296 1176 345
815 295 1176 1721
817 297 1176 893
817 298 1176 120
817 299 1176 226
818 300 1176 520
822 301 1176 1450
822 302 1176 67
822 303 1176 102
832 304 1176 1852
838 305 1176 1646
840 306 1176 918
