0 0 1349 168
0 1 1349 373
3 2 1349 1208
3 3 1349 444
8 4 1349 1560
10 5 1349 892
12 6 1349 1060
12 7 1349 86
19 8 1349 1707
23 9 1349 1487
32 10 1349 1803
34 11 1349 1046
37 12 1349 1213
42 13 1349 1536
43 14 1349 772
48 15 1349 1511
48 16 1349 241
57 17 1349 1823
59 18 1349 1046
76 19 1349 1914
77 20 1349 644
79 21 1349 967
79 22 1349 299
81 23 1349 1137
85 24 1349 1475
85 25 1349 286
106 26 1349 1921
106 27 1349 478
115 28 1349 1798
119 29 1349 1363
128 30 1349 1815
131 31 1349 1279
135 32 1349 1422
136 33 1349 729
147 34 1349 1861
150 35 1349 1265
154 36 1349 1414
158 38 1349 266
158 37 1349 1386
165 39 1349 1744
169 40 1349 1403
169 41 1349 189
174 42 1349 1513
177 43 1349 1222
178 44 1349 629
179 45 1349 678
184 46 1349 1542
187 48 1349 66
187 47 1349 1202
189 49 1349 960
189 50 1349 94
191 51 1349 1042
192 52 1349 514
193 53 1349 706
197 54 1349 1433
199 56 1349 74
199 57 1349 70
199 55 1349 1125
201 58 1349 894
204 59 1349 1274
206 60 1349 895
207 61 1349 581
207 62 1349 213
207 63 1349 343
212 64 1349 1597
213 65 1349 524
218 67 1349 483
218 66 1349 1549
223 68 1349 1599
227 69 1349 1432
227 70 1349 96
228 71 1349 780
233 72 1349 1557
236 73 1349 1226
237 74 1349 511
237 75 1349 455
241 76 1349 1379
243 77 1349 1001
244 78 1349 507
245 79 1349 796
246 80 1349 668
247 81 1349 719
247 82 1349 411
248 83 1349 837
251 84 1349 1269
252 85 1349 772
253 86 1349 764
254 87 1349 716
257 88 1349 1221
258 89 1349 735
261 90 1349 1191
264 91 1349 1343
264 92 1349 491
266 93 1349 916
267 94 1349 849
268 95 1349 821
282 96 1349 1900
285 97 1349 1169
290 98 1349 1550
290 99 1349 105
292 100 1349 1054
294 101 1349 1058
299 102 1349 1528
300 103 1349 559
301 104 1349 863
304 105 1349 1239
308 106 1349 1410
311 107 1349 1213
311 108 1349 194
313 109 1349 978
319 110 1349 1671
321 111 1349 998
325 112 1349 1487
325 113 1349 97
326 116 1349 169
326 115 1349 176
326 114 1349 606
329 117 1349 1300
331 118 1349 999
332 119 1349 824
338 120 1349 1684
339 121 1349 833
342 122 1349 1187
343 124 1349 240
343 123 1349 863
344 125 1349 678
344 126 1349 288
345 127 1349 640
345 128 1349 377
351 129 1349 1614
351 130 1349 479
351 131 1349 209
355 132 1349 1375
355 133 1349 402
361 134 1349 1667
366 135 1349 1534
368 136 1349 1115
376 137 1349 1777
390 138 1349 1899
390 139 1349 30
393 140 1349 1287
397 141 1349 1476
398 142 1349 521
398 143 1349 242
400 145 1349 193
400 144 1349 989
408 146 1349 1780
408 147 1349 394
408 148 1349 310
409 149 1349 672
410 150 1349 651
411 151 1349 599
411 152 1349 170
412 155 1349 221
412 153 1349 726
412 154 1349 345
421 156 1349 1796
422 157 1349 664
422 158 1349 318
422 159 1349 184
424 160 1349 951
425 161 1349 770
426 162 1349 836
427 164 1349 498
427 163 1349 505
431 165 1349 1462
436 166 1349 1547
438 167 1349 1085
438 168 1349 355
440 169 1349 996
442 170 1349 985
442 171 1349 317
445 172 1349 1326
447 173 1349 968
451 174 1349 1462
451 175 1349 207
451 176 1349 311
453 177 1349 944
462 178 1349 1799
462 179 1349 47
463 180 1349 822
472 182 1349 329
472 181 1349 1818
478 183 1349 1629
480 184 1349 962
489 185 1349 1804
489 186 1349 38
490 187 1349 649
490 188 1349 56
494 189 1349 1446
500 190 1349 1663
500 191 1349 451
504 192 1349 1459
511 193 1349 1714
513 194 1349 1004
514 195 1349 517
515 196 1349 640
515 197 1349 15
521 198 1349 1669
525 199 1349 1451
526 200 1349 570
527 202 1349 38
527 201 1349 695
530 203 1349 1239
536 204 1349 1611
536 205 1349 334
539 206 1349 1198
541 207 1349 1127
544 208 1349 1189
544 209 1349 138
554 210 1349 1834
555 211 1349 851
556 212 1349 790
556 213 1349 271
559 214 1349 1286
561 215 1349 1057
561 216 1349 440
563 217 1349 1131
567 218 1349 1467
568 219 1349 619
572 220 1349 1423
574 221 1349 897
576 222 1349 1029
577 223 1349 833
580 224 1349 1258
581 225 1349 534
582 226 1349 782
587 227 1349 1536
600 228 1349 1889
602 229 1349 944
606 231 1349 296
606 230 1349 1492
609 232 1349 1200
609 233 1349 347
613 234 1349 1401
613 235 1349 127
621 236 1349 1779
623 237 1349 1015
623 238 1349 17
624 239 1349 628
625 240 1349 605
626 241 1349 836
630 242 1349 1385
640 243 1349 1843
645 244 1349 1537
646 245 1349 811
651 246 1349 1585
654 247 1349 1188
654 248 1349 427
665 250 1349 76
665 249 1349 1871
669 251 1349 1433
669 252 1349 473
671 253 1349 1049
671 254 1349 28
676 255 1349 1597
681 256 1349 1591
683 257 1349 1130
698 258 1349 1906
700 259 1349 1077
704 260 1349 1476
709 261 1349 1587
712 262 1349 1162
712 263 1349 244
713 264 1349 571
718 265 1349 1538
723 266 1349 1575
723 267 1349 443
724 268 1349 794
727 269 1349 1159
730 270 1349 1202
734 271 1349 1350
736 272 1349 1113
737 273 1349 839
737 274 1349 13
738 275 1349 587
742 276 1349 1437
744 277 1349 1110
747 278 1349 1221
747 279 1349 446
749 280 1349 873
754 281 1349 1519
756 282 1349 1108
756 283 1349 17
757 284 1349 868
757 285 1349 58
764 288 1349 319
764 286 1349 1747
764 287 1349 151
771 289 1349 1728
771 290 1349 461
772 291 1349 649
774 292 1349 1034
775 293 1349 865
777 294 1349 1076
779 295 1349 942
784 296 1349 1598
786 297 1349 1141
789 298 1349 1272
814 299 1349 1924
817 300 1349 1161
820 301 1349 1142
820 302 1349 393
823 303 1349 1193
824 304 1349 669
825 305 1349 651
825 306 1349 320
