1 0 440 803
1 1 440 363
1 2 440 162
2 3 440 619
8 4 440 1674
10 5 440 1064
12 6 440 1065
13 7 440 578
19 8 440 1629
24 9 440 1543
29 10 440 1605
32 11 440 1267
33 12 440 723
35 13 440 1052
36 14 440 797
39 15 440 1270
42 16 440 1325
42 17 440 62
46 18 440 1403
47 19 440 775
47 20 440 69
48 21 440 549
50 22 440 892
51 23 440 846
51 24 440 491
56 25 440 1590
56 26 440 31
57 28 440 205
57 27 440 567
58 29 440 688
62 30 440 1432
66 31 440 1402
67 32 440 517
70 33 440 1337
70 34 440 157
74 35 440 1467
75 36 440 854
77 37 440 962
78 38 440 859
85 39 440 1748
86 40 440 657
86 41 440 159
94 42 440 1779
95 43 440 840
96 44 440 499
97 45 440 829
100 46 440 1322
100 47 440 185
107 48 440 1701
109 49 440 972
109 50 440 69
111 51 440 1043
114 52 440 1193
125 53 440 1865
130 54 440 1553
130 55 440 254
134 56 440 1396
137 59 440 84
137 57 440 1240
137 58 440 128
139 60 440 1032
139 61 440 498
139 62 440 373
141 63 440 940
141 64 440 111
141 65 440 202
142 66 440 749
145 67 440 1310
147 68 440 895
150 69 440 1255
150 70 440 416
150 71 440 362
152 72 440 1127
157 73 440 1579
157 74 440 117
167 75 440 1834
168 78 440 347
168 76 440 694
168 77 440 52
173 79 440 1586
173 80 440 268
181 81 440 1771
182 82 440 790
185 83 440 1157
186 85 440 389
186 86 440 209
186 84 440 619
187 87 440 577
194 88 440 1708
203 89 440 1827
203 90 440 70
208 91 440 1538
209 92 440 834
210 93 440 775
211 94 440 716
211 95 440 158
218 96 440 1710
219 97 440 838
220 98 440 729
220 99 440 297
220 100 440 79
220 101 440 11
223 102 440 1215
223 103 440 445
224 104 440 556
230 105 440 1631
240 106 440 1840
245 107 440 1538
252 108 440 1748
258 109 440 1643
262 110 440 1485
265 111 440 1344
267 112 440 893
267 113 440 466
274 114 440 1741
277 115 440 1186
283 116 440 1632
285 117 440 1141
285 118 440 320
291 119 440 1646
309 120 440 1918
309 121 440 172
314 122 440 1527
316 123 440 992
319 124 440 1184
320 125 440 802
324 126 440 1453
324 127 440 352
325 128 440 863
337 129 440 1883
337 130 440 123
345 131 440 1781
348 133 440 49
348 132 440 1248
353 134 440 1507
353 135 440 256
354 136 440 555
354 137 440 344
355 138 440 600
357 139 440 913
357 140 440 474
358 141 440 595
359 142 440 754
359 143 440 64
359 144 440 342
360 145 440 651
361 146 440 644
361 147 440 368
363 148 440 959
367 150 440 450
367 149 440 1455
368 151 440 569
369 152 440 517
371 154 440 304
371 153 440 1007
381 155 440 1832
381 156 440 409
381 157 440 223
384 158 440 1186
390 159 440 1679
390 160 440 177
394 161 440 1487
395 162 440 675
403 163 440 1789
408 164 440 1520
414 165 440 1628
414 166 440 95
415 167 440 844
417 168 440 884
421 169 440 1484
422 170 440 631
425 171 440 1288
426 172 440 541
429 173 440 1332
432 174 440 1172
435 175 440 1322
438 176 440 1342
442 177 440 1462
443 178 440 650
444 179 440 532
444 180 440 157
446 181 440 1085
449 182 440 1318
452 183 440 1333
456 184 440 1432
460 185 440 1479
463 186 440 1263
463 187 440 240
469 188 440 1670
474 189 440 1599
482 190 440 1772
482 191 440 331
484 192 440 1083
485 193 440 846
486 194 440 735
488 195 440 911
498 196 440 1845
500 197 440 889
500 198 440 469
501 199 440 638
502 200 440 555
509 201 440 1725
513 202 440 1408
517 203 440 1399
518 204 440 823
520 205 440 1087
520 206 440 28
522 207 440 1110
530 208 440 1759
532 209 440 907
532 210 440 490
534 211 440 871
539 212 440 1497
540 213 440 653
545 214 440 1521
547 215 440 1017
547 216 440 169
550 217 440 1267
550 218 440 356
550 219 440 40
550 220 440 365
558 221 440 1780
560 222 440 1098
563 223 440 1209
569 224 440 1636
569 225 440 299
569 226 440 204
575 227 440 1620
576 228 440 596
576 229 440 261
580 231 440 452
580 230 440 1401
582 232 440 992
582 233 440 11
596 234 440 1902
596 235 440 356
601 236 440 1601
611 237 440 1843
612 238 440 509
612 239 440 345
616 242 440 406
616 240 440 1451
616 241 440 152
617 243 440 763
619 244 440 1109
621 245 440 900
622 246 440 759
622 247 440 430
625 248 440 1249
631 249 440 1643
632 250 440 741
633 251 440 578
634 252 440 533
634 253 440 428
634 254 440 272
635 255 440 700
636 256 440 627
636 257 440 199
642 258 440 1688
643 259 440 524
645 260 440 883
645 261 440 333
646 262 440 514
651 263 440 1498
655 264 440 1430
655 265 440 37
664 266 440 1804
668 267 440 1486
669 268 440 676
672 269 440 1165
675 270 440 1341
675 271 440 251
676 272 440 757
676 273 440 11
677 274 440 514
677 275 440 213
681 277 440 335
681 278 440 100
681 276 440 1373
682 279 440 735
686 280 440 1465
693 281 440 1698
693 282 440 370
695 283 440 877
699 284 440 1444
700 285 440 823
710 286 440 1844
711 287 440 563
717 288 440 1664
720 289 440 1201
726 290 440 1654
730 291 440 1402
730 292 440 154
746 293 440 1909
750 294 440 1386
752 295 440 1117
757 296 440 1563
758 297 440 832
761 298 440 1257
763 299 440 1072
765 300 440 1021
768 301 440 1197
774 302 440 1679
774 303 440 83
774 304 440 302
774 305 440 490
781 306 440 1745
