9 0 1434 1818
12 1 1434 1274
18 2 1434 1643
27 3 1434 1815
29 4 1434 897
33 5 1434 1490
36 6 1434 1186
37 9 1434 380
37 8 1434 320
37 7 1434 644
40 10 1434 1260
45 11 1434 1591
51 12 1434 1678
52 13 1434 542
57 14 1434 1533
57 15 1434 390
58 16 1434 822
60 18 1434 384
60 17 1434 1130
63 19 1434 1143
63 20 1434 362
67 21 1434 1348
67 22 1434 431
70 23 1434 1305
73 24 1434 1199
77 25 1434 1494
84 26 1434 1689
89 27 1434 1580
90 28 1434 852
90 29 1434 443
91 30 1434 849
102 31 1434 1868
109 32 1434 1740
112 35 1434 214
112 36 1434 405
112 33 1434 1330
112 34 1434 49
121 37 1434 1805
124 38 1434 1142
126 39 1434 1094
130 40 1434 1487
137 41 1434 1701
137 42 1434 376
137 43 1434 191
137 44 1434 22
142 45 1434 1583
143 46 1434 615
144 47 1434 614
150 48 1434 1612
150 49 1434 446
150 50 1434 61
150 51 1434 119
151 52 1434 518
152 53 1434 785
152 54 1434 354
152 55 1434 469
153 57 1434 337
153 56 1434 842
154 58 1434 615
157 59 1434 1328
164 60 1434 1725
169 61 1434 1531
176 62 1434 1717
185 63 1434 1801
189 64 1434 1455
192 65 1434 1316
200 68 1434 492
200 66 1434 1775
200 67 1434 347
203 69 1434 1318
219 70 1434 1909
221 71 1434 941
237 72 1434 1912
240 73 1434 1214
245 74 1434 1580
246 75 1434 586
248 77 1434 240
248 76 1434 972
251 78 1434 1283
256 79 1434 1541
258 80 1434 879
260 81 1434 1075
273 82 1434 1892
273 83 1434 405
273 84 1434 382
274 85 1434 730
278 86 1434 1349
280 87 1434 955
282 88 1434 975
287 89 1434 1504
290 90 1434 1297
290 91 1434 68
293 92 1434 1189
300 93 1434 1739
303 94 1434 1294
315 95 1434 1881
331 96 1434 1909
332 97 1434 499
333 98 1434 660
334 99 1434 630
341 100 1434 1732
341 101 1434 267
341 102 1434 121
341 103 1434 294
341 104 1434 462
343 106 1434 132
343 105 1434 1044
346 107 1434 1229
348 108 1434 1129
355 109 1434 1693
359 110 1434 1422
360 111 1434 602
362 112 1434 978
364 113 1434 999
364 114 1434 449
365 115 1434 649
370 116 1434 1563
373 117 1434 1311
377 118 1434 1419
378 119 1434 725
391 120 1434 1892
392 121 1434 820
395 122 1434 1297
397 124 1434 21
397 123 1434 912
407 125 1434 1840
413 126 1434 1676
413 127 1434 173
423 128 1434 1845
429 129 1434 1624
430 130 1434 601
430 131 1434 472
435 132 1434 1504
436 133 1434 652
443 134 1434 1733
444 135 1434 612
446 136 1434 953
451 137 1434 1598
462 138 1434 1868
465 139 1434 1262
466 140 1434 598
466 141 1434 120
474 142 1434 1750
477 144 1434 82
477 143 1434 1207
478 145 1434 694
480 146 1434 1014
480 147 1434 190
483 148 1434 1289
484 149 1434 644
484 150 1434 318
485 151 1434 598
487 152 1434 1005
498 153 1434 1860
499 154 1434 663
501 155 1434 912
503 156 1434 895
505 157 1434 1133
505 158 1434 272
506 159 1434 546
509 160 1434 1292
521 161 1434 1883
524 162 1434 1308
528 163 1434 1430
530 164 1434 1091
532 165 1434 949
534 166 1434 1022
534 167 1434 326
537 168 1434 1190
545 169 1434 1762
551 170 1434 1621
564 171 1434 1889
568 174 1434 126
568 172 1434 1367
568 173 1434 156
576 175 1434 1772
578 176 1434 994
578 177 1434 89
579 178 1434 830
582 179 1434 1251
583 180 1434 826
587 181 1434 1485
588 182 1434 808
591 183 1434 1200
594 184 1434 1306
594 185 1434 3
598 186 1434 1392
603 187 1434 1569
620 188 1434 1914
621 189 1434 821
627 190 1434 1642
634 191 1434 1744
637 192 1434 1325
640 193 1434 1322
653 194 1434 1894
654 195 1434 639
655 196 1434 736
655 197 1434 320
655 198 1434 115
657 199 1434 1057
662 200 1434 1597
663 201 1434 688
665 202 1434 925
669 203 1434 1452
671 204 1434 948
671 205 1434 353
674 206 1434 1155
675 207 1434 848
682 208 1434 1733
683 209 1434 816
693 210 1434 1843
694 211 1434 805
694 212 1434 303
696 213 1434 946
702 214 1434 1644
709 215 1434 1732
711 216 1434 1075
711 217 1434 108
711 218 1434 123
713 219 1434 1088
717 220 1434 1481
721 221 1434 1378
721 222 1434 336
721 223 1434 369
721 224 1434 120
730 225 1434 1801
731 226 1434 564
731 227 1434 45
731 228 1434 187
735 229 1434 1412
737 230 1434 1035
738 231 1434 673
752 232 1434 1898
759 233 1434 1697
764 234 1434 1579
764 235 1434 137
765 236 1434 560
768 237 1434 1281
768 238 1434 252
770 239 1434 953
771 240 1434 773
772 241 1434 544
780 242 1434 1761
782 243 1434 1097
784 244 1434 902
785 245 1434 836
789 246 1434 1441
789 247 1434 379
794 249 1434 162
794 248 1434 1602
798 250 1434 1488
799 251 1434 628
799 252 1434 196
801 253 1434 952
806 254 1434 1500
806 255 1434 218
806 256 1434 351
807 257 1434 555
810 258 1434 1331
812 259 1434 1071
819 260 1434 1714
821 261 1434 1109
822 262 1434 660
822 263 1434 321
829 264 1434 1705
832 265 1434 1169
833 266 1434 831
834 267 1434 530
837 268 1434 1291
842 269 1434 1507
845 270 1434 1171
852 271 1434 1719
860 272 1434 1780
862 273 1434 1095
862 274 1434 315
864 275 1434 937
869 276 1434 1541
872 277 1434 1164
876 278 1434 1391
879 279 1434 1209
879 280 1434 359
879 281 1434 184
879 282 1434 368
879 283 1434 24
889 284 1434 1848
889 285 1434 407
889 286 1434 476
891 288 1434 196
891 287 1434 946
895 289 1434 1360
902 290 1434 1711
902 291 1434 4
914 292 1434 1874
916 293 1434 1105
919 294 1434 1163
924 295 1434 1588
933 296 1434 1808
937 297 1434 1440
940 298 1434 1317
946 299 1434 1658
946 300 1434 4
948 301 1434 911
950 302 1434 1012
950 303 1434 95
952 304 1434 916
959 305 1434 1694
960 306 1434 772
