3 0 616 1213
10 1 616 1728
12 2 616 1113
12 3 616 83
15 4 616 1179
17 5 616 965
19 6 616 1120
19 7 616 275
23 12 616 194
23 11 616 29
23 9 616 341
23 8 616 1356
23 10 616 383
26 13 616 1298
27 14 616 770
35 15 616 1771
41 17 616 61
41 16 616 1671
42 19 616 9
42 18 616 508
44 20 616 907
54 21 616 1835
65 22 616 1859
65 23 616 217
65 24 616 496
66 25 616 803
73 29 616 72
73 28 616 410
73 26 616 1730
73 27 616 189
74 30 616 641
75 31 616 831
76 32 616 637
76 33 616 442
79 34 616 1291
80 35 616 829
83 38 616 139
83 37 616 480
83 36 616 1190
88 39 616 1559
88 40 616 364
105 41 616 1915
125 42 616 1920
125 43 616 35
132 44 616 1689
136 45 616 1445
141 46 616 1535
149 47 616 1789
153 48 616 1406
155 49 616 1135
155 50 616 241
162 51 616 1717
183 52 616 1922
188 53 616 1602
196 54 616 1774
199 55 616 1302
207 56 616 1794
209 57 616 896
214 58 616 1511
214 59 616 375
217 60 616 1160
219 61 616 930
227 62 616 1790
230 63 616 1284
236 64 616 1625
240 65 616 1476
243 66 616 1317
249 67 616 1677
249 68 616 6
260 69 616 1865
261 70 616 581
264 71 616 1190
274 72 616 1847
276 73 616 874
281 74 616 1569
283 75 616 917
293 76 616 1840
302 77 616 1824
302 78 616 452
304 79 616 976
307 80 616 1193
318 81 616 1866
319 82 616 708
322 83 616 1199
330 84 616 1755
331 85 616 848
332 86 616 834
334 87 616 959
335 88 616 593
352 89 616 1914
354 90 616 960
354 91 616 294
356 92 616 893
362 93 616 1688
362 94 616 398
366 96 616 125
366 95 616 1359
367 97 616 636
367 98 616 335
367 99 616 212
367 100 616 127
375 101 616 1783
383 102 616 1783
387 103 616 1465
388 104 616 554
390 105 616 975
398 106 616 1795
400 107 616 1047
400 108 616 32
401 109 616 857
405 110 616 1387
418 111 616 1895
418 112 616 443
419 113 616 535
421 114 616 1106
424 115 616 1218
424 116 616 222
425 117 616 590
429 118 616 1453
430 119 616 776
431 120 616 642
431 121 616 358
433 123 616 17
433 122 616 1083
435 124 616 905
435 125 616 286
435 126 616 297
435 127 616 158
435 128 616 475
435 129 616 210
436 130 616 791
439 131 616 1204
443 133 616 239
443 132 616 1489
444 134 616 849
447 135 616 1335
447 136 616 83
450 137 616 1167
451 138 616 644
452 139 616 779
454 140 616 978
461 141 616 1711
463 142 616 926
469 143 616 1660
470 144 616 526
472 145 616 990
480 146 616 1775
480 147 616 358
481 148 616 582
483 149 616 1105
485 150 616 1136
489 151 616 1459
491 152 616 1107
495 153 616 1483
500 154 616 1495
507 155 616 1694
508 156 616 699
516 157 616 1765
517 158 616 560
517 159 616 267
518 160 616 678
524 161 616 1636
525 162 616 572
532 167 616 203
532 166 616 406
532 163 616 1747
532 164 616 65
532 165 616 183
538 168 616 1610
545 169 616 1696
547 170 616 1135
549 171 616 980
560 172 616 1871
561 173 616 673
568 174 616 1723
569 175 616 855
573 176 616 1356
577 177 616 1348
581 178 616 1415
591 179 616 1839
591 180 616 436
602 181 616 1863
607 182 616 1501
610 183 616 1295
612 184 616 998
615 185 616 1257
615 186 616 96
615 187 616 5
616 188 616 669
618 189 616 1079
619 190 616 636
619 191 616 242
620 194 616 101
620 192 616 606
620 193 616 376
623 195 616 1266
625 196 616 1139
627 197 616 1104
632 198 616 1595
632 199 616 343
633 200 616 584
638 201 616 1572
639 202 616 672
640 203 616 810
653 204 616 1894
653 205 616 156
658 206 616 1513
658 207 616 433
664 208 616 1685
665 209 616 640
665 210 616 337
668 212 616 350
668 211 616 1276
669 213 616 646
677 214 616 1756
678 215 616 740
678 216 616 135
681 217 616 1202
682 218 616 748
683 219 616 732
683 220 616 87
683 221 616 400
687 222 616 1459
688 223 616 531
690 224 616 1060
692 226 616 373
692 225 616 892
696 227 616 1494
697 229 616 456
697 228 616 572
703 231 616 252
703 230 616 1641
709 232 616 1677
711 233 616 1072
714 234 616 1255
715 235 616 788
718 236 616 1190
719 237 616 690
722 238 616 1325
723 239 616 842
729 240 616 1669
734 241 616 1587
734 242 616 245
734 243 616 29
735 244 616 742
738 245 616 1285
747 246 616 1817
759 247 616 1885
760 248 616 545
763 249 616 1286
765 250 616 1131
776 251 616 1861
776 252 616 355
777 253 616 862
777 254 616 256
777 255 616 184
777 256 616 112
777 257 616 141
783 258 616 1675
785 259 616 1001
792 260 616 1707
792 261 616 18
800 262 616 1786
803 263 616 1229
805 264 616 923
805 265 616 85
810 266 616 1523
813 267 616 1202
816 268 616 1315
818 269 616 968
822 270 616 1474
826 271 616 1369
835 272 616 1801
845 273 616 1831
847 274 616 988
847 275 616 424
847 276 616 154
851 277 616 1430
858 278 616 1713
865 279 616 1699
867 280 616 1000
867 281 616 413
869 282 616 949
872 283 616 1211
875 284 616 1249
882 285 616 1704
891 286 616 1821
892 287 616 815
893 288 616 816
895 289 616 1071
896 290 616 675
898 291 616 1049
900 292 616 939
900 293 616 323
902 294 616 1059
908 295 616 1650
915 296 616 1725
917 297 616 941
919 298 616 1030
920 299 616 656
926 300 616 1686
927 301 616 615
928 302 616 569
933 303 616 1502
940 304 616 1736
946 305 616 1686
946 306 616 60
