9 0 1896 1804
9 1 1896 125
10 2 1896 509
21 3 1896 1862
24 4 1896 1274
38 5 1896 1896
44 6 1896 1652
47 8 1896 141
47 7 1896 1224
57 9 1896 1849
60 10 1896 1327
65 11 1896 1547
65 12 1896 288
68 13 1896 1246
77 14 1896 1795
78 15 1896 557
80 16 1896 955
81 17 1896 699
85 18 1896 1390
89 19 1896 1423
90 20 1896 696
91 21 1896 606
94 22 1896 1279
96 23 1896 1004
104 24 1896 1768
106 25 1896 881
112 26 1896 1636
113 27 1896 615
117 28 1896 1397
120 29 1896 1189
123 30 1896 1322
127 31 1896 1414
133 32 1896 1662
135 33 1896 1110
142 34 1896 1725
143 35 1896 569
144 36 1896 722
146 38 1896 208
146 37 1896 1115
149 39 1896 1183
167 40 1896 1916
169 41 1896 1041
171 42 1896 995
174 43 1896 1156
194 44 1896 1920
195 45 1896 512
195 46 1896 129
197 47 1896 922
198 48 1896 611
199 49 1896 626
199 50 1896 153
202 51 1896 1324
203 52 1896 522
210 53 1896 1722
211 54 1896 617
214 55 1896 1198
215 56 1896 771
219 57 1896 1429
219 58 1896 94
219 59 1896 392
219 60 1896 260
221 61 1896 1036
229 62 1896 1751
231 63 1896 877
232 64 1896 526
242 65 1896 1837
251 66 1896 1810
253 67 1896 1102
257 68 1896 1445
260 69 1896 1226
268 70 1896 1760
276 71 1896 1765
276 72 1896 490
276 73 1896 206
280 74 1896 1431
285 75 1896 1580
290 76 1896 1535
290 77 1896 122
292 78 1896 1009
295 79 1896 1255
296 80 1896 752
297 81 1896 714
297 82 1896 4
298 83 1896 771
300 84 1896 1036
322 85 1896 1922
324 86 1896 891
335 87 1896 1864
335 88 1896 493
336 89 1896 526
343 90 1896 1722
346 91 1896 1218
348 92 1896 1021
355 93 1896 1741
357 94 1896 923
359 95 1896 879
362 96 1896 1214
362 97 1896 117
363 98 1896 629
363 99 1896 83
364 100 1896 627
366 101 1896 952
370 102 1896 1401
373 103 1896 1309
374 104 1896 791
374 105 1896 313
375 106 1896 834
375 107 1896 316
375 108 1896 291
377 109 1896 961
382 110 1896 1588
383 111 1896 648
383 112 1896 420
384 113 1896 763
389 114 1896 1565
393 115 1896 1470
395 116 1896 1032
397 117 1896 980
405 118 1896 1766
406 119 1896 529
408 120 1896 945
419 121 1896 1870
420 122 1896 608
422 123 1896 919
426 124 1896 1428
427 125 1896 542
428 126 1896 743
429 127 1896 673
432 128 1896 1208
433 129 1896 552
433 130 1896 366
437 131 1896 1417
441 132 1896 1417
443 133 1896 926
444 134 1896 628
451 135 1896 1724
454 136 1896 1237
455 137 1896 620
470 138 1896 1904
471 139 1896 723
473 140 1896 1088
474 141 1896 575
479 142 1896 1573
483 143 1896 1457
484 144 1896 863
486 145 1896 1074
487 146 1896 797
487 147 1896 257
487 148 1896 176
491 149 1896 1377
499 152 1896 276
499 153 1896 100
499 150 1896 1772
499 151 1896 233
501 154 1896 1062
502 155 1896 682
502 156 1896 344
502 157 1896 482
511 158 1896 1805
511 159 1896 249
515 161 1896 160
515 160 1896 1494
517 162 1896 1032
523 163 1896 1663
524 164 1896 594
524 165 1896 170
527 166 1896 1155
531 167 1896 1419
531 168 1896 135
539 171 1896 412
539 170 1896 233
539 169 1896 1765
541 172 1896 1001
543 173 1896 1043
547 174 1896 1365
547 175 1896 370
547 176 1896 296
549 178 1896 55
549 179 1896 354
549 177 1896 1075
555 180 1896 1669
555 181 1896 486
555 182 1896 496
563 183 1896 1756
564 184 1896 705
564 185 1896 133
566 186 1896 1141
569 187 1896 1317
577 188 1896 1788
588 189 1896 1870
592 190 1896 1379
593 191 1896 755
594 192 1896 739
600 193 1896 1655
603 194 1896 1153
605 195 1896 928
609 196 1896 1468
619 197 1896 1834
620 198 1896 863
621 199 1896 693
631 200 1896 1843
634 201 1896 1303
634 202 1896 121
634 203 1896 335
637 204 1896 1143
641 205 1896 1359
644 206 1896 1157
647 207 1896 1157
648 208 1896 660
649 209 1896 691
649 210 1896 385
652 211 1896 1193
652 212 1896 426
656 213 1896 1450
657 214 1896 504
659 215 1896 1008
664 216 1896 1588
667 217 1896 1200
669 219 1896 461
669 218 1896 958
671 220 1896 953
679 221 1896 1763
684 222 1896 1555
684 223 1896 189
684 224 1896 386
688 225 1896 1402
693 226 1896 1597
696 227 1896 1270
705 229 1896 437
705 228 1896 1814
706 230 1896 826
706 231 1896 386
706 232 1896 212
709 236 1896 364
709 235 1896 366
709 237 1896 161
709 233 1896 1287
709 234 1896 435
710 238 1896 612
713 239 1896 1270
715 240 1896 900
730 241 1896 1909
731 242 1896 657
733 243 1896 1096
737 245 1896 186
737 244 1896 1485
737 246 1896 329
740 247 1896 1214
743 248 1896 1150
743 249 1896 145
746 250 1896 1264
746 251 1896 268
748 252 1896 876
748 253 1896 401
754 254 1896 1664
754 255 1896 80
760 256 1896 1672
771 257 1896 1857
783 258 1896 1874
789 259 1896 1666
795 260 1896 1687
804 261 1896 1811
807 262 1896 1268
807 263 1896 222
815 264 1896 1790
840 265 1896 1924
842 266 1896 981
844 267 1896 1063
846 268 1896 1014
846 269 1896 138
847 270 1896 644
851 271 1896 1427
852 272 1896 587
858 273 1896 1613
862 274 1896 1485
864 275 1896 969
866 277 1896 458
866 276 1896 1106
867 278 1896 629
867 279 1896 199
869 280 1896 1073
869 281 1896 383
869 282 1896 120
875 283 1896 1668
877 284 1896 1097
878 285 1896 558
882 286 1896 1435
889 287 1896 1735
894 288 1896 1547
894 289 1896 355
895 290 1896 618
895 291 1896 431
895 292 1896 211
897 293 1896 871
902 294 1896 1508
904 295 1896 1014
905 296 1896 640
905 297 1896 434
908 298 1896 1231
912 299 1896 1486
914 300 1896 1129
917 301 1896 1190
917 302 1896 199
919 303 1896 1012
923 304 1896 1426
931 305 1896 1762
936 306 1896 1605
