0 0 229 340
1 1 229 838
2 2 229 679
2 3 229 361
4 4 229 952
8 5 229 1440
8 6 229 233
14 7 229 1646
17 8 229 1342
18 9 229 795
22 10 229 1384
27 11 229 1550
29 12 229 1044
29 13 229 322
35 14 229 1614
40 15 229 1580
40 16 229 39
40 17 229 140
42 20 229 63
42 18 229 967
42 19 229 348
47 21 229 1513
49 22 229 880
53 23 229 1349
53 24 229 319
65 25 229 1877
66 26 229 651
69 28 229 222
69 27 229 1291
70 29 229 691
85 30 229 1905
89 31 229 1396
89 32 229 474
89 33 229 354
91 34 229 936
93 35 229 1112
97 36 229 1386
101 37 229 1490
103 38 229 986
107 39 229 1411
110 40 229 1267
114 41 229 1367
114 42 229 43
115 43 229 657
122 44 229 1715
128 45 229 1620
133 46 229 1495
136 49 229 200
136 48 229 120
136 47 229 1261
137 50 229 681
143 51 229 1618
143 52 229 119
143 53 229 330
143 54 229 19
144 55 229 751
156 56 229 1883
159 58 229 41
159 57 229 1254
161 59 229 1000
162 60 229 789
163 61 229 866
167 62 229 1423
168 63 229 651
169 64 229 815
185 65 229 1912
187 66 229 1075
188 67 229 690
191 68 229 1311
192 69 229 501
192 70 229 194
192 71 229 474
194 72 229 1079
198 73 229 1480
200 74 229 1005
201 75 229 621
205 77 229 222
205 76 229 1470
210 78 229 1559
211 79 229 624
211 80 229 381
214 81 229 1314
217 82 229 1171
217 83 229 22
217 84 229 10
217 85 229 286
220 89 229 184
220 88 229 335
220 86 229 1277
220 87 229 144
223 90 229 1154
223 91 229 131
227 92 229 1448
243 93 229 1910
244 94 229 621
244 95 229 401
255 96 229 1868
258 97 229 1317
266 98 229 1767
273 99 229 1728
274 100 229 544
275 101 229 805
287 102 229 1875
292 104 229 6
292 105 229 207
292 103 229 1544
293 106 229 539
294 107 229 563
297 108 229 1249
300 109 229 1322
303 110 229 1205
309 111 229 1661
315 112 229 1620
318 113 229 1341
319 114 229 619
323 115 229 1400
329 116 229 1620
333 117 229 1401
334 118 229 640
335 119 229 529
336 120 229 634
338 121 229 930
338 122 229 355
340 123 229 1126
343 125 229 62
343 124 229 1271
345 126 229 950
347 127 229 1093
348 128 229 858
349 129 229 604
350 130 229 678
350 131 229 153
350 132 229 380
358 134 229 79
358 133 229 1756
363 135 229 1501
367 136 229 1364
372 137 229 1551
372 138 229 16
379 139 229 1728
385 140 229 1671
386 141 229 714
387 142 229 820
389 143 229 937
391 144 229 904
395 145 229 1418
395 146 229 436
395 147 229 107
398 148 229 1290
401 149 229 1146
402 151 229 466
402 150 229 705
403 152 229 676
406 153 229 1237
408 154 229 1093
413 155 229 1539
413 156 229 450
414 157 229 748
414 158 229 272
425 159 229 1868
428 160 229 1181
432 161 229 1370
438 162 229 1629
439 163 229 645
440 164 229 643
442 165 229 1052
445 166 229 1280
453 167 229 1789
456 168 229 1261
458 169 229 1043
458 170 229 35
458 171 229 68
462 172 229 1384
463 173 229 837
464 174 229 782
474 175 229 1845
474 176 229 110
477 177 229 1342
477 178 229 222
485 179 229 1778
490 180 229 1550
491 181 229 843
498 182 229 1728
504 183 229 1636
513 184 229 1823
513 185 229 212
517 186 229 1402
519 187 229 1067
520 188 229 662
520 189 229 465
522 190 229 1050
523 191 229 616
526 192 229 1279
526 193 229 72
527 194 229 546
527 195 229 301
529 196 229 1009
529 197 229 175
529 198 229 294
537 200 229 137
537 199 229 1776
538 201 229 572
539 202 229 770
539 203 229 247
541 204 229 1111
542 205 229 637
544 206 229 1006
552 208 229 455
552 207 229 1763
555 209 229 1172
559 210 229 1429
561 211 229 1033
562 212 229 526
562 213 229 418
562 214 229 318
562 215 229 338
567 216 229 1567
585 217 229 1917
586 218 229 746
586 219 229 431
591 221 229 213
591 220 229 1575
593 222 229 1126
594 223 229 796
612 224 229 1917
615 225 229 1344
616 226 229 714
619 227 229 1312
619 228 229 290
619 229 229 481
620 230 229 835
631 231 229 1859
633 232 229 1048
633 233 229 370
639 234 229 1641
641 235 229 977
641 236 229 72
645 237 229 1480
646 238 229 525
649 239 229 1186
651 240 229 1130
656 241 229 1563
657 242 229 612
661 243 229 1414
663 244 229 961
663 245 229 17
663 246 229 89
664 247 229 860
670 249 229 208
670 248 229 1679
671 250 229 658
673 251 229 1017
677 252 229 1353
685 253 229 1787
685 254 229 201
695 255 229 1849
699 256 229 1371
713 258 229 254
713 257 229 1899
720 259 229 1692
730 260 229 1848
736 261 229 1619
740 262 229 1472
754 263 229 1898
754 264 229 337
758 265 229 1494
774 266 229 1909
774 267 229 155
775 268 229 702
778 269 229 1265
778 270 229 265
778 271 229 86
782 272 229 1392
786 273 229 1485
789 274 229 1226
789 275 229 11
794 276 229 1525
800 277 229 1636
808 278 229 1759
822 279 229 1899
825 280 229 1254
833 281 229 1778
838 282 229 1557
838 283 229 82
845 284 229 1747
852 285 229 1743
853 286 229 505
856 288 229 169
856 287 229 1185
863 289 229 1717
868 290 229 1531
868 291 229 98
871 292 229 1226
872 293 229 757
875 294 229 1263
879 295 229 1435
879 296 229 90
880 297 229 639
882 298 229 1077
886 299 229 1392
886 300 229 32
897 301 229 1859
897 302 229 158
897 303 229 414
908 304 229 1868
909 305 229 571
914 306 229 1550
