2 0 661 1106
9 1 661 1695
13 2 661 1478
14 3 661 593
19 4 661 1587
23 5 661 1456
24 6 661 808
29 8 661 365
29 7 661 1591
30 9 661 714
32 10 661 967
32 11 661 218
32 12 661 64
33 13 661 735
36 14 661 1342
52 15 661 1911
55 16 661 1323
58 19 661 405
58 18 661 413
58 17 661 1177
68 20 661 1836
71 21 661 1338
72 22 661 746
72 23 661 368
81 24 661 1810
83 25 661 1009
86 26 661 1180
89 27 661 1224
90 28 661 616
95 29 661 1582
97 30 661 1103
97 31 661 276
97 32 661 312
107 33 661 1853
111 34 661 1408
111 35 661 298
118 36 661 1749
120 37 661 1025
124 38 661 1422
128 39 661 1348
134 40 661 1671
135 41 661 534
136 42 661 696
137 43 661 680
138 44 661 666
142 45 661 1425
149 46 661 1697
152 47 661 1226
153 48 661 730
171 49 661 1918
176 50 661 1519
176 51 661 35
176 52 661 414
176 53 661 74
180 54 661 1437
187 55 661 1692
189 56 661 949
191 57 661 1109
192 58 661 708
193 59 661 577
193 60 661 275
198 61 661 1509
200 62 661 974
201 63 661 708
206 64 661 1535
207 65 661 691
217 67 661 136
217 66 661 1830
220 68 661 1252
222 69 661 1043
222 70 661 162
222 71 661 297
228 72 661 1680
230 73 661 990
231 74 661 658
234 75 661 1302
235 77 661 65
235 76 661 642
241 78 661 1627
241 79 661 385
244 80 661 1237
256 81 661 1879
256 82 661 493
257 83 661 623
257 84 661 62
259 85 661 1068
267 86 661 1786
267 87 661 238
267 88 661 415
273 89 661 1640
276 90 661 1273
277 91 661 639
277 92 661 317
278 93 661 844
280 95 661 161
280 94 661 1072
284 96 661 1485
300 97 661 1912
302 98 661 1069
316 99 661 1900
321 100 661 1519
326 101 661 1561
340 102 661 1898
346 103 661 1611
354 104 661 1755
357 105 661 1221
357 106 661 279
361 107 661 1349
364 108 661 1341
364 109 661 135
366 110 661 1050
368 111 661 883
372 112 661 1407
372 113 661 322
375 115 661 321
375 114 661 1264
377 116 661 1016
377 117 661 351
378 118 661 645
378 119 661 467
379 120 661 829
384 121 661 1592
390 122 661 1645
395 123 661 1537
402 124 661 1694
406 125 661 1448
421 126 661 1904
422 127 661 835
432 128 661 1842
432 129 661 496
439 130 661 1742
440 131 661 654
442 132 661 921
448 133 661 1651
449 134 661 790
454 135 661 1601
469 136 661 1905
470 137 661 807
471 138 661 792
472 139 661 766
473 140 661 788
473 141 661 437
474 143 661 279
474 142 661 821
475 144 661 589
475 145 661 390
478 146 661 1156
497 147 661 1919
502 148 661 1504
503 149 661 751
505 150 661 1070
507 151 661 1133
510 152 661 1266
511 153 661 601
513 154 661 1070
523 155 661 1852
533 156 661 1840
533 157 661 361
543 158 661 1841
543 159 661 306
546 160 661 1242
550 161 661 1368
554 162 661 1431
555 163 661 844
555 164 661 318
555 165 661 395
568 166 661 1886
574 167 661 1680
578 168 661 1457
583 169 661 1588
583 170 661 340
583 171 661 208
587 172 661 1483
596 173 661 1804
601 174 661 1604
601 175 661 392
602 176 661 770
606 177 661 1365
608 178 661 947
611 179 661 1304
611 180 661 292
627 181 661 1909
630 182 661 1256
632 183 661 1090
636 184 661 1350
637 185 661 608
640 186 661 1312
640 187 661 320
641 188 661 581
642 189 661 862
648 190 661 1685
653 191 661 1543
655 192 661 891
655 193 661 486
659 194 661 1448
662 195 661 1344
664 196 661 931
678 197 661 1901
691 198 661 1886
691 199 661 194
691 200 661 428
695 202 661 462
695 201 661 1400
705 203 661 1841
705 204 661 411
706 205 661 862
711 206 661 1575
715 207 661 1387
717 208 661 922
718 209 661 678
720 211 661 474
720 210 661 1082
723 212 661 1339
724 213 661 536
724 214 661 13
727 215 661 1257
727 216 661 112
727 217 661 340
731 218 661 1419
737 219 661 1634
739 220 661 1008
744 221 661 1566
746 222 661 1099
747 223 661 594
756 224 661 1827
757 225 661 721
760 226 661 1242
762 227 661 997
762 228 661 355
762 229 661 259
766 230 661 1385
767 231 661 793
771 232 661 1403
772 233 661 753
774 234 661 875
775 235 661 817
779 236 661 1447
782 237 661 1340
783 238 661 679
783 239 661 488
785 240 661 958
795 241 661 1850
798 242 661 1323
807 243 661 1828
814 244 661 1705
817 248 661 472
817 247 661 354
817 249 661 191
817 245 661 1211
817 246 661 204
820 250 661 1231
821 251 661 590
821 252 661 482
821 253 661 252
823 254 661 1110
824 255 661 787
824 256 661 300
832 258 661 13
832 257 661 1792
838 259 661 1614
843 260 661 1544
844 261 661 577
846 262 661 1032
847 263 661 662
850 264 661 1217
850 265 661 288
852 266 661 996
853 267 661 586
858 268 661 1586
860 269 661 1121
867 270 661 1734
868 271 661 697
873 272 661 1586
875 273 661 930
876 274 661 675
878 275 661 1082
878 276 661 243
881 277 661 1195
882 278 661 814
883 279 661 616
884 280 661 517
886 281 661 888
887 282 661 524
887 283 661 163
889 284 661 953
890 285 661 795
890 286 661 310
893 287 661 1151
898 288 661 1567
898 289 661 88
899 290 661 516
904 291 661 1580
907 292 661 1326
909 293 661 990
911 294 661 868
911 295 661 380
912 296 661 818
913 297 661 660
914 298 661 611
918 299 661 1416
918 300 661 215
923 301 661 1543
924 302 661 692
927 303 661 1276
927 304 661 382
928 305 661 534
930 306 661 928
