7 0 241 1721
12 1 241 1588
16 2 241 1386
16 3 241 34
25 4 241 1814
29 5 241 1373
31 6 241 883
39 7 241 1750
42 9 241 410
42 8 241 1263
43 10 241 566
48 11 241 1517
50 12 241 1041
55 13 241 1570
55 14 241 457
60 15 241 1551
62 16 241 908
70 17 241 1757
71 18 241 709
73 19 241 1099
74 20 241 548
77 21 241 1226
83 22 241 1665
90 23 241 1694
91 24 241 582
93 25 241 1072
99 26 241 1637
101 27 241 959
111 28 241 1837
111 29 241 251
116 30 241 1546
116 31 241 297
116 32 241 220
130 33 241 1898
133 34 241 1270
144 35 241 1857
144 36 241 437
146 37 241 1120
162 38 241 1910
169 39 241 1738
169 40 241 432
172 41 241 1156
173 42 241 637
183 43 241 1853
187 44 241 1468
187 45 241 42
190 48 241 363
190 46 241 1278
190 47 241 301
191 49 241 641
191 50 241 138
192 51 241 506
193 52 241 612
196 53 241 1329
197 54 241 803
197 55 241 495
207 56 241 1847
213 57 241 1617
217 58 241 1377
218 59 241 742
224 60 241 1660
234 61 241 1848
244 62 241 1838
246 63 241 1011
247 64 241 789
247 65 241 269
250 66 241 1296
252 67 241 1067
252 68 241 299
253 69 241 524
255 70 241 1113
262 71 241 1713
270 72 241 1771
272 73 241 896
273 74 241 667
276 75 241 1317
277 76 241 589
284 77 241 1737
284 78 241 226
285 79 241 539
292 80 241 1718
295 81 241 1336
296 82 241 595
299 83 241 1195
299 84 241 113
301 85 241 1039
307 86 241 1610
308 87 241 816
310 88 241 1095
311 89 241 775
311 90 241 10
312 91 241 745
318 92 241 1668
321 93 241 1167
321 94 241 77
322 95 241 508
325 96 241 1243
330 97 241 1550
332 98 241 1064
335 99 241 1199
336 100 241 671
336 101 241 210
336 102 241 1
344 103 241 1763
348 105 241 349
348 104 241 1453
349 106 241 659
355 107 241 1640
356 108 241 662
360 109 241 1410
370 110 241 1831
370 111 241 110
374 112 241 1391
375 113 241 837
377 115 241 324
377 114 241 948
380 116 241 1252
381 117 241 642
383 118 241 898
389 119 241 1674
390 120 241 583
390 121 241 480
404 122 241 1897
408 123 241 1448
409 126 241 44
409 124 241 514
409 125 241 368
410 127 241 604
411 128 241 818
411 129 241 158
411 130 241 74
413 131 241 963
414 132 241 672
416 133 241 952
424 134 241 1793
429 135 241 1508
432 136 241 1334
433 137 241 757
439 138 241 1667
445 139 241 1688
445 140 241 379
458 141 241 1894
458 142 241 153
464 143 241 1609
466 144 241 869
475 145 241 1824
478 146 241 1279
479 147 241 830
479 148 241 219
485 149 241 1678
488 150 241 1180
489 151 241 600
490 152 241 652
493 153 241 1314
494 154 241 615
494 155 241 190
494 156 241 237
494 157 241 477
497 158 241 1248
499 159 241 1085
499 160 241 304
499 161 241 55
500 162 241 822
501 163 241 503
504 164 241 1335
505 165 241 867
509 166 241 1362
509 167 241 439
511 168 241 969
515 169 241 1365
517 170 241 914
517 171 241 495
519 172 241 900
521 173 241 1134
524 174 241 1295
525 175 241 614
525 176 241 326
525 177 241 287
526 178 241 579
527 179 241 614
529 180 241 1013
531 182 241 384
531 181 241 1139
533 183 241 1064
535 184 241 902
539 185 241 1399
539 186 241 311
542 187 241 1283
542 188 241 336
547 189 241 1602
550 190 241 1270
551 191 241 856
555 192 241 1433
556 193 241 581
560 194 241 1383
560 195 241 323
562 196 241 1072
567 199 241 2
567 200 241 462
567 197 241 1575
567 198 241 273
568 201 241 840
576 202 241 1785
577 203 241 779
578 204 241 764
579 205 241 685
585 206 241 1625
589 208 241 19
589 207 241 1443
589 209 241 0
597 210 241 1788
609 211 241 1875
618 212 241 1823
619 213 241 633
619 214 241 71
621 215 241 1090
626 216 241 1596
632 217 241 1682
637 218 241 1526
648 219 241 1861
649 222 241 102
649 220 241 556
649 221 241 78
652 223 241 1291
652 224 241 94
652 225 241 57
654 226 241 986
654 227 241 318
660 228 241 1675
662 229 241 971
666 230 241 1466
667 231 241 676
667 232 241 14
668 233 241 577
668 234 241 152
668 235 241 173
671 236 241 1278
676 238 241 300
676 239 241 217
676 237 241 1530
683 240 241 1698
684 241 241 792
687 242 241 1264
687 243 241 335
694 244 241 1738
697 245 241 1320
699 246 241 958
700 247 241 799
701 249 241 293
701 248 241 510
702 250 241 652
705 251 241 1315
705 252 241 48
705 253 241 336
709 254 241 1370
709 255 241 383
710 256 241 737
710 257 241 494
711 258 241 685
712 259 241 706
718 260 241 1623
721 261 241 1307
728 262 241 1692
730 263 241 972
730 264 241 458
732 265 241 1112
743 266 241 1861
746 268 241 481
746 267 241 1246
755 269 241 1822
762 270 241 1736
762 271 241 66
766 272 241 1382
769 273 241 1309
769 274 241 163
775 275 241 1688
776 276 241 738
783 277 241 1691
787 278 241 1477
788 279 241 698
790 280 241 1024
790 281 241 187
797 282 241 1733
801 283 241 1381
801 284 241 318
801 285 241 151
802 286 241 627
807 287 241 1602
809 288 241 1131
816 289 241 1693
820 290 241 1361
821 291 241 784
822 292 241 845
827 293 241 1518
828 294 241 518
828 295 241 391
830 297 241 291
830 296 241 1025
839 298 241 1801
840 299 241 626
844 300 241 1384
850 301 241 1636
850 302 241 318
851 303 241 612
851 304 241 481
852 305 241 586
863 306 241 1858
