3 0 925 1200
18 1 925 1908
22 2 925 1438
22 3 925 445
23 4 925 654
28 5 925 1566
28 6 925 326
28 7 925 373
35 8 925 1740
36 9 925 535
44 10 925 1768
44 11 925 349
44 12 925 135
45 13 925 603
45 14 925 351
48 15 925 1196
48 16 925 331
56 18 925 300
56 17 925 1754
59 19 925 1195
60 20 925 736
60 21 925 84
61 22 925 818
61 23 925 201
62 24 925 796
66 25 925 1470
67 26 925 755
71 27 925 1412
73 28 925 1097
75 29 925 1120
79 30 925 1347
84 31 925 1535
84 32 925 493
90 33 925 1682
92 34 925 1075
94 35 925 912
96 36 925 978
98 37 925 971
107 38 925 1797
107 39 925 229
107 40 925 446
108 41 925 687
108 42 925 33
111 43 925 1218
117 44 925 1680
118 46 925 184
118 45 925 519
122 47 925 1357
125 48 925 1331
125 49 925 122
128 50 925 1196
128 51 925 248
130 52 925 953
140 53 925 1844
146 54 925 1665
148 55 925 1116
150 56 925 1089
153 57 925 1236
158 58 925 1574
160 59 925 1108
161 60 925 811
162 61 925 838
165 62 925 1201
166 63 925 619
168 65 925 232
168 64 925 1113
176 66 925 1780
176 67 925 378
180 68 925 1453
184 69 925 1364
184 70 925 217
187 71 925 1284
199 73 925 71
199 72 925 1882
200 76 925 50
200 75 925 49
200 74 925 749
205 77 925 1525
205 78 925 446
205 79 925 276
208 80 925 1286
211 81 925 1323
211 82 925 81
213 83 925 974
223 84 925 1849
225 85 925 1098
226 86 925 582
227 87 925 574
227 88 925 17
239 89 925 1883
246 90 925 1747
252 91 925 1667
255 92 925 1321
256 93 925 688
259 94 925 1342
264 95 925 1533
268 96 925 1410
271 97 925 1338
271 98 925 105
275 99 925 1447
276 100 925 664
283 101 925 1730
292 102 925 1828
305 103 925 1892
315 104 925 1830
325 105 925 1836
325 106 925 291
327 107 925 882
329 108 925 1095
335 109 925 1616
337 110 925 1065
341 111 925 1489
342 112 925 790
345 113 925 1298
352 114 925 1747
356 115 925 1413
357 116 925 756
357 117 925 226
358 118 925 695
358 119 925 14
363 120 925 1575
366 122 925 361
366 121 925 1206
370 123 925 1495
375 124 925 1541
375 125 925 475
388 126 925 1887
391 127 925 1194
392 128 925 653
394 129 925 1141
395 130 925 563
396 131 925 637
400 132 925 1420
402 133 925 923
407 134 925 1537
411 135 925 1480
415 136 925 1419
415 137 925 114
417 138 925 1069
417 139 925 12
418 140 925 807
424 141 925 1625
428 143 925 325
428 142 925 1403
429 144 925 818
429 145 925 257
431 146 925 877
431 147 925 23
432 148 925 865
443 149 925 1854
444 150 925 776
447 151 925 1184
448 153 925 90
448 152 925 642
457 154 925 1796
461 155 925 1382
465 156 925 1369
465 157 925 333
465 158 925 350
469 159 925 1355
481 160 925 1873
483 162 925 228
483 161 925 1021
495 163 925 1879
497 164 925 1052
497 165 925 427
497 166 925 69
505 167 925 1791
511 168 925 1686
511 169 925 266
530 170 925 1918
531 171 925 642
533 172 925 1082
534 173 925 683
536 174 925 1131
548 175 925 1875
555 176 925 1727
555 177 925 35
556 178 925 676
559 179 925 1283
564 180 925 1522
575 182 925 328
575 181 925 1864
576 183 925 724
576 184 925 364
579 185 925 1304
599 186 925 1920
602 187 925 1329
604 188 925 1052
604 189 925 154
604 190 925 111
606 191 925 1085
612 192 925 1689
618 193 925 1639
618 194 925 63
625 195 925 1710
629 196 925 1396
633 197 925 1449
636 199 925 390
636 200 925 188
636 198 925 1198
638 201 925 1010
638 202 925 262
639 203 925 599
650 204 925 1860
650 205 925 134
650 206 925 101
662 207 925 1884
664 208 925 884
674 209 925 1846
679 210 925 1579
682 211 925 1333
687 212 925 1581
689 213 925 991
697 214 925 1757
697 215 925 9
698 216 925 693
702 217 925 1429
707 218 925 1514
713 220 925 432
713 219 925 1673
714 221 925 664
715 222 925 739
720 223 925 1532
720 224 925 155
721 225 925 832
723 226 925 878
727 227 925 1368
728 228 925 619
732 231 925 278
732 229 925 1345
732 230 925 478
733 232 925 762
733 233 925 286
735 234 925 1095
736 235 925 511
741 236 925 1602
747 237 925 1654
748 239 925 230
748 238 925 788
751 240 925 1202
751 241 925 36
751 242 925 445
753 243 925 1130
754 244 925 499
755 245 925 702
759 246 925 1429
760 247 925 697
769 249 925 54
769 248 925 1806
771 250 925 1017
784 251 925 1892
795 252 925 1859
799 253 925 1449
811 254 925 1883
815 255 925 1448
815 256 925 271
816 258 925 443
816 257 925 654
818 259 925 1027
821 260 925 1181
822 261 925 657
825 262 925 1264
829 263 925 1463
833 264 925 1368
836 265 925 1300
837 266 925 571
840 267 925 1295
849 268 925 1821
852 269 925 1245
852 270 925 331
854 271 925 964
855 272 925 640
858 273 925 1284
858 274 925 470
858 275 925 395
858 276 925 219
863 277 925 1534
865 278 925 1032
869 279 925 1378
872 280 925 1328
872 281 925 180
876 282 925 1486
877 284 925 328
877 283 925 564
878 285 925 510
878 286 925 344
881 287 925 1238
881 288 925 328
886 289 925 1571
886 290 925 240
888 291 925 947
891 292 925 1210
897 293 925 1686
899 294 925 974
900 295 925 544
901 296 925 696
903 297 925 907
909 298 925 1686
911 300 925 130
911 299 925 1123
911 301 925 134
912 302 925 800
913 303 925 561
919 305 925 52
919 304 925 1647
922 306 925 1252
