1 0 1598 638
2 1 1598 771
3 2 1598 529
7 3 1598 1483
8 4 1598 620
11 5 1598 1177
11 6 1598 365
22 7 1598 1856
23 10 1598 369
23 8 1598 839
23 9 1598 213
28 11 1598 1566
40 12 1598 1883
46 13 1598 1650
48 14 1598 1128
52 15 1598 1488
55 16 1598 1234
57 17 1598 898
58 18 1598 623
59 19 1598 786
66 20 1598 1697
68 21 1598 878
69 22 1598 831
70 23 1598 642
71 24 1598 534
72 25 1598 628
73 26 1598 827
75 27 1598 1067
79 28 1598 1436
80 29 1598 837
82 30 1598 989
84 31 1598 933
85 32 1598 574
85 33 1598 130
88 34 1598 1190
89 36 1598 25
89 35 1598 616
94 37 1598 1575
97 38 1598 1235
105 39 1598 1784
112 40 1598 1715
117 41 1598 1520
117 42 1598 343
118 45 1598 350
118 44 1598 380
118 43 1598 813
120 46 1598 1082
120 47 1598 343
121 48 1598 722
124 49 1598 1276
126 50 1598 929
129 51 1598 1201
129 52 1598 148
132 54 1598 134
132 53 1598 1158
138 55 1598 1684
149 56 1598 1864
158 57 1598 1812
160 58 1598 949
177 59 1598 1916
177 60 1598 350
180 62 1598 420
180 63 1598 2
180 61 1598 1222
183 64 1598 1148
187 65 1598 1361
189 66 1598 991
197 67 1598 1753
197 68 1598 459
198 69 1598 512
202 70 1598 1463
207 71 1598 1584
212 72 1598 1587
213 73 1598 764
215 75 1598 176
215 74 1598 996
216 76 1598 535
216 77 1598 18
216 78 1598 261
216 79 1598 183
220 80 1598 1471
220 81 1598 484
220 82 1598 344
220 83 1598 159
230 84 1598 1832
237 85 1598 1713
238 86 1598 785
241 87 1598 1341
260 88 1598 1920
264 89 1598 1431
265 90 1598 676
265 91 1598 138
266 92 1598 626
269 93 1598 1244
273 95 1598 492
273 94 1598 1434
275 96 1598 1100
275 97 1598 340
280 98 1598 1590
282 99 1598 944
285 100 1598 1283
288 101 1598 1253
297 102 1598 1808
297 103 1598 210
304 104 1598 1738
307 105 1598 1270
312 106 1598 1538
315 107 1598 1308
315 108 1598 162
327 109 1598 1882
330 110 1598 1149
340 111 1598 1846
345 112 1598 1550
346 114 1598 444
346 113 1598 765
354 115 1598 1790
356 116 1598 877
356 117 1598 260
356 118 1598 95
360 119 1598 1360
361 120 1598 575
366 121 1598 1575
374 122 1598 1758
376 123 1598 953
384 124 1598 1760
387 125 1598 1324
389 126 1598 958
389 127 1598 343
392 128 1598 1254
393 129 1598 503
395 131 1598 195
395 132 1598 352
395 130 1598 1001
398 133 1598 1241
399 134 1598 825
399 135 1598 217
400 136 1598 600
400 137 1598 134
400 138 1598 346
401 140 1598 175
401 139 1598 561
405 141 1598 1401
408 142 1598 1179
408 143 1598 37
408 144 1598 281
409 145 1598 755
410 146 1598 513
418 147 1598 1785
419 148 1598 799
424 149 1598 1568
429 150 1598 1539
430 154 1598 368
430 153 1598 229
430 152 1598 245
430 151 1598 840
436 155 1598 1632
440 156 1598 1420
441 157 1598 855
441 158 1598 374
441 159 1598 414
441 160 1598 312
444 162 1598 53
444 161 1598 1194
449 163 1598 1583
451 164 1598 881
453 165 1598 954
457 166 1598 1493
457 167 1598 309
468 168 1598 1865
468 169 1598 227
471 170 1598 1189
472 171 1598 743
482 172 1598 1839
486 173 1598 1458
489 174 1598 1185
491 175 1598 1099
491 176 1598 396
498 177 1598 1721
499 178 1598 671
501 179 1598 1004
502 180 1598 811
504 181 1598 1097
508 182 1598 1468
514 183 1598 1611
516 184 1598 889
516 185 1598 160
528 186 1598 1875
528 187 1598 123
530 188 1598 872
532 189 1598 1117
533 190 1598 722
539 191 1598 1670
545 192 1598 1684
556 193 1598 1856
556 194 1598 249
558 195 1598 905
562 196 1598 1347
567 197 1598 1520
569 198 1598 1080
572 199 1598 1252
575 200 1598 1187
575 201 1598 203
585 202 1598 1845
586 203 1598 572
586 204 1598 378
587 205 1598 796
589 206 1598 926
590 207 1598 711
592 208 1598 969
595 209 1598 1194
598 210 1598 1236
604 211 1598 1623
604 212 1598 183
607 213 1598 1295
612 214 1598 1527
614 215 1598 1139
620 216 1598 1650
620 217 1598 367
621 218 1598 694
622 219 1598 720
624 220 1598 1004
628 221 1598 1370
632 222 1598 1361
633 223 1598 747
637 224 1598 1429
641 225 1598 1444
643 226 1598 983
658 227 1598 1907
661 229 1598 279
661 228 1598 1208
667 230 1598 1677
668 231 1598 800
669 232 1598 640
672 233 1598 1343
679 234 1598 1742
680 235 1598 607
683 236 1598 1177
685 237 1598 896
688 239 1598 92
688 238 1598 1232
691 240 1598 1159
694 241 1598 1163
696 242 1598 1079
701 243 1598 1603
710 244 1598 1806
712 245 1598 1023
716 248 1598 328
716 247 1598 389
716 246 1598 1486
718 249 1598 1034
721 250 1598 1179
723 251 1598 979
724 252 1598 826
724 253 1598 360
724 254 1598 248
731 255 1598 1742
732 256 1598 767
734 257 1598 1097
736 258 1598 1068
737 259 1598 858
744 260 1598 1737
746 261 1598 943
750 262 1598 1427
751 263 1598 689
755 264 1598 1441
755 265 1598 435
757 266 1598 983
758 267 1598 764
762 268 1598 1477
764 269 1598 920
777 270 1598 1887
778 271 1598 754
780 272 1598 1059
781 273 1598 601
785 274 1598 1485
793 276 1598 290
793 275 1598 1765
799 277 1598 1682
800 278 1598 866
800 279 1598 405
812 280 1598 1882
813 281 1598 593
818 282 1598 1578
818 283 1598 174
820 284 1598 1024
821 285 1598 697
835 286 1598 1899
835 287 1598 280
837 288 1598 1095
837 289 1598 0
845 290 1598 1764
845 291 1598 79
853 295 1598 215
853 294 1598 279
853 292 1598 1752
853 293 1598 373
859 296 1598 1660
859 297 1598 389
859 298 1598 161
863 299 1598 1370
863 300 1598 40
864 301 1598 721
865 302 1598 836
868 303 1598 1333
870 305 1598 425
870 304 1598 1072
880 306 1598 1844
