2 0 663 1106
9 1 663 1695
13 2 663 1478
14 3 663 593
19 4 663 1587
23 5 663 1456
24 6 663 808
29 8 663 365
29 7 663 1591
30 9 663 714
32 10 663 967
32 11 663 218
32 12 663 64
33 13 663 735
36 14 663 1342
52 15 663 1911
55 16 663 1323
58 19 663 405
58 18 663 413
58 17 663 1177
68 20 663 1836
71 21 663 1338
72 22 663 746
72 23 663 368
81 24 663 1810
83 25 663 1009
86 26 663 1180
89 27 663 1224
90 28 663 616
95 29 663 1582
97 30 663 1103
97 31 663 276
97 32 663 312
107 33 663 1853
111 34 663 1408
111 35 663 298
118 36 663 1749
120 37 663 1025
124 38 663 1422
128 39 663 1348
134 40 663 1671
135 41 663 534
136 42 663 696
137 43 663 680
138 44 663 666
142 45 663 1425
149 46 663 1697
152 47 663 1226
153 48 663 730
171 49 663 1918
176 50 663 1519
176 51 663 35
176 52 663 414
176 53 663 74
180 54 663 1437
187 55 663 1692
189 56 663 949
191 57 663 1109
192 58 663 708
193 59 663 577
193 60 663 275
198 61 663 1509
200 62 663 974
201 63 663 708
206 64 663 1535
207 65 663 691
217 67 663 136
217 66 663 1830
220 68 663 1252
222 69 663 1043
222 70 663 162
222 71 663 297
228 72 663 1680
230 73 663 990
231 74 663 658
234 75 663 1302
235 77 663 65
235 76 663 642
241 78 663 1627
241 79 663 385
244 80 663 1237
256 81 663 1879
256 82 663 493
257 83 663 623
257 84 663 62
259 85 663 1068
267 86 663 1786
267 87 663 238
267 88 663 415
273 89 663 1640
276 90 663 1273
277 91 663 639
277 92 663 317
278 93 663 844
280 95 663 161
280 94 663 1072
284 96 663 1485
300 97 663 1912
302 98 663 1069
316 99 663 1900
321 100 663 1519
326 101 663 1561
340 102 663 1898
346 103 663 1611
354 104 663 1755
357 105 663 1221
357 106 663 279
361 107 663 1349
364 108 663 1341
364 109 663 135
366 110 663 1050
368 111 663 883
372 112 663 1407
372 113 663 322
375 115 663 321
375 114 663 1264
377 116 663 1016
377 117 663 351
378 118 663 645
378 119 663 467
379 120 663 829
384 121 663 1592
390 122 663 1645
395 123 663 1537
402 124 663 1694
406 125 663 1448
421 126 663 1904
422 127 663 835
432 128 663 1842
432 129 663 496
439 130 663 1742
440 131 663 654
442 132 663 921
448 133 663 1651
449 134 663 790
454 135 663 1601
469 136 663 1905
470 137 663 807
471 138 663 792
472 139 663 766
473 140 663 788
473 141 663 437
474 143 663 279
474 142 663 821
475 144 663 589
475 145 663 390
478 146 663 1156
497 147 663 1919
502 148 663 1504
503 149 663 751
505 150 663 1070
507 151 663 1133
510 152 663 1266
511 153 663 601
513 154 663 1070
523 155 663 1852
533 156 663 1840
533 157 663 361
543 158 663 1841
543 159 663 306
546 160 663 1242
550 161 663 1368
554 162 663 1431
555 163 663 844
555 164 663 318
555 165 663 395
568 166 663 1886
574 167 663 1680
578 168 663 1457
583 169 663 1588
583 170 663 340
583 171 663 208
587 172 663 1483
596 173 663 1804
601 174 663 1604
601 175 663 392
602 176 663 770
606 177 663 1365
608 178 663 947
611 179 663 1304
611 180 663 292
627 181 663 1909
630 182 663 1256
632 183 663 1090
636 184 663 1350
637 185 663 608
640 186 663 1312
640 187 663 320
641 188 663 581
642 189 663 862
648 190 663 1685
653 191 663 1543
655 192 663 891
655 193 663 486
659 194 663 1448
662 195 663 1344
664 196 663 931
678 197 663 1901
691 198 663 1886
691 199 663 194
691 200 663 428
695 202 663 462
695 201 663 1400
705 203 663 1841
705 204 663 411
706 205 663 862
711 206 663 1575
715 207 663 1387
717 208 663 922
718 209 663 678
720 211 663 474
720 210 663 1082
723 212 663 1339
724 213 663 536
724 214 663 13
727 215 663 1257
727 216 663 112
727 217 663 340
731 218 663 1419
737 219 663 1634
739 220 663 1008
744 221 663 1566
746 222 663 1099
747 223 663 594
756 224 663 1827
757 225 663 721
760 226 663 1242
762 227 663 997
762 228 663 355
762 229 663 259
766 230 663 1385
767 231 663 793
771 232 663 1403
772 233 663 753
774 234 663 875
775 235 663 817
779 236 663 1447
782 237 663 1340
783 238 663 679
783 239 663 488
785 240 663 958
795 241 663 1850
798 242 663 1323
807 243 663 1828
814 244 663 1705
817 248 663 472
817 247 663 354
817 249 663 191
817 245 663 1211
817 246 663 204
820 250 663 1231
821 251 663 590
821 252 663 482
821 253 663 252
823 254 663 1110
824 255 663 787
824 256 663 300
832 258 663 13
832 257 663 1792
838 259 663 1614
843 260 663 1544
844 261 663 577
846 262 663 1032
847 263 663 662
850 264 663 1217
850 265 663 288
852 266 663 996
853 267 663 586
858 268 663 1586
860 269 663 1121
867 270 663 1734
868 271 663 697
873 272 663 1586
875 273 663 930
876 274 663 675
878 275 663 1082
878 276 663 243
881 277 663 1195
882 278 663 814
883 279 663 616
884 280 663 517
886 281 663 888
887 282 663 524
887 283 663 163
889 284 663 953
890 285 663 795
890 286 663 310
893 287 663 1151
898 288 663 1567
898 289 663 88
899 290 663 516
904 291 663 1580
907 292 663 1326
909 293 663 990
911 294 663 868
911 295 663 380
912 296 663 818
913 297 663 660
914 298 663 611
918 299 663 1416
918 300 663 215
923 301 663 1543
924 302 663 692
927 303 663 1276
927 304 663 382
928 305 663 534
930 306 663 928
