0 0 155 178
1 1 155 720
2 2 155 586
2 3 155 77
2 4 155 144
2 5 155 284
4 6 155 1068
13 7 155 1801
20 8 155 1717
23 9 155 1144
24 10 155 525
25 11 155 784
26 12 155 707
29 13 155 1201
31 14 155 1050
32 15 155 607
33 16 155 676
36 17 155 1334
40 18 155 1466
44 19 155 1476
53 20 155 1825
56 21 155 1342
57 22 155 721
61 23 155 1374
65 24 155 1468
70 25 155 1583
70 26 155 494
71 27 155 748
72 28 155 652
77 29 155 1587
77 30 155 124
77 31 155 264
77 32 155 226
86 33 155 1812
88 34 155 1041
93 35 155 1514
95 36 155 887
95 37 155 155
101 38 155 1675
102 39 155 674
104 40 155 966
106 41 155 1024
108 42 155 1073
108 43 155 315
111 44 155 1173
113 45 155 1082
113 46 155 119
117 47 155 1452
121 48 155 1418
121 49 155 373
122 50 155 818
125 51 155 1186
125 52 155 191
126 53 155 853
126 54 155 294
127 55 155 760
152 56 155 1923
154 57 155 1137
155 58 155 534
155 59 155 486
162 60 155 1715
162 61 155 320
165 62 155 1149
165 63 155 129
167 64 155 1020
167 65 155 261
168 66 155 557
169 68 155 160
169 67 155 819
173 69 155 1460
179 70 155 1644
180 71 155 520
185 72 155 1583
186 73 155 792
187 74 155 509
188 79 155 385
188 78 155 201
188 76 155 268
188 77 155 406
188 75 155 801
192 80 155 1464
194 81 155 967
197 82 155 1254
197 83 155 278
198 84 155 768
199 86 155 73
199 85 155 862
202 87 155 1298
207 88 155 1518
207 89 155 280
212 90 155 1515
218 91 155 1675
223 92 155 1546
226 93 155 1189
228 94 155 883
229 95 155 646
238 96 155 1799
240 97 155 944
243 98 155 1220
245 99 155 911
246 100 155 524
249 101 155 1224
252 102 155 1292
264 103 155 1883
265 105 155 298
265 104 155 653
270 106 155 1528
273 107 155 1323
273 108 155 344
277 109 155 1417
277 110 155 492
282 111 155 1517
284 113 155 148
284 112 155 935
286 114 155 946
287 115 155 748
289 116 155 990
291 117 155 871
294 118 155 1285
294 119 155 158
294 120 155 188
297 121 155 1184
300 122 155 1226
309 123 155 1804
320 124 155 1869
333 125 155 1893
335 126 155 898
335 127 155 393
345 128 155 1833
353 129 155 1787
355 130 155 927
358 131 155 1249
360 132 155 1111
363 133 155 1214
371 134 155 1785
371 135 155 240
376 136 155 1599
379 137 155 1296
384 138 155 1549
384 139 155 470
387 140 155 1258
388 141 155 674
390 143 155 100
390 142 155 953
397 144 155 1713
420 145 155 1923
421 146 155 739
425 147 155 1397
425 148 155 242
425 149 155 135
430 150 155 1580
432 151 155 928
437 152 155 1583
439 153 155 1062
440 154 155 723
443 155 155 1265
465 156 155 1922
469 157 155 1412
469 158 155 13
470 159 155 685
473 160 155 1324
475 161 155 1134
479 164 155 490
479 162 155 1415
479 163 155 481
482 165 155 1167
482 166 155 406
488 167 155 1646
488 168 155 287
489 169 155 706
491 170 155 1073
497 171 155 1619
500 172 155 1246
501 173 155 815
502 174 155 824
506 175 155 1438
506 176 155 230
508 177 155 1125
508 178 155 91
519 179 155 1871
522 180 155 1153
526 181 155 1426
526 182 155 150
533 183 155 1698
533 184 155 207
558 185 155 1924
563 186 155 1590
563 187 155 49
563 188 155 491
564 190 155 242
564 191 155 187
564 189 155 520
567 192 155 1282
568 193 155 864
570 194 155 1070
570 195 155 124
573 196 155 1184
573 197 155 472
578 198 155 1535
579 199 155 545
584 200 155 1516
586 201 155 1018
588 202 155 1110
592 203 155 1460
594 204 155 986
607 205 155 1886
613 206 155 1607
614 207 155 768
614 208 155 237
617 209 155 1209
619 210 155 1035
620 211 155 797
623 212 155 1321
623 213 155 67
627 214 155 1456
636 215 155 1823
638 216 155 983
644 217 155 1641
644 218 155 274
644 219 155 491
649 220 155 1502
649 221 155 357
652 222 155 1154
659 223 155 1692
659 224 155 464
661 226 155 337
661 227 155 381
661 225 155 886
667 228 155 1669
668 230 155 254
668 229 155 700
674 231 155 1682
679 232 155 1515
683 233 155 1470
683 234 155 354
683 235 155 135
683 236 155 315
684 237 155 614
685 240 155 316
685 238 155 711
685 239 155 245
686 241 155 821
693 242 155 1736
696 243 155 1206
700 244 155 1409
704 245 155 1370
705 246 155 790
708 247 155 1214
711 248 155 1333
714 249 155 1171
716 250 155 1065
720 251 155 1467
720 252 155 198
722 253 155 1044
724 254 155 968
727 255 155 1159
735 256 155 1789
738 257 155 1342
740 259 155 99
740 258 155 996
745 260 155 1549
748 261 155 1225
750 262 155 1023
754 263 155 1462
756 264 155 955
759 265 155 1277
762 266 155 1206
770 267 155 1775
776 268 155 1638
779 269 155 1321
784 270 155 1507
784 271 155 368
786 272 155 930
786 273 155 28
786 274 155 174
787 275 155 680
788 276 155 546
800 278 155 282
800 277 155 1873
802 279 155 1019
802 280 155 96
804 281 155 1047
806 282 155 972
806 283 155 497
811 284 155 1560
812 285 155 711
816 287 155 471
816 286 155 1483
817 288 155 502
819 289 155 1119
819 290 155 271
821 291 155 897
826 292 155 1543
827 293 155 611
828 294 155 621
830 295 155 1016
837 300 155 163
837 299 155 132
837 296 155 1722
837 297 155 273
837 298 155 250
839 301 155 940
844 303 155 12
844 302 155 1500
849 304 155 1589
850 305 155 696
851 306 155 537
