0 398 36 1117
0 785 36 1643
0 1141 36 1730
1 399 36 770
1 0 36 774
2 400 36 681
2 786 36 957
3 1142 36 1243
4 401 36 934
4 787 36 928
4 1143 36 698
4 1144 36 82
5 402 36 840
6 1145 36 990
7 788 36 1202
11 1 36 1845
11 789 36 1429
12 1146 36 1684
13 790 36 1071
13 2 36 981
15 1147 36 1272
15 3 36 1024
17 1148 36 1079
17 1149 36 53
19 1150 36 873
19 1151 36 157
20 4 36 1508
20 1153 36 434
20 5 36 140
20 1152 36 556
21 1154 36 665
23 791 36 1846
25 403 36 1920
32 6 36 1876
33 1155 36 1874
33 1156 36 358
34 1157 36 843
34 404 36 1798
35 8 36 303
35 7 36 1146
36 1158 36 992
37 1160 36 237
37 1159 36 649
37 9 36 1131
38 793 36 278
38 792 36 1905
38 1161 36 617
40 10 36 1240
40 405 36 1673
40 406 36 228
41 1163 36 79
41 1162 36 1182
45 11 36 1599
46 12 36 633
46 13 36 32
47 407 36 1716
47 14 36 499
50 794 36 1884
50 15 36 1307
51 1164 36 1838
52 1165 36 577
52 16 36 1139
53 17 36 603
53 18 36 488
53 1166 36 632
55 19 36 1061
56 1167 36 1288
58 1168 36 882
58 20 36 1243
59 21 36 528
59 1169 36 813
59 22 36 79
60 23 36 751
60 408 36 1893
60 795 36 1837
62 409 36 1029
62 410 36 214
63 1171 36 339
63 796 36 1236
63 797 36 389
63 1170 36 1374
64 1172 36 651
65 411 36 1333
66 24 36 1651
67 412 36 1060
70 413 36 1246
70 798 36 1740
70 1173 36 1625
70 1174 36 384
72 26 36 450
72 27 36 393
72 1175 36 1015
72 25 36 1682
73 799 36 1340
74 28 36 978
75 1176 36 1273
76 1177 36 612
79 800 36 1686
80 801 36 855
81 802 36 714
81 803 36 320
82 416 36 342
82 415 36 434
82 414 36 1880
84 417 36 925
84 29 36 1829
85 418 36 640
86 805 36 474
86 804 36 1513
87 1178 36 1867
87 419 36 941
87 1179 36 487
89 806 36 1262
89 420 36 1028
89 807 36 373
90 30 36 1626
91 808 36 929
92 809 36 644
93 31 36 1342
94 421 36 1503
95 422 36 683
95 32 36 881
96 1181 36 10
96 1180 36 1811
96 33 36 830
96 423 36 679
96 810 36 1470
97 35 36 310
97 36 36 221
97 37 36 25
97 34 36 579
98 39 36 32
98 811 36 985
98 38 36 800
99 40 36 812
99 424 36 1345
99 1182 36 1304
99 1183 36 488
99 1184 36 464
100 425 36 709
103 812 36 1603
103 426 36 1193
104 1185 36 1556
104 427 36 593
106 42 36 109
106 813 36 1143
106 41 36 1728
106 814 36 369
106 1186 36 1065
108 815 36 1103
109 43 36 1337
110 816 36 1098
110 428 36 1685
111 429 36 753
111 45 36 236
111 44 36 998
112 46 36 560
114 817 36 1414
115 1187 36 1796
115 430 36 1474
115 432 36 398
115 431 36 56
116 433 36 861
117 434 36 772
118 818 36 1378
120 1188 36 1502
121 47 36 1804
121 819 36 1329
121 1189 36 616
122 1190 36 840
123 820 36 965
123 821 36 130
124 822 36 801
125 435 36 1781
126 1191 36 1436
126 1192 36 268
128 437 36 380
128 436 36 1287
131 438 36 1228
134 439 36 1291
135 49 36 464
135 1194 36 185
135 48 36 1901
135 1193 36 1810
136 1195 36 702
137 1196 36 548
137 50 36 869
138 824 36 285
138 823 36 1901
138 440 36 1359
138 441 36 371
140 1197 36 1163
141 1198 36 784
141 442 36 1256
141 825 36 1166
141 51 36 1380
142 52 36 860
144 443 36 1223
145 1200 36 357
145 1201 36 395
145 1202 36 389
145 444 36 533
145 1203 36 266
145 1199 36 1430
146 1204 36 603
147 55 36 246
147 54 36 458
147 53 36 1508
147 1205 36 533
149 445 36 1412
150 446 36 547
150 827 36 352
150 826 36 1809
151 1206 36 1431
152 447 36 1102
152 1208 36 49
152 1207 36 856
155 57 36 229
155 56 36 1765
156 448 36 1377
157 1209 36 1574
158 449 36 1137
158 58 36 1298
158 1210 36 600
159 828 36 1812
159 450 36 697
159 829 36 18
160 830 36 520
161 451 36 936
164 1211 36 1671
166 1212 36 900
166 59 36 1750
167 1213 36 504
168 1215 36 226
168 1214 36 762
170 831 36 1831
171 1216 36 1237
172 60 36 1614
172 1217 36 693
173 453 36 175
173 452 36 1884
173 832 36 1275
176 63 36 398
176 62 36 167
176 61 36 1483
177 1218 36 1540
177 1219 36 282
178 833 36 1521
179 454 36 1667
180 64 36 1430
180 834 36 988
181 455 36 1103
181 1220 36 1436
181 456 36 251
181 457 36 161
182 458 36 575
182 1221 36 760
184 460 36 479
184 459 36 1089
187 835 36 1710
189 65 36 1823
189 462 36 30
189 1222 36 1711
189 1223 36 265
189 836 36 1081
189 461 36 1559
190 66 36 717
191 463 36 1139
191 838 36 115
191 837 36 1010
192 840 36 380
192 839 36 748
193 841 36 583
195 464 36 1479
195 465 36 158
197 67 36 1728
197 466 36 934
197 467 36 198
197 468 36 473
197 469 36 99
199 470 36 1071
201 69 36 189
201 68 36 1378
203 1224 36 1897
203 70 36 1086
205 71 36 1114
212 74 36 249
212 72 36 1727
212 471 36 1886
212 73 36 456
214 1226 36 71
214 1225 36 1863
215 1227 36 765
216 75 36 1440
216 76 36 419
217 77 36 666
218 472 36 1621
218 842 36 1924
219 843 36 557
221 473 36 1274
223 78 36 1678
226 474 36 1507
227 79 36 1414
227 476 36 246
227 475 36 656
229 80 36 1121
230 82 36 416
230 81 36 571
231 478 36 145
231 477 36 1384
231 844 36 1884
231 845 36 85
231 846 36 243
231 83 36 514
232 847 36 762
233 86 36 481
233 85 36 245
233 84 36 959
236 88 36 371
236 90 36 470
236 89 36 332
236 87 36 1297
242 480 36 162
242 848 36 1834
242 481 36 91
242 479 36 1857
243 849 36 780
244 482 36 1141
244 850 36 739
245 484 36 55
245 483 36 548
246 486 36 97
246 487 36 222
246 485 36 538
248 488 36 1119
251 851 36 1746
253 854 36 375
253 853 36 411
253 852 36 936
253 489 36 1594
254 91 36 1916
255 92 36 651
257 93 36 974
257 94 36 342
258 855 36 1555
258 490 36 1529
258 856 36 53
259 857 36 738
259 858 36 35
259 859 36 347
260 860 36 590
260 95 36 1254
260 491 36 1126
262 862 36 486
262 861 36 909
264 864 36 124
264 863 36 911
265 96 36 1560
267 493 36 139
267 492 36 1730
268 494 36 811
269 865 36 1563
271 97 36 1635
275 868 36 154
275 495 36 1724
275 496 36 340
275 497 36 116
275 867 36 81
275 866 36 1635
276 871 36 88
276 870 36 22
276 869 36 583
279 872 36 1298
280 873 36 629
281 498 36 1668
281 98 36 1832
281 500 36 477
281 501 36 348
281 499 36 375
282 879 36 199
282 878 36 16
282 877 36 244
282 876 36 131
282 875 36 381
282 874 36 948
282 502 36 628
283 99 36 1099
284 880 36 923
285 504 36 65
285 503 36 1278
286 882 36 443
286 881 36 1046
286 505 36 736
287 100 36 1443
288 883 36 1032
288 102 36 425
288 101 36 757
289 506 36 1240
290 507 36 610
291 508 36 593
291 884 36 1204
292 885 36 698
293 509 36 1010
294 510 36 856
294 886 36 895
295 512 36 15
295 511 36 791
295 103 36 1712
295 887 36 863
296 513 36 642
298 516 36 418
298 515 36 388
298 514 36 927
298 104 36 1302
298 888 36 1145
302 889 36 1357
302 517 36 1407
304 105 36 1680
304 518 36 1084
306 519 36 941
306 520 36 61
307 521 36 712
308 891 36 343
308 890 36 1656
309 107 36 404
309 522 36 1004
309 106 36 1577
310 524 36 494
310 523 36 804
310 892 36 974
312 108 36 1258
314 109 36 943
317 894 36 157
317 893 36 1693
321 525 36 1870
321 895 36 1396
321 896 36 96
321 526 36 156
322 110 36 1752
323 900 36 375
323 901 36 161
323 897 36 1012
323 898 36 433
323 899 36 321
324 902 36 607
324 111 36 1098
324 112 36 476
325 527 36 1482
325 528 36 462
327 903 36 1250
328 904 36 757
329 907 36 306
329 906 36 448
329 905 36 650
332 529 36 1707
332 530 36 316
332 531 36 129
333 908 36 1387
333 113 36 1808
334 114 36 628
336 115 36 1043
338 532 36 1641
338 116 36 1066
343 117 36 1578
345 533 36 1695
347 118 36 1363
349 534 36 1379
350 119 36 1184
351 909 36 1918
353 120 36 1342
355 910 36 1424
356 121 36 1345
356 535 36 1738
360 536 36 1387
360 122 36 1356
362 911 36 1734
362 123 36 1045
363 912 36 721
368 124 36 1644
368 538 36 482
368 537 36 1788
370 125 36 1095
370 126 36 462
371 539 36 1244
371 127 36 753
371 913 36 1761
371 128 36 114
373 129 36 920
374 540 36 1223
375 914 36 1348
378 541 36 1411
379 915 36 1469
379 916 36 465
382 130 36 1804
383 917 36 1379
383 131 36 708
383 542 36 1554
383 543 36 108
384 132 36 759
384 544 36 737
385 545 36 738
385 133 36 578
387 546 36 1110
389 918 36 1631
389 547 36 1087
391 548 36 1136
391 549 36 423
393 919 36 1350
394 550 36 1306
394 920 36 667
395 551 36 858
395 921 36 771
396 922 36 860
397 552 36 957
397 923 36 722
398 134 36 1895
398 136 36 145
398 554 36 314
398 553 36 726
398 135 36 364
398 924 36 852
399 137 36 629
401 138 36 1136
403 925 36 1604
404 139 36 1204
405 926 36 1039
405 142 36 38
405 141 36 77
405 140 36 593
405 555 36 1690
408 556 36 1269
409 143 36 1353
410 928 36 472
410 927 36 1530
410 144 36 505
413 145 36 1296
414 929 36 1477
414 930 36 285
415 557 36 1748
416 558 36 783
416 559 36 120
416 931 36 1043
417 560 36 579
417 146 36 1439
418 148 36 345
418 147 36 768
421 149 36 1223
421 150 36 187
423 562 36 148
423 561 36 1682
423 932 36 1735
424 563 36 810
425 564 36 694
426 565 36 726
428 567 36 245
428 566 36 1074
429 933 36 1620
431 568 36 1187
433 569 36 1114
435 570 36 926
436 934 36 1749
436 152 36 271
436 151 36 1907
436 571 36 555
437 935 36 761
437 936 36 439
437 153 36 648
438 572 36 924
439 937 36 1118
439 938 36 274
440 939 36 553
440 940 36 250
441 941 36 588
443 155 36 98
443 154 36 1682
445 942 36 1400
446 573 36 1764
446 156 36 1325
448 943 36 1152
449 157 36 1305
449 158 36 68
449 159 36 207
452 160 36 1217
452 574 36 1643
453 162 36 289
453 161 36 824
453 575 36 574
453 163 36 338
455 576 36 1083
455 164 36 1064
457 165 36 1043
457 166 36 339
457 578 36 66
457 577 36 895
459 944 36 1858
463 579 36 1680
464 580 36 760
466 583 36 39
466 582 36 345
466 581 36 993
466 167 36 1823
466 584 36 401
469 945 36 1846
470 585 36 1382
472 586 36 1097
474 587 36 914
474 946 36 1546
476 169 36 264
476 168 36 1837
476 948 36 344
476 947 36 1138
477 949 36 613
478 173 36 159
478 171 36 436
478 170 36 897
478 588 36 1380
478 172 36 442
479 174 36 590
479 950 36 930
480 951 36 642
482 175 36 1265
483 952 36 1305
484 590 36 468
484 589 36 1613
485 177 36 3
485 953 36 1007
485 176 36 1306
486 178 36 540
486 179 36 347
489 591 36 1564
490 954 36 1579
491 180 36 1580
491 592 36 1004
491 593 36 362
492 594 36 664
495 955 36 1528
496 595 36 1465
497 181 36 1619
497 182 36 407
498 183 36 815
498 956 36 1225
499 596 36 1263
499 184 36 732
500 597 36 743
503 599 36 11
503 598 36 1339
507 958 36 397
507 957 36 1810
508 187 36 110
508 186 36 437
508 185 36 1821
508 600 36 1589
509 959 36 1078
509 601 36 865
509 188 36 820
514 960 36 1536
515 961 36 843
518 189 36 1797
518 603 36 22
518 602 36 1824
520 190 36 964
521 191 36 765
522 192 36 561
522 604 36 1421
523 962 36 1759
523 605 36 750
524 193 36 928
533 963 36 1835
534 606 36 1859
536 607 36 1117
538 608 36 1008
539 965 36 380
539 964 36 1633
540 194 36 1911
544 609 36 1665
545 610 36 607
545 611 36 373
547 195 36 1694
551 612 36 1681
553 613 36 1028
554 196 36 1712
556 614 36 1285
560 197 36 1625
560 198 36 289
561 615 36 1511
564 199 36 1386
564 966 36 1924
564 618 36 409
564 616 36 1336
564 617 36 108
566 200 36 957
566 967 36 1026
566 968 36 12
567 969 36 587
567 619 36 1236
569 970 36 1029
571 201 36 1541
572 202 36 855
572 203 36 81
572 204 36 325
572 621 36 160
572 620 36 1553
572 971 36 1272
573 622 36 790
574 972 36 1104
576 973 36 1078
578 623 36 1498
578 974 36 1099
578 975 36 78
578 205 36 1676
579 624 36 645
581 976 36 1295
582 206 36 1465
582 625 36 1287
582 207 36 111
582 209 36 417
582 208 36 58
583 210 36 717
586 211 36 1321
586 626 36 1476
587 212 36 765
587 977 36 1633
587 627 36 562
588 978 36 788
589 628 36 1100
589 629 36 178
590 980 36 58
590 979 36 930
592 631 36 339
592 630 36 1235
593 213 36 1645
594 214 36 552
596 632 36 1481
596 633 36 55
596 634 36 91
599 215 36 1522
599 216 36 417
599 981 36 1825
602 982 36 1185
603 217 36 1398
605 635 36 1820
607 637 36 323
607 636 36 1093
608 218 36 1530
608 638 36 542
610 983 36 1783
611 984 36 546
611 219 36 1167
612 220 36 606
612 221 36 229
613 639 36 1575
614 223 36 40
614 222 36 1002
616 985 36 1567
617 640 36 1448
617 225 36 132
617 224 36 1224
622 986 36 1662
623 987 36 727
623 989 36 220
623 988 36 40
626 226 36 1800
627 990 36 1461
628 991 36 553
629 992 36 720
630 227 36 1438
630 228 36 172
631 993 36 1121
631 229 36 821
632 641 36 1904
633 994 36 942
635 230 36 1477
636 995 36 1332
637 996 36 754
640 231 36 1605
641 997 36 1489
642 642 36 1831
645 998 36 1444
646 232 36 1639
648 233 36 1078
648 643 36 1639
649 999 36 1477
650 644 36 1006
650 645 36 95
651 234 36 1315
651 235 36 38
652 237 36 325
652 236 36 764
652 238 36 489
654 243 36 403
654 240 36 356
654 239 36 981
654 241 36 325
654 242 36 52
656 244 36 1079
659 646 36 1807
659 1000 36 1847
660 1001 36 519
661 245 36 1567
662 1002 36 1126
668 1003 36 1682
673 647 36 1900
673 1004 36 1508
675 648 36 1002
677 649 36 1077
677 650 36 128
678 1005 36 1582
680 654 36 382
680 653 36 102
680 652 36 333
680 651 36 1154
682 1006 36 1463
682 1007 36 227
684 655 36 1428
684 657 36 325
684 656 36 74
687 658 36 1301
687 659 36 134
690 660 36 1199
692 1008 36 1833
693 661 36 1297
693 246 36 1924
693 662 36 17
694 248 36 376
694 249 36 389
694 665 36 267
694 664 36 429
694 663 36 830
694 247 36 840
695 666 36 816
697 251 36 313
697 252 36 94
697 1009 36 1500
697 250 36 1276
697 1010 36 232
699 253 36 1046
700 254 36 780
701 667 36 1626
701 255 36 728
702 256 36 539
702 1011 36 1517
703 668 36 936
703 257 36 815
704 1012 36 1022
704 259 36 193
704 258 36 781
707 670 36 417
707 669 36 1390
708 1013 36 1392
709 671 36 1012
710 1014 36 1019
713 672 36 1491
713 261 36 26
713 260 36 1800
714 673 36 758
716 1015 36 1635
721 1016 36 1582
721 674 36 1713
724 262 36 1864
726 675 36 1574
726 676 36 253
727 263 36 1161
728 678 36 492
728 264 36 865
728 677 36 1075
729 679 36 549
730 265 36 1037
733 680 36 1404
735 1017 36 1901
735 266 36 1606
738 1019 36 65
738 681 36 1500
738 1018 36 1289
739 1020 36 642
741 267 36 1611
741 268 36 330
742 269 36 513
742 682 36 1484
742 683 36 22
742 684 36 49
742 685 36 80
742 686 36 5
742 1021 36 1196
743 271 36 91
743 270 36 758
744 1022 36 985
745 272 36 908
746 273 36 548
746 687 36 1379
747 275 36 280
747 276 36 176
747 274 36 810
748 277 36 599
750 278 36 885
751 688 36 1597
751 1023 36 1716
752 689 36 587
753 1025 36 476
753 1024 36 1051
754 1026 36 552
755 280 36 132
755 279 36 1582
757 281 36 959
759 282 36 1061
759 690 36 1745
760 691 36 767
762 692 36 947
762 693 36 407
762 694 36 376
762 695 36 151
766 283 36 1708
769 1028 36 136
769 1027 36 1907
770 284 36 1469
773 285 36 1163
775 696 36 1887
776 1029 36 1692
777 697 36 1001
778 286 36 1510
779 288 36 297
779 287 36 592
779 1030 36 1249
780 698 36 1210
780 289 36 587
781 699 36 738
784 290 36 1424
784 700 36 1203
784 701 36 181
786 702 36 964
786 1031 36 1730
786 1032 36 189
789 1033 36 1235
791 1034 36 1008
791 703 36 1537
792 704 36 659
794 705 36 1040
795 1035 36 1463
796 291 36 1873
796 1036 36 699
799 706 36 1588
800 1037 36 1428
800 1038 36 274
800 293 36 296
800 292 36 1468
802 1039 36 888
802 296 36 386
802 1040 36 104
802 294 36 1106
802 295 36 330
803 297 36 815
804 708 36 313
804 707 36 1500
805 709 36 733
806 1041 36 1435
807 1043 36 465
807 1042 36 819
807 298 36 1463
807 299 36 42
808 710 36 1174
810 711 36 924
818 712 36 1758
819 300 36 1886
819 713 36 751
819 301 36 313
820 302 36 510
820 714 36 655
823 1044 36 1912
826 715 36 1624
828 303 36 1788
833 304 36 1555
833 716 36 1737
834 1045 36 1868
836 305 36 1185
838 1046 36 1456
839 306 36 1330
841 1047 36 1253
841 1048 36 101
843 307 36 1470
843 308 36 236
844 309 36 499
844 1049 36 1231
845 310 36 551
850 1050 36 1674
851 1051 36 777
851 1052 36 200
852 717 36 1919
853 719 36 348
853 718 36 780
853 720 36 261
855 1053 36 1378
856 311 36 1864
856 1054 36 835
857 721 36 1362
857 1055 36 651
857 722 36 29
857 723 36 349
861 1056 36 1459
862 724 36 1569
864 1057 36 1334
865 1058 36 631
867 312 36 1854
867 726 36 65
867 725 36 1575
867 1059 36 1032
869 313 36 1124
869 1060 36 1029
869 314 36 60
869 727 36 1083
869 728 36 381
870 315 36 840
872 317 36 155
872 316 36 890
873 1064 36 251
873 1063 36 140
873 1065 36 426
873 1062 36 91
873 1061 36 1480
874 729 36 1562
876 1066 36 1327
878 318 36 1616
880 730 36 1611
883 1068 36 383
883 1067 36 1711
883 731 36 1177
884 319 36 1626
887 1069 36 1481
888 320 36 1451
889 1071 36 154
889 1070 36 936
890 321 36 1013
891 732 36 1790
893 322 36 1313
895 1072 36 1626
895 1073 36 400
897 733 36 1679
899 323 36 1668
900 734 36 1271
901 324 36 1013
902 325 36 809
903 326 36 547
903 735 36 1223
904 327 36 612
904 736 36 536
908 329 36 480
908 328 36 1367
908 1074 36 1886
910 1076 36 376
910 1075 36 1132
911 1077 36 520
916 737 36 1872
917 330 36 1819
918 1078 36 1728
919 738 36 1288
920 1079 36 1107
920 331 36 1286
921 741 36 430
921 740 36 417
921 739 36 933
922 1080 36 944
922 332 36 1061
923 333 36 843
923 742 36 1065
924 743 36 863
925 1081 36 1224
927 744 36 1337
928 745 36 820
929 334 36 1621
930 746 36 934
930 747 36 195
934 1082 36 1805
935 1083 36 830
935 1084 36 17
935 1085 36 471
936 748 36 1677
936 335 36 1744
936 336 36 449
937 749 36 677
937 750 36 339
939 338 36 153
939 337 36 1198
939 339 36 284
940 1086 36 1530
941 1089 36 357
941 1087 36 735
941 1088 36 400
941 1090 36 4
944 1091 36 1290
945 1092 36 796
947 340 36 1758
947 341 36 39
947 342 36 356
948 1093 36 1167
950 751 36 1893
950 752 36 220
951 753 36 861
951 754 36 476
954 344 36 35
954 343 36 1723
956 1094 36 1783
957 1095 36 548
958 345 36 1484
958 346 36 19
958 347 36 344
958 348 36 236
958 349 36 265
959 756 36 151
959 755 36 1766
960 757 36 614
960 1096 36 1343
961 1098 36 214
961 1097 36 679
962 350 36 1365
962 351 36 230
964 352 36 1123
965 1099 36 1486
966 1100 36 541
972 1101 36 1670
972 353 36 1761
973 758 36 1892
973 354 36 515
974 1102 36 869
975 1103 36 545
975 355 36 872
975 759 36 1009
975 1104 36 295
977 356 36 924
977 760 36 974
978 761 36 504
978 357 36 767
979 358 36 774
980 1105 36 1519
980 762 36 1118
980 359 36 745
981 360 36 637
981 763 36 676
982 1106 36 1076
982 362 36 102
982 361 36 718
983 764 36 1047
988 363 36 1681
989 1107 36 1724
989 364 36 605
992 365 36 1190
993 1108 36 1417
993 366 36 803
995 367 36 1010
999 1110 36 274
999 1109 36 1627
999 368 36 1428
999 370 36 391
999 369 36 240
1001 1111 36 938
1004 765 36 1922
1005 372 36 1
1005 371 36 1616
1006 766 36 1059
1006 767 36 79
1006 1112 36 1531
1008 373 36 1332
1010 768 36 1405
1010 1113 36 1448
1010 1114 36 87
1014 769 36 1356
1016 374 36 1793
1016 770 36 1088
1017 1115 36 1730
1020 375 36 1411
1021 376 36 657
1022 1116 36 1600
1024 771 36 1789
1025 1118 36 122
1025 1117 36 1186
1025 772 36 631
1026 377 36 1515
1032 378 36 1632
1032 1119 36 1704
1033 1120 36 821
1033 773 36 1771
1034 1121 36 592
1036 379 36 1453
1037 1123 36 25
1037 1122 36 1311
1037 380 36 790
1037 381 36 203
1037 382 36 375
1039 383 36 1102
1041 384 36 1040
1041 1124 36 1477
1044 774 36 1856
1046 1125 36 1571
1046 386 36 162
1046 385 36 1588
1049 388 36 327
1049 1127 36 459
1049 387 36 1224
1049 1126 36 1282
1050 389 36 748
1050 1128 36 542
1051 390 36 820
1052 775 36 1756
1052 776 36 296
1053 1129 36 1337
1054 777 36 1091
1056 778 36 936
1057 779 36 749
1057 392 36 423
1057 391 36 1607
1058 780 36 640
1060 1130 36 1713
1060 393 36 1332
1065 394 36 1571
1066 1133 36 242
1066 1132 36 306
1066 1131 36 1622
1067 395 36 1040
1067 1134 36 566
1067 781 36 1795
1070 1135 36 1199
1070 782 36 1330
1070 1136 36 355
1073 1137 36 1260
1074 1138 36 534
1074 1139 36 422
1076 783 36 1629
1077 1140 36 1319
1078 396 36 1861
1079 397 36 600
1079 784 36 1223
