19 0 1534 1919
19 1 1534 435
23 2 1534 1440
24 3 1534 523
24 4 1534 227
24 5 1534 337
26 6 1534 1100
26 7 1534 339
27 10 1534 406
27 9 1534 104
27 8 1534 540
28 11 1534 600
29 12 1534 817
36 13 1534 1720
43 14 1534 1715
56 15 1534 1887
60 16 1534 1463
61 17 1534 860
64 20 1534 310
64 18 1534 1337
64 19 1534 378
66 21 1534 970
68 22 1534 1024
71 23 1534 1146
73 24 1534 998
74 25 1534 659
75 26 1534 789
78 27 1534 1157
80 28 1534 989
84 29 1534 1382
85 30 1534 740
86 31 1534 851
88 32 1534 1030
93 33 1534 1502
100 34 1534 1750
108 35 1534 1750
109 36 1534 703
110 37 1534 543
111 38 1534 688
116 39 1534 1602
119 40 1534 1184
120 41 1534 543
121 42 1534 656
121 43 1534 138
121 44 1534 78
123 45 1534 1140
124 46 1534 740
126 47 1534 961
129 48 1534 1288
129 49 1534 119
132 50 1534 1186
134 51 1534 1066
139 52 1534 1542
143 53 1534 1471
148 54 1534 1599
150 55 1534 949
153 57 1534 293
153 56 1534 1335
157 58 1534 1450
161 59 1534 1493
165 60 1534 1472
176 61 1534 1868
179 62 1534 1275
181 63 1534 1082
184 64 1534 1289
188 65 1534 1479
192 66 1534 1494
195 67 1534 1239
208 68 1534 1895
221 69 1534 1889
224 70 1534 1183
226 71 1534 919
226 72 1534 171
232 73 1534 1659
234 74 1534 1119
241 76 1534 313
241 75 1534 1691
243 77 1534 886
245 78 1534 1068
253 79 1534 1782
263 80 1534 1844
271 81 1534 1753
279 82 1534 1793
281 84 1534 196
281 83 1534 869
286 85 1534 1598
289 86 1534 1233
293 87 1534 1484
302 88 1534 1828
303 91 1534 410
303 89 1534 800
303 90 1534 414
305 92 1534 1017
307 94 1534 129
307 93 1534 1120
310 95 1534 1240
313 96 1534 1192
318 97 1534 1499
319 98 1534 773
320 99 1534 523
325 100 1534 1571
329 101 1534 1425
331 102 1534 991
334 103 1534 1324
335 104 1534 861
335 105 1534 266
337 106 1534 895
346 107 1534 1807
346 108 1534 352
356 109 1534 1832
357 110 1534 635
357 111 1534 448
360 112 1534 1150
365 113 1534 1593
370 114 1534 1574
376 115 1534 1644
376 116 1534 74
376 117 1534 406
378 118 1534 886
384 119 1534 1615
384 120 1534 246
384 121 1534 10
387 122 1534 1336
389 123 1534 1094
393 124 1534 1474
394 125 1534 773
403 126 1534 1827
405 127 1534 975
410 128 1534 1529
419 129 1534 1803
420 130 1534 499
421 131 1534 739
421 132 1534 112
422 135 1534 418
422 133 1534 545
422 134 1534 211
423 136 1534 762
423 137 1534 469
423 138 1534 7
434 139 1534 1855
435 140 1534 703
439 141 1534 1350
441 142 1534 1131
461 143 1534 1920
461 144 1534 164
474 145 1534 1890
477 146 1534 1184
481 147 1534 1349
485 148 1534 1471
485 149 1534 410
488 150 1534 1166
489 151 1534 786
490 152 1534 613
492 154 1534 277
492 153 1534 1083
497 155 1534 1560
497 156 1534 88
506 157 1534 1821
514 158 1534 1774
514 159 1534 88
514 160 1534 364
524 162 1534 277
524 163 1534 473
524 161 1534 1844
527 164 1534 1332
536 165 1534 1821
536 166 1534 336
537 167 1534 605
541 168 1534 1381
544 169 1534 1155
546 170 1534 882
551 171 1534 1529
551 172 1534 398
553 173 1534 956
555 174 1534 912
556 175 1534 820
557 176 1534 803
560 177 1534 1340
562 178 1534 929
567 179 1534 1508
572 180 1534 1513
572 181 1534 477
576 182 1534 1429
578 183 1534 1119
579 184 1534 637
585 185 1534 1638
585 186 1534 125
587 187 1534 954
587 188 1534 268
588 189 1534 575
588 190 1534 329
589 191 1534 865
590 192 1534 619
600 193 1534 1844
604 194 1534 1490
605 195 1534 783
607 196 1534 1073
608 197 1534 657
609 198 1534 588
609 199 1534 267
614 200 1534 1554
615 201 1534 579
628 202 1534 1893
628 203 1534 316
632 204 1534 1452
637 205 1534 1561
637 206 1534 387
642 207 1534 1582
642 208 1534 170
646 209 1534 1381
647 210 1534 757
648 211 1534 673
650 212 1534 892
650 213 1534 265
651 214 1534 500
660 215 1534 1811
660 216 1534 415
662 217 1534 1082
670 218 1534 1761
676 219 1534 1619
683 220 1534 1696
686 222 1534 337
686 221 1534 1306
687 223 1534 806
688 224 1534 825
688 225 1534 17
690 226 1534 910
690 227 1534 479
694 228 1534 1390
694 229 1534 128
700 231 1534 145
700 230 1534 1672
701 232 1534 752
702 233 1534 661
714 234 1534 1879
716 235 1534 933
717 236 1534 509
719 237 1534 1113
724 238 1534 1592
726 239 1534 1000
729 241 1534 468
729 240 1534 1250
730 242 1534 783
731 243 1534 811
738 244 1534 1743
743 245 1534 1581
757 246 1534 1898
757 247 1534 354
760 248 1534 1343
765 250 1534 368
765 249 1534 1603
782 251 1534 1915
783 252 1534 821
785 253 1534 893
785 254 1534 496
785 255 1534 247
785 256 1534 242
787 257 1534 1086
791 258 1534 1415
795 259 1534 1435
796 260 1534 651
806 261 1534 1832
806 262 1534 191
806 263 1534 42
812 264 1534 1634
813 265 1534 611
823 267 1534 230
823 266 1534 1845
823 268 1534 311
827 269 1534 1492
830 270 1534 1302
833 271 1534 1226
837 272 1534 1415
838 273 1534 760
838 274 1534 368
841 275 1534 1227
842 276 1534 523
846 277 1534 1450
848 278 1534 987
851 279 1534 1169
851 280 1534 43
852 281 1534 556
854 282 1534 1061
861 283 1534 1711
867 284 1534 1684
873 285 1534 1681
876 286 1534 1249
884 288 1534 164
884 287 1534 1783
890 289 1534 1631
891 290 1534 690
895 291 1534 1347
901 292 1534 1622
901 293 1534 157
901 294 1534 349
904 296 1534 277
904 295 1534 1342
905 297 1534 741
907 298 1534 1101
909 299 1534 1131
915 300 1534 1660
921 301 1534 1667
921 302 1534 42
929 303 1534 1776
929 304 1534 301
931 305 1534 1067
932 306 1534 500
