0 0 456 260
2 1 456 1113
4 2 456 870
4 3 456 292
5 4 456 610
7 5 456 996
14 6 456 1716
15 7 456 682
20 8 456 1550
23 9 456 1158
24 10 456 787
27 11 456 1234
28 12 456 720
28 13 456 375
33 14 456 1565
36 15 456 1240
36 16 456 269
42 17 456 1679
45 18 456 1145
50 19 456 1526
51 20 456 554
51 21 456 261
57 22 456 1678
60 23 456 1191
61 24 456 753
62 25 456 785
64 27 456 234
64 26 456 1018
73 28 456 1819
73 29 456 249
75 30 456 1073
75 31 456 303
75 32 456 263
77 35 456 286
77 33 456 956
77 34 456 491
87 36 456 1830
88 37 456 593
96 38 456 1783
96 39 456 150
103 40 456 1747
115 41 456 1873
115 42 456 448
115 43 456 111
115 44 456 252
118 45 456 1176
120 46 456 1104
123 47 456 1150
123 48 456 19
127 49 456 1414
131 50 456 1450
142 51 456 1856
148 52 456 1686
150 53 456 940
150 54 456 412
173 55 456 1923
177 56 456 1360
182 57 456 1603
186 58 456 1464
194 59 456 1750
208 60 456 1902
212 61 456 1481
213 62 456 787
216 63 456 1301
216 64 456 84
216 65 456 484
218 66 456 970
224 67 456 1688
233 68 456 1808
236 69 456 1279
239 70 456 1335
244 71 456 1601
253 72 456 1820
255 73 456 995
262 74 456 1704
263 75 456 605
270 76 456 1738
275 77 456 1566
277 78 456 939
282 79 456 1501
287 80 456 1605
295 81 456 1792
295 82 456 215
295 83 456 405
296 84 456 723
299 85 456 1142
300 86 456 542
303 87 456 1248
304 88 456 543
304 89 456 493
305 90 456 851
305 91 456 227
307 94 456 172
307 95 456 266
307 92 456 1053
307 93 456 32
309 96 456 1085
311 97 456 1072
311 98 456 26
318 99 456 1693
318 100 456 206
321 101 456 1341
324 102 456 1267
325 104 456 79
325 103 456 665
333 105 456 1774
333 106 456 35
334 107 456 690
337 108 456 1160
344 109 456 1732
344 110 456 185
351 111 456 1718
352 112 456 664
365 115 456 110
365 114 456 145
365 113 456 1887
368 116 456 1265
368 117 456 382
369 118 456 578
370 119 456 867
381 120 456 1867
387 121 456 1646
390 122 456 1144
393 124 456 427
393 123 456 1315
395 125 456 1108
396 126 456 547
404 127 456 1787
405 128 456 823
409 129 456 1437
413 130 456 1444
414 131 456 666
419 132 456 1540
422 133 456 1170
425 134 456 1295
425 135 456 264
426 136 456 524
430 137 456 1475
430 138 456 326
432 139 456 874
434 140 456 1106
442 141 456 1776
442 142 456 87
443 144 456 307
443 143 456 736
445 145 456 1058
449 146 456 1487
451 147 456 1091
460 148 456 1812
460 149 456 62
462 150 456 925
463 151 456 703
463 152 456 494
465 153 456 1083
473 154 456 1751
473 155 456 484
473 156 456 196
485 157 456 1877
485 158 456 237
487 159 456 896
490 160 456 1226
490 161 456 172
498 162 456 1792
504 163 456 1648
504 164 456 287
508 165 456 1444
508 166 456 177
512 167 456 1419
513 168 456 591
522 169 456 1805
527 170 456 1510
534 172 456 56
534 171 456 1714
540 173 456 1628
546 174 456 1685
546 175 456 91
551 176 456 1559
551 177 456 407
553 178 456 1007
556 179 456 1294
561 180 456 1545
565 181 456 1381
579 182 456 1899
580 183 456 760
581 184 456 511
582 185 456 741
582 186 456 172
582 187 456 456
585 188 456 1344
586 189 456 811
586 190 456 67
587 191 456 572
590 192 456 1237
594 193 456 1355
599 194 456 1573
601 195 456 934
616 196 456 1908
616 197 456 364
616 198 456 449
617 199 456 788
619 201 456 68
619 200 456 881
620 202 456 499
620 203 456 7
620 204 456 476
622 205 456 1135
623 206 456 646
624 207 456 790
627 208 456 1323
633 209 456 1660
634 210 456 849
641 211 456 1713
643 212 456 870
644 213 456 868
647 214 456 1275
655 215 456 1769
655 216 456 198
657 217 456 1031
659 218 456 1136
663 219 456 1471
666 220 456 1271
672 221 456 1645
672 222 456 74
679 223 456 1705
686 224 456 1738
688 225 456 937
688 226 456 477
689 227 456 626
689 228 456 55
690 230 456 107
690 229 456 751
693 231 456 1194
705 232 456 1883
705 233 456 218
705 234 456 413
709 235 456 1477
711 236 456 882
724 238 456 284
724 237 456 1892
727 239 456 1300
727 240 456 94
730 241 456 1306
732 242 456 1058
738 243 456 1609
751 245 456 278
751 244 456 1886
757 247 456 369
757 248 456 79
757 246 456 1627
764 249 456 1728
765 250 456 735
767 251 456 876
770 252 456 1153
772 253 456 903
776 254 456 1442
779 255 456 1160
798 256 456 1918
799 258 456 193
799 257 456 719
803 259 456 1463
804 260 456 658
804 261 456 20
805 262 456 734
806 263 456 572
811 264 456 1552
816 265 456 1580
824 266 456 1755
825 268 456 455
825 267 456 651
832 269 456 1722
834 270 456 887
834 271 456 230
835 272 456 747
843 273 456 1760
847 274 456 1376
860 275 456 1889
861 276 456 587
861 277 456 390
868 278 456 1743
872 279 456 1459
875 280 456 1235
875 281 456 107
876 282 456 546
876 283 456 252
876 284 456 15
879 286 456 41
879 285 456 1156
881 287 456 979
882 288 456 701
885 289 456 1177
889 290 456 1483
889 291 456 163
896 292 456 1699
897 293 456 745
898 295 456 73
898 294 456 641
899 296 456 572
899 297 456 485
899 298 456 57
899 299 456 306
899 300 456 447
901 301 456 975
911 303 456 282
911 302 456 1839
912 304 456 840
913 305 456 505
913 306 456 128
