2 0 1069 1067
2 1 1069 308
3 2 1069 526
9 3 1069 1681
9 4 1069 11
12 5 1069 1334
12 6 1069 351
24 7 1069 1885
29 8 1069 1516
32 9 1069 1296
35 10 1069 1274
38 11 1069 1175
47 12 1069 1812
48 13 1069 577
48 14 1069 85
48 15 1069 185
51 16 1069 1154
51 17 1069 482
58 19 1069 111
58 18 1069 1714
61 20 1069 1324
72 21 1069 1858
76 22 1069 1472
76 23 1069 321
77 24 1069 784
79 25 1069 1084
79 26 1069 179
81 27 1069 1043
82 28 1069 752
84 29 1069 875
87 30 1069 1297
87 31 1069 463
96 32 1069 1806
103 33 1069 1722
104 34 1069 758
105 35 1069 546
107 36 1069 1113
108 37 1069 575
109 38 1069 620
112 39 1069 1208
129 40 1069 1915
130 41 1069 700
131 42 1069 808
131 43 1069 377
132 44 1069 639
133 45 1069 574
137 46 1069 1493
148 47 1069 1855
149 48 1069 504
150 49 1069 803
151 50 1069 533
155 51 1069 1404
159 52 1069 1357
160 53 1069 800
162 54 1069 1110
164 55 1069 1134
165 57 1069 205
165 56 1069 761
167 58 1069 897
168 59 1069 852
171 60 1069 1154
174 61 1069 1232
176 62 1069 1133
177 63 1069 640
200 64 1069 1923
201 65 1069 811
204 67 1069 90
204 66 1069 1294
211 68 1069 1744
215 69 1069 1464
217 70 1069 996
218 71 1069 579
226 72 1069 1786
227 73 1069 505
227 74 1069 120
228 75 1069 623
230 76 1069 1049
232 77 1069 1094
238 78 1069 1607
238 79 1069 209
243 80 1069 1515
243 81 1069 249
244 82 1069 539
256 83 1069 1873
256 84 1069 342
265 85 1069 1818
267 86 1069 1031
269 87 1069 1006
270 88 1069 612
275 89 1069 1548
282 90 1069 1709
284 91 1069 908
289 92 1069 1602
296 93 1069 1693
296 94 1069 53
297 95 1069 683
301 96 1069 1492
301 97 1069 168
301 98 1069 379
309 99 1069 1753
312 100 1069 1205
316 101 1069 1403
316 102 1069 110
318 103 1069 964
325 104 1069 1731
337 105 1069 1878
342 106 1069 1542
343 107 1069 851
344 108 1069 679
344 109 1069 486
344 110 1069 84
349 111 1069 1591
350 112 1069 523
351 113 1069 688
354 114 1069 1261
356 115 1069 904
357 116 1069 693
360 117 1069 1184
360 118 1069 297
360 119 1069 105
367 120 1069 1704
367 121 1069 287
371 123 1069 195
371 122 1069 1402
377 124 1069 1679
377 125 1069 88
379 126 1069 901
379 127 1069 93
379 128 1069 451
383 129 1069 1362
385 130 1069 1056
387 131 1069 881
388 132 1069 715
396 133 1069 1778
398 134 1069 929
398 135 1069 111
398 136 1069 139
403 142 1069 327
403 141 1069 179
403 140 1069 275
403 143 1069 125
403 138 1069 141
403 137 1069 1499
403 139 1069 388
407 144 1069 1464
407 145 1069 118
407 146 1069 385
409 147 1069 914
409 148 1069 431
411 149 1069 1074
428 151 1069 307
428 150 1069 1914
437 154 1069 48
437 153 1069 273
437 152 1069 1796
439 155 1069 918
439 156 1069 0
449 157 1069 1840
452 158 1069 1210
458 159 1069 1643
460 160 1069 977
464 162 1069 399
464 161 1069 1449
467 163 1069 1241
471 164 1069 1355
473 165 1069 1128
475 166 1069 876
476 167 1069 669
482 168 1069 1683
485 169 1069 1150
486 170 1069 765
488 171 1069 1119
490 172 1069 1042
500 173 1069 1833
508 174 1069 1755
513 175 1069 1525
525 176 1069 1884
528 177 1069 1277
529 178 1069 656
534 179 1069 1561
540 180 1069 1628
556 181 1069 1912
561 182 1069 1587
564 183 1069 1302
568 184 1069 1373
569 185 1069 748
571 186 1069 1009
571 187 1069 441
578 193 1069 423
578 192 1069 289
578 191 1069 223
578 189 1069 11
578 188 1069 1730
578 190 1069 110
581 194 1069 1336
582 195 1069 750
589 196 1069 1704
591 197 1069 1010
592 198 1069 695
592 199 1069 335
595 200 1069 1166
601 201 1069 1641
604 202 1069 1155
607 203 1069 1206
607 204 1069 308
608 205 1069 795
611 206 1069 1189
624 208 1069 443
624 207 1069 1887
624 209 1069 448
626 210 1069 958
627 211 1069 648
630 212 1069 1184
635 213 1069 1573
635 214 1069 15
637 215 1069 989
645 216 1069 1787
647 217 1069 1021
655 218 1069 1793
656 219 1069 606
656 220 1069 118
656 221 1069 435
657 222 1069 863
663 223 1069 1672
665 224 1069 1039
666 225 1069 541
667 226 1069 829
668 228 1069 496
668 227 1069 619
670 229 1069 1004
677 230 1069 1745
679 231 1069 873
680 232 1069 582
680 233 1069 320
680 234 1069 394
696 235 1069 1911
697 236 1069 757
697 237 1069 381
699 238 1069 994
700 239 1069 578
704 240 1069 1483
706 241 1069 1046
728 242 1069 1922
731 243 1069 1282
733 244 1069 977
737 245 1069 1387
739 246 1069 964
740 248 1069 408
740 249 1069 347
740 247 1069 640
742 250 1069 888
743 251 1069 682
746 252 1069 1142
746 253 1069 88
746 254 1069 216
747 255 1069 731
748 256 1069 777
752 258 1069 166
752 257 1069 1407
759 259 1069 1691
772 260 1069 1890
773 261 1069 570
777 262 1069 1390
781 263 1069 1364
782 264 1069 627
782 265 1069 84
782 266 1069 66
783 267 1069 864
786 270 1069 231
786 268 1069 1178
786 269 1069 28
790 271 1069 1406
790 272 1069 27
793 273 1069 1214
795 274 1069 1048
797 275 1069 996
797 276 1069 437
802 277 1069 1506
803 278 1069 694
808 279 1069 1576
813 280 1069 1502
813 281 1069 189
813 282 1069 211
813 283 1069 149
813 284 1069 115
815 285 1069 1063
821 288 1069 103
821 287 1069 493
821 286 1069 1656
826 289 1069 1588
828 290 1069 1134
831 291 1069 1275
831 292 1069 214
834 293 1069 1228
835 294 1069 613
837 295 1069 913
842 296 1069 1581
843 297 1069 558
844 298 1069 654
846 299 1069 893
849 300 1069 1321
849 301 1069 100
853 302 1069 1386
853 303 1069 379
853 304 1069 115
857 305 1069 1407
858 306 1069 655
