8 0 1920 1792
8 1 1920 304
9 2 1920 833
9 3 1920 300
10 4 1920 748
11 5 1920 572
12 6 1920 858
15 7 1920 1322
16 9 1920 117
16 8 1920 525
17 10 1920 788
28 11 1920 1867
28 12 1920 229
29 13 1920 551
33 14 1920 1377
48 15 1920 1907
53 16 1920 1541
53 17 1920 467
56 18 1920 1182
57 19 1920 683
58 20 1920 525
59 21 1920 779
59 22 1920 237
61 23 1920 989
61 24 1920 142
66 25 1920 1548
67 26 1920 661
77 31 1920 194
77 30 1920 103
77 27 1920 1838
77 28 1920 159
77 29 1920 312
82 32 1920 1518
82 33 1920 425
87 34 1920 1508
88 35 1920 651
89 36 1920 510
95 37 1920 1607
106 38 1920 1866
114 39 1920 1778
114 40 1920 72
121 41 1920 1738
123 42 1920 1032
123 43 1920 414
139 44 1920 1911
144 45 1920 1512
145 47 1920 490
145 46 1920 703
146 48 1920 535
151 49 1920 1538
153 50 1920 1107
161 51 1920 1780
165 52 1920 1479
165 53 1920 39
166 54 1920 507
168 56 1920 66
168 55 1920 1012
176 57 1920 1769
176 58 1920 157
178 59 1920 1125
188 60 1920 1836
190 61 1920 944
193 64 1920 14
193 62 1920 1163
193 63 1920 213
194 66 1920 348
194 65 1920 594
201 67 1920 1728
203 68 1920 968
204 69 1920 725
208 70 1920 1396
219 71 1920 1859
220 72 1920 525
223 73 1920 1328
224 74 1920 610
225 75 1920 712
231 76 1920 1671
238 77 1920 1748
240 78 1920 1002
241 79 1920 555
242 80 1920 844
242 81 1920 171
245 82 1920 1302
246 83 1920 546
248 85 1920 247
248 84 1920 1129
249 86 1920 639
253 87 1920 1479
263 88 1920 1842
263 89 1920 496
264 90 1920 584
265 91 1920 666
269 92 1920 1449
270 93 1920 741
281 94 1920 1866
283 95 1920 1053
284 96 1920 574
285 97 1920 819
285 98 1920 399
288 99 1920 1317
291 100 1920 1164
293 101 1920 900
297 102 1920 1447
304 104 1920 142
304 103 1920 1735
307 105 1920 1173
310 106 1920 1255
310 107 1920 150
314 108 1920 1353
321 109 1920 1720
324 110 1920 1266
324 111 1920 242
325 112 1920 767
330 114 1920 280
330 113 1920 1527
336 115 1920 1665
341 116 1920 1566
342 117 1920 616
344 118 1920 1008
351 119 1920 1691
363 120 1920 1879
364 121 1920 793
373 124 1920 140
373 123 1920 471
373 122 1920 1810
374 125 1920 730
374 126 1920 409
381 127 1920 1709
385 128 1920 1387
389 129 1920 1482
389 130 1920 138
390 131 1920 851
394 132 1920 1349
400 133 1920 1610
403 134 1920 1316
414 135 1920 1869
415 136 1920 649
419 137 1920 1492
419 138 1920 404
431 139 1920 1880
433 143 1920 122
433 142 1920 125
433 140 1920 917
433 141 1920 489
436 144 1920 1154
436 145 1920 341
445 146 1920 1823
455 149 1920 201
455 147 1920 1847
455 148 1920 460
459 150 1920 1411
471 151 1920 1883
478 152 1920 1735
479 153 1920 633
483 154 1920 1363
483 155 1920 370
485 156 1920 1014
487 157 1920 975
492 158 1920 1594
495 159 1920 1336
496 160 1920 764
500 161 1920 1470
501 162 1920 688
510 163 1920 1796
515 164 1920 1581
515 165 1920 414
516 166 1920 818
518 167 1920 1082
518 168 1920 211
518 169 1920 336
520 171 1920 74
520 172 1920 212
520 170 1920 1016
522 173 1920 1053
523 174 1920 774
527 175 1920 1389
528 176 1920 667
534 177 1920 1687
537 178 1920 1242
544 179 1920 1723
545 181 1920 487
545 180 1920 831
548 182 1920 1248
551 183 1920 1185
551 184 1920 70
551 185 1920 179
553 186 1920 1040
554 187 1920 716
554 188 1920 246
556 189 1920 945
557 190 1920 854
562 191 1920 1598
571 192 1920 1822
573 193 1920 992
575 194 1920 1116
579 195 1920 1371
586 196 1920 1726
586 197 1920 254
586 198 1920 465
587 199 1920 740
591 200 1920 1447
592 201 1920 741
598 202 1920 1636
598 203 1920 123
600 204 1920 1109
603 205 1920 1337
609 206 1920 1670
610 207 1920 682
618 208 1920 1783
632 209 1920 1898
638 210 1920 1627
641 211 1920 1251
647 212 1920 1658
656 213 1920 1796
657 214 1920 505
657 215 1920 277
657 216 1920 221
661 217 1920 1427
668 218 1920 1725
672 219 1920 1402
675 221 1920 102
675 220 1920 1298
676 222 1920 835
679 223 1920 1190
683 224 1920 1406
686 225 1920 1342
686 226 1920 176
689 227 1920 1144
700 228 1920 1861
703 229 1920 1327
708 231 1920 413
708 230 1920 1588
711 232 1920 1222
712 233 1920 501
712 234 1920 275
712 235 1920 89
713 236 1920 775
715 237 1920 1125
715 238 1920 76
716 241 1920 358
716 240 1920 434
716 239 1920 658
717 242 1920 857
717 243 1920 273
720 244 1920 1242
725 245 1920 1528
736 246 1920 1865
736 247 1920 26
736 248 1920 487
737 249 1920 839
740 250 1920 1149
740 251 1920 298
740 252 1920 454
742 253 1920 988
746 254 1920 1366
749 255 1920 1345
759 256 1920 1831
759 257 1920 445
760 258 1920 642
767 259 1920 1692
770 260 1920 1160
771 261 1920 525
772 262 1920 746
772 263 1920 456
772 264 1920 310
775 265 1920 1214
775 266 1920 29
778 267 1920 1156
783 269 1920 415
783 268 1920 1520
787 270 1920 1426
789 271 1920 1021
793 272 1920 1351
795 273 1920 1066
797 274 1920 967
799 275 1920 940
802 276 1920 1170
803 277 1920 562
815 278 1920 1872
824 279 1920 1803
828 280 1920 1401
828 281 1920 150
829 282 1920 657
831 283 1920 1022
831 284 1920 177
834 285 1920 1289
846 287 1920 233
846 286 1920 1883
848 288 1920 1059
849 289 1920 855
849 290 1920 183
849 291 1920 330
849 292 1920 482
849 293 1920 308
853 294 1920 1423
863 295 1920 1833
868 296 1920 1536
868 297 1920 400
881 298 1920 1887
881 299 1920 28
886 300 1920 1498
887 301 1920 709
887 302 1920 430
887 303 1920 71
890 305 1920 128
890 304 1920 1337
892 306 1920 872
