0 0 869 301
4 1 869 1377
10 2 869 1652
14 3 869 1449
17 4 869 1301
20 5 869 1319
27 6 869 1700
27 7 869 16
28 8 869 568
32 9 869 1377
39 10 869 1691
40 11 869 582
41 12 869 868
41 13 869 164
41 14 869 357
49 15 869 1779
57 16 869 1795
61 19 869 54
61 18 869 343
61 17 869 1369
65 20 869 1476
65 21 869 108
70 22 869 1606
73 23 869 1302
76 24 869 1218
76 25 869 26
81 26 869 1575
83 28 869 359
83 27 869 1110
99 29 869 1910
99 30 869 174
104 31 869 1584
104 32 869 43
104 33 869 223
104 34 869 286
108 35 869 1360
109 36 869 750
111 38 869 184
111 37 869 1039
114 39 869 1271
119 40 869 1511
124 41 869 1533
124 42 869 155
124 43 869 355
130 44 869 1688
131 45 869 769
134 46 869 1292
147 47 869 1889
156 48 869 1819
158 49 869 1010
164 50 869 1620
166 51 869 1062
168 52 869 1062
170 53 869 1055
176 54 869 1616
176 55 869 192
183 58 869 230
183 57 869 349
183 56 869 1695
186 59 869 1275
192 60 869 1668
193 61 869 589
198 62 869 1582
199 63 869 582
202 64 869 1203
202 65 869 106
203 66 869 539
204 67 869 644
213 68 869 1803
215 69 869 921
217 70 869 1028
218 71 869 756
221 72 869 1185
223 73 869 996
223 74 869 468
234 75 869 1868
246 76 869 1878
249 77 869 1251
254 78 869 1539
254 79 869 449
255 80 869 659
261 81 869 1610
264 82 869 1216
267 83 869 1273
267 84 869 290
269 85 869 1036
270 86 869 522
272 87 869 913
273 88 869 532
273 89 869 93
278 90 869 1590
278 91 869 401
279 92 869 808
280 93 869 833
285 94 869 1527
287 95 869 922
299 96 869 1875
304 97 869 1498
306 98 869 1077
311 99 869 1581
311 100 869 230
312 101 869 647
312 102 869 86
314 103 869 897
329 104 869 1907
330 105 869 864
339 106 869 1802
339 107 869 66
340 108 869 587
346 109 869 1673
346 110 869 239
346 111 869 444
347 112 869 735
354 113 869 1706
355 115 869 58
355 114 869 616
358 116 869 1297
358 117 869 309
358 118 869 292
358 119 869 167
363 120 869 1509
368 121 869 1550
368 122 869 112
375 123 869 1709
378 124 869 1256
379 125 869 627
391 126 869 1872
391 127 869 351
395 128 869 1393
399 129 869 1470
417 130 869 1917
417 131 869 379
417 132 869 173
429 135 869 11
429 134 869 218
429 133 869 1883
434 136 869 1523
434 137 869 318
437 138 869 1290
441 139 869 1350
444 140 869 1158
444 141 869 455
444 142 869 326
445 143 869 783
453 144 869 1778
456 145 869 1145
461 146 869 1590
463 147 869 1026
463 148 869 217
467 149 869 1469
472 150 869 1549
477 151 869 1565
480 152 869 1205
482 154 869 71
482 153 869 910
483 155 869 604
484 156 869 535
484 157 869 302
489 158 869 1566
492 159 869 1280
494 160 869 916
498 161 869 1451
499 162 869 597
501 163 869 1041
507 164 869 1680
515 165 869 1785
515 166 869 270
516 167 869 777
520 168 869 1488
521 169 869 605
521 170 869 460
523 171 869 979
525 172 869 944
526 173 869 866
528 174 869 933
530 175 869 1053
533 176 869 1224
536 177 869 1253
547 178 869 1856
547 179 869 110
549 180 869 961
550 181 869 846
550 182 869 133
560 183 869 1849
570 184 869 1846
570 185 869 352
572 186 869 1099
575 187 869 1188
584 188 869 1811
589 189 869 1539
593 190 869 1400
596 191 869 1221
597 194 869 434
597 192 869 677
597 193 869 9
603 195 869 1632
611 196 869 1783
614 197 869 1209
616 198 869 1027
634 199 869 1918
636 200 869 875
637 201 869 813
641 202 869 1463
646 203 869 1537
648 204 869 1008
649 205 869 570
650 206 869 621
650 207 869 338
664 208 869 1901
666 209 869 943
669 210 869 1305
672 212 869 371
672 211 869 1206
676 213 869 1455
676 214 869 319
676 215 869 70
679 216 869 1317
680 217 869 673
682 218 869 1120
685 219 869 1328
686 220 869 686
688 221 869 1006
690 222 869 890
702 223 869 1873
704 224 869 1129
707 225 869 1164
707 226 869 301
709 227 869 934
709 228 869 432
712 229 869 1226
715 232 869 226
715 230 869 1195
715 231 869 15
726 233 869 1862
729 234 869 1160
729 235 869 147
732 236 869 1307
733 237 869 521
734 238 869 840
737 239 869 1276
743 240 869 1655
744 241 869 760
747 242 869 1212
748 243 869 868
748 244 869 233
748 245 869 194
749 246 869 849
752 247 869 1147
758 250 869 315
758 249 869 364
758 248 869 1615
760 251 869 1109
760 252 869 88
766 253 869 1623
769 254 869 1232
777 255 869 1793
787 256 869 1847
792 258 869 407
792 257 869 1514
800 259 869 1769
800 260 869 268
806 261 869 1612
816 262 869 1831
817 263 869 675
823 264 869 1672
826 265 869 1290
828 269 869 172
828 268 869 294
828 267 869 433
828 266 869 979
829 270 869 687
830 271 869 795
838 272 869 1758
846 273 869 1769
851 274 869 1598
861 275 869 1850
868 277 869 22
868 276 869 1719
874 278 869 1640
876 279 869 935
876 280 869 314
878 281 869 1079
881 282 869 1243
881 283 869 68
883 284 869 910
883 285 869 85
893 286 869 1851
894 287 869 528
895 288 869 630
898 289 869 1291
898 290 869 224
905 291 869 1718
905 292 869 114
907 293 869 995
909 294 869 1007
909 295 869 42
910 296 869 853
911 297 869 536
913 298 869 1120
915 299 869 868
917 300 869 1139
917 301 869 416
918 302 869 852
922 303 869 1443
927 304 869 1601
931 305 869 1445
934 306 869 1276
