3 0 645 1273
4 1 645 761
8 2 645 1409
14 3 645 1658
15 4 645 733
19 5 645 1349
19 6 645 370
19 7 645 424
20 10 645 170
20 8 645 761
20 9 645 269
28 11 645 1787
32 12 645 1393
35 13 645 1166
38 14 645 1153
41 16 645 394
41 15 645 1248
43 17 645 1062
45 18 645 980
50 19 645 1571
52 20 645 1123
52 21 645 460
56 22 645 1425
56 23 645 351
60 24 645 1475
60 25 645 7
61 26 645 862
64 27 645 1156
72 28 645 1768
72 29 645 162
73 30 645 606
75 31 645 1056
80 32 645 1595
81 33 645 737
85 34 645 1411
86 35 645 817
90 36 645 1390
93 37 645 1152
102 38 645 1828
110 39 645 1788
112 40 645 969
116 41 645 1491
117 42 645 609
117 43 645 431
117 44 645 251
118 45 645 500
119 46 645 861
122 47 645 1251
122 48 645 432
125 49 645 1289
127 50 645 904
130 51 645 1201
131 52 645 826
131 53 645 392
131 54 645 254
132 55 645 813
135 56 645 1261
137 57 645 1057
137 58 645 183
138 59 645 725
138 60 645 486
140 61 645 1139
141 62 645 580
142 63 645 599
147 64 645 1587
149 66 645 191
149 65 645 1039
150 67 645 655
156 68 645 1680
156 69 645 335
164 70 645 1782
167 71 645 1167
170 72 645 1158
172 73 645 1117
173 74 645 602
178 75 645 1556
186 76 645 1776
188 77 645 993
188 78 645 100
190 79 645 974
192 80 645 1070
197 81 645 1536
198 82 645 723
198 83 645 479
201 84 645 1182
204 86 645 229
204 85 645 1329
207 87 645 1202
207 88 645 482
208 89 645 597
212 90 645 1481
212 91 645 333
214 92 645 968
216 93 645 1103
219 94 645 1301
227 95 645 1754
229 97 645 9
229 96 645 911
230 98 645 768
232 99 645 1136
232 100 645 308
232 101 645 205
237 102 645 1496
237 103 645 96
241 104 645 1432
247 106 645 43
247 105 645 1662
253 107 645 1634
260 108 645 1715
261 109 645 623
263 110 645 962
263 111 645 267
265 112 645 956
267 113 645 1134
272 114 645 1579
274 117 645 101
274 115 645 875
274 116 645 416
277 118 645 1342
277 119 645 257
278 120 645 809
280 121 645 914
280 122 645 173
282 123 645 1082
283 124 645 779
287 127 645 55
287 126 645 198
287 125 645 1448
294 128 645 1741
295 129 645 772
296 130 645 645
304 131 645 1766
304 132 645 225
306 133 645 888
307 134 645 665
308 136 645 39
308 135 645 864
309 137 645 626
311 138 645 972
315 139 645 1445
318 140 645 1286
319 141 645 520
323 142 645 1412
331 143 645 1784
336 144 645 1559
339 145 645 1214
342 146 645 1302
350 147 645 1759
354 148 645 1448
354 149 645 426
357 150 645 1338
358 151 645 809
359 152 645 592
360 154 645 327
360 153 645 510
363 155 645 1319
363 156 645 32
363 157 645 413
366 158 645 1242
381 159 645 1908
385 160 645 1463
401 161 645 1912
410 162 645 1818
412 163 645 942
426 164 645 1902
428 165 645 1120
428 166 645 41
428 167 645 67
428 168 645 468
429 169 645 714
430 170 645 835
437 171 645 1714
439 172 645 1054
448 173 645 1821
450 174 645 895
450 175 645 289
454 176 645 1427
454 177 645 313
458 178 645 1447
462 179 645 1490
462 180 645 145
462 181 645 364
463 182 645 532
466 183 645 1314
470 184 645 1359
478 185 645 1760
481 186 645 1174
487 187 645 1639
488 188 645 561
491 189 645 1270
492 190 645 831
497 191 645 1551
500 192 645 1309
502 193 645 988
517 194 645 1906
520 195 645 1299
521 196 645 627
521 197 645 469
530 198 645 1806
530 199 645 439
533 200 645 1172
536 201 645 1234
539 202 645 1290
540 203 645 733
545 204 645 1515
550 205 645 1549
556 206 645 1680
557 207 645 695
562 208 645 1539
562 209 645 38
571 210 645 1817
577 211 645 1644
579 212 645 891
585 213 645 1677
593 214 645 1762
595 215 645 1099
599 216 645 1379
600 217 645 503
605 218 645 1508
605 219 645 142
616 221 645 327
616 220 645 1870
620 222 645 1431
622 223 645 1123
631 224 645 1807
634 225 645 1209
634 226 645 404
634 227 645 66
644 228 645 1840
649 229 645 1521
654 230 645 1586
656 231 645 957
656 232 645 431
658 233 645 1008
658 234 645 318
659 235 645 836
661 236 645 999
668 237 645 1724
675 238 645 1724
682 242 645 99
682 241 645 479
682 239 645 1734
682 240 645 80
683 243 645 523
687 244 645 1378
689 245 645 1112
690 246 645 659
695 247 645 1556
698 248 645 1150
699 249 645 806
709 250 645 1844
709 251 645 124
711 252 645 886
717 253 645 1664
717 254 645 493
718 255 645 844
725 256 645 1728
725 257 645 167
726 259 645 306
726 258 645 850
729 260 645 1144
735 261 645 1614
736 262 645 779
736 263 645 18
736 264 645 376
737 265 645 859
740 266 645 1212
749 267 645 1807
753 268 645 1359
755 269 645 926
755 270 645 100
760 271 645 1580
761 272 645 704
768 273 645 1698
768 274 645 61
772 275 645 1391
772 276 645 227
774 277 645 907
780 278 645 1669
781 279 645 695
782 280 645 549
783 281 645 772
784 282 645 840
786 283 645 1034
791 284 645 1601
795 285 645 1462
795 286 645 71
796 287 645 692
797 288 645 515
801 289 645 1398
803 290 645 1032
804 291 645 832
806 292 645 873
810 293 645 1417
811 294 645 590
811 295 645 390
817 298 645 147
817 297 645 81
817 296 645 1625
818 299 645 518
827 300 645 1825
828 301 645 777
828 302 645 197
828 303 645 223
829 304 645 705
829 305 645 264
832 306 645 1345
