0 0 1212 225
1 1 1212 528
7 2 1212 1673
14 3 1212 1700
14 4 1212 74
16 5 1212 1075
17 6 1212 784
18 7 1212 606
20 8 1212 944
21 9 1212 615
21 10 1212 380
22 11 1212 573
23 12 1212 515
31 13 1212 1773
38 14 1212 1694
38 15 1212 251
42 16 1212 1457
57 17 1212 1904
59 18 1212 1019
63 19 1212 1392
63 20 1212 450
66 21 1212 1149
68 22 1212 1134
71 23 1212 1208
73 24 1212 1090
73 25 1212 174
78 26 1212 1498
79 27 1212 749
80 28 1212 631
80 29 1212 498
81 30 1212 561
81 31 1212 35
83 32 1212 1106
96 33 1212 1887
98 34 1212 911
109 35 1212 1856
113 37 1212 137
113 36 1212 1404
114 38 1212 506
116 39 1212 992
116 40 1212 74
127 41 1212 1865
127 42 1212 381
133 43 1212 1676
139 44 1212 1633
141 45 1212 992
143 46 1212 885
146 47 1212 1222
150 48 1212 1367
151 49 1212 706
156 50 1212 1573
168 51 1212 1876
170 52 1212 1024
171 53 1212 580
173 54 1212 962
175 55 1212 1001
178 56 1212 1319
178 57 1212 465
179 58 1212 610
188 59 1212 1825
193 60 1212 1502
193 61 1212 34
207 62 1212 1900
207 63 1212 446
207 64 1212 53
207 65 1212 345
211 66 1212 1391
212 67 1212 552
213 68 1212 861
221 69 1212 1763
222 70 1212 771
225 71 1212 1319
229 73 1212 27
229 72 1212 1397
232 74 1212 1317
233 75 1212 510
234 76 1212 767
238 77 1212 1383
243 78 1212 1499
243 79 1212 97
246 80 1212 1214
246 81 1212 276
249 82 1212 1306
259 83 1212 1849
260 84 1212 849
261 85 1212 610
263 86 1212 935
264 87 1212 525
266 88 1212 925
276 89 1212 1835
277 90 1212 537
279 91 1212 939
283 92 1212 1452
284 93 1212 606
288 95 1212 39
288 94 1212 1415
301 96 1212 1889
312 97 1212 1860
318 98 1212 1622
321 99 1212 1287
326 100 1212 1526
326 101 1212 332
326 102 1212 360
331 103 1212 1529
342 106 1212 478
342 104 1212 1860
342 105 1212 253
344 107 1212 996
347 108 1212 1188
347 109 1212 451
347 110 1212 233
358 111 1212 1860
360 112 1212 890
361 113 1212 512
362 114 1212 610
365 115 1212 1226
366 116 1212 653
366 117 1212 50
371 118 1212 1521
375 119 1212 1367
378 120 1212 1334
379 121 1212 865
384 122 1212 1551
386 123 1212 951
389 124 1212 1226
397 125 1212 1756
405 126 1212 1792
406 127 1212 791
407 128 1212 537
410 129 1212 1277
411 130 1212 545
412 131 1212 832
418 134 1212 496
418 132 1212 1685
418 133 1212 212
420 135 1212 881
430 136 1212 1840
437 137 1212 1702
454 138 1212 1913
455 139 1212 596
455 140 1212 132
466 141 1212 1864
469 142 1212 1262
469 143 1212 474
474 144 1212 1602
475 145 1212 601
475 146 1212 49
477 147 1212 940
497 148 1212 1920
497 149 1212 188
500 150 1212 1311
510 152 1212 339
510 153 1212 254
510 151 1212 1838
522 154 1212 1878
523 155 1212 660
524 156 1212 705
527 157 1212 1334
527 158 1212 303
527 159 1212 104
527 160 1212 386
533 162 1212 458
533 161 1212 1611
543 163 1212 1835
553 164 1212 1830
556 165 1212 1325
556 166 1212 175
557 167 1212 678
557 168 1212 15
563 169 1212 1653
566 170 1212 1310
568 171 1212 875
568 172 1212 62
570 173 1212 925
573 174 1212 1235
577 175 1212 1395
582 176 1212 1528
584 177 1212 1077
587 178 1212 1273
588 179 1212 624
595 180 1212 1707
596 181 1212 852
597 182 1212 795
597 183 1212 348
610 184 1212 1891
611 185 1212 632
611 186 1212 493
615 187 1212 1430
615 188 1212 258
623 190 1212 175
623 189 1212 1761
624 191 1212 506
628 192 1212 1399
637 193 1212 1809
637 194 1212 209
637 195 1212 445
641 196 1212 1405
645 197 1212 1352
646 200 1212 426
646 198 1212 569
646 199 1212 276
649 201 1212 1295
651 202 1212 924
651 203 1212 266
652 204 1212 803
652 205 1212 435
660 206 1212 1776
663 207 1212 1339
665 209 1212 483
665 208 1212 944
667 210 1212 1057
672 211 1212 1553
672 212 1212 60
677 213 1212 1603
677 214 1212 322
681 215 1212 1459
682 217 1212 110
682 216 1212 816
693 218 1212 1868
696 219 1212 1198
697 220 1212 832
698 221 1212 669
698 222 1212 419
698 223 1212 179
702 224 1212 1478
703 225 1212 804
707 227 1212 178
707 226 1212 1401
708 228 1212 715
709 229 1212 790
726 230 1212 1914
726 231 1212 175
727 232 1212 508
729 233 1212 996
729 234 1212 198
729 235 1212 411
739 236 1212 1852
740 237 1212 528
744 238 1212 1470
748 239 1212 1455
749 240 1212 780
751 241 1212 1078
751 242 1212 486
758 243 1212 1700
759 244 1212 703
760 245 1212 547
760 246 1212 445
767 247 1212 1720
771 248 1212 1486
772 249 1212 675
777 250 1212 1553
780 251 1212 1295
784 252 1212 1408
787 253 1212 1295
791 254 1212 1369
797 255 1212 1681
799 256 1212 876
800 257 1212 744
801 258 1212 713
825 259 1212 1923
827 260 1212 958
832 261 1212 1598
833 262 1212 624
833 263 1212 154
833 264 1212 493
835 265 1212 881
837 266 1212 1045
839 267 1212 989
843 268 1212 1405
853 269 1212 1836
858 270 1212 1531
858 271 1212 287
859 272 1212 564
859 273 1212 413
859 274 1212 417
865 276 1212 183
865 275 1212 1678
866 277 1212 644
870 278 1212 1400
872 279 1212 930
872 280 1212 359
877 281 1212 1606
878 282 1212 616
878 283 1212 39
881 284 1212 1161
882 285 1212 619
883 286 1212 692
885 287 1212 1137
890 288 1212 1552
890 289 1212 441
894 290 1212 1460
896 291 1212 1107
903 292 1212 1739
907 293 1212 1471
907 294 1212 496
909 297 1212 332
909 295 1212 1107
909 296 1212 454
912 298 1212 1207
919 299 1212 1746
923 300 1212 1426
927 301 1212 1381
927 302 1212 315
932 303 1212 1575
934 304 1212 1068
937 305 1212 1266
938 306 1212 730
