2 0 438 1118
7 1 438 1516
10 2 438 1154
10 3 438 231
10 4 438 187
11 5 438 855
16 6 438 1603
20 7 438 1492
35 8 438 1907
36 9 438 520
41 10 438 1507
50 11 438 1824
50 12 438 122
54 13 438 1429
62 14 438 1760
63 15 438 562
64 16 438 737
68 17 438 1409
69 18 438 621
72 19 438 1144
72 20 438 82
75 21 438 1164
83 22 438 1787
83 23 438 384
88 27 438 0
88 26 438 231
88 24 438 1511
88 25 438 343
99 28 438 1854
100 29 438 534
100 30 438 397
105 31 438 1496
105 32 438 456
106 33 438 613
112 35 438 215
112 36 438 35
112 34 438 1624
113 37 438 534
120 38 438 1689
121 39 438 753
126 40 438 1590
134 41 438 1762
135 42 438 658
139 43 438 1422
140 45 438 425
140 44 438 675
142 46 438 1123
148 47 438 1658
149 48 438 805
151 49 438 1006
152 50 438 564
157 51 438 1504
161 52 438 1383
169 53 438 1758
174 54 438 1546
186 55 438 1878
192 56 438 1653
193 57 438 769
194 58 438 645
202 59 438 1769
203 60 438 624
208 61 438 1602
213 62 438 1563
217 65 438 10
217 63 438 1372
217 64 438 123
221 66 438 1367
225 67 438 1434
232 68 438 1730
237 69 438 1545
238 70 438 526
238 71 438 203
244 72 438 1645
252 73 438 1793
256 75 438 245
256 74 438 1479
257 76 438 506
257 77 438 364
263 78 438 1633
265 79 438 1085
268 80 438 1145
268 81 438 497
270 82 438 1120
271 83 438 847
284 84 438 1894
285 85 438 818
285 86 438 113
286 87 438 623
288 88 438 991
294 89 438 1670
294 90 438 486
297 91 438 1190
306 92 438 1814
316 94 438 129
316 93 438 1845
332 95 438 1913
332 96 438 199
335 97 438 1210
338 98 438 1299
339 99 438 665
341 100 438 983
347 101 438 1613
357 102 438 1853
360 105 438 361
360 103 438 1185
360 104 438 479
368 106 438 1783
373 107 438 1514
373 108 438 278
376 109 438 1301
380 110 438 1372
383 111 438 1289
385 112 438 1061
389 113 438 1484
390 114 438 624
390 115 438 126
390 116 438 481
391 117 438 715
395 118 438 1403
398 119 438 1230
407 120 438 1821
408 123 438 59
408 122 438 443
408 121 438 743
410 124 438 1058
413 125 438 1260
413 126 438 313
420 127 438 1725
426 128 438 1664
430 129 438 1491
430 130 438 45
433 131 438 1220
435 132 438 990
437 133 438 967
437 134 438 102
441 135 438 1456
442 136 438 569
453 137 438 1860
453 138 438 368
458 139 438 1533
460 140 438 959
461 141 438 523
461 142 438 344
467 143 438 1614
467 144 438 298
469 145 438 1122
469 146 438 129
469 147 438 329
472 148 438 1220
472 149 438 2
476 150 438 1431
480 151 438 1408
487 153 438 69
487 152 438 1732
488 154 438 769
488 155 438 239
491 156 438 1170
499 157 438 1793
499 158 438 126
502 159 438 1144
502 160 438 47
502 161 438 58
510 162 438 1775
511 163 438 712
514 164 438 1255
514 165 438 151
514 166 438 298
514 167 438 93
518 168 438 1382
520 169 438 1092
524 170 438 1482
525 172 438 347
525 171 438 546
533 173 438 1794
533 174 438 270
536 175 438 1297
536 176 438 399
537 177 438 753
543 178 438 1686
554 179 438 1860
556 180 438 1130
571 181 438 1908
572 182 438 504
578 183 438 1661
578 184 438 59
579 185 438 561
583 186 438 1413
585 187 438 921
585 188 438 198
593 190 438 285
593 189 438 1788
594 191 438 700
601 192 438 1733
604 193 438 1148
608 194 438 1486
610 195 438 900
611 196 438 673
616 198 438 359
616 199 438 146
616 197 438 1557
617 200 438 824
617 201 438 36
619 202 438 872
619 203 438 127
619 204 438 445
621 205 438 884
623 206 438 1061
634 207 438 1862
641 208 438 1723
645 209 438 1396
653 210 438 1765
653 211 438 417
653 212 438 107
653 213 438 191
653 214 438 13
653 215 438 63
657 217 438 114
657 216 438 1479
658 218 438 652
659 219 438 693
660 220 438 662
663 221 438 1301
672 222 438 1819
677 223 438 1518
678 224 438 806
679 225 438 781
680 226 438 738
682 227 438 1123
682 228 438 308
685 229 438 1294
686 230 438 624
687 231 438 766
687 232 438 394
692 233 438 1539
694 234 438 1036
696 235 438 1094
698 236 438 1036
698 237 438 376
701 238 438 1216
703 239 438 1100
707 240 438 1425
711 241 438 1476
713 242 438 1123
714 243 438 727
714 244 438 23
722 245 438 1793
723 246 438 592
728 247 438 1541
730 248 438 1135
734 249 438 1423
738 250 438 1346
739 251 438 559
741 252 438 904
746 253 438 1590
750 254 438 1409
754 256 438 142
754 255 438 1447
757 257 438 1278
760 258 438 1245
765 259 438 1588
765 260 438 146
776 261 438 1863
781 262 438 1554
781 263 438 428
782 264 438 772
784 267 438 493
784 265 438 998
784 266 438 22
786 268 438 1080
787 269 438 844
789 270 438 952
791 271 438 1103
792 272 438 822
796 273 438 1477
799 274 438 1193
801 276 438 178
801 275 438 1111
803 277 438 1091
808 278 438 1495
810 279 438 938
810 280 438 189
812 281 438 1121
828 282 438 1912
829 283 438 810
841 285 438 65
841 284 438 1873
849 286 438 1787
850 287 438 729
850 288 438 130
855 289 438 1513
857 290 438 952
863 291 438 1682
865 292 438 1055
870 293 438 1552
872 294 438 953
876 295 438 1486
886 296 438 1847
887 297 438 694
899 298 438 1880
901 299 438 949
909 304 438 471
909 303 438 291
909 305 438 243
909 301 438 98
909 300 438 1771
909 302 438 461
915 306 438 1661
