0 0 1503 162
4 1 1503 1425
8 2 1503 1370
13 3 1503 1588
16 4 1503 1298
16 5 1503 230
17 6 1503 662
19 7 1503 1098
21 8 1503 936
26 9 1503 1584
31 10 1503 1534
31 11 1503 243
31 12 1503 221
31 13 1503 226
36 14 1503 1525
39 15 1503 1223
40 16 1503 534
41 17 1503 744
56 18 1503 1904
61 19 1503 1545
66 20 1503 1521
66 21 1503 91
73 22 1503 1703
75 23 1503 1129
76 24 1503 662
81 25 1503 1582
81 26 1503 471
83 28 1503 216
83 27 1503 1089
96 29 1503 1887
96 30 1503 243
102 31 1503 1631
102 32 1503 388
102 33 1503 386
110 34 1503 1753
110 35 1503 344
110 36 1503 345
111 37 1503 669
113 38 1503 1095
113 39 1503 117
113 40 1503 481
118 41 1503 1500
119 42 1503 569
128 43 1503 1814
133 44 1503 1587
133 45 1503 215
143 46 1503 1829
145 47 1503 986
147 48 1503 991
151 49 1503 1416
152 50 1503 571
152 51 1503 308
152 52 1503 30
160 53 1503 1789
160 54 1503 416
160 55 1503 70
166 57 1503 240
166 56 1503 1647
168 58 1503 926
174 59 1503 1641
180 60 1503 1683
185 61 1503 1498
187 62 1503 881
189 63 1503 973
192 64 1503 1341
201 65 1503 1827
209 66 1503 1780
217 67 1503 1759
217 68 1503 398
220 69 1503 1181
222 70 1503 877
230 71 1503 1789
235 72 1503 1574
243 73 1503 1787
245 74 1503 1063
245 75 1503 21
249 76 1503 1447
258 77 1503 1814
262 78 1503 1467
262 79 1503 446
268 80 1503 1677
272 81 1503 1410
272 82 1503 98
273 83 1503 725
276 84 1503 1316
287 85 1503 1860
292 86 1503 1601
293 87 1503 523
306 88 1503 1895
312 89 1503 1683
313 90 1503 622
313 91 1503 105
319 92 1503 1668
323 93 1503 1379
323 94 1503 358
325 95 1503 908
326 96 1503 618
331 97 1503 1520
331 98 1503 473
337 99 1503 1685
337 100 1503 360
337 101 1503 70
338 102 1503 588
345 103 1503 1734
346 104 1503 538
347 105 1503 707
348 106 1503 658
348 107 1503 167
349 108 1503 726
349 109 1503 395
350 110 1503 548
358 111 1503 1757
359 112 1503 698
359 113 1503 479
372 115 1503 273
372 114 1503 1888
376 116 1503 1399
376 117 1503 156
381 118 1503 1582
385 119 1503 1405
385 120 1503 225
388 121 1503 1257
396 122 1503 1788
397 123 1503 639
398 124 1503 559
399 125 1503 772
399 126 1503 120
399 127 1503 195
403 128 1503 1428
403 129 1503 154
406 130 1503 1327
416 131 1503 1851
419 132 1503 1341
426 134 1503 86
426 133 1503 1706
432 135 1503 1607
433 136 1503 821
433 137 1503 288
433 138 1503 186
434 139 1503 609
437 140 1503 1201
441 141 1503 1433
448 142 1503 1722
453 143 1503 1500
455 144 1503 1135
456 145 1503 789
459 146 1503 1331
462 147 1503 1189
466 148 1503 1415
466 149 1503 84
470 151 1503 462
470 150 1503 1434
481 152 1503 1863
483 153 1503 992
487 154 1503 1459
489 155 1503 1027
489 156 1503 206
501 157 1503 1873
504 158 1503 1175
511 159 1503 1690
512 160 1503 586
512 161 1503 462
513 162 1503 664
514 163 1503 571
516 164 1503 992
517 165 1503 621
517 166 1503 416
519 167 1503 916
519 168 1503 393
519 169 1503 281
523 170 1503 1377
525 171 1503 1110
538 172 1503 1894
540 174 1503 203
540 173 1503 973
541 175 1503 717
545 176 1503 1460
545 177 1503 288
549 178 1503 1429
556 179 1503 1694
560 180 1503 1366
561 181 1503 856
562 182 1503 705
565 183 1503 1344
566 184 1503 645
567 185 1503 865
583 186 1503 1913
583 187 1503 348
583 188 1503 247
585 189 1503 983
589 190 1503 1400
591 191 1503 872
593 194 1503 22
593 192 1503 1038
593 193 1503 420
594 195 1503 739
595 196 1503 769
598 197 1503 1150
599 198 1503 507
600 199 1503 513
600 200 1503 372
600 201 1503 414
601 202 1503 796
603 203 1503 1133
604 204 1503 632
604 205 1503 323
604 206 1503 493
606 207 1503 889
607 208 1503 788
608 209 1503 741
612 210 1503 1492
622 212 1503 443
622 211 1503 1842
626 213 1503 1406
626 214 1503 324
632 215 1503 1654
638 216 1503 1682
641 217 1503 1245
651 218 1503 1850
651 219 1503 127
652 220 1503 633
652 221 1503 67
653 222 1503 668
656 223 1503 1334
657 224 1503 805
658 225 1503 504
658 226 1503 72
662 227 1503 1473
664 228 1503 950
668 229 1503 1389
680 231 1503 309
680 230 1503 1872
687 232 1503 1705
689 233 1503 916
692 234 1503 1321
694 235 1503 951
694 236 1503 60
699 237 1503 1497
700 239 1503 322
700 240 1503 372
700 238 1503 712
702 241 1503 1023
706 242 1503 1485
710 243 1503 1431
714 244 1503 1415
718 245 1503 1483
718 246 1503 429
723 248 1503 96
723 247 1503 1556
723 249 1503 293
725 250 1503 982
729 251 1503 1449
732 252 1503 1225
732 253 1503 380
741 254 1503 1804
741 255 1503 305
747 256 1503 1670
751 260 1503 250
751 259 1503 127
751 257 1503 1386
751 258 1503 327
753 261 1503 944
764 262 1503 1863
767 263 1503 1323
768 264 1503 793
771 265 1503 1183
771 266 1503 137
775 267 1503 1452
775 268 1503 84
778 269 1503 1297
783 270 1503 1593
783 271 1503 184
784 272 1503 532
789 273 1503 1528
795 274 1503 1679
800 275 1503 1535
801 276 1503 507
804 277 1503 1162
814 278 1503 1843
817 279 1503 1247
817 280 1503 75
817 281 1503 440
821 282 1503 1377
822 283 1503 657
822 284 1503 407
822 285 1503 423
824 286 1503 1009
827 287 1503 1324
829 288 1503 1037
831 289 1503 1016
834 290 1503 1206
835 291 1503 598
838 292 1503 1169
839 293 1503 584
839 294 1503 71
843 295 1503 1352
845 297 1503 161
845 296 1503 1084
846 298 1503 637
846 299 1503 232
850 300 1503 1345
852 301 1503 902
856 302 1503 1472
857 303 1503 723
858 304 1503 624
859 305 1503 797
861 306 1503 916
