0 0 98 453
7 1 98 1744
7 2 98 151
8 3 98 631
9 4 98 807
15 5 98 1612
17 6 98 941
20 7 98 1244
23 9 98 325
23 8 98 1179
25 10 98 1069
25 11 98 239
25 12 98 241
25 13 98 269
25 14 98 289
32 20 98 182
32 19 98 322
32 18 98 203
32 16 98 95
32 15 98 1728
32 17 98 102
34 21 98 961
35 22 98 589
38 23 98 1206
45 24 98 1743
45 25 98 375
46 26 98 726
51 27 98 1570
56 28 98 1597
57 29 98 583
59 30 98 1089
64 31 98 1600
74 32 98 1833
77 33 98 1211
79 34 98 928
80 35 98 640
94 36 98 1896
100 37 98 1661
101 38 98 799
104 39 98 1324
106 40 98 882
110 41 98 1436
110 42 98 286
114 43 98 1346
122 44 98 1780
122 45 98 177
124 47 98 115
124 46 98 1046
133 48 98 1797
135 49 98 886
136 50 98 851
136 51 98 184
136 52 98 186
137 53 98 774
141 54 98 1373
145 55 98 1416
148 56 98 1155
150 57 98 870
151 58 98 813
151 59 98 432
153 60 98 886
156 61 98 1295
161 62 98 1571
162 63 98 596
165 64 98 1161
169 66 98 331
169 65 98 1394
171 67 98 955
174 68 98 1266
179 69 98 1573
187 70 98 1756
187 71 98 358
190 72 98 1228
191 73 98 804
195 74 98 1365
196 75 98 670
197 76 98 675
200 77 98 1167
204 78 98 1350
209 79 98 1566
212 80 98 1253
213 81 98 610
220 82 98 1698
221 83 98 711
227 84 98 1656
229 85 98 904
233 86 98 1413
235 87 98 1058
243 88 98 1763
247 89 98 1436
251 90 98 1409
253 91 98 1025
254 92 98 848
254 93 98 367
254 94 98 438
259 95 98 1511
267 96 98 1790
273 97 98 1614
273 98 98 185
273 99 98 386
281 100 98 1771
281 101 98 91
282 102 98 773
282 103 98 223
284 105 98 493
284 104 98 1055
286 106 98 881
289 107 98 1307
292 108 98 1334
293 109 98 702
294 110 98 741
310 111 98 1913
314 112 98 1444
317 113 98 1172
319 115 98 275
319 114 98 1103
324 116 98 1522
325 117 98 860
326 118 98 865
326 119 98 257
341 120 98 1905
344 121 98 1197
346 122 98 1117
354 124 98 163
354 123 98 1755
355 125 98 731
359 126 98 1435
360 127 98 860
360 128 98 365
368 129 98 1778
369 130 98 805
371 131 98 985
373 132 98 982
375 133 98 964
382 134 98 1719
385 135 98 1162
393 136 98 1762
397 137 98 1475
402 138 98 1580
405 139 98 1163
405 140 98 22
405 141 98 106
411 142 98 1649
413 143 98 1060
414 144 98 695
418 145 98 1421
423 146 98 1505
428 147 98 1601
431 148 98 1188
431 149 98 163
448 150 98 1914
450 151 98 930
451 152 98 749
461 154 98 405
461 153 98 1853
462 155 98 574
464 156 98 899
466 157 98 943
466 158 98 59
466 159 98 323
468 160 98 982
468 161 98 20
470 162 98 942
474 163 98 1481
483 164 98 1822
489 165 98 1680
491 166 98 931
491 167 98 480
495 168 98 1377
506 169 98 1865
506 170 98 438
506 171 98 46
509 172 98 1204
515 174 98 234
515 173 98 1626
524 175 98 1799
528 176 98 1472
528 177 98 56
530 178 98 1060
531 179 98 666
534 180 98 1150
542 181 98 1758
547 183 98 202
547 182 98 1597
555 184 98 1788
564 185 98 1800
564 186 98 236
566 187 98 1053
567 188 98 558
570 190 98 263
570 189 98 1145
571 191 98 818
575 192 98 1415
578 193 98 1257
578 194 98 180
578 195 98 1
580 196 98 1088
580 197 98 168
583 198 98 1163
585 199 98 939
585 200 98 490
587 202 98 223
587 201 98 1025
590 203 98 1247
596 204 98 1649
607 205 98 1867
613 206 98 1650
615 207 98 1047
621 208 98 1618
622 209 98 531
624 210 98 1026
625 211 98 842
634 212 98 1808
637 213 98 1317
639 214 98 1098
642 215 98 1149
642 216 98 348
643 217 98 740
649 218 98 1617
649 219 98 22
653 220 98 1444
662 221 98 1802
672 222 98 1846
672 223 98 231
677 224 98 1602
682 225 98 1545
683 226 98 556
694 227 98 1872
698 228 98 1446
698 229 98 232
699 230 98 710
702 231 98 1304
703 232 98 817
703 233 98 120
703 234 98 176
703 235 98 125
708 236 98 1535
708 237 98 349
708 238 98 477
718 240 98 149
718 239 98 1845
720 241 98 1113
724 242 98 1360
724 243 98 26
724 244 98 119
728 245 98 1345
730 246 98 934
730 247 98 97
730 248 98 158
732 249 98 956
737 250 98 1577
737 251 98 348
737 252 98 475
739 253 98 1141
743 254 98 1420
744 255 98 613
746 256 98 1103
764 257 98 1917
769 259 98 104
769 258 98 1570
772 260 98 1311
779 261 98 1703
784 262 98 1525
788 263 98 1385
795 264 98 1746
801 265 98 1646
801 266 98 25
807 267 98 1688
809 268 98 1141
811 269 98 973
816 270 98 1538
843 271 98 1924
843 272 98 263
850 273 98 1696
859 274 98 1797
859 275 98 330
859 276 98 442
868 279 98 256
868 277 98 1819
868 278 98 112
869 280 98 610
869 281 98 458
876 282 98 1713
876 283 98 490
877 285 98 361
877 284 98 579
878 286 98 829
883 287 98 1600
884 288 98 625
888 289 98 1487
890 290 98 946
895 291 98 1542
896 292 98 703
896 293 98 372
897 294 98 533
897 295 98 370
902 296 98 1512
916 299 98 398
916 297 98 1899
916 298 98 205
919 300 98 1320
922 301 98 1171
924 302 98 881
926 303 98 1110
929 304 98 1342
934 305 98 1578
934 306 98 85
