1 0 857 616
2 1 857 604
3 2 857 719
5 3 857 1061
12 4 857 1740
14 5 857 1110
14 6 857 312
16 7 857 930
17 9 857 354
17 8 857 845
22 10 857 1593
24 11 857 1139
24 12 857 268
25 13 857 542
28 14 857 1320
30 15 857 1070
33 16 857 1207
34 17 857 792
38 19 857 424
38 18 857 1486
42 20 857 1489
43 21 857 724
44 22 857 576
45 23 857 840
45 24 857 313
46 25 857 704
54 26 857 1774
55 28 857 83
55 27 857 544
63 29 857 1755
65 30 857 1064
71 31 857 1678
86 32 857 1907
90 33 857 1424
98 35 857 109
98 34 857 1753
109 36 857 1857
110 37 857 611
112 38 857 1014
112 39 857 276
113 40 857 519
116 41 857 1210
118 42 857 960
120 43 857 938
131 44 857 1864
131 45 857 365
133 46 857 1093
137 47 857 1437
139 48 857 923
141 49 857 1044
141 50 857 190
146 51 857 1523
149 52 857 1252
151 53 857 947
157 54 857 1610
166 56 857 27
166 55 857 1817
175 57 857 1803
176 58 857 747
178 59 857 1035
181 60 857 1260
188 61 857 1692
189 62 857 847
191 63 857 1015
194 64 857 1215
204 65 857 1839
207 66 857 1157
208 67 857 768
209 68 857 713
212 69 857 1211
214 70 857 1138
215 71 857 596
222 72 857 1702
225 73 857 1210
235 74 857 1829
235 75 857 278
242 76 857 1689
247 77 857 1563
249 78 857 901
261 79 857 1872
266 80 857 1536
266 81 857 336
271 82 857 1545
273 83 857 963
278 84 857 1565
282 86 857 426
282 85 857 1465
284 87 857 959
291 88 857 1739
302 89 857 1861
302 90 857 81
302 91 857 53
310 92 857 1788
325 93 857 1903
327 94 857 940
328 96 857 363
328 95 857 751
339 97 857 1870
345 98 857 1647
345 99 857 24
347 100 857 1133
347 101 857 325
348 102 857 724
354 103 857 1637
364 104 857 1830
369 105 857 1519
376 106 857 1746
376 107 857 42
378 108 857 1043
381 109 857 1331
381 110 857 127
381 111 857 389
383 112 857 902
384 113 857 800
388 114 857 1424
390 115 857 923
390 116 857 146
399 117 857 1808
403 118 857 1375
409 119 857 1675
413 120 857 1413
413 121 857 197
415 122 857 953
416 123 857 776
418 124 857 1130
420 125 857 1085
421 126 857 733
428 127 857 1723
428 128 857 269
430 129 857 1078
440 130 857 1839
447 131 857 1744
457 132 857 1841
459 133 857 876
460 134 857 739
463 135 857 1210
468 136 857 1537
478 137 857 1833
480 138 857 1058
480 139 857 45
486 140 857 1643
486 141 857 383
496 143 857 408
496 142 857 1841
503 144 857 1734
509 145 857 1617
511 146 857 1075
513 147 857 988
513 148 857 478
513 149 857 16
514 151 857 480
514 150 857 604
514 152 857 494
528 153 857 1896
529 154 857 536
531 155 857 936
534 156 857 1296
546 157 857 1872
547 158 857 506
548 159 857 745
549 160 857 785
549 161 857 22
556 162 857 1697
569 163 857 1889
573 164 857 1416
573 165 857 307
573 166 857 473
573 167 857 26
573 168 857 60
573 169 857 213
576 171 857 237
576 170 857 1311
577 172 857 750
580 173 857 1329
580 174 857 31
582 175 857 1029
582 176 857 280
583 177 857 545
585 178 857 966
589 180 857 9
589 179 857 1438
595 181 857 1669
598 182 857 1245
598 183 857 252
598 184 857 473
602 185 857 1359
605 186 857 1249
616 188 857 339
616 187 857 1869
623 189 857 1727
633 190 857 1839
638 191 857 1589
641 192 857 1327
641 193 857 312
644 194 857 1184
650 195 857 1621
651 196 857 611
663 197 857 1876
665 198 857 916
669 199 857 1426
672 200 857 1143
674 201 857 1049
676 202 857 927
676 203 857 265
677 204 857 630
677 205 857 367
683 206 857 1655
685 207 857 1090
696 208 857 1865
700 209 857 1432
701 210 857 655
702 211 857 751
704 212 857 906
706 213 857 993
707 214 857 736
709 215 857 1040
710 216 857 702
714 217 857 1445
718 219 857 56
718 218 857 1416
720 220 857 983
721 221 857 528
727 222 857 1611
727 223 857 258
727 224 857 299
733 225 857 1646
734 231 857 329
734 229 857 334
734 230 857 418
734 227 857 437
734 228 857 144
734 226 857 835
739 232 857 1553
743 233 857 1465
743 234 857 294
745 235 857 885
746 236 857 742
748 237 857 979
753 238 857 1547
753 239 857 106
759 240 857 1629
759 241 857 158
759 242 857 4
760 243 857 832
762 244 857 1072
764 245 857 1087
765 247 857 333
765 246 857 683
770 248 857 1501
770 249 857 143
772 250 857 919
774 251 857 1090
774 252 857 459
775 253 857 859
775 254 857 443
776 255 857 615
780 256 857 1362
781 257 857 669
794 258 857 1890
796 259 857 908
800 260 857 1456
803 261 857 1217
805 262 857 946
810 263 857 1530
812 265 857 326
812 264 857 1014
814 266 857 1123
818 267 857 1365
819 268 857 699
827 269 857 1775
827 270 857 298
833 271 857 1647
842 272 857 1823
845 273 857 1310
845 274 857 352
846 275 857 824
847 276 857 524
848 277 857 779
850 278 857 1110
852 279 857 1137
854 280 857 963
855 281 857 501
856 282 857 860
856 283 857 0
859 284 857 1340
862 285 857 1252
870 286 857 1794
871 287 857 693
873 288 857 1021
878 289 857 1603
882 290 857 1447
882 291 857 73
884 292 857 1014
885 293 857 638
886 294 857 574
886 295 857 411
888 297 857 398
888 296 857 1137
895 298 857 1743
896 299 857 746
909 300 857 1889
912 301 857 1242
917 302 857 1559
923 303 857 1650
931 304 857 1770
934 305 857 1197
937 306 857 1192
