0 0 176 71
1 1 176 687
3 2 176 951
4 3 176 588
5 4 176 552
6 5 176 775
7 6 176 756
10 7 176 1192
11 8 176 726
16 9 176 1517
18 10 176 1110
20 11 176 972
21 12 176 576
22 13 176 638
28 14 176 1621
29 15 176 747
29 16 176 327
30 17 176 525
34 18 176 1371
45 19 176 1871
46 20 176 830
47 21 176 845
52 22 176 1533
57 23 176 1526
58 24 176 857
66 25 176 1789
77 26 176 1869
85 27 176 1782
86 28 176 858
89 29 176 1172
90 30 176 586
96 31 176 1633
105 32 176 1827
108 33 176 1297
111 34 176 1157
113 35 176 983
117 36 176 1446
118 37 176 701
120 38 176 1033
120 39 176 463
120 40 176 348
125 41 176 1568
133 42 176 1774
135 43 176 960
135 44 176 150
137 46 176 280
137 45 176 1062
139 47 176 889
140 48 176 742
143 49 176 1155
143 50 176 171
147 51 176 1429
148 52 176 607
151 53 176 1250
163 54 176 1882
166 55 176 1151
168 56 176 1079
172 57 176 1350
178 58 176 1656
179 59 176 688
180 60 176 830
182 61 176 899
182 62 176 334
186 63 176 1478
188 64 176 930
192 65 176 1401
194 66 176 1070
197 67 176 1203
201 68 176 1406
202 69 176 638
205 70 176 1225
210 71 176 1551
214 72 176 1416
216 73 176 908
221 74 176 1522
224 75 176 1186
226 76 176 995
227 77 176 573
231 78 176 1375
238 79 176 1719
243 80 176 1508
245 81 176 980
247 82 176 1040
253 83 176 1627
255 84 176 1001
257 85 176 1081
259 86 176 1025
260 87 176 576
263 88 176 1340
263 89 176 6
273 90 176 1829
273 91 176 95
275 92 176 970
275 93 176 345
280 94 176 1557
284 95 176 1374
287 96 176 1234
287 97 176 295
287 98 176 29
288 99 176 673
306 100 176 1917
308 101 176 1002
312 102 176 1408
312 103 176 103
323 104 176 1854
324 105 176 544
324 106 176 13
330 107 176 1624
336 108 176 1652
337 109 176 695
337 110 176 155
338 111 176 505
352 112 176 1900
363 113 176 1861
365 114 176 1105
373 115 176 1775
381 116 176 1784
382 117 176 631
382 118 176 477
390 119 176 1774
390 120 176 375
390 121 176 493
398 122 176 1788
402 123 176 1399
403 124 176 734
405 125 176 1130
406 126 176 581
408 127 176 1071
411 128 176 1275
411 129 176 148
423 130 176 1877
424 131 176 700
425 132 176 543
426 133 176 701
433 134 176 1727
434 135 176 505
439 136 176 1496
441 137 176 936
448 138 176 1698
448 139 176 456
450 140 176 1068
453 141 176 1325
454 142 176 849
455 143 176 644
463 144 176 1776
466 145 176 1323
466 146 176 120
468 147 176 1033
471 148 176 1165
478 149 176 1706
483 150 176 1514
484 151 176 602
491 154 176 297
491 153 176 180
491 152 176 1743
495 155 176 1424
497 156 176 1139
497 157 176 8
500 158 176 1294
501 159 176 723
514 160 176 1888
515 161 176 866
515 162 176 349
520 163 176 1503
521 164 176 742
525 165 176 1380
538 166 176 1886
541 167 176 1198
541 168 176 134
542 169 176 599
542 170 176 279
543 171 176 847
544 173 176 21
544 172 176 858
545 174 176 705
547 175 176 975
552 176 176 1569
555 177 176 1143
560 178 176 1547
563 179 176 1335
565 180 176 1010
569 181 176 1472
579 182 176 1830
583 183 176 1493
584 184 176 559
587 185 176 1275
589 186 176 881
589 187 176 363
589 188 176 403
589 189 176 303
592 190 176 1291
596 191 176 1488
601 192 176 1566
603 193 176 974
603 194 176 493
603 195 176 201
605 196 176 976
608 197 176 1270
617 198 176 1826
617 199 176 396
621 200 176 1361
622 201 176 846
624 202 176 899
625 203 176 566
629 204 176 1427
630 205 176 667
636 206 176 1669
643 207 176 1722
647 208 176 1399
650 209 176 1247
658 210 176 1779
678 212 176 385
678 211 176 1920
690 213 176 1883
696 214 176 1638
696 215 176 415
698 216 176 961
699 217 176 780
701 218 176 944
705 219 176 1392
705 220 176 498
710 221 176 1523
711 222 176 794
719 223 176 1756
722 224 176 1232
723 225 176 715
726 226 176 1205
735 227 176 1809
739 228 176 1452
740 229 176 503
763 231 176 298
763 230 176 1923
766 232 176 1241
769 233 176 1151
783 234 176 1899
783 235 176 163
784 236 176 572
787 237 176 1264
787 238 176 65
796 239 176 1817
801 240 176 1531
803 241 176 1084
805 242 176 888
807 243 176 1081
807 244 176 448
810 245 176 1296
812 246 176 1102
818 247 176 1608
821 248 176 1260
821 249 176 77
824 253 176 434
824 252 176 325
824 250 176 1165
824 251 176 195
833 254 176 1822
841 255 176 1762
841 256 176 52
843 257 176 1068
846 258 176 1259
847 259 176 711
851 260 176 1386
859 261 176 1784
859 262 176 269
861 263 176 895
864 264 176 1249
868 265 176 1480
869 266 176 679
872 267 176 1159
887 268 176 1909
891 269 176 1474
899 270 176 1767
905 271 176 1621
906 272 176 714
908 273 176 1052
916 274 176 1786
919 275 176 1338
920 276 176 634
926 277 176 1638
929 278 176 1307
940 279 176 1861
945 280 176 1538
950 281 176 1522
951 282 176 548
955 283 176 1375
958 284 176 1263
965 285 176 1727
979 286 176 1898
980 287 176 807
983 290 176 111
983 288 176 1253
983 289 176 136
987 291 176 1429
987 292 176 5
990 293 176 1278
990 294 176 430
996 295 176 1671
997 296 176 815
1015 297 176 1917
1023 298 176 1756
1025 299 176 892
1026 300 176 616
1037 301 176 1868
1043 302 176 1624
1050 303 176 1711
1050 304 176 234
1054 305 176 1468
1058 306 176 1406
