0 0 318 266
0 1 318 60
1 2 318 708
3 3 318 1073
5 4 318 873
11 5 318 1658
11 6 318 188
16 8 318 396
16 7 318 1596
18 9 318 1061
20 10 318 1057
20 11 318 112
27 12 318 1711
33 13 318 1684
34 14 318 812
39 15 318 1528
53 16 318 1902
54 18 318 287
54 17 318 832
68 19 318 1896
73 20 318 1602
75 21 318 1137
75 22 318 273
78 23 318 1199
83 24 318 1566
87 25 318 1414
88 26 318 543
93 27 318 1548
97 28 318 1476
103 29 318 1650
104 30 318 720
116 31 318 1876
119 32 318 1298
122 33 318 1299
123 34 318 599
126 35 318 1207
128 36 318 974
131 37 318 1309
133 38 318 954
141 39 318 1777
142 40 318 744
143 41 318 562
147 42 318 1392
151 43 318 1444
154 44 318 1219
160 45 318 1639
161 46 318 817
165 47 318 1367
167 48 318 1019
169 49 318 958
171 50 318 973
172 51 318 665
172 52 318 245
180 53 318 1781
184 54 318 1429
186 55 318 1054
193 56 318 1712
197 57 318 1433
201 58 318 1432
205 59 318 1383
207 60 318 1114
208 61 318 564
208 62 318 119
209 63 318 671
209 64 318 341
211 65 318 1106
212 67 318 412
212 66 318 739
214 68 318 1084
219 69 318 1529
220 70 318 554
221 71 318 592
230 72 318 1802
230 73 318 434
233 74 318 1152
235 75 318 1039
241 76 318 1670
242 77 318 753
257 78 318 1904
267 79 318 1851
268 80 318 596
270 81 318 1101
271 82 318 528
272 83 318 517
273 85 318 55
273 84 318 676
279 86 318 1630
283 87 318 1441
291 88 318 1794
295 89 318 1470
299 90 318 1420
303 91 318 1465
312 92 318 1802
317 93 318 1495
318 96 318 443
318 95 318 179
318 94 318 663
319 97 318 721
321 98 318 1103
321 99 318 113
323 100 318 900
323 101 318 405
323 102 318 282
327 104 318 403
327 105 318 381
327 103 318 1414
328 106 318 787
335 107 318 1736
336 108 318 629
336 109 318 390
339 110 318 1308
341 111 318 958
345 112 318 1453
350 113 318 1505
351 116 318 35
351 114 318 787
351 115 318 13
356 117 318 1527
375 118 318 1919
375 119 318 285
379 120 318 1400
382 121 318 1222
383 122 318 543
388 123 318 1538
388 124 318 109
390 125 318 1014
391 126 318 714
391 127 318 307
398 128 318 1696
400 129 318 972
401 130 318 596
403 131 318 949
408 132 318 1575
416 133 318 1791
418 135 318 191
418 134 318 951
419 136 318 819
421 137 318 1039
421 138 318 113
421 139 318 295
424 140 318 1192
433 141 318 1819
434 142 318 811
438 143 318 1404
438 144 318 162
438 145 318 462
438 146 318 11
438 147 318 296
439 148 318 708
440 149 318 650
440 150 318 143
441 151 318 841
442 152 318 726
443 153 318 817
444 154 318 638
449 155 318 1602
457 156 318 1786
458 157 318 668
461 158 318 1305
464 159 318 1314
469 161 318 480
469 162 318 39
469 160 318 1591
474 163 318 1581
481 164 318 1718
481 165 318 359
484 166 318 1308
489 167 318 1587
490 168 318 554
491 169 318 595
493 170 318 1118
495 171 318 921
499 172 318 1413
505 173 318 1624
507 174 318 1018
512 175 318 1506
512 176 318 411
514 177 318 1064
518 178 318 1376
523 179 318 1572
525 181 318 418
525 180 318 1002
530 182 318 1523
532 183 318 1046
533 184 318 828
539 185 318 1680
539 186 318 222
540 187 318 757
543 188 318 1153
546 190 318 329
546 191 318 150
546 189 318 1274
552 192 318 1659
553 193 318 723
554 194 318 629
555 195 318 712
563 196 318 1779
566 197 318 1154
572 198 318 1610
579 199 318 1727
581 201 318 348
581 200 318 1078
587 202 318 1667
587 203 318 112
591 204 318 1456
594 205 318 1147
598 206 318 1352
600 207 318 1027
607 208 318 1724
609 209 318 1056
612 210 318 1191
613 211 318 722
616 212 318 1216
622 213 318 1658
622 214 318 312
625 215 318 1172
627 216 318 881
629 217 318 918
630 220 318 136
630 219 318 38
630 218 318 752
631 221 318 550
631 222 318 434
634 223 318 1204
634 224 318 265
636 225 318 967
639 226 318 1187
640 227 318 689
642 228 318 994
642 229 318 306
648 230 318 1652
651 231 318 1181
655 232 318 1378
660 233 318 1573
660 234 318 493
661 235 318 653
662 236 318 676
666 237 318 1410
671 238 318 1515
676 240 318 327
676 239 318 1606
678 241 318 1120
680 242 318 958
680 243 318 96
680 244 318 82
685 245 318 1532
686 246 318 859
686 247 318 1
686 248 318 411
690 249 318 1381
698 250 318 1755
699 251 318 860
699 252 318 401
704 253 318 1572
709 254 318 1591
710 255 318 528
720 256 318 1839
720 257 318 462
728 259 318 488
728 258 318 1772
740 260 318 1884
741 261 318 663
741 262 318 32
745 263 318 1418
748 264 318 1329
748 265 318 10
751 266 318 1268
756 267 318 1567
759 268 318 1164
764 269 318 1583
764 270 318 496
768 271 318 1395
771 272 318 1328
773 273 318 1071
779 274 318 1635
781 275 318 941
786 277 318 338
786 276 318 1517
788 278 318 1122
789 279 318 658
789 280 318 108
792 281 318 1186
792 282 318 278
797 283 318 1538
797 284 318 475
798 285 318 791
799 286 318 779
806 287 318 1731
821 288 318 1907
834 289 318 1890
835 290 318 739
835 291 318 213
840 292 318 1563
842 293 318 1026
848 294 318 1647
853 295 318 1589
855 296 318 1087
859 297 318 1465
860 298 318 691
860 299 318 72
860 300 318 263
863 301 318 1216
864 302 318 761
865 303 318 752
867 304 318 885
867 305 318 360
871 306 318 1457
