2 0 876 992
3 1 876 789
3 2 876 81
3 3 876 323
10 4 876 1732
13 5 876 1285
13 6 876 100
13 7 876 68
14 8 876 528
17 9 876 1184
20 10 876 1282
25 11 876 1528
26 12 876 866
27 13 876 788
28 14 876 741
36 15 876 1764
39 16 876 1267
42 17 876 1215
45 19 876 430
45 18 876 1177
52 20 876 1718
65 21 876 1890
67 22 876 1037
68 23 876 512
68 24 876 386
69 25 876 586
71 26 876 1105
73 27 876 944
76 28 876 1166
83 29 876 1690
102 30 876 1919
102 31 876 72
104 32 876 879
106 33 876 995
110 34 876 1416
111 35 876 770
114 36 876 1239
115 37 876 854
121 38 876 1609
125 39 876 1435
125 40 876 131
125 41 876 465
125 42 876 453
142 43 876 1916
143 44 876 601
145 47 876 447
145 46 876 221
145 45 876 942
147 48 876 978
150 49 876 1231
154 50 876 1348
158 51 876 1469
158 52 876 346
163 53 876 1555
163 54 876 83
165 55 876 1027
171 56 876 1677
175 57 876 1493
186 58 876 1861
189 59 876 1146
189 60 876 179
191 61 876 1080
192 62 876 827
193 63 876 763
196 64 876 1190
199 65 876 1210
200 66 876 649
209 67 876 1795
212 68 876 1297
226 69 876 1896
227 70 876 525
227 71 876 413
232 72 876 1531
238 73 876 1666
238 74 876 298
241 75 876 1253
245 76 876 1437
247 77 876 1045
257 78 876 1835
261 79 876 1368
261 80 876 365
262 81 876 658
275 82 876 1891
286 84 876 341
286 85 876 450
286 83 876 1859
292 86 876 1650
295 87 876 1249
297 88 876 912
297 89 876 388
299 90 876 1018
305 91 876 1670
307 93 876 462
307 92 876 918
310 94 876 1256
312 95 876 976
317 96 876 1562
323 97 876 1614
324 98 876 725
327 99 876 1316
327 100 876 293
327 101 876 350
329 102 876 1075
331 103 876 1007
332 104 876 706
334 105 876 935
345 106 876 1862
346 107 876 604
349 108 876 1256
350 109 876 755
355 110 876 1515
356 111 876 631
361 112 876 1583
361 113 876 492
362 114 876 780
366 115 876 1445
368 116 876 1114
370 117 876 892
370 118 876 421
371 119 876 739
375 120 876 1484
378 121 876 1325
380 122 876 883
382 123 876 908
384 124 876 878
385 125 876 779
389 126 876 1419
391 127 876 1069
391 128 876 410
394 129 876 1247
400 130 876 1615
407 131 876 1747
407 132 876 320
408 133 876 518
410 134 876 1075
410 135 876 14
415 136 876 1508
417 137 876 883
420 138 876 1153
423 139 876 1331
424 140 876 512
426 141 876 1046
444 143 876 156
444 142 876 1917
445 144 876 798
445 145 876 386
445 146 876 87
445 147 876 425
450 148 876 1606
457 149 876 1735
465 150 876 1786
466 151 876 670
469 152 876 1193
485 153 876 1910
493 154 876 1757
495 155 876 892
499 156 876 1391
499 157 876 166
499 158 876 129
509 159 876 1851
513 160 876 1440
514 163 876 8
514 162 876 193
514 161 876 793
516 164 876 1064
523 165 876 1692
523 166 876 311
525 167 876 1064
528 168 876 1341
529 169 876 766
540 170 876 1862
540 171 876 230
546 172 876 1664
548 173 876 1015
548 174 876 227
548 175 876 438
551 176 876 1332
552 177 876 726
552 178 876 109
552 179 876 491
553 180 876 692
555 181 876 994
559 182 876 1387
560 183 876 600
564 184 876 1385
566 185 876 945
567 186 876 553
567 187 876 334
568 188 876 685
568 189 876 182
569 190 876 548
572 191 876 1341
573 192 876 754
576 193 876 1226
585 194 876 1815
591 195 876 1643
592 196 876 852
608 197 876 1909
610 198 876 1017
612 200 876 75
612 199 876 1031
614 201 876 947
616 202 876 1008
617 203 876 840
626 204 876 1797
631 205 876 1556
633 206 876 931
633 207 876 178
639 208 876 1683
642 209 876 1319
646 210 876 1485
647 211 876 665
647 212 876 57
652 213 876 1562
655 214 876 1158
655 215 876 446
658 216 876 1331
663 217 876 1518
664 218 876 547
664 219 876 119
666 220 876 1139
680 221 876 1902
680 222 876 378
683 223 876 1159
683 224 876 217
684 225 876 521
688 226 876 1400
688 227 876 437
690 228 876 1124
691 229 876 508
696 230 876 1511
700 231 876 1348
706 232 876 1634
708 233 876 1003
708 234 876 415
714 235 876 1670
730 236 876 1910
731 237 876 546
732 238 876 727
740 241 876 374
740 240 876 14
740 239 876 1753
741 242 876 575
744 243 876 1291
745 244 876 622
754 245 876 1808
757 246 876 1284
759 247 876 1116
759 248 876 68
763 250 876 312
763 249 876 1369
766 251 876 1258
770 252 876 1361
772 253 876 898
781 254 876 1816
781 255 876 98
782 256 876 568
790 257 876 1774
791 258 876 622
794 261 876 493
794 259 876 1276
794 260 876 156
796 262 876 979
799 263 876 1174
806 264 876 1733
806 265 876 136
808 266 876 955
810 267 876 978
813 268 876 1147
817 269 876 1413
817 270 876 460
818 271 876 784
819 272 876 790
820 273 876 718
820 274 876 104
821 275 876 764
824 276 876 1326
826 277 876 1012
827 278 876 536
827 279 876 334
830 280 876 1161
830 281 876 283
830 282 876 369
836 283 876 1680
836 284 876 196
836 285 876 252
852 286 876 1912
853 287 876 736
855 288 876 1111
855 289 876 317
857 290 876 1101
857 291 876 136
867 292 876 1848
871 293 876 1376
876 294 876 1597
880 295 876 1445
883 296 876 1320
886 297 876 1325
890 298 876 1482
890 299 876 485
891 300 876 852
891 301 876 305
904 302 876 1894
905 303 876 579
907 304 876 908
911 305 876 1452
911 306 876 468
