0 0 66 352
1 1 66 659
1 2 66 354
25 3 66 1923
29 4 66 1478
30 5 66 839
32 6 66 1027
37 7 66 1548
39 8 66 959
40 9 66 602
63 10 66 1923
66 11 66 1231
68 12 66 1103
70 13 66 1017
70 14 66 107
70 15 66 231
74 16 66 1379
74 17 66 372
77 18 66 1175
79 19 66 1087
79 20 66 234
82 21 66 1340
102 22 66 1921
106 23 66 1365
106 24 66 20
109 25 66 1210
115 27 66 68
115 26 66 1626
119 28 66 1460
124 29 66 1568
127 30 66 1198
128 31 66 692
129 32 66 618
131 33 66 1039
134 34 66 1153
136 35 66 1030
141 36 66 1598
143 37 66 998
146 38 66 1253
147 39 66 816
150 40 66 1186
151 41 66 670
151 42 66 5
155 43 66 1400
162 44 66 1724
163 45 66 620
165 46 66 921
172 47 66 1693
172 48 66 195
175 49 66 1213
181 50 66 1651
184 51 66 1162
186 52 66 1087
186 53 66 88
186 54 66 128
188 55 66 937
189 56 66 662
191 57 66 914
205 58 66 1903
205 59 66 267
207 60 66 1138
209 61 66 958
209 62 66 87
212 63 66 1315
215 64 66 1328
218 65 66 1230
219 67 66 63
219 66 66 612
227 68 66 1789
229 69 66 1002
230 70 66 557
230 71 66 380
232 72 66 1043
232 73 66 358
241 74 66 1826
245 75 66 1489
248 76 66 1334
249 77 66 521
254 78 66 1565
257 79 66 1325
257 80 66 288
268 81 66 1857
277 82 66 1797
277 83 66 247
287 85 66 36
287 84 66 1841
292 86 66 1529
293 87 66 530
295 88 66 911
295 89 66 215
295 90 66 367
296 91 66 683
298 92 66 1020
300 93 66 985
305 95 66 227
305 94 66 1603
306 96 66 582
307 97 66 615
307 98 66 71
307 99 66 493
307 100 66 8
308 101 66 857
318 102 66 1829
320 103 66 1118
321 104 66 655
324 105 66 1271
324 106 66 118
325 107 66 729
325 108 66 186
326 109 66 563
331 110 66 1527
331 111 66 141
334 112 66 1273
335 113 66 578
350 114 66 1903
353 115 66 1205
355 116 66 1086
363 117 66 1765
367 118 66 1398
370 119 66 1291
376 120 66 1626
376 121 66 82
378 122 66 1077
383 123 66 1573
384 124 66 635
393 125 66 1799
396 126 66 1284
396 127 66 58
397 128 66 680
402 129 66 1599
404 130 66 907
405 131 66 719
405 132 66 449
407 133 66 1072
410 134 66 1316
414 135 66 1355
414 136 66 28
415 137 66 679
420 138 66 1516
421 139 66 570
431 140 66 1842
432 142 66 343
432 143 66 347
432 141 66 800
433 144 66 612
433 145 66 225
436 146 66 1335
436 147 66 442
438 148 66 1006
438 149 66 397
440 150 66 1066
441 151 66 742
443 152 66 1141
444 153 66 705
445 154 66 792
455 155 66 1850
462 156 66 1705
462 157 66 255
462 158 66 482
463 159 66 781
479 161 66 60
479 162 66 48
479 160 66 1911
480 163 66 512
485 164 66 1581
486 165 66 808
492 166 66 1617
492 167 66 201
495 168 66 1186
496 169 66 547
499 171 66 406
499 172 66 248
499 170 66 1176
500 173 66 827
504 174 66 1373
505 175 66 826
511 176 66 1663
512 177 66 730
514 180 66 463
514 178 66 961
514 179 66 409
515 181 66 842
517 182 66 976
517 183 66 282
518 184 66 532
518 185 66 165
523 186 66 1503
529 187 66 1669
529 188 66 279
533 189 66 1391
538 190 66 1575
545 192 66 196
545 191 66 1697
546 193 66 735
547 194 66 584
555 195 66 1782
556 196 66 752
564 197 66 1755
565 198 66 691
572 199 66 1729
573 200 66 533
575 201 66 1133
578 202 66 1181
578 203 66 459
581 204 66 1145
582 205 66 659
582 206 66 493
582 207 66 313
585 208 66 1256
598 210 66 187
598 209 66 1891
600 211 66 975
603 212 66 1219
603 213 66 73
603 214 66 317
605 215 66 1069
607 216 66 1009
614 217 66 1690
629 218 66 1905
633 219 66 1415
636 220 66 1230
648 221 66 1873
658 222 66 1846
665 223 66 1720
667 224 66 897
671 225 66 1404
671 226 66 210
675 227 66 1438
675 228 66 243
680 230 66 74
680 229 66 1516
690 231 66 1833
690 232 66 38
693 233 66 1156
702 234 66 1801
705 235 66 1254
710 236 66 1586
711 237 66 517
713 238 66 1061
722 239 66 1797
727 240 66 1596
730 241 66 1189
730 242 66 412
730 243 66 313
733 244 66 1204
734 247 66 123
734 248 66 417
734 245 66 600
734 246 66 478
738 249 66 1440
739 250 66 772
741 251 66 986
749 252 66 1775
752 253 66 1200
753 254 66 499
754 255 66 584
757 256 66 1212
761 257 66 1386
765 258 66 1486
771 259 66 1666
771 260 66 449
773 261 66 980
773 262 66 69
779 263 66 1664
788 264 66 1817
788 265 66 279
790 268 66 196
790 266 66 936
790 267 66 63
792 269 66 987
796 270 66 1407
796 271 66 492
797 272 66 628
797 273 66 107
804 274 66 1744
804 275 66 40
808 276 66 1460
813 277 66 1533
814 278 66 516
814 279 66 296
816 280 66 926
816 281 66 86
818 282 66 1020
819 283 66 728
820 284 66 743
822 286 66 57
822 285 66 1012
823 287 66 763
824 288 66 657
827 289 66 1217
827 290 66 42
827 291 66 200
829 292 66 955
832 293 66 1320
836 294 66 1348
837 295 66 616
839 296 66 1119
840 297 66 673
840 298 66 421
842 299 66 924
847 300 66 1589
847 301 66 414
857 302 66 1851
861 304 66 32
861 305 66 280
861 303 66 1354
861 306 66 357
