2 0 1081 1055
2 1 1081 488
3 2 1081 851
3 3 1081 119
7 4 1081 1411
7 5 1081 10
11 6 1081 1481
11 7 1081 59
25 8 1081 1899
29 9 1081 1490
30 10 1081 735
34 11 1081 1495
42 12 1081 1753
51 13 1081 1808
56 14 1081 1591
61 15 1081 1534
68 16 1081 1739
68 17 1081 250
73 18 1081 1506
76 19 1081 1297
79 20 1081 1153
79 21 1081 107
79 22 1081 431
79 23 1081 305
81 24 1081 1083
89 25 1081 1750
91 26 1081 1129
91 27 1081 341
95 28 1081 1439
119 29 1081 1923
119 30 1081 79
122 31 1081 1168
128 32 1081 1663
130 33 1081 1037
131 34 1081 541
132 35 1081 628
134 36 1081 901
136 38 1081 353
136 37 1081 1066
145 39 1081 1803
145 40 1081 72
149 41 1081 1397
150 42 1081 846
155 43 1081 1560
156 44 1081 630
161 45 1081 1574
161 46 1081 142
165 48 1081 428
165 47 1081 1422
172 49 1081 1715
176 50 1081 1487
187 51 1081 1861
187 52 1081 388
189 53 1081 1041
191 54 1081 1001
193 55 1081 948
193 56 1081 56
194 57 1081 545
196 58 1081 960
201 59 1081 1585
202 60 1081 806
204 61 1081 1140
205 62 1081 544
219 63 1081 1900
223 64 1081 1411
227 65 1081 1492
235 66 1081 1756
236 67 1081 716
239 68 1081 1266
241 69 1081 963
242 70 1081 633
243 71 1081 673
252 72 1081 1822
258 73 1081 1627
261 74 1081 1224
267 75 1081 1680
270 76 1081 1185
271 77 1081 795
276 78 1081 1600
280 79 1081 1434
286 80 1081 1607
292 81 1081 1631
302 82 1081 1837
308 84 1081 436
308 85 1081 142
308 83 1081 1648
309 86 1081 779
310 87 1081 621
310 88 1081 36
315 89 1081 1518
316 90 1081 571
316 91 1081 356
316 92 1081 105
317 93 1081 692
319 94 1081 997
320 95 1081 856
321 96 1081 853
323 97 1081 870
323 98 1081 149
325 99 1081 1062
332 100 1081 1742
336 101 1081 1351
336 102 1081 156
340 103 1081 1390
342 104 1081 1082
343 106 1081 38
343 105 1081 814
344 107 1081 686
351 108 1081 1741
354 109 1081 1245
360 110 1081 1687
363 111 1081 1186
365 112 1081 869
369 113 1081 1451
383 114 1081 1902
385 115 1081 1099
388 116 1081 1227
389 117 1081 820
393 118 1081 1464
396 119 1081 1268
397 120 1081 713
399 121 1081 1135
400 122 1081 680
406 124 1081 391
406 125 1081 276
406 123 1081 1673
407 126 1081 567
409 127 1081 1129
410 128 1081 630
410 129 1081 368
411 130 1081 827
411 131 1081 314
412 132 1081 646
413 133 1081 537
419 135 1081 256
419 134 1081 1617
423 136 1081 1475
423 137 1081 446
424 138 1081 566
429 139 1081 1546
429 140 1081 104
429 141 1081 93
430 142 1081 804
431 143 1081 715
439 144 1081 1755
442 145 1081 1310
446 146 1081 1411
447 147 1081 578
448 148 1081 715
457 149 1081 1823
462 150 1081 1553
462 151 1081 32
465 152 1081 1331
466 154 1081 349
466 153 1081 806
467 155 1081 606
468 156 1081 670
468 157 1081 408
470 158 1081 999
471 159 1081 805
471 160 1081 247
472 161 1081 834
472 162 1081 55
476 164 1081 417
476 163 1081 1373
480 165 1081 1372
481 166 1081 539
481 167 1081 331
489 168 1081 1759
495 169 1081 1645
500 170 1081 1549
501 171 1081 781
501 172 1081 254
511 173 1081 1843
514 174 1081 1163
515 175 1081 619
515 176 1081 331
528 177 1081 1889
538 178 1081 1842
540 179 1081 1005
541 180 1081 790
558 182 1081 414
558 181 1081 1913
559 183 1081 732
560 184 1081 739
561 185 1081 795
563 186 1081 908
571 187 1081 1764
571 188 1081 188
573 189 1081 1010
578 190 1081 1510
580 191 1081 1067
584 192 1081 1372
590 193 1081 1685
593 194 1081 1299
596 195 1081 1194
596 196 1081 37
600 197 1081 1355
600 198 1081 297
600 199 1081 383
601 200 1081 771
603 201 1081 1079
604 202 1081 744
606 203 1081 994
606 204 1081 274
607 205 1081 772
614 206 1081 1703
618 207 1081 1412
623 208 1081 1567
629 209 1081 1654
629 210 1081 275
630 212 1081 490
630 211 1081 706
649 213 1081 1919
649 214 1081 15
649 215 1081 258
649 216 1081 420
652 217 1081 1248
653 218 1081 634
658 219 1081 1547
658 220 1081 464
659 222 1081 143
659 221 1081 699
660 223 1081 748
660 224 1081 134
660 225 1081 482
663 226 1081 1334
663 227 1081 493
664 228 1081 543
677 229 1081 1894
678 230 1081 582
680 231 1081 900
685 232 1081 1591
689 233 1081 1459
689 234 1081 234
695 235 1081 1635
698 236 1081 1169
701 237 1081 1344
701 238 1081 457
714 239 1081 1891
716 240 1081 1017
720 241 1081 1420
720 242 1081 197
720 243 1081 458
721 244 1081 735
722 245 1081 804
723 246 1081 576
727 247 1081 1378
733 248 1081 1669
735 249 1081 1041
736 250 1081 774
737 251 1081 713
738 252 1081 721
739 253 1081 675
749 254 1081 1843
749 255 1081 71
751 256 1081 936
771 257 1081 1920
772 258 1081 859
779 259 1081 1716
783 260 1081 1363
786 261 1081 1209
788 262 1081 868
793 263 1081 1598
795 264 1081 1072
798 265 1081 1299
800 266 1081 1039
802 267 1081 956
808 269 1081 305
808 268 1081 1684
810 270 1081 1013
812 271 1081 1000
813 272 1081 790
814 273 1081 667
815 274 1081 530
817 275 1081 968
818 276 1081 502
824 277 1081 1610
824 278 1081 13
827 279 1081 1255
837 280 1081 1830
849 281 1081 1881
850 282 1081 748
854 283 1081 1427
856 284 1081 1120
864 285 1081 1793
864 286 1081 179
866 287 1081 916
871 289 1081 162
871 288 1081 1540
872 290 1081 698
875 291 1081 1173
875 292 1081 485
876 293 1081 665
877 294 1081 528
884 295 1081 1732
885 296 1081 552
886 297 1081 524
889 298 1081 1310
893 299 1081 1360
900 300 1081 1690
905 301 1081 1544
911 302 1081 1618
915 303 1081 1364
915 304 1081 27
922 305 1081 1698
932 306 1081 1847
