1 0 337 642
1 1 337 245
1 2 337 70
1 3 337 335
2 4 337 865
12 5 337 1833
26 6 337 1901
27 8 337 78
27 7 337 734
40 9 337 1892
41 10 337 746
42 16 337 37
42 11 337 501
42 12 337 385
42 13 337 5
42 14 337 233
42 15 337 296
45 17 337 1256
59 18 337 1902
73 19 337 1903
83 20 337 1831
83 21 337 377
84 22 337 733
86 23 337 871
92 24 337 1639
95 25 337 1296
104 26 337 1800
104 27 337 23
105 28 337 634
110 29 337 1584
115 30 337 1576
115 31 337 270
115 32 337 269
117 33 337 870
117 34 337 262
128 35 337 1869
128 36 337 355
133 37 337 1553
138 38 337 1549
140 39 337 1011
140 40 337 356
147 41 337 1741
149 42 337 885
149 43 337 497
161 44 337 1882
161 45 337 291
172 47 337 376
172 46 337 1870
174 48 337 1074
177 49 337 1145
177 50 337 206
178 51 337 611
181 52 337 1265
181 53 337 464
190 55 337 264
190 54 337 1828
194 56 337 1436
196 57 337 1123
197 58 337 621
201 59 337 1494
201 60 337 33
213 61 337 1877
213 62 337 99
213 63 337 419
213 64 337 315
213 65 337 476
213 66 337 231
217 67 337 1440
223 68 337 1668
223 69 337 289
234 70 337 1866
234 71 337 408
240 72 337 1631
242 73 337 891
247 74 337 1546
247 75 337 89
251 77 337 236
251 76 337 1417
253 78 337 914
257 79 337 1348
261 80 337 1350
265 81 337 1423
267 82 337 874
271 83 337 1413
275 84 337 1378
277 85 337 965
279 86 337 930
286 87 337 1730
288 88 337 966
310 89 337 1922
310 90 337 432
313 91 337 1157
315 92 337 932
315 93 337 54
317 94 337 978
317 95 337 404
323 98 337 182
323 96 337 1642
323 97 337 465
327 99 337 1405
327 100 337 59
327 101 337 430
328 102 337 633
329 103 337 784
332 104 337 1204
339 105 337 1722
341 106 337 904
341 107 337 373
342 108 337 842
349 109 337 1738
350 110 337 771
353 111 337 1200
353 112 337 209
356 113 337 1198
356 114 337 143
357 115 337 534
359 116 337 1003
360 117 337 611
362 118 337 965
365 119 337 1275
369 120 337 1471
369 121 337 425
369 122 337 473
375 123 337 1670
383 124 337 1782
384 125 337 708
388 126 337 1401
393 127 337 1577
403 128 337 1837
405 129 337 1142
405 130 337 372
407 131 337 952
407 132 337 53
411 133 337 1433
414 134 337 1288
416 135 337 920
417 136 337 790
417 137 337 89
417 138 337 208
422 139 337 1580
422 140 337 61
423 141 337 556
425 142 337 887
428 143 337 1152
431 144 337 1151
434 145 337 1156
436 146 337 947
442 147 337 1658
452 148 337 1836
452 149 337 443
455 150 337 1325
457 151 337 1030
461 152 337 1425
462 153 337 831
473 154 337 1859
478 155 337 1559
490 156 337 1881
492 157 337 887
494 158 337 927
494 159 337 495
494 160 337 320
497 162 337 460
497 161 337 1251
503 163 337 1625
507 164 337 1366
514 165 337 1744
517 166 337 1146
518 167 337 701
528 168 337 1835
531 169 337 1147
537 170 337 1669
539 172 337 402
539 171 337 913
542 173 337 1309
545 174 337 1214
547 175 337 915
551 176 337 1462
554 177 337 1245
555 178 337 519
556 179 337 625
562 180 337 1685
568 181 337 1667
574 182 337 1666
578 183 337 1394
585 184 337 1741
588 185 337 1266
592 186 337 1451
595 187 337 1147
600 188 337 1499
606 189 337 1653
608 190 337 964
617 191 337 1827
619 192 337 1086
625 193 337 1638
628 194 337 1259
629 195 337 734
629 196 337 95
632 197 337 1187
639 198 337 1711
642 199 337 1332
642 200 337 10
642 201 337 246
649 202 337 1748
650 203 337 688
651 204 337 698
651 205 337 411
652 206 337 628
652 207 337 115
657 208 337 1542
659 209 337 943
659 210 337 96
660 213 337 302
660 211 337 635
660 212 337 367
661 214 337 735
662 215 337 577
667 216 337 1510
669 217 337 991
678 218 337 1809
678 219 337 100
678 220 337 292
704 221 337 1924
706 222 337 1126
706 223 337 181
706 224 337 183
714 225 337 1766
722 226 337 1752
723 228 337 50
723 229 337 480
723 227 337 689
724 231 337 275
724 230 337 819
728 232 337 1459
730 233 337 1112
731 234 337 614
735 235 337 1438
745 236 337 1844
747 237 337 977
748 238 337 695
751 239 337 1329
752 240 337 637
755 241 337 1336
760 242 337 1529
761 243 337 555
766 244 337 1557
766 245 337 328
770 246 337 1459
771 247 337 784
773 248 337 902
774 249 337 681
777 250 337 1148
779 251 337 1028
782 252 337 1303
788 253 337 1610
790 254 337 1039
790 255 337 10
792 256 337 1045
797 257 337 1567
798 258 337 504
799 259 337 856
800 260 337 584
811 261 337 1864
811 262 337 65
813 263 337 1062
813 264 337 123
820 265 337 1745
822 266 337 1101
825 267 337 1180
831 268 337 1612
834 269 337 1221
835 270 337 658
836 271 337 533
836 272 337 295
836 273 337 479
840 274 337 1387
842 275 337 881
842 276 337 394
843 277 337 571
844 278 337 548
852 279 337 1780
852 280 337 306
854 281 337 968
861 282 337 1711
864 283 337 1293
867 284 337 1256
874 285 337 1716
876 286 337 897
884 288 337 72
884 287 337 1773
885 289 337 603
885 290 337 393
885 291 337 276
885 292 337 472
893 293 337 1763
894 294 337 745
895 295 337 698
898 297 337 467
898 298 337 431
898 296 337 1270
905 299 337 1737
908 300 337 1151
908 301 337 279
910 302 337 1096
915 303 337 1606
915 304 337 23
916 305 337 615
917 306 337 733
