8 0 598 1756
10 1 598 979
10 2 598 405
10 3 598 410
10 4 598 317
12 5 598 1033
12 6 598 470
12 7 598 171
16 8 598 1435
17 9 598 726
20 10 598 1200
20 11 598 62
20 12 598 197
20 13 598 50
20 14 598 2
29 15 598 1801
30 16 598 802
30 17 598 369
31 18 598 765
34 19 598 1182
34 20 598 422
34 21 598 197
36 22 598 1073
45 23 598 1797
45 24 598 234
51 25 598 1608
52 26 598 744
53 27 598 521
54 28 598 720
55 29 598 512
57 30 598 999
57 31 598 5
59 32 598 891
60 33 598 823
62 34 598 957
62 35 598 85
62 36 598 214
63 37 598 850
65 38 598 1140
68 39 598 1232
71 40 598 1199
71 41 598 201
74 42 598 1326
75 43 598 764
75 44 598 11
77 45 598 1097
85 46 598 1752
86 47 598 824
89 48 598 1163
90 49 598 694
91 50 598 785
93 51 598 904
97 52 598 1429
98 53 598 603
100 54 598 990
105 55 598 1558
115 56 598 1830
116 58 598 175
116 57 598 533
117 59 598 634
117 60 598 289
129 61 598 1873
133 62 598 1376
135 63 598 923
141 64 598 1651
144 65 598 1194
146 66 598 1096
149 67 598 1299
151 68 598 1018
161 69 598 1841
166 70 598 1587
178 71 598 1877
181 72 598 1154
185 73 598 1458
200 74 598 1908
200 75 598 221
201 77 598 309
201 76 598 796
209 78 598 1785
211 79 598 1061
219 80 598 1781
229 81 598 1844
232 82 598 1283
232 83 598 26
238 84 598 1652
238 85 598 95
239 87 598 288
239 86 598 501
247 88 598 1757
250 89 598 1323
250 90 598 179
255 91 598 1605
256 92 598 674
257 93 598 506
259 94 598 942
262 95 598 1251
263 96 598 750
263 97 598 402
265 98 598 1037
266 99 598 741
266 100 598 1
266 101 598 453
273 102 598 1731
276 103 598 1246
278 104 598 1032
279 105 598 832
285 106 598 1674
298 107 598 1895
299 108 598 620
300 109 598 769
301 110 598 762
306 111 598 1521
307 112 598 672
309 113 598 1038
310 115 598 369
310 114 598 777
311 116 598 589
315 117 598 1349
318 118 598 1196
323 119 598 1556
324 120 598 693
325 121 598 808
329 122 598 1466
335 123 598 1619
341 124 598 1662
356 125 598 1906
359 126 598 1202
360 127 598 648
361 128 598 515
362 129 598 656
366 130 598 1395
366 131 598 393
369 132 598 1196
371 133 598 1043
373 134 598 1060
376 135 598 1328
376 136 598 113
376 137 598 36
378 138 598 918
379 139 598 819
379 140 598 345
380 141 598 531
385 142 598 1593
387 143 598 988
388 144 598 561
389 145 598 583
391 146 598 933
396 147 598 1560
402 148 598 1653
403 149 598 573
404 150 598 661
407 151 598 1325
409 152 598 1131
413 154 598 48
413 153 598 1406
415 155 598 1117
417 156 598 911
417 157 598 111
422 158 598 1509
424 159 598 1051
429 160 598 1555
431 161 598 1026
435 162 598 1379
448 163 598 1888
451 164 598 1298
451 165 598 368
451 166 598 324
456 167 598 1553
470 168 598 1903
474 169 598 1374
474 170 598 256
475 173 598 377
475 172 598 430
475 171 598 553
478 174 598 1210
478 175 598 161
480 176 598 1140
480 177 598 477
482 178 598 1058
484 179 598 1078
486 180 598 972
491 181 598 1567
493 182 598 919
504 183 598 1867
523 184 598 1919
523 185 598 70
526 186 598 1187
533 187 598 1714
535 188 598 995
546 191 598 1
546 192 598 452
546 189 598 1867
546 190 598 416
554 193 598 1792
557 194 598 1189
560 195 598 1244
562 196 598 1076
568 197 598 1629
574 199 598 192
574 200 598 259
574 198 598 1615
577 201 598 1304
582 202 598 1582
582 203 598 278
582 204 598 316
582 205 598 108
584 206 598 894
585 207 598 754
585 208 598 196
594 209 598 1812
608 211 598 434
608 210 598 1902
610 212 598 977
610 213 598 431
610 214 598 78
626 215 598 1912
626 216 598 106
630 217 598 1437
643 218 598 1893
646 219 598 1227
648 220 598 1105
649 221 598 534
650 222 598 558
650 223 598 35
652 224 598 958
652 225 598 254
652 226 598 101
653 227 598 563
655 228 598 1112
668 229 598 1891
670 230 598 1010
674 231 598 1435
675 232 598 787
676 233 598 866
677 234 598 819
682 235 598 1592
698 236 598 1910
699 237 598 641
704 238 598 1550
713 239 598 1811
715 240 598 1101
715 241 598 432
720 242 598 1518
722 243 598 1107
735 244 598 1889
750 245 598 1907
752 246 598 949
752 247 598 20
759 248 598 1714
762 249 598 1201
764 250 598 1137
769 251 598 1564
775 252 598 1660
775 253 598 388
777 254 598 1011
783 255 598 1649
784 256 598 746
789 257 598 1546
792 261 598 331
792 260 598 7
792 259 598 62
792 258 598 1245
797 262 598 1566
797 263 598 230
798 264 598 801
798 265 598 467
803 266 598 1572
803 267 598 111
808 270 598 2
808 268 598 1536
808 269 598 410
812 271 598 1390
821 272 598 1811
821 273 598 82
821 274 598 126
822 275 598 672
824 276 598 941
828 278 598 70
828 277 598 1375
830 279 598 976
833 280 598 1230
833 281 598 80
834 282 598 773
844 283 598 1836
845 284 598 753
849 285 598 1371
856 286 598 1699
856 287 598 399
864 288 598 1779
866 289 598 1095
867 290 598 846
867 291 598 363
870 292 598 1320
874 293 598 1487
883 294 598 1804
884 295 598 769
885 296 598 791
888 297 598 1288
888 298 598 305
892 299 598 1422
892 300 598 335
893 301 598 837
893 302 598 409
896 303 598 1303
899 304 598 1198
905 305 598 1671
911 306 598 1677
