0 0 1019 114
6 1 1019 1618
6 2 1019 283
19 3 1019 1891
23 4 1019 1367
27 5 1019 1365
29 6 1019 946
29 7 1019 368
36 9 1019 188
36 8 1019 1709
42 10 1019 1679
42 11 1019 455
42 12 1019 413
47 13 1019 1579
49 14 1019 881
54 15 1019 1579
60 17 1019 175
60 18 1019 426
60 16 1019 1677
66 19 1019 1628
68 20 1019 971
68 21 1019 284
71 22 1019 1290
74 23 1019 1295
76 24 1019 1040
78 25 1019 1065
82 26 1019 1392
84 28 1019 237
84 27 1019 1088
86 29 1019 1052
93 30 1019 1730
104 31 1019 1860
108 32 1019 1433
108 33 1019 311
120 34 1019 1883
120 35 1019 2
128 36 1019 1753
129 38 1019 339
129 37 1019 687
136 39 1019 1724
140 40 1019 1373
141 41 1019 659
144 42 1019 1261
144 43 1019 453
146 44 1019 1127
146 45 1019 305
148 46 1019 1063
151 47 1019 1216
153 48 1019 1041
155 49 1019 1082
162 50 1019 1742
167 51 1019 1543
169 52 1019 1121
169 53 1019 137
175 54 1019 1673
183 55 1019 1755
183 56 1019 327
185 57 1019 912
186 58 1019 850
186 59 1019 302
200 60 1019 1897
208 61 1019 1783
208 62 1019 131
209 63 1019 657
209 64 1019 382
216 65 1019 1743
218 67 1019 101
218 66 1019 946
224 68 1019 1621
226 69 1019 878
234 70 1019 1750
236 71 1019 989
244 72 1019 1760
245 73 1019 626
245 74 1019 255
245 75 1019 312
247 76 1019 947
248 77 1019 837
248 78 1019 168
249 79 1019 734
249 80 1019 2
249 81 1019 176
249 82 1019 46
251 83 1019 1079
254 85 1019 186
254 84 1019 1235
255 86 1019 738
258 87 1019 1295
259 88 1019 563
259 89 1019 128
264 90 1019 1600
265 91 1019 841
273 93 1019 37
273 92 1019 1762
281 94 1019 1752
286 95 1019 1515
287 96 1019 527
288 97 1019 604
288 98 1019 70
291 99 1019 1308
294 100 1019 1284
296 101 1019 961
301 102 1019 1520
301 103 1019 163
304 104 1019 1256
305 105 1019 752
312 106 1019 1708
312 107 1019 494
321 108 1019 1807
325 109 1019 1361
326 110 1019 807
330 111 1019 1414
331 112 1019 744
331 113 1019 115
331 114 1019 300
338 115 1019 1721
345 116 1019 1736
347 117 1019 976
351 118 1019 1346
351 119 1019 196
353 120 1019 1004
358 121 1019 1576
362 122 1019 1463
366 123 1019 1493
369 124 1019 1202
371 125 1019 909
374 126 1019 1152
381 127 1019 1722
382 128 1019 799
383 129 1019 664
390 130 1019 1709
390 131 1019 343
391 132 1019 766
392 133 1019 784
396 134 1019 1375
398 135 1019 965
399 136 1019 580
408 137 1019 1807
415 138 1019 1748
415 139 1019 483
415 140 1019 403
415 141 1019 244
419 142 1019 1413
421 143 1019 1126
424 146 1019 96
424 144 1019 1245
424 145 1019 186
430 147 1019 1646
436 148 1019 1662
436 149 1019 30
443 150 1019 1703
447 151 1019 1476
450 152 1019 1182
459 154 1019 303
459 153 1019 1799
465 155 1019 1632
469 156 1019 1423
469 157 1019 26
471 158 1019 886
471 159 1019 346
476 160 1019 1524
492 161 1019 1910
498 162 1019 1620
501 163 1019 1142
506 164 1019 1577
506 165 1019 464
507 166 1019 647
519 167 1019 1884
520 168 1019 664
523 169 1019 1259
525 170 1019 1140
536 171 1019 1854
539 172 1019 1152
540 173 1019 863
547 174 1019 1717
548 175 1019 760
548 176 1019 162
548 177 1019 336
548 178 1019 247
550 179 1019 1015
551 180 1019 813
555 182 1019 60
555 181 1019 1430
556 183 1019 768
558 184 1019 886
558 185 1019 232
560 186 1019 1085
562 187 1019 892
562 188 1019 480
568 189 1019 1667
572 190 1019 1467
573 191 1019 553
575 192 1019 921
579 193 1019 1401
581 194 1019 883
581 195 1019 417
582 196 1019 548
582 197 1019 271
586 198 1019 1474
587 199 1019 781
591 201 1019 137
591 200 1019 1463
593 202 1019 981
593 203 1019 402
594 204 1019 815
602 205 1019 1774
602 206 1019 323
602 207 1019 318
602 208 1019 82
606 209 1019 1468
610 210 1019 1470
612 211 1019 1086
619 212 1019 1704
628 213 1019 1795
632 214 1019 1458
632 215 1019 93
642 216 1019 1849
643 217 1019 851
643 218 1019 255
646 219 1019 1344
649 220 1019 1303
655 221 1019 1680
659 222 1019 1403
661 223 1019 922
668 224 1019 1717
669 225 1019 586
671 226 1019 933
677 227 1019 1676
692 228 1019 1905
695 230 1019 212
695 229 1019 1299
704 231 1019 1816
705 232 1019 787
709 233 1019 1391
713 234 1019 1477
714 235 1019 675
714 236 1019 448
719 237 1019 1583
731 238 1019 1878
733 239 1019 1037
743 240 1019 1833
744 241 1019 766
745 242 1019 810
747 243 1019 937
747 244 1019 197
747 245 1019 380
748 246 1019 774
750 247 1019 1050
761 248 1019 1867
762 249 1019 789
762 250 1019 493
768 251 1019 1622
768 252 1019 15
768 253 1019 129
772 254 1019 1402
779 255 1019 1708
780 256 1019 658
780 257 1019 59
781 258 1019 609
781 259 1019 228
782 260 1019 841
783 261 1019 572
783 262 1019 338
784 263 1019 707
787 264 1019 1256
792 268 1019 318
792 267 1019 313
792 266 1019 298
792 265 1019 1579
793 269 1019 782
798 270 1019 1569
798 271 1019 266
800 272 1019 898
803 273 1019 1143
807 274 1019 1436
808 275 1019 537
810 277 1019 466
810 276 1019 870
811 278 1019 724
814 279 1019 1336
821 280 1019 1737
830 281 1019 1807
837 282 1019 1733
839 283 1019 1115
840 284 1019 806
841 285 1019 514
850 286 1019 1801
851 287 1019 658
867 288 1019 1913
874 289 1019 1694
874 290 1019 17
874 291 1019 389
876 292 1019 973
882 294 1019 195
882 293 1019 1650
885 295 1019 1261
885 296 1019 427
885 297 1019 102
890 298 1019 1606
891 299 1019 543
891 300 1019 82
891 301 1019 461
892 302 1019 732
894 303 1019 1085
897 305 1019 226
897 304 1019 1144
898 306 1019 723
