1 0 1685 739
12 1 1685 1856
12 2 1685 326
12 3 1685 191
24 4 1685 1874
24 5 1685 25
24 6 1685 279
29 7 1685 1552
31 8 1685 1060
42 9 1685 1862
46 10 1685 1440
47 11 1685 575
49 12 1685 1022
51 13 1685 903
54 14 1685 1309
56 15 1685 1061
68 16 1685 1875
69 17 1685 628
74 18 1685 1577
74 19 1685 21
80 20 1685 1645
81 21 1685 500
85 22 1685 1424
85 23 1685 483
85 24 1685 332
92 25 1685 1718
102 26 1685 1852
103 27 1685 644
108 28 1685 1573
116 29 1685 1776
118 30 1685 879
128 31 1685 1840
136 32 1685 1789
136 33 1685 301
138 36 1685 324
138 37 1685 313
138 34 1685 966
138 35 1685 226
139 38 1685 781
139 39 1685 367
143 40 1685 1411
143 41 1685 362
144 42 1685 623
145 43 1685 760
145 44 1685 436
155 45 1685 1832
158 46 1685 1207
159 47 1685 690
159 48 1685 398
161 49 1685 950
161 50 1685 129
161 51 1685 223
164 52 1685 1171
174 53 1685 1844
178 56 1685 432
178 55 1685 239
178 54 1685 1379
186 57 1685 1768
194 58 1685 1784
194 59 1685 155
194 60 1685 97
199 61 1685 1559
214 62 1685 1903
217 63 1685 1208
219 64 1685 982
224 65 1685 1524
225 66 1685 710
226 67 1685 720
237 68 1685 1862
239 69 1685 1083
240 70 1685 737
245 71 1685 1562
253 72 1685 1772
256 73 1685 1209
257 74 1685 534
260 75 1685 1282
269 76 1685 1801
270 77 1685 664
270 78 1685 46
270 79 1685 425
271 80 1685 511
274 81 1685 1162
274 82 1685 245
275 83 1685 623
281 84 1685 1646
282 85 1685 656
283 86 1685 669
294 87 1685 1869
295 88 1685 847
296 89 1685 727
303 90 1685 1719
303 91 1685 480
303 92 1685 453
304 93 1685 625
304 94 1685 269
312 96 1685 383
312 95 1685 1776
315 97 1685 1340
322 98 1685 1703
323 99 1685 837
325 100 1685 1121
325 101 1685 486
326 102 1685 753
329 106 1685 376
329 105 1685 492
329 103 1685 1240
329 104 1685 213
342 107 1685 1887
345 108 1685 1310
345 109 1685 96
345 110 1685 362
352 111 1685 1692
359 112 1685 1722
363 113 1685 1359
368 114 1685 1569
369 115 1685 860
372 116 1685 1313
375 117 1685 1280
379 118 1685 1486
379 119 1685 325
380 120 1685 854
381 121 1685 765
390 122 1685 1798
392 123 1685 1134
395 124 1685 1288
395 125 1685 256
397 126 1685 1108
400 127 1685 1146
402 128 1685 939
403 129 1685 683
405 130 1685 899
405 131 1685 461
407 132 1685 885
409 133 1685 1134
412 134 1685 1228
412 135 1685 24
412 136 1685 409
414 137 1685 930
414 138 1685 410
417 139 1685 1154
417 140 1685 279
418 141 1685 706
419 142 1685 559
420 145 1685 26
420 143 1685 750
420 144 1685 364
421 146 1685 683
423 147 1685 1019
425 148 1685 981
428 149 1685 1334
428 150 1685 462
430 151 1685 1028
438 152 1685 1778
442 153 1685 1377
457 154 1685 1907
457 155 1685 356
458 156 1685 613
463 157 1685 1543
475 158 1685 1876
487 159 1685 1881
490 160 1685 1308
493 161 1685 1155
495 162 1685 947
496 163 1685 626
498 164 1685 1122
507 165 1685 1826
508 166 1685 806
509 167 1685 588
509 168 1685 131
514 169 1685 1545
514 170 1685 451
514 171 1685 383
516 176 1685 205
516 175 1685 147
516 172 1685 869
516 173 1685 332
516 174 1685 45
518 177 1685 1047
519 178 1685 770
522 179 1685 1261
527 180 1685 1498
527 181 1685 89
527 182 1685 164
532 183 1685 1530
532 184 1685 220
541 185 1685 1795
542 186 1685 608
546 187 1685 1433
549 188 1685 1151
551 189 1685 872
554 190 1685 1335
555 191 1685 790
557 192 1685 978
557 193 1685 453
565 194 1685 1770
567 195 1685 1049
573 196 1685 1684
584 197 1685 1857
589 198 1685 1553
589 199 1685 462
592 201 1685 95
592 200 1685 1144
594 202 1685 887
598 203 1685 1361
600 204 1685 882
600 205 1685 79
600 206 1685 158
604 207 1685 1445
607 208 1685 1331
615 210 1685 150
615 209 1685 1759
619 211 1685 1491
620 212 1685 772
621 213 1685 614
621 214 1685 383
624 215 1685 1219
626 216 1685 990
629 218 1685 406
629 217 1685 1342
632 219 1685 1251
635 220 1685 1218
638 221 1685 1298
642 222 1685 1361
645 223 1685 1183
645 224 1685 209
650 225 1685 1585
653 227 1685 416
653 228 1685 487
653 226 1685 1329
655 231 1685 272
655 230 1685 388
655 229 1685 920
659 232 1685 1419
659 233 1685 307
659 234 1685 117
663 235 1685 1402
665 236 1685 1126
666 237 1685 728
667 238 1685 647
667 239 1685 140
673 240 1685 1637
675 241 1685 1087
675 242 1685 101
678 243 1685 1317
679 244 1685 721
687 247 1685 364
687 248 1685 69
687 245 1685 1768
687 246 1685 18
688 249 1685 550
688 250 1685 59
688 251 1685 341
692 252 1685 1451
692 253 1685 301
695 254 1685 1169
703 255 1685 1770
704 256 1685 658
710 257 1685 1629
713 258 1685 1151
716 259 1685 1222
717 260 1685 675
723 261 1685 1667
725 262 1685 958
725 263 1685 410
729 264 1685 1370
738 267 1685 464
738 268 1685 497
738 265 1685 1802
738 266 1685 72
740 269 1685 905
740 270 1685 93
740 271 1685 261
741 272 1685 694
741 273 1685 266
746 274 1685 1539
746 275 1685 130
749 279 1685 365
749 278 1685 462
749 276 1685 1197
749 277 1685 44
754 280 1685 1567
756 281 1685 965
756 282 1685 346
767 283 1685 1861
768 284 1685 861
768 285 1685 46
769 286 1685 746
771 287 1685 1117
773 288 1685 1062
773 289 1685 271
774 290 1685 743
778 291 1685 1422
783 292 1685 1501
787 293 1685 1350
791 294 1685 1390
804 296 1685 129
804 295 1685 1895
810 297 1685 1615
821 298 1685 1871
822 299 1685 843
829 300 1685 1696
833 301 1685 1478
841 302 1685 1791
843 303 1685 1089
843 304 1685 457
850 305 1685 1722
855 306 1685 1572
