0 0 519 46
2 1 519 1046
7 2 519 1600
10 3 519 1313
14 4 519 1426
14 5 519 52
16 6 519 1093
20 7 519 1389
24 8 519 1493
39 10 519 31
39 9 519 1905
45 11 519 1611
45 12 519 458
48 13 519 1175
49 14 519 784
54 15 519 1521
59 16 519 1498
59 17 519 61
61 20 519 488
61 18 519 955
61 19 519 392
64 21 519 1192
68 22 519 1375
72 23 519 1494
76 24 519 1456
79 25 519 1197
89 28 519 307
89 26 519 1843
89 27 519 378
92 29 519 1343
92 30 519 74
94 31 519 1117
99 32 519 1540
109 33 519 1852
110 34 519 724
113 35 519 1148
115 36 519 1022
121 37 519 1684
122 38 519 499
128 39 519 1653
129 40 519 511
131 41 519 1037
141 42 519 1849
145 43 519 1400
145 44 519 132
147 45 519 1137
151 47 519 25
151 46 519 1428
152 48 519 591
154 49 519 1054
154 50 519 155
154 51 519 417
155 52 519 595
162 53 519 1734
168 54 519 1664
169 55 519 778
174 57 519 106
174 56 519 1595
182 58 519 1782
182 59 519 229
182 60 519 133
183 61 519 714
185 62 519 1081
185 63 519 149
195 64 519 1830
196 66 519 71
196 65 519 839
197 67 519 531
197 68 519 450
202 69 519 1560
202 70 519 498
209 71 519 1739
213 72 519 1487
216 73 519 1227
225 74 519 1806
229 75 519 1375
232 76 519 1267
246 77 519 1900
250 78 519 1362
250 79 519 319
257 80 519 1693
266 81 519 1818
273 82 519 1711
276 83 519 1178
279 84 519 1187
284 85 519 1581
285 86 519 521
292 87 519 1730
292 88 519 188
303 89 519 1870
307 90 519 1478
309 91 519 916
318 92 519 1826
318 93 519 269
323 94 519 1520
330 95 519 1721
342 96 519 1880
349 97 519 1699
353 98 519 1494
356 99 519 1217
358 100 519 1066
360 101 519 897
365 102 519 1499
367 103 519 955
368 105 519 341
368 104 519 555
369 106 519 855
372 107 519 1293
382 108 519 1852
382 109 519 288
386 110 519 1436
392 111 519 1619
393 112 519 668
397 115 519 240
397 114 519 461
397 113 519 1463
399 116 519 927
408 117 519 1828
410 118 519 887
410 119 519 249
410 120 519 317
410 121 519 265
410 122 519 343
411 124 519 82
411 123 519 504
416 125 519 1507
426 126 519 1837
429 127 519 1217
435 128 519 1631
435 129 519 84
439 130 519 1420
443 132 519 406
443 133 519 144
443 131 519 1492
446 134 519 1178
447 135 519 796
447 136 519 319
448 137 519 756
449 138 519 622
450 139 519 846
451 140 519 726
454 141 519 1153
463 142 519 1802
472 143 519 1825
472 144 519 434
480 145 519 1783
480 146 519 247
480 147 519 363
487 148 519 1733
490 149 519 1280
491 151 519 51
491 150 519 793
492 152 519 812
495 153 519 1245
497 154 519 900
498 155 519 801
499 156 519 554
501 157 519 994
503 158 519 873
505 159 519 973
505 160 519 428
510 161 519 1562
515 162 519 1586
523 163 519 1768
524 164 519 792
535 165 519 1868
538 166 519 1213
539 167 519 523
539 168 519 285
544 169 519 1590
554 170 519 1845
554 171 519 171
557 173 519 40
557 172 519 1206
561 174 519 1447
563 175 519 1088
563 176 519 387
563 177 519 442
563 178 519 70
563 179 519 223
566 180 519 1259
570 181 519 1474
574 183 519 351
574 182 519 1409
577 184 519 1215
581 185 519 1368
582 186 519 679
584 187 519 1085
587 188 519 1169
587 189 519 377
587 190 519 241
590 191 519 1249
599 192 519 1807
604 193 519 1573
604 194 519 418
606 195 519 1089
610 196 519 1492
610 197 519 34
612 198 519 1032
612 199 519 490
613 200 519 570
619 203 519 142
619 201 519 1649
619 202 519 78
623 204 519 1359
624 205 519 622
625 206 519 770
626 207 519 772
633 208 519 1722
640 210 519 413
640 211 519 111
640 209 519 1736
642 212 519 923
643 213 519 649
649 214 519 1639
651 215 519 878
651 216 519 152
654 217 519 1234
655 218 519 552
659 219 519 1349
662 221 519 127
662 220 519 1188
665 222 519 1279
675 223 519 1832
679 224 519 1348
680 225 519 595
680 226 519 289
685 227 519 1557
690 229 519 358
690 228 519 1546
695 231 519 352
695 230 519 1521
698 232 519 1335
703 233 519 1504
708 234 519 1578
713 235 519 1535
717 236 519 1396
720 237 519 1266
722 238 519 917
723 239 519 593
724 240 519 597
734 241 519 1832
737 242 519 1288
741 243 519 1358
754 244 519 1888
754 245 519 130
754 246 519 325
757 247 519 1157
768 248 519 1859
772 249 519 1464
774 250 519 936
774 251 519 257
778 252 519 1407
784 253 519 1608
787 254 519 1226
787 255 519 442
787 256 519 369
787 257 519 170
788 258 519 719
789 259 519 763
789 260 519 333
791 261 519 1138
794 262 519 1150
798 263 519 1363
798 264 519 214
798 265 519 61
799 266 519 701
802 267 519 1344
804 269 519 104
804 268 519 995
808 270 519 1407
809 271 519 810
809 272 519 317
821 273 519 1883
822 274 519 751
825 275 519 1281
826 276 519 764
836 277 519 1845
847 278 519 1869
850 279 519 1217
850 280 519 270
852 281 519 1056
858 282 519 1622
858 283 519 82
862 284 519 1347
865 285 519 1263
867 286 519 870
873 288 519 277
873 287 519 1652
875 289 519 1136
878 290 519 1165
881 291 519 1225
882 292 519 547
882 293 519 154
882 294 519 260
886 295 519 1384
887 296 519 682
897 297 519 1849
900 298 519 1144
909 299 519 1826
913 300 519 1354
915 301 519 906
915 302 519 161
923 304 519 57
923 305 519 126
923 303 519 1755
934 306 519 1865
