2 0 1575 1121
4 1 1575 989
8 2 1575 1451
8 3 1575 235
8 4 1575 204
9 5 1575 862
9 6 1575 464
14 7 1575 1603
19 8 1575 1513
20 9 1575 670
24 10 1575 1399
32 11 1575 1767
33 12 1575 688
34 13 1575 534
48 14 1575 1902
48 15 1575 117
54 19 1575 397
54 18 1575 408
54 16 1575 1642
54 17 1575 205
56 20 1575 997
57 21 1575 616
57 22 1575 480
57 23 1575 163
60 24 1575 1218
60 25 1575 304
61 27 1575 433
61 28 1575 388
61 26 1575 709
64 29 1575 1187
68 30 1575 1382
77 31 1575 1807
86 32 1575 1796
86 33 1575 215
87 34 1575 736
96 35 1575 1808
97 36 1575 774
100 37 1575 1273
101 38 1575 547
104 39 1575 1228
104 40 1575 20
104 41 1575 230
106 42 1575 1060
109 43 1575 1147
109 44 1575 141
111 46 1575 48
111 45 1575 947
121 47 1575 1841
125 48 1575 1453
126 49 1575 681
127 50 1575 810
129 51 1575 903
130 52 1575 750
134 53 1575 1369
136 54 1575 870
137 55 1575 504
138 56 1575 508
141 57 1575 1288
143 58 1575 941
152 59 1575 1824
152 60 1575 153
152 61 1575 31
155 62 1575 1215
155 63 1575 326
158 64 1575 1212
163 65 1575 1516
177 67 1575 472
177 66 1575 1896
184 68 1575 1722
184 69 1575 93
187 70 1575 1267
187 71 1575 369
192 72 1575 1583
194 73 1575 1105
194 74 1575 377
195 75 1575 766
199 76 1575 1481
202 77 1575 1258
202 78 1575 21
202 79 1575 271
202 80 1575 256
203 81 1575 792
205 82 1575 904
211 84 1575 377
211 85 1575 478
211 83 1575 1631
213 86 1575 1057
213 87 1575 427
216 88 1575 1270
216 89 1575 231
219 90 1575 1300
223 91 1575 1410
223 92 1575 331
224 93 1575 647
226 94 1575 1075
243 95 1575 1914
245 96 1575 939
246 97 1575 733
257 98 1575 1859
258 99 1575 549
260 100 1575 975
265 101 1575 1500
265 102 1575 118
269 103 1575 1360
272 105 1575 441
272 104 1575 1338
275 106 1575 1244
280 107 1575 1570
282 108 1575 991
282 109 1575 103
284 110 1575 948
287 111 1575 1175
290 112 1575 1266
291 113 1575 670
296 114 1575 1567
299 115 1575 1285
301 116 1575 1051
306 117 1575 1508
318 118 1575 1874
319 119 1575 733
319 120 1575 459
323 121 1575 1469
325 122 1575 1127
329 123 1575 1490
330 124 1575 718
338 125 1575 1782
338 126 1575 37
340 127 1575 935
340 128 1575 29
340 129 1575 387
348 130 1575 1751
349 131 1575 747
352 132 1575 1324
356 133 1575 1396
359 134 1575 1220
360 135 1575 680
361 136 1575 674
365 137 1575 1469
365 138 1575 293
376 139 1575 1860
379 140 1575 1159
383 141 1575 1412
387 142 1575 1360
390 143 1575 1166
393 146 1575 144
393 144 1575 1207
393 145 1575 125
398 147 1575 1586
400 148 1575 1004
407 149 1575 1715
408 150 1575 862
412 151 1575 1356
413 152 1575 784
415 154 1575 90
415 153 1575 1125
419 155 1575 1431
419 156 1575 373
420 157 1575 553
421 158 1575 641
425 159 1575 1481
425 160 1575 403
425 161 1575 308
430 162 1575 1540
431 165 1575 201
431 163 1575 604
431 164 1575 276
439 166 1575 1776
447 167 1575 1795
451 168 1575 1374
453 169 1575 886
454 170 1575 610
459 171 1575 1507
462 173 1575 13
462 172 1575 1215
467 174 1575 1499
469 175 1575 972
469 176 1575 109
481 177 1575 1885
481 178 1575 282
482 179 1575 592
488 180 1575 1638
488 181 1575 375
499 182 1575 1856
499 183 1575 238
503 184 1575 1449
503 185 1575 395
516 186 1575 1887
516 187 1575 198
519 188 1575 1306
526 190 1575 307
526 189 1575 1714
526 191 1575 121
527 192 1575 827
528 193 1575 736
532 194 1575 1457
533 195 1575 850
542 196 1575 1796
543 197 1575 755
545 198 1575 889
547 203 1575 117
547 201 1575 274
547 202 1575 212
547 199 1575 1006
547 200 1575 274
549 204 1575 1104
552 205 1575 1280
552 206 1575 140
553 207 1575 770
558 208 1575 1550
560 209 1575 1043
563 213 1575 48
563 212 1575 270
563 211 1575 413
563 210 1575 1321
571 214 1575 1768
571 215 1575 27
571 216 1575 377
574 217 1575 1301
576 218 1575 1079
585 219 1575 1806
585 220 1575 238
590 222 1575 488
590 221 1575 1577
595 223 1575 1584
596 224 1575 579
596 225 1575 489
597 226 1575 679
597 227 1575 479
597 228 1575 481
598 229 1575 649
600 230 1575 1100
603 231 1575 1278
605 232 1575 995
608 233 1575 1201
608 234 1575 318
612 235 1575 1363
612 236 1575 163
619 237 1575 1738
621 239 1575 169
621 240 1575 255
621 238 1575 1059
623 241 1575 1116
624 242 1575 572
624 243 1575 262
624 244 1575 392
633 245 1575 1818
641 246 1575 1775
642 247 1575 778
644 248 1575 892
648 251 1575 494
648 249 1575 1429
648 250 1575 472
653 252 1575 1600
655 253 1575 1008
656 254 1575 767
657 255 1575 621
664 256 1575 1710
665 257 1575 552
669 258 1575 1463
670 259 1575 615
671 260 1575 600
676 261 1575 1585
676 262 1575 289
678 263 1575 900
689 264 1575 1867
689 265 1575 43
692 266 1575 1342
694 267 1575 993
700 269 1575 404
700 268 1575 1654
708 270 1575 1789
709 271 1575 564
709 272 1575 242
711 273 1575 910
716 274 1575 1550
718 275 1575 1047
720 276 1575 1004
720 277 1575 226
723 278 1575 1191
724 279 1575 686
725 280 1575 638
734 281 1575 1826
739 282 1575 1511
741 283 1575 976
741 284 1575 177
742 285 1575 606
747 286 1575 1602
763 288 1575 434
763 287 1575 1911
769 289 1575 1622
774 290 1575 1578
779 291 1575 1536
779 292 1575 275
779 293 1575 444
783 294 1575 1493
784 295 1575 594
785 296 1575 827
790 300 1575 475
790 299 1575 349
790 297 1575 1596
790 298 1575 320
791 301 1575 781
793 303 1575 488
793 302 1575 1048
798 304 1575 1565
808 305 1575 1832
808 306 1575 252
