2 0 347 1018
2 1 347 430
6 2 347 1357
11 3 347 1523
12 4 347 858
12 5 347 83
18 6 347 1688
27 7 347 1797
33 8 347 1686
34 9 347 797
34 10 347 436
36 11 347 890
38 12 347 984
38 13 347 252
43 14 347 1579
45 15 347 990
45 16 347 97
51 17 347 1679
56 18 347 1593
72 19 347 1909
72 20 347 135
77 21 347 1543
80 22 347 1194
81 23 347 543
88 24 347 1713
91 25 347 1178
93 26 347 1131
93 27 347 423
100 28 347 1717
105 29 347 1519
106 30 347 507
107 31 347 588
110 32 347 1166
110 33 347 441
120 34 347 1849
121 35 347 605
127 36 347 1662
136 39 347 245
136 37 347 1796
136 38 347 218
149 40 347 1893
151 41 347 996
151 42 347 377
155 43 347 1475
156 44 347 620
158 45 347 868
160 46 347 998
163 47 347 1311
165 48 347 1129
168 49 347 1332
172 50 347 1364
173 51 347 556
173 52 347 359
175 53 347 1071
175 54 347 302
179 55 347 1399
182 56 347 1161
183 57 347 813
190 58 347 1735
195 59 347 1604
197 60 347 876
200 61 347 1265
200 62 347 79
200 63 347 166
200 64 347 290
208 65 347 1772
214 66 347 1648
215 67 347 542
215 68 347 327
217 69 347 974
220 70 347 1252
220 71 347 225
224 72 347 1460
228 74 347 15
228 73 347 1348
230 75 347 1064
233 76 347 1165
239 77 347 1643
249 78 347 1848
250 79 347 844
250 80 347 180
257 81 347 1744
260 82 347 1219
260 83 347 384
260 84 347 155
272 89 347 449
272 88 347 139
272 85 347 1875
272 86 347 229
272 87 347 95
276 90 347 1369
277 91 347 849
277 92 347 61
278 93 347 538
281 94 347 1293
282 95 347 628
284 96 347 916
284 97 347 210
287 98 347 1185
288 99 347 773
291 100 347 1144
291 101 347 455
293 103 347 155
293 104 347 80
293 102 347 983
295 105 347 1139
297 106 347 1020
299 107 347 936
301 108 347 1055
304 109 347 1162
304 110 347 233
308 111 347 1442
310 112 347 889
312 113 347 890
316 114 347 1424
318 115 347 1056
318 116 347 45
324 117 347 1620
324 118 347 11
324 119 347 339
329 120 347 1542
334 121 347 1553
334 122 347 403
343 123 347 1802
348 124 347 1529
348 125 347 403
348 126 347 163
350 127 347 922
350 128 347 54
353 129 347 1311
353 130 347 148
355 131 347 954
355 132 347 457
357 133 347 1075
363 134 347 1624
369 135 347 1649
370 136 347 760
372 137 347 1064
372 138 347 304
374 139 347 941
375 140 347 854
378 141 347 1218
380 142 347 964
382 144 347 215
382 143 347 901
392 145 347 1851
404 146 347 1884
406 147 347 1096
408 148 347 1038
408 149 347 237
409 150 347 582
412 151 347 1220
412 152 347 199
413 153 347 845
416 154 347 1155
421 155 347 1515
421 156 347 51
423 157 347 1106
424 158 347 550
429 159 347 1601
431 160 347 975
431 161 347 98
433 162 347 881
439 163 347 1669
441 164 347 1014
444 165 347 1204
446 166 347 984
453 167 347 1739
456 168 347 1191
463 169 347 1699
463 170 347 295
465 171 347 906
468 172 347 1316
470 173 347 995
474 174 347 1410
474 175 347 324
475 176 347 589
479 177 347 1427
484 178 347 1587
489 179 347 1603
489 180 347 444
491 181 347 992
500 182 347 1808
507 183 347 1742
508 184 347 728
509 185 347 852
510 186 347 755
515 187 347 1536
525 188 347 1845
525 189 347 108
530 190 347 1598
535 191 347 1579
536 192 347 514
537 193 347 627
550 194 347 1890
551 195 347 756
551 196 347 336
554 197 347 1219
563 198 347 1811
565 199 347 936
566 201 347 145
566 200 347 866
576 202 347 1830
579 203 347 1264
590 204 347 1866
595 205 347 1601
605 206 347 1829
607 207 347 1128
611 208 347 1360
612 209 347 831
614 210 347 926
615 211 347 549
619 212 347 1444
621 213 347 871
624 214 347 1157
639 215 347 1908
639 216 347 215
641 217 347 1064
643 219 347 162
643 220 347 448
643 218 347 940
647 221 347 1372
656 222 347 1819
658 223 347 1082
658 224 347 101
659 225 347 640
659 226 347 392
660 227 347 689
662 228 347 1030
663 229 347 653
679 230 347 1912
682 231 347 1294
687 232 347 1540
688 233 347 650
689 234 347 736
689 235 347 299
691 236 347 1087
692 237 347 544
701 238 347 1801
703 239 347 1052
705 240 347 947
710 241 347 1552
710 242 347 175
712 243 347 1013
714 244 347 1107
716 245 347 1048
716 246 347 135
721 247 347 1567
725 248 347 1394
740 249 347 1907
741 250 347 541
744 251 347 1197
744 252 347 279
750 253 347 1649
750 254 347 487
754 255 347 1418
754 256 347 250
755 257 347 747
758 258 347 1162
761 259 347 1225
764 260 347 1209
766 261 347 1140
766 262 347 98
767 263 347 707
768 264 347 843
773 265 347 1556
775 266 347 933
776 268 347 135
776 267 347 793
777 269 347 858
778 270 347 820
783 271 347 1595
786 272 347 1188
795 273 347 1812
797 274 347 1139
798 275 347 821
801 276 347 1196
802 277 347 805
816 278 347 1899
818 279 347 977
819 280 347 505
820 281 347 749
823 282 347 1219
825 283 347 1048
825 284 347 112
826 285 347 715
828 286 347 1015
837 288 347 162
837 287 347 1816
840 289 347 1242
840 290 347 48
840 291 347 339
843 292 347 1306
844 293 347 575
852 294 347 1768
859 295 347 1732
863 296 347 1453
867 297 347 1393
867 298 347 170
871 299 347 1476
871 300 347 114
874 301 347 1267
878 302 347 1432
879 303 347 535
881 304 347 1086
883 305 347 870
883 306 347 8
