9 0 1438 1818
12 1 1438 1274
18 2 1438 1643
27 3 1438 1815
29 4 1438 897
33 5 1438 1490
36 6 1438 1186
37 9 1438 380
37 8 1438 320
37 7 1438 644
40 10 1438 1260
45 11 1438 1591
51 12 1438 1678
52 13 1438 542
57 14 1438 1533
57 15 1438 390
58 16 1438 822
60 18 1438 384
60 17 1438 1130
63 19 1438 1143
63 20 1438 362
67 21 1438 1348
67 22 1438 431
70 23 1438 1305
73 24 1438 1199
77 25 1438 1494
84 26 1438 1689
89 27 1438 1580
90 28 1438 852
90 29 1438 443
91 30 1438 849
102 31 1438 1868
109 32 1438 1740
112 35 1438 214
112 36 1438 405
112 33 1438 1330
112 34 1438 49
121 37 1438 1805
124 38 1438 1142
126 39 1438 1094
130 40 1438 1487
137 41 1438 1701
137 42 1438 376
137 43 1438 191
137 44 1438 22
142 45 1438 1583
143 46 1438 615
144 47 1438 614
150 48 1438 1612
150 49 1438 446
150 50 1438 61
150 51 1438 119
151 52 1438 518
152 53 1438 785
152 54 1438 354
152 55 1438 469
153 57 1438 337
153 56 1438 842
154 58 1438 615
157 59 1438 1328
164 60 1438 1725
169 61 1438 1531
176 62 1438 1717
185 63 1438 1801
189 64 1438 1455
192 65 1438 1316
200 68 1438 492
200 66 1438 1775
200 67 1438 347
203 69 1438 1318
219 70 1438 1909
221 71 1438 941
237 72 1438 1912
240 73 1438 1214
245 74 1438 1580
246 75 1438 586
248 77 1438 240
248 76 1438 972
251 78 1438 1283
256 79 1438 1541
258 80 1438 879
260 81 1438 1075
273 82 1438 1892
273 83 1438 405
273 84 1438 382
274 85 1438 730
278 86 1438 1349
280 87 1438 955
282 88 1438 975
287 89 1438 1504
290 90 1438 1297
290 91 1438 68
293 92 1438 1189
300 93 1438 1739
303 94 1438 1294
315 95 1438 1881
331 96 1438 1909
332 97 1438 499
333 98 1438 660
334 99 1438 630
341 100 1438 1732
341 101 1438 267
341 102 1438 121
341 103 1438 294
341 104 1438 462
343 106 1438 132
343 105 1438 1044
346 107 1438 1229
348 108 1438 1129
355 109 1438 1693
359 110 1438 1422
360 111 1438 602
362 112 1438 978
364 113 1438 999
364 114 1438 449
365 115 1438 649
370 116 1438 1563
373 117 1438 1311
377 118 1438 1419
378 119 1438 725
391 120 1438 1892
392 121 1438 820
395 122 1438 1297
397 124 1438 21
397 123 1438 912
407 125 1438 1840
413 126 1438 1676
413 127 1438 173
423 128 1438 1845
429 129 1438 1624
430 130 1438 601
430 131 1438 472
435 132 1438 1504
436 133 1438 652
443 134 1438 1733
444 135 1438 612
446 136 1438 953
451 137 1438 1598
462 138 1438 1868
465 139 1438 1262
466 140 1438 598
466 141 1438 120
474 142 1438 1750
477 144 1438 82
477 143 1438 1207
478 145 1438 694
480 146 1438 1014
480 147 1438 190
483 148 1438 1289
484 149 1438 644
484 150 1438 318
485 151 1438 598
487 152 1438 1005
498 153 1438 1860
499 154 1438 663
501 155 1438 912
503 156 1438 895
505 157 1438 1133
505 158 1438 272
506 159 1438 546
509 160 1438 1292
521 161 1438 1883
524 162 1438 1308
528 163 1438 1430
530 164 1438 1091
532 165 1438 949
534 166 1438 1022
534 167 1438 326
537 168 1438 1190
545 169 1438 1762
551 170 1438 1621
564 171 1438 1889
568 174 1438 126
568 172 1438 1367
568 173 1438 156
576 175 1438 1772
578 176 1438 994
578 177 1438 89
579 178 1438 830
582 179 1438 1251
583 180 1438 826
587 181 1438 1485
588 182 1438 808
591 183 1438 1200
594 184 1438 1306
594 185 1438 3
598 186 1438 1392
603 187 1438 1569
620 188 1438 1914
621 189 1438 821
627 190 1438 1642
634 191 1438 1744
637 192 1438 1325
640 193 1438 1322
653 194 1438 1894
654 195 1438 639
655 196 1438 736
655 197 1438 320
655 198 1438 115
657 199 1438 1057
662 200 1438 1597
663 201 1438 688
665 202 1438 925
669 203 1438 1452
671 204 1438 948
671 205 1438 353
674 206 1438 1155
675 207 1438 848
682 208 1438 1733
683 209 1438 816
693 210 1438 1843
694 211 1438 805
694 212 1438 303
696 213 1438 946
702 214 1438 1644
709 215 1438 1732
711 216 1438 1075
711 217 1438 108
711 218 1438 123
713 219 1438 1088
717 220 1438 1481
721 221 1438 1378
721 222 1438 336
721 223 1438 369
721 224 1438 120
730 225 1438 1801
731 226 1438 564
731 227 1438 45
731 228 1438 187
735 229 1438 1412
737 230 1438 1035
738 231 1438 673
752 232 1438 1898
759 233 1438 1697
764 234 1438 1579
764 235 1438 137
765 236 1438 560
768 237 1438 1281
768 238 1438 252
770 239 1438 953
771 240 1438 773
772 241 1438 544
780 242 1438 1761
782 243 1438 1097
784 244 1438 902
785 245 1438 836
789 246 1438 1441
789 247 1438 379
794 249 1438 162
794 248 1438 1602
798 250 1438 1488
799 251 1438 628
799 252 1438 196
801 253 1438 952
806 254 1438 1500
806 255 1438 218
806 256 1438 351
807 257 1438 555
810 258 1438 1331
812 259 1438 1071
819 260 1438 1714
821 261 1438 1109
822 262 1438 660
822 263 1438 321
829 264 1438 1705
832 265 1438 1169
833 266 1438 831
834 267 1438 530
837 268 1438 1291
842 269 1438 1507
845 270 1438 1171
852 271 1438 1719
860 272 1438 1780
862 273 1438 1095
862 274 1438 315
864 275 1438 937
869 276 1438 1541
872 277 1438 1164
876 278 1438 1391
879 279 1438 1209
879 280 1438 359
879 281 1438 184
879 282 1438 368
879 283 1438 24
889 284 1438 1848
889 285 1438 407
889 286 1438 476
891 288 1438 196
891 287 1438 946
895 289 1438 1360
902 290 1438 1711
902 291 1438 4
914 292 1438 1874
916 293 1438 1105
919 294 1438 1163
924 295 1438 1588
933 296 1438 1808
937 297 1438 1440
940 298 1438 1317
946 299 1438 1658
946 300 1438 4
948 301 1438 911
950 302 1438 1012
950 303 1438 95
952 304 1438 916
959 305 1438 1694
960 306 1438 772
