8 0 597 1756
10 1 597 979
10 2 597 405
10 3 597 410
10 4 597 317
12 5 597 1033
12 6 597 470
12 7 597 171
16 8 597 1435
17 9 597 726
20 10 597 1200
20 11 597 62
20 12 597 197
20 13 597 50
20 14 597 2
29 15 597 1801
30 16 597 802
30 17 597 369
31 18 597 765
34 19 597 1182
34 20 597 422
34 21 597 197
36 22 597 1073
45 23 597 1797
45 24 597 234
51 25 597 1608
52 26 597 744
53 27 597 521
54 28 597 720
55 29 597 512
57 30 597 999
57 31 597 5
59 32 597 891
60 33 597 823
62 34 597 957
62 35 597 85
62 36 597 214
63 37 597 850
65 38 597 1140
68 39 597 1232
71 40 597 1199
71 41 597 201
74 42 597 1326
75 43 597 764
75 44 597 11
77 45 597 1097
85 46 597 1752
86 47 597 824
89 48 597 1163
90 49 597 694
91 50 597 785
93 51 597 904
97 52 597 1429
98 53 597 603
100 54 597 990
105 55 597 1558
115 56 597 1830
116 58 597 175
116 57 597 533
117 59 597 634
117 60 597 289
129 61 597 1873
133 62 597 1376
135 63 597 923
141 64 597 1651
144 65 597 1194
146 66 597 1096
149 67 597 1299
151 68 597 1018
161 69 597 1841
166 70 597 1587
178 71 597 1877
181 72 597 1154
185 73 597 1458
200 74 597 1908
200 75 597 221
201 77 597 309
201 76 597 796
209 78 597 1785
211 79 597 1061
219 80 597 1781
229 81 597 1844
232 82 597 1283
232 83 597 26
238 84 597 1652
238 85 597 95
239 87 597 288
239 86 597 501
247 88 597 1757
250 89 597 1323
250 90 597 179
255 91 597 1605
256 92 597 674
257 93 597 506
259 94 597 942
262 95 597 1251
263 96 597 750
263 97 597 402
265 98 597 1037
266 99 597 741
266 100 597 1
266 101 597 453
273 102 597 1731
276 103 597 1246
278 104 597 1032
279 105 597 832
285 106 597 1674
298 107 597 1895
299 108 597 620
300 109 597 769
301 110 597 762
306 111 597 1521
307 112 597 672
309 113 597 1038
310 115 597 369
310 114 597 777
311 116 597 589
315 117 597 1349
318 118 597 1196
323 119 597 1556
324 120 597 693
325 121 597 808
329 122 597 1466
335 123 597 1619
341 124 597 1662
356 125 597 1906
359 126 597 1202
360 127 597 648
361 128 597 515
362 129 597 656
366 130 597 1395
366 131 597 393
369 132 597 1196
371 133 597 1043
373 134 597 1060
376 135 597 1328
376 136 597 113
376 137 597 36
378 138 597 918
379 139 597 819
379 140 597 345
380 141 597 531
385 142 597 1593
387 143 597 988
388 144 597 561
389 145 597 583
391 146 597 933
396 147 597 1560
402 148 597 1653
403 149 597 573
404 150 597 661
407 151 597 1325
409 152 597 1131
413 154 597 48
413 153 597 1406
415 155 597 1117
417 156 597 911
417 157 597 111
422 158 597 1509
424 159 597 1051
429 160 597 1555
431 161 597 1026
435 162 597 1379
448 163 597 1888
451 164 597 1298
451 165 597 368
451 166 597 324
456 167 597 1553
470 168 597 1903
474 169 597 1374
474 170 597 256
475 173 597 377
475 172 597 430
475 171 597 553
478 174 597 1210
478 175 597 161
480 176 597 1140
480 177 597 477
482 178 597 1058
484 179 597 1078
486 180 597 972
491 181 597 1567
493 182 597 919
504 183 597 1867
523 184 597 1919
523 185 597 70
526 186 597 1187
533 187 597 1714
535 188 597 995
546 191 597 1
546 192 597 452
546 189 597 1867
546 190 597 416
554 193 597 1792
557 194 597 1189
560 195 597 1244
562 196 597 1076
568 197 597 1629
574 199 597 192
574 200 597 259
574 198 597 1615
577 201 597 1304
582 202 597 1582
582 203 597 278
582 204 597 316
582 205 597 108
584 206 597 894
585 207 597 754
585 208 597 196
594 209 597 1812
608 211 597 434
608 210 597 1902
610 212 597 977
610 213 597 431
610 214 597 78
626 215 597 1912
626 216 597 106
630 217 597 1437
643 218 597 1893
646 219 597 1227
648 220 597 1105
649 221 597 534
650 222 597 558
650 223 597 35
652 224 597 958
652 225 597 254
652 226 597 101
653 227 597 563
655 228 597 1112
668 229 597 1891
670 230 597 1010
674 231 597 1435
675 232 597 787
676 233 597 866
677 234 597 819
682 235 597 1592
698 236 597 1910
699 237 597 641
704 238 597 1550
713 239 597 1811
715 240 597 1101
715 241 597 432
720 242 597 1518
722 243 597 1107
735 244 597 1889
750 245 597 1907
752 246 597 949
752 247 597 20
759 248 597 1714
762 249 597 1201
764 250 597 1137
769 251 597 1564
775 252 597 1660
775 253 597 388
777 254 597 1011
783 255 597 1649
784 256 597 746
789 257 597 1546
792 261 597 331
792 260 597 7
792 259 597 62
792 258 597 1245
797 262 597 1566
797 263 597 230
798 264 597 801
798 265 597 467
803 266 597 1572
803 267 597 111
808 270 597 2
808 268 597 1536
808 269 597 410
812 271 597 1390
821 272 597 1811
821 273 597 82
821 274 597 126
822 275 597 672
824 276 597 941
828 278 597 70
828 277 597 1375
830 279 597 976
833 280 597 1230
833 281 597 80
834 282 597 773
844 283 597 1836
845 284 597 753
849 285 597 1371
856 286 597 1699
856 287 597 399
864 288 597 1779
866 289 597 1095
867 290 597 846
867 291 597 363
870 292 597 1320
874 293 597 1487
883 294 597 1804
884 295 597 769
885 296 597 791
888 297 597 1288
888 298 597 305
892 299 597 1422
892 300 597 335
893 301 597 837
893 302 597 409
896 303 597 1303
899 304 597 1198
905 305 597 1671
911 306 597 1677
