0 0 1750 413
5 1 1750 1550
5 2 1750 134
7 3 1750 1088
9 4 1750 1034
11 5 1750 1102
13 6 1750 1078
14 7 1750 578
17 8 1750 1206
22 9 1750 1530
23 10 1750 664
23 11 1750 471
26 12 1750 1252
28 13 1750 982
28 14 1750 395
32 15 1750 1488
34 16 1750 947
36 19 1750 142
36 18 1750 82
36 17 1750 933
37 20 1750 679
42 21 1750 1574
45 22 1750 1242
46 23 1750 588
49 24 1750 1254
56 25 1750 1742
61 26 1750 1569
62 27 1750 863
66 28 1750 1451
69 29 1750 1197
70 30 1750 814
74 31 1750 1397
79 32 1750 1533
79 33 1750 87
79 34 1750 212
83 35 1750 1431
83 36 1750 393
84 37 1750 773
85 38 1750 589
85 39 1750 172
94 40 1750 1821
95 41 1750 812
100 42 1750 1562
101 43 1750 609
108 44 1750 1717
110 45 1750 960
111 47 1750 298
111 46 1750 650
117 48 1750 1643
117 49 1750 233
117 50 1750 65
119 51 1750 1126
122 52 1750 1150
124 53 1750 966
132 54 1750 1789
133 56 1750 307
133 55 1750 763
137 57 1750 1470
145 58 1750 1758
148 59 1750 1217
152 60 1750 1457
152 61 1750 214
154 62 1750 1052
154 63 1750 9
155 64 1750 715
158 65 1750 1192
159 66 1750 863
162 67 1750 1165
163 68 1750 769
165 69 1750 888
167 70 1750 1094
167 71 1750 174
167 72 1750 344
177 73 1750 1835
177 74 1750 245
185 76 1750 12
185 75 1750 1792
186 77 1750 633
187 78 1750 795
187 79 1750 293
189 80 1750 1092
192 81 1750 1270
195 82 1750 1145
198 83 1750 1217
200 84 1750 1132
206 86 1750 246
206 85 1750 1613
207 87 1750 567
207 88 1750 223
211 89 1750 1374
213 90 1750 1123
214 91 1750 847
216 92 1750 939
219 93 1750 1296
220 94 1750 639
225 95 1750 1606
231 96 1750 1685
236 97 1750 1552
245 98 1750 1818
246 99 1750 525
246 100 1750 97
250 101 1750 1409
254 102 1750 1454
255 103 1750 754
257 104 1750 1064
266 105 1750 1815
267 106 1750 781
270 107 1750 1240
271 108 1750 720
292 109 1750 1921
293 110 1750 750
298 111 1750 1599
299 112 1750 674
303 115 1750 187
303 114 1750 125
303 113 1750 1464
305 116 1750 994
313 117 1750 1760
314 118 1750 801
316 119 1750 1027
318 120 1750 946
318 121 1750 295
320 122 1750 942
323 123 1750 1320
330 125 1750 246
330 124 1750 1690
333 126 1750 1160
335 127 1750 972
338 128 1750 1195
339 129 1750 564
339 130 1750 106
339 131 1750 384
340 134 1750 196
340 133 1750 270
340 132 1750 739
346 135 1750 1607
353 136 1750 1741
353 137 1750 390
353 138 1750 152
356 139 1750 1241
357 140 1750 831
359 141 1750 931
367 143 1750 226
367 142 1750 1772
368 144 1750 623
372 145 1750 1448
372 146 1750 173
376 147 1750 1399
379 148 1750 1171
379 149 1750 452
380 150 1750 612
390 151 1750 1850
391 152 1750 751
392 153 1750 791
397 154 1750 1504
404 155 1750 1726
404 156 1750 467
404 157 1750 133
406 158 1750 989
407 159 1750 817
408 160 1750 655
415 163 1750 155
415 162 1750 44
415 161 1750 1734
424 164 1750 1815
424 165 1750 365
425 166 1750 860
425 167 1750 404
428 168 1750 1268
428 169 1750 443
428 170 1750 370
429 171 1750 603
435 172 1750 1607
439 173 1750 1484
439 174 1750 195
439 175 1750 15
439 176 1750 448
440 177 1750 715
441 178 1750 696
441 179 1750 241
441 180 1750 73
447 181 1750 1685
454 182 1750 1726
455 183 1750 742
467 184 1750 1877
467 185 1750 181
472 186 1750 1558
484 187 1750 1872
485 188 1750 690
485 189 1750 394
487 190 1750 1139
493 191 1750 1608
496 192 1750 1326
499 193 1750 1260
500 194 1750 586
502 195 1750 1022
504 196 1750 886
510 197 1750 1616
510 198 1750 335
510 199 1750 257
511 200 1750 588
518 201 1750 1693
518 202 1750 131
519 203 1750 727
519 204 1750 82
519 205 1750 8
519 206 1750 243
522 207 1750 1191
523 208 1750 596
527 209 1750 1489
530 210 1750 1277
536 211 1750 1677
540 212 1750 1361
541 213 1750 747
542 214 1750 743
544 215 1750 895
544 216 1750 8
547 217 1750 1226
547 218 1750 203
553 219 1750 1633
554 220 1750 732
556 221 1750 912
562 222 1750 1638
564 223 1750 873
567 224 1750 1229
568 225 1750 687
571 226 1750 1202
571 227 1750 346
573 228 1750 898
575 229 1750 1097
577 230 1750 1053
578 231 1750 757
578 232 1750 379
578 233 1750 439
583 234 1750 1578
583 235 1750 305
588 236 1750 1553
590 237 1750 998
591 238 1750 660
602 239 1750 1868
613 240 1750 1863
613 241 1750 366
616 242 1750 1276
618 243 1750 1126
620 244 1750 1042
624 245 1750 1387
624 246 1750 246
625 247 1750 579
626 248 1750 517
632 249 1750 1615
634 250 1750 1014
639 251 1750 1584
643 252 1750 1412
644 253 1750 627
648 254 1750 1450
653 255 1750 1600
653 256 1750 54
656 257 1750 1183
660 258 1750 1423
663 259 1750 1319
664 260 1750 731
673 261 1750 1821
673 262 1750 293
677 263 1750 1423
677 264 1750 435
678 265 1750 520
681 266 1750 1297
683 267 1750 922
685 269 1750 438
685 268 1750 1093
688 270 1750 1266
690 271 1750 934
691 272 1750 565
691 273 1750 260
698 274 1750 1695
698 275 1750 365
703 276 1750 1560
704 277 1750 512
712 278 1750 1756
720 279 1750 1767
720 280 1750 441
721 281 1750 623
729 282 1750 1754
732 283 1750 1207
732 284 1750 83
736 285 1750 1394
739 286 1750 1269
745 287 1750 1677
747 288 1750 913
761 289 1750 1902
761 290 1750 250
761 291 1750 370
766 292 1750 1500
769 293 1750 1266
771 294 1750 1137
771 295 1750 41
771 296 1750 73
779 297 1750 1778
780 298 1750 690
781 299 1750 521
781 300 1750 89
784 301 1750 1248
788 302 1750 1410
788 303 1750 79
788 304 1750 349
788 305 1750 80
790 306 1750 1018
