2 0 391 910
2 1 391 397
9 2 391 1722
9 3 391 108
12 4 391 1266
13 5 391 573
17 6 391 1377
20 7 391 1187
21 8 391 695
24 9 391 1170
26 10 391 1020
28 11 391 1078
29 12 391 853
35 13 391 1614
35 14 391 225
37 15 391 1130
43 16 391 1673
45 17 391 870
50 18 391 1498
50 19 391 379
52 20 391 1064
54 21 391 1046
54 22 391 80
55 23 391 695
57 24 391 1102
61 25 391 1384
62 26 391 581
66 27 391 1457
90 28 391 1923
92 29 391 1104
94 30 391 969
94 31 391 33
95 32 391 842
105 36 391 296
105 35 391 73
105 37 391 417
105 33 391 1851
105 34 391 40
110 38 391 1501
110 39 391 34
113 40 391 1275
118 41 391 1540
120 42 391 1078
120 43 391 195
125 44 391 1522
126 45 391 848
129 46 391 1160
130 47 391 748
130 48 391 452
130 49 391 190
131 50 391 716
132 51 391 799
133 52 391 776
137 53 391 1468
150 54 391 1890
158 56 391 316
158 55 391 1789
160 57 391 1027
162 58 391 931
171 59 391 1806
189 60 391 1916
199 61 391 1844
202 62 391 1189
207 63 391 1516
207 64 391 200
209 66 391 236
209 65 391 987
211 67 391 926
216 68 391 1573
216 69 391 152
217 70 391 834
220 71 391 1256
223 72 391 1294
227 73 391 1463
229 74 391 1029
233 75 391 1449
246 76 391 1892
255 77 391 1810
257 78 391 1097
257 79 391 253
257 80 391 224
265 81 391 1757
267 82 391 1005
274 83 391 1733
274 84 391 387
274 85 391 169
277 86 391 1182
280 87 391 1298
293 88 391 1886
293 89 391 176
299 90 391 1682
302 91 391 1193
306 92 391 1410
312 93 391 1619
312 94 391 42
316 96 391 351
316 95 391 1356
320 97 391 1487
339 98 391 1919
340 99 391 535
341 100 391 612
341 101 391 233
343 102 391 1099
343 103 391 300
346 104 391 1281
350 105 391 1385
354 106 391 1430
357 107 391 1237
357 108 391 439
357 109 391 440
366 110 391 1822
366 111 391 430
377 112 391 1854
378 113 391 678
383 115 391 158
383 114 391 1582
384 116 391 839
388 117 391 1381
390 118 391 1128
390 119 391 30
397 120 391 1730
398 121 391 862
400 122 391 965
404 124 391 394
404 123 391 1397
409 125 391 1565
417 126 391 1770
422 127 391 1599
426 128 391 1421
431 129 391 1597
433 130 391 1098
433 131 391 405
442 132 391 1815
443 133 391 562
448 134 391 1565
465 135 391 1915
466 136 391 658
467 137 391 704
467 138 391 452
469 139 391 927
470 140 391 664
481 141 391 1869
482 142 391 859
486 144 391 279
486 143 391 1445
489 145 391 1251
492 146 391 1264
493 147 391 732
493 148 391 36
502 149 391 1808
503 150 391 516
505 151 391 895
505 152 391 358
518 153 391 1889
519 154 391 729
525 155 391 1674
528 156 391 1192
534 157 391 1627
544 158 391 1830
550 159 391 1640
555 160 391 1539
563 161 391 1755
570 162 391 1741
571 163 391 766
574 164 391 1267
578 165 391 1416
579 166 391 540
582 167 391 1291
584 168 391 1037
589 169 391 1592
593 170 391 1425
593 171 391 134
595 173 391 201
595 172 391 928
598 174 391 1291
606 175 391 1785
606 176 391 3
610 177 391 1444
612 178 391 1118
614 179 391 1068
614 180 391 300
616 181 391 1038
621 182 391 1563
626 183 391 1537
628 184 391 1080
628 185 391 203
628 186 391 46
638 187 391 1851
646 188 391 1757
655 189 391 1816
656 190 391 722
658 191 391 955
659 192 391 798
660 193 391 736
663 194 391 1313
664 195 391 833
664 196 391 128
664 197 391 92
664 198 391 178
665 199 391 787
666 200 391 711
680 201 391 1897
686 202 391 1619
686 203 391 369
686 204 391 382
686 205 391 382
699 206 391 1891
699 207 391 157
700 208 391 597
702 209 391 869
708 210 391 1670
714 211 391 1673
715 212 391 508
716 213 391 762
719 214 391 1339
720 215 391 500
720 216 391 192
720 217 391 203
726 218 391 1610
728 219 391 1064
732 220 391 1369
733 221 391 614
737 222 391 1458
740 223 391 1146
742 224 391 869
742 225 391 470
745 226 391 1260
745 227 391 192
746 228 391 813
746 229 391 457
752 230 391 1657
762 231 391 1836
765 232 391 1266
765 233 391 331
765 234 391 356
765 235 391 327
768 236 391 1344
771 237 391 1193
774 238 391 1155
775 240 391 236
775 239 391 698
784 241 391 1814
787 242 391 1253
789 243 391 888
789 244 391 145
791 245 391 974
791 246 391 447
791 247 391 36
794 248 391 1321
795 249 391 812
796 250 391 641
806 251 391 1850
806 252 391 406
808 253 391 1039
811 256 391 439
811 257 391 473
811 254 391 1342
811 255 391 97
815 258 391 1425
825 259 391 1837
827 260 391 1046
834 261 391 1699
837 262 391 1268
837 263 391 140
839 264 391 1136
847 267 391 177
847 268 391 405
847 265 391 1759
847 266 391 406
849 269 391 1012
851 270 391 1080
853 271 391 923
855 272 391 973
857 273 391 912
858 274 391 827
862 275 391 1479
865 276 391 1285
866 277 391 570
868 278 391 1000
877 279 391 1819
877 280 391 22
880 281 391 1224
881 282 391 795
881 283 391 0
888 284 391 1741
895 285 391 1731
899 287 391 227
899 286 391 1429
901 288 391 913
901 289 391 259
910 290 391 1813
912 291 391 870
919 292 391 1693
922 293 391 1242
927 294 391 1577
927 295 391 462
928 296 391 546
930 297 391 1113
936 298 391 1676
936 299 391 311
937 300 391 568
937 301 391 270
942 302 391 1555
942 303 391 309
948 304 391 1656
954 305 391 1642
956 306 391 877
