2 0 1411 1067
4 1 1411 905
6 2 1411 993
10 3 1411 1366
12 4 1411 913
14 5 1411 1140
20 6 1411 1611
20 7 1411 443
22 8 1411 954
23 9 1411 645
35 10 1411 1881
36 11 1411 813
36 12 1411 481
36 13 1411 50
37 14 1411 766
39 15 1411 928
40 16 1411 702
40 17 1411 283
42 18 1411 1003
44 19 1411 1130
54 20 1411 1829
56 21 1411 942
60 22 1411 1436
60 23 1411 36
62 24 1411 1052
69 25 1411 1730
71 26 1411 1101
72 27 1411 780
73 28 1411 611
74 29 1411 573
76 30 1411 1063
79 31 1411 1230
90 32 1411 1872
90 33 1411 263
91 34 1411 725
92 35 1411 817
98 36 1411 1642
101 37 1411 1318
113 38 1411 1878
114 39 1411 702
114 40 1411 338
117 41 1411 1268
121 42 1411 1390
121 43 1411 160
122 45 1411 429
122 46 1411 434
122 44 1411 621
123 47 1411 669
128 48 1411 1502
128 49 1411 72
133 50 1411 1595
133 51 1411 228
133 52 1411 405
138 53 1411 1495
142 54 1411 1482
142 55 1411 124
146 56 1411 1394
148 57 1411 957
148 58 1411 313
150 59 1411 1107
150 60 1411 38
151 61 1411 830
159 62 1411 1756
159 63 1411 380
164 64 1411 1506
165 65 1411 650
166 67 1411 217
166 66 1411 865
169 68 1411 1249
181 69 1411 1874
184 70 1411 1211
187 71 1411 1308
187 72 1411 329
187 73 1411 301
188 74 1411 792
189 75 1411 561
193 76 1411 1477
196 77 1411 1275
199 78 1411 1339
200 79 1411 623
203 80 1411 1295
203 81 1411 432
206 82 1411 1202
207 83 1411 539
209 84 1411 903
210 85 1411 835
211 86 1411 825
211 87 1411 376
212 88 1411 706
213 89 1411 600
217 90 1411 1348
218 91 1411 684
220 92 1411 1005
221 93 1411 771
222 94 1411 663
226 95 1411 1432
230 96 1411 1436
232 97 1411 1009
233 98 1411 578
247 99 1411 1896
251 100 1411 1488
251 101 1411 216
254 102 1411 1344
259 103 1411 1553
260 105 1411 286
260 104 1411 785
269 106 1411 1823
269 107 1411 104
270 108 1411 703
272 109 1411 920
273 110 1411 572
273 111 1411 118
278 112 1411 1542
284 113 1411 1614
291 114 1411 1737
296 115 1411 1531
301 116 1411 1553
304 117 1411 1217
308 118 1411 1402
309 119 1411 671
316 120 1411 1750
316 121 1411 489
320 122 1411 1436
321 123 1411 648
322 124 1411 525
323 125 1411 526
323 126 1411 303
327 127 1411 1483
332 128 1411 1562
335 129 1411 1285
337 130 1411 1050
337 131 1411 467
338 132 1411 697
342 133 1411 1368
344 134 1411 1060
346 135 1411 1078
348 136 1411 1012
353 137 1411 1573
359 138 1411 1678
360 139 1411 616
362 140 1411 936
363 141 1411 721
368 142 1411 1598
375 144 1411 28
375 143 1411 1710
378 145 1411 1230
380 146 1411 1066
383 147 1411 1316
385 148 1411 959
387 149 1411 1057
396 150 1411 1803
396 151 1411 218
401 152 1411 1532
411 154 1411 146
411 153 1411 1831
413 155 1411 999
414 156 1411 705
415 157 1411 696
417 158 1411 1027
417 159 1411 259
432 160 1411 1908
432 161 1411 340
432 162 1411 467
435 163 1411 1343
444 164 1411 1795
444 165 1411 104
448 166 1411 1346
448 167 1411 174
449 168 1411 553
450 169 1411 658
451 170 1411 519
466 171 1411 1904
470 172 1411 1464
471 173 1411 785
477 174 1411 1660
479 175 1411 1029
480 176 1411 815
486 177 1411 1651
487 178 1411 620
490 179 1411 1220
494 180 1411 1384
496 181 1411 912
497 182 1411 523
498 183 1411 504
502 184 1411 1406
503 185 1411 831
504 186 1411 859
505 187 1411 790
508 188 1411 1222
508 189 1411 61
508 190 1411 373
508 191 1411 316
509 192 1411 545
513 193 1411 1418
514 194 1411 633
515 195 1411 595
515 196 1411 254
515 197 1411 255
525 198 1411 1839
535 199 1411 1849
544 200 1411 1809
546 201 1411 892
547 203 1411 301
547 202 1411 762
548 204 1411 538
557 205 1411 1823
558 206 1411 678
559 207 1411 747
559 208 1411 171
561 209 1411 1042
561 210 1411 183
563 212 1411 75
563 211 1411 978
570 213 1411 1732
571 214 1411 799
573 215 1411 996
580 216 1411 1742
593 217 1411 1887
604 218 1411 1861
606 219 1411 964
609 220 1411 1169
610 221 1411 555
612 222 1411 877
612 223 1411 492
612 224 1411 284
612 225 1411 203
616 226 1411 1359
616 227 1411 45
616 228 1411 151
618 229 1411 1064
619 230 1411 774
620 231 1411 559
627 232 1411 1736
628 233 1411 696
631 234 1411 1336
631 235 1411 492
631 236 1411 149
631 237 1411 222
644 238 1411 1891
649 241 1411 112
649 239 1411 1507
649 240 1411 153
650 242 1411 618
650 243 1411 180
659 244 1411 1802
662 245 1411 1320
662 246 1411 240
663 247 1411 738
664 248 1411 619
669 249 1411 1562
670 250 1411 778
670 251 1411 291
670 252 1411 318
672 253 1411 875
673 254 1411 679
676 260 1411 464
676 259 1411 335
676 258 1411 16
676 256 1411 14
676 255 1411 1253
676 257 1411 270
677 261 1411 632
678 262 1411 595
680 263 1411 1032
680 264 1411 267
685 265 1411 1548
688 266 1411 1167
691 269 1411 307
691 268 1411 396
691 267 1411 1304
692 270 1411 846
697 271 1411 1519
717 272 1411 1920
717 273 1411 354
718 274 1411 810
720 275 1411 1057
731 276 1411 1862
732 277 1411 697
733 278 1411 614
735 279 1411 889
748 280 1411 1888
749 281 1411 621
753 282 1411 1351
754 283 1411 514
754 284 1411 286
754 285 1411 483
754 286 1411 241
755 290 1411 477
755 289 1411 83
755 287 1411 861
755 288 1411 17
764 291 1411 1804
764 292 1411 206
769 293 1411 1556
771 294 1411 1042
775 295 1411 1445
779 296 1411 1442
784 297 1411 1511
794 298 1411 1838
794 299 1411 254
794 300 1411 152
795 301 1411 860
795 302 1411 342
795 303 1411 312
796 304 1411 715
799 305 1411 1184
799 306 1411 296
