1 0 523 797
5 1 523 1415
5 2 523 324
13 3 523 1763
17 4 523 1411
17 5 523 402
18 6 523 668
23 7 523 1590
24 8 523 858
30 9 523 1640
33 10 523 1335
33 11 523 464
39 12 523 1656
45 13 523 1667
50 14 523 1550
52 15 523 982
58 16 523 1618
60 19 523 405
60 17 523 908
60 18 523 336
62 20 523 946
67 21 523 1598
67 22 523 371
68 23 523 839
73 24 523 1603
75 25 523 960
76 26 523 506
79 27 523 1178
80 28 523 548
83 29 523 1212
91 30 523 1785
99 31 523 1754
103 32 523 1408
105 34 523 48
105 33 523 994
106 35 523 545
113 37 523 245
113 36 523 1711
119 38 523 1688
119 39 523 121
125 40 523 1660
129 41 523 1470
130 42 523 835
134 43 523 1431
138 44 523 1457
138 45 523 366
144 46 523 1609
157 47 523 1894
158 48 523 701
162 49 523 1428
163 50 523 546
163 51 523 308
164 52 523 708
166 53 523 1024
167 54 523 536
169 55 523 1124
171 56 523 1044
175 57 523 1410
175 58 523 159
175 59 523 450
184 60 523 1820
188 61 523 1415
190 62 523 1041
195 63 523 1570
203 64 523 1779
208 65 523 1505
210 66 523 980
211 67 523 661
217 68 523 1618
219 69 523 1004
222 70 523 1196
226 71 523 1372
229 72 523 1145
229 73 523 215
230 74 523 669
234 75 523 1400
235 76 523 762
236 77 523 865
239 78 523 1306
242 79 523 1236
245 80 523 1276
246 81 523 536
246 82 523 477
248 83 523 1044
249 84 523 666
253 85 523 1476
255 86 523 1046
255 87 523 384
255 88 523 458
256 89 523 849
260 90 523 1426
260 91 523 300
260 92 523 86
263 96 523 428
263 95 523 245
263 93 523 1237
263 94 523 225
266 97 523 1189
271 98 523 1576
283 99 523 1877
286 100 523 1310
288 101 523 947
288 102 523 276
294 104 523 232
294 103 523 1621
296 105 523 1099
298 106 523 1088
298 107 523 493
298 108 523 354
300 111 523 178
300 112 523 104
300 109 523 1060
300 110 523 361
301 113 523 848
303 114 523 1098
306 115 523 1283
308 116 523 937
329 117 523 1922
331 118 523 904
331 119 523 303
331 120 523 459
332 121 523 596
332 122 523 203
333 123 523 769
338 124 523 1502
340 125 523 896
343 126 523 1286
353 127 523 1832
370 128 523 1914
370 129 523 423
372 130 523 971
377 131 523 1497
380 132 523 1213
384 133 523 1354
394 134 523 1851
394 135 523 329
394 136 523 260
395 137 523 781
396 138 523 812
400 139 523 1492
400 140 523 388
401 141 523 552
401 142 523 30
404 144 523 488
404 143 523 1322
407 145 523 1248
407 146 523 195
410 147 523 1163
410 148 523 138
411 149 523 867
414 150 523 1233
414 151 523 431
414 152 523 285
417 153 523 1273
421 154 523 1417
422 155 523 714
423 156 523 744
427 157 523 1432
427 158 523 118
430 159 523 1260
437 160 523 1737
440 161 523 1180
441 162 523 503
452 163 523 1855
452 164 523 88
453 165 523 788
455 166 523 890
456 167 523 675
458 168 523 921
459 169 523 769
461 170 523 1022
461 171 523 156
463 172 523 1109
466 173 523 1337
476 174 523 1839
486 175 523 1831
487 176 523 565
488 177 523 805
488 178 523 280
488 179 523 254
489 180 523 700
489 181 523 123
496 182 523 1694
498 183 523 1047
500 184 523 1115
501 185 523 540
504 186 523 1212
515 187 523 1865
526 188 523 1861
528 189 523 1136
533 190 523 1510
534 191 523 753
535 192 523 662
539 193 523 1477
545 194 523 1679
547 195 523 1133
547 196 523 49
547 197 523 99
550 198 523 1233
556 199 523 1624
556 200 523 357
560 202 523 241
560 201 523 1445
563 203 523 1294
571 204 523 1769
573 205 523 1076
576 206 523 1247
578 207 523 873
582 208 523 1359
587 209 523 1510
587 210 523 148
598 211 523 1863
601 212 523 1151
609 213 523 1788
610 214 523 559
616 215 523 1614
620 216 523 1411
624 217 523 1380
625 218 523 739
629 219 523 1473
634 220 523 1500
636 221 523 949
637 222 523 738
644 223 523 1710
647 224 523 1184
647 225 523 269
651 226 523 1418
656 227 523 1557
661 228 523 1582
662 229 523 706
670 231 523 466
670 230 523 1782
675 232 523 1497
676 233 523 581
685 234 523 1821
688 235 523 1180
697 236 523 1807
697 237 523 400
700 238 523 1203
700 239 523 39
703 241 523 339
703 240 523 1217
704 242 523 506
704 243 523 351
706 244 523 987
711 245 523 1571
716 246 523 1527
717 247 523 799
719 248 523 917
719 249 523 65
725 250 523 1647
726 251 523 593
729 252 523 1285
735 253 523 1685
735 254 523 123
738 255 523 1333
739 256 523 706
739 257 523 455
739 258 523 109
744 259 523 1500
749 260 523 1582
755 261 523 1615
758 262 523 1215
759 263 523 652
765 264 523 1653
771 265 523 1607
771 266 523 366
772 267 523 569
785 268 523 1891
788 269 523 1304
795 270 523 1732
797 271 523 1010
797 272 523 177
798 273 523 700
798 274 523 255
801 275 523 1161
801 276 523 443
801 277 523 387
802 278 523 722
807 279 523 1537
808 280 523 666
809 281 523 619
810 282 523 639
815 283 523 1517
817 284 523 984
820 285 523 1188
822 286 523 1106
829 290 523 474
829 289 523 488
829 288 523 457
829 287 523 1737
833 291 523 1351
833 292 523 290
839 293 523 1628
839 294 523 381
844 295 523 1527
846 296 523 1048
854 297 523 1778
855 298 523 623
858 299 523 1305
861 300 523 1205
863 301 523 957
864 302 523 832
869 303 523 1538
869 304 523 258
870 305 523 636
870 306 523 416
