0 0 647 39
0 1 647 173
8 2 647 1762
9 3 647 532
12 4 647 1164
15 5 647 1315
16 6 647 695
16 7 647 476
17 9 647 77
17 8 647 722
23 10 647 1687
24 11 647 808
28 12 647 1391
36 13 647 1790
41 14 647 1537
44 15 647 1233
52 16 647 1791
54 17 647 908
63 19 647 22
63 18 647 1814
67 20 647 1365
67 21 647 316
68 22 647 855
72 23 647 1486
73 24 647 643
74 25 647 567
74 26 647 393
76 27 647 989
77 28 647 651
88 29 647 1867
88 30 647 427
92 31 647 1469
93 32 647 505
98 33 647 1509
99 34 647 616
99 35 647 227
111 36 647 1879
113 37 647 967
116 38 647 1328
116 39 647 26
121 40 647 1514
121 41 647 423
123 42 647 906
123 43 647 66
125 44 647 1090
126 45 647 674
133 46 647 1715
140 47 647 1734
145 48 647 1516
150 49 647 1510
151 50 647 632
157 51 647 1608
157 52 647 110
159 53 647 892
160 54 647 646
166 55 647 1648
169 57 647 276
169 56 647 1243
178 58 647 1814
179 59 647 596
181 60 647 921
187 61 647 1630
194 62 647 1750
195 63 647 780
200 65 647 217
200 66 647 302
200 64 647 1574
209 67 647 1807
212 68 647 1174
215 69 647 1309
218 70 647 1279
219 71 647 823
224 72 647 1505
232 74 647 433
232 73 647 1787
234 75 647 941
237 76 647 1335
238 77 647 788
238 78 647 396
251 79 647 1894
252 80 647 777
253 81 647 584
257 82 647 1398
259 83 647 1065
262 84 647 1234
263 85 647 744
267 86 647 1358
272 87 647 1538
273 88 647 862
275 89 647 893
277 90 647 909
282 91 647 1603
284 92 647 1078
285 93 647 731
287 94 647 1029
296 95 647 1808
297 96 647 598
297 97 647 125
297 98 647 417
299 99 647 872
299 100 647 372
309 101 647 1833
310 102 647 559
310 103 647 206
310 104 647 230
317 108 647 459
317 107 647 247
317 105 647 1733
317 106 647 103
323 109 647 1629
323 110 647 312
323 111 647 454
332 112 647 1804
342 113 647 1844
349 116 647 232
349 115 647 337
349 114 647 1744
350 117 647 684
354 118 647 1470
355 119 647 830
356 120 647 784
357 121 647 689
359 123 647 281
359 124 647 400
359 122 647 944
364 125 647 1601
370 126 647 1670
371 127 647 773
372 128 647 758
373 129 647 549
373 130 647 343
376 132 647 371
376 131 647 1209
380 133 647 1449
385 134 647 1522
387 135 647 868
387 136 647 24
390 137 647 1192
391 138 647 834
395 139 647 1425
396 140 647 640
398 141 647 1110
400 142 647 1078
403 143 647 1157
404 145 647 454
404 144 647 580
411 146 647 1723
414 147 647 1158
416 148 647 912
417 149 647 692
422 150 647 1576
432 151 647 1839
433 152 647 580
438 154 647 88
438 153 647 1511
444 155 647 1607
446 156 647 889
446 157 647 278
453 158 647 1730
454 159 647 554
454 160 647 63
457 161 647 1254
461 162 647 1414
471 163 647 1834
474 164 647 1286
476 165 647 1028
476 166 647 82
476 167 647 355
476 168 647 322
478 169 647 875
478 170 647 312
480 171 647 965
488 174 647 189
488 173 647 45
488 172 647 1774
493 175 647 1598
498 176 647 1535
505 177 647 1711
511 178 647 1626
522 179 647 1870
531 180 647 1802
532 181 647 512
540 183 647 66
540 182 647 1785
542 184 647 898
542 185 647 429
543 186 647 629
544 187 647 785
548 188 647 1361
558 189 647 1839
573 190 647 1904
579 191 647 1671
583 193 647 280
583 192 647 1386
587 194 647 1362
590 195 647 1311
596 196 647 1621
599 197 647 1169
608 198 647 1796
612 199 647 1476
612 200 647 372
616 201 647 1368
617 204 647 379
617 202 647 835
617 203 647 37
618 205 647 611
618 206 647 64
619 207 647 534
622 210 647 72
622 208 647 1321
622 209 647 414
624 211 647 1102
625 212 647 577
633 213 647 1784
634 214 647 677
638 215 647 1475
642 216 647 1394
646 217 647 1348
648 218 647 935
649 219 647 857
649 220 647 399
652 221 647 1222
654 222 647 918
654 223 647 408
656 224 647 896
657 225 647 565
662 226 647 1503
666 227 647 1494
667 228 647 607
668 229 647 803
682 231 647 365
682 230 647 1902
692 232 647 1839
692 233 647 149
697 234 647 1498
697 235 647 434
702 236 647 1601
709 237 647 1748
715 241 647 94
715 240 647 364
715 238 647 1611
715 239 647 287
719 242 647 1388
721 243 647 946
729 244 647 1766
730 245 647 801
732 246 647 1094
737 247 647 1526
742 248 647 1528
751 249 647 1811
761 250 647 1841
761 251 647 273
761 252 647 233
763 253 647 939
765 254 647 1077
767 255 647 1074
767 256 647 449
767 257 647 426
769 258 647 1065
776 259 647 1738
778 260 647 1032
778 261 647 495
788 262 647 1851
789 263 647 518
789 264 647 437
795 265 647 1631
798 268 647 286
798 269 647 242
798 266 647 1188
798 267 647 428
807 270 647 1798
812 271 647 1570
818 272 647 1661
819 273 647 647
819 274 647 492
819 275 647 304
827 276 647 1759
841 277 647 1897
842 278 647 566
842 279 647 94
846 280 647 1396
860 281 647 1902
873 282 647 1891
874 283 647 721
876 284 647 886
882 285 647 1629
882 286 647 132
884 287 647 900
886 288 647 996
886 289 647 423
902 290 647 1909
905 291 647 1174
906 292 647 682
915 293 647 1797
918 294 647 1180
926 295 647 1793
926 296 647 167
928 297 647 870
929 298 647 509
929 299 647 135
934 300 647 1538
935 301 647 666
938 302 647 1240
941 303 647 1285
941 304 647 12
941 305 647 271
942 306 647 536
