0 0 1451 269
4 1 1451 1459
6 2 1451 1005
8 3 1451 1077
10 4 1451 890
16 5 1451 1664
18 6 1451 974
25 8 1451 2
25 7 1451 1707
28 9 1451 1211
30 10 1451 949
30 11 1451 55
30 12 1451 352
31 13 1451 788
33 14 1451 954
35 15 1451 1083
37 16 1451 882
42 18 1451 74
42 17 1451 1553
45 19 1451 1149
46 20 1451 591
47 21 1451 589
49 22 1451 892
51 23 1451 978
54 24 1451 1273
58 25 1451 1376
60 29 1451 378
60 28 1451 10
60 27 1451 55
60 26 1451 1021
67 30 1451 1705
67 31 1451 262
68 32 1451 712
70 33 1451 901
76 34 1451 1637
78 35 1451 876
85 37 1451 124
85 36 1451 1712
92 38 1451 1737
92 39 1451 328
94 40 1451 1099
96 41 1451 955
104 42 1451 1794
107 43 1451 1169
108 44 1451 685
108 45 1451 235
114 46 1451 1667
119 47 1451 1549
125 48 1451 1667
126 49 1451 633
129 50 1451 1219
129 51 1451 64
134 52 1451 1538
138 53 1451 1392
139 54 1451 753
144 55 1451 1605
145 57 1451 27
145 56 1451 567
152 58 1451 1729
156 59 1451 1439
157 60 1451 643
159 61 1451 918
166 62 1451 1697
171 63 1451 1549
175 64 1451 1430
176 65 1451 687
179 66 1451 1267
183 67 1451 1375
185 68 1451 1076
185 69 1451 78
188 70 1451 1295
189 71 1451 758
196 72 1451 1741
202 74 1451 50
202 73 1451 1671
207 75 1451 1560
208 76 1451 720
214 77 1451 1647
214 78 1451 292
216 79 1451 1037
222 80 1451 1633
226 81 1451 1396
226 82 1451 312
229 83 1451 1301
231 84 1451 1083
237 85 1451 1640
238 86 1451 649
241 87 1451 1244
241 88 1451 148
241 89 1451 31
241 90 1451 309
247 91 1451 1685
247 92 1451 319
247 93 1451 298
253 95 1451 181
253 94 1451 1609
256 96 1451 1183
256 97 1451 244
262 98 1451 1664
284 99 1451 1922
286 100 1451 892
286 101 1451 292
286 102 1451 472
291 103 1451 1589
294 106 1451 248
294 104 1451 1262
294 105 1451 461
302 107 1451 1791
305 108 1451 1342
307 109 1451 1117
309 110 1451 885
310 111 1451 844
316 112 1451 1659
317 113 1451 691
324 114 1451 1730
327 115 1451 1171
328 116 1451 605
328 117 1451 395
328 118 1451 465
335 119 1451 1714
335 120 1451 38
335 121 1451 23
338 122 1451 1227
340 123 1451 1045
347 124 1451 1694
352 125 1451 1535
352 126 1451 438
356 127 1451 1443
356 128 1451 61
364 129 1451 1793
364 130 1451 377
364 131 1451 475
379 134 1451 145
379 133 1451 294
379 132 1451 1908
382 135 1451 1341
384 136 1451 924
385 137 1451 648
385 138 1451 38
386 139 1451 622
390 140 1451 1392
391 141 1451 782
400 142 1451 1826
402 143 1451 956
404 144 1451 1071
408 145 1451 1389
408 146 1451 25
413 147 1451 1553
413 148 1451 492
413 149 1451 438
418 150 1451 1500
419 151 1451 788
426 152 1451 1703
438 153 1451 1874
450 154 1451 1884
452 155 1451 869
454 156 1451 990
458 157 1451 1352
467 158 1451 1820
473 159 1451 1652
473 160 1451 22
474 161 1451 730
481 162 1451 1729
485 163 1451 1473
486 164 1451 739
486 165 1451 409
487 166 1451 860
491 167 1451 1364
492 168 1451 546
492 169 1451 389
492 170 1451 247
504 172 1451 356
504 171 1451 1882
512 173 1451 1767
512 174 1451 322
515 175 1451 1180
515 176 1451 121
515 177 1451 271
529 178 1451 1898
529 179 1451 304
534 180 1451 1509
535 181 1451 810
537 182 1451 950
542 183 1451 1548
542 184 1451 293
547 185 1451 1514
548 186 1451 696
548 187 1451 34
548 188 1451 335
551 189 1451 1200
551 190 1451 351
556 191 1451 1496
557 192 1451 753
557 193 1451 311
558 194 1451 600
559 195 1451 661
561 196 1451 977
561 197 1451 353
561 198 1451 216
562 199 1451 662
563 200 1451 528
564 201 1451 586
566 202 1451 1006
566 203 1451 102
566 204 1451 190
571 205 1451 1542
571 206 1451 431
582 207 1451 1861
587 208 1451 1551
588 209 1451 703
589 210 1451 748
590 211 1451 719
594 212 1451 1379
599 213 1451 1515
599 214 1451 142
601 215 1451 1137
608 216 1451 1704
608 217 1451 181
611 218 1451 1180
614 219 1451 1150
620 220 1451 1637
621 221 1451 826
623 222 1451 1029
626 223 1451 1270
626 224 1451 38
627 225 1451 675
629 226 1451 1128
629 227 1451 45
632 228 1451 1167
637 230 1451 203
637 229 1451 1586
644 231 1451 1693
644 232 1451 54
647 233 1451 1236
654 234 1451 1701
656 235 1451 923
663 236 1451 1728
664 237 1451 847
668 238 1451 1358
669 239 1451 675
671 240 1451 1083
672 241 1451 760
672 242 1451 407
677 243 1451 1556
677 244 1451 452
682 245 1451 1557
682 246 1451 117
685 248 1451 168
685 247 1451 1162
689 249 1451 1387
691 250 1451 881
692 251 1451 796
694 252 1451 1098
696 253 1451 990
698 254 1451 949
704 255 1451 1626
708 256 1451 1482
714 258 1451 64
714 257 1451 1661
718 259 1451 1440
718 260 1451 413
718 261 1451 385
719 262 1451 693
732 263 1451 1890
733 264 1451 499
735 265 1451 980
736 266 1451 664
736 267 1451 143
743 268 1451 1739
746 269 1451 1144
749 270 1451 1333
750 271 1451 857
751 272 1451 748
752 273 1451 504
752 274 1451 67
754 275 1451 877
754 276 1451 418
758 277 1451 1397
759 278 1451 817
759 279 1451 406
760 280 1451 558
773 281 1451 1891
782 282 1451 1801
789 283 1451 1704
790 284 1451 704
793 285 1451 1332
794 286 1451 594
796 287 1451 988
796 288 1451 286
796 289 1451 74
800 290 1451 1365
800 291 1451 67
801 292 1451 783
811 293 1451 1842
811 294 1451 261
812 297 1451 442
812 295 1451 697
812 296 1451 67
814 298 1451 1056
818 299 1451 1397
820 300 1451 892
834 301 1451 1899
838 302 1451 1348
840 304 1451 54
840 305 1451 24
840 303 1451 949
840 306 1451 48
