3 0 637 1273
4 1 637 761
8 2 637 1409
14 3 637 1658
15 4 637 733
19 5 637 1349
19 6 637 370
19 7 637 424
20 10 637 170
20 8 637 761
20 9 637 269
28 11 637 1787
32 12 637 1393
35 13 637 1166
38 14 637 1153
41 16 637 394
41 15 637 1248
43 17 637 1062
45 18 637 980
50 19 637 1571
52 20 637 1123
52 21 637 460
56 22 637 1425
56 23 637 351
60 24 637 1475
60 25 637 7
61 26 637 862
64 27 637 1156
72 28 637 1768
72 29 637 162
73 30 637 606
75 31 637 1056
80 32 637 1595
81 33 637 737
85 34 637 1411
86 35 637 817
90 36 637 1390
93 37 637 1152
102 38 637 1828
110 39 637 1788
112 40 637 969
116 41 637 1491
117 42 637 609
117 43 637 431
117 44 637 251
118 45 637 500
119 46 637 861
122 47 637 1251
122 48 637 432
125 49 637 1289
127 50 637 904
130 51 637 1201
131 52 637 826
131 53 637 392
131 54 637 254
132 55 637 813
135 56 637 1261
137 57 637 1057
137 58 637 183
138 59 637 725
138 60 637 486
140 61 637 1139
141 62 637 580
142 63 637 599
147 64 637 1587
149 66 637 191
149 65 637 1039
150 67 637 655
156 68 637 1680
156 69 637 335
164 70 637 1782
167 71 637 1167
170 72 637 1158
172 73 637 1117
173 74 637 602
178 75 637 1556
186 76 637 1776
188 77 637 993
188 78 637 100
190 79 637 974
192 80 637 1070
197 81 637 1536
198 82 637 723
198 83 637 479
201 84 637 1182
204 86 637 229
204 85 637 1329
207 87 637 1202
207 88 637 482
208 89 637 597
212 90 637 1481
212 91 637 333
214 92 637 968
216 93 637 1103
219 94 637 1301
227 95 637 1754
229 97 637 9
229 96 637 911
230 98 637 768
232 99 637 1136
232 100 637 308
232 101 637 205
237 102 637 1496
237 103 637 96
241 104 637 1432
247 106 637 43
247 105 637 1662
253 107 637 1634
260 108 637 1715
261 109 637 623
263 110 637 962
263 111 637 267
265 112 637 956
267 113 637 1134
272 114 637 1579
274 117 637 101
274 115 637 875
274 116 637 416
277 118 637 1342
277 119 637 257
278 120 637 809
280 121 637 914
280 122 637 173
282 123 637 1082
283 124 637 779
287 127 637 55
287 126 637 198
287 125 637 1448
294 128 637 1741
295 129 637 772
296 130 637 645
304 131 637 1766
304 132 637 225
306 133 637 888
307 134 637 665
308 136 637 39
308 135 637 864
309 137 637 626
311 138 637 972
315 139 637 1445
318 140 637 1286
319 141 637 520
323 142 637 1412
331 143 637 1784
336 144 637 1559
339 145 637 1214
342 146 637 1302
350 147 637 1759
354 148 637 1448
354 149 637 426
357 150 637 1338
358 151 637 809
359 152 637 592
360 154 637 327
360 153 637 510
363 155 637 1319
363 156 637 32
363 157 637 413
366 158 637 1242
381 159 637 1908
385 160 637 1463
401 161 637 1912
410 162 637 1818
412 163 637 942
426 164 637 1902
428 165 637 1120
428 166 637 41
428 167 637 67
428 168 637 468
429 169 637 714
430 170 637 835
437 171 637 1714
439 172 637 1054
448 173 637 1821
450 174 637 895
450 175 637 289
454 176 637 1427
454 177 637 313
458 178 637 1447
462 179 637 1490
462 180 637 145
462 181 637 364
463 182 637 532
466 183 637 1314
470 184 637 1359
478 185 637 1760
481 186 637 1174
487 187 637 1639
488 188 637 561
491 189 637 1270
492 190 637 831
497 191 637 1551
500 192 637 1309
502 193 637 988
517 194 637 1906
520 195 637 1299
521 196 637 627
521 197 637 469
530 198 637 1806
530 199 637 439
533 200 637 1172
536 201 637 1234
539 202 637 1290
540 203 637 733
545 204 637 1515
550 205 637 1549
556 206 637 1680
557 207 637 695
562 208 637 1539
562 209 637 38
571 210 637 1817
577 211 637 1644
579 212 637 891
585 213 637 1677
593 214 637 1762
595 215 637 1099
599 216 637 1379
600 217 637 503
605 218 637 1508
605 219 637 142
616 221 637 327
616 220 637 1870
620 222 637 1431
622 223 637 1123
631 224 637 1807
634 225 637 1209
634 226 637 404
634 227 637 66
644 228 637 1840
649 229 637 1521
654 230 637 1586
656 231 637 957
656 232 637 431
658 233 637 1008
658 234 637 318
659 235 637 836
661 236 637 999
668 237 637 1724
675 238 637 1724
682 242 637 99
682 241 637 479
682 239 637 1734
682 240 637 80
683 243 637 523
687 244 637 1378
689 245 637 1112
690 246 637 659
695 247 637 1556
698 248 637 1150
699 249 637 806
709 250 637 1844
709 251 637 124
711 252 637 886
717 253 637 1664
717 254 637 493
718 255 637 844
725 256 637 1728
725 257 637 167
726 259 637 306
726 258 637 850
729 260 637 1144
735 261 637 1614
736 262 637 779
736 263 637 18
736 264 637 376
737 265 637 859
740 266 637 1212
749 267 637 1807
753 268 637 1359
755 269 637 926
755 270 637 100
760 271 637 1580
761 272 637 704
768 273 637 1698
768 274 637 61
772 275 637 1391
772 276 637 227
774 277 637 907
780 278 637 1669
781 279 637 695
782 280 637 549
783 281 637 772
784 282 637 840
786 283 637 1034
791 284 637 1601
795 285 637 1462
795 286 637 71
796 287 637 692
797 288 637 515
801 289 637 1398
803 290 637 1032
804 291 637 832
806 292 637 873
810 293 637 1417
811 294 637 590
811 295 637 390
817 298 637 147
817 297 637 81
817 296 637 1625
818 299 637 518
827 300 637 1825
828 301 637 777
828 302 637 197
828 303 637 223
829 304 637 705
829 305 637 264
832 306 637 1345
