7 0 71 1734
11 1 71 1408
13 2 71 1062
18 3 71 1596
18 4 71 414
19 5 71 772
25 6 71 1677
31 7 71 1652
33 9 71 217
33 8 71 880
35 10 71 1106
38 11 71 1198
40 12 71 1100
40 13 71 339
42 14 71 876
42 15 71 201
42 16 71 323
42 17 71 64
44 18 71 918
54 19 71 1839
55 20 71 719
57 21 71 1052
58 22 71 782
65 23 71 1710
65 24 71 282
65 25 71 405
66 26 71 688
72 27 71 1661
75 28 71 1150
77 29 71 1128
78 30 71 840
83 31 71 1518
83 32 71 364
84 33 71 658
88 34 71 1487
96 35 71 1774
97 36 71 649
98 38 71 252
98 37 71 629
101 39 71 1143
101 40 71 351
101 41 71 459
102 42 71 599
103 43 71 671
107 44 71 1477
109 45 71 967
110 46 71 704
111 48 71 438
111 47 71 733
117 49 71 1655
119 50 71 1108
119 51 71 50
124 52 71 1581
126 53 71 1087
128 54 71 912
129 55 71 681
130 56 71 626
133 57 71 1277
136 58 71 1314
136 59 71 9
136 60 71 84
136 61 71 16
137 62 71 501
143 63 71 1676
146 64 71 1302
151 65 71 1512
152 67 71 441
152 66 71 833
153 68 71 777
155 69 71 1026
159 70 71 1477
165 71 71 1619
172 72 71 1736
179 73 71 1699
183 78 71 232
183 77 71 110
183 76 71 453
183 75 71 260
183 74 71 1488
186 79 71 1239
192 80 71 1626
204 81 71 1879
207 82 71 1222
211 83 71 1420
211 84 71 20
212 85 71 789
223 86 71 1862
226 87 71 1201
232 88 71 1671
233 89 71 806
236 90 71 1148
239 91 71 1297
242 92 71 1240
242 93 71 243
244 95 71 335
244 94 71 1059
256 96 71 1882
257 97 71 848
260 98 71 1294
273 99 71 1889
273 100 71 134
273 101 71 262
285 102 71 1881
288 104 71 177
288 103 71 1337
292 105 71 1414
292 106 71 238
301 107 71 1806
306 108 71 1524
307 109 71 651
307 110 71 228
308 111 71 515
310 114 71 307
310 115 71 129
310 112 71 1044
310 113 71 74
311 116 71 718
313 117 71 1006
319 118 71 1655
320 119 71 512
325 120 71 1575
330 121 71 1557
331 122 71 695
345 123 71 1896
354 124 71 1803
354 125 71 179
354 126 71 379
358 127 71 1493
359 128 71 640
362 129 71 1153
362 130 71 303
367 131 71 1529
368 133 71 268
368 132 71 741
370 134 71 1105
374 135 71 1363
397 136 71 1923
406 137 71 1810
409 138 71 1242
410 139 71 531
411 140 71 550
411 141 71 55
416 142 71 1601
418 143 71 1019
419 144 71 578
420 145 71 632
420 146 71 252
423 147 71 1165
434 148 71 1860
436 149 71 929
441 150 71 1541
443 151 71 875
445 152 71 1117
446 154 71 314
446 153 71 781
447 155 71 502
451 156 71 1492
467 157 71 1909
471 158 71 1459
494 159 71 1923
496 160 71 1034
497 161 71 670
500 164 71 348
500 163 71 371
500 162 71 1166
501 165 71 623
508 166 71 1698
509 167 71 776
511 168 71 893
513 169 71 869
513 170 71 131
514 171 71 833
520 172 71 1688
522 173 71 1124
535 174 71 1886
540 175 71 1519
552 176 71 1880
557 177 71 1600
560 178 71 1318
563 179 71 1170
573 180 71 1852
575 181 71 1138
580 182 71 1557
586 183 71 1635
591 184 71 1536
595 185 71 1352
595 186 71 412
607 187 71 1885
619 188 71 1878
620 189 71 603
628 191 71 13
628 192 71 350
628 190 71 1795
631 193 71 1244
635 194 71 1421
644 195 71 1805
645 196 71 814
648 197 71 1230
649 198 71 670
661 199 71 1879
662 200 71 858
666 201 71 1401
666 202 71 271
668 203 71 991
669 204 71 798
670 205 71 707
672 206 71 1112
690 207 71 1918
691 208 71 820
692 209 71 719
693 210 71 546
702 211 71 1817
703 212 71 591
703 213 71 288
703 214 71 70
712 215 71 1821
714 216 71 1038
718 217 71 1455
719 218 71 759
721 220 71 211
721 219 71 921
728 221 71 1738
729 222 71 822
729 223 71 290
731 224 71 998
731 225 71 117
731 226 71 482
731 227 71 444
737 228 71 1628
737 229 71 81
738 230 71 705
739 231 71 649
741 232 71 929
745 233 71 1363
745 234 71 312
745 235 71 450
746 236 71 866
747 237 71 566
748 238 71 837
749 241 71 418
749 239 71 828
749 240 71 240
751 242 71 1064
754 243 71 1159
754 244 71 56
768 245 71 1903
772 247 71 62
772 246 71 1346
775 248 71 1173
780 249 71 1524
781 250 71 767
784 251 71 1284
784 252 71 470
790 253 71 1674
796 254 71 1668
798 255 71 1044
799 256 71 578
814 257 71 1905
832 258 71 1917
833 259 71 680
833 260 71 225
834 261 71 667
834 262 71 289
835 263 71 738
835 264 71 13
844 265 71 1822
846 266 71 887
849 267 71 1153
863 268 71 1900
868 269 71 1545
870 270 71 954
870 271 71 471
871 272 71 618
882 273 71 1856
883 274 71 681
890 275 71 1717
891 276 71 674
896 278 71 234
896 277 71 1587
898 279 71 1020
899 280 71 696
899 281 71 420
902 282 71 1195
902 283 71 103
905 284 71 1239
909 285 71 1346
909 286 71 179
912 287 71 1179
918 288 71 1619
921 289 71 1193
930 290 71 1796
932 291 71 886
933 292 71 574
933 293 71 156
934 294 71 603
939 296 71 129
939 297 71 325
939 295 71 1497
942 298 71 1145
942 299 71 159
944 300 71 1015
944 301 71 192
944 302 71 86
949 303 71 1553
950 305 71 295
950 304 71 570
951 306 71 665
