0 0 901 134
0 1 901 386
7 2 901 1722
7 3 901 384
7 4 901 230
11 5 901 1426
11 6 901 213
14 8 901 171
14 7 901 1183
23 9 901 1822
24 10 901 563
26 11 901 939
30 12 901 1463
36 13 901 1658
37 14 901 546
38 15 901 517
39 16 901 799
43 17 901 1485
50 18 901 1701
51 19 901 812
51 20 901 265
53 21 901 987
55 22 901 927
58 23 901 1319
63 24 901 1554
65 25 901 1028
78 26 901 1893
81 27 901 1178
83 28 901 1131
87 29 901 1405
88 30 901 671
89 31 901 804
90 32 901 686
93 33 901 1339
93 34 901 283
94 35 901 841
96 36 901 1108
98 37 901 913
105 38 901 1703
106 39 901 832
106 40 901 288
107 41 901 576
107 42 901 243
108 43 901 604
108 44 901 178
115 45 901 1693
115 46 901 202
126 48 901 192
126 47 901 1864
132 49 901 1639
132 50 901 310
141 51 901 1821
142 52 901 650
143 53 901 737
145 54 901 874
147 55 901 1071
151 57 901 402
151 56 901 1383
152 58 901 755
154 59 901 1127
158 60 901 1457
160 61 901 959
160 62 901 51
161 63 901 691
164 64 901 1151
170 66 901 252
170 67 901 124
170 65 901 1684
174 68 901 1375
180 69 901 1630
183 70 901 1333
192 71 901 1811
199 72 901 1707
201 73 901 869
202 74 901 523
208 75 901 1613
209 77 901 323
209 76 901 744
211 78 901 1140
219 79 901 1785
220 80 901 825
220 81 901 28
222 82 901 986
226 83 901 1417
228 84 901 1095
229 86 901 154
229 85 901 774
241 87 901 1874
241 88 901 464
243 89 901 1136
247 90 901 1382
248 91 901 706
248 92 901 157
249 93 901 575
252 94 901 1299
255 95 901 1254
256 96 901 524
260 97 901 1476
264 98 901 1377
264 99 901 419
268 106 901 114
268 104 901 305
268 103 901 487
268 105 901 423
268 101 901 78
268 100 901 1441
268 102 901 489
275 107 901 1705
275 108 901 213
278 109 901 1185
278 110 901 327
280 111 901 1060
283 112 901 1186
285 113 901 895
285 114 901 301
289 115 901 1429
303 116 901 1897
304 117 901 559
309 118 901 1521
309 119 901 377
314 120 901 1529
314 121 901 303
319 123 901 239
319 124 901 247
319 122 901 1584
320 125 901 627
326 126 901 1653
328 127 901 1131
332 128 901 1494
335 129 901 1194
337 130 901 1089
340 131 901 1192
342 132 901 870
343 134 901 343
343 133 901 721
344 135 901 747
348 136 901 1463
349 137 901 499
351 138 901 1111
352 139 901 671
353 140 901 660
353 141 901 373
359 142 901 1660
362 143 901 1203
363 144 901 808
363 145 901 322
367 146 901 1444
370 147 901 1187
370 148 901 273
378 149 901 1794
381 150 901 1281
394 151 901 1889
406 152 901 1880
408 153 901 1000
409 154 901 814
411 155 901 1137
411 156 901 418
411 157 901 250
411 158 901 239
416 159 901 1603
417 160 901 694
419 162 901 211
419 161 901 907
421 163 901 944
421 164 901 96
423 165 901 1060
423 166 901 190
423 167 901 465
424 168 901 551
428 169 901 1478
441 170 901 1890
445 171 901 1398
449 172 901 1373
450 173 901 849
456 174 901 1642
459 175 901 1156
460 176 901 567
460 177 901 381
464 178 901 1355
474 179 901 1849
476 180 901 1107
476 181 901 466
477 182 901 857
483 183 901 1624
493 184 901 1837
495 185 901 1124
498 186 901 1236
506 187 901 1794
516 188 901 1831
518 189 901 1131
518 190 901 329
521 192 901 259
521 191 901 1213
525 193 901 1433
539 194 901 1902
545 195 901 1677
545 196 901 161
546 197 901 716
548 198 901 1107
554 199 901 1673
554 200 901 132
556 201 901 979
557 202 901 635
558 203 901 719
567 204 901 1829
576 205 901 1807
577 206 901 516
579 207 901 1031
582 208 901 1283
587 209 901 1583
588 211 901 37
588 210 901 569
589 212 901 819
589 213 901 314
589 214 901 495
589 215 901 227
589 216 901 50
590 217 901 511
592 218 901 1031
594 219 901 896
601 221 901 321
601 220 901 1748
602 222 901 559
606 223 901 1345
609 224 901 1149
610 225 901 676
612 226 901 1139
623 227 901 1865
625 228 901 872
638 229 901 1889
640 230 901 994
648 231 901 1776
651 232 901 1198
657 233 901 1607
664 234 901 1717
664 235 901 128
672 236 901 1756
672 237 901 137
679 239 901 29
679 238 901 1720
680 240 901 608
680 241 901 205
681 242 901 510
681 243 901 248
682 244 901 561
682 245 901 292
682 246 901 394
693 247 901 1869
695 248 901 937
701 249 901 1674
707 250 901 1627
712 251 901 1575
718 252 901 1610
718 253 901 211
728 254 901 1849
735 255 901 1736
735 256 901 420
738 257 901 1214
743 258 901 1495
746 259 901 1152
747 260 901 668
748 261 901 575
748 262 901 159
751 263 901 1319
752 264 901 588
753 265 901 718
754 266 901 763
756 267 901 1136
757 270 901 396
757 268 901 521
757 269 901 366
767 271 901 1837
768 272 901 715
770 273 901 1001
770 274 901 287
775 275 901 1542
782 276 901 1735
782 277 901 310
783 278 901 784
784 279 901 856
784 280 901 282
787 281 901 1194
789 282 901 927
791 283 901 1122
791 284 901 262
794 285 901 1343
794 286 901 165
796 287 901 987
802 288 901 1682
817 289 901 1906
823 290 901 1633
824 291 901 541
825 292 901 567
826 293 901 568
829 294 901 1286
829 295 901 32
829 296 901 46
831 297 901 1116
836 298 901 1584
844 299 901 1767
848 300 901 1454
851 301 901 1182
855 302 901 1347
856 303 901 570
859 304 901 1278
866 305 901 1715
867 306 901 860
