1 0 1684 739
12 1 1684 1856
12 2 1684 326
12 3 1684 191
24 4 1684 1874
24 5 1684 25
24 6 1684 279
29 7 1684 1552
31 8 1684 1060
42 9 1684 1862
46 10 1684 1440
47 11 1684 575
49 12 1684 1022
51 13 1684 903
54 14 1684 1309
56 15 1684 1061
68 16 1684 1875
69 17 1684 628
74 18 1684 1577
74 19 1684 21
80 20 1684 1645
81 21 1684 500
85 22 1684 1424
85 23 1684 483
85 24 1684 332
92 25 1684 1718
102 26 1684 1852
103 27 1684 644
108 28 1684 1573
116 29 1684 1776
118 30 1684 879
128 31 1684 1840
136 32 1684 1789
136 33 1684 301
138 36 1684 324
138 37 1684 313
138 34 1684 966
138 35 1684 226
139 38 1684 781
139 39 1684 367
143 40 1684 1411
143 41 1684 362
144 42 1684 623
145 43 1684 760
145 44 1684 436
155 45 1684 1832
158 46 1684 1207
159 47 1684 690
159 48 1684 398
161 49 1684 950
161 50 1684 129
161 51 1684 223
164 52 1684 1171
174 53 1684 1844
178 56 1684 432
178 55 1684 239
178 54 1684 1379
186 57 1684 1768
194 58 1684 1784
194 59 1684 155
194 60 1684 97
199 61 1684 1559
214 62 1684 1903
217 63 1684 1208
219 64 1684 982
224 65 1684 1524
225 66 1684 710
226 67 1684 720
237 68 1684 1862
239 69 1684 1083
240 70 1684 737
245 71 1684 1562
253 72 1684 1772
256 73 1684 1209
257 74 1684 534
260 75 1684 1282
269 76 1684 1801
270 77 1684 664
270 78 1684 46
270 79 1684 425
271 80 1684 511
274 81 1684 1162
274 82 1684 245
275 83 1684 623
281 84 1684 1646
282 85 1684 656
283 86 1684 669
294 87 1684 1869
295 88 1684 847
296 89 1684 727
303 90 1684 1719
303 91 1684 480
303 92 1684 453
304 93 1684 625
304 94 1684 269
312 96 1684 383
312 95 1684 1776
315 97 1684 1340
322 98 1684 1703
323 99 1684 837
325 100 1684 1121
325 101 1684 486
326 102 1684 753
329 106 1684 376
329 105 1684 492
329 103 1684 1240
329 104 1684 213
342 107 1684 1887
345 108 1684 1310
345 109 1684 96
345 110 1684 362
352 111 1684 1692
359 112 1684 1722
363 113 1684 1359
368 114 1684 1569
369 115 1684 860
372 116 1684 1313
375 117 1684 1280
379 118 1684 1486
379 119 1684 325
380 120 1684 854
381 121 1684 765
390 122 1684 1798
392 123 1684 1134
395 124 1684 1288
395 125 1684 256
397 126 1684 1108
400 127 1684 1146
402 128 1684 939
403 129 1684 683
405 130 1684 899
405 131 1684 461
407 132 1684 885
409 133 1684 1134
412 134 1684 1228
412 135 1684 24
412 136 1684 409
414 137 1684 930
414 138 1684 410
417 139 1684 1154
417 140 1684 279
418 141 1684 706
419 142 1684 559
420 145 1684 26
420 143 1684 750
420 144 1684 364
421 146 1684 683
423 147 1684 1019
425 148 1684 981
428 149 1684 1334
428 150 1684 462
430 151 1684 1028
438 152 1684 1778
442 153 1684 1377
457 154 1684 1907
457 155 1684 356
458 156 1684 613
463 157 1684 1543
475 158 1684 1876
487 159 1684 1881
490 160 1684 1308
493 161 1684 1155
495 162 1684 947
496 163 1684 626
498 164 1684 1122
507 165 1684 1826
508 166 1684 806
509 167 1684 588
509 168 1684 131
514 169 1684 1545
514 170 1684 451
514 171 1684 383
516 176 1684 205
516 175 1684 147
516 172 1684 869
516 173 1684 332
516 174 1684 45
518 177 1684 1047
519 178 1684 770
522 179 1684 1261
527 180 1684 1498
527 181 1684 89
527 182 1684 164
532 183 1684 1530
532 184 1684 220
541 185 1684 1795
542 186 1684 608
546 187 1684 1433
549 188 1684 1151
551 189 1684 872
554 190 1684 1335
555 191 1684 790
557 192 1684 978
557 193 1684 453
565 194 1684 1770
567 195 1684 1049
573 196 1684 1684
584 197 1684 1857
589 198 1684 1553
589 199 1684 462
592 201 1684 95
592 200 1684 1144
594 202 1684 887
598 203 1684 1361
600 204 1684 882
600 205 1684 79
600 206 1684 158
604 207 1684 1445
607 208 1684 1331
615 210 1684 150
615 209 1684 1759
619 211 1684 1491
620 212 1684 772
621 213 1684 614
621 214 1684 383
624 215 1684 1219
626 216 1684 990
629 218 1684 406
629 217 1684 1342
632 219 1684 1251
635 220 1684 1218
638 221 1684 1298
642 222 1684 1361
645 223 1684 1183
645 224 1684 209
650 225 1684 1585
653 227 1684 416
653 228 1684 487
653 226 1684 1329
655 231 1684 272
655 230 1684 388
655 229 1684 920
659 232 1684 1419
659 233 1684 307
659 234 1684 117
663 235 1684 1402
665 236 1684 1126
666 237 1684 728
667 238 1684 647
667 239 1684 140
673 240 1684 1637
675 241 1684 1087
675 242 1684 101
678 243 1684 1317
679 244 1684 721
687 247 1684 364
687 248 1684 69
687 245 1684 1768
687 246 1684 18
688 249 1684 550
688 250 1684 59
688 251 1684 341
692 252 1684 1451
692 253 1684 301
695 254 1684 1169
703 255 1684 1770
704 256 1684 658
710 257 1684 1629
713 258 1684 1151
716 259 1684 1222
717 260 1684 675
723 261 1684 1667
725 262 1684 958
725 263 1684 410
729 264 1684 1370
738 267 1684 464
738 268 1684 497
738 265 1684 1802
738 266 1684 72
740 269 1684 905
740 270 1684 93
740 271 1684 261
741 272 1684 694
741 273 1684 266
746 274 1684 1539
746 275 1684 130
749 279 1684 365
749 278 1684 462
749 276 1684 1197
749 277 1684 44
754 280 1684 1567
756 281 1684 965
756 282 1684 346
767 283 1684 1861
768 284 1684 861
768 285 1684 46
769 286 1684 746
771 287 1684 1117
773 288 1684 1062
773 289 1684 271
774 290 1684 743
778 291 1684 1422
783 292 1684 1501
787 293 1684 1350
791 294 1684 1390
804 296 1684 129
804 295 1684 1895
810 297 1684 1615
821 298 1684 1871
822 299 1684 843
829 300 1684 1696
833 301 1684 1478
841 302 1684 1791
843 303 1684 1089
843 304 1684 457
850 305 1684 1722
855 306 1684 1572
