3 0 1822 1253
6 1 1822 1260
8 2 1822 904
9 3 1822 608
16 4 1822 1748
18 5 1822 900
25 6 1822 1699
26 7 1822 573
29 8 1822 1176
32 9 1822 1183
33 10 1822 574
34 11 1822 577
39 12 1822 1529
39 13 1822 33
41 14 1822 924
52 15 1822 1871
52 16 1822 368
55 18 1822 209
55 17 1822 1278
56 19 1822 575
58 20 1822 914
66 21 1822 1775
73 22 1822 1715
79 23 1822 1682
84 24 1822 1499
87 25 1822 1337
87 26 1822 281
88 27 1822 539
89 28 1822 591
91 29 1822 1129
94 30 1822 1197
101 31 1822 1721
102 32 1822 548
103 33 1822 641
105 34 1822 1020
106 35 1822 521
109 37 1822 489
109 36 1822 1168
111 38 1822 1056
117 39 1822 1668
118 40 1822 823
119 41 1822 784
120 42 1822 866
128 43 1822 1769
131 44 1822 1164
132 45 1822 746
137 47 1822 158
137 46 1822 1529
141 48 1822 1354
144 49 1822 1193
145 50 1822 610
145 51 1822 496
148 52 1822 1319
151 53 1822 1183
160 54 1822 1797
164 55 1822 1402
168 56 1822 1470
171 57 1822 1146
173 58 1822 1034
173 59 1822 411
174 60 1822 618
177 61 1822 1159
192 62 1822 1907
192 63 1822 46
208 64 1822 1910
209 66 1822 29
209 65 1822 778
211 67 1822 888
213 68 1822 937
213 69 1822 402
214 70 1822 703
223 71 1822 1804
223 72 1822 221
223 73 1822 465
229 74 1822 1676
229 75 1822 129
231 76 1822 909
242 77 1822 1870
243 78 1822 517
244 79 1822 752
251 80 1822 1733
251 81 1822 123
253 82 1822 1110
256 83 1822 1322
257 84 1822 518
258 86 1822 402
258 85 1822 701
261 87 1822 1289
262 88 1822 769
267 89 1822 1543
269 90 1822 976
269 91 1822 21
273 92 1822 1379
274 93 1822 645
276 94 1822 1049
281 95 1822 1588
282 96 1822 802
283 97 1822 819
291 98 1822 1784
291 99 1822 386
292 100 1822 717
293 101 1822 641
296 102 1822 1145
298 103 1822 951
298 104 1822 490
299 106 1822 274
299 105 1822 731
300 107 1822 853
304 108 1822 1431
310 109 1822 1667
310 110 1822 492
315 111 1822 1524
316 112 1822 628
316 113 1822 281
317 116 1822 49
317 115 1822 495
317 114 1822 603
318 117 1822 584
322 118 1822 1452
325 119 1822 1208
325 120 1822 375
326 121 1822 665
326 122 1822 119
329 123 1822 1318
333 124 1822 1351
334 125 1822 681
334 126 1822 424
339 127 1822 1501
342 128 1822 1341
342 129 1822 88
345 133 1822 131
345 132 1822 86
345 134 1822 35
345 130 1822 1252
345 131 1822 90
347 135 1822 1091
349 136 1822 902
349 137 1822 158
350 138 1822 831
357 139 1822 1712
357 140 1822 427
361 141 1822 1474
369 142 1822 1782
371 143 1822 1026
373 144 1822 1051
377 145 1822 1376
380 146 1822 1317
382 147 1822 1098
382 148 1822 42
383 149 1822 554
388 150 1822 1539
388 151 1822 217
391 152 1822 1291
392 155 1822 51
392 153 1822 575
392 154 1822 11
393 156 1822 521
401 157 1822 1752
406 158 1822 1525
413 159 1822 1733
413 160 1822 306
414 161 1822 698
418 162 1822 1436
421 165 1822 402
421 163 1822 1343
421 164 1822 414
425 166 1822 1438
425 167 1822 497
425 168 1822 246
429 169 1822 1436
434 170 1822 1517
443 171 1822 1815
449 172 1822 1677
455 173 1822 1665
456 174 1822 781
457 175 1822 825
458 176 1822 808
460 177 1822 1017
460 178 1822 267
474 179 1822 1899
477 180 1822 1289
480 181 1822 1251
484 182 1822 1458
485 183 1822 787
485 184 1822 473
487 185 1822 1034
488 186 1822 723
492 187 1822 1435
492 188 1822 119
507 189 1822 1908
508 190 1822 570
510 191 1822 1075
511 192 1822 558
513 193 1822 1022
517 194 1822 1406
523 195 1822 1654
523 196 1822 38
523 197 1822 438
524 198 1822 612
525 199 1822 648
536 200 1822 1863
537 201 1822 819
538 202 1822 851
539 203 1822 530
541 204 1822 961
547 205 1822 1648
547 206 1822 465
552 207 1822 1551
559 208 1822 1719
561 209 1822 1110
564 210 1822 1168
568 211 1822 1429
572 212 1822 1484
577 213 1822 1551
577 214 1822 444
579 215 1822 979
582 216 1822 1164
583 217 1822 649
585 218 1822 869
588 219 1822 1305
593 223 1822 263
593 222 1822 378
593 221 1822 2
593 220 1822 1603
594 224 1822 866
594 225 1822 441
597 226 1822 1257
598 227 1822 654
598 228 1822 258
600 229 1822 1051
601 232 1822 405
601 230 1822 787
601 231 1822 369
606 233 1822 1543
606 234 1822 36
606 235 1822 469
606 236 1822 400
608 237 1822 927
615 238 1822 1750
616 239 1822 750
617 240 1822 569
619 241 1822 1096
625 242 1822 1641
627 243 1822 933
628 244 1822 739
630 245 1822 1065
635 246 1822 1516
637 247 1822 932
638 250 1822 490
638 249 1822 426
638 248 1822 578
641 251 1822 1313
645 252 1822 1493
648 253 1822 1232
650 254 1822 970
661 255 1822 1860
661 256 1822 441
662 257 1822 588
667 258 1822 1589
668 259 1822 520
668 260 1822 391
675 261 1822 1735
678 262 1822 1292
679 263 1822 667
679 264 1822 323
680 265 1822 798
682 266 1822 1024
693 267 1822 1865
698 268 1822 1515
712 269 1822 1900
713 270 1822 579
713 271 1822 236
714 272 1822 824
714 273 1822 119
715 274 1822 736
716 275 1822 506
716 276 1822 286
720 277 1822 1369
724 278 1822 1448
731 279 1822 1725
732 280 1822 850
732 281 1822 324
732 282 1822 76
740 283 1822 1757
741 284 1822 560
745 285 1822 1398
746 286 1822 801
748 287 1822 1098
749 288 1822 573
749 289 1822 100
749 290 1822 27
756 291 1822 1736
759 292 1822 1263
762 294 1822 359
762 293 1822 1229
763 295 1822 758
770 296 1822 1729
772 297 1822 973
773 298 1822 610
784 299 1822 1865
784 300 1822 41
789 301 1822 1575
792 302 1822 1342
793 303 1822 602
801 305 1822 254
801 304 1822 1771
801 306 1822 489
