4 0 741 1374
14 1 741 1846
17 2 741 1206
17 3 741 366
17 4 741 62
17 5 741 196
17 6 741 285
17 7 741 120
19 8 741 982
37 9 741 1918
40 10 741 1241
41 11 741 795
42 12 741 532
42 13 741 419
45 14 741 1334
46 15 741 820
48 16 741 1034
49 18 741 9
49 17 741 792
50 19 741 806
52 20 741 1070
52 21 741 81
52 22 741 92
52 23 741 192
55 24 741 1273
57 25 741 1097
70 26 741 1887
71 27 741 733
86 28 741 1905
88 29 741 1101
88 30 741 497
88 31 741 39
90 32 741 885
92 33 741 909
95 35 741 427
95 34 741 1186
101 36 741 1689
110 37 741 1814
114 38 741 1374
114 39 741 371
115 40 741 665
115 41 741 333
117 42 741 889
117 43 741 377
117 44 741 306
117 45 741 57
119 46 741 986
124 47 741 1598
124 48 741 108
126 49 741 962
126 50 741 104
126 51 741 224
136 52 741 1850
138 53 741 1079
143 54 741 1499
146 55 741 1293
154 56 741 1753
156 57 741 1013
158 58 741 1018
160 59 741 890
160 60 741 234
164 61 741 1476
164 62 741 139
173 63 741 1805
177 64 741 1420
180 65 741 1202
190 66 741 1835
195 67 741 1547
198 68 741 1157
200 69 741 906
202 70 741 1056
205 71 741 1145
208 72 741 1343
213 73 741 1562
213 74 741 141
214 75 741 737
216 76 741 1116
222 77 741 1640
231 78 741 1810
234 79 741 1215
234 80 741 110
234 81 741 289
235 82 741 624
237 83 741 942
239 85 741 272
239 86 741 113
239 84 741 997
246 87 741 1731
249 88 741 1335
258 89 741 1818
259 90 741 598
260 91 741 675
261 94 741 136
261 92 741 796
261 93 741 484
263 96 741 194
263 95 741 1113
265 97 741 1008
267 98 741 881
269 99 741 1029
269 100 741 147
273 101 741 1364
273 102 741 440
275 103 741 1126
285 104 741 1831
287 105 741 884
288 106 741 806
288 107 741 287
290 108 741 938
291 109 741 762
291 110 741 176
291 111 741 113
293 112 741 1127
300 113 741 1728
301 114 741 779
312 115 741 1870
313 116 741 852
315 117 741 1121
316 118 741 808
319 119 741 1148
321 120 741 1088
321 121 741 104
321 122 741 212
324 126 741 348
324 125 741 380
324 123 741 1264
324 124 741 307
325 127 741 858
329 128 741 1425
331 129 741 952
332 131 741 108
332 130 741 543
333 132 741 758
334 133 741 781
336 134 741 1068
337 135 741 671
345 136 741 1773
349 137 741 1422
351 138 741 1036
351 139 741 112
355 140 741 1391
363 141 741 1751
364 142 741 793
365 143 741 572
371 144 741 1642
371 145 741 485
375 146 741 1472
377 147 741 993
383 148 741 1630
383 149 741 191
383 150 741 261
385 151 741 997
385 152 741 200
391 153 741 1658
402 154 741 1865
402 155 741 42
405 156 741 1151
407 157 741 1101
408 158 741 819
412 159 741 1451
413 160 741 535
425 161 741 1872
426 162 741 786
442 163 741 1911
442 164 741 218
442 165 741 68
445 166 741 1280
445 167 741 346
446 168 741 660
446 169 741 107
446 170 741 96
450 172 741 85
450 171 741 1354
451 173 741 696
457 174 741 1681
460 175 741 1262
463 176 741 1236
468 177 741 1564
473 178 741 1546
480 179 741 1747
481 180 741 832
484 181 741 1280
487 182 741 1153
490 183 741 1234
491 184 741 690
495 185 741 1470
505 186 741 1833
507 187 741 1024
508 188 741 840
510 189 741 1025
514 190 741 1444
515 191 741 671
516 192 741 603
521 193 741 1509
526 194 741 1502
530 195 741 1444
532 196 741 964
533 197 741 806
533 198 741 353
538 199 741 1574
540 200 741 1129
542 201 741 1126
542 202 741 332
547 203 741 1522
547 204 741 94
548 205 741 832
550 206 741 912
554 207 741 1429
568 208 741 1902
569 209 741 603
570 210 741 731
575 211 741 1512
579 212 741 1480
581 213 741 996
582 214 741 618
585 215 741 1179
586 216 741 719
590 217 741 1477
593 218 741 1220
594 221 741 255
594 219 741 673
594 220 741 160
598 222 741 1431
603 223 741 1559
604 224 741 588
608 225 741 1350
609 226 741 750
610 227 741 500
612 231 741 429
612 230 741 298
612 229 741 237
612 228 741 1118
615 232 741 1210
629 233 741 1897
630 234 741 617
636 235 741 1631
638 236 741 947
643 237 741 1556
645 238 741 1139
653 239 741 1782
654 240 741 557
654 241 741 403
656 242 741 1047
656 243 741 237
656 244 741 293
667 245 741 1857
669 246 741 1116
674 247 741 1531
676 249 741 322
676 248 741 891
677 250 741 724
681 251 741 1411
686 252 741 1511
691 253 741 1605
695 254 741 1414
697 255 741 873
703 256 741 1619
704 257 741 698
706 258 741 934
707 259 741 669
707 260 741 81
707 261 741 412
707 262 741 310
713 263 741 1665
713 264 741 305
713 265 741 302
713 266 741 301
718 268 741 379
718 267 741 1507
720 269 741 912
720 270 741 231
722 271 741 1087
722 272 741 338
726 273 741 1363
726 274 741 115
732 275 741 1681
734 276 741 1133
737 277 741 1194
740 278 741 1266
741 279 741 655
741 280 741 233
744 281 741 1144
749 282 741 1533
750 283 741 796
754 284 741 1437
755 285 741 811
756 286 741 843
761 287 741 1530
761 288 741 482
767 289 741 1668
767 290 741 11
767 291 741 249
768 292 741 622
768 293 741 469
775 296 741 93
775 295 741 145
775 294 741 1700
778 297 741 1307
789 298 741 1856
807 299 741 1916
812 300 741 1556
817 301 741 1533
820 302 741 1152
835 303 741 1904
835 304 741 90
840 305 741 1562
842 306 741 1072
