2 0 928 885
3 1 928 755
3 2 928 446
4 3 928 834
4 4 928 215
12 5 928 1775
19 6 928 1713
23 7 928 1384
27 8 928 1462
32 9 928 1558
43 10 928 1867
50 11 928 1717
51 12 928 736
51 13 928 226
54 14 928 1313
69 15 928 1904
71 16 928 919
71 17 928 407
73 18 928 1082
74 19 928 825
75 20 928 723
79 21 928 1393
89 22 928 1848
90 23 928 663
97 24 928 1700
98 25 928 792
99 27 928 54
99 26 928 556
103 28 928 1372
106 29 928 1275
106 30 928 457
110 31 928 1441
111 32 928 554
111 33 928 481
116 35 928 238
116 34 928 1532
125 36 928 1797
129 37 928 1400
131 38 928 967
134 39 928 1224
138 40 928 1438
140 41 928 1009
143 42 928 1153
144 43 928 635
149 44 928 1504
151 46 928 382
151 45 928 923
160 47 928 1809
160 48 928 302
160 49 928 89
161 50 928 701
168 51 928 1712
169 52 928 763
169 53 928 27
175 54 928 1672
179 55 928 1417
180 56 928 832
187 57 928 1707
189 58 928 1058
193 59 928 1348
196 60 928 1219
202 61 928 1659
202 62 928 11
202 63 928 187
204 65 928 425
204 64 928 1100
207 66 928 1162
207 67 928 254
208 68 928 618
210 69 928 1074
210 70 928 106
214 71 928 1444
218 72 928 1365
226 73 928 1782
229 74 928 1312
235 76 928 239
235 75 928 1638
238 77 928 1212
240 78 928 1084
241 79 928 777
241 80 928 409
242 81 928 671
248 82 928 1676
251 83 928 1283
252 84 928 574
253 85 928 669
254 86 928 678
255 87 928 527
256 88 928 734
256 89 928 115
259 90 928 1331
259 91 928 90
259 92 928 341
264 94 928 4
264 93 928 1543
271 95 928 1703
273 96 928 997
275 97 928 966
279 98 928 1460
281 99 928 1079
287 100 928 1685
287 101 928 128
290 102 928 1191
293 103 928 1152
308 104 928 1907
311 105 928 1181
311 106 928 347
313 107 928 905
314 108 928 639
314 109 928 33
317 110 928 1178
322 111 928 1544
323 112 928 622
323 113 928 280
325 114 928 939
326 115 928 548
341 116 928 1907
342 117 928 653
347 118 928 1538
347 119 928 430
353 120 928 1671
354 121 928 634
358 122 928 1445
359 123 928 503
365 124 928 1667
365 125 928 16
367 126 928 1102
374 127 928 1746
382 128 928 1777
387 129 928 1533
388 130 928 641
391 131 928 1197
397 133 928 5
397 132 928 1677
399 134 928 1016
399 135 928 280
403 136 928 1405
404 137 928 524
407 138 928 1301
410 139 928 1317
410 140 928 322
417 141 928 1697
426 142 928 1812
427 143 928 701
428 144 928 862
435 145 928 1711
439 146 928 1392
439 147 928 61
440 148 928 604
444 149 928 1381
451 151 928 344
451 150 928 1720
455 152 928 1353
457 153 928 1029
460 154 928 1332
462 155 928 1051
463 156 928 608
464 157 928 687
468 158 928 1409
481 159 928 1890
481 160 928 79
482 161 928 525
484 162 928 1053
486 163 928 1031
489 164 928 1317
504 165 928 1905
512 166 928 1791
513 167 928 617
516 168 928 1188
517 169 928 658
519 170 928 1067
523 171 928 1383
526 174 928 108
526 172 928 1276
526 173 928 220
540 175 928 1899
541 176 928 746
542 177 928 744
547 178 928 1566
559 179 928 1881
560 180 928 549
562 181 928 1040
564 182 928 1142
564 183 928 395
571 184 928 1737
571 185 928 296
579 186 928 1769
580 187 928 648
581 188 928 598
594 189 928 1890
599 190 928 1597
600 191 928 717
602 192 928 1039
605 193 928 1336
608 194 928 1238
615 195 928 1721
616 196 928 644
617 197 928 781
620 198 928 1308
622 199 928 882
632 200 928 1844
633 201 928 775
634 202 928 798
645 203 928 1871
645 204 928 314
645 205 928 337
647 206 928 992
649 207 928 1132
651 208 928 920
655 210 928 304
655 209 928 1357
663 211 928 1788
665 212 928 1046
669 213 928 1453
672 214 928 1340
674 215 928 963
677 216 928 1308
678 217 928 657
681 218 928 1218
683 220 928 135
683 219 928 1020
686 221 928 1143
686 222 928 18
689 223 928 1222
691 224 928 985
691 225 928 350
691 226 928 344
702 227 928 1865
704 228 928 907
704 229 928 312
707 230 928 1255
720 231 928 1889
724 232 928 1360
725 233 928 684
725 234 928 36
732 235 928 1699
732 236 928 242
735 237 928 1196
735 238 928 81
739 239 928 1400
742 240 928 1228
743 241 928 637
749 242 928 1653
752 243 928 1165
757 244 928 1585
764 245 928 1734
769 246 928 1595
774 247 928 1510
794 250 928 412
794 249 928 274
794 248 928 1920
810 251 928 1912
814 252 928 1488
814 253 928 288
815 254 928 746
816 255 928 701
817 256 928 756
822 257 928 1500
824 258 928 885
837 259 928 1888
855 260 928 1918
857 261 928 1052
857 262 928 224
858 263 928 608
858 264 928 102
858 265 928 339
858 266 928 428
858 267 928 362
862 268 928 1417
867 269 928 1566
868 270 928 720
868 271 928 112
869 272 928 575
876 273 928 1743
883 274 928 1717
887 275 928 1422
891 276 928 1414
892 277 928 777
897 278 928 1562
900 279 928 1176
901 280 928 679
902 281 928 758
913 282 928 1869
914 283 928 632
923 284 928 1824
926 285 928 1268
926 286 928 401
928 287 928 1072
939 288 928 1862
942 289 928 1259
944 290 928 942
945 291 928 667
945 292 928 310
945 293 928 117
949 294 928 1407
949 295 928 175
949 296 928 412
951 297 928 1045
953 298 928 1063
956 299 928 1246
959 300 928 1305
962 301 928 1233
962 302 928 93
962 303 928 353
966 304 928 1479
966 305 928 300
969 306 928 1336
