0 0 304 434
2 1 304 1051
3 2 304 638
3 3 304 213
3 4 304 19
8 5 304 1551
14 6 304 1675
14 7 304 429
15 8 304 792
16 9 304 616
16 10 304 260
22 11 304 1681
24 12 304 1116
24 13 304 190
25 14 304 623
26 15 304 864
28 16 304 973
29 17 304 717
30 18 304 854
32 19 304 1138
34 20 304 888
34 21 304 259
36 22 304 952
39 23 304 1182
42 24 304 1230
42 25 304 412
42 26 304 225
46 27 304 1480
47 28 304 703
47 29 304 230
47 30 304 223
48 31 304 731
49 32 304 655
49 33 304 183
50 34 304 603
57 35 304 1727
58 36 304 616
62 37 304 1436
66 38 304 1361
66 39 304 292
66 40 304 42
71 41 304 1519
74 42 304 1305
77 43 304 1195
78 44 304 804
79 45 304 714
94 46 304 1907
98 47 304 1392
99 48 304 721
99 49 304 329
99 50 304 358
109 51 304 1831
110 55 304 175
110 54 304 246
110 56 304 99
110 52 304 658
110 53 304 174
114 57 304 1380
116 58 304 907
121 59 304 1532
124 60 304 1325
124 61 304 194
130 62 304 1650
131 63 304 562
131 64 304 392
135 65 304 1453
137 66 304 1025
139 67 304 932
144 68 304 1512
145 69 304 821
145 70 304 248
149 71 304 1461
152 72 304 1281
153 73 304 561
155 74 304 1096
158 75 304 1293
160 76 304 879
166 77 304 1681
166 78 304 378
167 79 304 515
167 80 304 430
168 81 304 758
169 82 304 758
169 83 304 373
178 87 304 480
178 86 304 73
178 85 304 316
178 84 304 1796
189 88 304 1861
189 89 304 428
195 90 304 1627
198 91 304 1160
199 92 304 528
207 93 304 1754
209 94 304 891
217 95 304 1772
225 96 304 1793
226 97 304 742
227 98 304 802
230 99 304 1275
236 100 304 1614
238 101 304 974
247 102 304 1804
256 104 304 80
256 103 304 1825
257 105 304 821
258 106 304 550
258 107 304 96
260 108 304 1003
262 109 304 878
265 110 304 1220
265 111 304 342
267 112 304 1002
267 113 304 392
269 114 304 1101
270 115 304 567
274 116 304 1360
277 117 304 1276
278 118 304 691
278 119 304 76
282 120 304 1380
283 121 304 544
285 122 304 995
287 123 304 1084
289 124 304 1118
291 125 304 1013
293 126 304 933
297 127 304 1452
302 128 304 1595
305 129 304 1248
309 130 304 1424
309 131 304 136
311 132 304 878
313 133 304 1027
314 134 304 826
318 135 304 1380
320 136 304 878
321 137 304 858
321 138 304 292
323 139 304 974
330 140 304 1691
344 141 304 1901
348 142 304 1402
350 143 304 983
352 144 304 1132
355 145 304 1285
355 146 304 157
355 147 304 135
356 148 304 652
356 149 304 324
356 150 304 411
357 151 304 517
357 152 304 51
358 153 304 726
367 154 304 1820
369 155 304 1069
384 156 304 1904
385 157 304 720
386 158 304 706
388 159 304 992
397 160 304 1812
399 162 304 426
399 161 304 1023
405 163 304 1679
409 164 304 1378
411 165 304 1084
415 166 304 1388
429 167 304 1899
433 168 304 1490
439 169 304 1646
445 170 304 1613
446 171 304 502
448 172 304 983
454 173 304 1641
454 174 304 309
458 175 304 1403
460 176 304 1067
460 177 304 12
472 178 304 1876
480 179 304 1757
481 180 304 855
482 181 304 797
483 182 304 800
486 183 304 1270
487 184 304 837
489 185 304 907
489 186 304 84
489 187 304 151
491 188 304 1132
497 189 304 1682
501 192 304 152
501 191 304 158
501 190 304 1401
504 193 304 1225
506 194 304 1086
507 195 304 667
511 196 304 1475
517 197 304 1647
522 198 304 1530
522 199 304 47
531 200 304 1822
531 201 304 183
532 202 304 570
534 203 304 930
535 204 304 636
545 205 304 1834
549 209 304 416
549 208 304 416
549 210 304 1
549 206 304 1458
549 207 304 335
562 211 304 1892
563 212 304 768
565 213 304 873
565 214 304 136
567 215 304 1015
567 216 304 223
569 217 304 1080
570 219 304 470
570 218 304 842
572 220 304 999
575 221 304 1236
576 222 304 766
583 223 304 1733
583 224 304 245
587 225 304 1455
587 226 304 349
593 227 304 1683
594 228 304 555
599 229 304 1567
609 230 304 1852
612 231 304 1345
612 232 304 406
621 233 304 1828
632 234 304 1860
633 235 304 672
633 236 304 227
641 237 304 1794
642 238 304 634
644 239 304 928
648 240 304 1374
654 241 304 1674
660 242 304 1659
661 243 304 716
667 244 304 1680
671 245 304 1433
674 246 304 1314
677 247 304 1203
679 251 304 394
679 250 304 443
679 249 304 71
679 248 304 1089
680 252 304 805
682 253 304 1059
684 254 304 973
685 255 304 585
688 256 304 1341
689 257 304 762
690 258 304 684
692 259 304 1106
696 260 304 1484
703 261 304 1700
710 262 304 1705
711 263 304 774
711 264 304 488
712 265 304 581
716 266 304 1485
717 267 304 864
719 268 304 937
723 269 304 1389
724 270 304 787
724 271 304 353
724 272 304 446
734 273 304 1839
736 274 304 1021
739 275 304 1250
744 278 304 52
744 277 304 50
744 276 304 1501
745 279 304 736
745 280 304 140
747 281 304 1071
748 282 304 593
748 283 304 483
750 284 304 1123
754 285 304 1457
755 286 304 539
758 287 304 1272
759 288 304 855
762 289 304 1275
765 290 304 1255
769 291 304 1390
771 292 304 1110
775 293 304 1453
779 294 304 1368
784 295 304 1599
797 296 304 1894
799 298 304 227
799 297 304 885
801 299 304 1099
813 300 304 1873
813 301 304 450
813 302 304 265
819 303 304 1624
822 304 304 1208
822 305 304 90
834 306 304 1873
