1 0 819 724
2 1 819 638
2 2 819 353
3 3 819 550
6 4 819 1332
7 5 819 619
8 6 819 623
13 7 819 1539
23 8 819 1837
38 9 819 1906
40 10 819 1008
42 11 819 951
42 12 819 398
44 13 819 1104
45 14 819 749
47 15 819 930
52 16 819 1555
57 17 819 1601
62 18 819 1581
62 19 819 28
63 20 819 559
66 21 819 1222
73 22 819 1690
74 23 819 688
76 25 819 498
76 26 819 399
76 24 819 924
80 27 819 1435
89 28 819 1801
89 29 819 246
90 30 819 601
90 31 819 309
90 32 819 306
90 33 819 14
96 34 819 1637
97 35 819 640
100 37 819 65
100 36 819 1298
106 38 819 1656
106 39 819 487
108 40 819 1137
109 41 819 666
109 42 819 259
109 43 819 293
111 44 819 961
111 45 819 385
113 47 819 75
113 46 819 931
118 48 819 1600
118 49 819 261
119 50 819 838
122 51 819 1280
123 52 819 835
124 53 819 550
124 54 819 21
128 55 819 1426
130 56 819 872
135 57 819 1590
140 58 819 1551
141 59 819 833
141 60 819 220
143 61 819 1113
149 62 819 1662
154 63 819 1590
157 64 819 1305
158 65 819 699
159 66 819 644
159 67 819 384
163 68 819 1392
163 69 819 108
168 70 819 1557
172 71 819 1490
183 72 819 1869
185 73 819 1094
186 74 819 816
195 75 819 1818
197 76 819 962
201 77 819 1396
207 78 819 1651
208 79 819 538
212 80 819 1492
212 81 819 323
220 82 819 1760
225 83 819 1539
228 84 819 1332
231 85 819 1245
235 86 819 1398
241 87 819 1681
259 88 819 1917
259 89 819 210
266 90 819 1693
272 91 819 1633
272 92 819 439
273 94 819 266
273 95 819 24
273 93 819 822
275 96 819 928
276 97 819 593
278 98 819 913
278 99 819 262
284 100 819 1666
285 101 819 547
286 102 819 608
290 103 819 1491
291 104 819 629
294 105 819 1273
297 106 819 1336
303 107 819 1666
309 108 819 1659
309 109 819 128
309 110 819 464
313 111 819 1401
324 112 819 1863
326 113 819 1012
329 114 819 1266
338 115 819 1821
341 116 819 1278
341 117 819 122
341 118 819 258
341 119 819 59
344 120 819 1225
346 121 819 888
346 122 819 391
349 124 819 340
349 123 819 1181
359 125 819 1848
361 126 819 1050
363 127 819 1046
364 128 819 827
365 129 819 792
367 130 819 889
367 131 819 368
367 132 819 483
371 133 819 1389
372 134 819 797
374 135 819 944
380 136 819 1640
380 137 819 268
382 138 819 910
382 139 819 59
392 140 819 1834
398 141 819 1657
398 142 819 21
406 143 819 1788
412 144 819 1671
412 145 819 291
419 146 819 1695
423 147 819 1352
427 148 819 1481
427 149 819 370
428 150 819 670
429 151 819 806
429 152 819 335
430 153 819 853
432 154 819 962
433 155 819 777
433 156 819 155
437 157 819 1351
440 158 819 1151
441 159 819 706
441 160 819 222
441 161 819 289
442 162 819 838
443 163 819 867
446 164 819 1163
446 165 819 95
448 166 819 917
448 167 819 474
448 168 819 214
448 169 819 321
448 170 819 181
450 171 819 1009
452 172 819 1137
452 173 819 198
452 174 819 150
456 175 819 1492
457 176 819 866
458 177 819 527
462 179 819 48
462 180 819 152
462 178 819 1435
468 181 819 1623
472 182 819 1490
472 183 819 457
472 184 819 121
472 185 819 83
472 186 819 33
477 188 819 427
477 187 819 1554
477 189 819 20
478 191 819 288
478 190 819 789
480 192 819 1042
480 193 819 203
488 194 819 1762
493 195 819 1544
494 196 819 818
496 197 819 1079
497 198 819 625
502 199 819 1575
505 200 819 1299
508 201 819 1221
510 202 819 1137
513 203 819 1159
513 204 819 188
518 205 819 1586
523 206 819 1593
523 207 819 137
524 208 819 703
528 209 819 1394
538 210 819 1835
543 211 819 1552
553 212 819 1841
555 213 819 1102
556 214 819 553
557 215 819 523
558 216 819 724
558 217 819 381
559 218 819 746
561 219 819 1080
561 220 819 62
564 221 819 1287
564 222 819 46
564 223 819 194
568 224 819 1457
577 225 819 1817
590 226 819 1892
592 228 819 361
592 227 819 934
593 229 819 531
594 230 819 673
601 231 819 1712
610 232 819 1827
618 233 819 1784
619 234 819 673
620 240 819 415
620 238 819 268
620 239 819 459
620 236 819 485
620 235 819 856
620 237 819 330
629 241 819 1821
630 242 819 851
632 243 819 957
632 244 819 109
635 246 819 371
635 245 819 1161
646 247 819 1864
651 248 819 1574
654 249 819 1238
655 250 819 819
655 251 819 437
655 252 819 333
659 253 819 1469
664 254 819 1513
664 255 819 11
667 256 819 1174
669 257 819 943
675 258 819 1627
675 259 819 296
681 260 819 1619
682 261 819 658
689 262 819 1700
689 263 819 172
690 264 819 720
690 265 819 123
696 267 819 57
696 268 819 428
696 266 819 1650
702 269 819 1622
702 270 819 38
702 271 819 394
702 272 819 113
702 273 819 286
703 274 819 664
703 275 819 166
703 276 819 435
705 279 819 295
705 277 819 1013
705 278 819 84
709 280 819 1445
709 281 819 27
712 282 819 1285
714 283 819 1047
720 284 819 1636
720 285 819 236
724 288 819 270
724 287 819 357
724 286 819 1379
725 289 819 661
730 290 819 1606
734 291 819 1466
735 292 819 627
749 293 819 1897
750 294 819 765
756 295 819 1681
756 296 819 120
757 297 819 679
757 298 819 237
773 299 819 1911
777 300 819 1436
777 301 819 314
781 302 819 1435
793 303 819 1876
796 305 819 424
796 304 819 1199
796 306 819 324
