3 0 1164 1298
5 1 1164 998
8 2 1164 1227
9 3 1164 617
10 4 1164 760
22 5 1164 1878
25 6 1164 1294
26 7 1164 709
30 8 1164 1358
33 9 1164 1156
44 10 1164 1855
45 11 1164 786
45 12 1164 179
45 13 1164 103
46 14 1164 746
49 15 1164 1217
50 16 1164 696
53 17 1164 1326
54 20 1164 45
54 18 1164 685
54 19 1164 219
56 21 1164 1122
61 22 1164 1545
61 23 1164 98
64 24 1164 1144
67 25 1164 1246
76 28 1164 253
76 26 1164 1810
76 27 1164 371
82 29 1164 1614
84 30 1164 885
84 31 1164 414
84 32 1164 23
85 33 1164 648
94 34 1164 1811
96 35 1164 923
96 36 1164 418
98 37 1164 913
105 38 1164 1696
105 39 1164 91
108 40 1164 1153
109 41 1164 665
111 42 1164 1115
118 43 1164 1698
118 44 1164 252
118 45 1164 280
119 46 1164 579
121 47 1164 930
126 48 1164 1581
127 49 1164 659
127 50 1164 57
129 51 1164 1037
138 52 1164 1812
139 53 1164 604
140 54 1164 844
140 55 1164 176
144 56 1164 1377
146 57 1164 1129
150 58 1164 1397
154 59 1164 1439
154 60 1164 67
156 61 1164 922
156 62 1164 456
162 63 1164 1669
162 64 1164 271
166 65 1164 1441
167 66 1164 762
171 67 1164 1455
171 68 1164 216
178 69 1164 1748
179 70 1164 799
186 71 1164 1708
191 72 1164 1555
192 73 1164 594
194 74 1164 990
197 76 1164 6
197 75 1164 1304
205 77 1164 1772
213 78 1164 1771
214 79 1164 864
215 80 1164 666
217 81 1164 879
218 82 1164 715
223 83 1164 1519
228 84 1164 1556
236 85 1164 1772
237 86 1164 527
240 87 1164 1343
247 88 1164 1728
253 89 1164 1635
257 90 1164 1471
260 91 1164 1214
264 96 1164 208
264 95 1164 231
264 94 1164 24
264 93 1164 256
264 92 1164 1440
268 97 1164 1371
272 98 1164 1427
273 99 1164 735
277 100 1164 1443
279 101 1164 1049
280 102 1164 714
288 103 1164 1758
296 105 1164 273
296 104 1164 1784
300 106 1164 1407
303 107 1164 1218
308 108 1164 1538
312 109 1164 1464
312 110 1164 169
317 111 1164 1530
320 112 1164 1283
321 113 1164 533
322 114 1164 773
324 115 1164 1112
324 116 1164 207
325 117 1164 862
325 118 1164 112
325 119 1164 423
327 120 1164 913
330 121 1164 1344
336 122 1164 1652
337 123 1164 505
337 124 1164 277
342 125 1164 1509
342 126 1164 268
345 127 1164 1298
346 128 1164 569
347 129 1164 759
349 130 1164 1096
350 132 1164 345
350 131 1164 560
352 133 1164 1035
356 134 1164 1345
361 135 1164 1541
361 136 1164 165
363 137 1164 881
369 138 1164 1659
372 140 1164 365
372 139 1164 1283
375 141 1164 1234
382 142 1164 1729
382 143 1164 263
386 144 1164 1466
397 145 1164 1865
408 146 1164 1856
410 147 1164 906
414 148 1164 1408
415 149 1164 836
415 150 1164 23
418 151 1164 1270
421 152 1164 1258
423 153 1164 1003
430 154 1164 1747
430 155 1164 98
433 156 1164 1322
433 157 1164 208
437 158 1164 1481
437 159 1164 275
437 160 1164 5
437 161 1164 108
438 162 1164 648
439 163 1164 779
439 164 1164 368
444 165 1164 1533
447 166 1164 1185
447 167 1164 247
449 168 1164 1112
452 169 1164 1156
454 170 1164 947
457 171 1164 1250
459 172 1164 1128
460 173 1164 754
460 174 1164 58
465 175 1164 1604
470 176 1164 1539
474 177 1164 1388
476 178 1164 964
476 179 1164 336
481 180 1164 1578
484 181 1164 1286
493 182 1164 1815
499 183 1164 1658
500 184 1164 735
508 185 1164 1750
511 186 1164 1226
514 187 1164 1266
517 188 1164 1212
520 189 1164 1247
520 190 1164 219
532 191 1164 1881
535 192 1164 1325
539 193 1164 1384
542 194 1164 1277
542 195 1164 256
543 196 1164 586
545 197 1164 949
554 198 1164 1820
565 199 1164 1857
566 200 1164 680
572 201 1164 1608
579 202 1164 1718
579 203 1164 251
588 204 1164 1814
589 205 1164 698
589 206 1164 142
590 207 1164 504
592 209 1164 143
592 210 1164 483
592 208 1164 945
603 211 1164 1859
606 212 1164 1169
609 213 1164 1145
610 214 1164 621
611 215 1164 643
611 216 1164 218
613 218 1164 44
613 217 1164 914
614 220 1164 306
614 219 1164 542
624 221 1164 1843
626 222 1164 960
634 223 1164 1790
636 224 1164 936
638 225 1164 990
648 226 1164 1850
654 227 1164 1669
658 228 1164 1401
665 229 1164 1726
667 230 1164 1017
668 231 1164 590
672 232 1164 1492
674 233 1164 1031
679 234 1164 1580
692 235 1164 1895
696 236 1164 1492
701 237 1164 1563
709 238 1164 1769
709 239 1164 37
715 240 1164 1607
716 241 1164 722
716 242 1164 321
718 243 1164 1069
719 244 1164 763
719 245 1164 285
720 246 1164 712
720 247 1164 179
721 248 1164 762
722 250 1164 38
722 249 1164 634
727 251 1164 1596
729 252 1164 905
732 253 1164 1277
737 254 1164 1551
738 255 1164 762
739 256 1164 648
749 257 1164 1853
752 258 1164 1240
753 259 1164 824
754 260 1164 772
754 261 1164 398
756 262 1164 1027
759 263 1164 1143
761 264 1164 1050
770 265 1164 1818
770 266 1164 366
770 267 1164 138
774 268 1164 1489
775 269 1164 651
777 270 1164 1076
778 271 1164 579
780 272 1164 1070
780 273 1164 6
781 274 1164 859
786 275 1164 1509
791 276 1164 1522
800 277 1164 1815
802 278 1164 1027
803 279 1164 650
803 280 1164 278
809 281 1164 1671
811 282 1164 906
812 283 1164 767
818 284 1164 1688
822 285 1164 1346
828 287 1164 214
828 286 1164 1609
832 288 1164 1404
833 289 1164 818
836 290 1164 1247
841 291 1164 1564
841 292 1164 323
843 293 1164 945
846 294 1164 1190
849 295 1164 1209
855 296 1164 1619
857 297 1164 1102
857 298 1164 18
859 299 1164 869
869 300 1164 1844
870 301 1164 573
871 302 1164 615
871 303 1164 111
875 304 1164 1482
879 305 1164 1383
880 306 1164 526
