0 0 268 440
26 1 268 1924
26 2 268 476
28 3 268 994
28 4 268 282
28 5 268 288
28 6 268 147
31 7 268 1342
36 8 268 1563
37 9 268 519
38 10 268 529
39 11 268 558
39 12 268 183
44 13 268 1500
52 14 268 1795
55 15 268 1152
56 16 268 680
64 17 268 1795
84 18 268 1920
89 19 268 1508
89 20 268 11
91 21 268 1135
95 22 268 1473
98 23 268 1190
98 24 268 118
100 25 268 1041
106 26 268 1675
108 27 268 868
108 28 268 359
114 29 268 1631
122 30 268 1795
122 31 268 379
129 32 268 1689
130 33 268 526
131 34 268 711
132 35 268 723
138 37 268 227
138 36 268 1684
139 38 268 532
158 39 268 1919
160 40 268 963
160 41 268 208
160 42 268 323
161 43 268 604
169 44 268 1771
172 45 268 1177
178 46 268 1620
184 47 268 1608
191 48 268 1721
200 49 268 1798
209 50 268 1806
210 51 268 641
213 52 268 1142
215 53 268 1016
218 54 268 1263
221 56 268 451
221 55 268 1230
224 57 268 1210
226 58 268 876
229 59 268 1165
230 60 268 537
233 61 268 1203
235 62 268 982
246 63 268 1857
247 64 268 649
247 65 268 150
248 66 268 794
253 67 268 1581
254 68 268 788
256 69 268 1072
260 70 268 1393
260 71 268 452
263 73 268 0
263 72 268 1263
264 74 268 544
271 75 268 1727
272 76 268 811
274 77 268 868
277 78 268 1344
278 79 268 865
282 80 268 1346
282 81 268 67
284 82 268 1072
284 83 268 486
291 84 268 1749
294 85 268 1154
297 86 268 1161
298 87 268 673
301 88 268 1187
305 89 268 1405
305 90 268 271
305 91 268 473
308 92 268 1276
311 93 268 1291
315 94 268 1382
321 95 268 1685
324 96 268 1151
324 97 268 391
336 98 268 1880
342 99 268 1620
342 100 268 383
342 101 268 38
343 102 268 819
344 103 268 649
344 104 268 405
348 105 268 1353
351 106 268 1302
353 107 268 1141
353 108 268 472
357 109 268 1461
357 110 268 419
362 111 268 1507
370 113 268 10
370 112 268 1791
377 114 268 1744
377 115 268 469
377 116 268 131
377 117 268 496
377 118 268 107
381 119 268 1419
383 121 268 120
383 122 268 394
383 120 268 913
386 123 268 1307
387 124 268 800
389 125 268 919
391 126 268 1100
405 127 268 1896
406 128 268 543
407 129 268 783
408 130 268 576
408 131 268 419
410 132 268 913
416 133 268 1648
416 134 268 482
419 135 268 1307
422 136 268 1173
422 137 268 422
422 138 268 80
422 139 268 395
430 142 268 201
430 141 268 19
430 140 268 1776
436 143 268 1651
438 144 268 986
439 145 268 689
440 146 268 607
443 147 268 1266
447 148 268 1472
449 149 268 912
454 150 268 1554
455 152 268 284
455 153 268 460
455 151 268 654
456 154 268 707
456 155 268 262
461 156 268 1569
465 157 268 1436
473 158 268 1774
477 159 268 1411
477 160 268 252
480 161 268 1331
481 162 268 598
487 163 268 1613
489 164 268 884
518 165 268 1924
519 166 268 594
519 167 268 143
523 168 268 1452
523 169 268 436
526 170 268 1221
532 172 268 415
532 171 268 1633
538 173 268 1636
543 174 268 1568
545 175 268 893
555 176 268 1844
556 177 268 668
556 178 268 321
556 179 268 110
556 180 268 312
564 182 268 424
564 181 268 1759
569 183 268 1556
572 184 268 1154
582 185 268 1846
582 186 268 135
582 187 268 452
584 188 268 941
584 189 268 220
590 190 268 1663
596 191 268 1661
597 192 268 573
598 193 268 594
598 194 268 142
598 195 268 445
602 196 268 1346
603 197 268 512
604 198 268 766
606 201 268 464
606 200 268 95
606 199 268 986
613 202 268 1738
615 203 268 1036
621 204 268 1615
631 205 268 1845
631 206 268 239
632 207 268 572
633 208 268 817
640 210 268 343
640 209 268 1738
642 211 268 900
644 212 268 1115
650 213 268 1663
652 214 268 1098
652 215 268 418
654 216 268 906
656 217 268 967
656 218 268 458
658 219 268 962
666 220 268 1789
666 221 268 141
668 222 268 1126
671 223 268 1232
672 224 268 698
676 225 268 1485
678 226 268 1060
685 227 268 1746
689 228 268 1493
691 229 268 1122
695 230 268 1472
698 231 268 1331
707 232 268 1826
710 233 268 1259
710 234 268 15
718 235 268 1773
718 236 268 21
721 237 268 1313
732 238 268 1865
735 239 268 1234
741 240 268 1607
745 241 268 1487
750 242 268 1559
752 243 268 1128
761 244 268 1801
762 245 268 762
763 246 268 546
764 247 268 835
768 248 268 1420
774 249 268 1649
778 250 268 1463
778 251 268 379
778 252 268 53
785 253 268 1728
787 254 268 1122
799 255 268 1878
802 256 268 1262
803 259 268 130
803 257 268 505
803 258 268 338
804 260 268 785
804 261 268 417
806 262 268 1003
812 263 268 1619
812 264 268 266
814 265 268 936
816 266 268 998
824 267 268 1780
830 268 268 1647
833 269 268 1250
833 270 268 396
838 271 268 1518
840 272 268 1026
843 273 268 1149
846 274 268 1280
846 275 268 301
847 276 268 506
870 277 268 1923
874 278 268 1355
885 279 268 1860
887 280 268 938
887 281 268 225
887 282 268 325
895 283 268 1769
900 284 268 1584
902 285 268 1092
905 289 268 62
905 288 268 137
905 286 268 1277
905 287 268 98
906 290 268 510
910 291 268 1441
912 292 268 974
919 293 268 1734
919 294 268 448
922 295 268 1189
922 296 268 483
933 297 268 1865
934 298 268 861
935 299 268 865
941 300 268 1689
942 301 268 690
944 303 268 170
944 302 268 1112
947 304 268 1253
958 305 268 1869
961 306 268 1277
