0 0 683 247
3 1 683 1292
6 2 683 1194
7 3 683 655
7 4 683 85
12 5 683 1597
14 6 683 921
15 8 683 8
15 7 683 780
19 9 683 1352
19 10 683 248
24 11 683 1553
25 12 683 661
30 13 683 1605
33 14 683 1147
34 15 683 665
35 16 683 855
39 17 683 1447
41 18 683 937
42 19 683 787
42 20 683 383
42 21 683 435
43 22 683 636
46 23 683 1175
48 24 683 1052
52 25 683 1451
52 26 683 43
56 27 683 1458
57 28 683 581
60 29 683 1296
68 30 683 1780
70 31 683 1007
70 32 683 120
70 33 683 271
70 34 683 275
70 35 683 369
76 36 683 1618
78 37 683 1084
83 38 683 1516
84 39 683 745
93 40 683 1828
94 41 683 645
94 42 683 486
97 43 683 1293
97 44 683 243
97 45 683 251
103 46 683 1678
104 47 683 718
115 48 683 1868
115 49 683 401
115 50 683 480
115 51 683 387
116 52 683 717
119 53 683 1181
119 54 683 303
126 55 683 1737
127 57 683 18
127 56 683 655
132 58 683 1527
133 59 683 558
138 60 683 1554
142 61 683 1388
142 62 683 199
143 63 683 636
148 64 683 1497
151 65 683 1165
155 67 683 389
155 66 683 1433
158 68 683 1330
159 69 683 777
161 70 683 971
168 71 683 1695
179 72 683 1856
179 73 683 192
181 74 683 883
187 75 683 1662
199 76 683 1874
202 77 683 1268
204 78 683 932
205 79 683 801
212 80 683 1698
215 81 683 1249
220 82 683 1514
220 83 683 180
221 84 683 816
225 86 683 290
225 85 683 1392
226 87 683 863
239 88 683 1892
239 89 683 462
245 90 683 1638
250 91 683 1600
254 92 683 1482
256 93 683 957
258 96 683 446
258 95 683 440
258 94 683 1116
266 97 683 1774
273 98 683 1721
275 99 683 1002
276 100 683 742
279 101 683 1288
282 102 683 1313
284 103 683 1091
288 104 683 1354
289 105 683 709
289 106 683 456
290 107 683 525
290 108 683 298
291 109 683 565
299 110 683 1788
302 111 683 1312
304 112 683 1011
305 113 683 725
306 115 683 304
306 114 683 785
315 116 683 1799
315 117 683 18
322 118 683 1745
322 119 683 104
324 120 683 875
325 121 683 570
325 122 683 422
326 123 683 867
328 124 683 1064
331 125 683 1296
331 126 683 213
333 127 683 898
335 128 683 1001
335 129 683 443
338 130 683 1216
338 131 683 99
342 132 683 1471
353 135 683 409
353 134 683 58
353 133 683 1854
364 136 683 1861
364 137 683 422
365 138 683 750
365 139 683 106
367 140 683 935
374 141 683 1689
375 142 683 564
378 143 683 1327
379 144 683 599
379 145 683 326
380 146 683 588
381 147 683 756
381 148 683 171
382 149 683 811
383 151 683 428
383 152 683 28
383 150 683 565
389 155 683 172
389 153 683 1616
389 154 683 127
390 156 683 866
390 157 683 445
390 158 683 27
390 159 683 58
390 160 683 496
394 161 683 1483
398 162 683 1448
406 163 683 1780
409 164 683 1274
415 165 683 1688
423 166 683 1765
425 167 683 1081
426 168 683 667
426 169 683 376
426 170 683 368
430 171 683 1376
433 172 683 1192
439 173 683 1638
441 174 683 1093
443 175 683 1110
443 176 683 5
445 177 683 1019
445 178 683 268
446 179 683 738
447 180 683 707
451 181 683 1382
452 182 683 726
452 183 683 190
461 184 683 1802
462 185 683 787
462 186 683 71
470 187 683 1780
477 188 683 1727
486 189 683 1810
490 190 683 1467
494 192 683 395
494 191 683 1415
495 193 683 692
500 194 683 1535
504 195 683 1377
504 196 683 241
505 197 683 709
505 198 683 52
506 200 683 485
506 199 683 836
510 201 683 1431
510 202 683 88
517 203 683 1720
517 204 683 442
519 205 683 1113
522 206 683 1160
522 207 683 315
523 208 683 522
525 210 683 166
525 209 683 941
533 211 683 1771
533 212 683 176
536 213 683 1213
539 214 683 1275
541 215 683 1038
542 216 683 756
545 217 683 1258
559 218 683 1902
559 219 683 486
565 220 683 1617
581 221 683 1910
584 222 683 1279
585 223 683 781
586 224 683 833
588 225 683 877
590 226 683 981
591 228 683 102
591 227 683 500
597 229 683 1641
599 230 683 869
602 231 683 1221
604 232 683 967
608 233 683 1357
608 234 683 252
611 235 683 1200
614 236 683 1293
616 237 683 931
622 238 683 1672
623 239 683 689
628 240 683 1552
634 241 683 1680
637 242 683 1257
638 243 683 785
644 244 683 1644
650 245 683 1620
653 246 683 1239
655 247 683 1106
658 249 683 496
658 248 683 1341
659 250 683 621
661 251 683 907
662 252 683 731
666 253 683 1490
669 254 683 1144
670 255 683 500
670 256 683 152
673 257 683 1232
675 258 683 886
679 259 683 1489
679 260 683 132
680 261 683 659
680 262 683 212
681 263 683 806
681 264 683 72
683 265 683 870
684 266 683 804
685 267 683 744
687 268 683 961
687 269 683 74
693 270 683 1669
700 271 683 1749
705 272 683 1511
708 273 683 1213
709 274 683 859
720 275 683 1861
721 277 683 493
721 276 683 652
723 278 683 1062
725 279 683 1138
730 280 683 1563
739 281 683 1799
741 282 683 1083
746 283 683 1530
748 284 683 1019
761 286 683 489
761 285 683 1887
765 287 683 1402
765 288 683 213
771 289 683 1677
773 290 683 1048
773 291 683 61
773 292 683 44
773 293 683 183
774 294 683 556
776 295 683 893
780 296 683 1468
780 297 683 451
781 298 683 713
782 299 683 773
783 300 683 816
783 301 683 494
783 302 683 145
786 303 683 1266
787 304 683 752
788 305 683 796
791 306 683 1320
