5 0 1651 1537
8 1 1651 1302
8 2 1651 315
8 3 1651 480
22 4 1651 1897
26 5 1651 1425
28 6 1651 916
28 7 1651 288
28 8 1651 86
31 10 1651 447
31 9 1651 1296
34 11 1651 1333
37 12 1651 1151
37 13 1651 164
39 14 1651 1122
41 15 1651 906
48 16 1651 1695
51 17 1651 1283
52 19 1651 2
52 18 1651 580
54 20 1651 958
55 21 1651 853
55 22 1651 43
59 23 1651 1466
59 24 1651 111
59 25 1651 147
59 26 1651 7
63 30 1651 237
63 29 1651 46
63 28 1651 249
63 27 1651 1369
65 31 1651 884
67 32 1651 1024
72 33 1651 1588
72 34 1651 54
72 35 1651 168
72 36 1651 253
77 37 1651 1508
79 38 1651 923
80 39 1651 741
81 40 1651 649
82 41 1651 674
82 42 1651 220
88 43 1651 1676
88 44 1651 373
88 45 1651 100
102 46 1651 1899
109 47 1651 1735
109 48 1651 233
109 49 1651 388
110 50 1651 505
110 51 1651 386
110 52 1651 38
110 53 1651 22
110 54 1651 183
111 55 1651 683
114 56 1651 1258
115 57 1651 773
115 58 1651 368
122 59 1651 1749
126 60 1651 1417
130 61 1651 1471
130 62 1651 38
130 63 1651 39
132 64 1651 1058
136 66 1651 308
136 65 1651 1487
140 67 1651 1487
140 68 1651 110
142 69 1651 954
143 70 1651 652
143 71 1651 187
143 72 1651 360
151 73 1651 1764
154 74 1651 1277
154 75 1651 283
155 77 1651 292
155 76 1651 633
157 78 1651 1093
157 79 1651 11
157 80 1651 173
157 81 1651 197
159 82 1651 1135
167 83 1651 1786
171 84 1651 1466
179 85 1651 1775
180 86 1651 845
182 87 1651 1001
186 88 1651 1405
189 89 1651 1296
190 90 1651 834
194 91 1651 1404
196 92 1651 1139
198 93 1651 1098
201 94 1651 1248
203 95 1651 1103
204 97 1651 180
204 96 1651 636
205 98 1651 617
206 99 1651 810
213 100 1651 1717
213 101 1651 411
219 102 1651 1625
222 103 1651 1204
228 104 1651 1661
228 105 1651 317
228 106 1651 26
228 107 1651 199
229 108 1651 670
238 109 1651 1825
238 110 1651 49
240 111 1651 966
245 112 1651 1605
245 113 1651 357
250 114 1651 1575
253 118 1651 498
253 117 1651 177
253 115 1651 1220
253 116 1651 336
256 119 1651 1207
257 120 1651 641
260 121 1651 1231
260 122 1651 82
261 123 1651 738
261 124 1651 120
264 125 1651 1172
266 126 1651 973
269 127 1651 1186
270 128 1651 515
270 129 1651 174
275 130 1651 1571
275 131 1651 453
280 132 1651 1599
280 134 1651 218
280 133 1651 282
286 136 1651 496
286 135 1651 1687
297 137 1651 1855
297 138 1651 124
300 139 1651 1148
307 140 1651 1749
308 141 1651 645
308 142 1651 331
313 143 1651 1504
316 144 1651 1246
324 145 1651 1792
331 146 1651 1724
332 147 1651 782
336 148 1651 1448
336 149 1651 28
337 151 1651 458
337 150 1651 766
342 152 1651 1606
345 156 1651 328
345 155 1651 485
345 153 1651 1335
345 154 1651 168
347 157 1651 886
349 158 1651 1084
349 159 1651 488
352 160 1651 1269
353 161 1651 765
359 163 1651 496
359 164 1651 253
359 162 1651 1609
364 165 1651 1521
367 166 1651 1292
370 167 1651 1323
370 168 1651 138
379 169 1651 1813
380 172 1651 52
380 170 1651 723
380 171 1651 405
383 173 1651 1275
387 174 1651 1383
407 175 1651 1921
409 176 1651 899
410 177 1651 502
414 178 1651 1417
414 179 1651 252
418 180 1651 1373
418 181 1651 190
424 183 1651 486
424 182 1651 1663
427 184 1651 1332
429 185 1651 1113
430 186 1651 771
430 187 1651 264
430 188 1651 113
436 189 1651 1658
440 190 1651 1358
445 191 1651 1535
446 192 1651 771
451 193 1651 1561
460 194 1651 1803
462 195 1651 983
464 196 1651 960
472 197 1651 1760
475 198 1651 1251
481 199 1651 1649
482 200 1651 500
482 201 1651 401
483 202 1651 643
488 203 1651 1559
491 204 1651 1230
491 205 1651 360
491 206 1651 405
491 207 1651 331
503 208 1651 1876
503 209 1651 172
508 210 1651 1511
516 211 1651 1751
520 212 1651 1394
521 213 1651 831
523 214 1651 1040
525 215 1651 1078
527 216 1651 1027
529 217 1651 1123
531 218 1651 1088
533 219 1651 1065
534 220 1651 750
536 221 1651 1027
539 222 1651 1209
539 223 1651 405
539 224 1651 455
541 225 1651 1113
546 226 1651 1559
546 227 1651 416
550 228 1651 1396
550 229 1651 399
552 230 1651 960
554 231 1651 1064
557 232 1651 1176
564 233 1651 1692
570 234 1651 1677
572 235 1651 972
576 236 1651 1472
576 237 1651 103
579 238 1651 1181
581 239 1651 972
582 242 1651 312
582 240 1651 707
582 241 1651 439
593 243 1651 1865
593 244 1651 146
598 245 1651 1531
598 246 1651 141
609 247 1651 1864
610 248 1651 520
611 249 1651 725
623 250 1651 1881
631 251 1651 1762
632 252 1651 671
632 253 1651 186
634 254 1651 899
638 255 1651 1397
640 256 1651 1116
640 257 1651 238
642 259 1651 116
642 258 1651 1104
643 260 1651 725
660 261 1651 1914
661 262 1651 860
665 263 1651 1477
667 264 1651 1137
667 265 1651 446
668 266 1651 575
674 267 1651 1626
676 269 1651 68
676 268 1651 1079
681 270 1651 1531
683 271 1651 923
694 272 1651 1867
694 273 1651 116
694 274 1651 357
694 275 1651 310
695 276 1651 715
698 278 1651 258
698 277 1651 1269
699 279 1651 848
701 280 1651 972
707 281 1651 1620
716 282 1651 1821
717 283 1651 671
717 284 1651 443
719 285 1651 1122
719 286 1651 392
721 287 1651 990
722 288 1651 793
722 289 1651 279
730 290 1651 1780
733 291 1651 1233
735 292 1651 924
737 293 1651 1064
737 294 1651 246
738 295 1651 718
743 296 1651 1504
744 297 1651 759
745 298 1651 727
751 299 1651 1625
753 300 1651 956
753 301 1651 439
754 302 1651 785
754 303 1651 451
756 304 1651 1118
758 305 1651 957
767 306 1651 1820
