2 0 500 904
6 1 500 1449
18 2 500 1884
21 3 500 1252
23 4 500 1003
33 5 500 1836
35 6 500 980
35 7 500 274
45 8 500 1849
48 9 500 1267
49 10 500 750
49 11 500 275
57 12 500 1786
57 13 500 305
59 14 500 979
60 15 500 842
60 16 500 41
67 21 500 170
67 20 500 17
67 19 500 10
67 18 500 431
67 17 500 1717
71 22 500 1485
72 23 500 687
72 24 500 289
73 25 500 755
75 26 500 1056
75 27 500 144
75 28 500 342
81 29 500 1628
84 30 500 1322
84 31 500 385
91 32 500 1732
96 33 500 1509
107 34 500 1857
109 35 500 1077
112 36 500 1152
118 40 500 353
118 39 500 331
118 37 500 1625
118 38 500 405
120 41 500 926
120 42 500 134
121 43 500 786
122 44 500 555
122 45 500 386
126 46 500 1447
127 47 500 532
131 48 500 1377
132 49 500 646
135 50 500 1194
135 51 500 65
135 52 500 291
136 53 500 627
138 54 500 873
139 55 500 734
152 56 500 1888
155 57 500 1197
157 58 500 963
157 59 500 248
158 60 500 780
159 61 500 835
170 62 500 1857
170 63 500 221
181 64 500 1869
181 65 500 365
181 66 500 468
181 67 500 277
181 68 500 372
190 69 500 1826
196 70 500 1614
196 71 500 341
199 72 500 1312
199 73 500 99
204 74 500 1581
206 76 500 35
206 75 500 1015
207 77 500 698
207 78 500 132
216 79 500 1828
219 80 500 1232
220 81 500 523
221 82 500 691
227 83 500 1620
227 84 500 434
230 86 500 93
230 85 500 1257
232 87 500 1105
233 88 500 635
235 89 500 1123
237 90 500 1113
249 91 500 1880
250 92 500 662
250 93 500 156
254 94 500 1476
258 95 500 1443
260 96 500 994
270 97 500 1838
271 98 500 842
271 99 500 189
281 100 500 1843
284 101 500 1169
284 102 500 160
288 103 500 1476
290 104 500 956
291 105 500 853
292 107 500 192
292 106 500 678
294 108 500 970
302 109 500 1782
303 110 500 698
306 111 500 1190
308 112 500 1065
310 113 500 1060
312 117 500 236
312 116 500 143
312 114 500 940
312 115 500 256
319 118 500 1712
320 119 500 612
320 120 500 271
323 121 500 1287
328 122 500 1566
331 123 500 1174
332 124 500 713
338 125 500 1659
343 126 500 1603
346 127 500 1155
347 128 500 547
347 129 500 138
347 130 500 21
347 131 500 122
355 132 500 1781
366 133 500 1867
382 136 500 363
382 134 500 1909
382 135 500 63
384 137 500 1140
385 138 500 664
390 139 500 1506
391 140 500 578
400 141 500 1826
400 142 500 135
401 143 500 778
401 144 500 424
411 145 500 1847
412 146 500 815
417 147 500 1526
419 148 500 1141
422 149 500 1220
425 150 500 1299
426 152 500 125
426 153 500 230
426 151 500 757
436 154 500 1842
437 155 500 556
442 156 500 1527
444 157 500 911
445 158 500 762
448 159 500 1221
451 160 500 1174
455 161 500 1448
460 162 500 1569
461 163 500 832
469 164 500 1761
470 165 500 576
473 166 500 1334
475 167 500 1123
477 168 500 1075
479 169 500 877
488 170 500 1817
490 171 500 928
495 175 500 370
495 174 500 33
495 172 500 1496
495 173 500 206
498 176 500 1151
499 177 500 788
500 178 500 749
501 179 500 790
502 180 500 844
502 181 500 76
502 182 500 14
505 183 500 1252
506 184 500 763
509 185 500 1189
529 186 500 1921
534 187 500 1550
534 188 500 24
538 190 500 460
538 189 500 1353
542 192 500 377
542 191 500 1377
546 193 500 1367
546 194 500 331
548 195 500 1055
548 196 500 257
551 197 500 1227
553 198 500 942
561 199 500 1773
562 200 500 513
568 203 500 263
568 202 500 451
568 201 500 1617
571 204 500 1327
571 205 500 370
574 206 500 1185
584 207 500 1844
584 208 500 197
588 209 500 1472
591 210 500 1329
592 212 500 161
592 211 500 739
606 213 500 1897
606 214 500 377
608 215 500 1097
612 216 500 1433
612 217 500 316
612 218 500 68
613 219 500 572
614 220 500 579
621 221 500 1708
623 222 500 1098
629 223 500 1646
629 224 500 416
629 225 500 440
630 226 500 550
630 227 500 129
639 228 500 1799
641 230 500 113
641 229 500 902
651 231 500 1849
659 232 500 1771
661 233 500 900
661 234 500 276
664 235 500 1151
669 236 500 1550
675 237 500 1675
685 241 500 76
685 240 500 3
685 239 500 392
685 238 500 1849
689 242 500 1353
689 243 500 476
689 244 500 24
695 245 500 1645
698 246 500 1215
698 247 500 405
700 248 500 990
703 249 500 1159
708 250 500 1546
719 251 500 1865
722 252 500 1158
722 253 500 370
725 254 500 1193
726 255 500 729
727 256 500 518
728 257 500 730
736 258 500 1771
738 259 500 887
745 260 500 1745
747 261 500 1056
747 262 500 45
750 263 500 1219
754 264 500 1359
758 265 500 1404
760 266 500 893
763 267 500 1186
769 268 500 1621
772 269 500 1150
776 270 500 1472
782 271 500 1683
782 272 500 392
787 273 500 1601
788 274 500 568
789 276 500 355
789 275 500 503
790 277 500 622
796 278 500 1621
797 279 500 696
800 280 500 1149
800 281 500 145
802 282 500 1063
803 283 500 639
806 284 500 1280
806 285 500 172
807 286 500 691
811 287 500 1401
817 288 500 1631
821 289 500 1472
822 290 500 633
823 291 500 820
832 292 500 1828
834 293 500 961
835 294 500 572
837 297 500 133
837 295 500 872
837 296 500 31
839 298 500 1042
840 299 500 545
841 300 500 752
841 301 500 29
842 302 500 708
850 303 500 1764
856 304 500 1612
864 305 500 1788
868 306 500 1473
