13 0 122 1895
18 1 122 1526
21 2 122 1154
33 3 122 1880
36 4 122 1223
36 5 122 3
37 6 122 842
42 7 122 1497
43 8 122 505
51 9 122 1793
51 10 122 39
51 11 122 39
55 12 122 1437
59 13 122 1386
63 14 122 1440
66 15 122 1175
72 16 122 1612
73 18 122 418
73 17 122 795
74 19 122 711
76 20 122 882
79 21 122 1223
81 22 122 940
87 23 122 1685
89 24 122 1059
90 25 122 699
91 27 122 279
91 26 122 844
92 28 122 721
92 29 122 232
93 30 122 696
94 31 122 725
95 32 122 612
97 33 122 1125
101 34 122 1382
105 35 122 1372
108 37 122 38
108 36 122 1147
112 38 122 1487
124 39 122 1880
125 40 122 652
126 41 122 801
130 42 122 1493
132 43 122 1013
132 44 122 94
137 46 122 155
137 45 122 1505
138 47 122 542
140 48 122 1065
144 49 122 1482
146 50 122 971
146 51 122 482
151 52 122 1509
152 53 122 564
153 54 122 637
154 55 122 671
155 56 122 586
159 57 122 1394
160 58 122 821
161 59 122 523
163 60 122 1083
164 61 122 562
165 62 122 775
165 63 122 272
167 64 122 1097
170 65 122 1238
174 66 122 1351
174 67 122 311
174 68 122 3
174 69 122 67
174 70 122 27
179 71 122 1573
182 73 122 463
182 74 122 59
182 72 122 1232
182 75 122 80
188 76 122 1655
198 77 122 1851
203 78 122 1590
207 79 122 1478
208 80 122 543
208 81 122 302
210 82 122 1139
213 83 122 1164
216 85 122 213
216 84 122 1186
218 86 122 1141
218 87 122 48
218 88 122 488
219 89 122 710
220 90 122 786
226 91 122 1678
229 92 122 1142
231 93 122 963
232 96 122 26
232 95 122 89
232 94 122 797
235 97 122 1221
245 98 122 1840
246 99 122 781
246 100 122 154
254 101 122 1768
255 102 122 538
257 103 122 998
261 104 122 1455
264 105 122 1322
267 106 122 1175
269 107 122 1046
270 108 122 504
271 109 122 556
273 110 122 941
274 111 122 659
281 112 122 1728
284 113 122 1267
299 114 122 1905
300 115 122 780
304 116 122 1348
309 117 122 1536
311 118 122 1011
313 119 122 883
313 120 122 97
316 121 122 1303
323 122 122 1748
326 123 122 1217
329 124 122 1205
329 125 122 273
329 126 122 430
329 127 122 268
334 128 122 1590
347 129 122 1894
347 130 122 54
347 131 122 433
347 132 122 10
348 133 122 809
351 134 122 1324
352 135 122 699
358 136 122 1688
358 137 122 140
364 138 122 1634
372 139 122 1789
374 140 122 963
374 141 122 95
378 142 122 1468
389 143 122 1856
396 144 122 1694
396 145 122 127
408 146 122 1874
417 147 122 1799
419 148 122 983
419 149 122 16
420 150 122 666
420 151 122 414
420 152 122 210
422 153 122 957
423 154 122 684
424 155 122 775
424 156 122 20
427 157 122 1245
434 158 122 1717
437 159 122 1181
439 160 122 891
441 161 122 906
445 162 122 1380
446 163 122 535
447 164 122 501
448 165 122 507
449 166 122 648
451 167 122 919
462 168 122 1868
465 169 122 1206
467 170 122 1017
470 171 122 1207
479 172 122 1827
482 173 122 1146
492 174 122 1844
492 175 122 1
500 176 122 1760
509 177 122 1817
513 178 122 1448
515 179 122 1078
515 180 122 323
516 181 122 555
519 182 122 1209
524 183 122 1574
527 184 122 1228
532 185 122 1565
532 186 122 223
534 187 122 978
534 188 122 125
535 189 122 548
536 193 122 452
536 192 122 347
536 191 122 442
536 190 122 679
538 194 122 897
538 195 122 57
539 196 122 639
541 197 122 932
545 198 122 1354
548 199 122 1186
552 200 122 1403
554 201 122 955
565 202 122 1856
572 203 122 1702
574 204 122 923
578 205 122 1383
579 206 122 511
581 207 122 988
583 208 122 1037
584 209 122 682
586 211 122 128
586 210 122 940
593 212 122 1721
594 213 122 639
595 214 122 857
595 215 122 335
601 216 122 1621
608 217 122 1731
611 218 122 1232
612 220 122 284
612 219 122 861
617 221 122 1594
618 222 122 794
621 223 122 1319
622 224 122 526
623 225 122 575
624 226 122 859
628 228 122 249
628 227 122 1375
636 229 122 1787
639 230 122 1286
640 231 122 827
640 232 122 462
640 233 122 262
645 234 122 1599
648 235 122 1293
649 236 122 624
653 237 122 1432
654 238 122 650
662 239 122 1769
664 240 122 1053
667 241 122 1160
678 242 122 1866
682 243 122 1367
687 244 122 1532
688 245 122 550
689 246 122 645
695 247 122 1633
700 248 122 1519
701 250 122 360
701 249 122 561
702 251 122 833
708 252 122 1625
708 253 122 493
710 254 122 901
717 255 122 1734
717 256 122 160
718 257 122 537
721 259 122 348
721 258 122 1175
722 260 122 524
724 261 122 1061
725 262 122 738
728 263 122 1174
731 264 122 1320
731 265 122 113
736 266 122 1590
740 267 122 1459
742 268 122 964
746 269 122 1489
752 270 122 1636
752 271 122 189
754 272 122 1080
758 273 122 1387
765 274 122 1733
767 275 122 1048
773 276 122 1653
777 277 122 1351
784 278 122 1711
798 279 122 1900
809 280 122 1854
812 281 122 1150
820 282 122 1780
826 283 122 1613
830 284 122 1427
830 285 122 453
832 286 122 1126
845 287 122 1894
848 288 122 1286
856 289 122 1790
858 290 122 1132
858 291 122 86
858 292 122 256
858 293 122 301
861 294 122 1245
879 295 122 1916
879 296 122 421
880 298 122 47
880 297 122 691
884 299 122 1419
886 300 122 885
888 301 122 1111
889 302 122 669
889 303 122 30
890 304 122 849
890 305 122 171
896 306 122 1678
