0 0 470 321
0 1 470 145
3 2 470 1165
14 3 470 1867
14 4 470 164
18 5 470 1380
20 6 470 966
21 7 470 831
23 8 470 955
25 9 470 1086
26 10 470 575
28 11 470 1066
47 12 470 1918
47 13 470 243
47 14 470 23
48 15 470 717
50 16 470 917
51 17 470 755
57 18 470 1617
60 19 470 1163
61 20 470 770
62 21 470 811
65 22 470 1243
68 23 470 1326
75 24 470 1731
92 25 470 1914
92 26 470 150
95 27 470 1201
98 28 470 1253
98 29 470 338
100 30 470 1039
101 31 470 528
104 32 470 1221
107 33 470 1251
108 34 470 611
108 35 470 274
108 36 470 106
111 37 470 1264
116 38 470 1547
116 39 470 379
116 40 470 427
120 41 470 1450
122 42 470 1062
123 43 470 506
124 45 470 232
124 46 470 431
124 44 470 739
125 47 470 613
127 48 470 970
132 49 470 1568
132 50 470 188
135 51 470 1340
136 52 470 590
142 53 470 1655
143 54 470 817
147 55 470 1434
148 56 470 826
156 57 470 1764
156 58 470 136
156 59 470 175
159 60 470 1229
166 61 470 1690
171 62 470 1503
172 64 470 47
172 65 470 47
172 63 470 616
180 66 470 1769
181 67 470 667
186 68 470 1557
192 69 470 1674
193 70 470 611
198 71 470 1577
200 72 470 1132
203 73 470 1238
204 74 470 736
207 75 470 1244
213 76 470 1674
214 77 470 736
215 78 470 586
220 79 470 1499
224 80 470 1482
228 81 470 1462
228 82 470 231
234 84 470 150
234 83 470 1610
240 85 470 1623
251 86 470 1862
255 87 470 1491
255 88 470 433
257 89 470 1101
261 90 470 1372
261 91 470 266
263 92 470 1128
267 93 470 1372
269 94 470 1074
270 95 470 661
281 96 470 1871
281 97 470 445
281 98 470 459
282 99 470 692
282 100 470 387
288 101 470 1689
290 102 470 980
293 103 470 1220
295 104 470 956
296 105 470 535
296 106 470 208
299 107 470 1277
301 108 470 918
306 109 470 1498
312 110 470 1685
312 111 470 90
315 112 470 1177
316 113 470 561
317 114 470 617
324 115 470 1691
328 116 470 1459
337 126 470 449
337 125 470 344
337 124 470 301
337 123 470 455
337 122 470 233
337 120 470 109
337 119 470 348
337 118 470 466
337 117 470 1817
337 121 470 278
343 129 470 75
343 127 470 1685
343 128 470 163
346 130 470 1298
349 132 470 277
349 131 470 1229
358 133 470 1819
360 134 470 1111
367 135 470 1718
367 136 470 481
369 137 470 935
370 138 470 653
375 139 470 1539
379 140 470 1415
380 141 470 585
381 142 470 573
382 143 470 860
385 144 470 1341
388 145 470 1282
390 146 470 1013
391 147 470 566
392 148 470 754
395 149 470 1308
397 150 470 1127
397 151 470 53
411 153 470 111
411 152 470 1903
412 154 470 582
412 155 470 109
416 156 470 1455
417 157 470 525
419 158 470 919
420 159 470 612
420 160 470 86
420 161 470 448
422 162 470 1113
423 163 470 843
423 164 470 199
423 165 470 456
430 166 470 1738
433 167 470 1283
437 168 470 1374
438 169 470 824
441 170 470 1210
442 171 470 523
445 172 470 1164
446 173 470 852
447 174 470 858
451 175 470 1449
457 176 470 1629
460 177 470 1298
462 178 470 1039
464 179 470 944
467 180 470 1255
476 181 470 1807
478 182 470 931
479 183 470 780
481 184 470 872
484 185 470 1244
487 186 470 1250
487 187 470 165
490 188 470 1236
492 189 470 1002
492 190 470 263
504 193 470 41
504 191 470 1881
504 192 470 15
508 194 470 1453
510 195 470 966
514 196 470 1396
520 197 470 1654
521 198 470 660
523 199 470 884
527 200 470 1468
533 201 470 1655
535 202 470 1116
546 203 470 1854
546 204 470 97
547 205 470 603
548 206 470 814
550 207 470 1051
553 208 470 1178
555 211 470 157
555 210 470 404
555 209 470 1058
559 212 470 1411
573 213 470 1899
576 214 470 1281
576 215 470 204
580 216 470 1442
580 217 470 332
593 218 470 1896
595 219 470 880
597 220 470 1130
602 221 470 1572
602 222 470 46
602 223 470 372
603 224 470 561
606 225 470 1254
607 226 470 508
609 227 470 1123
612 228 470 1324
621 230 470 52
621 229 470 1816
635 231 470 1899
636 232 470 637
636 233 470 154
640 234 470 1400
645 235 470 1525
646 236 470 690
648 237 470 1001
649 241 470 199
649 240 470 430
649 239 470 268
649 238 470 682
651 242 470 912
651 243 470 178
652 244 470 597
652 245 470 105
652 246 470 469
652 247 470 41
653 248 470 684
656 249 470 1248
660 250 470 1449
662 251 470 1063
668 252 470 1683
675 253 470 1705
681 254 470 1679
690 255 470 1821
696 256 470 1609
697 257 470 744
700 258 470 1293
701 259 470 768
701 260 470 95
707 261 470 1616
713 262 470 1652
716 263 470 1286
718 264 470 1005
718 265 470 429
722 266 470 1444
725 268 470 498
725 267 470 1257
731 269 470 1681
735 270 470 1438
735 271 470 441
740 272 470 1575
746 273 470 1627
746 274 470 450
748 275 470 931
749 276 470 660
757 277 470 1792
764 278 470 1699
764 279 470 455
765 280 470 784
765 281 470 466
765 282 470 438
765 283 470 75
765 284 470 366
767 286 470 216
767 285 470 914
768 287 470 856
768 288 470 399
773 289 470 1504
783 290 470 1840
794 291 470 1870
800 292 470 1632
810 294 470 172
810 293 470 1839
811 296 470 472
811 295 470 739
816 297 470 1550
818 298 470 1098
818 299 470 167
819 300 470 586
821 301 470 1137
825 302 470 1467
827 303 470 928
834 304 470 1735
836 305 470 1008
840 306 470 1413
