7 0 354 1708
15 1 354 1767
22 2 354 1711
22 3 354 397
25 4 354 1289
25 5 354 49
25 6 354 89
35 7 354 1848
41 8 354 1647
42 10 354 27
42 9 354 604
52 11 354 1836
54 12 354 982
56 13 354 876
56 14 354 38
58 15 354 975
62 16 354 1494
67 17 354 1525
68 20 354 377
68 18 354 501
68 19 354 360
72 21 354 1399
73 22 354 624
79 23 354 1678
81 24 354 881
88 25 354 1738
89 26 354 662
89 27 354 257
90 28 354 599
93 29 354 1299
93 30 354 327
95 31 354 1001
95 32 354 77
98 33 354 1213
100 35 354 15
100 34 354 1054
100 36 354 225
106 37 354 1611
112 38 354 1643
112 39 354 408
113 40 354 513
123 41 354 1853
124 42 354 674
126 43 354 1111
130 44 354 1459
132 45 354 1042
142 46 354 1852
150 48 354 288
150 47 354 1794
155 49 354 1553
157 50 354 1092
159 51 354 963
164 52 354 1568
169 53 354 1571
170 54 354 694
170 55 354 308
173 57 354 32
173 56 354 1143
177 58 354 1440
181 59 354 1475
184 60 354 1311
192 61 354 1756
195 62 354 1249
195 63 354 347
195 64 354 277
197 65 354 950
205 66 354 1759
212 67 354 1694
219 68 354 1746
219 69 354 23
220 70 354 749
229 71 354 1807
238 72 354 1807
238 73 354 93
246 74 354 1771
246 75 354 449
247 76 354 724
251 77 354 1438
251 78 354 219
259 79 354 1764
268 80 354 1811
269 81 354 793
282 82 354 1894
284 83 354 970
284 84 354 207
287 85 354 1289
291 86 354 1358
291 87 354 430
292 88 354 519
293 89 354 745
294 90 354 797
294 91 354 193
294 92 354 171
294 93 354 167
296 94 354 1021
297 95 354 682
298 96 354 603
298 97 354 327
299 98 354 834
300 99 354 508
303 100 354 1207
303 101 354 157
303 102 354 47
303 103 354 264
304 104 354 804
307 105 354 1210
309 106 354 1080
313 107 354 1474
320 108 354 1724
320 109 354 244
325 110 354 1509
331 111 354 1629
338 112 354 1737
343 113 354 1601
348 114 354 1589
349 115 354 518
357 116 354 1787
357 117 354 278
357 118 354 140
359 119 354 912
364 120 354 1517
367 121 354 1328
370 122 354 1174
372 123 354 1001
375 124 354 1151
376 125 354 556
382 126 354 1635
388 127 354 1639
390 128 354 996
392 129 354 1088
400 130 354 1771
400 131 354 397
401 132 354 604
407 133 354 1636
408 134 354 556
414 135 354 1653
415 136 354 745
421 137 354 1629
421 138 354 166
423 139 354 921
423 140 354 208
432 141 354 1808
433 143 354 274
433 142 354 630
436 144 354 1161
438 145 354 1092
438 146 354 380
438 147 354 495
439 148 354 503
440 149 354 503
441 151 354 325
441 150 354 820
441 152 354 187
451 153 354 1846
453 154 354 916
462 155 354 1804
464 156 354 907
466 157 354 970
468 158 354 1038
468 159 354 247
473 160 354 1499
477 162 354 478
477 161 354 1365
478 163 354 635
478 164 354 398
480 165 354 1111
482 166 354 1025
482 167 354 101
484 168 354 1044
495 169 354 1860
502 171 354 157
502 172 354 111
502 170 354 1697
505 173 354 1143
506 174 354 703
512 175 354 1633
513 176 354 698
515 177 354 900
523 180 354 175
523 178 354 1765
523 179 354 58
525 181 354 1140
527 182 354 1136
527 183 354 493
527 184 354 268
531 185 354 1445
531 186 354 210
532 187 354 682
533 188 354 719
534 189 354 677
535 190 354 745
542 191 354 1700
543 192 354 591
553 193 354 1844
557 194 354 1346
558 195 354 767
561 196 354 1330
580 197 354 1919
589 200 354 66
589 201 354 278
589 198 354 1801
589 199 354 49
593 202 354 1375
594 203 354 567
595 204 354 730
596 205 354 663
596 206 354 213
598 207 354 968
601 208 354 1142
604 209 354 1207
606 211 354 7
606 210 354 1106
608 212 354 1130
610 213 354 979
610 214 354 71
610 215 354 359
610 216 354 229
626 217 354 1909
626 218 354 367
628 219 354 877
630 221 354 343
630 220 354 901
633 222 354 1307
633 223 354 367
635 224 354 1114
657 225 354 1922
661 226 354 1491
661 227 354 192
668 228 354 1722
679 230 354 303
679 229 354 1861
680 231 354 703
682 232 354 1023
689 233 354 1716
707 234 354 1917
716 235 354 1822
723 236 354 1690
724 237 354 568
730 238 354 1688
735 239 354 1530
738 240 354 1231
741 241 354 1166
745 242 354 1464
749 243 354 1437
754 244 354 1496
755 245 354 737
756 246 354 570
761 247 354 1536
769 248 354 1772
771 249 354 987
772 250 354 538
776 251 354 1345
781 252 354 1552
783 253 354 923
785 254 354 1072
791 255 354 1648
793 256 354 896
795 257 354 1007
799 258 354 1377
800 259 354 732
802 260 354 1097
802 261 354 21
805 262 354 1170
808 263 354 1206
810 264 354 904
810 265 354 402
812 266 354 909
815 267 354 1338
817 269 354 174
817 268 354 987
818 270 354 594
823 271 354 1585
823 272 354 220
824 273 354 762
829 274 354 1570
835 275 354 1660
836 276 354 803
844 277 354 1795
845 278 354 796
845 279 354 377
849 280 354 1352
861 281 354 1879
861 282 354 345
862 283 354 735
865 284 354 1322
867 285 354 882
869 287 354 99
869 286 354 1076
870 288 354 643
870 289 354 268
872 290 354 925
873 291 354 682
875 292 354 1116
877 293 354 956
877 294 354 433
880 295 354 1210
900 296 354 1921
900 297 354 257
901 298 354 533
903 299 354 1093
911 300 354 1753
914 301 354 1156
915 302 354 549
920 303 354 1597
920 304 354 392
922 305 354 877
924 306 354 1125
