3 0 1115 1197
13 1 1115 1837
17 2 1115 1430
33 3 1115 1909
37 4 1115 1431
39 5 1115 1105
43 6 1115 1380
45 7 1115 1014
47 8 1115 1137
51 9 1115 1432
52 10 1115 784
60 11 1115 1777
62 12 1115 1040
63 13 1115 850
64 14 1115 565
70 15 1115 1645
70 16 1115 56
75 17 1115 1596
81 18 1115 1657
83 19 1115 984
83 20 1115 97
88 21 1115 1500
90 22 1115 952
90 23 1115 257
94 24 1115 1346
94 25 1115 156
95 26 1115 785
96 27 1115 794
96 28 1115 116
97 29 1115 674
99 30 1115 994
103 31 1115 1432
104 32 1115 733
104 33 1115 476
104 34 1115 111
107 38 1115 225
107 37 1115 250
107 36 1115 120
107 35 1115 1313
112 39 1115 1508
116 40 1115 1457
125 41 1115 1823
126 42 1115 834
134 43 1115 1751
134 44 1115 196
135 46 1115 455
135 45 1115 723
136 47 1115 583
151 48 1115 1905
153 49 1115 985
154 50 1115 857
154 51 1115 90
155 52 1115 788
165 53 1115 1843
170 54 1115 1525
176 55 1115 1621
178 56 1115 884
181 57 1115 1172
182 58 1115 562
185 59 1115 1275
185 60 1115 319
186 61 1115 585
188 62 1115 898
188 63 1115 463
188 64 1115 437
191 65 1115 1277
193 66 1115 1044
194 67 1115 564
195 68 1115 738
198 69 1115 1177
203 70 1115 1525
210 71 1115 1730
214 72 1115 1371
214 73 1115 148
218 74 1115 1452
218 75 1115 199
219 76 1115 666
221 77 1115 1126
221 78 1115 61
222 79 1115 622
228 80 1115 1626
228 81 1115 202
229 82 1115 814
231 83 1115 1055
238 84 1115 1742
240 85 1115 904
241 86 1115 643
242 87 1115 814
244 88 1115 876
244 89 1115 414
244 90 1115 428
246 91 1115 872
252 92 1115 1612
254 93 1115 875
257 94 1115 1188
259 95 1115 872
261 96 1115 925
261 97 1115 371
264 98 1115 1313
265 99 1115 843
270 100 1115 1604
279 101 1115 1815
287 102 1115 1770
288 103 1115 728
292 104 1115 1385
294 105 1115 1051
295 106 1115 643
296 107 1115 639
296 108 1115 391
299 109 1115 1325
301 110 1115 955
307 111 1115 1683
309 112 1115 1111
320 113 1115 1864
325 115 1115 117
325 114 1115 1573
332 116 1115 1696
340 117 1115 1767
341 118 1115 645
345 119 1115 1458
346 120 1115 634
346 121 1115 229
352 122 1115 1612
352 123 1115 324
353 124 1115 748
354 125 1115 652
354 126 1115 117
354 127 1115 495
356 128 1115 885
357 129 1115 580
360 130 1115 1198
360 131 1115 294
367 132 1115 1737
370 133 1115 1142
372 134 1115 943
379 135 1115 1735
379 136 1115 357
379 137 1115 85
384 138 1115 1595
385 139 1115 690
385 140 1115 260
385 141 1115 3
385 142 1115 423
389 143 1115 1475
393 144 1115 1383
394 145 1115 669
400 146 1115 1685
406 147 1115 1672
409 148 1115 1226
411 149 1115 1070
413 150 1115 1100
415 151 1115 1082
421 152 1115 1650
429 154 1115 208
429 153 1115 1780
433 155 1115 1375
433 156 1115 203
437 157 1115 1445
452 158 1115 1904
453 159 1115 732
455 160 1115 933
455 161 1115 148
461 162 1115 1679
468 164 1115 127
468 163 1115 1736
469 165 1115 661
480 166 1115 1871
493 167 1115 1893
495 168 1115 921
503 169 1115 1763
509 170 1115 1685
515 171 1115 1610
515 172 1115 172
527 173 1115 1880
530 174 1115 1197
531 175 1115 630
538 176 1115 1730
538 177 1115 136
539 178 1115 865
539 179 1115 79
541 180 1115 891
541 181 1115 370
544 182 1115 1194
551 183 1115 1739
555 184 1115 1404
555 185 1115 115
556 186 1115 568
568 187 1115 1881
570 188 1115 933
574 189 1115 1492
579 190 1115 1532
580 192 1115 105
580 191 1115 836
581 193 1115 862
587 194 1115 1681
587 195 1115 112
587 196 1115 249
588 197 1115 612
592 198 1115 1348
593 199 1115 722
594 200 1115 723
601 201 1115 1716
602 202 1115 751
606 203 1115 1388
609 204 1115 1310
613 205 1115 1414
615 206 1115 910
622 207 1115 1695
623 208 1115 582
628 209 1115 1503
633 211 1115 66
633 210 1115 1569
634 212 1115 580
643 213 1115 1825
651 214 1115 1765
652 215 1115 563
654 216 1115 878
665 219 1115 11
665 220 1115 92
665 217 1115 1864
665 218 1115 331
682 221 1115 1914
684 222 1115 959
688 223 1115 1353
688 224 1115 231
689 225 1115 849
694 226 1115 1504
697 227 1115 1235
697 228 1115 198
699 230 1115 381
699 229 1115 1085
701 231 1115 1118
702 232 1115 713
702 233 1115 142
705 234 1115 1281
707 235 1115 1100
712 236 1115 1543
719 238 1115 429
719 237 1115 1731
736 239 1115 1914
738 240 1115 1130
739 241 1115 798
742 242 1115 1298
746 243 1115 1355
756 244 1115 1848
760 246 1115 255
760 245 1115 1465
760 247 1115 205
762 248 1115 1021
764 249 1115 1117
767 250 1115 1158
767 251 1115 309
767 252 1115 281
770 253 1115 1336
771 254 1115 630
772 255 1115 733
773 256 1115 756
776 257 1115 1322
779 258 1115 1156
779 259 1115 460
789 260 1115 1835
794 261 1115 1600
799 262 1115 1497
803 263 1115 1422
805 264 1115 1121
805 265 1115 451
808 266 1115 1277
808 267 1115 438
809 268 1115 544
810 269 1115 665
812 270 1115 944
814 271 1115 1072
818 272 1115 1435
818 273 1115 341
819 274 1115 806
822 275 1115 1219
823 276 1115 616
828 277 1115 1529
832 278 1115 1430
833 279 1115 690
834 280 1115 594
837 281 1115 1299
837 282 1115 213
839 283 1115 1005
849 285 1115 71
849 284 1115 1851
850 286 1115 836
853 287 1115 1302
857 288 1115 1437
858 289 1115 547
858 290 1115 343
858 291 1115 221
859 292 1115 574
872 293 1115 1893
872 294 1115 79
876 295 1115 1455
879 296 1115 1226
888 297 1115 1801
888 298 1115 233
892 299 1115 1396
892 300 1115 187
899 301 1115 1741
904 304 1115 172
904 305 1115 85
904 302 1115 1585
904 303 1115 355
905 306 1115 798
