2 0 780 891
8 1 780 1628
8 2 780 284
14 3 780 1615
14 4 780 478
15 7 780 372
15 8 780 308
15 5 780 512
15 6 780 185
19 9 780 1461
19 10 780 211
20 11 780 595
27 12 780 1727
32 13 780 1535
33 15 780 267
33 14 780 560
34 16 780 626
38 18 780 223
38 17 780 1485
41 19 780 1195
49 20 780 1771
49 21 780 343
49 22 780 444
50 23 780 671
51 24 780 588
55 26 780 81
55 25 780 1421
59 27 780 1367
61 28 780 1029
62 29 780 751
62 30 780 104
64 31 780 1089
69 32 780 1589
70 33 780 824
76 34 780 1640
79 35 780 1160
81 38 780 138
81 37 780 191
81 36 780 940
83 39 780 926
83 40 780 435
89 41 780 1623
89 42 780 172
89 43 780 44
90 44 780 546
94 47 780 100
94 46 780 96
94 45 780 1385
97 48 780 1302
102 49 780 1558
102 50 780 223
103 51 780 521
106 52 780 1247
108 53 780 868
109 54 780 764
110 55 780 547
113 56 780 1184
118 57 780 1537
120 58 780 1026
122 59 780 981
122 60 780 431
123 61 780 743
126 62 780 1268
130 63 780 1482
134 64 780 1356
136 65 780 1046
138 66 780 930
140 67 780 903
149 68 780 1819
152 69 780 1325
155 70 780 1251
155 71 780 434
159 72 780 1347
162 73 780 1221
163 78 780 125
163 76 780 171
163 77 780 399
163 75 780 147
163 74 780 760
165 79 780 1127
168 80 780 1325
183 81 780 1905
183 82 780 65
187 83 780 1396
188 84 780 527
193 85 780 1507
201 86 780 1766
202 87 780 720
202 88 780 59
204 89 780 1092
218 90 780 1900
221 91 780 1328
223 92 780 1090
225 93 780 1081
225 94 780 495
231 96 780 354
231 95 780 1616
232 97 780 615
233 98 780 612
237 99 780 1424
237 100 780 454
239 101 780 1117
239 102 780 205
253 103 780 1902
253 104 780 306
260 105 780 1713
262 106 780 1099
262 107 780 26
262 108 780 108
263 109 780 616
263 110 780 376
264 111 780 784
268 112 780 1411
277 113 780 1823
282 115 780 450
282 114 780 1581
283 116 780 678
292 117 780 1797
294 118 780 954
302 119 780 1774
305 120 780 1205
305 121 780 210
306 122 780 844
307 123 780 726
311 124 780 1349
321 125 780 1847
324 126 780 1269
324 127 780 266
325 128 780 726
327 129 780 1068
334 130 780 1717
338 131 780 1481
345 132 780 1712
346 133 780 626
347 135 780 208
347 134 780 672
354 136 780 1699
354 137 780 88
356 138 780 1089
357 139 780 738
357 140 780 407
364 141 780 1740
365 142 780 612
369 143 780 1368
370 144 780 716
372 145 780 1115
382 146 780 1841
385 147 780 1191
389 148 780 1424
389 149 780 44
391 150 780 938
391 151 780 482
396 152 780 1585
397 156 780 273
397 155 780 244
397 153 780 762
397 154 780 219
401 157 780 1403
402 158 780 552
402 159 780 384
402 160 780 444
403 161 780 833
406 162 780 1225
408 163 780 965
409 164 780 823
410 165 780 820
412 166 780 997
413 167 780 785
416 168 780 1150
420 169 780 1372
421 170 780 675
422 171 780 590
423 172 780 708
423 173 780 216
427 174 780 1366
431 175 780 1389
436 176 780 1523
440 177 780 1400
440 178 780 10
440 179 780 234
440 180 780 6
440 181 780 77
441 182 780 766
442 184 780 129
442 183 780 681
445 185 780 1235
454 186 780 1820
456 187 780 949
456 188 780 407
456 189 780 428
467 190 780 1860
467 191 780 295
471 192 780 1460
472 194 780 294
472 193 780 705
477 195 780 1499
478 196 780 515
483 197 780 1571
484 198 780 544
493 199 780 1820
493 200 780 117
495 201 780 1056
495 202 780 40
495 203 780 52
498 204 780 1293
498 205 780 348
505 206 780 1698
509 207 780 1369
512 208 780 1320
513 209 780 754
514 210 780 646
515 211 780 797
519 212 780 1393
519 213 780 318
519 214 780 378
519 215 780 366
519 216 780 67
520 217 780 543
521 218 780 835
526 219 780 1512
528 222 780 378
528 220 780 925
528 221 780 48
529 223 780 722
533 224 780 1437
533 225 780 380
535 227 780 3
535 226 780 1054
545 228 780 1846
553 229 780 1792
555 230 780 874
567 231 780 1876
568 232 780 855
568 233 780 114
568 234 780 116
570 235 780 875
570 236 780 36
571 237 780 714
574 238 780 1312
581 239 780 1706
585 241 780 450
585 240 780 1461
590 242 780 1553
595 243 780 1577
602 244 780 1707
604 245 780 1063
605 246 780 827
607 247 780 1142
607 248 780 327
617 249 780 1853
621 250 780 1432
635 251 780 1896
636 252 780 736
638 253 780 957
640 254 780 895
640 255 780 69
641 256 780 677
644 257 780 1243
645 258 780 539
647 259 780 913
650 260 780 1218
657 261 780 1695
661 262 780 1448
665 263 780 1453
674 264 780 1804
675 265 780 694
686 266 780 1866
689 268 780 201
689 267 780 1278
693 269 780 1428
693 270 780 329
696 271 780 1277
699 272 780 1155
701 273 780 1054
701 274 780 50
701 275 780 474
701 276 780 420
702 277 780 725
704 278 780 940
704 279 780 374
708 280 780 1477
718 281 780 1837
723 282 780 1601
741 283 780 1918
741 284 780 359
743 285 780 903
745 286 780 1139
754 287 780 1823
757 288 780 1143
757 289 780 46
757 290 780 197
758 291 780 718
758 292 780 174
758 293 780 399
758 294 780 487
765 295 780 1691
767 296 780 927
767 297 780 99
774 298 780 1698
776 299 780 1012
778 300 780 1121
782 301 780 1473
784 302 780 940
785 303 780 824
790 305 780 154
790 304 780 1523
791 306 780 740
