1 0 94 768
3 1 94 972
6 2 94 1143
6 3 94 243
9 4 94 1245
13 5 94 1403
17 6 94 1479
17 7 94 233
21 8 94 1457
24 9 94 1228
26 10 94 971
27 11 94 796
32 12 94 1566
33 13 94 647
36 14 94 1252
38 15 94 1020
42 16 94 1432
46 17 94 1449
50 18 94 1347
51 19 94 692
51 20 94 195
56 21 94 1577
60 22 94 1484
61 23 94 743
62 24 94 838
64 25 94 1053
66 26 94 925
68 27 94 1004
71 28 94 1322
71 29 94 428
71 30 94 54
78 31 94 1694
86 32 94 1772
86 33 94 487
86 34 94 470
89 35 94 1314
91 36 94 1077
94 37 94 1233
100 38 94 1629
100 39 94 329
109 40 94 1815
111 41 94 1114
113 42 94 1090
113 43 94 4
113 44 94 31
120 45 94 1699
121 46 94 847
126 47 94 1587
128 48 94 901
130 49 94 920
134 50 94 1347
135 51 94 645
135 52 94 376
136 53 94 667
140 54 94 1366
142 55 94 1115
146 57 94 399
146 56 94 1413
149 58 94 1329
149 59 94 192
149 60 94 478
149 61 94 474
150 62 94 835
152 63 94 1028
155 64 94 1173
158 65 94 1201
160 66 94 949
162 67 94 1079
162 68 94 176
173 69 94 1863
184 70 94 1867
184 71 94 198
191 72 94 1745
193 73 94 1017
194 74 94 801
196 76 94 487
196 75 94 1006
200 77 94 1480
201 78 94 712
203 79 94 1064
203 80 94 205
206 81 94 1262
206 82 94 103
206 83 94 401
208 84 94 1006
211 85 94 1333
214 86 94 1317
216 87 94 1105
218 88 94 1046
221 89 94 1279
230 90 94 1826
231 91 94 677
240 92 94 1828
244 93 94 1437
252 94 94 1776
255 95 94 1340
255 96 94 278
255 97 94 61
256 98 94 755
257 99 94 754
258 100 94 749
265 101 94 1693
269 102 94 1411
271 103 94 962
273 104 94 978
276 105 94 1148
277 106 94 825
280 107 94 1283
288 108 94 1790
288 109 94 360
289 110 94 628
300 111 94 1858
306 112 94 1612
306 113 94 265
322 114 94 1911
324 115 94 1140
324 116 94 370
324 117 94 434
324 118 94 22
332 119 94 1765
341 120 94 1808
349 121 94 1769
349 122 94 33
350 124 94 37
350 123 94 821
353 125 94 1189
353 126 94 295
353 127 94 308
356 128 94 1166
360 129 94 1385
361 130 94 727
361 131 94 425
362 132 94 724
374 133 94 1882
374 134 94 314
374 135 94 437
382 136 94 1776
384 137 94 1065
388 138 94 1348
396 139 94 1783
397 141 94 34
397 140 94 508
400 142 94 1239
401 143 94 685
402 144 94 651
415 145 94 1892
417 146 94 990
422 147 94 1563
426 148 94 1450
427 149 94 635
429 150 94 970
437 151 94 1769
437 152 94 38
439 153 94 914
441 154 94 870
443 155 94 905
449 156 94 1660
450 157 94 589
452 158 94 925
459 159 94 1713
460 160 94 852
461 162 94 117
461 163 94 404
461 161 94 516
466 164 94 1557
466 165 94 203
468 166 94 1133
474 167 94 1654
486 168 94 1875
490 169 94 1474
493 170 94 1289
496 171 94 1230
498 173 94 164
498 172 94 1010
501 174 94 1257
509 175 94 1774
510 176 94 529
513 177 94 1272
513 178 94 170
513 179 94 69
513 180 94 198
514 181 94 657
515 182 94 783
516 183 94 530
516 184 94 415
518 185 94 882
518 186 94 386
525 187 94 1734
527 188 94 1012
530 189 94 1334
531 190 94 701
534 192 94 140
534 191 94 1186
539 193 94 1560
541 194 94 930
558 195 94 1916
568 196 94 1841
569 197 94 835
571 198 94 1052
571 199 94 447
572 200 94 759
575 201 94 1261
581 202 94 1612
595 203 94 1900
598 204 94 1271
604 205 94 1664
605 206 94 759
614 207 94 1799
619 208 94 1582
621 212 94 418
621 211 94 387
621 209 94 1020
621 210 94 376
622 213 94 855
627 214 94 1514
627 215 94 194
633 216 94 1658
638 217 94 1512
655 218 94 1913
656 219 94 675
663 220 94 1741
666 221 94 1323
667 222 94 642
668 223 94 540
669 224 94 772
669 225 94 102
671 226 94 1090
675 227 94 1375
678 228 94 1158
681 229 94 1266
692 230 94 1858
698 231 94 1618
698 232 94 219
704 233 94 1647
707 234 94 1235
708 235 94 862
710 236 94 969
711 237 94 807
714 238 94 1184
715 240 94 123
715 239 94 675
716 241 94 512
716 242 94 152
733 243 94 1916
735 244 94 958
735 245 94 313
736 246 94 768
739 248 94 45
739 247 94 1209
740 251 94 329
740 249 94 735
740 250 94 257
741 252 94 846
741 253 94 377
742 254 94 631
746 255 94 1360
747 256 94 618
749 257 94 1071
751 258 94 1127
754 259 94 1168
755 260 94 574
758 261 94 1308
759 262 94 640
759 263 94 316
761 264 94 1087
762 266 94 168
762 265 94 682
763 267 94 695
768 268 94 1545
769 269 94 651
772 270 94 1149
773 271 94 851
773 272 94 328
776 273 94 1238
777 274 94 551
780 275 94 1228
783 276 94 1171
784 277 94 651
789 278 94 1507
789 279 94 458
792 280 94 1259
801 281 94 1805
804 282 94 1330
804 283 94 422
806 284 94 1009
811 285 94 1528
812 286 94 772
820 287 94 1766
822 288 94 1016
831 289 94 1799
831 290 94 244
840 291 94 1823
845 292 94 1604
845 293 94 15
845 294 94 101
846 295 94 739
855 296 94 1796
863 297 94 1761
864 298 94 828
864 299 94 275
864 300 94 145
864 301 94 72
869 302 94 1588
872 303 94 1318
877 304 94 1510
880 305 94 1330
880 306 94 1
