2 0 1289 1098
6 1 1289 1418
6 2 1289 183
10 3 1289 1422
10 4 1289 301
11 5 1289 600
17 6 1289 1671
20 7 1289 1159
22 9 1289 160
22 8 1289 958
25 10 1289 1304
27 11 1289 977
32 12 1289 1590
33 13 1289 823
34 14 1289 851
34 15 1289 442
37 16 1289 1164
46 17 1289 1825
47 18 1289 561
49 19 1289 1054
52 20 1289 1294
56 21 1289 1471
56 22 1289 189
56 23 1289 75
59 24 1289 1266
61 25 1289 1026
62 26 1289 652
67 27 1289 1572
68 28 1289 818
77 29 1289 1803
80 30 1289 1222
84 31 1289 1395
87 32 1289 1269
87 33 1289 51
90 34 1289 1266
95 35 1289 1573
98 36 1289 1209
100 37 1289 1052
105 38 1289 1584
107 39 1289 1139
109 40 1289 1097
109 41 1289 488
109 42 1289 333
111 43 1289 1053
117 44 1289 1607
118 45 1289 817
120 46 1289 925
127 47 1289 1750
128 48 1289 728
134 49 1289 1642
136 50 1289 1133
136 51 1289 49
138 52 1289 902
148 53 1289 1853
149 54 1289 792
154 55 1289 1552
157 58 1289 155
157 56 1289 1229
157 57 1289 107
160 59 1289 1199
172 60 1289 1872
172 61 1289 99
172 62 1289 341
174 63 1289 1079
175 64 1289 863
185 65 1289 1834
191 66 1289 1633
196 67 1289 1539
200 68 1289 1481
203 69 1289 1202
206 70 1289 1158
206 71 1289 111
206 72 1289 240
210 73 1289 1346
222 74 1289 1882
223 75 1289 806
225 76 1289 1137
227 77 1289 1060
227 78 1289 393
227 79 1289 449
227 80 1289 101
228 81 1289 827
229 82 1289 843
231 83 1289 1101
232 84 1289 670
235 86 1289 492
235 85 1289 1173
238 87 1289 1340
241 88 1289 1183
247 89 1289 1639
247 90 1289 343
249 91 1289 1102
251 92 1289 897
251 93 1289 384
254 94 1289 1192
256 96 1289 146
256 95 1289 997
259 97 1289 1179
259 98 1289 190
266 99 1289 1697
268 100 1289 1108
271 101 1289 1310
271 102 1289 268
275 103 1289 1450
275 104 1289 484
277 105 1289 1022
284 106 1289 1733
288 107 1289 1481
302 108 1289 1896
318 109 1289 1911
318 110 1289 414
318 111 1289 169
324 112 1289 1638
330 113 1289 1630
332 114 1289 1097
334 115 1289 1044
337 116 1289 1180
340 117 1289 1165
340 118 1289 409
346 119 1289 1615
349 120 1289 1341
349 121 1289 293
349 122 1289 355
357 123 1289 1767
358 125 1289 55
358 124 1289 859
360 126 1289 1138
368 127 1289 1780
368 128 1289 154
370 129 1289 884
371 130 1289 659
383 131 1289 1882
385 132 1289 869
386 133 1289 620
389 134 1289 1265
390 135 1289 716
391 136 1289 559
394 137 1289 1317
395 138 1289 616
400 139 1289 1572
404 140 1289 1364
406 141 1289 936
410 142 1289 1368
413 143 1289 1197
416 145 1289 173
416 144 1289 1225
420 146 1289 1388
423 147 1289 1191
426 148 1289 1211
426 149 1289 147
433 150 1289 1742
435 151 1289 906
436 152 1289 770
437 154 1289 355
437 153 1289 500
438 155 1289 815
440 156 1289 954
440 157 1289 426
441 158 1289 591
441 159 1289 428
450 160 1289 1808
462 161 1289 1878
465 162 1289 1326
467 163 1289 1012
470 165 1289 456
470 164 1289 1252
473 166 1289 1225
475 167 1289 1017
475 168 1289 365
475 169 1289 381
475 170 1289 485
483 171 1289 1787
484 172 1289 548
485 175 1289 405
485 173 1289 761
485 174 1289 251
486 176 1289 849
488 177 1289 1083
489 178 1289 541
490 179 1289 685
491 180 1289 592
502 181 1289 1872
503 183 1289 7
503 182 1289 568
505 184 1289 1066
511 185 1289 1677
513 186 1289 1112
513 187 1289 368
513 188 1289 265
513 189 1289 450
519 191 1289 132
519 190 1289 1686
520 193 1289 188
520 192 1289 726
527 194 1289 1689
531 195 1289 1411
536 196 1289 1534
536 197 1289 356
547 198 1289 1870
548 199 1289 768
550 200 1289 873
550 201 1289 370
551 202 1289 826
552 203 1289 830
557 204 1289 1586
569 205 1289 1879
569 206 1289 357
569 207 1289 9
569 208 1289 249
581 209 1289 1875
594 210 1289 1891
603 211 1289 1796
612 212 1289 1809
622 213 1289 1831
630 214 1289 1760
641 215 1289 1861
644 216 1289 1309
647 217 1289 1319
658 218 1289 1870
663 219 1289 1499
666 220 1289 1269
667 221 1289 856
668 222 1289 752
678 223 1289 1839
679 224 1289 620
679 225 1289 353
681 226 1289 1061
681 227 1289 360
683 228 1289 996
684 229 1289 764
685 231 1289 493
685 230 1289 795
687 232 1289 1138
694 233 1289 1698
701 234 1289 1737
701 235 1289 222
703 236 1289 1045
709 237 1289 1663
709 238 1289 345
711 239 1289 1111
714 240 1289 1319
716 244 1289 484
716 243 1289 314
716 241 1289 1102
716 242 1289 119
725 245 1289 1814
725 246 1289 248
726 247 1289 820
726 248 1289 352
734 253 1289 370
734 252 1289 410
734 250 1289 101
734 249 1289 1753
734 251 1289 214
738 254 1289 1424
738 255 1289 16
743 256 1289 1542
745 257 1289 911
745 258 1289 210
748 259 1289 1233
749 260 1289 818
770 261 1289 1922
772 262 1289 938
776 263 1289 1409
778 264 1289 1079
782 265 1289 1397
783 267 1289 110
783 266 1289 658
783 268 1289 93
788 269 1289 1538
789 270 1289 815
794 271 1289 1570
796 272 1289 974
797 273 1289 759
797 274 1289 179
797 275 1289 166
798 276 1289 737
798 277 1289 438
802 278 1289 1355
803 279 1289 730
803 280 1289 104
803 281 1289 241
803 282 1289 8
806 283 1289 1168
807 284 1289 663
808 285 1289 581
808 286 1289 82
809 288 1289 274
809 287 1289 767
816 289 1289 1720
817 290 1289 604
817 291 1289 133
821 292 1289 1453
823 293 1289 1037
823 294 1289 293
826 295 1289 1322
826 296 1289 164
827 297 1289 634
830 298 1289 1160
832 299 1289 1011
835 300 1289 1156
835 301 1289 137
836 302 1289 726
837 303 1289 738
839 305 1289 456
839 304 1289 937
842 306 1289 1165
