0 0 1794 85
1 1 1794 577
5 2 1794 1391
15 3 1794 1839
15 4 1794 71
31 5 1794 1911
37 6 1794 1672
43 7 1794 1687
46 8 1794 1312
47 9 1794 822
47 10 1794 223
47 11 1794 234
55 12 1794 1793
65 13 1794 1835
67 14 1794 938
73 15 1794 1620
73 16 1794 195
76 17 1794 1279
77 18 1794 656
79 19 1794 958
79 20 1794 495
81 21 1794 1132
84 22 1794 1231
86 23 1794 1035
87 24 1794 534
94 25 1794 1730
94 26 1794 394
95 29 1794 475
95 27 1794 728
95 28 1794 488
96 30 1794 631
96 31 1794 82
100 32 1794 1451
100 33 1794 125
100 34 1794 453
101 35 1794 840
103 36 1794 1000
110 37 1794 1692
114 38 1794 1417
122 39 1794 1762
124 40 1794 969
134 41 1794 1831
135 42 1794 795
138 43 1794 1209
143 44 1794 1532
143 45 1794 439
147 47 1794 318
147 46 1794 1422
148 48 1794 539
150 49 1794 1112
151 50 1794 524
153 51 1794 1121
171 52 1794 1916
174 53 1794 1315
180 54 1794 1686
182 55 1794 878
185 57 1794 356
185 56 1794 1271
188 58 1794 1305
188 59 1794 265
193 60 1794 1517
195 61 1794 943
198 62 1794 1199
199 63 1794 837
199 64 1794 191
199 65 1794 141
200 66 1794 708
206 67 1794 1667
210 68 1794 1381
210 69 1794 97
211 70 1794 620
211 71 1794 428
219 72 1794 1787
220 73 1794 818
237 74 1794 1913
238 77 1794 21
238 75 1794 588
238 76 1794 337
242 78 1794 1427
242 79 1794 95
242 80 1794 307
242 81 1794 75
242 82 1794 189
245 83 1794 1301
257 84 1794 1875
261 88 1794 364
261 87 1794 135
261 85 1794 1434
261 86 1794 90
266 89 1794 1500
270 90 1794 1494
271 92 1794 387
271 91 1794 643
274 94 1794 245
274 95 1794 26
274 93 1794 1151
275 96 1794 632
287 97 1794 1883
289 98 1794 1018
293 99 1794 1391
299 100 1794 1655
305 101 1794 1680
306 104 1794 491
306 105 1794 96
306 103 1794 441
306 102 1794 862
309 106 1794 1259
311 107 1794 1098
314 108 1794 1327
316 109 1794 1097
317 110 1794 541
320 111 1794 1249
321 112 1794 853
324 113 1794 1209
336 114 1794 1882
340 115 1794 1441
341 116 1794 754
350 117 1794 1822
352 118 1794 886
353 119 1794 681
353 120 1794 50
354 121 1794 572
357 122 1794 1303
366 123 1794 1806
367 124 1794 528
381 125 1794 1901
381 126 1794 40
382 127 1794 635
383 128 1794 572
396 129 1794 1887
408 130 1794 1880
408 131 1794 378
410 134 1794 364
410 132 1794 928
410 133 1794 35
411 135 1794 552
413 136 1794 1138
419 137 1794 1672
420 138 1794 809
428 139 1794 1779
428 140 1794 175
430 141 1794 916
431 142 1794 733
434 143 1794 1191
436 144 1794 959
436 145 1794 245
443 146 1794 1714
445 147 1794 1102
448 148 1794 1193
449 149 1794 729
452 150 1794 1196
453 151 1794 735
455 153 1794 337
455 152 1794 996
458 154 1794 1340
460 155 1794 1083
460 156 1794 376
462 157 1794 980
472 158 1794 1837
473 159 1794 514
473 160 1794 56
474 161 1794 623
475 162 1794 525
479 163 1794 1364
481 164 1794 1142
481 165 1794 162
481 166 1794 321
482 167 1794 818
483 168 1794 845
486 169 1794 1330
486 170 1794 302
488 171 1794 1007
490 172 1794 1012
492 173 1794 1031
493 174 1794 505
495 175 1794 1058
503 176 1794 1763
503 177 1794 111
504 179 1794 283
504 180 1794 187
504 178 1794 847
505 181 1794 862
509 182 1794 1367
517 183 1794 1768
518 184 1794 690
521 185 1794 1145
524 186 1794 1306
525 187 1794 590
526 188 1794 620
529 191 1794 157
529 190 1794 175
529 189 1794 1205
537 192 1794 1759
537 193 1794 295
544 194 1794 1723
548 195 1794 1476
548 196 1794 391
551 197 1794 1293
551 198 1794 49
552 199 1794 796
562 200 1794 1848
564 201 1794 896
564 202 1794 257
572 203 1794 1788
572 204 1794 426
572 205 1794 189
578 206 1794 1647
591 207 1794 1890
599 209 1794 281
599 208 1794 1756
602 210 1794 1244
602 211 1794 264
602 212 1794 133
607 213 1794 1554
607 214 1794 327
609 215 1794 1118
612 216 1794 1181
613 217 1794 681
614 218 1794 673
635 219 1794 1921
636 220 1794 780
642 221 1794 1655
642 222 1794 197
647 223 1794 1565
650 224 1794 1154
650 225 1794 144
653 226 1794 1172
654 227 1794 717
657 228 1794 1233
659 229 1794 954
660 230 1794 667
660 231 1794 470
660 232 1794 62
660 233 1794 50
660 234 1794 359
663 235 1794 1215
664 236 1794 605
669 237 1794 1504
672 238 1794 1342
673 239 1794 501
677 240 1794 1422
680 241 1794 1341
681 242 1794 759
681 243 1794 338
693 244 1794 1885
703 246 1794 24
703 247 1794 205
703 245 1794 1836
716 248 1794 1892
717 249 1794 604
717 250 1794 295
723 251 1794 1634
724 255 1794 193
724 252 1794 619
724 253 1794 52
724 254 1794 16
725 256 1794 698
726 257 1794 616
727 258 1794 633
727 259 1794 281
729 260 1794 941
731 261 1794 930
732 262 1794 656
733 263 1794 802
738 264 1794 1539
739 266 1794 202
739 267 1794 82
739 265 1794 774
742 268 1794 1195
744 269 1794 1036
745 270 1794 513
750 271 1794 1601
753 272 1794 1264
753 273 1794 172
754 274 1794 499
758 275 1794 1363
760 276 1794 895
768 277 1794 1784
773 278 1794 1604
776 279 1794 1243
776 280 1794 120
778 281 1794 967
779 282 1794 749
780 283 1794 628
781 284 1794 658
783 285 1794 957
791 286 1794 1775
791 287 1794 9
791 288 1794 34
791 289 1794 165
792 290 1794 517
809 291 1794 1913
811 292 1794 870
813 293 1794 1060
817 295 1794 491
817 294 1794 1485
818 296 1794 685
830 297 1794 1882
831 298 1794 724
833 299 1794 1110
839 300 1794 1633
850 301 1794 1866
852 302 1794 935
853 303 1794 855
853 304 1794 91
854 305 1794 618
854 306 1794 369
