11 0 547 1863
13 1 547 1012
13 2 547 40
22 3 547 1824
32 4 547 1834
33 5 547 543
34 6 547 781
35 7 547 780
36 9 547 353
36 8 547 501
37 10 547 616
46 11 547 1799
46 12 547 328
47 13 547 612
51 14 547 1355
57 15 547 1661
60 16 547 1150
63 17 547 1178
64 18 547 860
65 19 547 787
69 20 547 1418
70 21 547 695
70 22 547 262
76 23 547 1646
77 24 547 845
81 25 547 1402
84 26 547 1294
88 27 547 1412
89 28 547 513
91 29 547 927
92 30 547 537
93 31 547 561
96 32 547 1215
99 33 547 1337
100 34 547 840
101 35 547 616
106 37 547 304
106 36 547 1580
114 38 547 1782
118 39 547 1443
127 40 547 1818
132 41 547 1581
133 42 547 625
133 43 547 119
135 44 547 1034
137 45 547 1117
142 46 547 1590
146 47 547 1387
156 48 547 1840
166 49 547 1836
170 50 547 1432
171 51 547 660
173 52 547 1012
173 53 547 206
176 54 547 1327
179 55 547 1168
180 57 547 319
180 56 547 750
182 58 547 979
182 59 547 431
185 60 547 1174
188 61 547 1293
188 62 547 266
193 63 547 1499
200 64 547 1741
200 65 547 54
201 66 547 583
203 67 547 915
210 68 547 1696
211 69 547 738
211 70 547 80
212 71 547 845
215 72 547 1320
218 73 547 1342
220 74 547 894
228 77 547 142
228 76 547 69
228 75 547 1761
229 78 547 611
235 79 547 1653
242 80 547 1737
252 81 547 1831
257 82 547 1497
258 83 547 602
262 84 547 1419
271 85 547 1801
275 86 547 1474
277 87 547 1009
277 88 547 10
282 89 547 1597
290 90 547 1791
293 91 547 1261
296 92 547 1250
300 93 547 1350
300 94 547 269
301 95 547 524
304 96 547 1315
306 97 547 1051
306 98 547 303
308 99 547 979
309 100 547 533
310 101 547 675
316 102 547 1615
318 103 547 1101
326 104 547 1756
327 105 547 586
330 106 547 1265
335 107 547 1594
338 108 547 1236
342 109 547 1491
344 110 547 1099
345 111 547 607
351 112 547 1633
354 113 547 1251
355 114 547 619
358 115 547 1267
365 116 547 1721
370 117 547 1589
370 118 547 79
381 119 547 1865
382 120 547 505
387 121 547 1499
389 123 547 99
389 122 547 904
391 124 547 872
392 125 547 744
397 126 547 1520
410 127 547 1895
412 128 547 1073
412 129 547 370
412 130 547 445
414 131 547 943
422 132 547 1763
427 133 547 1556
429 134 547 1119
431 135 547 1062
431 136 547 216
431 137 547 396
432 138 547 770
433 139 547 832
434 140 547 536
443 141 547 1804
450 144 547 497
450 143 547 444
450 142 547 1698
453 145 547 1183
458 146 547 1553
485 147 547 1924
486 148 547 730
488 149 547 926
489 150 547 727
495 151 547 1651
497 154 547 474
497 153 547 363
497 152 547 972
499 155 547 959
506 156 547 1695
511 157 547 1515
511 158 547 229
513 159 547 1012
515 160 547 991
518 161 547 1294
519 162 547 520
520 163 547 865
522 164 547 1045
522 165 547 156
523 166 547 769
523 167 547 76
523 168 547 131
527 169 547 1482
529 170 547 1050
532 171 547 1324
533 172 547 818
536 173 547 1171
539 174 547 1329
540 175 547 625
547 176 547 1726
547 177 547 460
552 178 547 1527
558 179 547 1613
560 180 547 1115
565 181 547 1520
568 183 547 147
568 182 547 1164
573 184 547 1567
574 185 547 719
588 186 547 1896
592 187 547 1400
594 188 547 1082
594 189 547 159
597 190 547 1291
598 192 547 167
598 191 547 625
604 193 547 1683
612 194 547 1766
615 195 547 1166
618 196 547 1284
619 197 547 832
622 198 547 1324
622 199 547 341
622 200 547 414
626 201 547 1476
634 202 547 1792
637 203 547 1173
646 204 547 1800
649 205 547 1327
650 206 547 832
657 207 547 1725
659 208 547 959
667 209 547 1774
670 210 547 1158
673 211 547 1235
690 212 547 1913
691 213 547 540
700 214 547 1821
704 215 547 1395
704 216 547 129
704 217 547 373
707 219 547 325
707 220 547 184
707 218 547 1223
710 221 547 1293
712 222 547 918
726 223 547 1896
726 224 547 190
726 225 547 425
729 226 547 1157
731 227 547 1060
734 228 547 1329
734 229 547 162
737 230 547 1265
739 231 547 893
741 232 547 1061
744 233 547 1185
747 234 547 1199
752 235 547 1563
758 236 547 1653
776 238 547 271
776 239 547 239
776 237 547 1916
785 240 547 1811
785 241 547 170
785 242 547 440
788 243 547 1233
790 244 547 926
790 245 547 56
791 246 547 637
796 247 547 1551
804 249 547 370
804 248 547 1786
806 250 547 1036
808 251 547 910
813 252 547 1534
815 253 547 998
815 254 547 156
817 255 547 1045
818 256 547 558
827 257 547 1820
829 258 547 982
833 259 547 1375
833 260 547 170
840 261 547 1697
840 262 547 395
841 263 547 796
842 264 547 508
842 265 547 264
842 266 547 174
843 267 547 728
846 269 547 257
846 268 547 1266
852 270 547 1667
852 271 547 138
852 272 547 101
854 273 547 983
854 274 547 439
854 275 547 14
855 276 547 852
861 277 547 1610
863 279 547 134
863 278 547 970
870 280 547 1712
875 281 547 1530
878 282 547 1198
880 283 547 959
882 284 547 1050
882 285 547 354
885 287 547 63
885 286 547 1284
887 289 547 153
887 288 547 1028
889 290 547 1005
897 291 547 1757
899 292 547 934
900 293 547 820
900 294 547 69
900 295 547 114
907 296 547 1699
912 297 547 1569
913 298 547 724
914 299 547 662
923 300 547 1807
933 301 547 1834
933 302 547 285
938 303 547 1529
939 304 547 627
941 305 547 898
942 306 547 808
