3 0 802 1267
12 1 802 1813
17 2 802 1571
19 3 802 877
19 4 802 470
20 5 802 687
34 6 802 1898
38 7 802 1435
55 9 802 366
55 8 802 1916
64 10 802 1826
66 11 802 984
66 12 802 401
74 13 802 1781
89 14 802 1906
91 15 802 960
92 16 802 686
107 17 802 1909
117 18 802 1839
120 19 802 1202
120 20 802 75
125 21 802 1509
127 22 802 904
127 23 802 344
128 24 802 662
131 25 802 1303
134 26 802 1337
142 27 802 1767
142 28 802 187
143 29 802 686
145 30 802 959
149 31 802 1408
150 32 802 561
150 33 802 395
153 34 802 1303
162 36 802 322
162 37 802 435
162 35 802 1821
163 38 802 732
163 39 802 160
163 40 802 47
165 41 802 877
170 42 802 1590
172 43 802 1022
175 44 802 1209
175 45 802 38
178 46 802 1148
180 47 802 1035
184 48 802 1357
191 49 802 1745
195 50 802 1381
195 51 802 467
195 52 802 342
199 53 802 1476
202 54 802 1162
208 55 802 1683
210 56 802 908
213 57 802 1227
213 58 802 215
215 59 802 1092
218 60 802 1274
218 61 802 131
221 62 802 1248
224 63 802 1230
227 69 802 84
227 68 802 478
227 67 802 6
227 65 802 417
227 64 802 1331
227 66 802 423
228 70 802 637
228 71 802 251
231 72 802 1176
237 73 802 1678
240 74 802 1154
242 75 802 1122
252 76 802 1844
261 77 802 1806
263 78 802 1059
264 79 802 624
264 80 802 154
264 81 802 302
264 82 802 410
264 83 802 366
267 85 802 492
267 84 802 1229
269 86 802 1066
271 87 802 1009
274 88 802 1157
279 89 802 1544
281 90 802 912
283 91 802 1020
283 92 802 220
288 93 802 1565
289 94 802 810
299 95 802 1841
304 96 802 1553
304 97 802 360
310 98 802 1616
311 99 802 791
316 100 802 1539
318 101 802 1142
319 102 802 556
322 103 802 1272
324 104 802 1107
326 105 802 1130
329 106 802 1216
330 107 802 588
330 108 802 321
330 109 802 40
338 110 802 1764
340 111 802 1027
340 112 802 167
345 113 802 1516
347 114 802 937
349 115 802 972
355 116 802 1645
357 117 802 881
357 118 802 0
358 119 802 839
361 120 802 1276
364 121 802 1338
365 122 802 774
366 123 802 858
368 124 802 1097
373 125 802 1542
373 126 802 31
378 127 802 1536
379 128 802 867
382 129 802 1238
386 130 802 1493
390 132 802 190
390 133 802 268
390 131 802 1483
392 134 802 1009
394 135 802 937
400 136 802 1670
402 137 802 1063
405 138 802 1184
405 139 802 98
408 141 802 477
408 140 802 1201
409 142 802 688
411 143 802 1117
418 144 802 1705
427 145 802 1810
428 146 802 853
429 147 802 629
430 148 802 627
438 149 802 1763
438 150 802 195
439 151 802 672
439 152 802 359
440 153 802 776
444 154 802 1440
444 155 802 201
444 156 802 367
450 157 802 1622
450 158 802 174
454 159 802 1490
456 160 802 1098
461 161 802 1604
467 162 802 1646
469 163 802 1008
469 164 802 471
469 165 802 280
470 166 802 836
479 167 802 1824
480 168 802 506
480 169 802 0
483 170 802 1227
484 171 802 582
490 172 802 1622
499 173 802 1826
504 174 802 1562
505 175 802 798
506 176 802 650
511 177 802 1582
513 178 802 1078
516 179 802 1212
517 180 802 689
520 181 802 1327
522 182 802 908
524 183 802 1029
526 184 802 1042
527 185 802 821
529 186 802 1124
532 187 802 1339
533 188 802 753
534 189 802 808
535 191 802 47
535 190 802 569
537 192 802 888
543 193 802 1619
545 194 802 925
550 195 802 1521
551 196 802 756
556 197 802 1604
557 198 802 645
561 199 802 1425
563 200 802 974
565 201 802 954
565 202 802 122
566 203 802 627
567 204 802 536
572 205 802 1538
574 206 802 974
574 207 802 457
576 208 802 1139
577 209 802 641
581 210 802 1475
582 211 802 710
583 212 802 544
585 213 802 887
586 214 802 800
593 215 802 1696
594 216 802 696
595 217 802 616
608 218 802 1891
613 219 802 1574
615 220 802 1081
619 221 802 1422
621 222 802 1070
627 223 802 1623
631 224 802 1355
634 225 802 1179
640 227 802 3
640 226 802 1619
642 229 802 41
642 230 802 42
642 228 802 901
644 231 802 970
646 232 802 936
651 233 802 1577
651 234 802 237
657 235 802 1660
660 237 802 280
660 238 802 493
660 236 802 1204
664 239 802 1429
672 240 802 1771
673 241 802 666
673 242 802 199
673 243 802 111
676 244 802 1257
684 245 802 1783
688 246 802 1428
688 247 802 0
689 248 802 818
692 249 802 1153
693 250 802 825
693 251 802 139
699 252 802 1637
701 253 802 995
701 254 802 344
705 255 802 1477
714 257 802 423
714 256 802 1808
717 258 802 1197
720 259 802 1281
730 260 802 1843
732 261 802 971
736 262 802 1480
738 263 802 1098
739 264 802 598
740 265 802 505
747 266 802 1699
749 267 802 891
750 268 802 649
752 269 802 1065
752 270 802 491
752 271 802 415
752 272 802 123
752 273 802 462
759 274 802 1728
759 275 802 414
762 276 802 1222
764 278 802 366
764 277 802 959
769 279 802 1496
775 280 802 1675
781 281 802 1618
783 282 802 1109
789 283 802 1673
791 284 802 1140
800 285 802 1827
803 286 802 1257
814 287 802 1866
817 288 802 1233
818 289 802 685
826 290 802 1777
827 291 802 781
829 292 802 1008
831 293 802 1136
836 294 802 1510
837 295 802 800
839 296 802 1110
841 297 802 1026
845 298 802 1437
846 299 802 751
846 300 802 84
847 301 802 536
850 302 802 1275
856 303 802 1678
857 305 802 409
857 304 802 661
857 306 802 16
