0 0 1749 413
5 1 1749 1550
5 2 1749 134
7 3 1749 1088
9 4 1749 1034
11 5 1749 1102
13 6 1749 1078
14 7 1749 578
17 8 1749 1206
22 9 1749 1530
23 10 1749 664
23 11 1749 471
26 12 1749 1252
28 13 1749 982
28 14 1749 395
32 15 1749 1488
34 16 1749 947
36 19 1749 142
36 18 1749 82
36 17 1749 933
37 20 1749 679
42 21 1749 1574
45 22 1749 1242
46 23 1749 588
49 24 1749 1254
56 25 1749 1742
61 26 1749 1569
62 27 1749 863
66 28 1749 1451
69 29 1749 1197
70 30 1749 814
74 31 1749 1397
79 32 1749 1533
79 33 1749 87
79 34 1749 212
83 35 1749 1431
83 36 1749 393
84 37 1749 773
85 38 1749 589
85 39 1749 172
94 40 1749 1821
95 41 1749 812
100 42 1749 1562
101 43 1749 609
108 44 1749 1717
110 45 1749 960
111 47 1749 298
111 46 1749 650
117 48 1749 1643
117 49 1749 233
117 50 1749 65
119 51 1749 1126
122 52 1749 1150
124 53 1749 966
132 54 1749 1789
133 56 1749 307
133 55 1749 763
137 57 1749 1470
145 58 1749 1758
148 59 1749 1217
152 60 1749 1457
152 61 1749 214
154 62 1749 1052
154 63 1749 9
155 64 1749 715
158 65 1749 1192
159 66 1749 863
162 67 1749 1165
163 68 1749 769
165 69 1749 888
167 70 1749 1094
167 71 1749 174
167 72 1749 344
177 73 1749 1835
177 74 1749 245
185 76 1749 12
185 75 1749 1792
186 77 1749 633
187 78 1749 795
187 79 1749 293
189 80 1749 1092
192 81 1749 1270
195 82 1749 1145
198 83 1749 1217
200 84 1749 1132
206 86 1749 246
206 85 1749 1613
207 87 1749 567
207 88 1749 223
211 89 1749 1374
213 90 1749 1123
214 91 1749 847
216 92 1749 939
219 93 1749 1296
220 94 1749 639
225 95 1749 1606
231 96 1749 1685
236 97 1749 1552
245 98 1749 1818
246 99 1749 525
246 100 1749 97
250 101 1749 1409
254 102 1749 1454
255 103 1749 754
257 104 1749 1064
266 105 1749 1815
267 106 1749 781
270 107 1749 1240
271 108 1749 720
292 109 1749 1921
293 110 1749 750
298 111 1749 1599
299 112 1749 674
303 115 1749 187
303 114 1749 125
303 113 1749 1464
305 116 1749 994
313 117 1749 1760
314 118 1749 801
316 119 1749 1027
318 120 1749 946
318 121 1749 295
320 122 1749 942
323 123 1749 1320
330 125 1749 246
330 124 1749 1690
333 126 1749 1160
335 127 1749 972
338 128 1749 1195
339 129 1749 564
339 130 1749 106
339 131 1749 384
340 134 1749 196
340 133 1749 270
340 132 1749 739
346 135 1749 1607
353 136 1749 1741
353 137 1749 390
353 138 1749 152
356 139 1749 1241
357 140 1749 831
359 141 1749 931
367 143 1749 226
367 142 1749 1772
368 144 1749 623
372 145 1749 1448
372 146 1749 173
376 147 1749 1399
379 148 1749 1171
379 149 1749 452
380 150 1749 612
390 151 1749 1850
391 152 1749 751
392 153 1749 791
397 154 1749 1504
404 155 1749 1726
404 156 1749 467
404 157 1749 133
406 158 1749 989
407 159 1749 817
408 160 1749 655
415 163 1749 155
415 162 1749 44
415 161 1749 1734
424 164 1749 1815
424 165 1749 365
425 166 1749 860
425 167 1749 404
428 168 1749 1268
428 169 1749 443
428 170 1749 370
429 171 1749 603
435 172 1749 1607
439 173 1749 1484
439 174 1749 195
439 175 1749 15
439 176 1749 448
440 177 1749 715
441 178 1749 696
441 179 1749 241
441 180 1749 73
447 181 1749 1685
454 182 1749 1726
455 183 1749 742
467 184 1749 1877
467 185 1749 181
472 186 1749 1558
484 187 1749 1872
485 188 1749 690
485 189 1749 394
487 190 1749 1139
493 191 1749 1608
496 192 1749 1326
499 193 1749 1260
500 194 1749 586
502 195 1749 1022
504 196 1749 886
510 197 1749 1616
510 198 1749 335
510 199 1749 257
511 200 1749 588
518 201 1749 1693
518 202 1749 131
519 203 1749 727
519 204 1749 82
519 205 1749 8
519 206 1749 243
522 207 1749 1191
523 208 1749 596
527 209 1749 1489
530 210 1749 1277
536 211 1749 1677
540 212 1749 1361
541 213 1749 747
542 214 1749 743
544 215 1749 895
544 216 1749 8
547 217 1749 1226
547 218 1749 203
553 219 1749 1633
554 220 1749 732
556 221 1749 912
562 222 1749 1638
564 223 1749 873
567 224 1749 1229
568 225 1749 687
571 226 1749 1202
571 227 1749 346
573 228 1749 898
575 229 1749 1097
577 230 1749 1053
578 231 1749 757
578 232 1749 379
578 233 1749 439
583 234 1749 1578
583 235 1749 305
588 236 1749 1553
590 237 1749 998
591 238 1749 660
602 239 1749 1868
613 240 1749 1863
613 241 1749 366
616 242 1749 1276
618 243 1749 1126
620 244 1749 1042
624 245 1749 1387
624 246 1749 246
625 247 1749 579
626 248 1749 517
632 249 1749 1615
634 250 1749 1014
639 251 1749 1584
643 252 1749 1412
644 253 1749 627
648 254 1749 1450
653 255 1749 1600
653 256 1749 54
656 257 1749 1183
660 258 1749 1423
663 259 1749 1319
664 260 1749 731
673 261 1749 1821
673 262 1749 293
677 263 1749 1423
677 264 1749 435
678 265 1749 520
681 266 1749 1297
683 267 1749 922
685 269 1749 438
685 268 1749 1093
688 270 1749 1266
690 271 1749 934
691 272 1749 565
691 273 1749 260
698 274 1749 1695
698 275 1749 365
703 276 1749 1560
704 277 1749 512
712 278 1749 1756
720 279 1749 1767
720 280 1749 441
721 281 1749 623
729 282 1749 1754
732 283 1749 1207
732 284 1749 83
736 285 1749 1394
739 286 1749 1269
745 287 1749 1677
747 288 1749 913
761 289 1749 1902
761 290 1749 250
761 291 1749 370
766 292 1749 1500
769 293 1749 1266
771 294 1749 1137
771 295 1749 41
771 296 1749 73
779 297 1749 1778
780 298 1749 690
781 299 1749 521
781 300 1749 89
784 301 1749 1248
788 302 1749 1410
788 303 1749 79
788 304 1749 349
788 305 1749 80
790 306 1749 1018
