1 0 820 724
2 1 820 638
2 2 820 353
3 3 820 550
6 4 820 1332
7 5 820 619
8 6 820 623
13 7 820 1539
23 8 820 1837
38 9 820 1906
40 10 820 1008
42 11 820 951
42 12 820 398
44 13 820 1104
45 14 820 749
47 15 820 930
52 16 820 1555
57 17 820 1601
62 18 820 1581
62 19 820 28
63 20 820 559
66 21 820 1222
73 22 820 1690
74 23 820 688
76 25 820 498
76 26 820 399
76 24 820 924
80 27 820 1435
89 28 820 1801
89 29 820 246
90 30 820 601
90 31 820 309
90 32 820 306
90 33 820 14
96 34 820 1637
97 35 820 640
100 37 820 65
100 36 820 1298
106 38 820 1656
106 39 820 487
108 40 820 1137
109 41 820 666
109 42 820 259
109 43 820 293
111 44 820 961
111 45 820 385
113 47 820 75
113 46 820 931
118 48 820 1600
118 49 820 261
119 50 820 838
122 51 820 1280
123 52 820 835
124 53 820 550
124 54 820 21
128 55 820 1426
130 56 820 872
135 57 820 1590
140 58 820 1551
141 59 820 833
141 60 820 220
143 61 820 1113
149 62 820 1662
154 63 820 1590
157 64 820 1305
158 65 820 699
159 66 820 644
159 67 820 384
163 68 820 1392
163 69 820 108
168 70 820 1557
172 71 820 1490
183 72 820 1869
185 73 820 1094
186 74 820 816
195 75 820 1818
197 76 820 962
201 77 820 1396
207 78 820 1651
208 79 820 538
212 80 820 1492
212 81 820 323
220 82 820 1760
225 83 820 1539
228 84 820 1332
231 85 820 1245
235 86 820 1398
241 87 820 1681
259 88 820 1917
259 89 820 210
266 90 820 1693
272 91 820 1633
272 92 820 439
273 94 820 266
273 95 820 24
273 93 820 822
275 96 820 928
276 97 820 593
278 98 820 913
278 99 820 262
284 100 820 1666
285 101 820 547
286 102 820 608
290 103 820 1491
291 104 820 629
294 105 820 1273
297 106 820 1336
303 107 820 1666
309 108 820 1659
309 109 820 128
309 110 820 464
313 111 820 1401
324 112 820 1863
326 113 820 1012
329 114 820 1266
338 115 820 1821
341 116 820 1278
341 117 820 122
341 118 820 258
341 119 820 59
344 120 820 1225
346 121 820 888
346 122 820 391
349 124 820 340
349 123 820 1181
359 125 820 1848
361 126 820 1050
363 127 820 1046
364 128 820 827
365 129 820 792
367 130 820 889
367 131 820 368
367 132 820 483
371 133 820 1389
372 134 820 797
374 135 820 944
380 136 820 1640
380 137 820 268
382 138 820 910
382 139 820 59
392 140 820 1834
398 141 820 1657
398 142 820 21
406 143 820 1788
412 144 820 1671
412 145 820 291
419 146 820 1695
423 147 820 1352
427 148 820 1481
427 149 820 370
428 150 820 670
429 151 820 806
429 152 820 335
430 153 820 853
432 154 820 962
433 155 820 777
433 156 820 155
437 157 820 1351
440 158 820 1151
441 159 820 706
441 160 820 222
441 161 820 289
442 162 820 838
443 163 820 867
446 164 820 1163
446 165 820 95
448 166 820 917
448 167 820 474
448 168 820 214
448 169 820 321
448 170 820 181
450 171 820 1009
452 172 820 1137
452 173 820 198
452 174 820 150
456 175 820 1492
457 176 820 866
458 177 820 527
462 179 820 48
462 180 820 152
462 178 820 1435
468 181 820 1623
472 182 820 1490
472 183 820 457
472 184 820 121
472 185 820 83
472 186 820 33
477 188 820 427
477 187 820 1554
477 189 820 20
478 191 820 288
478 190 820 789
480 192 820 1042
480 193 820 203
488 194 820 1762
493 195 820 1544
494 196 820 818
496 197 820 1079
497 198 820 625
502 199 820 1575
505 200 820 1299
508 201 820 1221
510 202 820 1137
513 203 820 1159
513 204 820 188
518 205 820 1586
523 206 820 1593
523 207 820 137
524 208 820 703
528 209 820 1394
538 210 820 1835
543 211 820 1552
553 212 820 1841
555 213 820 1102
556 214 820 553
557 215 820 523
558 216 820 724
558 217 820 381
559 218 820 746
561 219 820 1080
561 220 820 62
564 221 820 1287
564 222 820 46
564 223 820 194
568 224 820 1457
577 225 820 1817
590 226 820 1892
592 228 820 361
592 227 820 934
593 229 820 531
594 230 820 673
601 231 820 1712
610 232 820 1827
618 233 820 1784
619 234 820 673
620 240 820 415
620 238 820 268
620 239 820 459
620 236 820 485
620 235 820 856
620 237 820 330
629 241 820 1821
630 242 820 851
632 243 820 957
632 244 820 109
635 246 820 371
635 245 820 1161
646 247 820 1864
651 248 820 1574
654 249 820 1238
655 250 820 819
655 251 820 437
655 252 820 333
659 253 820 1469
664 254 820 1513
664 255 820 11
667 256 820 1174
669 257 820 943
675 258 820 1627
675 259 820 296
681 260 820 1619
682 261 820 658
689 262 820 1700
689 263 820 172
690 264 820 720
690 265 820 123
696 267 820 57
696 268 820 428
696 266 820 1650
702 269 820 1622
702 270 820 38
702 271 820 394
702 272 820 113
702 273 820 286
703 274 820 664
703 275 820 166
703 276 820 435
705 279 820 295
705 277 820 1013
705 278 820 84
709 280 820 1445
709 281 820 27
712 282 820 1285
714 283 820 1047
720 284 820 1636
720 285 820 236
724 288 820 270
724 287 820 357
724 286 820 1379
725 289 820 661
730 290 820 1606
734 291 820 1466
735 292 820 627
749 293 820 1897
750 294 820 765
756 295 820 1681
756 296 820 120
757 297 820 679
757 298 820 237
773 299 820 1911
777 300 820 1436
777 301 820 314
781 302 820 1435
793 303 820 1876
796 305 820 424
796 304 820 1199
796 306 820 324
