1 0 105 829
1 1 105 4
5 2 105 1438
14 3 105 1819
15 4 105 799
23 5 105 1787
24 6 105 729
24 7 105 382
25 8 105 862
28 9 105 1156
29 10 105 758
30 11 105 628
31 12 105 840
32 13 105 516
38 14 105 1635
38 15 105 496
38 16 105 155
39 17 105 525
48 21 105 202
48 20 105 411
48 18 105 1819
48 19 105 329
50 22 105 1049
52 23 105 878
61 24 105 1817
61 25 105 257
61 26 105 57
61 27 105 45
62 28 105 755
63 29 105 517
63 30 105 19
82 31 105 1919
83 32 105 805
84 33 105 782
85 34 105 590
88 35 105 1301
91 36 105 1278
106 37 105 1905
110 38 105 1393
111 39 105 558
111 40 105 494
112 41 105 690
119 42 105 1703
119 43 105 399
120 44 105 518
121 46 105 174
121 45 105 754
123 47 105 1050
133 48 105 1852
135 49 105 1074
135 50 105 84
135 51 105 130
138 52 105 1205
142 53 105 1382
150 54 105 1771
151 55 105 627
153 56 105 879
154 57 105 560
154 58 105 1
155 59 105 542
162 60 105 1729
163 61 105 683
168 62 105 1551
168 63 105 344
170 64 105 1136
171 65 105 764
178 66 105 1748
178 67 105 58
188 68 105 1850
188 69 105 333
191 70 105 1143
191 71 105 175
193 72 105 1057
196 73 105 1260
204 74 105 1759
210 76 105 423
210 75 105 1645
211 77 105 649
211 78 105 360
213 79 105 1062
213 80 105 82
215 81 105 932
215 82 105 118
221 84 105 433
221 83 105 1606
230 85 105 1814
231 86 105 713
235 87 105 1348
237 88 105 935
250 89 105 1888
250 90 105 421
251 91 105 717
265 92 105 1903
266 93 105 851
267 94 105 753
274 95 105 1736
276 96 105 1064
280 97 105 1359
283 98 105 1188
289 99 105 1678
291 100 105 931
291 101 105 116
293 102 105 1124
298 103 105 1518
309 104 105 1855
319 105 105 1834
321 106 105 998
332 107 105 1870
337 108 105 1547
337 109 105 126
337 110 105 204
337 111 105 230
337 112 105 200
338 114 105 459
338 113 105 864
339 115 105 797
340 116 105 564
351 117 105 1869
361 118 105 1836
364 119 105 1246
364 120 105 51
364 121 105 400
366 122 105 1047
379 123 105 1887
389 124 105 1836
389 125 105 425
389 126 105 196
389 127 105 205
390 128 105 506
390 129 105 22
391 130 105 580
393 131 105 988
397 132 105 1385
398 133 105 606
398 134 105 131
411 135 105 1891
418 136 105 1732
419 137 105 525
425 138 105 1676
426 139 105 523
427 140 105 816
428 141 105 768
435 142 105 1725
436 143 105 809
442 144 105 1684
442 145 105 191
443 146 105 517
445 147 105 1038
445 148 105 391
457 149 105 1881
460 150 105 1171
462 151 105 1120
466 152 105 1448
477 153 105 1867
483 154 105 1627
484 155 105 530
486 156 105 994
489 157 105 1162
495 158 105 1607
499 159 105 1429
505 160 105 1637
506 161 105 792
510 162 105 1363
515 163 105 1524
519 164 105 1470
521 165 105 1140
522 166 105 769
527 167 105 1518
528 168 105 733
528 169 105 493
530 170 105 989
530 171 105 39
530 172 105 193
533 174 105 430
533 173 105 1312
536 175 105 1208
537 176 105 599
537 177 105 237
537 178 105 202
543 179 105 1645
553 180 105 1833
555 181 105 1083
562 182 105 1739
563 183 105 550
564 184 105 776
568 185 105 1385
572 186 105 1465
576 187 105 1443
578 188 105 904
583 189 105 1525
585 190 105 897
586 191 105 570
587 193 105 246
587 192 105 843
588 194 105 810
588 195 105 23
591 196 105 1329
591 197 105 200
594 198 105 1264
595 199 105 543
599 200 105 1347
601 202 105 305
601 201 105 923
610 203 105 1823
612 204 105 892
614 205 105 1132
616 206 105 926
616 207 105 135
620 208 105 1437
620 209 105 418
631 210 105 1855
632 211 105 756
634 212 105 959
647 213 105 1887
652 214 105 1521
653 215 105 554
655 216 105 978
656 217 105 813
657 218 105 748
657 219 105 84
662 220 105 1600
665 221 105 1250
666 222 105 614
668 223 105 1132
673 224 105 1520
673 225 105 419
675 226 105 1121
686 227 105 1872
687 228 105 502
687 229 105 406
696 231 105 399
696 230 105 1803
698 232 105 898
703 233 105 1583
703 234 105 297
705 235 105 910
706 236 105 778
716 237 105 1840
721 238 105 1582
726 240 105 459
726 239 105 1568
729 241 105 1329
729 242 105 6
729 243 105 485
734 244 105 1594
734 245 105 141
739 246 105 1535
741 247 105 881
742 248 105 650
742 249 105 256
744 250 105 970
745 251 105 516
749 252 105 1376
752 253 105 1179
754 254 105 868
754 255 105 96
754 256 105 309
756 260 105 11
756 259 105 473
756 257 105 1097
756 258 105 302
758 261 105 979
763 262 105 1558
765 263 105 1030
766 264 105 540
770 265 105 1456
778 266 105 1782
781 267 105 1300
786 268 105 1589
787 269 105 610
794 270 105 1701
796 271 105 1062
799 272 105 1155
801 273 105 1105
806 274 105 1549
806 275 105 270
809 276 105 1244
809 277 105 128
813 278 105 1463
817 279 105 1379
818 280 105 808
818 281 105 239
821 282 105 1221
821 283 105 245
825 284 105 1360
828 285 105 1286
830 286 105 947
836 287 105 1643
837 289 105 201
837 288 105 715
838 290 105 600
843 291 105 1605
848 292 105 1538
850 293 105 1109
855 294 105 1556
859 295 105 1404
866 296 105 1696
868 297 105 901
879 301 105 234
879 300 105 283
879 298 105 1870
879 299 105 137
882 302 105 1216
882 303 105 39
882 304 105 480
892 305 105 1833
895 306 105 1286
