1 0 1512 852
2 1 1512 838
9 2 1512 1724
9 3 1512 462
16 4 1512 1729
16 5 1512 196
18 6 1512 988
21 7 1512 1149
23 8 1512 897
27 9 1512 1391
29 10 1512 1125
32 11 1512 1189
32 12 1512 219
33 13 1512 850
49 14 1512 1910
52 15 1512 1208
52 16 1512 6
53 17 1512 590
54 18 1512 813
74 19 1512 1921
82 20 1512 1763
94 21 1512 1873
96 22 1512 1134
96 23 1512 339
104 25 1512 217
104 26 1512 2
104 24 1512 1756
106 27 1512 923
108 28 1512 1023
114 29 1512 1667
114 30 1512 64
114 31 1512 119
117 32 1512 1223
120 33 1512 1159
122 34 1512 958
128 35 1512 1679
129 37 1512 484
129 36 1512 834
130 38 1512 594
130 39 1512 280
132 40 1512 1026
132 41 1512 431
133 42 1512 866
137 43 1512 1449
138 45 1512 389
138 44 1512 501
139 46 1512 758
143 47 1512 1469
143 48 1512 150
149 49 1512 1636
149 50 1512 299
150 51 1512 714
153 53 1512 364
153 52 1512 1239
154 54 1512 808
156 55 1512 904
162 56 1512 1629
166 57 1512 1384
167 58 1512 631
172 59 1512 1511
172 60 1512 194
172 61 1512 64
172 62 1512 126
175 63 1512 1154
178 64 1512 1327
180 65 1512 1005
193 66 1512 1891
195 67 1512 985
204 68 1512 1817
204 69 1512 230
204 70 1512 374
208 71 1512 1446
228 72 1512 1921
229 73 1512 532
231 74 1512 894
234 75 1512 1331
236 76 1512 1006
242 77 1512 1609
250 78 1512 1763
254 79 1512 1366
258 80 1512 1383
258 81 1512 458
259 82 1512 773
262 83 1512 1311
266 84 1512 1367
269 85 1512 1274
270 86 1512 805
271 87 1512 859
271 88 1512 350
271 89 1512 53
271 90 1512 50
275 91 1512 1374
283 92 1512 1778
285 94 1512 86
285 93 1512 1007
287 95 1512 962
287 96 1512 305
293 97 1512 1637
293 98 1512 121
297 99 1512 1420
297 100 1512 423
304 101 1512 1697
309 102 1512 1576
319 103 1512 1844
322 104 1512 1262
323 105 1512 778
324 106 1512 718
325 107 1512 706
329 108 1512 1395
333 109 1512 1401
342 110 1512 1823
342 111 1512 19
347 112 1512 1546
350 114 1512 128
350 113 1512 1190
356 115 1512 1661
359 116 1512 1215
360 117 1512 739
367 118 1512 1711
367 119 1512 53
367 120 1512 200
369 121 1512 1032
370 122 1512 635
378 124 1512 180
378 123 1512 1763
380 125 1512 925
385 126 1512 1593
387 127 1512 913
387 128 1512 446
398 129 1512 1856
400 130 1512 1025
403 131 1512 1293
407 133 1512 342
407 132 1512 1487
409 134 1512 943
415 135 1512 1610
416 136 1512 806
417 137 1512 854
417 138 1512 49
418 139 1512 589
419 141 1512 98
419 140 1512 555
423 142 1512 1388
425 143 1512 873
425 144 1512 155
425 145 1512 30
433 146 1512 1752
434 147 1512 588
436 148 1512 879
436 149 1512 350
442 150 1512 1671
446 151 1512 1491
456 153 1512 68
456 152 1512 1851
459 154 1512 1219
462 155 1512 1315
464 156 1512 1062
471 157 1512 1738
477 158 1512 1663
477 159 1512 336
479 160 1512 1110
486 162 1512 260
486 161 1512 1730
490 163 1512 1463
490 164 1512 376
491 165 1512 529
491 166 1512 457
494 167 1512 1204
494 168 1512 246
494 169 1512 442
495 171 1512 361
495 170 1512 854
496 172 1512 689
498 173 1512 1121
502 174 1512 1422
502 175 1512 101
507 176 1512 1568
513 177 1512 1686
519 179 1512 150
519 178 1512 1608
521 180 1512 1098
523 181 1512 1004
523 182 1512 33
523 183 1512 95
523 184 1512 185
527 185 1512 1458
531 186 1512 1367
535 187 1512 1419
537 188 1512 1047
542 189 1512 1552
543 190 1512 548
545 191 1512 993
547 192 1512 1115
553 193 1512 1637
557 194 1512 1403
558 195 1512 750
566 196 1512 1763
576 197 1512 1850
576 198 1512 497
581 199 1512 1550
586 200 1512 1498
587 201 1512 548
587 202 1512 341
587 203 1512 436
591 204 1512 1420
594 205 1512 1310
595 206 1512 802
596 207 1512 729
597 208 1512 570
599 209 1512 1118
605 210 1512 1672
608 211 1512 1301
608 212 1512 129
613 213 1512 1513
616 214 1512 1163
616 215 1512 105
623 216 1512 1696
623 217 1512 164
626 218 1512 1278
627 219 1512 842
629 220 1512 1086
631 221 1512 962
631 222 1512 156
632 223 1512 619
641 224 1512 1819
649 225 1512 1786
652 226 1512 1171
654 227 1512 976
660 228 1512 1642
661 230 1512 263
661 229 1512 672
667 231 1512 1642
670 232 1512 1188
670 233 1512 57
671 234 1512 577
672 235 1512 549
673 236 1512 663
678 237 1512 1521
679 238 1512 599
680 239 1512 800
681 240 1512 656
682 241 1512 638
683 242 1512 848
694 243 1512 1854
703 244 1512 1804
706 245 1512 1171
707 246 1512 863
712 248 1512 474
712 247 1512 1526
715 249 1512 1298
717 250 1512 979
722 251 1512 1598
723 252 1512 572
728 253 1512 1580
728 254 1512 463
729 255 1512 535
729 256 1512 391
735 257 1512 1646
736 258 1512 542
741 259 1512 1559
741 260 1512 138
749 261 1512 1750
751 262 1512 1011
760 263 1512 1823
761 266 1512 112
761 267 1512 72
761 264 1512 854
761 265 1512 29
763 268 1512 936
764 269 1512 613
768 270 1512 1367
768 271 1512 174
772 277 1512 227
772 276 1512 114
772 275 1512 448
772 273 1512 477
772 272 1512 1490
772 274 1512 185
773 278 1512 740
774 279 1512 647
776 280 1512 923
781 281 1512 1570
782 283 1512 344
782 282 1512 502
788 284 1512 1618
789 285 1512 590
791 286 1512 1070
796 287 1512 1533
801 288 1512 1518
801 289 1512 41
801 290 1512 158
803 291 1512 941
805 292 1512 979
807 293 1512 965
808 294 1512 661
809 295 1512 830
814 296 1512 1551
816 297 1512 950
818 298 1512 999
826 299 1512 1774
828 300 1512 1059
829 301 1512 791
830 302 1512 589
838 303 1512 1785
849 304 1512 1856
850 305 1512 804
850 306 1512 107
