1 0 1209 540
7 1 1209 1681
8 2 1209 740
11 3 1209 1312
12 4 1209 513
13 5 1209 866
16 6 1209 1321
21 7 1209 1520
24 8 1209 1221
29 9 1209 1517
29 10 1209 282
31 11 1209 1129
41 12 1209 1840
41 13 1209 226
42 14 1209 733
46 15 1209 1468
48 16 1209 869
51 18 1209 238
51 17 1209 1326
59 19 1209 1762
59 20 1209 464
67 21 1209 1765
67 22 1209 104
68 23 1209 745
68 24 1209 185
69 25 1209 852
76 27 1209 183
76 29 1209 343
76 26 1209 1697
76 28 1209 355
80 30 1209 1451
80 31 1209 129
82 32 1209 1045
85 33 1209 1163
85 34 1209 454
86 35 1209 605
87 36 1209 586
93 37 1209 1634
96 38 1209 1336
117 39 1209 1921
119 40 1209 1007
124 41 1209 1542
127 42 1209 1185
127 43 1209 333
136 44 1209 1809
137 45 1209 588
138 46 1209 686
139 47 1209 769
139 48 1209 471
140 49 1209 740
140 50 1209 143
140 51 1209 412
143 52 1209 1214
143 53 1209 473
145 54 1209 955
146 55 1209 700
151 56 1209 1576
170 57 1209 1919
172 58 1209 1126
177 59 1209 1585
179 60 1209 1094
181 61 1209 1138
184 62 1209 1164
186 65 1209 153
186 66 1209 84
186 63 1209 878
186 64 1209 65
187 67 1209 676
194 68 1209 1696
194 69 1209 128
196 70 1209 881
199 71 1209 1160
216 72 1209 1915
216 73 1209 241
217 74 1209 754
218 75 1209 846
219 76 1209 579
226 77 1209 1695
227 78 1209 861
232 79 1209 1521
232 80 1209 166
234 81 1209 927
240 82 1209 1636
245 83 1209 1540
245 84 1209 199
247 85 1209 1039
248 86 1209 840
249 87 1209 571
249 88 1209 208
255 89 1209 1679
257 90 1209 953
258 91 1209 591
259 92 1209 507
265 93 1209 1676
266 94 1209 827
274 98 1209 267
274 97 1209 307
274 95 1209 1794
274 96 1209 378
280 99 1209 1656
281 100 1209 504
281 101 1209 10
283 102 1209 997
283 103 1209 343
291 104 1209 1783
293 105 1209 908
293 106 1209 422
295 107 1209 972
301 108 1209 1643
301 109 1209 109
301 110 1209 120
310 111 1209 1805
312 112 1209 1057
317 113 1209 1530
321 115 1209 166
321 114 1209 1418
325 116 1209 1427
330 117 1209 1549
331 118 1209 678
333 119 1209 951
336 120 1209 1238
340 121 1209 1437
340 122 1209 467
340 123 1209 17
342 125 1209 289
342 124 1209 1099
343 126 1209 652
343 127 1209 239
346 128 1209 1338
348 129 1209 885
348 130 1209 468
348 131 1209 272
352 132 1209 1428
354 133 1209 1130
356 135 1209 156
356 134 1209 1016
367 136 1209 1854
370 137 1209 1292
376 138 1209 1681
379 139 1209 1216
380 140 1209 617
388 141 1209 1792
389 142 1209 853
389 143 1209 99
394 144 1209 1558
396 145 1209 1072
400 146 1209 1459
402 147 1209 902
402 148 1209 257
403 149 1209 661
403 150 1209 366
404 151 1209 753
409 152 1209 1553
412 154 1209 418
412 153 1209 1241
414 155 1209 991
418 156 1209 1467
420 157 1209 980
423 158 1209 1168
427 159 1209 1494
427 160 1209 255
427 161 1209 183
432 162 1209 1559
433 163 1209 758
438 164 1209 1566
446 165 1209 1773
446 166 1209 377
456 167 1209 1852
457 168 1209 513
460 169 1209 1262
460 170 1209 236
460 171 1209 134
468 172 1209 1793
472 174 1209 333
472 173 1209 1387
476 175 1209 1370
477 176 1209 584
477 177 1209 368
477 178 1209 384
477 179 1209 27
478 180 1209 755
484 181 1209 1675
499 182 1209 1906
500 183 1209 677
501 184 1209 518
507 185 1209 1639
508 186 1209 643
508 187 1209 186
509 188 1209 712
509 189 1209 24
510 190 1209 614
512 193 1209 186
512 192 1209 123
512 191 1209 874
514 194 1209 960
514 195 1209 434
514 196 1209 232
514 197 1209 94
514 198 1209 458
521 199 1209 1710
522 200 1209 694
527 202 1209 388
527 201 1209 1531
529 203 1209 919
529 204 1209 424
529 205 1209 232
531 206 1209 885
531 207 1209 166
533 208 1209 908
535 209 1209 972
535 210 1209 407
537 211 1209 1098
538 212 1209 595
540 213 1209 1141
541 214 1209 738
542 215 1209 505
542 216 1209 201
544 217 1209 882
544 218 1209 240
554 219 1209 1851
556 221 1209 191
556 220 1209 1129
558 222 1209 1140
558 223 1209 488
559 224 1209 648
562 225 1209 1287
562 226 1209 10
567 227 1209 1606
567 228 1209 427
576 229 1209 1824
578 231 1209 489
578 230 1209 1137
588 232 1209 1835
589 233 1209 599
592 234 1209 1257
595 235 1209 1148
598 236 1209 1287
600 237 1209 986
600 238 1209 252
600 239 1209 285
601 241 1209 477
601 240 1209 754
604 242 1209 1203
610 243 1209 1664
615 244 1209 1542
619 245 1209 1440
619 246 1209 278
621 247 1209 907
625 249 1209 455
625 250 1209 233
625 248 1209 1373
628 251 1209 1275
636 252 1209 1779
637 253 1209 531
638 254 1209 580
639 255 1209 503
639 256 1209 391
648 258 1209 271
648 257 1209 1824
650 260 1209 221
650 259 1209 1062
653 261 1209 1203
659 262 1209 1664
661 263 1209 1009
669 264 1209 1759
679 265 1209 1842
682 266 1209 1188
703 267 1209 1921
712 268 1209 1809
717 269 1209 1514
720 270 1209 1142
722 271 1209 1139
723 272 1209 629
735 273 1209 1879
737 274 1209 1096
738 275 1209 652
740 276 1209 912
744 277 1209 1400
746 278 1209 871
748 279 1209 1132
750 280 1209 1008
752 281 1209 1028
752 282 1209 233
766 283 1209 1896
771 284 1209 1590
779 285 1209 1786
780 286 1209 635
783 288 1209 18
783 287 1209 1303
784 289 1209 753
785 290 1209 757
789 291 1209 1387
790 292 1209 715
792 293 1209 1114
792 294 1209 63
796 295 1209 1476
797 297 1209 194
797 296 1209 738
807 298 1209 1829
813 299 1209 1624
813 300 1209 252
813 301 1209 282
815 302 1209 1022
823 303 1209 1783
826 304 1209 1237
828 305 1209 1019
829 306 1209 646
