0 0 1765 92
4 1 1765 1450
7 2 1765 1229
8 3 1765 695
8 4 1765 333
9 5 1765 648
9 6 1765 144
10 7 1765 676
10 8 1765 158
11 9 1765 725
11 10 1765 492
13 11 1765 1037
14 12 1765 860
17 13 1765 1220
17 14 1765 185
32 15 1765 1908
41 17 1765 432
41 16 1765 1828
48 18 1765 1722
51 19 1765 1328
56 20 1765 1543
56 21 1765 83
64 22 1765 1752
66 23 1765 1043
70 25 1765 434
70 24 1765 1346
80 28 1765 145
80 26 1765 1844
80 27 1765 116
92 29 1765 1876
92 30 1765 278
98 31 1765 1655
99 32 1765 560
99 33 1765 468
100 34 1765 561
108 36 1765 143
108 37 1765 484
108 35 1765 1761
109 38 1765 588
113 39 1765 1465
126 40 1765 1891
127 41 1765 520
134 42 1765 1739
135 43 1765 618
136 44 1765 574
138 45 1765 901
140 46 1765 1136
141 47 1765 534
146 48 1765 1539
147 49 1765 656
147 50 1765 47
158 51 1765 1855
158 52 1765 476
158 53 1765 232
159 55 1765 8
159 54 1765 778
165 56 1765 1623
165 57 1765 186
168 58 1765 1273
177 59 1765 1824
178 60 1765 729
178 61 1765 27
179 62 1765 530
179 63 1765 206
179 64 1765 447
180 65 1765 762
180 66 1765 476
180 67 1765 392
181 68 1765 658
181 69 1765 348
189 70 1765 1764
192 71 1765 1343
200 73 1765 257
200 72 1765 1769
204 74 1765 1361
206 76 1765 269
206 75 1765 1022
208 77 1765 1133
208 78 1765 468
208 79 1765 445
211 80 1765 1223
214 81 1765 1309
215 82 1765 502
219 83 1765 1414
229 85 1765 347
229 84 1765 1829
232 86 1765 1178
232 87 1765 328
238 88 1765 1614
239 89 1765 553
239 90 1765 138
251 91 1765 1882
253 92 1765 1136
254 93 1765 689
255 94 1765 736
266 95 1765 1864
283 96 1765 1915
288 97 1765 1532
288 98 1765 171
295 99 1765 1736
295 100 1765 425
296 101 1765 743
305 102 1765 1801
308 103 1765 1190
309 104 1765 816
310 105 1765 628
310 106 1765 86
310 107 1765 218
311 108 1765 795
317 109 1765 1680
323 110 1765 1664
323 111 1765 489
329 112 1765 1643
330 113 1765 828
331 114 1765 600
334 115 1765 1344
338 116 1765 1450
340 117 1765 1041
340 118 1765 302
340 119 1765 100
345 120 1765 1509
345 121 1765 148
346 123 1765 105
346 124 1765 210
346 122 1765 702
355 125 1765 1807
355 126 1765 207
357 127 1765 1080
361 128 1765 1446
365 129 1765 1422
367 130 1765 1032
368 131 1765 661
370 132 1765 962
371 135 1765 480
371 133 1765 656
371 134 1765 20
375 136 1765 1433
378 137 1765 1236
379 138 1765 597
382 139 1765 1200
382 140 1765 260
384 141 1765 959
388 142 1765 1457
399 143 1765 1858
400 144 1765 813
405 145 1765 1573
405 146 1765 238
405 147 1765 307
405 148 1765 88
408 150 1765 414
408 149 1765 1317
410 151 1765 873
413 156 1765 41
413 155 1765 276
413 153 1765 71
413 154 1765 227
413 152 1765 1229
420 157 1765 1696
422 158 1765 980
424 159 1765 933
424 160 1765 421
426 161 1765 930
427 162 1765 697
430 163 1765 1298
431 164 1765 648
433 165 1765 1002
437 166 1765 1451
439 167 1765 986
440 168 1765 807
440 169 1765 120
450 171 1765 213
450 172 1765 444
450 170 1765 1836
452 173 1765 1026
460 174 1765 1764
461 175 1765 549
462 176 1765 615
463 177 1765 768
466 178 1765 1216
467 179 1765 561
472 180 1765 1568
481 181 1765 1824
483 182 1765 991
483 183 1765 129
485 184 1765 1008
485 185 1765 159
489 186 1765 1357
491 187 1765 891
491 188 1765 428
497 189 1765 1668
497 190 1765 438
503 192 1765 255
503 191 1765 1661
508 193 1765 1588
509 194 1765 779
512 195 1765 1254
512 196 1765 262
512 197 1765 158
515 198 1765 1210
522 199 1765 1735
522 200 1765 121
525 201 1765 1177
529 202 1765 1424
542 203 1765 1893
546 204 1765 1406
546 205 1765 200
546 206 1765 428
546 207 1765 202
546 208 1765 231
551 209 1765 1603
556 210 1765 1586
559 213 1765 419
559 211 1765 1198
559 212 1765 480
562 214 1765 1289
563 215 1765 521
574 216 1765 1864
575 217 1765 568
575 218 1765 290
575 219 1765 488
580 220 1765 1570
581 221 1765 560
582 222 1765 557
584 223 1765 1064
589 224 1765 1606
589 225 1765 174
601 226 1765 1882
602 227 1765 780
602 228 1765 247
603 231 1765 456
603 230 1765 286
603 229 1765 509
607 232 1765 1482
611 233 1765 1406
611 234 1765 439
611 235 1765 391
611 236 1765 399
613 237 1765 1022
614 238 1765 647
615 239 1765 807
621 240 1765 1655
624 241 1765 1154
625 242 1765 659
626 243 1765 750
626 244 1765 81
629 245 1765 1164
632 246 1765 1181
640 248 1765 299
640 249 1765 258
640 247 1765 1761
643 250 1765 1315
649 251 1765 1619
657 252 1765 1793
658 253 1765 721
658 254 1765 165
662 255 1765 1486
663 257 1765 360
663 256 1765 619
663 258 1765 287
666 259 1765 1231
666 260 1765 242
671 261 1765 1573
683 262 1765 1880
689 263 1765 1647
692 264 1765 1316
694 265 1765 1129
700 266 1765 1640
702 267 1765 998
717 268 1765 1904
719 269 1765 898
719 270 1765 121
720 271 1765 842
730 272 1765 1845
734 273 1765 1407
735 274 1765 757
735 275 1765 415
744 276 1765 1826
751 277 1765 1732
753 278 1765 982
753 279 1765 441
755 280 1765 918
755 281 1765 121
755 282 1765 481
772 283 1765 1914
774 284 1765 1118
775 285 1765 592
776 286 1765 588
777 287 1765 760
780 288 1765 1241
782 289 1765 878
789 290 1765 1697
789 291 1765 39
790 292 1765 735
793 293 1765 1341
794 295 1765 82
794 294 1765 565
797 296 1765 1199
799 297 1765 936
803 298 1765 1358
805 299 1765 877
809 300 1765 1449
809 301 1765 182
817 302 1765 1781
820 304 1765 136
820 305 1765 473
820 303 1765 1326
827 306 1765 1698
