2 0 657 1106
9 1 657 1695
13 2 657 1478
14 3 657 593
19 4 657 1587
23 5 657 1456
24 6 657 808
29 8 657 365
29 7 657 1591
30 9 657 714
32 10 657 967
32 11 657 218
32 12 657 64
33 13 657 735
36 14 657 1342
52 15 657 1911
55 16 657 1323
58 19 657 405
58 18 657 413
58 17 657 1177
68 20 657 1836
71 21 657 1338
72 22 657 746
72 23 657 368
81 24 657 1810
83 25 657 1009
86 26 657 1180
89 27 657 1224
90 28 657 616
95 29 657 1582
97 30 657 1103
97 31 657 276
97 32 657 312
107 33 657 1853
111 34 657 1408
111 35 657 298
118 36 657 1749
120 37 657 1025
124 38 657 1422
128 39 657 1348
134 40 657 1671
135 41 657 534
136 42 657 696
137 43 657 680
138 44 657 666
142 45 657 1425
149 46 657 1697
152 47 657 1226
153 48 657 730
171 49 657 1918
176 50 657 1519
176 51 657 35
176 52 657 414
176 53 657 74
180 54 657 1437
187 55 657 1692
189 56 657 949
191 57 657 1109
192 58 657 708
193 59 657 577
193 60 657 275
198 61 657 1509
200 62 657 974
201 63 657 708
206 64 657 1535
207 65 657 691
217 67 657 136
217 66 657 1830
220 68 657 1252
222 69 657 1043
222 70 657 162
222 71 657 297
228 72 657 1680
230 73 657 990
231 74 657 658
234 75 657 1302
235 77 657 65
235 76 657 642
241 78 657 1627
241 79 657 385
244 80 657 1237
256 81 657 1879
256 82 657 493
257 83 657 623
257 84 657 62
259 85 657 1068
267 86 657 1786
267 87 657 238
267 88 657 415
273 89 657 1640
276 90 657 1273
277 91 657 639
277 92 657 317
278 93 657 844
280 95 657 161
280 94 657 1072
284 96 657 1485
300 97 657 1912
302 98 657 1069
316 99 657 1900
321 100 657 1519
326 101 657 1561
340 102 657 1898
346 103 657 1611
354 104 657 1755
357 105 657 1221
357 106 657 279
361 107 657 1349
364 108 657 1341
364 109 657 135
366 110 657 1050
368 111 657 883
372 112 657 1407
372 113 657 322
375 115 657 321
375 114 657 1264
377 116 657 1016
377 117 657 351
378 118 657 645
378 119 657 467
379 120 657 829
384 121 657 1592
390 122 657 1645
395 123 657 1537
402 124 657 1694
406 125 657 1448
421 126 657 1904
422 127 657 835
432 128 657 1842
432 129 657 496
439 130 657 1742
440 131 657 654
442 132 657 921
448 133 657 1651
449 134 657 790
454 135 657 1601
469 136 657 1905
470 137 657 807
471 138 657 792
472 139 657 766
473 140 657 788
473 141 657 437
474 143 657 279
474 142 657 821
475 144 657 589
475 145 657 390
478 146 657 1156
497 147 657 1919
502 148 657 1504
503 149 657 751
505 150 657 1070
507 151 657 1133
510 152 657 1266
511 153 657 601
513 154 657 1070
523 155 657 1852
533 156 657 1840
533 157 657 361
543 158 657 1841
543 159 657 306
546 160 657 1242
550 161 657 1368
554 162 657 1431
555 163 657 844
555 164 657 318
555 165 657 395
568 166 657 1886
574 167 657 1680
578 168 657 1457
583 169 657 1588
583 170 657 340
583 171 657 208
587 172 657 1483
596 173 657 1804
601 174 657 1604
601 175 657 392
602 176 657 770
606 177 657 1365
608 178 657 947
611 179 657 1304
611 180 657 292
627 181 657 1909
630 182 657 1256
632 183 657 1090
636 184 657 1350
637 185 657 608
640 186 657 1312
640 187 657 320
641 188 657 581
642 189 657 862
648 190 657 1685
653 191 657 1543
655 192 657 891
655 193 657 486
659 194 657 1448
662 195 657 1344
664 196 657 931
678 197 657 1901
691 198 657 1886
691 199 657 194
691 200 657 428
695 202 657 462
695 201 657 1400
705 203 657 1841
705 204 657 411
706 205 657 862
711 206 657 1575
715 207 657 1387
717 208 657 922
718 209 657 678
720 211 657 474
720 210 657 1082
723 212 657 1339
724 213 657 536
724 214 657 13
727 215 657 1257
727 216 657 112
727 217 657 340
731 218 657 1419
737 219 657 1634
739 220 657 1008
744 221 657 1566
746 222 657 1099
747 223 657 594
756 224 657 1827
757 225 657 721
760 226 657 1242
762 227 657 997
762 228 657 355
762 229 657 259
766 230 657 1385
767 231 657 793
771 232 657 1403
772 233 657 753
774 234 657 875
775 235 657 817
779 236 657 1447
782 237 657 1340
783 238 657 679
783 239 657 488
785 240 657 958
795 241 657 1850
798 242 657 1323
807 243 657 1828
814 244 657 1705
817 248 657 472
817 247 657 354
817 249 657 191
817 245 657 1211
817 246 657 204
820 250 657 1231
821 251 657 590
821 252 657 482
821 253 657 252
823 254 657 1110
824 255 657 787
824 256 657 300
832 258 657 13
832 257 657 1792
838 259 657 1614
843 260 657 1544
844 261 657 577
846 262 657 1032
847 263 657 662
850 264 657 1217
850 265 657 288
852 266 657 996
853 267 657 586
858 268 657 1586
860 269 657 1121
867 270 657 1734
868 271 657 697
873 272 657 1586
875 273 657 930
876 274 657 675
878 275 657 1082
878 276 657 243
881 277 657 1195
882 278 657 814
883 279 657 616
884 280 657 517
886 281 657 888
887 282 657 524
887 283 657 163
889 284 657 953
890 285 657 795
890 286 657 310
893 287 657 1151
898 288 657 1567
898 289 657 88
899 290 657 516
904 291 657 1580
907 292 657 1326
909 293 657 990
911 294 657 868
911 295 657 380
912 296 657 818
913 297 657 660
914 298 657 611
918 299 657 1416
918 300 657 215
923 301 657 1543
924 302 657 692
927 303 657 1276
927 304 657 382
928 305 657 534
930 306 657 928
