4 0 1045 1450
8 1 1045 1366
14 2 1045 1651
21 3 1045 1725
21 4 1045 266
21 5 1045 246
22 8 1045 44
22 9 1045 104
22 6 1045 535
22 7 1045 12
25 10 1045 1233
25 11 1045 442
29 12 1045 1478
29 13 1045 208
30 14 1045 678
33 15 1045 1166
35 17 1045 59
35 16 1045 921
36 19 1045 487
36 18 1045 546
37 20 1045 676
37 21 1045 49
38 22 1045 528
38 23 1045 1
44 24 1045 1670
49 25 1045 1595
51 26 1045 961
52 27 1045 831
56 29 1045 286
56 28 1045 1492
65 30 1045 1800
65 31 1045 430
74 32 1045 1812
80 33 1045 1636
81 34 1045 528
81 35 1045 203
86 36 1045 1563
91 39 1045 144
91 37 1045 1535
91 38 1045 386
92 40 1045 524
93 41 1045 568
96 42 1045 1245
97 43 1045 764
97 44 1045 344
103 45 1045 1614
103 46 1045 334
105 47 1045 1081
110 48 1045 1559
111 49 1045 535
114 50 1045 1213
114 51 1045 159
116 52 1045 936
116 53 1045 324
117 54 1045 601
121 55 1045 1400
122 56 1045 837
128 58 1045 54
128 57 1045 1650
129 59 1045 596
132 60 1045 1209
138 61 1045 1629
138 62 1045 445
144 63 1045 1682
144 64 1045 229
145 65 1045 803
146 66 1045 555
154 67 1045 1767
159 68 1045 1604
159 69 1045 474
164 70 1045 1527
167 71 1045 1311
172 72 1045 1598
172 73 1045 401
185 74 1045 1887
185 75 1045 107
186 76 1045 729
192 77 1045 1688
197 78 1045 1582
197 79 1045 56
200 80 1045 1260
209 81 1045 1805
212 82 1045 1197
214 83 1045 956
216 84 1045 997
222 85 1045 1640
226 86 1045 1419
230 87 1045 1488
232 88 1045 1035
234 89 1045 1053
237 90 1045 1290
247 91 1045 1838
251 92 1045 1480
258 93 1045 1715
259 94 1045 859
260 96 1045 123
260 95 1045 820
264 97 1045 1487
265 98 1045 535
269 99 1045 1465
271 100 1045 1059
271 101 1045 492
275 102 1045 1401
277 103 1045 1084
279 104 1045 932
288 106 1045 486
288 105 1045 1827
289 107 1045 534
289 108 1045 361
289 109 1045 493
290 110 1045 670
292 111 1045 1074
292 112 1045 67
316 113 1045 1923
319 114 1045 1260
322 116 1045 431
322 115 1045 1329
326 117 1045 1413
327 118 1045 684
328 119 1045 513
331 120 1045 1309
333 121 1045 991
334 122 1045 731
335 123 1045 551
337 124 1045 1109
343 125 1045 1614
351 126 1045 1755
360 127 1045 1808
364 128 1045 1466
366 129 1045 1067
381 130 1045 1908
384 131 1045 1166
387 132 1045 1153
387 133 1045 116
389 134 1045 921
390 138 1045 24
390 137 1045 113
390 135 1045 768
390 136 1045 404
392 139 1045 1095
395 140 1045 1154
397 141 1045 884
399 142 1045 1127
400 143 1045 541
400 144 1045 382
400 145 1045 216
408 146 1045 1770
412 147 1045 1481
412 148 1045 454
416 149 1045 1455
416 150 1045 389
417 151 1045 635
418 155 1045 68
418 154 1045 156
418 153 1045 21
418 152 1045 802
424 156 1045 1685
425 157 1045 850
439 158 1045 1900
442 159 1045 1243
442 160 1045 71
443 161 1045 603
445 162 1045 992
448 163 1045 1219
449 164 1045 509
453 165 1045 1428
463 166 1045 1845
475 167 1045 1875
477 168 1045 1002
477 169 1045 492
479 170 1045 925
479 171 1045 318
483 172 1045 1388
488 173 1045 1514
491 174 1045 1284
491 175 1045 424
499 176 1045 1788
499 177 1045 190
499 178 1045 168
501 179 1045 892
509 181 1045 274
509 180 1045 1768
513 182 1045 1353
513 183 1045 11
514 184 1045 677
517 185 1045 1273
517 186 1045 364
519 187 1045 1131
531 188 1045 1884
532 189 1045 853
534 190 1045 1007
538 192 1045 138
538 191 1045 1478
539 193 1045 706
541 194 1045 1023
542 195 1045 550
551 196 1045 1816
561 197 1045 1833
561 198 1045 31
563 200 1045 296
563 199 1045 879
572 201 1045 1819
572 202 1045 479
585 203 1045 1887
586 204 1045 530
586 205 1045 70
589 206 1045 1171
592 207 1045 1213
593 208 1045 662
599 210 1045 204
599 209 1045 1657
603 211 1045 1495
604 212 1045 682
606 213 1045 1007
610 214 1045 1400
617 215 1045 1722
620 216 1045 1174
622 217 1045 981
623 218 1045 541
626 219 1045 1161
628 220 1045 1064
629 221 1045 713
646 222 1045 1916
646 223 1045 148
650 224 1045 1409
654 225 1045 1371
654 226 1045 180
655 228 1045 491
655 227 1045 682
656 229 1045 733
657 230 1045 532
669 231 1045 1879
669 232 1045 158
672 233 1045 1214
673 234 1045 596
685 235 1045 1873
692 236 1045 1719
696 237 1045 1390
700 238 1045 1405
701 240 1045 102
701 239 1045 607
703 241 1045 1076
703 242 1045 469
703 243 1045 227
704 244 1045 649
708 245 1045 1437
709 246 1045 796
711 247 1045 1055
714 248 1045 1231
717 249 1045 1225
720 250 1045 1301
721 251 1045 835
724 252 1045 1292
725 253 1045 795
732 254 1045 1739
737 255 1045 1507
746 258 1045 477
746 257 1045 330
746 256 1045 1828
748 259 1045 1084
757 260 1045 1815
757 261 1045 489
758 262 1045 722
769 263 1045 1854
771 264 1045 1124
771 265 1045 249
774 266 1045 1336
778 268 1045 411
778 267 1045 1393
782 269 1045 1452
782 270 1045 2
789 271 1045 1709
794 272 1045 1500
805 273 1045 1859
807 274 1045 1059
824 275 1045 1913
824 276 1045 244
830 277 1045 1688
834 278 1045 1424
848 279 1045 1897
849 280 1045 574
851 281 1045 1049
855 282 1045 1376
858 283 1045 1190
862 284 1045 1357
868 285 1045 1622
869 286 1045 587
872 287 1045 1287
876 288 1045 1399
878 289 1045 1014
878 290 1045 44
882 291 1045 1389
884 292 1045 912
884 293 1045 321
885 294 1045 716
890 296 1045 353
890 295 1045 1537
891 297 1045 539
893 298 1045 1028
893 299 1045 399
893 300 1045 100
896 301 1045 1328
897 302 1045 644
904 303 1045 1704
907 304 1045 1223
912 305 1045 1517
915 306 1045 1260
