0 0 64 352
1 1 64 659
1 2 64 354
25 3 64 1923
29 4 64 1478
30 5 64 839
32 6 64 1027
37 7 64 1548
39 8 64 959
40 9 64 602
63 10 64 1923
66 11 64 1231
68 12 64 1103
70 13 64 1017
70 14 64 107
70 15 64 231
74 16 64 1379
74 17 64 372
77 18 64 1175
79 19 64 1087
79 20 64 234
82 21 64 1340
102 22 64 1921
106 23 64 1365
106 24 64 20
109 25 64 1210
115 27 64 68
115 26 64 1626
119 28 64 1460
124 29 64 1568
127 30 64 1198
128 31 64 692
129 32 64 618
131 33 64 1039
134 34 64 1153
136 35 64 1030
141 36 64 1598
143 37 64 998
146 38 64 1253
147 39 64 816
150 40 64 1186
151 41 64 670
151 42 64 5
155 43 64 1400
162 44 64 1724
163 45 64 620
165 46 64 921
172 47 64 1693
172 48 64 195
175 49 64 1213
181 50 64 1651
184 51 64 1162
186 52 64 1087
186 53 64 88
186 54 64 128
188 55 64 937
189 56 64 662
191 57 64 914
205 58 64 1903
205 59 64 267
207 60 64 1138
209 61 64 958
209 62 64 87
212 63 64 1315
215 64 64 1328
218 65 64 1230
219 67 64 63
219 66 64 612
227 68 64 1789
229 69 64 1002
230 70 64 557
230 71 64 380
232 72 64 1043
232 73 64 358
241 74 64 1826
245 75 64 1489
248 76 64 1334
249 77 64 521
254 78 64 1565
257 79 64 1325
257 80 64 288
268 81 64 1857
277 82 64 1797
277 83 64 247
287 85 64 36
287 84 64 1841
292 86 64 1529
293 87 64 530
295 88 64 911
295 89 64 215
295 90 64 367
296 91 64 683
298 92 64 1020
300 93 64 985
305 95 64 227
305 94 64 1603
306 96 64 582
307 97 64 615
307 98 64 71
307 99 64 493
307 100 64 8
308 101 64 857
318 102 64 1829
320 103 64 1118
321 104 64 655
324 105 64 1271
324 106 64 118
325 107 64 729
325 108 64 186
326 109 64 563
331 110 64 1527
331 111 64 141
334 112 64 1273
335 113 64 578
350 114 64 1903
353 115 64 1205
355 116 64 1086
363 117 64 1765
367 118 64 1398
370 119 64 1291
376 120 64 1626
376 121 64 82
378 122 64 1077
383 123 64 1573
384 124 64 635
393 125 64 1799
396 126 64 1284
396 127 64 58
397 128 64 680
402 129 64 1599
404 130 64 907
405 131 64 719
405 132 64 449
407 133 64 1072
410 134 64 1316
414 135 64 1355
414 136 64 28
415 137 64 679
420 138 64 1516
421 139 64 570
431 140 64 1842
432 142 64 343
432 143 64 347
432 141 64 800
433 144 64 612
433 145 64 225
436 146 64 1335
436 147 64 442
438 148 64 1006
438 149 64 397
440 150 64 1066
441 151 64 742
443 152 64 1141
444 153 64 705
445 154 64 792
455 155 64 1850
462 156 64 1705
462 157 64 255
462 158 64 482
463 159 64 781
479 161 64 60
479 162 64 48
479 160 64 1911
480 163 64 512
485 164 64 1581
486 165 64 808
492 166 64 1617
492 167 64 201
495 168 64 1186
496 169 64 547
499 171 64 406
499 172 64 248
499 170 64 1176
500 173 64 827
504 174 64 1373
505 175 64 826
511 176 64 1663
512 177 64 730
514 180 64 463
514 178 64 961
514 179 64 409
515 181 64 842
517 182 64 976
517 183 64 282
518 184 64 532
518 185 64 165
523 186 64 1503
529 187 64 1669
529 188 64 279
533 189 64 1391
538 190 64 1575
545 192 64 196
545 191 64 1697
546 193 64 735
547 194 64 584
555 195 64 1782
556 196 64 752
564 197 64 1755
565 198 64 691
572 199 64 1729
573 200 64 533
575 201 64 1133
578 202 64 1181
578 203 64 459
581 204 64 1145
582 205 64 659
582 206 64 493
582 207 64 313
585 208 64 1256
598 210 64 187
598 209 64 1891
600 211 64 975
603 212 64 1219
603 213 64 73
603 214 64 317
605 215 64 1069
607 216 64 1009
614 217 64 1690
629 218 64 1905
633 219 64 1415
636 220 64 1230
648 221 64 1873
658 222 64 1846
665 223 64 1720
667 224 64 897
671 225 64 1404
671 226 64 210
675 227 64 1438
675 228 64 243
680 230 64 74
680 229 64 1516
690 231 64 1833
690 232 64 38
693 233 64 1156
702 234 64 1801
705 235 64 1254
710 236 64 1586
711 237 64 517
713 238 64 1061
722 239 64 1797
727 240 64 1596
730 241 64 1189
730 242 64 412
730 243 64 313
733 244 64 1204
734 247 64 123
734 248 64 417
734 245 64 600
734 246 64 478
738 249 64 1440
739 250 64 772
741 251 64 986
749 252 64 1775
752 253 64 1200
753 254 64 499
754 255 64 584
757 256 64 1212
761 257 64 1386
765 258 64 1486
771 259 64 1666
771 260 64 449
773 261 64 980
773 262 64 69
779 263 64 1664
788 264 64 1817
788 265 64 279
790 268 64 196
790 266 64 936
790 267 64 63
792 269 64 987
796 270 64 1407
796 271 64 492
797 272 64 628
797 273 64 107
804 274 64 1744
804 275 64 40
808 276 64 1460
813 277 64 1533
814 278 64 516
814 279 64 296
816 280 64 926
816 281 64 86
818 282 64 1020
819 283 64 728
820 284 64 743
822 286 64 57
822 285 64 1012
823 287 64 763
824 288 64 657
827 289 64 1217
827 290 64 42
827 291 64 200
829 292 64 955
832 293 64 1320
836 294 64 1348
837 295 64 616
839 296 64 1119
840 297 64 673
840 298 64 421
842 299 64 924
847 300 64 1589
847 301 64 414
857 302 64 1851
861 304 64 32
861 305 64 280
861 303 64 1354
861 306 64 357
