3 0 615 1213
10 1 615 1728
12 2 615 1113
12 3 615 83
15 4 615 1179
17 5 615 965
19 6 615 1120
19 7 615 275
23 12 615 194
23 11 615 29
23 9 615 341
23 8 615 1356
23 10 615 383
26 13 615 1298
27 14 615 770
35 15 615 1771
41 17 615 61
41 16 615 1671
42 19 615 9
42 18 615 508
44 20 615 907
54 21 615 1835
65 22 615 1859
65 23 615 217
65 24 615 496
66 25 615 803
73 29 615 72
73 28 615 410
73 26 615 1730
73 27 615 189
74 30 615 641
75 31 615 831
76 32 615 637
76 33 615 442
79 34 615 1291
80 35 615 829
83 38 615 139
83 37 615 480
83 36 615 1190
88 39 615 1559
88 40 615 364
105 41 615 1915
125 42 615 1920
125 43 615 35
132 44 615 1689
136 45 615 1445
141 46 615 1535
149 47 615 1789
153 48 615 1406
155 49 615 1135
155 50 615 241
162 51 615 1717
183 52 615 1922
188 53 615 1602
196 54 615 1774
199 55 615 1302
207 56 615 1794
209 57 615 896
214 58 615 1511
214 59 615 375
217 60 615 1160
219 61 615 930
227 62 615 1790
230 63 615 1284
236 64 615 1625
240 65 615 1476
243 66 615 1317
249 67 615 1677
249 68 615 6
260 69 615 1865
261 70 615 581
264 71 615 1190
274 72 615 1847
276 73 615 874
281 74 615 1569
283 75 615 917
293 76 615 1840
302 77 615 1824
302 78 615 452
304 79 615 976
307 80 615 1193
318 81 615 1866
319 82 615 708
322 83 615 1199
330 84 615 1755
331 85 615 848
332 86 615 834
334 87 615 959
335 88 615 593
352 89 615 1914
354 90 615 960
354 91 615 294
356 92 615 893
362 93 615 1688
362 94 615 398
366 96 615 125
366 95 615 1359
367 97 615 636
367 98 615 335
367 99 615 212
367 100 615 127
375 101 615 1783
383 102 615 1783
387 103 615 1465
388 104 615 554
390 105 615 975
398 106 615 1795
400 107 615 1047
400 108 615 32
401 109 615 857
405 110 615 1387
418 111 615 1895
418 112 615 443
419 113 615 535
421 114 615 1106
424 115 615 1218
424 116 615 222
425 117 615 590
429 118 615 1453
430 119 615 776
431 120 615 642
431 121 615 358
433 123 615 17
433 122 615 1083
435 124 615 905
435 125 615 286
435 126 615 297
435 127 615 158
435 128 615 475
435 129 615 210
436 130 615 791
439 131 615 1204
443 133 615 239
443 132 615 1489
444 134 615 849
447 135 615 1335
447 136 615 83
450 137 615 1167
451 138 615 644
452 139 615 779
454 140 615 978
461 141 615 1711
463 142 615 926
469 143 615 1660
470 144 615 526
472 145 615 990
480 146 615 1775
480 147 615 358
481 148 615 582
483 149 615 1105
485 150 615 1136
489 151 615 1459
491 152 615 1107
495 153 615 1483
500 154 615 1495
507 155 615 1694
508 156 615 699
516 157 615 1765
517 158 615 560
517 159 615 267
518 160 615 678
524 161 615 1636
525 162 615 572
532 167 615 203
532 166 615 406
532 163 615 1747
532 164 615 65
532 165 615 183
538 168 615 1610
545 169 615 1696
547 170 615 1135
549 171 615 980
560 172 615 1871
561 173 615 673
568 174 615 1723
569 175 615 855
573 176 615 1356
577 177 615 1348
581 178 615 1415
591 179 615 1839
591 180 615 436
602 181 615 1863
607 182 615 1501
610 183 615 1295
612 184 615 998
615 185 615 1257
615 186 615 96
615 187 615 5
616 188 615 669
618 189 615 1079
619 190 615 636
619 191 615 242
620 194 615 101
620 192 615 606
620 193 615 376
623 195 615 1266
625 196 615 1139
627 197 615 1104
632 198 615 1595
632 199 615 343
633 200 615 584
638 201 615 1572
639 202 615 672
640 203 615 810
653 204 615 1894
653 205 615 156
658 206 615 1513
658 207 615 433
664 208 615 1685
665 209 615 640
665 210 615 337
668 212 615 350
668 211 615 1276
669 213 615 646
677 214 615 1756
678 215 615 740
678 216 615 135
681 217 615 1202
682 218 615 748
683 219 615 732
683 220 615 87
683 221 615 400
687 222 615 1459
688 223 615 531
690 224 615 1060
692 226 615 373
692 225 615 892
696 227 615 1494
697 229 615 456
697 228 615 572
703 231 615 252
703 230 615 1641
709 232 615 1677
711 233 615 1072
714 234 615 1255
715 235 615 788
718 236 615 1190
719 237 615 690
722 238 615 1325
723 239 615 842
729 240 615 1669
734 241 615 1587
734 242 615 245
734 243 615 29
735 244 615 742
738 245 615 1285
747 246 615 1817
759 247 615 1885
760 248 615 545
763 249 615 1286
765 250 615 1131
776 251 615 1861
776 252 615 355
777 253 615 862
777 254 615 256
777 255 615 184
777 256 615 112
777 257 615 141
783 258 615 1675
785 259 615 1001
792 260 615 1707
792 261 615 18
800 262 615 1786
803 263 615 1229
805 264 615 923
805 265 615 85
810 266 615 1523
813 267 615 1202
816 268 615 1315
818 269 615 968
822 270 615 1474
826 271 615 1369
835 272 615 1801
845 273 615 1831
847 274 615 988
847 275 615 424
847 276 615 154
851 277 615 1430
858 278 615 1713
865 279 615 1699
867 280 615 1000
867 281 615 413
869 282 615 949
872 283 615 1211
875 284 615 1249
882 285 615 1704
891 286 615 1821
892 287 615 815
893 288 615 816
895 289 615 1071
896 290 615 675
898 291 615 1049
900 292 615 939
900 293 615 323
902 294 615 1059
908 295 615 1650
915 296 615 1725
917 297 615 941
919 298 615 1030
920 299 615 656
926 300 615 1686
927 301 615 615
928 302 615 569
933 303 615 1502
940 304 615 1736
946 305 615 1686
946 306 615 60
