19 0 1532 1919
19 1 1532 435
23 2 1532 1440
24 3 1532 523
24 4 1532 227
24 5 1532 337
26 6 1532 1100
26 7 1532 339
27 10 1532 406
27 9 1532 104
27 8 1532 540
28 11 1532 600
29 12 1532 817
36 13 1532 1720
43 14 1532 1715
56 15 1532 1887
60 16 1532 1463
61 17 1532 860
64 20 1532 310
64 18 1532 1337
64 19 1532 378
66 21 1532 970
68 22 1532 1024
71 23 1532 1146
73 24 1532 998
74 25 1532 659
75 26 1532 789
78 27 1532 1157
80 28 1532 989
84 29 1532 1382
85 30 1532 740
86 31 1532 851
88 32 1532 1030
93 33 1532 1502
100 34 1532 1750
108 35 1532 1750
109 36 1532 703
110 37 1532 543
111 38 1532 688
116 39 1532 1602
119 40 1532 1184
120 41 1532 543
121 42 1532 656
121 43 1532 138
121 44 1532 78
123 45 1532 1140
124 46 1532 740
126 47 1532 961
129 48 1532 1288
129 49 1532 119
132 50 1532 1186
134 51 1532 1066
139 52 1532 1542
143 53 1532 1471
148 54 1532 1599
150 55 1532 949
153 57 1532 293
153 56 1532 1335
157 58 1532 1450
161 59 1532 1493
165 60 1532 1472
176 61 1532 1868
179 62 1532 1275
181 63 1532 1082
184 64 1532 1289
188 65 1532 1479
192 66 1532 1494
195 67 1532 1239
208 68 1532 1895
221 69 1532 1889
224 70 1532 1183
226 71 1532 919
226 72 1532 171
232 73 1532 1659
234 74 1532 1119
241 76 1532 313
241 75 1532 1691
243 77 1532 886
245 78 1532 1068
253 79 1532 1782
263 80 1532 1844
271 81 1532 1753
279 82 1532 1793
281 84 1532 196
281 83 1532 869
286 85 1532 1598
289 86 1532 1233
293 87 1532 1484
302 88 1532 1828
303 91 1532 410
303 89 1532 800
303 90 1532 414
305 92 1532 1017
307 94 1532 129
307 93 1532 1120
310 95 1532 1240
313 96 1532 1192
318 97 1532 1499
319 98 1532 773
320 99 1532 523
325 100 1532 1571
329 101 1532 1425
331 102 1532 991
334 103 1532 1324
335 104 1532 861
335 105 1532 266
337 106 1532 895
346 107 1532 1807
346 108 1532 352
356 109 1532 1832
357 110 1532 635
357 111 1532 448
360 112 1532 1150
365 113 1532 1593
370 114 1532 1574
376 115 1532 1644
376 116 1532 74
376 117 1532 406
378 118 1532 886
384 119 1532 1615
384 120 1532 246
384 121 1532 10
387 122 1532 1336
389 123 1532 1094
393 124 1532 1474
394 125 1532 773
403 126 1532 1827
405 127 1532 975
410 128 1532 1529
419 129 1532 1803
420 130 1532 499
421 131 1532 739
421 132 1532 112
422 135 1532 418
422 133 1532 545
422 134 1532 211
423 136 1532 762
423 137 1532 469
423 138 1532 7
434 139 1532 1855
435 140 1532 703
439 141 1532 1350
441 142 1532 1131
461 143 1532 1920
461 144 1532 164
474 145 1532 1890
477 146 1532 1184
481 147 1532 1349
485 148 1532 1471
485 149 1532 410
488 150 1532 1166
489 151 1532 786
490 152 1532 613
492 154 1532 277
492 153 1532 1083
497 155 1532 1560
497 156 1532 88
506 157 1532 1821
514 158 1532 1774
514 159 1532 88
514 160 1532 364
524 162 1532 277
524 163 1532 473
524 161 1532 1844
527 164 1532 1332
536 165 1532 1821
536 166 1532 336
537 167 1532 605
541 168 1532 1381
544 169 1532 1155
546 170 1532 882
551 171 1532 1529
551 172 1532 398
553 173 1532 956
555 174 1532 912
556 175 1532 820
557 176 1532 803
560 177 1532 1340
562 178 1532 929
567 179 1532 1508
572 180 1532 1513
572 181 1532 477
576 182 1532 1429
578 183 1532 1119
579 184 1532 637
585 185 1532 1638
585 186 1532 125
587 187 1532 954
587 188 1532 268
588 189 1532 575
588 190 1532 329
589 191 1532 865
590 192 1532 619
600 193 1532 1844
604 194 1532 1490
605 195 1532 783
607 196 1532 1073
608 197 1532 657
609 198 1532 588
609 199 1532 267
614 200 1532 1554
615 201 1532 579
628 202 1532 1893
628 203 1532 316
632 204 1532 1452
637 205 1532 1561
637 206 1532 387
642 207 1532 1582
642 208 1532 170
646 209 1532 1381
647 210 1532 757
648 211 1532 673
650 212 1532 892
650 213 1532 265
651 214 1532 500
660 215 1532 1811
660 216 1532 415
662 217 1532 1082
670 218 1532 1761
676 219 1532 1619
683 220 1532 1696
686 222 1532 337
686 221 1532 1306
687 223 1532 806
688 224 1532 825
688 225 1532 17
690 226 1532 910
690 227 1532 479
694 228 1532 1390
694 229 1532 128
700 231 1532 145
700 230 1532 1672
701 232 1532 752
702 233 1532 661
714 234 1532 1879
716 235 1532 933
717 236 1532 509
719 237 1532 1113
724 238 1532 1592
726 239 1532 1000
729 241 1532 468
729 240 1532 1250
730 242 1532 783
731 243 1532 811
738 244 1532 1743
743 245 1532 1581
757 246 1532 1898
757 247 1532 354
760 248 1532 1343
765 250 1532 368
765 249 1532 1603
782 251 1532 1915
783 252 1532 821
785 253 1532 893
785 254 1532 496
785 255 1532 247
785 256 1532 242
787 257 1532 1086
791 258 1532 1415
795 259 1532 1435
796 260 1532 651
806 261 1532 1832
806 262 1532 191
806 263 1532 42
812 264 1532 1634
813 265 1532 611
823 267 1532 230
823 266 1532 1845
823 268 1532 311
827 269 1532 1492
830 270 1532 1302
833 271 1532 1226
837 272 1532 1415
838 273 1532 760
838 274 1532 368
841 275 1532 1227
842 276 1532 523
846 277 1532 1450
848 278 1532 987
851 279 1532 1169
851 280 1532 43
852 281 1532 556
854 282 1532 1061
861 283 1532 1711
867 284 1532 1684
873 285 1532 1681
876 286 1532 1249
884 288 1532 164
884 287 1532 1783
890 289 1532 1631
891 290 1532 690
895 291 1532 1347
901 292 1532 1622
901 293 1532 157
901 294 1532 349
904 296 1532 277
904 295 1532 1342
905 297 1532 741
907 298 1532 1101
909 299 1532 1131
915 300 1532 1660
921 301 1532 1667
921 302 1532 42
929 303 1532 1776
929 304 1532 301
931 305 1532 1067
932 306 1532 500
