7 0 731 1689
9 1 731 1074
9 2 731 272
23 3 731 1903
24 4 731 501
40 5 731 1913
41 6 731 822
43 7 731 1033
46 8 731 1259
48 9 731 895
51 10 731 1143
55 11 731 1352
66 12 731 1857
67 13 731 797
67 14 731 372
67 15 731 112
67 16 731 447
67 17 731 215
70 18 731 1152
73 19 731 1176
75 20 731 1083
76 21 731 697
78 22 731 987
84 23 731 1655
84 24 731 368
92 26 731 161
92 27 731 167
92 25 731 1775
98 28 731 1630
100 29 731 946
104 30 731 1387
104 31 731 133
105 32 731 824
105 33 731 185
106 34 731 729
108 35 731 1101
110 36 731 870
114 38 731 279
114 37 731 1386
117 39 731 1301
122 40 731 1598
122 41 731 11
129 42 731 1693
131 43 731 960
131 44 731 482
136 45 731 1579
137 46 731 787
140 47 731 1146
142 48 731 1137
144 49 731 996
145 50 731 599
146 51 731 685
146 52 731 115
148 53 731 971
152 54 731 1492
154 55 731 992
154 56 731 86
155 57 731 542
160 58 731 1535
161 59 731 650
169 60 731 1751
170 61 731 655
173 62 731 1328
173 63 731 313
177 64 731 1433
179 65 731 1010
180 66 731 528
186 67 731 1671
186 68 731 67
189 69 731 1196
192 70 731 1166
194 71 731 985
205 72 731 1860
213 73 731 1776
218 74 731 1502
220 75 731 1072
222 77 731 27
222 76 731 928
225 78 731 1172
226 79 731 713
228 80 731 987
230 81 731 940
232 82 731 954
233 83 731 633
233 84 731 346
234 86 731 18
234 85 731 701
242 87 731 1777
243 88 731 617
249 89 731 1662
251 90 731 1015
251 91 731 327
259 92 731 1776
264 93 731 1554
268 94 731 1474
270 95 731 943
271 96 731 607
275 97 731 1380
279 98 731 1451
283 99 731 1397
285 100 731 1050
287 101 731 1041
289 102 731 1078
300 103 731 1866
308 104 731 1754
313 105 731 1539
314 106 731 749
314 107 731 263
318 108 731 1393
318 109 731 420
318 110 731 63
318 111 731 58
321 112 731 1295
322 113 731 821
327 114 731 1587
328 115 731 810
334 116 731 1625
335 117 731 694
348 118 731 1891
349 119 731 731
351 120 731 992
352 121 731 676
354 123 731 330
354 124 731 181
354 122 731 1053
355 125 731 838
357 126 731 1134
357 127 731 306
357 128 731 301
358 129 731 559
358 130 731 465
362 131 731 1472
363 132 731 500
370 133 731 1699
375 134 731 1588
386 135 731 1871
394 136 731 1787
396 137 731 1013
397 138 731 803
398 139 731 732
410 140 731 1877
416 141 731 1679
416 142 731 383
416 143 731 197
421 144 731 1598
423 145 731 956
425 146 731 957
427 147 731 954
440 148 731 1891
441 149 731 664
444 150 731 1242
454 151 731 1837
458 152 731 1414
459 155 731 374
459 153 731 720
459 154 731 405
475 156 731 1913
476 157 731 747
482 158 731 1685
484 159 731 916
484 160 731 404
484 161 731 443
497 162 731 1887
498 163 731 834
510 164 731 1879
511 165 731 515
515 166 731 1482
520 167 731 1520
523 168 731 1158
529 169 731 1641
531 170 731 947
532 171 731 612
541 172 731 1816
544 173 731 1158
545 174 731 779
548 175 731 1237
548 176 731 292
549 177 731 855
550 178 731 657
553 179 731 1149
562 181 731 179
562 182 731 339
562 180 731 1806
567 183 731 1562
570 184 731 1242
571 185 731 553
571 186 731 58
578 187 731 1705
581 188 731 1293
584 189 731 1214
596 190 731 1883
598 191 731 1040
601 192 731 1252
610 193 731 1812
610 194 731 327
614 195 731 1433
621 196 731 1716
625 197 731 1474
625 198 731 243
627 199 731 1082
631 200 731 1398
635 201 731 1361
642 203 731 250
642 202 731 1721
648 204 731 1641
649 205 731 629
649 206 731 21
649 207 731 255
660 208 731 1866
662 209 731 1092
662 210 731 81
664 212 731 89
664 211 731 1057
665 213 731 535
667 214 731 1035
667 215 731 225
667 216 731 104
667 217 731 324
672 218 731 1517
675 219 731 1326
675 220 731 457
682 222 731 226
682 221 731 1702
693 223 731 1868
699 224 731 1683
709 225 731 1832
712 226 731 1284
712 227 731 3
713 228 731 830
716 229 731 1271
720 230 731 1445
721 231 731 743
722 232 731 612
727 233 731 1499
733 234 731 1676
733 235 731 444
733 236 731 382
733 237 731 89
743 238 731 1846
744 239 731 612
745 240 731 531
752 241 731 1727
760 242 731 1764
760 243 731 201
762 244 731 1132
763 245 731 825
765 246 731 950
766 247 731 717
767 249 731 102
767 248 731 777
770 250 731 1329
774 251 731 1392
786 252 731 1882
787 253 731 841
788 254 731 625
794 255 731 1620
796 256 731 1134
804 258 731 491
804 257 731 1777
811 259 731 1733
814 260 731 1269
814 261 731 17
818 262 731 1350
819 263 731 595
824 264 731 1571
827 265 731 1263
827 266 731 444
828 267 731 515
829 268 731 783
830 269 731 590
838 270 731 1767
838 271 731 14
838 272 731 403
840 273 731 904
841 274 731 794
842 275 731 654
853 277 731 25
853 276 731 1863
854 278 731 736
855 279 731 857
857 280 731 882
858 281 731 567
861 282 731 1150
862 283 731 728
873 284 731 1866
873 285 731 53
874 286 731 786
881 287 731 1695
883 288 731 874
883 289 731 55
886 290 731 1234
887 291 731 529
892 292 731 1522
892 293 731 112
895 294 731 1268
896 296 731 377
896 295 731 514
899 297 731 1169
900 298 731 554
908 299 731 1794
908 300 731 381
908 301 731 434
919 302 731 1859
919 303 731 186
919 304 731 259
922 305 731 1314
924 306 731 988
