4 0 1295 1474
9 1 1295 1603
13 2 1295 1470
14 3 1295 684
14 4 1295 293
15 5 1295 775
19 6 1295 1459
19 7 1295 297
20 8 1295 641
22 9 1295 991
24 10 1295 994
28 11 1295 1366
28 12 1295 264
30 13 1295 1069
30 14 1295 272
32 15 1295 1135
35 17 1295 323
35 18 1295 251
35 16 1295 1224
37 19 1295 1060
42 20 1295 1523
43 21 1295 712
44 22 1295 649
50 23 1295 1672
53 24 1295 1340
55 25 1295 908
71 27 1295 47
71 26 1295 1909
85 28 1295 1901
92 29 1295 1738
92 30 1295 153
99 31 1295 1713
99 32 1295 240
104 33 1295 1547
106 34 1295 929
106 35 1295 309
107 36 1295 591
110 39 1295 373
110 37 1295 1296
110 38 1295 253
111 40 1295 709
117 41 1295 1667
125 42 1295 1751
125 43 1295 106
125 44 1295 344
129 45 1295 1394
129 46 1295 52
130 47 1295 760
131 48 1295 783
141 49 1295 1829
141 50 1295 366
161 51 1295 1920
182 52 1295 1921
183 53 1295 536
186 54 1295 1191
187 55 1295 762
189 56 1295 954
196 57 1295 1722
199 58 1295 1269
202 59 1295 1310
203 60 1295 790
207 61 1295 1411
207 62 1295 321
208 63 1295 827
209 64 1295 837
212 65 1295 1205
214 66 1295 1126
215 67 1295 641
215 68 1295 140
228 69 1295 1887
229 70 1295 544
239 71 1295 1852
239 72 1295 69
248 74 1295 351
248 73 1295 1803
256 75 1295 1780
258 76 1295 885
259 77 1295 542
262 78 1295 1327
273 79 1295 1870
274 80 1295 856
277 81 1295 1149
280 82 1295 1189
280 83 1295 71
284 85 1295 158
284 84 1295 1372
291 86 1295 1717
297 87 1295 1629
297 88 1295 356
297 89 1295 166
300 90 1295 1280
301 92 1295 27
301 91 1295 793
303 93 1295 868
308 94 1295 1507
311 95 1295 1222
315 96 1295 1346
317 97 1295 924
320 98 1295 1194
322 99 1295 1064
322 100 1295 268
325 101 1295 1335
326 102 1295 619
327 103 1295 821
330 104 1295 1285
330 105 1295 438
340 106 1295 1850
340 107 1295 118
340 108 1295 184
343 109 1295 1335
352 110 1295 1802
352 111 1295 411
352 112 1295 394
355 114 1295 454
355 113 1295 1323
360 115 1295 1566
360 116 1295 222
360 117 1295 249
364 118 1295 1380
365 119 1295 679
369 120 1295 1412
373 121 1295 1421
373 122 1295 285
387 123 1295 1899
388 124 1295 607
394 125 1295 1675
403 126 1295 1825
405 127 1295 1125
405 128 1295 295
407 129 1295 1053
407 130 1295 434
419 131 1295 1885
422 133 1295 263
422 132 1295 1273
427 134 1295 1602
431 135 1295 1445
432 136 1295 529
432 137 1295 367
433 138 1295 711
435 139 1295 933
435 140 1295 232
440 141 1295 1598
444 142 1295 1444
446 143 1295 946
446 144 1295 289
447 145 1295 868
447 146 1295 399
448 147 1295 629
448 148 1295 414
459 149 1295 1865
461 150 1295 999
463 151 1295 1096
467 152 1295 1469
468 153 1295 514
473 154 1295 1576
474 155 1295 772
476 156 1295 1049
477 157 1295 645
477 158 1295 214
482 159 1295 1534
483 160 1295 538
484 161 1295 724
491 162 1295 1747
493 163 1295 1056
495 164 1295 900
505 165 1295 1841
507 166 1295 1063
507 167 1295 131
513 168 1295 1645
515 169 1295 933
517 170 1295 1036
525 171 1295 1780
529 174 1295 446
529 172 1295 1462
529 173 1295 446
536 175 1295 1739
550 176 1295 1901
553 177 1295 1264
559 178 1295 1609
565 179 1295 1663
568 180 1295 1275
571 181 1295 1196
572 182 1295 711
572 183 1295 355
572 184 1295 54
575 185 1295 1263
575 186 1295 416
576 187 1295 758
577 188 1295 611
578 190 1295 395
578 189 1295 830
587 192 1295 153
587 191 1295 1809
589 193 1295 1102
589 194 1295 395
593 195 1295 1433
601 196 1295 1775
601 197 1295 388
601 198 1295 45
601 199 1295 372
608 201 1295 268
608 200 1295 1729
610 202 1295 908
614 203 1295 1405
615 204 1295 828
618 205 1295 1144
623 206 1295 1558
625 207 1295 1022
625 208 1295 67
633 209 1295 1762
634 210 1295 795
641 211 1295 1710
643 212 1295 960
643 213 1295 475
643 214 1295 258
646 215 1295 1266
646 216 1295 13
650 217 1295 1392
652 218 1295 1001
657 219 1295 1561
661 221 1295 305
661 220 1295 1425
665 222 1295 1445
666 223 1295 815
667 224 1295 538
670 225 1295 1152
676 226 1295 1626
676 227 1295 360
676 228 1295 51
678 229 1295 938
691 230 1295 1888
696 231 1295 1512
699 232 1295 1219
702 233 1295 1236
713 234 1295 1858
715 235 1295 1007
715 236 1295 288
718 237 1295 1230
722 238 1295 1451
723 239 1295 834
729 240 1295 1629
732 241 1295 1318
733 242 1295 690
734 243 1295 773
734 244 1295 34
735 245 1295 610
736 246 1295 849
741 247 1295 1603
742 248 1295 843
744 249 1295 1053
748 250 1295 1419
748 251 1295 382
751 252 1295 1312
751 253 1295 408
753 254 1295 872
757 255 1295 1424
758 256 1295 748
758 257 1295 92
759 258 1295 867
764 259 1295 1601
768 260 1295 1443
771 261 1295 1198
773 262 1295 970
775 263 1295 1054
784 264 1295 1798
787 265 1295 1208
787 266 1295 491
793 267 1295 1648
794 268 1295 541
797 269 1295 1176
799 270 1295 978
800 271 1295 708
811 272 1295 1866
811 273 1295 167
822 274 1295 1857
822 275 1295 106
827 276 1295 1539
828 277 1295 671
829 278 1295 781
839 281 1295 22
839 279 1295 1853
839 280 1295 303
843 282 1295 1441
845 283 1295 923
849 284 1295 1444
854 285 1295 1506
854 286 1295 200
855 291 1295 196
855 292 1295 362
855 290 1295 258
855 287 1295 810
855 288 1295 364
855 289 1295 434
863 293 1295 1774
866 294 1295 1316
866 295 1295 431
866 296 1295 348
871 297 1295 1561
873 298 1295 899
874 299 1295 750
874 300 1295 119
876 301 1295 1125
878 302 1295 1061
883 303 1295 1592
883 304 1295 75
884 305 1295 711
884 306 1295 441
