3 0 923 1200
18 1 923 1908
22 2 923 1438
22 3 923 445
23 4 923 654
28 5 923 1566
28 6 923 326
28 7 923 373
35 8 923 1740
36 9 923 535
44 10 923 1768
44 11 923 349
44 12 923 135
45 13 923 603
45 14 923 351
48 15 923 1196
48 16 923 331
56 18 923 300
56 17 923 1754
59 19 923 1195
60 20 923 736
60 21 923 84
61 22 923 818
61 23 923 201
62 24 923 796
66 25 923 1470
67 26 923 755
71 27 923 1412
73 28 923 1097
75 29 923 1120
79 30 923 1347
84 31 923 1535
84 32 923 493
90 33 923 1682
92 34 923 1075
94 35 923 912
96 36 923 978
98 37 923 971
107 38 923 1797
107 39 923 229
107 40 923 446
108 41 923 687
108 42 923 33
111 43 923 1218
117 44 923 1680
118 46 923 184
118 45 923 519
122 47 923 1357
125 48 923 1331
125 49 923 122
128 50 923 1196
128 51 923 248
130 52 923 953
140 53 923 1844
146 54 923 1665
148 55 923 1116
150 56 923 1089
153 57 923 1236
158 58 923 1574
160 59 923 1108
161 60 923 811
162 61 923 838
165 62 923 1201
166 63 923 619
168 65 923 232
168 64 923 1113
176 66 923 1780
176 67 923 378
180 68 923 1453
184 69 923 1364
184 70 923 217
187 71 923 1284
199 73 923 71
199 72 923 1882
200 76 923 50
200 75 923 49
200 74 923 749
205 77 923 1525
205 78 923 446
205 79 923 276
208 80 923 1286
211 81 923 1323
211 82 923 81
213 83 923 974
223 84 923 1849
225 85 923 1098
226 86 923 582
227 87 923 574
227 88 923 17
239 89 923 1883
246 90 923 1747
252 91 923 1667
255 92 923 1321
256 93 923 688
259 94 923 1342
264 95 923 1533
268 96 923 1410
271 97 923 1338
271 98 923 105
275 99 923 1447
276 100 923 664
283 101 923 1730
292 102 923 1828
305 103 923 1892
315 104 923 1830
325 105 923 1836
325 106 923 291
327 107 923 882
329 108 923 1095
335 109 923 1616
337 110 923 1065
341 111 923 1489
342 112 923 790
345 113 923 1298
352 114 923 1747
356 115 923 1413
357 116 923 756
357 117 923 226
358 118 923 695
358 119 923 14
363 120 923 1575
366 122 923 361
366 121 923 1206
370 123 923 1495
375 124 923 1541
375 125 923 475
388 126 923 1887
391 127 923 1194
392 128 923 653
394 129 923 1141
395 130 923 563
396 131 923 637
400 132 923 1420
402 133 923 923
407 134 923 1537
411 135 923 1480
415 136 923 1419
415 137 923 114
417 138 923 1069
417 139 923 12
418 140 923 807
424 141 923 1625
428 143 923 325
428 142 923 1403
429 144 923 818
429 145 923 257
431 146 923 877
431 147 923 23
432 148 923 865
443 149 923 1854
444 150 923 776
447 151 923 1184
448 153 923 90
448 152 923 642
457 154 923 1796
461 155 923 1382
465 156 923 1369
465 157 923 333
465 158 923 350
469 159 923 1355
481 160 923 1873
483 162 923 228
483 161 923 1021
495 163 923 1879
497 164 923 1052
497 165 923 427
497 166 923 69
505 167 923 1791
511 168 923 1686
511 169 923 266
530 170 923 1918
531 171 923 642
533 172 923 1082
534 173 923 683
536 174 923 1131
548 175 923 1875
555 176 923 1727
555 177 923 35
556 178 923 676
559 179 923 1283
564 180 923 1522
575 182 923 328
575 181 923 1864
576 183 923 724
576 184 923 364
579 185 923 1304
599 186 923 1920
602 187 923 1329
604 188 923 1052
604 189 923 154
604 190 923 111
606 191 923 1085
612 192 923 1689
618 193 923 1639
618 194 923 63
625 195 923 1710
629 196 923 1396
633 197 923 1449
636 199 923 390
636 200 923 188
636 198 923 1198
638 201 923 1010
638 202 923 262
639 203 923 599
650 204 923 1860
650 205 923 134
650 206 923 101
662 207 923 1884
664 208 923 884
674 209 923 1846
679 210 923 1579
682 211 923 1333
687 212 923 1581
689 213 923 991
697 214 923 1757
697 215 923 9
698 216 923 693
702 217 923 1429
707 218 923 1514
713 220 923 432
713 219 923 1673
714 221 923 664
715 222 923 739
720 223 923 1532
720 224 923 155
721 225 923 832
723 226 923 878
727 227 923 1368
728 228 923 619
732 231 923 278
732 229 923 1345
732 230 923 478
733 232 923 762
733 233 923 286
735 234 923 1095
736 235 923 511
741 236 923 1602
747 237 923 1654
748 239 923 230
748 238 923 788
751 240 923 1202
751 241 923 36
751 242 923 445
753 243 923 1130
754 244 923 499
755 245 923 702
759 246 923 1429
760 247 923 697
769 249 923 54
769 248 923 1806
771 250 923 1017
784 251 923 1892
795 252 923 1859
799 253 923 1449
811 254 923 1883
815 255 923 1448
815 256 923 271
816 258 923 443
816 257 923 654
818 259 923 1027
821 260 923 1181
822 261 923 657
825 262 923 1264
829 263 923 1463
833 264 923 1368
836 265 923 1300
837 266 923 571
840 267 923 1295
849 268 923 1821
852 269 923 1245
852 270 923 331
854 271 923 964
855 272 923 640
858 273 923 1284
858 274 923 470
858 275 923 395
858 276 923 219
863 277 923 1534
865 278 923 1032
869 279 923 1378
872 280 923 1328
872 281 923 180
876 282 923 1486
877 284 923 328
877 283 923 564
878 285 923 510
878 286 923 344
881 287 923 1238
881 288 923 328
886 289 923 1571
886 290 923 240
888 291 923 947
891 292 923 1210
897 293 923 1686
899 294 923 974
900 295 923 544
901 296 923 696
903 297 923 907
909 298 923 1686
911 300 923 130
911 299 923 1123
911 301 923 134
912 302 923 800
913 303 923 561
919 305 923 52
919 304 923 1647
922 306 923 1252
