1 0 1600 638
2 1 1600 771
3 2 1600 529
7 3 1600 1483
8 4 1600 620
11 5 1600 1177
11 6 1600 365
22 7 1600 1856
23 10 1600 369
23 8 1600 839
23 9 1600 213
28 11 1600 1566
40 12 1600 1883
46 13 1600 1650
48 14 1600 1128
52 15 1600 1488
55 16 1600 1234
57 17 1600 898
58 18 1600 623
59 19 1600 786
66 20 1600 1697
68 21 1600 878
69 22 1600 831
70 23 1600 642
71 24 1600 534
72 25 1600 628
73 26 1600 827
75 27 1600 1067
79 28 1600 1436
80 29 1600 837
82 30 1600 989
84 31 1600 933
85 32 1600 574
85 33 1600 130
88 34 1600 1190
89 36 1600 25
89 35 1600 616
94 37 1600 1575
97 38 1600 1235
105 39 1600 1784
112 40 1600 1715
117 41 1600 1520
117 42 1600 343
118 45 1600 350
118 44 1600 380
118 43 1600 813
120 46 1600 1082
120 47 1600 343
121 48 1600 722
124 49 1600 1276
126 50 1600 929
129 51 1600 1201
129 52 1600 148
132 54 1600 134
132 53 1600 1158
138 55 1600 1684
149 56 1600 1864
158 57 1600 1812
160 58 1600 949
177 59 1600 1916
177 60 1600 350
180 62 1600 420
180 63 1600 2
180 61 1600 1222
183 64 1600 1148
187 65 1600 1361
189 66 1600 991
197 67 1600 1753
197 68 1600 459
198 69 1600 512
202 70 1600 1463
207 71 1600 1584
212 72 1600 1587
213 73 1600 764
215 75 1600 176
215 74 1600 996
216 76 1600 535
216 77 1600 18
216 78 1600 261
216 79 1600 183
220 80 1600 1471
220 81 1600 484
220 82 1600 344
220 83 1600 159
230 84 1600 1832
237 85 1600 1713
238 86 1600 785
241 87 1600 1341
260 88 1600 1920
264 89 1600 1431
265 90 1600 676
265 91 1600 138
266 92 1600 626
269 93 1600 1244
273 95 1600 492
273 94 1600 1434
275 96 1600 1100
275 97 1600 340
280 98 1600 1590
282 99 1600 944
285 100 1600 1283
288 101 1600 1253
297 102 1600 1808
297 103 1600 210
304 104 1600 1738
307 105 1600 1270
312 106 1600 1538
315 107 1600 1308
315 108 1600 162
327 109 1600 1882
330 110 1600 1149
340 111 1600 1846
345 112 1600 1550
346 114 1600 444
346 113 1600 765
354 115 1600 1790
356 116 1600 877
356 117 1600 260
356 118 1600 95
360 119 1600 1360
361 120 1600 575
366 121 1600 1575
374 122 1600 1758
376 123 1600 953
384 124 1600 1760
387 125 1600 1324
389 126 1600 958
389 127 1600 343
392 128 1600 1254
393 129 1600 503
395 131 1600 195
395 132 1600 352
395 130 1600 1001
398 133 1600 1241
399 134 1600 825
399 135 1600 217
400 136 1600 600
400 137 1600 134
400 138 1600 346
401 140 1600 175
401 139 1600 561
405 141 1600 1401
408 142 1600 1179
408 143 1600 37
408 144 1600 281
409 145 1600 755
410 146 1600 513
418 147 1600 1785
419 148 1600 799
424 149 1600 1568
429 150 1600 1539
430 154 1600 368
430 153 1600 229
430 152 1600 245
430 151 1600 840
436 155 1600 1632
440 156 1600 1420
441 157 1600 855
441 158 1600 374
441 159 1600 414
441 160 1600 312
444 162 1600 53
444 161 1600 1194
449 163 1600 1583
451 164 1600 881
453 165 1600 954
457 166 1600 1493
457 167 1600 309
468 168 1600 1865
468 169 1600 227
471 170 1600 1189
472 171 1600 743
482 172 1600 1839
486 173 1600 1458
489 174 1600 1185
491 175 1600 1099
491 176 1600 396
498 177 1600 1721
499 178 1600 671
501 179 1600 1004
502 180 1600 811
504 181 1600 1097
508 182 1600 1468
514 183 1600 1611
516 184 1600 889
516 185 1600 160
528 186 1600 1875
528 187 1600 123
530 188 1600 872
532 189 1600 1117
533 190 1600 722
539 191 1600 1670
545 192 1600 1684
556 193 1600 1856
556 194 1600 249
558 195 1600 905
562 196 1600 1347
567 197 1600 1520
569 198 1600 1080
572 199 1600 1252
575 200 1600 1187
575 201 1600 203
585 202 1600 1845
586 203 1600 572
586 204 1600 378
587 205 1600 796
589 206 1600 926
590 207 1600 711
592 208 1600 969
595 209 1600 1194
598 210 1600 1236
604 211 1600 1623
604 212 1600 183
607 213 1600 1295
612 214 1600 1527
614 215 1600 1139
620 216 1600 1650
620 217 1600 367
621 218 1600 694
622 219 1600 720
624 220 1600 1004
628 221 1600 1370
632 222 1600 1361
633 223 1600 747
637 224 1600 1429
641 225 1600 1444
643 226 1600 983
658 227 1600 1907
661 229 1600 279
661 228 1600 1208
667 230 1600 1677
668 231 1600 800
669 232 1600 640
672 233 1600 1343
679 234 1600 1742
680 235 1600 607
683 236 1600 1177
685 237 1600 896
688 239 1600 92
688 238 1600 1232
691 240 1600 1159
694 241 1600 1163
696 242 1600 1079
701 243 1600 1603
710 244 1600 1806
712 245 1600 1023
716 248 1600 328
716 247 1600 389
716 246 1600 1486
718 249 1600 1034
721 250 1600 1179
723 251 1600 979
724 252 1600 826
724 253 1600 360
724 254 1600 248
731 255 1600 1742
732 256 1600 767
734 257 1600 1097
736 258 1600 1068
737 259 1600 858
744 260 1600 1737
746 261 1600 943
750 262 1600 1427
751 263 1600 689
755 264 1600 1441
755 265 1600 435
757 266 1600 983
758 267 1600 764
762 268 1600 1477
764 269 1600 920
777 270 1600 1887
778 271 1600 754
780 272 1600 1059
781 273 1600 601
785 274 1600 1485
793 276 1600 290
793 275 1600 1765
799 277 1600 1682
800 278 1600 866
800 279 1600 405
812 280 1600 1882
813 281 1600 593
818 282 1600 1578
818 283 1600 174
820 284 1600 1024
821 285 1600 697
835 286 1600 1899
835 287 1600 280
837 288 1600 1095
837 289 1600 0
845 290 1600 1764
845 291 1600 79
853 295 1600 215
853 294 1600 279
853 292 1600 1752
853 293 1600 373
859 296 1600 1660
859 297 1600 389
859 298 1600 161
863 299 1600 1370
863 300 1600 40
864 301 1600 721
865 302 1600 836
868 303 1600 1333
870 305 1600 425
870 304 1600 1072
880 306 1600 1844
