5 0 210 1513
5 1 210 469
5 2 210 29
15 3 210 1836
17 4 210 968
19 5 210 1091
20 6 210 657
24 7 210 1445
24 8 210 52
26 10 210 80
26 9 210 1060
27 11 210 772
35 12 210 1772
43 13 210 1755
44 14 210 847
44 15 210 193
54 16 210 1844
57 17 210 1218
62 19 210 335
62 18 210 1586
67 20 210 1530
69 21 210 1107
81 22 210 1884
81 23 210 80
81 24 210 172
81 25 210 188
81 26 210 63
81 27 210 491
96 28 210 1906
97 29 210 822
97 30 210 193
98 31 210 759
99 32 210 606
102 33 210 1212
108 34 210 1611
115 35 210 1715
116 36 210 697
118 37 210 1003
125 38 210 1722
127 39 210 1019
127 40 210 118
129 41 210 933
131 42 210 1057
132 43 210 626
132 44 210 389
132 45 210 465
135 46 210 1315
138 47 210 1316
138 48 210 10
146 49 210 1750
146 50 210 290
153 51 210 1727
153 52 210 5
155 53 210 1040
158 54 210 1146
158 55 210 405
159 56 210 509
171 57 210 1874
177 58 210 1663
178 59 210 779
180 60 210 1028
180 61 210 166
184 62 210 1463
187 63 210 1155
188 64 210 866
191 66 210 165
191 65 210 1246
192 67 210 560
192 68 210 143
194 69 210 1056
198 70 210 1421
199 71 210 841
203 72 210 1421
204 73 210 567
204 74 210 217
205 76 210 50
205 75 210 596
208 77 210 1257
214 78 210 1615
220 79 210 1632
221 80 210 797
222 81 210 671
222 82 210 480
222 83 210 155
223 85 210 391
223 84 210 531
224 86 210 753
228 87 210 1491
228 88 210 65
231 89 210 1206
234 90 210 1205
235 91 210 748
238 92 210 1264
240 93 210 942
258 94 210 1916
270 95 210 1877
274 96 210 1394
283 97 210 1827
289 98 210 1684
291 99 210 1068
291 100 210 300
292 101 210 755
295 102 210 1173
297 103 210 878
297 104 210 329
301 106 210 306
301 105 210 1374
305 107 210 1363
306 108 210 823
307 109 210 549
307 110 210 355
310 111 210 1177
310 113 210 31
310 112 210 259
325 115 210 356
325 114 210 1907
331 116 210 1610
334 117 210 1308
335 118 210 623
335 119 210 475
335 120 210 492
336 121 210 599
336 122 210 494
337 123 210 862
345 124 210 1776
346 125 210 672
351 126 210 1502
351 127 210 478
352 128 210 575
352 129 210 265
354 130 210 1127
354 131 210 147
359 132 210 1497
360 133 210 546
363 134 210 1331
363 135 210 42
367 136 210 1423
372 137 210 1526
380 138 210 1751
382 139 210 1082
382 140 210 84
385 141 210 1315
386 142 210 668
390 143 210 1440
391 144 210 850
391 145 210 28
391 146 210 489
394 147 210 1232
396 148 210 960
401 150 210 266
401 151 210 86
401 149 210 1559
404 152 210 1203
407 153 210 1209
408 154 210 576
414 155 210 1625
414 156 210 260
414 157 210 310
416 158 210 1027
421 159 210 1581
430 160 210 1796
438 161 210 1752
439 162 210 787
440 163 210 557
444 164 210 1347
444 165 210 207
449 166 210 1604
455 167 210 1637
456 168 210 624
467 169 210 1864
468 170 210 858
468 171 210 83
472 172 210 1481
476 173 210 1465
476 174 210 390
478 175 210 1102
489 176 210 1856
491 177 210 979
491 178 210 11
498 180 210 183
498 181 210 269
498 179 210 1747
502 182 210 1443
504 183 210 940
528 184 210 1923
530 185 210 1040
532 186 210 869
532 187 210 288
545 188 210 1895
551 189 210 1631
558 190 210 1707
560 191 210 1112
561 192 210 499
561 193 210 169
564 194 210 1210
564 195 210 257
565 196 210 527
565 197 210 110
565 198 210 92
566 200 210 349
566 199 210 642
567 201 210 776
568 202 210 607
570 203 210 1021
571 204 210 701
571 205 210 182
572 206 210 530
578 207 210 1662
579 208 210 818
583 209 210 1398
590 210 210 1694
593 211 210 1206
593 212 210 299
596 213 210 1204
600 214 210 1397
605 215 210 1527
605 216 210 309
613 217 210 1771
614 218 210 559
614 219 210 307
617 220 210 1263
620 221 210 1315
626 222 210 1666
628 223 210 918
628 224 210 156
634 225 210 1670
639 226 210 1509
642 227 210 1312
642 228 210 255
642 229 210 133
643 230 210 574
650 231 210 1746
652 232 210 886
655 233 210 1294
659 234 210 1398
662 235 210 1332
667 236 210 1586
667 237 210 422
667 238 210 239
674 239 210 1740
675 240 210 510
677 241 210 1131
681 242 210 1394
681 243 210 496
692 244 210 1861
693 245 210 501
694 246 210 813
697 247 210 1219
698 248 210 696
704 249 210 1608
716 250 210 1873
717 251 210 681
721 252 210 1476
728 253 210 1710
731 254 210 1304
733 255 210 958
735 256 210 1034
741 257 210 1613
742 258 210 864
744 259 210 955
745 260 210 598
748 261 210 1142
752 262 210 1407
753 263 210 684
754 264 210 823
766 265 210 1873
766 266 210 319
768 267 210 930
775 269 210 65
775 268 210 1731
786 270 210 1865
795 271 210 1811
800 272 210 1532
801 273 210 743
808 274 210 1722
808 275 210 132
818 276 210 1845
821 277 210 1169
823 278 210 981
828 279 210 1580
829 280 210 857
829 281 210 290
830 282 210 615
831 283 210 572
831 284 210 185
840 285 210 1818
840 286 210 270
842 287 210 1100
859 290 210 297
859 288 210 1914
859 289 210 439
873 291 210 1897
877 292 210 1483
880 293 210 1208
882 294 210 1142
885 295 210 1292
891 296 210 1648
892 297 210 710
897 298 210 1598
914 299 210 1913
914 300 210 181
923 301 210 1808
927 302 210 1412
928 303 210 631
934 305 210 61
934 304 210 1667
936 306 210 1073
