0 0 482 153
2 1 482 1079
5 2 482 1235
6 3 482 803
8 4 482 1018
12 5 482 1486
16 6 482 1404
16 7 482 73
17 8 482 559
22 9 482 1531
26 10 482 1372
30 11 482 1422
31 12 482 589
38 13 482 1737
38 14 482 212
42 15 482 1381
52 16 482 1846
54 17 482 870
56 18 482 1050
77 19 482 1922
81 20 482 1483
88 21 482 1689
89 22 482 564
92 23 482 1343
92 24 482 142
94 25 482 991
94 26 482 468
97 28 482 101
97 27 482 1269
105 29 482 1758
110 30 482 1536
116 31 482 1672
127 32 482 1864
127 33 482 441
128 34 482 608
134 35 482 1680
134 36 482 464
136 37 482 1138
138 38 482 1141
149 39 482 1864
151 40 482 1129
151 41 482 493
154 42 482 1149
155 43 482 755
158 44 482 1154
161 45 482 1156
164 46 482 1266
165 47 482 588
168 48 482 1267
168 49 482 271
169 50 482 803
169 51 482 174
169 52 482 178
172 53 482 1337
172 54 482 75
172 55 482 388
173 56 482 515
182 57 482 1817
183 58 482 660
183 59 482 27
185 60 482 1018
185 61 482 135
199 62 482 1897
200 63 482 725
220 64 482 1920
226 65 482 1624
230 66 482 1483
230 67 482 147
232 68 482 1129
232 69 482 457
234 70 482 916
235 71 482 708
241 72 482 1654
243 73 482 1111
244 74 482 792
246 75 482 990
247 76 482 540
254 77 482 1733
254 78 482 188
256 79 482 910
262 80 482 1649
271 81 482 1805
271 82 482 1
279 83 482 1754
281 84 482 955
285 85 482 1362
289 86 482 1494
290 87 482 527
290 88 482 366
290 89 482 219
293 90 482 1164
294 91 482 571
294 92 482 477
296 93 482 1113
297 94 482 846
299 95 482 994
300 96 482 520
300 97 482 423
301 98 482 760
305 99 482 1455
310 100 482 1598
312 101 482 1119
316 102 482 1383
317 103 482 810
320 106 482 445
320 104 482 1279
320 105 482 95
322 107 482 992
323 108 482 544
325 109 482 1010
333 110 482 1773
334 111 482 706
340 112 482 1629
346 114 482 303
346 113 482 1675
348 115 482 1137
348 116 482 134
348 117 482 143
355 118 482 1695
356 119 482 558
356 120 482 129
358 121 482 956
365 122 482 1706
367 123 482 910
370 124 482 1217
370 125 482 345
370 126 482 230
371 127 482 540
371 128 482 264
378 129 482 1723
378 130 482 469
378 131 482 116
380 132 482 973
381 133 482 657
384 134 482 1236
385 135 482 530
385 136 482 422
387 137 482 1115
387 138 482 474
388 139 482 860
390 140 482 916
391 141 482 502
406 142 482 1907
409 143 482 1281
409 144 482 371
409 145 482 458
410 146 482 867
411 147 482 727
412 148 482 810
418 149 482 1633
419 150 482 859
419 151 482 377
420 153 482 202
420 152 482 653
423 154 482 1325
424 155 482 642
427 156 482 1337
427 157 482 473
432 158 482 1518
434 159 482 934
442 160 482 1789
452 161 482 1830
453 162 482 727
454 163 482 745
455 164 482 540
461 165 482 1656
467 166 482 1657
469 167 482 971
469 168 482 438
476 169 482 1698
477 170 482 715
479 171 482 943
484 172 482 1593
485 173 482 834
490 174 482 1566
495 175 482 1552
497 176 482 973
497 177 482 425
498 178 482 538
499 179 482 759
503 180 482 1402
507 181 482 1427
513 182 482 1654
514 183 482 556
515 184 482 863
515 185 482 92
519 186 482 1388
520 187 482 771
523 188 482 1257
524 189 482 594
526 190 482 1117
538 191 482 1873
543 192 482 1522
547 193 482 1464
549 194 482 995
551 195 482 1011
558 196 482 1700
561 197 482 1162
562 198 482 740
563 199 482 639
564 200 482 725
573 201 482 1821
573 202 482 288
575 203 482 1037
577 204 482 917
587 205 482 1841
588 206 482 708
595 207 482 1743
596 208 482 560
603 209 482 1698
608 210 482 1594
610 211 482 912
621 212 482 1859
622 213 482 759
626 214 482 1457
626 215 482 361
626 216 482 175
626 217 482 170
635 220 482 267
635 219 482 447
635 218 482 1806
637 221 482 886
643 222 482 1639
651 223 482 1769
652 224 482 580
653 225 482 766
657 226 482 1345
657 227 482 129
665 228 482 1763
666 229 482 554
674 230 482 1777
681 231 482 1736
687 232 482 1609
696 233 482 1823
696 234 482 33
701 235 482 1506
703 236 482 1139
704 237 482 617
709 238 482 1563
711 239 482 947
714 240 482 1308
719 241 482 1569
719 242 482 210
723 243 482 1483
725 244 482 924
725 245 482 204
725 246 482 14
726 248 482 7
726 247 482 763
727 249 482 634
728 250 482 836
733 251 482 1529
736 252 482 1280
736 253 482 293
736 254 482 371
744 260 482 496
744 259 482 151
744 258 482 456
744 257 482 444
744 256 482 181
744 255 482 1763
745 261 482 579
760 262 482 1904
760 263 482 5
770 264 482 1845
778 265 482 1783
781 267 482 35
781 266 482 1228
782 268 482 725
794 269 482 1875
797 270 482 1147
801 271 482 1482
802 272 482 532
803 273 482 859
805 274 482 1064
806 275 482 623
807 277 482 155
807 276 482 675
808 278 482 844
808 279 482 376
809 280 482 752
810 281 482 581
810 282 482 122
812 283 482 1129
818 286 482 455
818 285 482 247
818 284 482 1643
821 287 482 1315
825 288 482 1451
825 289 482 194
828 290 482 1324
829 291 482 694
829 292 482 160
833 293 482 1412
833 294 482 451
834 295 482 729
839 296 482 1589
839 297 482 205
844 298 482 1563
846 299 482 1066
848 300 482 900
863 302 482 38
863 303 482 56
863 301 482 1903
867 304 482 1411
870 305 482 1278
872 306 482 997
