3 0 1610 1329
3 1 1610 183
5 2 1610 883
5 3 1610 357
7 4 1610 1050
10 5 1610 1143
11 6 1610 690
26 7 1610 1908
27 9 1610 20
27 8 1610 800
39 10 1610 1885
40 11 1610 587
52 12 1610 1882
52 13 1610 349
57 14 1610 1512
61 15 1610 1474
62 16 1610 706
63 17 1610 744
67 18 1610 1457
70 19 1610 1162
70 20 1610 15
71 21 1610 735
71 22 1610 262
79 23 1610 1777
85 24 1610 1627
88 25 1610 1188
88 26 1610 358
90 28 1610 319
90 27 1610 901
91 29 1610 617
92 30 1610 810
96 31 1610 1346
100 32 1610 1410
102 33 1610 902
102 34 1610 395
102 35 1610 25
103 36 1610 514
107 37 1610 1390
108 38 1610 735
108 39 1610 22
108 40 1610 335
108 41 1610 452
109 42 1610 640
109 43 1610 449
112 44 1610 1219
113 46 1610 11
113 45 1610 523
114 47 1610 825
123 48 1610 1806
128 49 1610 1497
129 50 1610 657
135 51 1610 1607
139 52 1610 1357
145 53 1610 1658
146 54 1610 526
147 55 1610 594
157 56 1610 1846
159 57 1610 1031
160 58 1610 655
168 59 1610 1786
169 60 1610 785
176 61 1610 1714
181 62 1610 1589
181 63 1610 183
183 64 1610 1135
184 65 1610 539
186 66 1610 1102
188 67 1610 980
200 68 1610 1878
204 69 1610 1486
206 70 1610 960
209 71 1610 1240
209 72 1610 9
213 73 1610 1434
214 74 1610 827
218 76 1610 94
218 75 1610 1487
225 77 1610 1737
226 78 1610 557
228 79 1610 1103
231 80 1610 1177
235 81 1610 1457
237 82 1610 1019
238 83 1610 746
250 84 1610 1884
252 85 1610 1127
269 86 1610 1913
275 87 1610 1677
275 88 1610 375
282 89 1610 1726
282 90 1610 104
286 91 1610 1407
287 92 1610 735
289 93 1610 873
292 94 1610 1162
293 95 1610 546
294 96 1610 788
294 97 1610 457
297 98 1610 1238
298 99 1610 680
302 100 1610 1346
304 101 1610 956
306 102 1610 872
306 103 1610 319
307 104 1610 537
310 105 1610 1341
315 106 1610 1598
325 107 1610 1847
326 108 1610 831
328 109 1610 964
329 110 1610 499
329 111 1610 108
329 112 1610 473
333 113 1610 1476
334 114 1610 609
337 115 1610 1252
338 116 1610 694
339 117 1610 843
339 118 1610 224
339 119 1610 8
340 120 1610 550
344 121 1610 1350
345 123 1610 152
345 122 1610 604
349 124 1610 1381
353 125 1610 1477
354 126 1610 505
356 127 1610 1061
356 128 1610 272
356 129 1610 280
357 130 1610 699
362 131 1610 1562
363 132 1610 499
372 133 1610 1802
378 134 1610 1682
378 135 1610 221
379 136 1610 585
380 137 1610 700
380 138 1610 208
381 139 1610 542
385 141 1610 66
385 140 1610 1454
386 142 1610 845
389 143 1610 1335
392 144 1610 1227
412 145 1610 1921
414 146 1610 934
417 147 1610 1184
417 148 1610 264
427 149 1610 1834
435 150 1610 1777
446 152 1610 233
446 151 1610 1869
449 154 1610 129
449 153 1610 1230
469 155 1610 1921
469 156 1610 351
470 157 1610 719
471 158 1610 863
473 159 1610 985
474 160 1610 836
475 161 1610 537
480 162 1610 1575
481 164 1610 265
481 163 1610 550
482 165 1610 861
487 166 1610 1534
488 167 1610 596
495 168 1610 1718
495 169 1610 387
496 170 1610 667
515 171 1610 1919
516 172 1610 634
521 175 1610 484
521 173 1610 1606
521 174 1610 479
522 176 1610 504
525 177 1610 1193
526 178 1610 850
530 179 1610 1385
531 180 1610 543
534 181 1610 1245
535 183 1610 362
535 182 1610 797
535 184 1610 428
536 185 1610 754
539 186 1610 1329
542 187 1610 1193
548 188 1610 1672
554 189 1610 1686
562 190 1610 1795
570 191 1610 1790
578 192 1610 1761
581 193 1610 1148
587 194 1610 1630
589 195 1610 916
589 196 1610 416
589 197 1610 295
591 200 1610 387
591 201 1610 337
591 198 1610 1070
591 199 1610 365
595 202 1610 1390
604 203 1610 1801
607 204 1610 1167
615 205 1610 1782
618 206 1610 1235
619 207 1610 551
620 208 1610 751
625 209 1610 1570
629 210 1610 1416
631 211 1610 1082
639 212 1610 1794
643 213 1610 1402
643 214 1610 442
648 215 1610 1515
654 216 1610 1665
657 217 1610 1212
657 218 1610 121
661 219 1610 1435
665 221 1610 340
665 220 1610 1457
666 222 1610 849
666 223 1610 32
667 224 1610 517
668 225 1610 801
668 226 1610 157
672 227 1610 1410
686 228 1610 1901
690 233 1610 484
690 232 1610 123
690 230 1610 68
690 231 1610 209
690 229 1610 1487
692 234 1610 998
692 235 1610 205
700 236 1610 1780
702 237 1610 920
704 238 1610 1120
705 239 1610 570
709 240 1610 1443
710 241 1610 778
710 242 1610 442
710 243 1610 101
710 244 1610 269
711 245 1610 712
731 246 1610 1920
731 247 1610 359
732 249 1610 114
732 248 1610 706
735 250 1610 1176
737 251 1610 1128
737 252 1610 173
742 253 1610 1559
743 254 1610 833
743 255 1610 46
747 256 1610 1413
751 257 1610 1357
754 259 1610 366
754 258 1610 1283
760 260 1610 1625
767 261 1610 1750
768 262 1610 575
771 263 1610 1189
776 264 1610 1502
779 265 1610 1207
781 266 1610 959
784 269 1610 236
784 267 1610 1310
784 268 1610 404
790 270 1610 1660
791 271 1610 744
791 272 1610 92
795 273 1610 1475
813 274 1610 1916
814 275 1610 678
823 276 1610 1822
824 277 1610 747
830 278 1610 1687
837 279 1610 1729
838 280 1610 805
845 281 1610 1723
846 282 1610 703
854 283 1610 1786
854 284 1610 310
855 287 1610 488
855 285 1610 864
855 286 1610 35
860 288 1610 1576
862 289 1610 951
863 290 1610 717
863 291 1610 422
868 292 1610 1562
869 293 1610 754
871 294 1610 870
877 295 1610 1618
877 296 1610 203
880 297 1610 1178
881 298 1610 524
883 299 1610 987
889 300 1610 1678
890 301 1610 610
902 304 1610 379
902 305 1610 432
902 302 1610 1879
902 303 1610 470
904 306 1610 1036
