0 0 1404 376
4 1 1404 1492
5 2 1404 640
6 3 1404 567
6 4 1404 482
9 5 1404 1174
12 6 1404 1285
12 7 1404 391
14 8 1404 994
15 9 1404 837
15 10 1404 365
23 11 1404 1792
23 12 1404 482
27 13 1404 1351
27 14 1404 382
29 15 1404 943
32 17 1404 437
32 18 1404 169
32 16 1404 1230
33 19 1404 754
38 20 1404 1587
40 21 1404 1086
40 22 1404 80
41 23 1404 826
53 24 1404 1884
56 25 1404 1170
61 26 1404 1571
63 27 1404 946
70 28 1404 1728
71 29 1404 793
74 30 1404 1242
75 31 1404 817
77 32 1404 1036
81 33 1404 1416
86 34 1404 1520
90 35 1404 1407
93 36 1404 1154
98 38 1404 454
98 37 1404 1503
99 39 1404 538
106 40 1404 1718
106 41 1404 411
108 42 1404 1093
109 43 1404 524
116 44 1404 1707
116 45 1404 255
121 48 1404 418
121 47 1404 187
121 46 1404 1505
129 49 1404 1776
140 50 1404 1866
147 51 1404 1746
149 52 1404 1121
151 53 1404 995
153 54 1404 1089
156 55 1404 1215
160 56 1404 1412
167 57 1404 1738
168 58 1404 607
171 59 1404 1236
176 60 1404 1528
176 61 1404 339
177 62 1404 587
177 63 1404 200
182 64 1404 1520
186 65 1404 1472
187 66 1404 755
189 67 1404 991
197 68 1404 1755
199 69 1404 899
206 70 1404 1714
212 71 1404 1651
227 72 1404 1907
232 73 1404 1555
234 74 1404 961
237 75 1404 1175
255 76 1404 1917
259 77 1404 1480
261 78 1404 1043
267 79 1404 1629
272 80 1404 1589
276 81 1404 1383
277 82 1404 527
289 83 1404 1877
290 84 1404 851
294 85 1404 1421
300 86 1404 1621
300 87 1404 41
300 88 1404 326
300 89 1404 305
320 90 1404 1920
323 91 1404 1340
325 92 1404 895
328 93 1404 1142
330 94 1404 935
334 95 1404 1378
341 96 1404 1748
343 97 1404 893
345 98 1404 929
345 99 1404 235
349 100 1404 1425
350 101 1404 514
350 102 1404 356
354 105 1404 215
354 104 1404 62
354 103 1404 1444
362 106 1404 1763
366 107 1404 1490
366 108 1404 34
376 109 1404 1839
379 110 1404 1222
390 111 1404 1856
391 112 1404 694
393 113 1404 903
398 115 1404 144
398 114 1404 1572
405 116 1404 1737
406 117 1404 634
409 118 1404 1273
409 119 1404 98
417 120 1404 1775
418 121 1404 714
419 122 1404 665
423 123 1404 1450
425 125 1404 373
425 124 1404 904
426 126 1404 755
427 127 1404 765
428 128 1404 619
433 129 1404 1508
437 130 1404 1352
439 131 1404 1024
440 132 1404 550
441 134 1404 203
441 133 1404 807
443 135 1404 1075
445 136 1404 1027
447 137 1404 1008
456 138 1404 1815
457 139 1404 636
462 142 1404 6
462 143 1404 411
462 140 1404 1582
462 141 1404 130
464 144 1404 1008
464 145 1404 64
465 146 1404 645
483 147 1404 1917
487 148 1404 1494
488 149 1404 791
493 150 1404 1566
495 151 1404 1113
500 152 1404 1544
501 154 1404 385
501 153 1404 831
502 155 1404 710
510 156 1404 1773
511 157 1404 831
512 158 1404 539
518 159 1404 1613
522 160 1404 1384
524 161 1404 998
526 165 1404 197
526 164 1404 487
526 162 1404 870
526 163 1404 451
529 166 1404 1305
538 167 1404 1812
539 168 1404 699
539 169 1404 497
541 170 1404 1042
542 171 1404 728
543 172 1404 744
544 174 1404 441
544 173 1404 636
550 175 1404 1644
551 176 1404 707
551 177 1404 253
551 178 1404 441
552 179 1404 839
558 180 1404 1652
559 181 1404 763
562 182 1404 1195
570 183 1404 1753
581 184 1404 1866
581 185 1404 238
585 186 1404 1405
591 187 1404 1644
591 188 1404 422
595 189 1404 1417
598 193 1404 202
598 192 1404 468
598 191 1404 195
598 190 1404 1226
601 194 1404 1177
602 195 1404 584
605 196 1404 1185
609 197 1404 1480
619 198 1404 1849
620 199 1404 811
621 200 1404 683
622 201 1404 758
625 202 1404 1217
627 203 1404 997
633 204 1404 1674
634 205 1404 837
634 206 1404 369
636 207 1404 907
636 208 1404 389
637 210 1404 3
637 209 1404 665
642 211 1404 1520
642 212 1404 389
648 213 1404 1624
660 214 1404 1885
661 215 1404 620
668 216 1404 1727
670 217 1404 1042
671 219 1404 248
671 218 1404 509
672 220 1404 716
677 221 1404 1585
681 222 1404 1389
684 223 1404 1206
687 224 1404 1195
688 225 1404 846
688 226 1404 260
689 227 1404 542
693 228 1404 1384
701 230 1404 459
701 229 1404 1782
704 231 1404 1151
704 232 1404 328
709 233 1404 1555
709 234 1404 155
711 235 1404 894
715 237 1404 198
715 238 1404 78
715 236 1404 1471
717 239 1404 1029
725 240 1404 1793
725 241 1404 497
728 242 1404 1255
734 243 1404 1682
738 244 1404 1414
744 245 1404 1631
751 246 1404 1730
752 248 1404 241
752 247 1404 768
753 249 1404 557
754 250 1404 781
754 251 1404 142
756 252 1404 971
761 253 1404 1600
761 254 1404 94
763 255 1404 1023
766 257 1404 10
766 256 1404 1294
773 258 1404 1726
774 259 1404 828
775 260 1404 576
783 261 1404 1751
787 262 1404 1447
788 263 1404 532
788 264 1404 206
789 265 1404 777
792 266 1404 1191
793 267 1404 759
797 268 1404 1469
799 269 1404 991
801 270 1404 1073
806 271 1404 1529
808 272 1404 963
812 273 1404 1404
812 274 1404 379
812 275 1404 219
812 276 1404 330
818 277 1404 1632
825 278 1404 1717
829 279 1404 1489
831 280 1404 1040
835 281 1404 1416
835 282 1404 300
836 283 1404 827
838 285 1404 316
838 286 1404 180
838 284 1404 1000
839 287 1404 652
843 288 1404 1460
845 289 1404 1057
850 290 1404 1525
854 291 1404 1461
854 292 1404 396
857 295 1404 42
857 294 1404 452
857 293 1404 1175
859 296 1404 974
860 297 1404 722
864 298 1404 1475
865 299 1404 637
865 300 1404 439
867 301 1404 971
870 302 1404 1224
873 303 1404 1175
877 304 1404 1408
880 305 1404 1176
882 306 1404 1104
