1 0 418 743
4 1 418 1331
12 2 418 1792
14 3 418 969
14 4 418 195
15 5 418 680
24 7 418 429
24 8 418 299
24 6 418 1815
30 9 418 1615
39 10 418 1817
43 11 418 1435
47 12 418 1449
50 13 418 1183
50 14 418 415
58 15 418 1794
59 16 418 677
61 17 418 986
63 18 418 931
65 19 418 1138
73 20 418 1778
100 21 418 1924
103 22 418 1326
104 23 418 712
108 24 418 1437
108 25 418 461
110 26 418 899
115 27 418 1525
116 28 418 771
117 29 418 599
121 30 418 1466
124 31 418 1177
128 32 418 1484
130 33 418 1042
130 34 418 37
134 35 418 1479
135 37 418 291
135 36 418 654
137 38 418 1095
142 39 418 1519
142 40 418 53
143 41 418 583
146 42 418 1165
146 43 418 444
146 44 418 13
154 46 418 70
154 45 418 1773
155 47 418 723
156 48 418 750
157 49 418 819
160 50 418 1331
165 51 418 1558
165 52 418 363
168 53 418 1150
171 54 418 1148
172 56 418 4
172 55 418 743
174 57 418 1079
178 58 418 1456
184 59 418 1658
191 60 418 1705
191 61 418 289
196 62 418 1583
202 63 418 1625
202 64 418 148
203 65 418 639
215 66 418 1875
215 67 418 407
218 68 418 1146
219 69 418 860
221 70 418 1140
221 71 418 386
230 72 418 1816
233 73 418 1336
235 74 418 1085
238 75 418 1195
239 76 418 758
241 77 418 882
242 78 418 699
247 79 418 1589
247 80 418 390
247 81 418 176
248 82 418 775
260 83 418 1877
263 84 418 1192
273 85 418 1833
274 86 418 814
274 87 418 334
283 88 418 1819
286 89 418 1218
290 90 418 1475
295 91 418 1499
296 92 418 759
300 93 418 1361
307 94 418 1738
313 95 418 1688
315 96 418 925
319 97 418 1465
319 98 418 295
322 99 418 1298
331 100 418 1823
336 101 418 1588
341 102 418 1502
350 103 418 1815
355 104 418 1604
357 105 418 944
363 106 418 1667
365 107 418 952
365 108 418 65
377 109 418 1877
393 110 418 1909
395 111 418 1046
395 112 418 380
403 113 418 1792
406 114 418 1268
411 115 418 1529
415 116 418 1439
421 117 418 1631
421 118 418 432
421 119 418 240
429 120 418 1750
434 121 418 1540
435 122 418 513
445 123 418 1852
448 124 418 1310
453 125 418 1565
458 126 418 1552
458 127 418 455
463 128 418 1522
466 129 418 1321
466 130 418 270
469 131 418 1218
470 132 418 586
473 133 418 1325
480 134 418 1690
481 135 418 727
482 136 418 598
484 137 418 885
484 138 418 273
484 139 418 248
484 140 418 165
492 142 418 268
492 141 418 1786
503 143 418 1866
506 144 418 1234
506 145 418 428
508 146 418 1118
510 150 418 249
510 147 418 892
510 148 418 93
510 149 418 209
513 151 418 1219
515 153 418 54
515 152 418 1033
519 154 418 1472
519 155 418 282
521 156 418 1075
526 157 418 1575
527 158 418 504
527 159 418 38
530 160 418 1317
533 161 418 1212
537 162 418 1354
538 163 418 669
544 164 418 1607
545 165 418 691
545 166 418 460
547 167 418 979
547 168 418 101
548 169 418 540
550 170 418 931
551 171 418 554
555 172 418 1358
555 173 418 183
555 174 418 74
568 175 418 1888
571 176 418 1272
572 177 418 571
573 178 418 618
575 180 418 447
575 179 418 882
576 181 418 659
576 182 418 362
579 183 418 1313
581 184 418 1072
583 185 418 976
583 186 418 184
584 187 418 531
592 188 418 1777
596 189 418 1408
601 190 418 1576
603 191 418 948
603 192 418 380
603 193 418 234
604 194 418 855
606 195 418 878
606 196 418 432
611 197 418 1524
611 198 418 258
612 199 418 542
625 200 418 1892
625 201 418 138
626 202 418 791
630 203 418 1477
633 204 418 1202
639 205 418 1620
647 206 418 1785
648 207 418 849
663 208 418 1905
668 209 418 1509
670 210 418 935
671 211 418 503
673 212 418 956
678 213 418 1547
683 214 418 1515
684 215 418 657
685 216 418 850
685 217 418 41
690 218 418 1521
691 219 418 631
692 220 418 506
702 221 418 1853
704 222 418 1127
705 223 418 617
707 224 418 888
722 225 418 1907
722 226 418 173
724 227 418 1123
727 228 418 1253
729 229 418 1121
733 230 418 1456
739 231 418 1672
739 232 418 313
739 233 418 75
741 234 418 914
741 235 418 309
749 236 418 1793
750 237 418 809
750 238 418 110
754 239 418 1377
756 240 418 1115
759 241 418 1260
760 242 418 551
760 243 418 268
760 244 418 473
762 245 418 1073
780 246 418 1916
781 247 418 758
782 252 418 3
782 251 418 391
782 248 418 643
782 249 418 197
782 250 418 28
787 253 418 1551
787 254 418 35
787 255 418 39
789 256 418 936
789 257 418 173
790 258 418 588
793 259 418 1220
797 260 418 1446
798 261 418 662
803 262 418 1521
804 263 418 783
804 264 418 52
807 265 418 1187
807 266 418 190
809 267 418 880
810 268 418 632
813 269 418 1206
814 270 418 789
814 271 418 40
825 272 418 1855
825 273 418 144
829 274 418 1441
832 275 418 1171
835 276 418 1301
836 277 418 858
836 278 418 144
843 279 418 1740
860 280 418 1916
863 281 418 1339
863 282 418 479
865 283 418 1055
867 284 418 1092
869 285 418 1065
875 286 418 1669
876 287 418 686
876 288 418 40
878 289 418 874
881 290 418 1297
887 291 418 1619
887 292 418 221
888 293 418 815
899 295 418 452
899 294 418 1855
905 296 418 1663
912 297 418 1692
912 298 418 215
915 299 418 1210
917 300 418 882
919 301 418 1035
919 302 418 126
923 303 418 1362
926 304 418 1333
942 305 418 1913
942 306 418 460
