1 0 1739 587
5 1 1739 1489
14 2 1739 1827
16 3 1739 1009
16 4 1739 443
22 5 1739 1657
24 6 1739 1037
24 7 1739 325
24 8 1739 448
26 10 1739 137
26 9 1739 988
28 11 1739 918
34 12 1739 1648
35 13 1739 798
39 14 1739 1378
41 15 1739 1111
47 16 1739 1651
61 17 1739 1896
68 18 1739 1716
74 19 1739 1678
76 20 1739 1014
81 21 1739 1572
82 22 1739 517
83 23 1739 579
90 24 1739 1731
94 25 1739 1369
95 26 1739 776
95 27 1739 184
95 28 1739 334
98 29 1739 1178
111 30 1739 1889
120 31 1739 1825
120 32 1739 0
123 33 1739 1239
123 34 1739 324
125 35 1739 946
127 36 1739 1103
133 42 1739 493
133 41 1739 458
133 40 1739 115
133 37 1739 1616
133 38 1739 166
133 39 1739 314
140 43 1739 1694
140 44 1739 344
140 45 1739 498
144 46 1739 1452
145 47 1739 539
145 48 1739 420
147 49 1739 1074
149 50 1739 898
151 51 1739 1101
151 52 1739 122
151 53 1739 200
157 54 1739 1623
159 55 1739 940
161 56 1739 971
164 57 1739 1247
167 58 1739 1202
169 59 1739 999
171 60 1739 880
172 61 1739 853
189 62 1739 1915
192 63 1739 1195
194 64 1739 1023
194 65 1739 236
196 71 1739 34
196 70 1739 8
196 69 1739 431
196 66 1739 918
196 67 1739 409
196 68 1739 473
203 72 1739 1729
207 73 1739 1401
212 74 1739 1562
213 75 1739 555
215 76 1739 1078
216 77 1739 747
216 78 1739 235
219 79 1739 1233
229 80 1739 1841
229 81 1739 236
235 82 1739 1688
238 84 1739 280
238 83 1739 1185
239 85 1739 788
246 86 1739 1702
253 87 1739 1724
258 88 1739 1541
261 89 1739 1309
275 90 1739 1899
283 92 1739 413
283 91 1739 1781
285 93 1739 1092
289 94 1739 1359
292 95 1739 1187
292 96 1739 468
295 97 1739 1223
296 98 1739 670
296 99 1739 107
301 100 1739 1505
303 101 1739 1043
303 102 1739 66
320 103 1739 1914
322 104 1739 1065
323 105 1739 863
326 106 1739 1297
327 107 1739 645
328 108 1739 562
330 109 1739 1067
338 110 1739 1786
338 111 1739 223
340 112 1739 1012
353 113 1739 1894
355 114 1739 1082
356 115 1739 643
358 116 1739 1089
359 117 1739 729
361 118 1739 914
361 119 1739 235
361 120 1739 459
363 121 1739 1118
364 122 1739 793
366 123 1739 1089
366 124 1739 456
366 125 1739 152
371 126 1739 1546
372 127 1739 636
372 128 1739 42
372 129 1739 375
372 130 1739 86
380 133 1739 127
380 132 1739 77
380 131 1739 1780
386 134 1739 1652
387 135 1739 798
387 136 1739 170
394 137 1739 1698
394 138 1739 119
397 139 1739 1342
401 140 1739 1415
403 141 1739 1056
406 143 1739 473
406 142 1739 1161
410 144 1739 1447
416 145 1739 1675
417 146 1739 768
417 147 1739 444
417 148 1739 10
418 149 1739 715
418 150 1739 97
424 152 1739 309
424 153 1739 434
424 151 1739 1664
429 154 1739 1573
429 155 1739 386
429 156 1739 250
431 157 1739 901
435 158 1739 1458
437 159 1739 913
440 160 1739 1242
441 161 1739 660
442 162 1739 603
442 163 1739 187
444 164 1739 981
444 165 1739 6
444 166 1739 146
446 167 1739 884
446 168 1739 241
446 169 1739 284
446 170 1739 473
449 171 1739 1315
450 172 1739 609
455 173 1739 1497
456 174 1739 744
459 175 1739 1327
471 176 1739 1882
471 177 1739 320
476 178 1739 1566
477 179 1739 705
480 180 1739 1308
482 181 1739 1101
483 182 1739 626
486 183 1739 1252
486 184 1739 277
486 185 1739 347
490 186 1739 1471
495 187 1739 1567
495 188 1739 479
498 189 1739 1265
499 190 1739 547
502 191 1739 1193
502 192 1739 240
504 193 1739 1131
504 194 1739 99
505 195 1739 755
505 196 1739 453
507 197 1739 974
511 198 1739 1416
515 199 1739 1441
520 200 1739 1529
529 201 1739 1808
529 202 1739 202
535 203 1739 1650
535 204 1739 241
536 205 1739 706
538 206 1739 1054
539 207 1739 736
545 210 1739 429
545 209 1739 245
545 208 1739 1614
556 211 1739 1855
559 212 1739 1260
560 213 1739 752
565 214 1739 1529
565 215 1739 140
565 216 1739 33
568 217 1739 1275
578 218 1739 1834
579 220 1739 460
579 219 1739 633
580 221 1739 503
580 222 1739 405
582 223 1739 901
588 224 1739 1661
591 225 1739 1204
593 226 1739 1075
597 227 1739 1403
601 228 1739 1397
618 229 1739 1914
620 230 1739 873
622 231 1739 907
623 232 1739 828
623 233 1739 124
625 234 1739 1101
629 235 1739 1425
631 236 1739 899
633 237 1739 900
635 238 1739 1011
640 239 1739 1495
643 240 1739 1218
644 241 1739 734
656 242 1739 1878
656 243 1739 233
657 244 1739 836
658 245 1739 617
669 246 1739 1858
673 247 1739 1413
678 248 1739 1526
690 249 1739 1884
691 250 1739 722
693 251 1739 1103
695 252 1739 1064
696 253 1739 783
698 254 1739 981
700 255 1739 1025
704 256 1739 1403
707 257 1739 1226
724 258 1739 1914
726 259 1739 961
731 260 1739 1556
736 261 1739 1576
739 262 1739 1264
745 263 1739 1625
748 264 1739 1297
752 265 1739 1446
754 266 1739 1026
756 267 1739 1135
761 268 1739 1576
761 269 1739 104
764 270 1739 1166
766 271 1739 1057
766 272 1739 264
766 273 1739 338
769 274 1739 1340
775 275 1739 1650
776 278 1739 64
776 277 1739 172
776 276 1739 550
778 279 1739 1044
781 280 1739 1271
786 281 1739 1586
795 282 1739 1801
799 283 1739 1438
802 284 1739 1192
809 285 1739 1695
817 287 1739 44
817 286 1739 1768
819 288 1739 1068
819 289 1739 75
819 290 1739 21
824 291 1739 1597
826 292 1739 911
826 293 1739 49
837 294 1739 1864
842 295 1739 1567
846 297 1739 253
846 296 1739 1394
847 298 1739 861
850 299 1739 1314
855 300 1739 1515
856 301 1739 723
864 302 1739 1762
868 303 1739 1421
869 304 1739 717
874 305 1739 1589
875 306 1739 838
