0 0 96 453
7 1 96 1744
7 2 96 151
8 3 96 631
9 4 96 807
15 5 96 1612
17 6 96 941
20 7 96 1244
23 9 96 325
23 8 96 1179
25 10 96 1069
25 11 96 239
25 12 96 241
25 13 96 269
25 14 96 289
32 20 96 182
32 19 96 322
32 18 96 203
32 16 96 95
32 15 96 1728
32 17 96 102
34 21 96 961
35 22 96 589
38 23 96 1206
45 24 96 1743
45 25 96 375
46 26 96 726
51 27 96 1570
56 28 96 1597
57 29 96 583
59 30 96 1089
64 31 96 1600
74 32 96 1833
77 33 96 1211
79 34 96 928
80 35 96 640
94 36 96 1896
100 37 96 1661
101 38 96 799
104 39 96 1324
106 40 96 882
110 41 96 1436
110 42 96 286
114 43 96 1346
122 44 96 1780
122 45 96 177
124 47 96 115
124 46 96 1046
133 48 96 1797
135 49 96 886
136 50 96 851
136 51 96 184
136 52 96 186
137 53 96 774
141 54 96 1373
145 55 96 1416
148 56 96 1155
150 57 96 870
151 58 96 813
151 59 96 432
153 60 96 886
156 61 96 1295
161 62 96 1571
162 63 96 596
165 64 96 1161
169 66 96 331
169 65 96 1394
171 67 96 955
174 68 96 1266
179 69 96 1573
187 70 96 1756
187 71 96 358
190 72 96 1228
191 73 96 804
195 74 96 1365
196 75 96 670
197 76 96 675
200 77 96 1167
204 78 96 1350
209 79 96 1566
212 80 96 1253
213 81 96 610
220 82 96 1698
221 83 96 711
227 84 96 1656
229 85 96 904
233 86 96 1413
235 87 96 1058
243 88 96 1763
247 89 96 1436
251 90 96 1409
253 91 96 1025
254 92 96 848
254 93 96 367
254 94 96 438
259 95 96 1511
267 96 96 1790
273 97 96 1614
273 98 96 185
273 99 96 386
281 100 96 1771
281 101 96 91
282 102 96 773
282 103 96 223
284 105 96 493
284 104 96 1055
286 106 96 881
289 107 96 1307
292 108 96 1334
293 109 96 702
294 110 96 741
310 111 96 1913
314 112 96 1444
317 113 96 1172
319 115 96 275
319 114 96 1103
324 116 96 1522
325 117 96 860
326 118 96 865
326 119 96 257
341 120 96 1905
344 121 96 1197
346 122 96 1117
354 124 96 163
354 123 96 1755
355 125 96 731
359 126 96 1435
360 127 96 860
360 128 96 365
368 129 96 1778
369 130 96 805
371 131 96 985
373 132 96 982
375 133 96 964
382 134 96 1719
385 135 96 1162
393 136 96 1762
397 137 96 1475
402 138 96 1580
405 139 96 1163
405 140 96 22
405 141 96 106
411 142 96 1649
413 143 96 1060
414 144 96 695
418 145 96 1421
423 146 96 1505
428 147 96 1601
431 148 96 1188
431 149 96 163
448 150 96 1914
450 151 96 930
451 152 96 749
461 154 96 405
461 153 96 1853
462 155 96 574
464 156 96 899
466 157 96 943
466 158 96 59
466 159 96 323
468 160 96 982
468 161 96 20
470 162 96 942
474 163 96 1481
483 164 96 1822
489 165 96 1680
491 166 96 931
491 167 96 480
495 168 96 1377
506 169 96 1865
506 170 96 438
506 171 96 46
509 172 96 1204
515 174 96 234
515 173 96 1626
524 175 96 1799
528 176 96 1472
528 177 96 56
530 178 96 1060
531 179 96 666
534 180 96 1150
542 181 96 1758
547 183 96 202
547 182 96 1597
555 184 96 1788
564 185 96 1800
564 186 96 236
566 187 96 1053
567 188 96 558
570 190 96 263
570 189 96 1145
571 191 96 818
575 192 96 1415
578 193 96 1257
578 194 96 180
578 195 96 1
580 196 96 1088
580 197 96 168
583 198 96 1163
585 199 96 939
585 200 96 490
587 202 96 223
587 201 96 1025
590 203 96 1247
596 204 96 1649
607 205 96 1867
613 206 96 1650
615 207 96 1047
621 208 96 1618
622 209 96 531
624 210 96 1026
625 211 96 842
634 212 96 1808
637 213 96 1317
639 214 96 1098
642 215 96 1149
642 216 96 348
643 217 96 740
649 218 96 1617
649 219 96 22
653 220 96 1444
662 221 96 1802
672 222 96 1846
672 223 96 231
677 224 96 1602
682 225 96 1545
683 226 96 556
694 227 96 1872
698 228 96 1446
698 229 96 232
699 230 96 710
702 231 96 1304
703 232 96 817
703 233 96 120
703 234 96 176
703 235 96 125
708 236 96 1535
708 237 96 349
708 238 96 477
718 240 96 149
718 239 96 1845
720 241 96 1113
724 242 96 1360
724 243 96 26
724 244 96 119
728 245 96 1345
730 246 96 934
730 247 96 97
730 248 96 158
732 249 96 956
737 250 96 1577
737 251 96 348
737 252 96 475
739 253 96 1141
743 254 96 1420
744 255 96 613
746 256 96 1103
764 257 96 1917
769 259 96 104
769 258 96 1570
772 260 96 1311
779 261 96 1703
784 262 96 1525
788 263 96 1385
795 264 96 1746
801 265 96 1646
801 266 96 25
807 267 96 1688
809 268 96 1141
811 269 96 973
816 270 96 1538
843 271 96 1924
843 272 96 263
850 273 96 1696
859 274 96 1797
859 275 96 330
859 276 96 442
868 279 96 256
868 277 96 1819
868 278 96 112
869 280 96 610
869 281 96 458
876 282 96 1713
876 283 96 490
877 285 96 361
877 284 96 579
878 286 96 829
883 287 96 1600
884 288 96 625
888 289 96 1487
890 290 96 946
895 291 96 1542
896 292 96 703
896 293 96 372
897 294 96 533
897 295 96 370
902 296 96 1512
916 299 96 398
916 297 96 1899
916 298 96 205
919 300 96 1320
922 301 96 1171
924 302 96 881
926 303 96 1110
929 304 96 1342
934 305 96 1578
934 306 96 85
