0 0 156 178
1 1 156 720
2 2 156 586
2 3 156 77
2 4 156 144
2 5 156 284
4 6 156 1068
13 7 156 1801
20 8 156 1717
23 9 156 1144
24 10 156 525
25 11 156 784
26 12 156 707
29 13 156 1201
31 14 156 1050
32 15 156 607
33 16 156 676
36 17 156 1334
40 18 156 1466
44 19 156 1476
53 20 156 1825
56 21 156 1342
57 22 156 721
61 23 156 1374
65 24 156 1468
70 25 156 1583
70 26 156 494
71 27 156 748
72 28 156 652
77 29 156 1587
77 30 156 124
77 31 156 264
77 32 156 226
86 33 156 1812
88 34 156 1041
93 35 156 1514
95 36 156 887
95 37 156 155
101 38 156 1675
102 39 156 674
104 40 156 966
106 41 156 1024
108 42 156 1073
108 43 156 315
111 44 156 1173
113 45 156 1082
113 46 156 119
117 47 156 1452
121 48 156 1418
121 49 156 373
122 50 156 818
125 51 156 1186
125 52 156 191
126 53 156 853
126 54 156 294
127 55 156 760
152 56 156 1923
154 57 156 1137
155 58 156 534
155 59 156 486
162 60 156 1715
162 61 156 320
165 62 156 1149
165 63 156 129
167 64 156 1020
167 65 156 261
168 66 156 557
169 68 156 160
169 67 156 819
173 69 156 1460
179 70 156 1644
180 71 156 520
185 72 156 1583
186 73 156 792
187 74 156 509
188 79 156 385
188 78 156 201
188 76 156 268
188 77 156 406
188 75 156 801
192 80 156 1464
194 81 156 967
197 82 156 1254
197 83 156 278
198 84 156 768
199 86 156 73
199 85 156 862
202 87 156 1298
207 88 156 1518
207 89 156 280
212 90 156 1515
218 91 156 1675
223 92 156 1546
226 93 156 1189
228 94 156 883
229 95 156 646
238 96 156 1799
240 97 156 944
243 98 156 1220
245 99 156 911
246 100 156 524
249 101 156 1224
252 102 156 1292
264 103 156 1883
265 105 156 298
265 104 156 653
270 106 156 1528
273 107 156 1323
273 108 156 344
277 109 156 1417
277 110 156 492
282 111 156 1517
284 113 156 148
284 112 156 935
286 114 156 946
287 115 156 748
289 116 156 990
291 117 156 871
294 118 156 1285
294 119 156 158
294 120 156 188
297 121 156 1184
300 122 156 1226
309 123 156 1804
320 124 156 1869
333 125 156 1893
335 126 156 898
335 127 156 393
345 128 156 1833
353 129 156 1787
355 130 156 927
358 131 156 1249
360 132 156 1111
363 133 156 1214
371 134 156 1785
371 135 156 240
376 136 156 1599
379 137 156 1296
384 138 156 1549
384 139 156 470
387 140 156 1258
388 141 156 674
390 143 156 100
390 142 156 953
397 144 156 1713
420 145 156 1923
421 146 156 739
425 147 156 1397
425 148 156 242
425 149 156 135
430 150 156 1580
432 151 156 928
437 152 156 1583
439 153 156 1062
440 154 156 723
443 155 156 1265
465 156 156 1922
469 157 156 1412
469 158 156 13
470 159 156 685
473 160 156 1324
475 161 156 1134
479 164 156 490
479 162 156 1415
479 163 156 481
482 165 156 1167
482 166 156 406
488 167 156 1646
488 168 156 287
489 169 156 706
491 170 156 1073
497 171 156 1619
500 172 156 1246
501 173 156 815
502 174 156 824
506 175 156 1438
506 176 156 230
508 177 156 1125
508 178 156 91
519 179 156 1871
522 180 156 1153
526 181 156 1426
526 182 156 150
533 183 156 1698
533 184 156 207
558 185 156 1924
563 186 156 1590
563 187 156 49
563 188 156 491
564 190 156 242
564 191 156 187
564 189 156 520
567 192 156 1282
568 193 156 864
570 194 156 1070
570 195 156 124
573 196 156 1184
573 197 156 472
578 198 156 1535
579 199 156 545
584 200 156 1516
586 201 156 1018
588 202 156 1110
592 203 156 1460
594 204 156 986
607 205 156 1886
613 206 156 1607
614 207 156 768
614 208 156 237
617 209 156 1209
619 210 156 1035
620 211 156 797
623 212 156 1321
623 213 156 67
627 214 156 1456
636 215 156 1823
638 216 156 983
644 217 156 1641
644 218 156 274
644 219 156 491
649 220 156 1502
649 221 156 357
652 222 156 1154
659 223 156 1692
659 224 156 464
661 226 156 337
661 227 156 381
661 225 156 886
667 228 156 1669
668 230 156 254
668 229 156 700
674 231 156 1682
679 232 156 1515
683 233 156 1470
683 234 156 354
683 235 156 135
683 236 156 315
684 237 156 614
685 240 156 316
685 238 156 711
685 239 156 245
686 241 156 821
693 242 156 1736
696 243 156 1206
700 244 156 1409
704 245 156 1370
705 246 156 790
708 247 156 1214
711 248 156 1333
714 249 156 1171
716 250 156 1065
720 251 156 1467
720 252 156 198
722 253 156 1044
724 254 156 968
727 255 156 1159
735 256 156 1789
738 257 156 1342
740 259 156 99
740 258 156 996
745 260 156 1549
748 261 156 1225
750 262 156 1023
754 263 156 1462
756 264 156 955
759 265 156 1277
762 266 156 1206
770 267 156 1775
776 268 156 1638
779 269 156 1321
784 270 156 1507
784 271 156 368
786 272 156 930
786 273 156 28
786 274 156 174
787 275 156 680
788 276 156 546
800 278 156 282
800 277 156 1873
802 279 156 1019
802 280 156 96
804 281 156 1047
806 282 156 972
806 283 156 497
811 284 156 1560
812 285 156 711
816 287 156 471
816 286 156 1483
817 288 156 502
819 289 156 1119
819 290 156 271
821 291 156 897
826 292 156 1543
827 293 156 611
828 294 156 621
830 295 156 1016
837 300 156 163
837 299 156 132
837 296 156 1722
837 297 156 273
837 298 156 250
839 301 156 940
844 303 156 12
844 302 156 1500
849 304 156 1589
850 305 156 696
851 306 156 537
