7 0 1882 1704
9 1 1882 964
10 2 1882 712
13 3 1882 1229
13 4 1882 19
15 5 1882 1124
22 6 1882 1737
27 7 1882 1528
37 10 1882 256
37 8 1882 1846
37 9 1882 200
38 11 1882 614
41 12 1882 1149
41 13 1882 68
47 14 1882 1614
49 16 1882 315
49 15 1882 985
51 19 1882 263
51 17 1882 968
51 18 1882 436
52 20 1882 749
54 21 1882 984
55 22 1882 686
58 23 1882 1164
58 24 1882 45
65 25 1882 1717
66 26 1882 612
68 27 1882 1038
71 28 1882 1260
71 29 1882 249
75 30 1882 1431
76 31 1882 506
76 32 1882 447
78 34 1882 25
78 33 1882 938
80 36 1882 424
80 37 1882 453
80 35 1882 958
81 38 1882 662
82 39 1882 675
82 40 1882 294
82 41 1882 274
83 42 1882 714
86 43 1882 1209
97 44 1882 1865
99 46 1882 4
99 45 1882 955
100 47 1882 575
102 48 1882 934
104 49 1882 953
106 50 1882 953
106 51 1882 376
110 52 1882 1424
112 53 1882 1036
115 54 1882 1297
116 56 1882 278
116 55 1882 719
120 57 1882 1473
123 58 1882 1184
123 59 1882 227
124 60 1882 512
125 61 1882 699
125 62 1882 268
130 63 1882 1596
131 64 1882 693
137 65 1882 1674
137 66 1882 166
137 67 1882 210
137 68 1882 43
138 69 1882 655
139 70 1882 561
147 71 1882 1787
147 72 1882 305
153 73 1882 1686
166 75 1882 474
166 76 1882 269
166 74 1882 1893
170 77 1882 1401
173 78 1882 1224
175 79 1882 1014
182 80 1882 1712
182 81 1882 36
182 82 1882 103
182 83 1882 307
185 84 1882 1221
187 85 1882 1054
189 86 1882 1007
192 87 1882 1336
197 88 1882 1566
200 89 1882 1230
201 90 1882 680
203 91 1882 876
206 93 1882 435
206 94 1882 162
206 92 1882 1193
211 95 1882 1520
211 96 1882 6
213 97 1882 1043
214 98 1882 516
214 99 1882 190
215 100 1882 789
222 101 1882 1719
223 103 1882 279
223 104 1882 391
223 102 1882 532
225 105 1882 1091
225 106 1882 70
231 107 1882 1662
233 108 1882 1068
234 109 1882 822
234 110 1882 449
235 115 1882 475
235 114 1882 440
235 112 1882 249
235 113 1882 169
235 111 1882 802
236 116 1882 596
248 117 1882 1885
248 118 1882 374
253 119 1882 1563
254 120 1882 666
255 121 1882 755
256 122 1882 568
257 123 1882 737
271 124 1882 1900
277 125 1882 1609
278 126 1882 593
287 127 1882 1795
292 128 1882 1524
292 129 1882 372
292 130 1882 468
295 131 1882 1151
297 132 1882 885
299 133 1882 1033
299 134 1882 225
317 135 1882 1917
321 136 1882 1429
328 137 1882 1749
338 138 1882 1840
338 139 1882 130
340 140 1882 983
343 141 1882 1270
343 142 1882 268
344 143 1882 744
345 144 1882 780
354 145 1882 1803
355 146 1882 627
357 147 1882 1023
376 148 1882 1919
382 149 1882 1611
384 151 1882 45
384 150 1882 923
385 152 1882 668
387 153 1882 877
391 154 1882 1448
391 155 1882 33
394 156 1882 1150
401 157 1882 1719
401 158 1882 303
402 161 1882 200
402 162 1882 138
402 159 1882 706
402 160 1882 497
403 163 1882 695
403 164 1882 353
406 165 1882 1222
416 166 1882 1842
418 167 1882 1140
429 168 1882 1869
429 169 1882 447
431 170 1882 971
432 173 1882 244
432 172 1882 45
432 171 1882 772
433 174 1882 579
436 175 1882 1321
436 176 1882 487
443 177 1882 1749
455 178 1882 1881
455 179 1882 97
457 180 1882 982
461 181 1882 1494
470 182 1882 1801
480 183 1882 1837
484 184 1882 1374
484 185 1882 423
484 186 1882 483
484 187 1882 7
489 188 1882 1510
489 189 1882 191
490 190 1882 767
496 191 1882 1634
500 192 1882 1445
502 193 1882 1133
507 194 1882 1557
508 195 1882 783
510 196 1882 1131
515 197 1882 1497
515 198 1882 390
519 199 1882 1483
531 200 1882 1885
535 201 1882 1411
537 202 1882 1079
541 203 1882 1471
542 204 1882 639
542 205 1882 151
542 206 1882 0
542 207 1882 423
542 208 1882 297
542 209 1882 126
546 210 1882 1471
549 211 1882 1326
557 212 1882 1762
557 213 1882 206
563 214 1882 1649
565 215 1882 928
565 216 1882 324
565 217 1882 225
568 218 1882 1246
579 219 1882 1855
580 220 1882 739
590 221 1882 1834
595 222 1882 1555
601 223 1882 1678
606 224 1882 1605
609 225 1882 1261
612 226 1882 1251
613 227 1882 836
614 228 1882 611
621 230 1882 190
621 229 1882 1721
623 231 1882 914
627 232 1882 1358
627 233 1882 398
627 234 1882 136
632 235 1882 1496
632 236 1882 415
632 237 1882 329
635 238 1882 1197
638 239 1882 1222
638 240 1882 423
638 241 1882 59
644 242 1882 1634
648 243 1882 1383
649 244 1882 644
653 245 1882 1365
662 246 1882 1797
665 247 1882 1239
669 248 1882 1409
670 249 1882 629
670 250 1882 459
672 251 1882 905
672 252 1882 251
672 253 1882 460
673 254 1882 743
673 255 1882 51
681 256 1882 1781
684 257 1882 1326
692 258 1882 1791
695 259 1882 1303
696 260 1882 824
698 261 1882 1088
705 262 1882 1737
706 263 1882 501
717 264 1882 1861
718 265 1882 557
731 266 1882 1892
735 269 1882 152
735 268 1882 69
735 267 1882 1363
736 270 1882 512
755 271 1882 1920
757 272 1882 953
757 273 1882 23
761 274 1882 1431
762 276 1882 199
762 277 1882 171
762 275 1882 679
764 278 1882 1033
764 279 1882 239
768 280 1882 1389
768 281 1882 12
772 282 1882 1352
787 283 1882 1906
790 284 1882 1261
793 285 1882 1209
794 286 1882 663
796 287 1882 898
801 288 1882 1579
801 289 1882 85
807 290 1882 1639
809 291 1882 1014
809 292 1882 462
818 293 1882 1819
818 294 1882 397
821 295 1882 1259
821 296 1882 247
823 297 1882 1133
827 298 1882 1446
827 299 1882 87
831 300 1882 1398
831 301 1882 433
834 302 1882 1169
837 304 1882 116
837 305 1882 464
837 303 1882 1256
849 306 1882 1877
