8 0 758 1750
8 1 758 106
9 2 758 568
14 3 758 1553
14 4 758 55
14 5 758 371
14 6 758 72
17 7 758 1183
18 8 758 665
19 9 758 823
21 10 758 930
24 11 758 1185
26 12 758 1130
27 13 758 665
28 14 758 755
33 15 758 1513
35 16 758 1094
38 17 758 1216
44 18 758 1624
45 19 758 813
48 20 758 1299
51 21 758 1247
52 22 758 553
60 23 758 1789
64 24 758 1346
66 25 758 979
69 26 758 1219
71 27 758 1133
73 28 758 1063
75 29 758 1036
79 30 758 1352
79 31 758 357
87 32 758 1782
87 33 758 480
88 34 758 848
90 35 758 1089
92 38 758 44
92 37 758 133
92 36 758 1070
97 39 758 1529
97 40 758 278
102 41 758 1512
102 42 758 382
106 43 758 1355
108 44 758 969
109 46 758 114
109 45 758 635
110 47 758 608
110 48 758 163
113 49 758 1150
116 50 758 1262
116 51 758 169
118 52 758 944
124 53 758 1686
138 54 758 1898
139 55 758 503
143 56 758 1478
144 57 758 703
144 58 758 207
146 59 758 1000
148 60 758 1077
149 61 758 864
149 62 758 119
154 63 758 1553
158 64 758 1395
159 65 758 573
162 66 758 1327
163 67 758 650
170 68 758 1741
175 69 758 1591
175 70 758 442
177 71 758 961
180 72 758 1172
180 73 758 94
181 74 758 535
188 75 758 1712
189 76 758 864
191 77 758 1122
192 78 758 820
193 79 758 711
194 80 758 865
195 81 758 610
197 82 758 969
207 83 758 1838
214 84 758 1698
217 85 758 1183
220 86 758 1338
220 87 758 95
221 88 758 507
221 89 758 345
226 90 758 1535
226 91 758 367
236 92 758 1850
238 93 758 968
238 94 758 452
241 95 758 1338
245 96 758 1393
246 97 758 753
258 98 758 1885
258 99 758 396
261 100 758 1232
265 101 758 1389
266 102 758 791
266 103 758 497
267 105 758 300
267 104 758 707
269 106 758 922
270 107 758 850
273 108 758 1151
273 109 758 186
278 110 758 1563
278 111 758 355
287 112 758 1808
291 115 758 466
291 114 758 135
291 113 758 1420
300 116 758 1819
300 117 758 205
308 118 758 1779
308 119 758 212
311 120 758 1159
314 121 758 1232
314 122 758 142
318 125 758 75
318 123 758 1396
318 124 758 55
320 126 758 1035
320 127 758 203
325 128 758 1567
327 130 758 319
327 129 758 1121
327 131 758 110
330 133 758 423
330 132 758 1162
334 134 758 1404
338 135 758 1400
345 136 758 1744
345 137 758 472
347 138 758 1131
351 141 758 488
351 139 758 1398
351 140 758 260
353 143 758 321
353 142 758 869
354 144 758 706
357 145 758 1179
357 146 758 484
357 147 758 430
358 148 758 832
374 149 758 1910
378 150 758 1444
381 151 758 1187
383 152 758 898
389 153 758 1672
392 154 758 1161
420 155 758 1924
423 156 758 1246
426 157 758 1320
426 158 758 441
427 159 758 632
430 160 758 1190
431 161 758 719
434 163 758 29
434 162 758 1207
442 164 758 1791
446 165 758 1452
448 166 758 1118
452 167 758 1384
452 168 758 16
453 169 758 660
454 170 758 647
458 171 758 1346
460 172 758 999
460 173 758 381
472 174 758 1877
473 175 758 671
473 176 758 363
480 177 758 1746
481 178 758 689
482 179 758 800
487 180 758 1516
488 181 758 605
491 182 758 1295
496 183 758 1582
501 184 758 1602
503 185 758 1056
505 186 758 1136
509 187 758 1414
512 188 758 1186
516 192 758 30
516 191 758 423
516 189 758 1404
516 190 758 153
517 193 758 499
517 194 758 207
521 195 758 1466
524 196 758 1205
525 197 758 839
525 198 758 454
528 200 758 61
528 199 758 1178
530 201 758 1024
530 202 758 414
530 203 758 172
533 204 758 1262
533 205 758 97
533 206 758 188
534 207 758 517
541 208 758 1720
541 209 758 490
546 210 758 1561
550 211 758 1425
551 212 758 631
556 213 758 1566
558 214 758 1041
559 215 758 584
563 216 758 1348
568 217 758 1550
568 218 758 351
569 219 758 735
569 220 758 316
575 221 758 1629
575 222 758 198
576 223 758 536
577 224 758 506
577 225 758 224
580 226 758 1315
581 228 758 174
581 227 758 500
581 229 758 411
585 230 758 1391
589 231 758 1448
592 232 758 1291
596 233 758 1435
597 234 758 739
597 235 758 491
597 236 758 190
599 237 758 1122
599 238 758 319
604 239 758 1505
605 240 758 867
606 241 758 619
612 242 758 1618
613 243 758 695
621 244 758 1768
622 245 758 653
629 246 758 1717
629 247 758 389
633 248 758 1382
638 250 758 117
638 249 758 1547
643 251 758 1579
643 252 758 487
649 253 758 1644
650 254 758 862
650 255 758 356
651 256 758 825
660 257 758 1803
665 258 758 1591
667 259 758 1038
668 260 758 706
674 261 758 1613
674 262 758 342
677 263 758 1309
679 264 758 1024
679 265 758 112
679 266 758 133
681 267 758 1120
682 268 758 827
683 269 758 549
683 270 758 394
683 271 758 225
686 272 758 1231
687 273 758 771
695 274 758 1792
701 275 758 1621
701 276 758 11
705 277 758 1427
706 278 758 692
714 279 758 1777
714 280 758 431
716 281 758 926
718 282 758 1042
719 283 758 551
719 284 758 293
726 285 758 1736
728 286 758 961
733 287 758 1572
734 288 758 572
734 289 758 382
739 290 758 1590
739 291 758 312
743 292 758 1456
746 293 758 1206
747 294 758 799
750 296 758 276
750 297 758 308
750 295 758 1179
755 298 758 1596
761 299 758 1656
762 300 758 519
763 301 758 596
767 302 758 1487
768 303 758 833
771 304 758 1153
780 305 758 1817
780 306 758 348
