1 0 1111 821
7 1 1111 1653
7 2 1111 143
8 3 1111 722
12 4 1111 1439
14 5 1111 930
19 6 1111 1592
31 7 1111 1876
35 8 1111 1455
36 9 1111 602
38 10 1111 1095
42 11 1111 1388
42 12 1111 442
43 13 1111 604
46 14 1111 1144
48 15 1111 951
68 16 1111 1921
71 18 1111 41
71 17 1111 1173
73 19 1111 978
81 20 1111 1793
81 21 1111 335
81 22 1111 492
82 23 1111 585
85 24 1111 1273
85 25 1111 274
89 27 1111 394
89 26 1111 1454
91 28 1111 958
92 29 1111 739
92 30 1111 138
94 31 1111 1113
102 32 1111 1761
104 34 1111 449
104 33 1111 905
105 35 1111 652
106 37 1111 6
106 36 1111 738
111 38 1111 1555
111 39 1111 349
121 40 1111 1845
122 41 1111 644
125 42 1111 1341
126 43 1111 773
130 44 1111 1458
130 45 1111 146
133 46 1111 1327
138 47 1111 1573
148 48 1111 1850
149 49 1111 798
155 50 1111 1624
155 51 1111 144
162 52 1111 1694
165 53 1111 1236
167 54 1111 1126
167 55 1111 486
170 56 1111 1160
174 57 1111 1482
178 58 1111 1373
181 59 1111 1164
185 60 1111 1401
188 61 1111 1197
190 62 1111 918
191 63 1111 715
191 64 1111 463
206 65 1111 1907
211 66 1111 1551
215 67 1111 1461
215 68 1111 154
215 69 1111 492
215 70 1111 213
232 71 1111 1914
237 72 1111 1542
243 73 1111 1617
245 74 1111 1058
248 75 1111 1149
250 76 1111 918
256 77 1111 1643
258 78 1111 1051
260 79 1111 1126
262 80 1111 872
271 81 1111 1805
271 82 1111 468
271 83 1111 159
273 84 1111 1040
292 85 1111 1919
295 86 1111 1343
296 87 1111 525
303 88 1111 1704
316 89 1111 1887
320 90 1111 1416
323 91 1111 1180
324 92 1111 557
324 93 1111 391
326 94 1111 873
327 95 1111 647
333 96 1111 1651
334 97 1111 626
334 98 1111 310
338 99 1111 1476
339 100 1111 519
347 101 1111 1790
351 102 1111 1419
355 103 1111 1358
356 104 1111 584
362 105 1111 1635
363 106 1111 527
363 107 1111 77
363 108 1111 177
377 109 1111 1902
381 110 1111 1493
385 113 1111 247
385 114 1111 292
385 111 1111 1441
385 112 1111 431
390 115 1111 1520
391 116 1111 728
392 117 1111 758
397 118 1111 1599
397 119 1111 468
398 120 1111 563
400 121 1111 1026
406 123 1111 192
406 122 1111 1682
408 124 1111 1000
410 125 1111 958
414 126 1111 1356
417 127 1111 1150
418 128 1111 743
418 129 1111 410
422 130 1111 1422
422 131 1111 291
425 132 1111 1333
430 133 1111 1500
431 134 1111 606
433 135 1111 1006
433 136 1111 386
435 137 1111 1035
440 138 1111 1499
443 139 1111 1330
447 140 1111 1391
450 142 1111 347
450 141 1111 1266
457 143 1111 1726
457 144 1111 394
471 145 1111 1899
472 146 1111 749
472 147 1111 310
472 148 1111 98
475 149 1111 1277
485 150 1111 1843
487 151 1111 892
489 152 1111 951
497 153 1111 1766
499 154 1111 912
503 155 1111 1418
503 156 1111 108
506 157 1111 1227
506 158 1111 357
511 159 1111 1551
511 160 1111 279
514 161 1111 1301
517 162 1111 1258
524 164 1111 479
524 163 1111 1692
527 165 1111 1201
527 166 1111 108
528 167 1111 855
533 168 1111 1565
536 169 1111 1211
538 170 1111 1134
544 171 1111 1618
547 173 1111 269
547 172 1111 1183
549 174 1111 1002
552 175 1111 1221
553 176 1111 678
565 177 1111 1880
572 178 1111 1722
574 179 1111 1026
574 180 1111 208
576 181 1111 1045
578 182 1111 1052
582 183 1111 1391
582 184 1111 491
583 185 1111 529
586 186 1111 1264
590 187 1111 1491
591 188 1111 587
593 189 1111 1113
595 190 1111 897
597 191 1111 1084
598 192 1111 678
610 193 1111 1873
612 194 1111 1051
612 195 1111 90
612 196 1111 8
613 197 1111 580
616 198 1111 1247
618 199 1111 1118
626 200 1111 1791
635 201 1111 1818
636 202 1111 669
637 203 1111 812
637 204 1111 142
637 205 1111 225
643 206 1111 1634
644 207 1111 682
645 208 1111 764
651 209 1111 1615
652 211 1111 153
652 210 1111 739
656 212 1111 1429
659 213 1111 1256
662 214 1111 1343
665 215 1111 1158
665 216 1111 249
673 217 1111 1791
676 218 1111 1200
688 219 1111 1874
699 220 1111 1861
700 221 1111 541
700 222 1111 267
700 223 1111 452
700 224 1111 313
700 225 1111 50
702 226 1111 939
705 227 1111 1235
708 228 1111 1143
710 229 1111 911
713 231 1111 98
713 230 1111 1213
714 232 1111 632
715 233 1111 604
718 234 1111 1159
718 235 1111 314
718 236 1111 375
718 237 1111 239
721 238 1111 1248
721 239 1111 266
722 240 1111 820
723 241 1111 582
724 242 1111 727
726 243 1111 896
726 244 1111 373
727 245 1111 744
732 246 1111 1579
736 247 1111 1347
737 248 1111 530
746 249 1111 1817
754 251 1111 141
754 250 1111 1765
757 252 1111 1304
760 253 1111 1298
763 254 1111 1181
766 255 1111 1250
771 256 1111 1551
771 257 1111 217
772 258 1111 499
772 259 1111 92
775 261 1111 399
775 260 1111 1210
779 262 1111 1464
787 263 1111 1777
787 264 1111 402
788 265 1111 641
792 266 1111 1445
793 267 1111 825
793 268 1111 96
795 269 1111 1028
796 270 1111 782
796 271 1111 10
797 272 1111 543
799 273 1111 933
801 274 1111 1053
804 275 1111 1279
811 276 1111 1738
814 278 1111 79
814 277 1111 1295
818 279 1111 1493
818 280 1111 395
823 281 1111 1517
824 282 1111 705
827 283 1111 1250
829 284 1111 1070
831 285 1111 1072
832 286 1111 719
835 287 1111 1259
839 288 1111 1347
849 289 1111 1834
850 290 1111 688
850 291 1111 158
856 292 1111 1665
859 293 1111 1156
861 294 1111 981
861 295 1111 421
863 296 1111 1042
865 298 1111 494
865 297 1111 874
871 299 1111 1657
874 300 1111 1224
875 301 1111 754
878 302 1111 1250
882 303 1111 1426
884 304 1111 1035
892 305 1111 1755
897 306 1111 1522
