1 0 1858 858
1 1 1858 382
1 2 1858 104
3 3 1858 928
5 4 1858 968
6 5 1858 664
7 6 1858 720
8 7 1858 620
10 8 1858 1106
11 9 1858 644
11 10 1858 76
17 11 1858 1630
26 12 1858 1805
32 13 1858 1632
42 14 1858 1838
42 15 1858 314
45 16 1858 1186
49 17 1858 1470
52 18 1858 1169
56 19 1858 1384
60 20 1858 1391
70 21 1858 1832
76 22 1858 1618
76 23 1858 62
78 24 1858 912
82 27 1858 49
82 26 1858 449
82 25 1858 1492
83 28 1858 538
84 29 1858 841
88 30 1858 1401
89 31 1858 534
89 32 1858 398
89 33 1858 42
91 34 1858 1033
93 35 1858 946
94 37 1858 20
94 36 1858 506
96 38 1858 1024
100 39 1858 1402
100 40 1858 370
106 41 1858 1613
106 42 1858 467
107 43 1858 640
111 44 1858 1450
112 45 1858 706
115 46 1858 1337
116 47 1858 499
116 48 1858 223
116 49 1858 449
118 50 1858 884
118 51 1858 272
119 52 1858 771
133 53 1858 1901
133 54 1858 272
135 55 1858 950
136 58 1858 15
136 56 1858 689
136 57 1858 42
140 59 1858 1400
140 60 1858 214
141 61 1858 671
141 62 1858 81
141 63 1858 264
144 64 1858 1167
148 65 1858 1467
151 66 1858 1231
159 67 1858 1762
160 68 1858 599
162 69 1858 891
169 70 1858 1733
172 72 1858 445
172 71 1858 1166
179 73 1858 1692
181 74 1858 1014
188 75 1858 1703
192 76 1858 1365
194 77 1858 977
195 78 1858 536
195 79 1858 205
195 80 1858 155
207 81 1858 1874
214 82 1858 1750
214 83 1858 89
226 84 1858 1882
228 85 1858 1129
234 86 1858 1687
234 87 1858 421
241 88 1858 1695
241 89 1858 83
241 90 1858 257
241 91 1858 464
241 92 1858 4
246 93 1858 1548
249 94 1858 1187
255 95 1858 1624
260 96 1858 1531
260 97 1858 202
264 98 1858 1398
279 99 1858 1908
283 100 1858 1400
288 101 1858 1499
297 102 1858 1825
300 103 1858 1257
301 104 1858 640
307 105 1858 1643
315 106 1858 1751
317 107 1858 1004
319 108 1858 887
319 109 1858 494
324 110 1858 1509
330 111 1858 1636
334 112 1858 1430
341 113 1858 1734
344 115 1858 265
344 114 1858 1245
345 116 1858 845
363 117 1858 1916
363 118 1858 307
363 119 1858 38
370 120 1858 1704
371 121 1858 809
371 122 1858 67
372 123 1858 515
373 124 1858 633
376 125 1858 1269
379 126 1858 1161
380 127 1858 822
381 128 1858 504
384 129 1858 1314
384 130 1858 171
387 131 1858 1163
392 132 1858 1504
393 133 1858 552
394 134 1858 730
395 135 1858 580
395 136 1858 48
395 137 1858 492
399 138 1858 1373
399 139 1858 238
402 140 1858 1302
403 141 1858 683
407 142 1858 1458
410 143 1858 1201
411 144 1858 499
412 145 1858 546
414 146 1858 958
414 147 1858 195
414 148 1858 302
416 149 1858 921
417 150 1858 778
422 151 1858 1540
431 152 1858 1820
435 154 1858 204
435 153 1858 1359
436 155 1858 590
440 156 1858 1431
443 157 1858 1309
444 158 1858 624
447 159 1858 1296
447 160 1858 481
449 161 1858 929
450 162 1858 499
455 166 1858 132
455 165 1858 346
455 163 1858 1498
455 164 1858 322
457 167 1858 878
459 168 1858 1003
460 170 1858 216
460 169 1858 665
460 171 1858 353
461 173 1858 68
461 172 1858 543
462 174 1858 660
464 175 1858 1020
467 176 1858 1275
468 177 1858 791
468 178 1858 16
468 179 1858 87
468 180 1858 311
470 181 1858 966
471 182 1858 519
476 183 1858 1507
477 184 1858 535
478 185 1858 556
481 186 1858 1268
481 187 1858 144
481 188 1858 347
481 189 1858 140
483 190 1858 1073
484 191 1858 663
492 193 1858 77
492 192 1858 1792
498 194 1858 1681
498 195 1858 373
498 196 1858 183
510 197 1858 1885
512 198 1858 878
512 199 1858 152
512 200 1858 413
512 201 1858 79
514 202 1858 1116
519 203 1858 1562
520 204 1858 705
520 205 1858 425
522 206 1858 996
530 207 1858 1751
531 208 1858 699
533 209 1858 1108
536 210 1858 1239
537 211 1858 640
540 212 1858 1293
541 213 1858 537
543 214 1858 985
547 215 1858 1440
547 216 1858 409
549 217 1858 916
551 218 1858 963
558 219 1858 1691
560 220 1858 1003
577 221 1858 1913
578 222 1858 530
579 223 1858 863
584 224 1858 1516
588 225 1858 1477
588 226 1858 486
588 227 1858 465
588 228 1858 311
588 229 1858 287
589 230 1858 837
592 231 1858 1315
602 232 1858 1838
610 233 1858 1788
615 234 1858 1598
615 235 1858 231
623 236 1858 1774
625 237 1858 881
626 239 1858 110
626 238 1858 802
630 240 1858 1484
634 241 1858 1441
638 242 1858 1369
641 243 1858 1164
642 244 1858 825
642 245 1858 433
645 246 1858 1295
648 247 1858 1255
650 249 1858 241
650 248 1858 1016
663 250 1858 1888
666 251 1858 1191
668 252 1858 922
670 253 1858 1111
672 254 1858 1074
672 255 1858 424
676 258 1858 46
676 257 1858 253
676 256 1858 1474
679 259 1858 1153
690 260 1858 1864
691 261 1858 531
695 262 1858 1439
695 263 1858 411
695 264 1858 271
705 265 1858 1848
706 266 1858 726
710 267 1858 1429
711 268 1858 863
712 269 1858 754
717 270 1858 1591
721 271 1858 1452
721 272 1858 114
722 273 1858 853
722 274 1858 207
726 275 1858 1486
727 276 1858 543
730 278 1858 37
730 277 1858 1291
732 279 1858 1083
732 280 1858 181
735 281 1858 1156
739 282 1858 1373
739 283 1858 70
739 284 1858 323
744 285 1858 1570
744 286 1858 393
745 287 1858 726
746 288 1858 713
749 289 1858 1174
750 290 1858 682
755 291 1858 1521
756 292 1858 835
761 293 1858 1574
761 294 1858 170
763 295 1858 953
763 296 1858 2
765 297 1858 958
767 298 1858 892
769 299 1858 902
775 300 1858 1631
783 301 1858 1791
783 302 1858 391
783 303 1858 262
784 304 1858 575
784 305 1858 435
786 306 1858 1077
