5 0 1542 1604
8 1 1542 1207
8 2 1542 448
10 3 1542 911
17 4 1542 1713
18 5 1542 546
19 6 1542 563
23 7 1542 1351
23 8 1542 262
25 9 1542 1127
26 10 1542 504
26 11 1542 43
30 12 1542 1417
33 13 1542 1342
34 14 1542 751
35 15 1542 670
35 16 1542 125
39 22 1542 129
39 21 1542 354
39 20 1542 296
39 18 1542 194
39 17 1542 1437
39 19 1542 9
45 23 1542 1608
59 24 1542 1903
74 25 1542 1905
75 26 1542 590
82 27 1542 1723
85 28 1542 1264
90 29 1542 1537
98 30 1542 1775
99 31 1542 757
101 32 1542 1092
101 33 1542 301
101 34 1542 282
103 35 1542 1076
108 36 1542 1522
110 37 1542 971
118 38 1542 1783
119 39 1542 673
119 40 1542 251
120 41 1542 865
128 42 1542 1777
132 43 1542 1480
141 44 1542 1827
146 45 1542 1543
148 46 1542 938
152 47 1542 1413
152 48 1542 259
152 49 1542 86
153 50 1542 690
154 51 1542 605
158 52 1542 1352
163 53 1542 1579
168 54 1542 1605
171 55 1542 1250
173 56 1542 1077
174 57 1542 764
176 58 1542 933
183 59 1542 1732
195 60 1542 1881
196 61 1542 764
196 62 1542 86
197 63 1542 650
200 64 1542 1276
206 65 1542 1672
208 66 1542 876
210 67 1542 1115
212 68 1542 1060
217 69 1542 1599
219 70 1542 1072
221 71 1542 1079
226 72 1542 1579
230 73 1542 1446
236 74 1542 1682
240 75 1542 1356
241 76 1542 501
242 77 1542 573
249 78 1542 1706
249 79 1542 359
251 80 1542 967
253 81 1542 1101
257 82 1542 1464
260 83 1542 1178
261 84 1542 846
264 85 1542 1169
267 86 1542 1329
271 87 1542 1437
272 88 1542 620
274 89 1542 957
298 90 1542 1923
299 91 1542 757
299 92 1542 37
299 93 1542 50
300 94 1542 717
304 95 1542 1411
305 96 1542 779
307 97 1542 1127
307 98 1542 203
307 99 1542 154
308 100 1542 667
315 101 1542 1748
315 102 1542 353
316 103 1542 584
318 104 1542 938
323 105 1542 1536
325 106 1542 951
335 107 1542 1831
344 108 1542 1821
344 109 1542 249
345 110 1542 748
346 111 1542 503
348 112 1542 982
349 113 1542 574
350 114 1542 765
351 115 1542 779
354 116 1542 1225
355 117 1542 832
362 118 1542 1728
362 119 1542 107
362 120 1542 342
366 123 1542 102
366 122 1542 495
366 121 1542 1363
371 124 1542 1601
371 125 1542 314
373 126 1542 1041
378 127 1542 1528
379 128 1542 729
379 129 1542 271
380 130 1542 577
383 132 1542 370
383 131 1542 1299
388 133 1542 1551
394 134 1542 1616
397 135 1542 1143
398 136 1542 747
400 137 1542 879
400 138 1542 239
403 140 1542 217
403 139 1542 1235
407 141 1542 1422
412 142 1542 1541
412 143 1542 371
412 144 1542 208
416 145 1542 1419
423 146 1542 1700
427 147 1542 1387
430 148 1542 1209
441 150 1542 185
441 149 1542 1862
452 151 1542 1871
455 153 1542 96
455 152 1542 1323
462 154 1542 1737
465 155 1542 1229
468 156 1542 1252
468 157 1542 250
470 158 1542 908
471 159 1542 623
471 160 1542 494
475 161 1542 1348
477 162 1542 1102
482 163 1542 1550
487 164 1542 1597
491 165 1542 1374
491 166 1542 133
495 167 1542 1355
497 168 1542 883
502 170 1542 31
502 171 1542 346
502 169 1542 1546
503 172 1542 592
503 173 1542 493
512 174 1542 1814
513 175 1542 844
520 176 1542 1747
520 177 1542 124
529 179 1542 181
529 178 1542 1818
530 180 1542 539
535 181 1542 1578
535 182 1542 318
536 183 1542 791
536 184 1542 85
537 185 1542 630
551 186 1542 1900
551 187 1542 273
558 189 1542 386
558 188 1542 1739
567 191 1542 497
567 190 1542 1816
580 192 1542 1895
585 193 1542 1541
586 194 1542 740
587 195 1542 794
587 196 1542 320
604 197 1542 1915
605 198 1542 698
606 199 1542 759
609 201 1542 344
609 200 1542 1286
610 202 1542 504
615 203 1542 1588
625 204 1542 1830
633 205 1542 1764
636 206 1542 1279
637 207 1542 830
637 208 1542 207
639 209 1542 892
643 210 1542 1407
645 211 1542 1128
645 212 1542 357
646 213 1542 727
646 214 1542 84
647 215 1542 841
649 216 1542 1030
649 217 1542 310
653 218 1542 1465
655 219 1542 966
659 220 1542 1398
667 221 1542 1785
672 222 1542 1541
672 223 1542 497
678 224 1542 1655
682 225 1542 1459
682 226 1542 376
684 227 1542 976
690 228 1542 1678
692 229 1542 1019
693 230 1542 524
701 231 1542 1756
705 232 1542 1350
707 233 1542 1059
708 234 1542 820
708 235 1542 195
710 236 1542 1074
711 237 1542 655
713 239 1542 245
713 238 1542 885
716 240 1542 1276
718 241 1542 1070
718 242 1542 66
719 243 1542 847
721 244 1542 904
722 245 1542 688
722 246 1542 139
725 247 1542 1167
729 248 1542 1457
738 249 1542 1823
745 250 1542 1689
745 251 1542 9
745 252 1542 450
751 253 1542 1657
754 254 1542 1285
758 255 1542 1425
759 257 1542 7
759 256 1542 727
770 258 1542 1857
770 259 1542 371
774 260 1542 1388
774 261 1542 302
776 262 1542 1076
778 263 1542 1112
778 264 1542 368
783 265 1542 1575
790 266 1542 1702
793 267 1542 1222
803 268 1542 1832
812 269 1542 1813
819 270 1542 1691
819 271 1542 374
823 272 1542 1350
826 273 1542 1219
832 274 1542 1615
832 275 1542 328
839 276 1542 1718
840 277 1542 694
845 278 1542 1517
847 279 1542 967
850 280 1542 1319
852 281 1542 1133
856 282 1542 1444
864 283 1542 1779
867 284 1542 1255
868 285 1542 514
871 286 1542 1306
877 287 1542 1618
884 288 1542 1698
887 289 1542 1319
891 290 1542 1392
893 291 1542 1067
894 292 1542 722
895 293 1542 514
896 294 1542 782
898 295 1542 973
916 296 1542 1918
918 297 1542 879
918 298 1542 478
921 299 1542 1253
923 300 1542 910
924 301 1542 841
927 302 1542 1260
932 303 1542 1568
932 304 1542 132
935 305 1542 1314
936 306 1542 584
