2 0 619 898
3 1 619 576
3 2 619 121
3 3 619 471
4 4 619 740
7 5 619 1174
8 6 619 583
11 7 619 1286
13 8 619 1079
17 9 619 1364
17 10 619 481
21 11 619 1398
22 12 619 794
24 13 619 920
31 14 619 1732
32 15 619 554
32 16 619 334
33 17 619 639
36 18 619 1290
41 19 619 1565
43 20 619 894
46 21 619 1219
48 22 619 964
49 23 619 679
53 24 619 1401
53 25 619 125
58 26 619 1531
59 27 619 755
60 28 619 685
60 29 619 227
66 30 619 1676
67 31 619 737
68 32 619 698
71 33 619 1166
78 34 619 1749
78 35 619 156
78 36 619 84
80 37 619 908
83 38 619 1234
84 39 619 629
88 40 619 1357
88 41 619 312
90 42 619 1116
94 43 619 1378
99 44 619 1513
109 45 619 1848
116 48 619 377
116 46 619 1734
116 47 619 316
118 49 619 1102
124 50 619 1671
127 51 619 1256
134 52 619 1732
141 53 619 1710
149 54 619 1781
154 55 619 1603
159 56 619 1536
163 57 619 1367
165 58 619 994
166 59 619 615
171 60 619 1568
179 61 619 1752
180 62 619 600
181 63 619 851
187 64 619 1613
193 65 619 1668
194 66 619 699
199 67 619 1553
201 68 619 1096
206 69 619 1575
206 70 619 470
210 71 619 1350
213 72 619 1329
214 73 619 660
214 74 619 208
215 76 619 103
215 75 619 581
220 77 619 1511
222 78 619 1091
226 79 619 1477
226 80 619 316
229 81 619 1214
229 82 619 378
234 84 619 480
234 85 619 419
234 83 619 1508
236 86 619 930
238 87 619 913
241 88 619 1310
241 89 619 145
242 90 619 544
243 91 619 641
253 92 619 1838
254 93 619 619
256 94 619 986
261 95 619 1530
267 96 619 1636
267 97 619 264
274 98 619 1689
282 99 619 1769
285 100 619 1149
285 101 619 180
288 102 619 1145
289 103 619 726
290 105 619 320
290 104 619 631
300 106 619 1851
302 107 619 1071
307 108 619 1502
310 109 619 1199
315 110 619 1500
315 111 619 25
315 112 619 275
319 115 619 353
319 114 619 298
319 113 619 1441
323 116 619 1373
325 117 619 1017
325 118 619 371
328 119 619 1193
329 120 619 738
336 121 619 1711
336 122 619 242
338 123 619 950
340 124 619 1031
348 125 619 1753
352 126 619 1436
353 127 619 710
358 128 619 1599
359 129 619 603
361 130 619 869
369 131 619 1764
376 132 619 1746
379 136 619 69
379 135 619 135
379 133 619 1246
379 134 619 328
384 137 619 1576
386 138 619 876
386 139 619 159
386 140 619 493
394 141 619 1783
397 142 619 1336
397 143 619 110
398 144 619 570
399 145 619 519
399 146 619 366
399 147 619 396
399 148 619 320
400 150 619 156
400 149 619 632
401 151 619 619
410 153 619 496
410 152 619 1818
412 154 619 1031
416 155 619 1362
427 156 619 1862
427 157 619 194
433 158 619 1620
434 159 619 802
435 160 619 809
437 161 619 1140
441 162 619 1397
443 163 619 898
443 164 619 329
449 165 619 1660
449 166 619 203
451 167 619 954
453 168 619 1113
453 169 619 162
453 170 619 284
460 173 619 211
460 171 619 1721
460 172 619 140
461 174 619 700
463 175 619 880
463 176 619 375
463 177 619 131
463 178 619 379
464 179 619 512
468 180 619 1387
470 181 619 1039
470 182 619 390
472 183 619 966
472 184 619 446
472 185 619 249
483 186 619 1870
486 187 619 1250
486 188 619 215
488 189 619 891
488 190 619 197
497 191 619 1799
509 192 619 1881
509 193 619 73
512 194 619 1275
515 195 619 1277
515 196 619 386
515 197 619 437
522 198 619 1706
523 200 619 315
523 199 619 834
526 201 619 1336
529 202 619 1208
529 203 619 157
529 204 619 348
529 205 619 359
529 206 619 479
535 207 619 1607
542 208 619 1721
542 209 619 150
544 210 619 987
551 211 619 1730
558 212 619 1740
560 213 619 1108
563 214 619 1340
570 215 619 1694
571 216 619 750
571 217 619 430
571 218 619 452
571 219 619 79
578 220 619 1714
580 221 619 878
581 222 619 738
581 223 619 222
594 224 619 1889
594 225 619 410
602 226 619 1764
602 227 619 66
603 228 619 860
607 230 619 493
607 229 619 1347
618 231 619 1863
618 232 619 350
622 233 619 1470
622 234 619 196
622 235 619 50
630 236 619 1756
630 237 619 232
631 239 619 87
631 238 619 618
638 240 619 1695
638 241 619 263
642 242 619 1453
642 243 619 64
651 246 619 59
651 244 619 1828
651 245 619 391
652 247 619 773
653 248 619 658
658 249 619 1506
659 250 619 527
671 251 619 1881
687 252 619 1909
693 253 619 1626
695 254 619 1044
699 255 619 1362
700 256 619 597
702 258 619 193
702 257 619 986
713 259 619 1863
714 260 619 519
714 261 619 413
715 262 619 746
715 263 619 374
720 264 619 1582
722 265 619 1049
726 267 619 269
726 266 619 1380
728 268 619 911
731 269 619 1289
742 270 619 1863
743 271 619 518
750 272 619 1736
750 273 619 365
750 274 619 309
754 275 619 1451
758 276 619 1350
759 277 619 674
759 278 619 318
764 279 619 1497
764 280 619 350
766 281 619 991
769 282 619 1332
772 283 619 1279
773 284 619 820
774 285 619 537
786 286 619 1878
787 287 619 649
787 288 619 425
788 289 619 759
792 290 619 1378
793 291 619 769
793 292 619 39
794 293 619 680
798 294 619 1492
801 295 619 1281
805 296 619 1442
807 297 619 1079
807 298 619 407
808 299 619 778
810 300 619 936
817 301 619 1714
825 302 619 1787
828 303 619 1294
833 305 619 9
833 304 619 1568
833 306 619 144
