0 0 6 216
0 1457 6 1228
0 2225 6 1805
0 2595 6 769
0 1082 6 1621
0 2993 6 1491
0 713 6 1689
0 3353 6 1621
0 3354 6 310
0 3768 6 535
0 3769 6 404
0 3770 6 96
0 355 6 1899
0 4143 6 1537
0 4144 6 216
0 1855 6 561
0 1 6 182
1 1083 6 609
1 1459 6 51
1 1458 6 635
1 2596 6 834
1 1460 6 283
2 4145 6 1104
2 356 6 927
2 357 6 305
2 358 6 72
2 359 6 48
2 3355 6 874
3 1856 6 1341
3 3359 6 329
3 3357 6 128
3 3358 6 320
3 3356 6 814
3 2226 6 1223
4 360 6 893
4 2597 6 1293
5 2 6 1538
5 361 6 620
5 1084 6 1416
5 1857 6 875
5 1085 6 379
6 2996 6 300
6 2995 6 289
6 2994 6 1664
6 2227 6 1184
7 363 6 162
7 362 6 927
7 3 6 914
8 3771 6 1778
8 2228 6 888
8 714 6 1785
9 1086 6 1441
9 2997 6 1146
9 4146 6 1712
10 1461 6 1828
10 364 6 1288
11 4147 6 911
11 3772 6 1277
12 365 6 886
12 1087 6 1175
12 1088 6 156
12 2229 6 1450
12 366 6 320
13 2998 6 1431
13 3773 6 1123
14 3360 6 1866
14 1859 6 240
14 1858 6 1804
14 4 6 1720
14 5 6 406
15 1860 6 809
15 2999 6 980
15 2230 6 1301
15 1090 6 168
15 1089 6 1309
15 1462 6 1584
15 715 6 1745
16 3362 6 159
16 3361 6 955
16 2598 6 1880
16 1091 6 616
17 1862 6 290
17 1863 6 428
17 3363 6 682
17 367 6 1579
17 1861 6 958
17 1092 6 515
18 1864 6 708
18 1865 6 191
18 3774 6 1538
18 3364 6 774
19 1866 6 846
19 3777 6 285
19 3776 6 80
19 3775 6 586
19 2231 6 1468
19 6 6 1526
19 3000 6 1474
20 718 6 323
20 717 6 364
20 716 6 1540
21 3778 6 924
22 4149 6 414
22 4148 6 1866
22 2599 6 1652
22 3781 6 82
22 3780 6 478
22 3779 6 865
22 3365 6 1387
22 1867 6 1252
23 3001 6 1474
23 3002 6 85
23 1463 6 1761
24 369 6 333
24 370 6 441
24 7 6 1507
24 2600 6 1064
24 368 6 1706
24 3782 6 874
25 4151 6 189
25 8 6 566
25 4150 6 1188
25 1464 6 1013
25 719 6 1541
26 2232 6 1749
26 9 6 562
26 10 6 218
27 3783 6 1297
27 3366 6 1524
27 1465 6 1100
27 3367 6 16
27 1868 6 1571
28 2601 6 1386
28 2233 6 969
28 720 6 1227
28 1869 6 673
28 3003 6 1551
28 3784 6 586
28 371 6 1493
28 1870 6 430
28 3786 6 219
28 3785 6 114
29 722 6 236
29 3004 6 591
29 721 6 705
30 4153 6 110
30 4152 6 1565
30 3787 6 1137
30 1093 6 1893
31 1094 6 812
31 2602 6 1161
31 3369 6 279
31 3368 6 1377
31 3788 6 866
32 1466 6 1531
32 3370 6 569
32 3789 6 652
32 1871 6 1431
32 1096 6 99
32 1095 6 669
33 1467 6 563
33 3005 6 1493
33 372 6 1496
34 1468 6 501
34 11 6 1751
34 1872 6 1047
35 1874 6 61
35 3006 6 1061
35 1873 6 734
35 1097 6 1287
36 2234 6 1775
36 1469 6 1057
36 12 6 883
37 3008 6 67
37 3007 6 996
38 4154 6 1763
38 373 6 1564
38 3790 6 1616
39 1099 6 10
39 3009 6 1023
39 1098 6 1464
39 2235 6 1165
40 1100 6 751
40 13 6 1359
40 14 6 381
40 1101 6 371
40 15 6 408
40 723 6 1865
41 1471 6 190
41 1470 6 1540
41 16 6 845
41 17 6 104
41 18 6 166
41 1102 6 852
41 2603 6 1830
42 374 6 1468
42 2604 6 556
43 1877 6 140
43 1876 6 127
43 1875 6 1786
43 4155 6 1547
43 2236 6 1490
43 3010 6 1489
43 3371 6 1867
43 3372 6 296
43 3373 6 133
44 3791 6 1634
44 3374 6 832
44 375 6 1000
45 2605 6 1176
46 3376 6 470
46 3375 6 972
46 3011 6 1306
47 4157 6 409
47 376 6 1284
47 1472 6 1623
47 4156 6 1458
48 3792 6 1411
48 1878 6 1548
48 377 6 584
49 1473 6 998
49 19 6 1769
49 724 6 1802
49 1880 6 278
49 1879 6 777
49 2238 6 434
49 2237 6 1656
49 20 6 413
49 3012 6 1142
50 21 6 822
50 3793 6 1082
50 1474 6 622
50 1475 6 11
51 4158 6 1428
52 3013 6 1276
53 2239 6 1492
53 3377 6 1744
54 1476 6 1347
54 1477 6 130
54 1478 6 456
55 1103 6 1903
55 378 6 1744
56 1104 6 585
56 1881 6 1693
56 3014 6 1491
57 4159 6 1675
57 2241 6 474
57 2240 6 1352
57 380 6 5
57 379 6 933
57 4160 6 96
58 2606 6 1889
59 4161 6 1002
59 2607 6 798
59 1106 6 256
59 1105 6 1270
59 2608 6 272
59 726 6 40
59 381 6 907
59 2609 6 129
59 725 6 1835
59 4162 6 138
60 728 6 299
60 382 6 727
60 727 6 507
60 3794 6 1849
60 3378 6 1748
61 1107 6 920
61 3015 6 1577
62 4163 6 1156
62 4164 6 413
62 2610 6 1244
62 3379 6 871
63 4165 6 763
63 383 6 1296
63 1108 6 905
64 1882 6 1753
64 384 6 706
64 729 6 1455
64 2611 6 1108
64 1109 6 715
65 4166 6 1049
65 1110 6 720
65 3016 6 1428
66 1111 6 577
66 385 6 924
67 3795 6 1692
67 730 6 1289
67 3380 6 1570
68 3017 6 1302
68 3381 6 736
68 3382 6 158
68 3383 6 147
68 2242 6 1858
68 2612 6 1374
68 2243 6 132
69 1113 6 39
69 1114 6 337
69 1112 6 1220
69 2244 6 826
70 22 6 1920
70 2245 6 544
70 3796 6 1257
70 2613 6 1002
70 1479 6 1909
70 4167 6 1601
71 1481 6 303
71 1480 6 614
71 3018 6 1149
71 731 6 1394
71 732 6 63
72 3797 6 1108
72 3385 6 497
72 3798 6 187
72 3384 6 1454
73 1883 6 1797
73 3019 6 901
73 4168 6 1187
73 2246 6 1316
74 1482 6 1162
74 23 6 1421
75 388 6 434
75 386 6 1814
75 1884 6 1038
75 1484 6 349
75 1483 6 722
75 3386 6 1243
75 387 6 323
75 24 6 569
77 4169 6 1436
77 389 6 1027
78 1885 6 1334
79 2614 6 1802
79 1485 6 1354
80 25 6 1509
80 1886 6 1101
80 4170 6 1264
80 1115 6 1864
81 734 6 111
81 733 6 1838
81 2616 6 158
81 1486 6 1119
81 2615 6 1017
81 735 6 488
82 1887 6 952
82 1116 6 880
82 390 6 1575
83 3387 6 1778
83 391 6 635
83 4171 6 1190
83 392 6 305
84 1487 6 1341
84 1117 6 948
84 26 6 1495
84 393 6 533
84 3388 6 766
85 1118 6 825
85 3020 6 1885
85 736 6 1477
85 737 6 453
86 739 6 452
86 27 6 928
86 738 6 723
87 1119 6 1095
87 29 6 368
87 28 6 515
87 3390 6 490
87 4172 6 1415
87 3391 6 33
87 3392 6 240
87 740 6 642
87 741 6 357
87 1120 6 268
87 3389 6 1319
88 4173 6 817
88 743 6 396
88 744 6 391
88 2248 6 413
88 2247 6 1906
88 742 6 512
89 2618 6 427
89 2249 6 855
89 2617 6 1755
89 3799 6 1915
89 3021 6 1416
90 3022 6 856
90 3394 6 61
90 394 6 1681
90 3393 6 1311
91 2250 6 969
91 2251 6 293
91 1888 6 1821
91 3023 6 576
91 3024 6 128
92 395 6 937
92 2252 6 685
92 4174 6 1392
93 2619 6 1357
94 4177 6 315
94 4176 6 247
94 4178 6 381
94 4175 6 1020
94 3800 6 1542
94 3025 6 1211
94 3026 6 496
95 396 6 1340
95 2620 6 969
96 3802 6 109
96 3801 6 903
96 4179 6 997
96 4180 6 334
96 3395 6 1686
97 4184 6 354
97 4183 6 94
97 4182 6 491
97 4181 6 687
97 3803 6 643
98 3804 6 749
98 3805 6 40
98 31 6 76
98 30 6 1855
98 4185 6 837
98 745 6 1830
98 1121 6 1868
98 1488 6 1898
98 4186 6 4
98 2621 6 1186
98 2622 6 261
98 3806 6 160
98 2623 6 453
99 1891 6 56
99 1892 6 326
99 1889 6 1768
99 1489 6 693
99 4187 6 635
99 1890 6 408
99 33 6 17
99 32 6 657
99 3807 6 805
99 397 6 1485
100 1893 6 536
100 1894 6 68
100 2253 6 1794
100 1895 6 475
100 4188 6 835
101 3396 6 1495
101 3397 6 276
101 3398 6 456
101 3399 6 493
101 1896 6 807
101 1490 6 968
101 746 6 1176
102 2255 6 92
102 2254 6 1103
102 2624 6 1405
102 3808 6 1146
103 747 6 1117
103 748 6 124
104 398 6 1507
104 1897 6 1263
104 4190 6 417
104 2625 6 1060
104 4189 6 1414
105 2626 6 589
105 3809 6 1177
106 34 6 1691
106 2256 6 1413
106 2627 6 746
107 2628 6 792
107 4192 6 85
107 4191 6 1212
108 3027 6 1896
109 2258 6 463
109 2257 6 1304
109 749 6 1665
109 35 6 1266
110 4194 6 428
110 4193 6 1257
111 2259 6 871
111 4195 6 821
111 3031 6 432
111 3030 6 328
111 3029 6 17
111 3028 6 1255
111 1122 6 1891
111 2629 6 1438
111 4196 6 429
111 3400 6 1832
111 399 6 1719
112 4197 6 543
113 1898 6 1815
113 1899 6 175
113 3032 6 1094
113 3810 6 1780
114 2630 6 1244
114 1123 6 1254
114 36 6 1523
114 3033 6 845
114 4198 6 1123
115 37 6 606
115 3034 6 707
115 3401 6 1489
115 2260 6 1427
115 3402 6 479
116 38 6 552
116 1900 6 1158
116 401 6 222
116 2261 6 731
116 402 6 165
116 400 6 1507
117 3812 6 206
117 3811 6 1399
117 750 6 1794
117 751 6 271
117 3403 6 950
117 1492 6 60
117 1491 6 1909
117 39 6 814
117 3814 6 30
117 3813 6 215
118 403 6 1054
118 4200 6 54
118 4201 6 110
118 2262 6 1093
118 4199 6 1377
118 2264 6 233
118 2263 6 327
118 40 6 722
119 1493 6 869
119 41 6 858
120 2631 6 1651
120 3035 6 1583
120 2265 6 1047
120 404 6 979
121 1494 6 873
121 42 6 961
121 3036 6 523
121 752 6 1356
122 43 6 617
122 753 6 798
122 405 6 968
122 2632 6 1026
122 1495 6 853
123 3037 6 1000
123 3404 6 1612
123 754 6 761
124 3405 6 544
124 3406 6 337
124 3407 6 26
124 1496 6 1073
124 4202 6 1648
124 4203 6 430
125 2266 6 1596
125 407 6 447
125 406 6 1234
125 45 6 8
125 46 6 322
125 44 6 1200
125 3408 6 789
126 2633 6 1484
126 3815 6 1819
126 4204 6 1074
126 755 6 1152
126 3039 6 11
126 3038 6 1333
126 47 6 823
127 1498 6 19
127 1497 6 1152
128 2267 6 1155
128 3040 6 983
128 1901 6 1879
128 2634 6 890
128 3410 6 403
128 3409 6 1263
129 408 6 1488
129 3816 6 1212
129 409 6 236
130 410 6 614
130 3411 6 995
130 3412 6 305
130 412 6 485
130 1124 6 1912
130 2635 6 904
130 2636 6 160
130 411 6 343
131 2637 6 637
132 1501 6 331
132 1500 6 231
132 1499 6 1498
132 413 6 1064
132 3041 6 1352
132 1502 6 466
132 48 6 1644
132 414 6 42
132 1125 6 976
133 1902 6 1526
133 3042 6 823
134 1504 6 430
134 1503 6 997
134 2268 6 1628
134 2638 6 1342
134 3413 6 1373
135 2269 6 581
135 2270 6 319
135 3414 6 683
135 3817 6 1668
135 2271 6 358
135 1506 6 407
135 1505 6 829
136 3818 6 721
136 49 6 1487
136 2272 6 583
137 3415 6 1130
137 1126 6 1504
137 2273 6 744
137 1127 6 25
137 2639 6 1142
137 3043 6 1345
138 1128 6 786
138 3416 6 797
138 2274 6 614
138 3417 6 12
138 1903 6 1513
138 3819 6 974
138 2640 6 793
139 3820 6 828
140 1507 6 1558
141 2641 6 1306
141 3044 6 1470
141 2642 6 89
141 3420 6 144
141 3419 6 276
141 3418 6 1153
141 2275 6 1270
143 3045 6 878
143 1904 6 1526
144 756 6 1916
144 3046 6 660
144 1905 6 810
145 3047 6 606
145 1129 6 1750
145 757 6 768
145 2643 6 1475
145 50 6 1804
147 1130 6 1099
147 3421 6 1671
148 2644 6 1246
148 3822 6 401
148 415 6 1910
148 3821 6 1817
149 760 6 373
149 4205 6 1923
149 761 6 484
149 759 6 97
149 758 6 1487
150 762 6 512
150 2645 6 1137
150 2646 6 357
150 4206 6 699
150 3422 6 1174
150 3423 6 58
151 2276 6 1850
151 2647 6 758
151 4207 6 748
151 2648 6 401
151 2280 6 489
151 2279 6 178
151 2277 6 11
151 2278 6 95
152 51 6 1742
152 4208 6 643
153 763 6 1316
153 4209 6 742
153 1906 6 1796
154 2281 6 1242
155 2284 6 481
155 53 6 128
155 1907 6 1014
155 2282 6 771
155 52 6 1172
155 2283 6 33
156 1908 6 552
156 2649 6 1533
156 54 6 621
156 764 6 1334
156 4210 6 1300
157 2650 6 611
157 2285 6 1007
157 3424 6 1713
157 1508 6 1913
157 3823 6 1808
157 416 6 1818
158 3425 6 536
158 3826 6 367
158 3827 6 195
158 1910 6 433
158 1909 6 974
158 3825 6 387
158 3824 6 712
158 765 6 1138
158 2286 6 783
159 57 6 116
159 2651 6 1004
159 4212 6 27
159 58 6 344
159 59 6 211
159 1131 6 1878
159 4211 6 1143
159 56 6 187
159 55 6 1319
159 4213 6 431
159 766 6 794
159 767 6 385
160 60 6 836
160 2652 6 865
161 2653 6 523
161 3828 6 1199
161 1911 6 1201
161 61 6 597
162 4214 6 1341
162 2654 6 683
162 1132 6 1296
162 417 6 1555
163 62 6 991
163 63 6 197
163 1133 6 524
164 3426 6 1627
164 768 6 1577
164 64 6 632
164 65 6 142
164 1912 6 1252
165 4215 6 1334
166 1913 6 1026
166 3428 6 72
166 4217 6 44
166 4216 6 510
166 3427 6 909
166 419 6 364
166 418 6 1381
166 66 6 1093
167 4218 6 802
167 770 6 267
167 67 6 865
167 769 6 1296
168 3429 6 1070
168 420 6 997
169 3829 6 1770
169 771 6 1087
170 1134 6 1709
170 2287 6 1879
170 1509 6 1890
170 1510 6 71
170 1511 6 393
171 2655 6 1803
171 1512 6 772
172 3430 6 1402
172 3048 6 1924
172 3431 6 194
172 3049 6 87
172 68 6 1593
172 1513 6 650
172 4219 6 1501
172 3830 6 1253
173 2656 6 1124
173 3050 6 786
173 4221 6 414
173 4220 6 759
174 3831 6 896
174 4222 6 765
174 3832 6 97
174 772 6 1566
174 2658 6 425
174 69 6 1039
174 2657 6 708
175 3051 6 923
175 70 6 810
175 71 6 238
175 3432 6 1287
176 3833 6 934
176 1514 6 1361
177 1135 6 1725
178 2659 6 1421
178 2288 6 1790
178 3433 6 1254
179 3834 6 1248
179 72 6 1477
179 1914 6 1887
179 2660 6 587
180 3436 6 256
180 3435 6 81
180 3434 6 964
181 4223 6 1698
181 1915 6 1041
182 2661 6 1142
182 73 6 1276
182 3438 6 460
182 3437 6 1133
182 2662 6 6
183 2663 6 758
183 1916 6 1130
183 4225 6 51
183 1917 6 418
183 4224 6 1018
183 773 6 1796
184 74 6 1047
184 3835 6 1499
184 3439 6 909
184 3440 6 160
184 2289 6 1682
184 2664 6 810
185 774 6 898
185 1136 6 1760
185 4226 6 1105
185 4227 6 157
185 4228 6 388
186 1918 6 1315
186 4229 6 570
187 776 6 193
187 775 6 869
187 4230 6 590
187 3441 6 1216
188 75 6 1480
189 3442 6 988
189 2666 6 82
189 1919 6 1298
189 2665 6 1518
190 421 6 1922
190 2291 6 185
190 2290 6 1677
191 1515 6 1904
191 1140 6 123
191 1139 6 146
191 1138 6 23
191 1137 6 1642
191 1920 6 1015
192 1516 6 666
192 1142 6 269
192 1141 6 521
193 2292 6 1192
193 422 6 1145
193 4231 6 1629
193 1517 6 861
193 3443 6 1428
194 423 6 678
195 4232 6 1117
195 424 6 682
195 777 6 1765
195 3444 6 916
196 76 6 1786
196 3052 6 1922
196 1143 6 1366
197 3053 6 530
197 2293 6 1488
197 4233 6 928
197 1518 6 1412
197 1144 6 588
197 2294 6 65
198 2667 6 1814
198 2668 6 111
198 3837 6 231
198 2295 6 620
198 3836 6 1898
199 78 6 221
199 3838 6 547
199 778 6 1474
199 77 6 1302
199 4235 6 223
199 4234 6 942
199 3445 6 1419
199 3055 6 57
199 3054 6 1020
200 3839 6 545
200 3056 6 617
200 1921 6 1818
200 2669 6 897
200 79 6 561
201 2296 6 1306
201 4236 6 963
201 2670 6 856
201 4237 6 61
202 425 6 1730
202 1145 6 1515
202 1519 6 1583
203 4239 6 356
203 80 6 1186
203 4238 6 944
203 4240 6 137
204 3057 6 1434
204 81 6 671
204 1922 6 1356
205 426 6 1187
205 2671 6 1446
205 2672 6 412
205 1147 6 475
205 3446 6 1652
205 1146 6 1321
206 2297 6 1531
206 3447 6 791
206 4241 6 1181
207 82 6 1209
207 427 6 963
207 3448 6 627
208 3058 6 1422
208 3449 6 855
208 2673 6 1209
209 85 6 112
209 83 6 953
209 84 6 489
209 2674 6 563
210 1148 6 1556
210 3450 6 889
210 86 6 828
211 1925 6 374
211 1924 6 264
211 3059 6 1304
211 87 6 529
211 1923 6 1728
212 1149 6 872
212 3840 6 1878
213 779 6 1896
213 1926 6 1105
213 3060 6 997
214 3451 6 1483
214 88 6 1321
214 2675 6 1588
214 89 6 371
214 780 6 659
214 1927 6 511
215 2298 6 1823
215 3841 6 1338
215 781 6 848
215 782 6 383
215 3061 6 1090
215 1928 6 665
216 3452 6 1047
216 3453 6 180
216 3454 6 349
216 3455 6 160
216 90 6 1079
216 3456 6 314
216 2676 6 1096
216 3457 6 421
216 428 6 1808
216 783 6 559
217 1521 6 190
217 1520 6 1906
217 429 6 530
217 2677 6 711
218 1522 6 589
219 1150 6 1713
219 3458 6 1161
219 2679 6 267
219 2678 6 1132
220 93 6 340
220 91 6 1406
220 92 6 261
220 2680 6 702
220 1929 6 1510
221 1151 6 1076
221 1152 6 462
221 1153 6 368
221 784 6 1585
221 3063 6 49
221 3459 6 1076
221 3062 6 1666
222 1930 6 978
222 3064 6 694
222 430 6 1584
222 2299 6 1703
222 3460 6 842
223 785 6 1018
223 786 6 38
223 1932 6 249
223 1931 6 789
224 4243 6 93
224 4242 6 1916
224 4244 6 114
224 2301 6 161
224 3066 6 211
224 3067 6 297
224 2302 6 277
224 3065 6 1057
224 2300 6 872
225 1524 6 88
225 1523 6 1733
225 3068 6 569
226 3461 6 1353
226 787 6 1190
227 1154 6 1667
227 4245 6 1199
227 1933 6 1372
228 2682 6 345
228 2681 6 1755
228 1156 6 404
228 788 6 1076
228 1155 6 807
229 431 6 1724
230 1526 6 130
230 790 6 496
230 789 6 884
230 4246 6 1185
230 1525 6 1555
231 2683 6 1183
231 1528 6 125
231 1527 6 754
231 791 6 709
231 432 6 1001
231 433 6 25
232 2685 6 239
232 1939 6 227
232 2303 6 1756
232 1938 6 270
232 1937 6 239
232 1936 6 167
232 2684 6 827
232 3842 6 1915
232 1935 6 323
232 1934 6 1544
233 792 6 890
233 2304 6 535
233 2686 6 785
233 1157 6 1523
234 794 6 78
234 793 6 625
234 94 6 1902
234 95 6 125
234 2305 6 611
234 2687 6 502
234 795 6 158
235 2688 6 800
235 4247 6 1579
235 434 6 1350
235 3069 6 1833
236 1940 6 1462
236 1941 6 86
236 1942 6 399
237 3071 6 428
237 1943 6 847
237 3070 6 1054
237 2689 6 1011
238 3843 6 1614
238 1529 6 1694
238 3462 6 1879
239 3844 6 796
239 3845 6 217
239 1530 6 862
239 1531 6 194
239 1532 6 111
240 1944 6 1334
240 2306 6 1634
241 1533 6 882
242 796 6 1770
242 435 6 1707
242 96 6 1792
242 1945 6 1131
243 97 6 763
243 1946 6 728
243 436 6 742
243 3846 6 1427
244 2690 6 1705
244 797 6 1120
244 3463 6 1643
245 4248 6 1840
246 3847 6 1196
246 798 6 986
246 1947 6 1224
247 1534 6 1678
247 4250 6 310
247 1535 6 283
247 4249 6 1019
247 1948 6 573
247 4251 6 384
248 438 6 317
248 3848 6 1051
248 3850 6 479
248 3849 6 29
248 2691 6 1377
248 437 6 1597
248 2692 6 212
249 799 6 1177
249 1949 6 952
250 1158 6 1915
250 3072 6 1893
251 2307 6 1865
251 800 6 1036
252 3465 6 208
252 3464 6 1786
252 3073 6 1137
252 1950 6 1270
252 1951 6 389
252 801 6 790
253 3851 6 1514
253 3852 6 387
253 4252 6 1666
254 2308 6 1179
254 439 6 1662
255 1536 6 1762
255 1537 6 165
255 1538 6 292
255 1159 6 1534
255 3853 6 1138
256 802 6 1464
257 3854 6 1086
257 803 6 752
258 2693 6 1846
258 4253 6 1546
258 3466 6 1632
259 1539 6 1444
259 2694 6 555
259 4254 6 618
259 98 6 1909
260 440 6 1614
260 3467 6 976
260 3468 6 409
261 1540 6 947
261 99 6 1058
261 3469 6 602
261 804 6 1398
262 1161 6 230
262 3074 6 1843
262 2310 6 167
262 100 6 839
262 805 6 707
262 1162 6 133
262 2309 6 1758
262 1160 6 1690
263 3075 6 532
263 806 6 630
263 3855 6 1650
263 3470 6 873
264 3857 6 225
264 3856 6 502
264 1163 6 1080
264 4255 6 1565
264 3076 6 593
264 1952 6 1872
264 441 6 1366
264 2695 6 1575
265 1953 6 517
265 444 6 413
265 1541 6 1486
265 443 6 197
265 442 6 759
266 101 6 1381
266 2311 6 1401
267 1954 6 1085
267 4256 6 1270
267 2696 6 1299
267 807 6 1485
268 445 6 1232
268 3077 6 1436
268 446 6 149
268 3471 6 1589
269 1542 6 1352
269 1543 6 8
269 2312 6 1209
269 2313 6 285
269 2315 6 185
269 2314 6 382
269 102 6 1155
269 1164 6 1540
270 1544 6 622
270 1955 6 1264
270 2697 6 1256
270 3078 6 1031
270 103 6 605
270 1165 6 767
271 1956 6 523
271 2698 6 664
271 447 6 1166
271 1545 6 575
271 448 6 490
271 104 6 677
272 3472 6 1476
272 3473 6 244
272 3474 6 116
273 1546 6 1137
273 3475 6 852
273 1166 6 1206
273 3079 6 1174
274 1167 6 696
274 1168 6 254
274 3476 6 682
274 3080 6 551
275 3859 6 362
275 1169 6 536
275 1170 6 103
275 3858 6 1856
276 1547 6 1334
276 808 6 1824
276 106 6 265
276 105 6 1566
277 2699 6 1652
278 1957 6 1722
278 449 6 1695
278 1171 6 1163
279 2701 6 468
279 4257 6 1875
279 2700 6 1054
280 3860 6 1598
280 1172 6 924
280 450 6 1044
280 2702 6 647
280 3477 6 1671
280 1548 6 1432
281 2316 6 1885
281 1958 6 1248
281 1173 6 679
282 1549 6 893
282 1550 6 186
282 1551 6 211
282 3479 6 293
282 4258 6 1336
282 3478 6 1066
283 3081 6 1814
283 2317 6 1060
283 1174 6 972
283 3480 6 808
284 4259 6 1023
284 1959 6 1151
284 2703 6 1429
284 3481 6 835
284 3482 6 281
285 2704 6 676
285 4260 6 817
285 107 6 1820
285 809 6 1816
286 3483 6 1141
286 4261 6 541
286 3484 6 181
286 4262 6 360
286 4263 6 72
286 4264 6 152
287 452 6 104
287 108 6 1006
287 811 6 150
287 2705 6 1089
287 451 6 1710
287 810 6 959
288 1552 6 1665
288 2706 6 592
288 1553 6 360
289 109 6 1066
289 1175 6 1672
290 1960 6 1629
290 812 6 1219
290 453 6 1143
291 454 6 722
291 4266 6 25
291 4265 6 1596
291 2318 6 1770
293 2707 6 1580
293 110 6 1458
293 1962 6 349
293 1961 6 1285
293 1555 6 41
293 1554 6 1517
293 4267 6 1023
293 3861 6 1889
294 2320 6 264
294 2319 6 1151
294 1176 6 1598
294 111 6 809
295 1177 6 524
295 1963 6 967
295 813 6 1516
296 1179 6 397
296 1178 6 665
296 455 6 1509
296 3485 6 1843
297 3082 6 1896
297 4268 6 1413
298 456 6 1002
298 3486 6 1072
298 3862 6 1531
299 4269 6 1117
299 814 6 1363
299 1556 6 1666
299 4271 6 449
299 4270 6 370
300 3083 6 1168
300 3487 6 1107
300 1557 6 658
300 2321 6 1642
301 4272 6 1025
301 1180 6 1580
301 3863 6 1300
301 4273 6 445
302 1558 6 908
302 458 6 372
302 3488 6 904
302 457 6 1411
303 2322 6 1289
303 815 6 1450
303 1181 6 1029
303 1182 6 393
303 3489 6 803
303 3084 6 1156
303 112 6 1820
303 1559 6 799
303 816 6 100
304 1560 6 699
305 2708 6 1885
305 459 6 1173
305 4274 6 1364
306 3085 6 1330
306 3086 6 435
307 3087 6 564
307 2709 6 1020
308 2711 6 413
308 2710 6 706
309 1561 6 1577
310 4276 6 422
310 3490 6 1691
310 113 6 1708
310 4275 6 1503
311 4277 6 672
311 3864 6 1848
312 460 6 1706
312 461 6 271
312 115 6 164
312 114 6 949
313 1184 6 36
313 1563 6 218
313 1183 6 1839
313 1562 6 1432
313 462 6 564
313 1185 6 22
313 3865 6 884
313 2713 6 157
313 2712 6 1501
314 3088 6 1749
314 2323 6 1870
314 2714 6 718
315 116 6 1312
315 3089 6 649
315 2325 6 133
315 817 6 1878
315 463 6 957
315 1964 6 1920
315 2715 6 757
315 1564 6 1027
315 117 6 37
315 2324 6 829
316 3866 6 1301
316 4278 6 1584
316 464 6 577
316 2716 6 797
317 1186 6 1415
317 465 6 814
317 2326 6 1091
317 3090 6 966
317 2717 6 747
318 3491 6 1759
319 3867 6 1197
319 2327 6 1020
319 3091 6 1013
319 1187 6 928
320 2328 6 679
320 466 6 1266
320 1965 6 1569
320 1188 6 782
320 467 6 460
321 819 6 316
321 118 6 1633
321 3868 6 892
321 3869 6 456
321 818 6 1656
322 119 6 520
322 1189 6 902
322 1966 6 951
323 4279 6 1744
323 820 6 1100
324 1566 6 281
324 1565 6 1802
324 3092 6 1502
324 3093 6 29
324 4280 6 791
325 120 6 1238
325 1191 6 237
325 1190 6 1320
326 3094 6 939
326 468 6 1638
326 469 6 260
326 121 6 564
328 821 6 1528
328 4282 6 242
328 2718 6 1855
328 4281 6 1450
329 471 6 220
329 470 6 1167
329 2719 6 571
330 2720 6 733
330 122 6 1469
331 1192 6 1652
331 1194 6 381
331 4285 6 205
331 3870 6 1846
331 4283 6 1294
331 1967 6 1804
331 822 6 1234
331 4284 6 260
331 1193 6 414
332 3492 6 1896
332 823 6 693
332 472 6 1237
333 123 6 1221
333 824 6 799
333 1567 6 1814
333 3871 6 981
335 3494 6 67
335 1968 6 1406
335 1568 6 897
335 2721 6 1505
335 3493 6 1309
335 3872 6 1120
335 3873 6 176
335 3095 6 1817
336 3495 6 731
337 2722 6 1013
337 1569 6 1078
337 1570 6 142
337 3874 6 1020
337 826 6 197
337 825 6 1483
338 473 6 1644
338 1571 6 501
339 474 6 674
339 3496 6 1262
339 1572 6 569
339 2329 6 1919
339 2723 6 1024
339 827 6 940
340 1195 6 1818
340 1196 6 387
340 1969 6 1564
341 3096 6 1611
341 3875 6 1415
341 2724 6 1117
342 3097 6 773
342 1197 6 1114
342 3497 6 1270
342 1970 6 873
343 3098 6 651
343 3099 6 412
344 3102 6 37
344 475 6 1555
344 4286 6 1887
344 3103 6 91
344 3101 6 363
344 3100 6 667
344 1971 6 890
344 1972 6 147
345 2725 6 1404
345 124 6 1884
346 3105 6 358
346 828 6 1717
346 3104 6 957
346 1973 6 1088
347 829 6 740
347 3498 6 1567
347 476 6 1162
348 3499 6 707
348 2727 6 491
348 125 6 1328
348 3106 6 954
348 2726 6 1234
349 477 6 947
349 2728 6 654
349 478 6 265
349 4288 6 310
349 3107 6 784
349 4287 6 1496
349 830 6 1023
350 1198 6 1751
350 3108 6 611
350 3109 6 488
350 3876 6 1826
351 3877 6 712
351 2729 6 912
351 831 6 997
351 2730 6 288
352 4289 6 1302
352 2332 6 113
352 833 6 296
352 832 6 779
352 1573 6 1893
352 2330 6 1888
352 2331 6 319
352 2333 6 316
353 3879 6 494
353 3878 6 1011
353 834 6 860
353 1575 6 419
353 479 6 1374
353 1574 6 636
354 4290 6 878
354 1576 6 762
354 1974 6 1760
354 3110 6 1389
355 3880 6 884
355 1577 6 581
355 2334 6 1230
355 2335 6 328
355 3500 6 1712
356 3113 6 248
356 3112 6 402
356 3111 6 1105
356 3501 6 676
356 1975 6 928
356 3503 6 25
356 4291 6 1013
356 3502 6 382
357 2336 6 964
357 3114 6 752
357 3881 6 1095
357 1578 6 1111
357 4292 6 650
357 1199 6 1746
357 1200 6 308
358 480 6 1580
358 1202 6 220
358 481 6 21
358 482 6 473
358 483 6 112
358 1201 6 624
359 2337 6 939
359 3115 6 1108
359 2732 6 46
359 2731 6 1765
359 3882 6 1069
360 1203 6 1020
360 1976 6 1418
361 1580 6 418
361 1977 6 508
361 835 6 1793
361 3116 6 1118
361 3117 6 497
361 1978 6 394
361 1204 6 768
361 1579 6 1437
362 484 6 1411
362 126 6 1901
362 3883 6 1169
362 1581 6 720
362 1206 6 152
362 1205 6 550
362 3118 6 818
363 1979 6 1057
363 2733 6 1404
363 2338 6 1422
364 127 6 1136
364 836 6 1308
365 3119 6 1288
365 2735 6 233
365 2734 6 1137
365 3884 6 1291
365 1582 6 1246
366 3120 6 622
367 2736 6 1108
367 128 6 1298
367 4293 6 1845
368 2737 6 840
368 1583 6 1156
368 1980 6 1570
369 1207 6 1707
369 2738 6 507
369 129 6 921
369 837 6 1556
371 838 6 1086
371 3121 6 1572
371 485 6 1799
371 3885 6 1664
371 3504 6 1907
371 2339 6 1795
371 3122 6 472
371 4294 6 1463
372 1208 6 1320
372 3886 6 509
373 840 6 387
373 839 6 878
373 1584 6 1507
373 841 6 478
374 3506 6 7
374 1585 6 651
374 1586 6 454
374 3887 6 884
374 2340 6 1297
374 3505 6 1225
375 3507 6 802
375 3508 6 63
375 130 6 1613
375 2341 6 842
375 2739 6 1663
376 842 6 1290
376 2342 6 699
376 2343 6 32
376 4295 6 1520
377 131 6 1023
377 4296 6 820
377 1981 6 1805
377 486 6 1620
379 3509 6 1422
379 843 6 1184
380 2740 6 1572
380 132 6 1317
380 1587 6 1676
381 2344 6 1515
381 3123 6 1844
381 2345 6 276
382 2741 6 1130
382 3125 6 40
382 3124 6 866
382 3888 6 1772
382 133 6 1087
383 2742 6 542
383 2346 6 901
383 3126 6 850
383 3510 6 1402
383 1588 6 1290
384 3511 6 568
385 2347 6 906
385 487 6 1783
387 3889 6 1522
387 3512 6 1280
387 2348 6 1105
387 4297 6 1843
388 488 6 1228
388 134 6 1647
388 3513 6 867
388 3514 6 267
388 3515 6 6
388 1982 6 1863
389 844 6 1849
389 845 6 346
389 1589 6 1636
389 3890 6 997
390 2743 6 1705
390 2744 6 305
390 3516 6 1071
390 1590 6 541
391 3517 6 738
391 1209 6 1920
392 1591 6 1103
393 1210 6 1133
393 2745 6 1291
393 846 6 1415
394 3129 6 25
394 1984 6 240
394 1983 6 1637
394 3127 6 1864
394 3128 6 198
395 3893 6 185
395 3130 6 845
395 3891 6 1672
395 3518 6 1462
395 135 6 1729
395 1985 6 588
395 3892 6 300
395 1592 6 1181
396 847 6 1299
396 2349 6 1804
396 489 6 1766
396 1986 6 841
397 490 6 705
397 2350 6 660
397 2351 6 246
397 3894 6 871
399 848 6 1187
399 1593 6 1418
399 136 6 1441
400 491 6 1255
400 138 6 275
400 850 6 57
400 137 6 604
400 849 6 553
400 1594 6 744
401 139 6 847
402 2746 6 1801
402 2747 6 54
402 1211 6 1805
402 1987 6 1657
402 1988 6 286
402 3131 6 1744
402 1989 6 280
403 1596 6 53
403 1595 6 1294
403 2352 6 1685
403 3132 6 785
403 492 6 1225
403 1212 6 857
404 2353 6 671
404 2748 6 1127
404 3133 6 618
405 3135 6 188
405 493 6 1069
405 3134 6 507
405 1597 6 1133
406 3519 6 1867
407 1598 6 906
408 1213 6 1517
408 2354 6 1438
408 3520 6 1061
408 1600 6 293
408 1599 6 745
409 1991 6 369
409 851 6 1817
409 3521 6 524
409 140 6 1772
409 3522 6 71
409 1990 6 1725
411 141 6 932
411 1602 6 437
411 2355 6 1155
411 1992 6 916
411 1601 6 1248
411 2749 6 1723
411 1603 6 354
412 2356 6 796
412 2357 6 331
412 1604 6 751
412 2750 6 778
413 852 6 1388
413 3136 6 1777
413 1993 6 1043
413 2751 6 551
414 2359 6 402
414 1994 6 522
414 1995 6 177
414 3895 6 1914
414 2358 6 927
414 854 6 77
414 3523 6 1530
414 853 6 669
415 3524 6 835
415 142 6 1448
415 143 6 255
416 145 6 270
416 2752 6 1326
416 2753 6 93
416 144 6 838
417 494 6 1880
417 3525 6 1038
418 2360 6 1444
418 2754 6 919
418 855 6 1432
418 1605 6 1610
419 2361 6 614
420 1996 6 1662
420 495 6 1343
420 1214 6 1879
421 146 6 1510
421 1215 6 660
421 147 6 478
421 3896 6 1732
421 496 6 802
422 2755 6 1474
422 3138 6 211
422 3137 6 1805
422 856 6 1481
422 3897 6 614
422 2362 6 1186
423 857 6 771
423 1606 6 1566
423 3526 6 1617
423 3139 6 798
423 3527 6 166
423 3528 6 177
423 3140 6 376
424 148 6 1316
424 1997 6 1357
425 2363 6 1185
425 1998 6 851
426 2756 6 1379
426 3529 6 1309
428 497 6 1727
428 3141 6 1575
429 1217 6 218
429 1216 6 1761
429 3898 6 1690
430 1607 6 1696
431 2758 6 311
431 2757 6 1547
431 1218 6 1043
431 149 6 1738
431 3530 6 1515
432 1999 6 1690
432 150 6 737
432 2000 6 179
433 2001 6 849
433 498 6 1545
433 2364 6 1794
434 3531 6 1337
434 2759 6 1196
434 3532 6 103
434 3533 6 359
435 3534 6 506
435 3535 6 131
435 858 6 1877
435 3536 6 453
435 3537 6 256
436 1219 6 1517
436 1608 6 1649
438 3538 6 1158
438 499 6 1523
438 1609 6 1097
439 1221 6 278
439 3899 6 1837
439 1220 6 1276
440 3901 6 230
440 3142 6 1877
440 3900 6 841
440 2002 6 1743
440 3539 6 881
440 151 6 1754
440 3902 6 304
441 2365 6 1773
441 3904 6 108
441 3903 6 594
441 1610 6 1204
442 152 6 1054
442 2003 6 934
442 2760 6 1779
442 2761 6 101
442 2004 6 78
442 2005 6 379
442 2006 6 242
443 3143 6 1261
443 1611 6 1085
443 2007 6 784
444 2008 6 681
444 2009 6 157
444 2762 6 926
444 2366 6 1287
445 3906 6 394
445 3907 6 210
445 3908 6 118
445 859 6 1839
445 3905 6 1422
446 860 6 509
446 153 6 1389
446 2367 6 892
446 2763 6 972
446 3144 6 1184
447 1612 6 1472
447 2764 6 732
448 2765 6 866
448 2766 6 367
448 2767 6 96
448 2368 6 979
448 2369 6 53
449 1222 6 1839
450 3909 6 1596
450 2769 6 484
450 2768 6 945
450 3540 6 1836
450 3541 6 269
451 2370 6 1145
451 1613 6 1396
451 500 6 1891
451 1614 6 380
452 3542 6 1044
452 861 6 1615
452 1223 6 1277
452 2010 6 1770
452 2011 6 14
453 2371 6 945
453 154 6 1745
453 155 6 275
454 3145 6 1785
454 1224 6 1141
455 2013 6 190
455 2770 6 1574
455 3146 6 611
455 2012 6 1328
456 3543 6 1407
457 3910 6 1748
457 501 6 1614
458 2372 6 1563
458 3147 6 1253
459 862 6 1692
459 3544 6 1326
460 2014 6 1506
461 3148 6 1201
461 3546 6 479
461 3545 6 1122
461 863 6 1084
461 502 6 1452
461 503 6 229
462 864 6 793
462 504 6 527
462 1225 6 1791
463 508 6 468
463 507 6 384
463 506 6 472
463 505 6 824
463 3547 6 1028
463 156 6 1837
464 3911 6 1714
465 510 6 346
465 3549 6 60
465 3548 6 1042
465 511 6 54
465 509 6 1091
466 1617 6 276
466 1226 6 1435
466 1616 6 331
466 3912 6 1138
466 1615 6 1904
467 1619 6 375
467 1618 6 636
467 2015 6 1749
467 1228 6 298
467 1227 6 509
467 2771 6 1881
467 2772 6 240
467 2773 6 191
468 512 6 1146
469 2774 6 923
469 1229 6 1078
469 3149 6 1756
470 3913 6 1361
470 3550 6 1585
470 3150 6 698
470 513 6 922
471 1620 6 1347
471 3551 6 524
471 2016 6 1347
472 2373 6 1900
472 1230 6 1284
472 1231 6 484
472 1621 6 530
472 2017 6 636
472 3151 6 1114
473 1232 6 698
473 1622 6 524
473 2018 6 726
474 2775 6 1528
474 157 6 1859
474 1233 6 844
474 1234 6 88
474 3914 6 1403
475 3915 6 503
475 158 6 645
475 865 6 1886
475 514 6 1517
476 3919 6 184
476 3920 6 375
476 3921 6 416
476 3916 6 820
476 1623 6 1185
476 2019 6 1331
476 2776 6 963
476 1235 6 955
476 3918 6 9
476 3917 6 361
477 2020 6 727
477 1236 6 808
477 1624 6 537
478 866 6 1296
478 3552 6 1733
478 159 6 1273
479 1625 6 963
479 2777 6 1233
480 867 6 923
480 3922 6 1349
480 2021 6 1219
480 1237 6 1298
480 2374 6 1778
480 2778 6 719
481 515 6 1684
481 868 6 655
482 1238 6 1070
482 1626 6 1245
483 3923 6 1294
483 160 6 1589
484 2375 6 1347
484 3553 6 1624
484 3152 6 1880
484 1627 6 1076
485 869 6 1494
485 2022 6 1517
485 161 6 1054
485 871 6 468
485 870 6 141
486 872 6 791
486 2376 6 942
486 1239 6 1410
486 162 6 521
486 163 6 84
487 2023 6 1126
487 3153 6 1287
487 873 6 778
487 3924 6 1384
487 3925 6 173
487 1628 6 1149
488 516 6 1722
488 2779 6 1751
488 3926 6 681
488 517 6 452
489 2377 6 1257
489 2378 6 355
489 3554 6 1571
490 1630 6 366
490 1629 6 1267
490 3927 6 935
490 2379 6 552
490 165 6 435
490 164 6 1378
492 518 6 1471
492 3555 6 1187
493 3556 6 605
493 2381 6 184
493 3928 6 1230
493 519 6 702
493 2380 6 1156
493 2780 6 1528
494 3557 6 777
494 1240 6 1795
494 166 6 1416
494 3154 6 1715
495 3929 6 1031
495 167 6 732
495 2024 6 1764
495 168 6 61
495 1631 6 1553
495 520 6 1119
496 2781 6 1180
496 2025 6 504
496 3155 6 1019
496 3558 6 1114
497 874 6 1853
498 3559 6 869
498 875 6 621
498 876 6 238
498 169 6 1145
498 877 6 49
499 878 6 768
499 170 6 648
499 879 6 453
499 880 6 68
499 521 6 1408
499 2782 6 1288
500 171 6 708
500 1633 6 366
500 2783 6 856
500 2784 6 134
500 1241 6 1633
500 881 6 823
500 1632 6 1599
501 3930 6 1607
502 522 6 1157
503 2382 6 1839
503 1634 6 1143
503 3560 6 1532
504 2383 6 799
504 3931 6 1211
505 1242 6 1532
505 3157 6 117
505 3156 6 1815
505 1635 6 1095
505 1636 6 283
506 2785 6 1661
506 3932 6 946
506 172 6 1686
506 2786 6 439
506 882 6 1677
506 1243 6 786
507 173 6 786
507 2384 6 1258
507 1638 6 405
507 1637 6 892
508 3158 6 1149
508 3933 6 1099
508 174 6 673
508 175 6 305
509 883 6 1164
510 3159 6 916
510 2026 6 1899
510 176 6 1041
510 884 6 682
511 3561 6 1765
511 523 6 1797
512 2027 6 1028
512 3562 6 625
512 885 6 1131
513 3934 6 1578
513 177 6 1214
513 2028 6 565
513 3563 6 679
513 178 6 382
513 2385 6 1642
513 1244 6 1693
514 2386 6 559
514 3160 6 1432
514 3935 6 654
515 524 6 1480
515 3937 6 474
515 3936 6 791
516 3161 6 1014
516 1639 6 1822
517 887 6 109
517 888 6 218
517 1245 6 1440
517 3162 6 586
517 886 6 1534
517 3938 6 1061
518 2788 6 485
518 3163 6 586
518 2387 6 1366
518 1640 6 1009
518 2029 6 1583
518 2787 6 1877
519 1644 6 432
519 1642 6 26
519 1641 6 682
519 2388 6 802
519 2389 6 75
519 179 6 1614
519 1643 6 192
520 1246 6 1304
520 1247 6 134
520 1248 6 459
521 890 6 312
521 2031 6 61
521 889 6 1352
521 2030 6 1191
522 891 6 537
523 2789 6 1588
523 2390 6 1456
523 3566 6 465
523 3565 6 65
523 3564 6 1832
523 1645 6 1380
523 3164 6 1567
524 2392 6 12
524 2391 6 632
524 2790 6 779
525 3939 6 1794
525 3569 6 135
525 525 6 1836
525 3567 6 920
525 3568 6 360
526 1253 6 233
526 2032 6 1582
526 1252 6 70
526 1251 6 168
526 1250 6 57
526 1249 6 1645
526 2393 6 1019
526 180 6 1743
526 2394 6 350
526 1255 6 30
526 1254 6 469
527 892 6 1604
527 526 6 919
527 2033 6 628
527 1256 6 710
527 2395 6 683
527 527 6 168
528 1257 6 867
528 2791 6 1486
528 1646 6 1556
528 3940 6 1270
528 3941 6 298
528 3166 6 320
528 3165 6 1570
529 2792 6 529
529 3943 6 176
529 3942 6 766
529 3570 6 1478
529 2034 6 878
530 2035 6 720
530 2036 6 62
530 181 6 1423
530 3571 6 815
530 893 6 1171
530 894 6 368
531 895 6 697
532 898 6 391
532 2793 6 1235
532 897 6 205
532 896 6 710
532 2396 6 1581
532 2037 6 928
533 528 6 1688
535 3572 6 1504
535 1647 6 1709
535 3167 6 1708
536 3574 6 31
536 3944 6 1698
536 2397 6 1438
536 3573 6 580
536 2398 6 162
536 529 6 1255
537 530 6 753
537 2038 6 1559
537 1258 6 1803
537 1648 6 1037
537 182 6 1744
537 3575 6 791
538 1649 6 765
539 1259 6 902
539 3945 6 1207
540 1650 6 962
540 3946 6 533
541 1260 6 1040
541 3947 6 863
541 531 6 1360
541 3576 6 1405
541 3168 6 1665
541 184 6 184
541 183 6 1485
541 2794 6 1808
542 3169 6 564
542 3577 6 589
542 3578 6 204
542 2399 6 1667
542 3949 6 368
542 3948 6 707
544 3950 6 1093
544 2400 6 913
544 2401 6 8
544 532 6 1327
545 2040 6 346
545 3170 6 1255
545 2795 6 1470
545 2039 6 1785
545 2796 6 203
545 2041 6 57
545 899 6 1887
545 533 6 666
546 1261 6 1567
547 900 6 975
547 901 6 491
547 2042 6 976
547 1651 6 1702
547 2043 6 129
547 2044 6 435
547 1652 6 497
548 3579 6 1638
548 902 6 643
548 3951 6 1371
548 1653 6 530
548 3172 6 285
548 3173 6 19
548 3171 6 1238
549 3580 6 558
549 185 6 1784
549 2797 6 1495
549 3952 6 605
549 534 6 1408
550 1263 6 241
550 1262 6 1409
550 3174 6 912
550 3581 6 589
551 1264 6 635
551 2798 6 973
551 1654 6 1322
552 3175 6 971
552 3582 6 1049
552 3583 6 116
552 1265 6 649
554 1267 6 13
554 904 6 411
554 3953 6 1506
554 2402 6 1852
554 903 6 1617
554 2045 6 1710
554 1266 6 1106
555 2799 6 1364
556 2403 6 1052
556 2046 6 965
557 2404 6 658
557 1655 6 1688
557 2047 6 725
557 2800 6 924
558 3954 6 1461
558 3955 6 424
558 3584 6 1649
558 1268 6 1429
558 1656 6 724
558 3176 6 1619
559 905 6 1513
559 3956 6 805
560 1269 6 924
560 3585 6 990
560 3177 6 1135
561 1657 6 1176
561 2048 6 1462
561 906 6 1025
561 3957 6 934
561 3178 6 660
562 186 6 1893
562 537 6 243
562 536 6 493
562 535 6 1891
562 2049 6 698
562 907 6 610
563 3958 6 1135
563 3179 6 1005
563 2405 6 1640
563 908 6 741
563 2050 6 755
564 2406 6 607
564 2801 6 1704
565 3586 6 1529
565 2051 6 1026
565 3587 6 403
566 2802 6 1033
566 3588 6 712
566 2052 6 630
567 538 6 1509
567 2804 6 148
567 3180 6 1354
567 2803 6 642
567 909 6 1381
568 1271 6 462
568 2806 6 311
568 2805 6 821
568 1270 6 1777
568 1658 6 1742
568 539 6 587
569 3589 6 1244
570 2053 6 1444
570 1272 6 1073
570 2807 6 1134
570 910 6 1193
571 2407 6 1709
571 540 6 1327
572 2408 6 817
572 2409 6 91
572 2054 6 962
572 187 6 1853
572 2410 6 213
572 3181 6 1522
572 2808 6 1094
573 3182 6 663
573 3183 6 367
573 3590 6 1451
574 912 6 2
574 911 6 1431
574 2055 6 885
574 541 6 1235
574 3959 6 1860
575 1273 6 1557
575 188 6 1267
575 2809 6 1316
575 1661 6 490
575 1660 6 364
575 1659 6 1712
575 3960 6 740
576 2411 6 1463
576 2811 6 146
576 3184 6 1251
576 1663 6 382
576 1662 6 547
576 2810 6 510
577 2812 6 827
577 542 6 1314
577 543 6 136
577 2056 6 1256
577 1664 6 731
577 2813 6 485
578 913 6 1423
578 2057 6 617
578 3591 6 1601
579 3961 6 1383
579 189 6 1371
580 3592 6 1066
580 2058 6 1095
580 3593 6 289
581 544 6 1419
581 1274 6 1647
581 3962 6 905
582 2814 6 1593
582 1665 6 1576
582 545 6 650
582 3185 6 1656
582 546 6 109
582 547 6 303
583 2815 6 599
583 3594 6 1273
583 3963 6 1011
583 3595 6 70
584 2816 6 737
584 2817 6 69
585 2818 6 837
585 2059 6 1499
585 2060 6 405
586 1666 6 1410
586 548 6 1477
586 549 6 196
586 914 6 1771
586 1275 6 1568
587 2062 6 218
587 2820 6 426
587 2061 6 1139
587 2819 6 995
587 2821 6 414
587 1276 6 670
588 1667 6 1106
588 3597 6 364
588 190 6 1817
588 3596 6 1568
588 1668 6 252
589 2063 6 1022
589 1277 6 1052
590 2413 6 374
590 2412 6 1901
590 3186 6 1789
591 551 6 350
591 552 6 256
591 1669 6 1210
591 550 6 1545
591 2064 6 891
592 553 6 842
592 555 6 483
592 556 6 457
592 2822 6 1536
592 554 6 404
592 915 6 1611
593 191 6 1507
593 2414 6 1170
593 3598 6 1500
594 1278 6 1509
594 3187 6 1422
595 2823 6 1282
595 3188 6 828
596 3599 6 1261
596 2415 6 1260
597 3600 6 657
597 2417 6 386
597 1670 6 1620
597 2416 6 699
597 557 6 1580
598 2065 6 1709
598 2066 6 357
598 558 6 674
599 3190 6 297
599 559 6 615
599 3189 6 1412
599 2067 6 699
600 1279 6 1626
600 3964 6 1913
600 1280 6 487
601 2825 6 88
601 2824 6 1630
601 3601 6 1483
601 3965 6 537
601 1671 6 1363
602 3967 6 38
602 3602 6 667
602 3966 6 767
602 2068 6 1237
603 916 6 1862
603 1281 6 1300
603 2069 6 785
603 1282 6 49
604 918 6 401
604 917 6 528
604 3603 6 906
604 1283 6 577
605 3604 6 507
605 192 6 1883
605 3191 6 1659
605 2826 6 1351
606 3605 6 769
606 1284 6 1021
606 3192 6 655
607 193 6 927
607 2828 6 307
607 2827 6 929
607 2418 6 1852
607 2419 6 151
608 3606 6 945
608 1290 6 244
608 1289 6 58
608 1288 6 374
608 1287 6 464
608 1286 6 413
608 1285 6 1115
609 2071 6 418
609 919 6 1586
609 3193 6 1219
609 2070 6 1686
609 3968 6 1708
609 920 6 352
609 561 6 303
609 560 6 1829
610 1672 6 1795
610 3969 6 748
610 562 6 621
610 194 6 1182
610 2420 6 1213
611 1673 6 738
611 2072 6 1002
611 2829 6 1377
611 3607 6 1152
611 196 6 411
611 195 6 717
612 2073 6 865
612 563 6 1138
612 564 6 338
612 3194 6 1291
612 921 6 1186
613 922 6 704
614 1674 6 1290
614 565 6 911
614 2830 6 1324
614 2074 6 985
615 2075 6 670
615 197 6 1363
615 2076 6 243
615 1675 6 665
615 566 6 652
615 567 6 480
615 3195 6 1286
616 1677 6 331
616 923 6 1228
616 3608 6 1593
616 1676 6 503
616 199 6 403
616 3971 6 346
616 198 6 802
616 3970 6 1636
617 200 6 778
617 3196 6 989
617 1678 6 753
617 3609 6 779
618 203 6 171
618 2832 6 260
618 2831 6 1393
618 202 6 417
618 201 6 777
619 568 6 1438
619 3972 6 1225
619 3973 6 140
619 1291 6 1865
619 1679 6 1081
619 2077 6 1387
619 924 6 1182
620 2422 6 89
620 206 6 67
620 2421 6 1846
620 3974 6 839
620 205 6 28
620 204 6 1089
620 207 6 268
620 3975 6 76
620 2078 6 690
620 3197 6 1291
620 2079 6 53
621 2833 6 1280
621 208 6 716
622 2423 6 904
622 1680 6 1331
622 2834 6 826
623 1294 6 370
623 1293 6 167
623 1292 6 1420
623 1296 6 223
623 1295 6 227
623 2424 6 522
624 3611 6 15
624 2425 6 513
624 925 6 1529
624 2080 6 1463
624 3610 6 1706
624 569 6 1551
625 3976 6 1575
625 926 6 789
625 3612 6 573
625 209 6 1439
626 2426 6 932
626 1681 6 1460
626 1297 6 1290
626 1684 6 304
626 1683 6 383
626 1682 6 38
626 3198 6 1619
626 1298 6 151
627 1685 6 589
627 570 6 1190
627 2081 6 1173
627 2427 6 543
628 1300 6 333
628 210 6 1159
628 1299 6 1044
628 3977 6 1173
629 2835 6 1748
629 2836 6 146
629 3614 6 310
629 3613 6 1401
629 211 6 623
629 1686 6 1055
630 2837 6 646
630 927 6 1545
630 928 6 409
631 1687 6 1069
631 571 6 1479
631 2082 6 1491
631 3199 6 1539
631 1301 6 1290
631 2838 6 707
631 3615 6 942
632 572 6 867
632 3616 6 716
632 2428 6 1550
632 1302 6 630
633 3617 6 509
633 212 6 1476
633 929 6 1156
633 1688 6 968
633 3979 6 176
633 3978 6 1520
634 2839 6 1238
634 2429 6 1095
634 573 6 883
635 213 6 956
635 3200 6 1465
635 3618 6 955
636 3621 6 61
636 3622 6 207
636 3201 6 827
636 3620 6 460
636 3619 6 841
636 1303 6 1460
637 1689 6 1380
637 1690 6 370
637 574 6 1300
638 3623 6 1041
638 2840 6 1349
638 3980 6 1564
639 1691 6 1031
639 214 6 1454
639 215 6 166
639 2083 6 1792
639 3624 6 608
640 2084 6 828
640 2085 6 165
641 2430 6 1690
641 3202 6 1512
641 2841 6 1229
641 1692 6 1075
642 1693 6 617
642 2842 6 782
642 216 6 1234
642 3203 6 637
643 3204 6 500
643 931 6 32
643 930 6 1835
644 2087 6 137
644 2843 6 1093
644 217 6 960
644 1304 6 1792
644 2086 6 1355
645 2431 6 1428
645 3982 6 228
645 3981 6 1743
646 3983 6 862
646 576 6 93
646 575 6 1808
646 1694 6 1457
646 2844 6 1077
647 2845 6 632
647 1696 6 135
647 2432 6 1094
647 3205 6 1385
647 1695 6 519
648 2847 6 44
648 578 6 377
648 932 6 1582
648 2433 6 613
648 3206 6 828
648 577 6 1020
648 2846 6 658
648 3625 6 1802
649 1305 6 1519
649 579 6 829
649 2088 6 1590
649 933 6 806
651 1307 6 437
651 1306 6 1020
652 1308 6 511
652 1697 6 1569
653 2848 6 1566
653 2434 6 1564
653 934 6 1403
653 1309 6 826
653 218 6 1824
654 3626 6 1673
656 2849 6 1209
656 2435 6 1148
656 2436 6 257
656 1698 6 1386
656 580 6 1727
656 1310 6 1284
657 3984 6 1862
657 3985 6 236
657 2851 6 133
657 2850 6 733
657 2438 6 141
657 2437 6 787
657 1699 6 781
657 3627 6 1214
657 581 6 616
658 2852 6 657
658 935 6 1501
658 220 6 466
658 3986 6 606
658 219 6 1518
658 582 6 616
658 937 6 59
658 936 6 180
659 3207 6 1860
659 938 6 752
659 3208 6 375
660 3209 6 744
660 3628 6 1232
661 939 6 1093
661 940 6 105
661 1311 6 1583
662 2439 6 1543
662 3987 6 1365
662 583 6 1492
662 221 6 1488
663 3210 6 1325
663 941 6 923
664 2440 6 1034
664 3211 6 680
664 1313 6 176
664 1314 6 415
664 1312 6 1283
665 2441 6 774
666 942 6 1293
666 222 6 1390
666 2442 6 548
667 2089 6 1917
667 223 6 614
667 3988 6 1562
667 943 6 762
667 944 6 158
667 2443 6 711
668 945 6 805
668 585 6 402
668 3212 6 1382
668 3213 6 143
668 584 6 1634
669 946 6 534
669 947 6 180
670 588 6 261
670 1701 6 450
670 587 6 485
670 1700 6 1894
670 586 6 1104
670 224 6 1252
670 1315 6 1664
670 3989 6 1153
671 2090 6 1389
672 948 6 1325
672 589 6 925
672 225 6 1066
672 2853 6 1902
672 3214 6 1486
673 949 6 681
673 226 6 749
673 3629 6 1886
674 950 6 759
674 951 6 182
674 1702 6 1457
674 2854 6 937
674 227 6 759
675 2855 6 509
675 2091 6 1370
675 1316 6 1518
675 2856 6 167
675 2444 6 1787
676 3630 6 1148
676 590 6 1434
676 1317 6 831
677 591 6 838
678 3631 6 1040
678 3990 6 1774
679 1318 6 1145
679 228 6 1528
680 3632 6 1013
681 2857 6 1676
681 3633 6 867
681 592 6 1493
681 952 6 1729
682 3216 6 350
682 3217 6 218
682 953 6 729
682 3215 6 1835
682 1703 6 1752
683 3634 6 980
683 593 6 893
683 2858 6 936
683 2859 6 60
683 1320 6 235
683 2092 6 1758
683 2093 6 60
683 1319 6 1445
684 1704 6 1069
684 594 6 682
684 1321 6 642
685 3635 6 999
685 3218 6 1259
686 3991 6 1781
686 595 6 1023
687 954 6 1535
687 2094 6 1380
687 597 6 176
687 596 6 614
687 2860 6 1394
689 1705 6 1524
689 1322 6 1564
689 2095 6 1132
689 3992 6 1263
690 2861 6 1307
691 3993 6 1126
691 2862 6 826
691 229 6 1880
693 1323 6 1370
693 2445 6 1917
693 3994 6 1053
694 1324 6 679
694 2446 6 656
694 598 6 1723
694 955 6 1713
695 3637 6 142
695 3636 6 1846
695 3219 6 1836
695 599 6 507
697 2863 6 1641
697 2096 6 1763
699 2447 6 1562
699 1706 6 1831
700 230 6 1819
700 3638 6 1533
701 956 6 1712
702 3639 6 879
702 3220 6 1705
702 3995 6 1811
702 3641 6 376
702 3640 6 45
703 3642 6 735
703 3221 6 822
704 1325 6 1837
704 957 6 1339
704 958 6 435
705 3222 6 880
705 3223 6 253
705 3224 6 266
705 231 6 1602
705 232 6 411
705 959 6 806
705 3996 6 1317
705 1707 6 1683
706 1326 6 967
706 960 6 724
707 2448 6 1773
708 1327 6 905
708 1708 6 1164
709 1709 6 657
709 2097 6 1878
709 2449 6 1015
710 961 6 1405
710 962 6 200
710 3225 6 1521
711 3226 6 582
711 3997 6 1679
711 3998 6 187
711 1328 6 1187
712 1711 6 392
712 1712 6 423
712 2098 6 1163
712 1710 6 1184
713 1714 6 381
713 3227 6 991
713 2099 6 651
713 1713 6 660
714 3643 6 1858
714 1717 6 163
714 1715 6 829
714 1716 6 452
714 1718 6 77
714 3228 6 652
714 1719 6 142
714 4001 6 495
714 3999 6 1161
714 4000 6 439
715 1721 6 341
715 1720 6 520
715 963 6 1510
715 1329 6 1420
715 2864 6 1916
715 1722 6 137
716 1723 6 796
716 4002 6 1080
717 2865 6 1042
717 2101 6 266
717 2100 6 1352
717 1724 6 839
718 1726 6 288
718 1330 6 1344
718 1725 6 589
718 3644 6 1463
719 964 6 1470
719 600 6 1923
719 3229 6 1550
720 233 6 1903
721 1331 6 1305
721 1727 6 1178
721 2102 6 1413
721 234 6 835
722 965 6 1161
722 2103 6 676
722 3645 6 1435
723 1332 6 901
723 1333 6 464
723 235 6 965
724 2105 6 336
724 2104 6 936
724 601 6 1554
724 2450 6 1908
724 1728 6 1206
724 2106 6 24
724 3646 6 1027
725 602 6 789
725 236 6 1005
725 1729 6 771
726 1730 6 529
726 2866 6 1811
726 1334 6 1293
727 1731 6 858
727 2451 6 1195
728 4003 6 1883
728 1335 6 1121
729 4004 6 656
729 1732 6 870
729 1336 6 669
729 3647 6 1589
730 966 6 1773
730 4005 6 747
730 4007 6 465
730 1337 6 513
730 4006 6 145
730 239 6 155
730 238 6 396
730 237 6 1573
730 2867 6 1472
731 4008 6 667
731 2107 6 1689
731 2108 6 459
731 2109 6 292
731 1338 6 710
732 967 6 1121
732 2452 6 1511
732 969 6 269
732 2110 6 641
732 2454 6 453
732 2453 6 10
732 968 6 20
734 3231 6 327
734 3230 6 1907
734 2455 6 992
735 2868 6 1583
735 603 6 1850
735 1339 6 1427
735 1340 6 95
735 4009 6 1385
736 4010 6 774
736 970 6 1431
737 605 6 66
737 604 6 930
737 240 6 1716
738 3232 6 1441
740 3233 6 1045
740 2111 6 1793
741 606 6 1407
741 4011 6 1556
743 241 6 1625
743 2870 6 452
743 2869 6 1770
743 1733 6 1897
743 2871 6 90
744 2456 6 1844
744 3648 6 1904
744 3649 6 330
744 607 6 1297
744 3234 6 1465
744 4012 6 1339
745 1734 6 1111
745 242 6 1136
745 971 6 1803
745 3237 6 26
745 3236 6 9
745 3235 6 527
746 2872 6 1287
746 4014 6 295
746 2457 6 948
746 4013 6 959
747 1737 6 211
747 2458 6 529
747 3650 6 1278
747 1736 6 2
747 1735 6 881
747 2459 6 145
748 2462 6 159
748 2461 6 64
748 4015 6 922
748 2460 6 707
748 608 6 1466
749 1341 6 1900
749 3651 6 1059
749 610 6 389
749 609 6 520
750 1738 6 1239
750 2112 6 1851
751 4016 6 1155
751 1739 6 705
751 2873 6 1524
751 4017 6 43
752 2113 6 1041
752 972 6 1700
752 1740 6 682
752 3652 6 1334
752 2114 6 35
753 3238 6 1792
753 244 6 212
753 243 6 1753
753 611 6 1361
753 3653 6 658
753 4018 6 1073
754 2464 6 325
754 2463 6 1647
754 3654 6 800
755 1741 6 1296
755 2465 6 709
755 2115 6 1156
755 2466 6 368
755 3655 6 596
755 973 6 1232
756 245 6 1193
756 246 6 30
756 612 6 1202
756 2874 6 1570
758 2875 6 1122
758 2467 6 1287
758 3656 6 1275
758 247 6 927
759 2469 6 22
759 2468 6 735
759 4019 6 1677
759 974 6 1481
760 2116 6 1573
760 2117 6 351
760 2118 6 194
761 2119 6 725
761 2470 6 1003
761 3239 6 1791
761 1342 6 1878
761 2120 6 353
761 2121 6 219
762 248 6 1397
762 3240 6 828
763 975 6 1353
763 3657 6 1551
763 2876 6 1557
763 2122 6 1033
763 2877 6 443
763 3658 6 297
763 2878 6 205
764 3659 6 630
764 613 6 1770
764 249 6 1016
765 1742 6 1829
765 1743 6 311
765 1744 6 195
765 1343 6 1472
765 614 6 813
765 2879 6 998
766 1344 6 699
766 3660 6 1021
766 2123 6 1244
767 1345 6 586
768 250 6 1408
768 1346 6 581
768 615 6 1213
769 2124 6 1321
769 2125 6 316
769 2880 6 1354
770 2126 6 584
770 4020 6 1855
771 2471 6 1837
771 2472 6 244
771 2473 6 309
771 1347 6 1243
772 976 6 1818
772 3661 6 1655
772 2127 6 941
772 2881 6 1307
772 3241 6 1853
772 251 6 1375
773 2474 6 1042
773 2475 6 439
773 4022 6 400
773 4021 6 1327
774 4023 6 554
774 3244 6 87
774 616 6 1612
774 3243 6 83
774 3242 6 1047
775 2882 6 1287
776 252 6 1463
776 617 6 1054
776 2476 6 1297
776 4024 6 899
776 2128 6 1410
777 2883 6 1023
777 1348 6 1677
778 1349 6 630
778 2884 6 644
779 2477 6 1303
779 1350 6 634
779 3246 6 276
779 1745 6 1903
779 253 6 1208
779 3245 6 1542
780 1746 6 607
780 3247 6 511
780 618 6 1428
780 1747 6 415
780 1748 6 236
781 2478 6 1041
781 1749 6 628
781 1750 6 66
781 2885 6 1190
782 2479 6 529
782 1352 6 145
782 3662 6 1845
782 1351 6 1317
782 2889 6 317
782 2886 6 735
782 2887 6 282
782 2888 6 343
783 977 6 1867
783 1353 6 630
784 4025 6 1780
784 1354 6 808
784 2129 6 1778
785 979 6 376
785 2130 6 831
785 2131 6 290
785 2133 6 39
785 978 6 1069
785 2132 6 224
786 3248 6 1657
786 2134 6 626
786 4027 6 98
786 4026 6 1007
787 980 6 994
787 2891 6 395
787 2890 6 1581
788 4028 6 1011
788 3663 6 1632
788 982 6 220
788 981 6 608
789 2135 6 1197
790 254 6 1862
790 3249 6 1381
790 1355 6 1616
790 4029 6 952
790 2480 6 1781
791 4030 6 684
791 619 6 1860
792 3250 6 935
793 255 6 1215
793 3252 6 32
793 3251 6 770
793 2481 6 1295
793 3664 6 1556
793 2892 6 1634
794 2482 6 695
794 2893 6 646
794 983 6 1653
794 3665 6 665
794 984 6 396
795 1751 6 1897
795 2136 6 1684
795 2483 6 534
796 2137 6 814
796 1356 6 1650
796 256 6 1312
796 3666 6 927
797 2138 6 855
797 2139 6 491
797 2140 6 141
797 2485 6 495
797 2484 6 1112
798 620 6 1732
798 621 6 167
798 622 6 218
799 625 6 352
799 1357 6 1185
799 1752 6 1491
799 623 6 513
799 624 6 117
800 4031 6 1820
800 3253 6 1707
800 1358 6 781
800 986 6 228
800 985 6 1653
801 987 6 853
802 2895 6 42
802 4033 6 358
802 4032 6 985
802 2894 6 1768
802 2141 6 1590
802 2896 6 402
802 3667 6 1630
802 3668 6 421
802 1753 6 1243
802 1754 6 260
803 257 6 1727
804 259 6 22
804 258 6 843
804 988 6 1196
804 2897 6 1065
805 3669 6 1236
806 2898 6 1101
806 2899 6 34
807 1755 6 1553
807 1756 6 313
807 260 6 1203
807 2900 6 746
807 2142 6 1603
807 2486 6 1841
807 3670 6 1021
808 4034 6 1662
808 3671 6 573
808 3254 6 1758
808 1757 6 660
809 2488 6 159
809 2487 6 1084
809 3255 6 642
809 2901 6 1111
809 2902 6 385
810 2489 6 571
810 1759 6 479
810 3673 6 76
810 3672 6 900
810 989 6 1615
810 4035 6 1069
810 261 6 1232
810 1758 6 912
810 2143 6 1298
811 4036 6 663
811 4037 6 270
811 262 6 665
811 3675 6 84
811 3674 6 795
811 4038 6 205
812 1359 6 1880
812 263 6 760
813 1361 6 114
813 1360 6 552
813 4041 6 141
813 4040 6 90
813 2490 6 1228
813 1760 6 1235
813 4039 6 1115
813 2144 6 1275
814 4046 6 442
814 1763 6 392
814 1762 6 477
814 1761 6 653
814 4047 6 304
814 4045 6 217
814 4044 6 379
814 4043 6 177
814 4042 6 698
814 3677 6 274
814 3676 6 1250
814 1764 6 127
814 1765 6 326
815 626 6 1910
815 4048 6 830
815 4049 6 131
816 2492 6 257
816 2491 6 1234
816 2903 6 1721
816 1362 6 1175
816 4050 6 656
817 264 6 1545
817 2904 6 757
817 990 6 1714
818 1363 6 1016
818 1767 6 451
818 991 6 765
818 2145 6 1520
818 1766 6 1446
818 2905 6 642
819 3678 6 1502
819 4051 6 1274
819 2906 6 771
820 4052 6 605
820 4053 6 435
820 3256 6 1871
821 3679 6 1097
821 2907 6 1058
821 2908 6 332
821 266 6 211
821 265 6 1482
822 3681 6 84
822 2146 6 1443
822 1768 6 1473
822 3680 6 774
822 1364 6 1407
823 4054 6 1230
823 2148 6 24
823 992 6 1549
823 3257 6 1259
823 3258 6 371
823 2147 6 717
823 2149 6 223
825 4056 6 94
825 4055 6 1037
825 3682 6 1235
825 3259 6 903
826 3260 6 802
826 1769 6 1425
826 4057 6 525
826 269 6 489
826 268 6 121
826 267 6 1497
827 3683 6 901
827 2150 6 1484
827 1771 6 240
827 1770 6 826
828 2909 6 1740
828 3685 6 88
828 3684 6 607
828 270 6 1085
828 1772 6 848
828 4058 6 983
829 629 6 277
829 4059 6 801
829 628 6 201
829 627 6 1898
830 2910 6 876
831 2151 6 1412
831 1773 6 1297
832 630 6 1194
833 271 6 1585
834 993 6 1870
834 994 6 369
834 3261 6 1761
834 272 6 564
834 3686 6 1631
834 3688 6 67
834 3689 6 383
834 3687 6 354
835 4060 6 1664
835 995 6 625
835 4061 6 47
835 1774 6 1384
836 2911 6 1649
836 996 6 723
836 2493 6 1920
837 3262 6 1207
837 2152 6 1683
837 1365 6 1903
837 2494 6 835
837 2154 6 297
837 2153 6 437
838 1366 6 681
838 1776 6 436
838 1775 6 1148
838 3263 6 750
839 4062 6 1378
839 3264 6 761
839 2155 6 1132
839 2495 6 970
839 1367 6 819
840 3691 6 295
840 3690 6 1648
840 2496 6 615
840 2912 6 1471
840 273 6 1669
840 1368 6 808
841 2497 6 826
841 2498 6 385
841 3265 6 998
842 631 6 1842
842 2157 6 168
842 2156 6 1157
843 1369 6 1218
843 997 6 1708
843 2499 6 1077
844 3266 6 1163
844 3267 6 337
845 2158 6 1279
845 632 6 1222
845 4063 6 1639
845 3268 6 603
845 1370 6 994
846 1777 6 1750
846 4064 6 701
846 998 6 1217
846 2159 6 620
847 3269 6 959
847 1778 6 601
847 1371 6 1004
847 1372 6 121
847 274 6 1727
848 275 6 766
848 276 6 351
848 1779 6 861
848 3692 6 1770
848 4065 6 878
848 2500 6 1548
848 999 6 922
849 4066 6 571
850 3693 6 903
850 1000 6 956
851 2501 6 1293
851 2913 6 1863
851 4067 6 980
852 2160 6 1677
852 2502 6 826
852 2914 6 631
852 2916 6 19
852 2915 6 87
853 1002 6 160
853 1001 6 1338
853 633 6 1795
853 279 6 59
853 278 6 401
853 277 6 1562
853 1373 6 1642
854 2161 6 1007
854 4068 6 1222
854 2162 6 279
854 634 6 830
854 635 6 173
855 1003 6 1055
855 2163 6 605
855 280 6 1036
856 3270 6 1825
856 3271 6 324
856 3272 6 351
857 1375 6 260
857 4069 6 1151
857 4070 6 259
857 1374 6 1350
858 3696 6 456
858 1377 6 92
858 3694 6 1782
858 3695 6 315
858 1376 6 688
858 1004 6 1175
859 2164 6 1386
859 1378 6 671
859 1379 6 92
859 4071 6 885
859 2917 6 1728
859 2165 6 351
860 2503 6 1751
860 2504 6 12
860 1005 6 881
860 3273 6 1393
860 1006 6 406
860 1007 6 496
860 3698 6 302
860 3697 6 1028
860 2505 6 70
861 2918 6 997
861 3699 6 797
862 636 6 1751
862 2919 6 726
862 3700 6 508
862 281 6 1747
862 2920 6 306
862 2506 6 950
862 3274 6 1008
862 1380 6 1255
863 1780 6 1906
863 1008 6 1173
863 1009 6 181
863 637 6 690
864 638 6 561
864 2166 6 1569
865 282 6 1286
865 3701 6 1322
865 2507 6 1202
866 286 6 138
866 285 6 444
866 284 6 472
866 283 6 511
867 2509 6 13
867 2921 6 1528
867 2508 6 893
867 4072 6 1762
868 1381 6 1648
868 288 6 41
868 287 6 1128
868 3702 6 1168
869 2922 6 1128
869 639 6 1567
869 3703 6 668
870 3275 6 1777
871 640 6 919
871 1382 6 1153
872 2924 6 188
872 1010 6 1819
872 3704 6 1234
872 2923 6 1266
872 2925 6 57
872 2926 6 380
872 1781 6 1798
872 1383 6 556
873 2168 6 415
873 2510 6 1619
873 3706 6 159
873 3705 6 705
873 289 6 1544
873 2167 6 1811
873 1385 6 27
873 1384 6 786
873 2927 6 641
874 2169 6 763
874 2511 6 540
874 1782 6 941
875 1783 6 578
876 1386 6 1160
876 1784 6 704
876 1387 6 270
876 3707 6 1258
877 3276 6 1700
877 1785 6 557
878 641 6 1731
878 3277 6 796
878 3278 6 166
878 2170 6 1396
878 290 6 1578
879 3279 6 648
879 2171 6 758
879 2928 6 1681
879 4073 6 1883
880 642 6 943
880 1013 6 58
880 1786 6 1291
880 1011 6 1769
880 1012 6 270
881 291 6 1203
881 1388 6 1580
882 3281 6 70
882 293 6 374
882 3280 6 1244
882 292 6 730
883 2172 6 1420
884 2512 6 1831
884 2929 6 1527
884 295 6 483
884 4074 6 1586
884 294 6 876
884 2513 6 0
884 2514 6 289
884 3708 6 1788
885 3709 6 716
885 1787 6 1551
885 2931 6 492
885 2930 6 719
885 3282 6 1258
886 298 6 207
886 297 6 375
886 296 6 959
886 643 6 1665
886 1389 6 1602
887 1015 6 115
887 645 6 72
887 1014 6 1737
887 299 6 655
887 644 6 536
887 2515 6 1336
888 2934 6 252
888 3710 6 1270
888 3283 6 1196
888 2935 6 242
888 2933 6 170
888 2932 6 1266
889 301 6 457
889 2173 6 1627
889 300 6 982
889 3284 6 614
890 1017 6 472
890 302 6 806
890 2936 6 922
890 2174 6 584
890 3711 6 1001
890 3712 6 48
890 2516 6 1293
890 1016 6 1185
890 1390 6 1396
891 2175 6 687
891 3285 6 1136
891 1788 6 1636
891 3286 6 294
891 4075 6 1714
892 2176 6 541
892 4076 6 628
892 646 6 1560
892 3713 6 1124
892 4078 6 175
892 1018 6 1113
892 4077 6 223
892 303 6 908
893 4079 6 682
894 2939 6 1
894 2938 6 266
894 2937 6 1490
894 1391 6 1409
894 2940 6 419
895 1789 6 1483
895 2517 6 1549
896 4080 6 1338
896 1790 6 567
896 2518 6 534
897 3287 6 1658
897 4081 6 703
898 647 6 1648
898 648 6 80
898 2177 6 1660
899 1019 6 1741
899 1791 6 1266
899 2941 6 1602
900 4082 6 1192
900 3714 6 1781
900 1392 6 1657
900 3288 6 1212
901 3289 6 823
901 1393 6 754
901 1020 6 932
902 3290 6 581
902 1792 6 1224
902 3716 6 420
902 3715 6 936
902 4084 6 296
902 4083 6 880
902 649 6 1394
903 1394 6 874
903 304 6 1855
903 1793 6 759
903 1021 6 920
903 3291 6 674
904 3717 6 943
904 2519 6 1754
905 650 6 1336
905 4085 6 1334
905 2520 6 793
906 3718 6 1024
907 1795 6 29
907 1794 6 1394
908 3292 6 1580
908 4086 6 1215
908 2521 6 1209
908 1796 6 819
909 651 6 1484
909 4087 6 549
910 305 6 1747
910 3719 6 1467
910 3293 6 888
910 2522 6 1127
910 2523 6 164
910 652 6 672
911 2178 6 1893
911 2942 6 1875
911 2524 6 718
911 306 6 810
911 4088 6 1053
912 1798 6 184
912 1797 6 1436
912 2943 6 527
912 3294 6 988
912 3720 6 959
912 4089 6 624
913 1024 6 480
913 1023 6 330
913 1022 6 1850
913 3721 6 572
914 4090 6 975
914 4091 6 137
914 3295 6 991
914 1026 6 253
914 1025 6 666
915 3296 6 645
915 3297 6 296
916 2944 6 1365
917 4092 6 1211
918 1395 6 1905
918 2179 6 1726
918 3298 6 1247
918 653 6 1787
918 307 6 1719
918 2525 6 1693
918 3722 6 1562
918 3723 6 37
919 654 6 699
919 1396 6 724
919 2180 6 797
920 3299 6 1013
920 1801 6 156
920 1799 6 1794
920 1800 6 456
920 1398 6 65
920 4093 6 1329
920 1397 6 862
920 3300 6 379
921 1802 6 866
921 1399 6 720
922 308 6 1405
922 1027 6 1754
922 1803 6 736
923 1028 6 863
923 3724 6 1512
923 2527 6 249
923 2526 6 1579
924 309 6 1095
924 1029 6 856
924 4095 6 43
924 4094 6 1375
924 3725 6 725
925 310 6 863
925 4096 6 687
925 1030 6 630
925 1031 6 110
925 3726 6 728
926 1032 6 650
926 1033 6 147
927 2529 6 71
927 2181 6 1792
927 2528 6 1398
927 4097 6 983
927 2945 6 1857
927 655 6 1756
928 2946 6 849
929 1804 6 1726
929 2182 6 917
930 656 6 1335
930 657 6 276
930 1034 6 1345
931 4098 6 1401
931 311 6 1675
931 1400 6 1830
931 3301 6 1864
932 2183 6 1186
932 2184 6 293
934 2530 6 1748
934 2531 6 471
934 312 6 1325
935 2185 6 1344
935 1036 6 447
935 1035 6 1581
935 313 6 783
935 4099 6 1426
935 2947 6 1696
935 2948 6 14
936 2532 6 917
936 2186 6 531
937 1403 6 458
937 1402 6 435
937 1401 6 1687
937 658 6 1733
937 314 6 911
937 1805 6 1751
937 1037 6 1089
937 1038 6 477
938 659 6 577
938 660 6 81
939 1807 6 193
939 1806 6 1048
940 4100 6 1570
941 1039 6 1439
941 2949 6 1681
941 3302 6 1833
941 2950 6 22
941 315 6 1381
942 2953 6 375
942 2952 6 67
942 2951 6 599
942 3303 6 698
942 1404 6 1561
942 661 6 1434
943 2187 6 1711
944 4101 6 1386
944 662 6 1096
944 1040 6 1246
946 3304 6 1480
946 3728 6 218
946 3727 6 1921
946 3729 6 480
946 4102 6 1006
947 663 6 1189
947 3305 6 611
947 1405 6 1554
947 1808 6 1784
947 3306 6 418
948 2954 6 1652
948 3307 6 564
949 2533 6 1889
949 2188 6 1667
949 3308 6 699
949 1809 6 1037
950 666 6 139
950 1406 6 1195
950 665 6 472
950 664 6 1251
950 1407 6 427
950 1041 6 1657
951 1811 6 487
951 2534 6 905
951 2955 6 1142
951 2535 6 487
951 3731 6 222
951 1812 6 59
951 1814 6 498
951 1810 6 1116
951 2536 6 469
951 3730 6 1552
951 1813 6 51
951 4103 6 1604
952 318 6 288
952 316 6 1871
952 317 6 153
953 2537 6 868
953 1408 6 1205
953 2190 6 40
953 2189 6 1418
953 667 6 1332
954 1409 6 548
954 2538 6 522
954 319 6 1101
955 1042 6 1604
955 1815 6 1362
955 668 6 939
956 669 6 640
956 1410 6 927
956 2539 6 1041
957 320 6 1343
957 1043 6 1014
958 2191 6 1516
959 321 6 1007
960 670 6 1386
960 2540 6 1470
960 4104 6 1797
961 2543 6 145
961 1816 6 1636
961 2541 6 639
961 1411 6 1558
961 2542 6 190
962 671 6 922
962 2193 6 235
962 2192 6 1459
962 1412 6 514
962 672 6 492
963 2194 6 739
963 322 6 1455
963 2544 6 876
963 1413 6 689
964 323 6 501
964 1044 6 1720
964 3309 6 1906
964 1414 6 625
964 2545 6 688
965 3732 6 1897
965 1415 6 829
965 324 6 836
965 2195 6 1059
965 3310 6 866
966 3733 6 705
966 2956 6 1907
967 2547 6 257
967 1416 6 885
967 3734 6 589
967 4105 6 1695
967 2546 6 1327
967 3311 6 1074
968 2957 6 1044
968 2196 6 1311
968 1418 6 230
968 1417 6 618
969 3312 6 1093
970 1817 6 1824
970 2197 6 997
970 673 6 1785
971 4106 6 1436
971 3735 6 1376
972 4107 6 646
972 1419 6 1379
972 674 6 940
972 675 6 0
972 3736 6 840
973 4108 6 774
973 3737 6 567
973 1420 6 743
973 1421 6 411
973 2958 6 1532
973 2548 6 1631
974 325 6 1807
974 2959 6 699
974 2961 6 129
974 2960 6 261
975 326 6 854
975 1045 6 1869
975 1046 6 494
975 677 6 477
975 676 6 1148
975 327 6 190
975 3313 6 1647
976 1818 6 1612
976 328 6 792
976 1422 6 1163
977 4109 6 1440
977 4110 6 408
977 2962 6 1302
977 2549 6 1424
978 3738 6 1591
978 1423 6 1131
978 2963 6 729
979 1048 6 133
979 1049 6 253
979 329 6 1243
979 1047 6 1490
980 2198 6 1836
980 1819 6 1495
980 3314 6 1583
980 2966 6 382
980 2965 6 384
980 2964 6 1021
981 3315 6 731
982 2199 6 924
982 2550 6 1601
982 1820 6 959
982 3316 6 503
982 3318 6 136
982 3317 6 11
983 1050 6 1365
983 1051 6 250
983 2967 6 1300
984 2551 6 991
984 1052 6 594
984 2552 6 291
985 2556 6 165
985 1424 6 1747
985 2555 6 339
985 2554 6 284
985 2553 6 555
986 4111 6 1796
986 4113 6 300
986 2557 6 662
986 330 6 1731
986 4112 6 350
987 3319 6 1550
987 3739 6 1826
988 3320 6 703
988 1053 6 1400
988 2560 6 415
988 2559 6 243
988 2558 6 1032
989 2969 6 388
989 679 6 44
989 678 6 1902
989 2561 6 701
989 2968 6 1611
990 1425 6 1509
990 4114 6 1387
990 681 6 261
990 680 6 716
991 2971 6 453
991 1821 6 1820
991 2970 6 1089
992 1822 6 739
992 3321 6 1429
992 4115 6 961
993 4117 6 498
993 1426 6 1271
993 4116 6 779
994 2200 6 1875
994 3322 6 1050
995 2972 6 1462
996 1427 6 1291
996 2562 6 1729
996 4118 6 1343
997 2563 6 822
997 2973 6 995
997 2974 6 307
997 1428 6 768
997 2564 6 190
998 2975 6 629
998 3742 6 491
998 3740 6 1854
998 3741 6 372
999 4119 6 1291
999 2202 6 301
999 2201 6 1557
999 682 6 1818
1000 2565 6 1148
1000 683 6 731
1000 331 6 1901
1001 3743 6 1276
1001 1429 6 1369
1001 3323 6 1704
1001 3324 6 378
1001 684 6 866
1002 2203 6 1186
1003 2976 6 1578
1003 2204 6 751
1003 3744 6 1038
1004 4120 6 1588
1004 4121 6 22
1004 3745 6 647
1004 3746 6 247
1004 332 6 1354
1004 3325 6 1151
1004 2977 6 601
1004 2205 6 726
1005 3747 6 645
1005 3326 6 669
1005 2566 6 1548
1005 1054 6 1915
1005 1430 6 1460
1005 1055 6 36
1007 685 6 1634
1007 3748 6 1047
1008 3749 6 845
1009 1056 6 1413
1009 3327 6 1388
1009 3328 6 404
1009 1823 6 1915
1009 3329 6 16
1010 686 6 1169
1010 333 6 1671
1010 1824 6 857
1011 3330 6 1131
1012 334 6 1002
1013 335 6 578
1013 1431 6 1751
1013 1432 6 27
1013 2978 6 1826
1013 2979 6 256
1014 1825 6 1485
1014 687 6 1359
1014 4122 6 1852
1015 337 6 378
1015 4125 6 121
1015 4124 6 176
1015 4123 6 597
1015 2980 6 1132
1015 336 6 940
1015 3331 6 1403
1016 2981 6 608
1016 1826 6 941
1016 1827 6 89
1016 688 6 1095
1016 338 6 581
1016 2567 6 1866
1017 339 6 649
1017 3750 6 1819
1017 2982 6 626
1017 1057 6 1755
1018 689 6 999
1018 2568 6 1020
1018 1058 6 574
1019 690 6 762
1019 3332 6 1474
1019 1059 6 508
1020 4127 6 433
1020 4126 6 1598
1020 1060 6 627
1021 1061 6 577
1021 4128 6 508
1021 3752 6 3
1021 3751 6 1437
1021 3334 6 269
1021 3333 6 1077
1022 340 6 1558
1022 341 6 343
1022 2206 6 1916
1022 3753 6 759
1022 2207 6 56
1023 691 6 1475
1024 3335 6 1304
1024 3336 6 162
1025 1433 6 1875
1025 1828 6 1828
1025 1434 6 187
1025 2569 6 1726
1025 692 6 881
1025 3337 6 560
1026 1062 6 1557
1026 2570 6 867
1026 2571 6 425
1026 1063 6 316
1026 4129 6 1543
1028 4130 6 1026
1028 342 6 1647
1028 2572 6 1026
1029 1830 6 329
1029 1829 6 1355
1029 1435 6 1492
1030 343 6 871
1030 1064 6 1475
1030 2208 6 1778
1030 3754 6 1763
1031 3339 6 2
1031 3338 6 1640
1031 1831 6 925
1031 344 6 681
1032 1436 6 1213
1032 2573 6 1418
1032 2575 6 154
1032 2574 6 283
1032 3340 6 717
1033 1437 6 695
1033 4131 6 1569
1034 2576 6 1019
1034 4132 6 746
1035 2209 6 1535
1035 4133 6 673
1035 1438 6 920
1036 1832 6 1566
1036 2577 6 982
1036 2210 6 591
1037 4134 6 1037
1037 1834 6 404
1037 1833 6 731
1037 1065 6 1709
1038 1439 6 1156
1038 3341 6 1655
1039 2580 6 365
1039 2579 6 30
1039 2578 6 1212
1039 1067 6 123
1039 1066 6 1118
1039 1440 6 756
1040 2211 6 1421
1040 3342 6 958
1040 2212 6 199
1040 345 6 1827
1040 1068 6 638
1040 1069 6 155
1040 1441 6 732
1041 3755 6 1861
1041 693 6 1909
1042 1442 6 989
1042 2581 6 1322
1043 2582 6 542
1043 3343 6 1230
1044 1443 6 1032
1044 1835 6 1750
1044 2213 6 1478
1045 694 6 1485
1045 1444 6 674
1045 1071 6 95
1045 1070 6 1593
1046 1836 6 932
1046 1837 6 205
1047 1838 6 776
1047 3756 6 1684
1047 2983 6 1924
1049 3757 6 1131
1049 346 6 1802
1049 695 6 1410
1049 1839 6 878
1049 4135 6 1876
1050 696 6 635
1051 2214 6 1747
1051 3758 6 1080
1052 3759 6 509
1052 2986 6 424
1052 2985 6 119
1052 2984 6 1505
1053 1840 6 1434
1053 1445 6 1762
1054 2988 6 443
1054 2987 6 891
1055 1446 6 895
1055 1841 6 1097
1055 3344 6 1881
1055 4136 6 1621
1056 2990 6 260
1056 697 6 1679
1056 698 6 414
1056 699 6 63
1056 2989 6 1034
1057 2584 6 394
1057 1449 6 45
1057 1448 6 129
1057 2583 6 1899
1057 1447 6 968
1058 2586 6 179
1058 2587 6 361
1058 2585 6 757
1059 1450 6 1020
1059 1451 6 105
1059 3345 6 1431
1060 2216 6 89
1060 2215 6 1809
1060 4137 6 1513
1060 347 6 1871
1060 1452 6 632
1061 1453 6 610
1062 4138 6 1007
1062 2217 6 1017
1062 2219 6 42
1062 2218 6 312
1062 1842 6 1692
1063 4139 6 525
1063 2588 6 1605
1063 1844 6 366
1063 1845 6 79
1063 1843 6 599
1064 2589 6 566
1064 3346 6 1505
1064 2590 6 321
1064 348 6 1387
1064 1072 6 1919
1065 2991 6 1802
1066 1846 6 1207
1066 3761 6 162
1066 3760 6 1902
1067 701 6 228
1067 700 6 1857
1068 3762 6 1040
1068 349 6 1420
1068 702 6 708
1069 1074 6 494
1069 350 6 537
1069 1073 6 1599
1069 2220 6 1745
1069 1848 6 261
1069 1847 6 1172
1069 1849 6 31
1069 1850 6 317
1070 351 6 806
1070 352 6 86
1071 2591 6 1732
1071 1851 6 919
1071 3763 6 1307
1072 705 6 414
1072 704 6 8
1072 1075 6 1199
1072 703 6 1365
1072 4140 6 1823
1072 353 6 1031
1073 4141 6 568
1073 3764 6 1088
1074 706 6 992
1075 3347 6 1857
1075 3765 6 1047
1075 707 6 811
1075 354 6 1236
1075 1076 6 1240
1075 1454 6 1901
1076 708 6 847
1076 1077 6 835
1077 709 6 699
1077 1078 6 534
1077 2221 6 1783
1077 2222 6 144
1077 3766 6 1029
1077 2992 6 1882
1078 1852 6 1748
1078 3349 6 256
1078 710 6 607
1078 3348 6 1229
1078 3350 6 487
1078 1079 6 535
1078 1080 6 171
1079 712 6 299
1079 2593 6 279
1079 2592 6 1761
1079 2223 6 922
1079 1455 6 1418
1079 1081 6 688
1079 1853 6 613
1079 3352 6 160
1079 3351 6 633
1079 711 6 857
1080 1854 6 835
1080 4142 6 1699
1080 2224 6 722
1080 2594 6 625
1080 3767 6 1268
1080 1456 6 524
