11 0 464 1870
23 1 464 1885
32 2 464 1803
33 3 464 680
33 4 464 172
36 5 464 1205
39 6 464 1178
46 7 464 1693
49 9 464 256
49 8 464 1272
51 10 464 885
52 11 464 677
55 12 464 1320
77 13 464 1922
78 14 464 602
78 15 464 24
79 18 464 2
79 17 464 331
79 16 464 857
82 19 464 1157
83 20 464 540
88 21 464 1570
89 22 464 783
95 23 464 1653
101 24 464 1658
101 25 464 107
102 26 464 819
103 27 464 801
103 28 464 170
103 29 464 403
103 30 464 183
103 31 464 209
103 32 464 325
109 33 464 1680
111 34 464 949
116 35 464 1538
117 36 464 724
119 37 464 1021
121 38 464 953
124 39 464 1145
125 40 464 814
125 41 464 270
130 42 464 1569
134 43 464 1453
134 44 464 76
139 45 464 1580
142 46 464 1303
147 47 464 1603
149 48 464 915
153 49 464 1380
155 50 464 955
159 51 464 1395
164 52 464 1496
166 54 464 419
166 55 464 299
166 53 464 1047
168 56 464 1102
168 57 464 149
170 58 464 947
170 59 464 65
170 60 464 385
170 61 464 377
175 62 464 1523
177 64 464 72
177 63 464 868
178 65 464 676
178 66 464 352
183 67 464 1564
185 68 464 973
187 69 464 989
190 70 464 1224
198 71 464 1761
201 72 464 1303
202 76 464 1
202 75 464 270
202 74 464 342
202 73 464 781
205 77 464 1254
210 78 464 1577
210 79 464 78
211 80 464 728
213 81 464 1140
222 82 464 1810
223 83 464 714
227 84 464 1373
228 85 464 713
229 86 464 637
232 87 464 1202
235 88 464 1261
236 89 464 649
236 90 464 435
237 91 464 574
237 92 464 73
239 93 464 888
240 94 464 759
240 95 464 437
241 96 464 672
242 97 464 700
246 98 464 1381
249 99 464 1325
252 100 464 1227
258 101 464 1663
259 102 464 630
269 104 464 156
269 103 464 1850
271 105 464 1119
271 106 464 92
272 107 464 714
273 108 464 705
273 109 464 149
273 110 464 297
281 111 464 1773
281 112 464 497
283 113 464 869
286 114 464 1261
289 115 464 1170
289 116 464 491
290 117 464 808
294 118 464 1420
297 119 464 1283
297 120 464 38
299 123 464 323
299 122 464 303
299 121 464 1075
300 124 464 553
301 125 464 649
307 126 464 1687
307 127 464 415
307 128 464 22
317 129 464 1830
322 130 464 1522
325 131 464 1226
334 132 464 1798
334 133 464 252
335 134 464 775
337 135 464 989
338 136 464 510
350 137 464 1885
351 138 464 558
351 139 464 254
352 140 464 621
362 141 464 1848
362 142 464 497
364 143 464 1111
364 144 464 352
365 145 464 587
365 146 464 77
367 147 464 1129
372 148 464 1551
377 149 464 1514
388 150 464 1870
396 151 464 1788
399 153 464 97
399 152 464 1204
402 154 464 1286
402 155 464 152
406 156 464 1360
406 157 464 306
409 158 464 1296
413 159 464 1431
417 160 464 1356
422 161 464 1601
423 162 464 692
424 163 464 799
425 164 464 551
427 165 464 996
441 166 464 1899
441 167 464 244
441 168 464 93
441 169 464 272
442 170 464 659
443 172 464 250
443 171 464 531
446 173 464 1166
447 174 464 662
447 175 464 115
448 176 464 577
450 177 464 1116
464 178 464 1896
477 179 464 1891
478 180 464 572
479 181 464 557
480 182 464 788
480 183 464 432
492 184 464 1884
498 185 464 1658
498 186 464 21
505 187 464 1701
507 188 464 890
508 189 464 622
513 191 464 204
513 190 464 1554
514 192 464 588
516 193 464 1052
517 194 464 822
519 195 464 944
522 196 464 1155
528 197 464 1622
529 198 464 560
532 199 464 1280
533 200 464 612
541 201 464 1757
543 202 464 1035
546 203 464 1279
547 204 464 855
550 205 464 1339
555 206 464 1538
555 207 464 38
559 208 464 1359
562 209 464 1170
567 212 464 335
567 210 464 1499
567 211 464 243
570 213 464 1330
571 214 464 858
572 215 464 798
573 216 464 813
573 217 464 259
574 218 464 839
575 219 464 818
577 220 464 974
577 221 464 198
580 222 464 1278
584 223 464 1396
585 224 464 643
585 225 464 455
596 226 464 1868
598 227 464 1123
598 228 464 343
604 229 464 1642
606 230 464 885
608 231 464 880
609 232 464 556
610 233 464 615
613 234 464 1279
614 235 464 739
618 236 464 1447
622 237 464 1434
627 238 464 1502
628 240 464 120
628 239 464 545
643 241 464 1908
643 242 464 341
649 243 464 1645
651 244 464 1047
654 245 464 1310
662 246 464 1794
665 250 464 131
665 249 464 23
665 248 464 193
665 247 464 1183
667 251 464 895
668 252 464 782
674 253 464 1667
674 254 464 305
674 255 464 413
674 256 464 478
679 257 464 1564
680 259 464 400
680 258 464 636
684 260 464 1395
684 261 464 415
690 262 464 1619
696 263 464 1642
696 264 464 285
697 265 464 619
703 266 464 1612
709 269 464 118
709 267 464 1644
709 268 464 50
712 270 464 1276
715 271 464 1303
716 272 464 682
716 273 464 294
717 274 464 697
719 275 464 991
727 276 464 1782
732 278 464 348
732 277 464 1558
735 279 464 1257
736 280 464 585
737 281 464 684
739 282 464 929
739 283 464 320
744 284 464 1510
761 286 464 98
761 285 464 1914
762 287 464 814
762 288 464 310
763 289 464 865
763 290 464 261
772 291 464 1808
773 292 464 798
775 293 464 1102
777 294 464 1074
783 295 464 1629
783 296 464 288
784 297 464 623
788 298 464 1359
788 299 464 428
794 300 464 1622
794 301 464 149
796 303 464 74
796 302 464 1132
797 304 464 672
798 305 464 753
798 306 464 212
