2 0 1846 1038
5 1 1846 1193
11 2 1846 1634
17 3 1846 1630
18 4 1846 639
30 5 1846 1881
32 6 1846 1076
35 7 1846 1280
37 9 1846 5
37 8 1846 1119
44 10 1846 1743
46 11 1846 954
49 12 1846 1268
50 13 1846 833
50 14 1846 142
50 15 1846 226
55 16 1846 1597
60 18 1846 19
60 17 1846 1586
64 19 1846 1366
65 20 1846 848
66 21 1846 781
70 22 1846 1413
70 23 1846 60
70 24 1846 277
77 25 1846 1749
79 26 1846 1106
80 27 1846 683
82 28 1846 1004
82 29 1846 298
82 30 1846 198
83 31 1846 610
92 32 1846 1824
97 33 1846 1537
100 34 1846 1253
104 35 1846 1383
104 36 1846 359
109 37 1846 1580
116 38 1846 1697
119 39 1846 1246
124 40 1846 1512
136 41 1846 1873
136 42 1846 342
138 43 1846 1134
140 44 1846 1044
141 45 1846 707
151 46 1846 1853
153 47 1846 957
153 48 1846 1
154 49 1846 833
157 50 1846 1240
159 51 1846 982
159 52 1846 227
159 53 1846 52
161 54 1846 1123
161 55 1846 257
168 56 1846 1705
173 57 1846 1574
177 58 1846 1352
178 59 1846 815
179 60 1846 774
179 61 1846 393
179 62 1846 276
180 63 1846 820
187 64 1846 1731
189 65 1846 1133
191 66 1846 1055
197 67 1846 1656
202 68 1846 1504
203 69 1846 684
211 70 1846 1791
211 71 1846 17
220 72 1846 1813
221 73 1846 697
229 74 1846 1778
231 77 1846 278
231 76 1846 438
231 75 1846 900
233 78 1846 941
237 79 1846 1495
246 80 1846 1820
246 81 1846 149
247 82 1846 681
247 83 1846 170
249 84 1846 983
251 86 1846 382
251 85 1846 1140
259 87 1846 1771
259 88 1846 413
261 89 1846 996
266 90 1846 1603
267 91 1846 710
267 92 1846 227
269 93 1846 882
269 94 1846 472
271 95 1846 1118
276 96 1846 1597
280 97 1846 1447
283 98 1846 1327
293 99 1846 1836
298 100 1846 1577
298 101 1846 197
302 102 1846 1377
305 103 1846 1242
307 104 1846 967
310 105 1846 1223
312 106 1846 1093
316 107 1846 1455
316 108 1846 199
316 109 1846 223
323 110 1846 1743
327 111 1846 1426
328 112 1846 632
336 113 1846 1782
338 114 1846 919
339 115 1846 624
345 116 1846 1636
345 117 1846 105
353 118 1846 1761
354 119 1846 590
355 120 1846 750
358 121 1846 1208
361 122 1846 1242
362 123 1846 508
364 124 1846 1005
366 125 1846 1080
373 126 1846 1714
375 127 1846 931
375 128 1846 225
376 129 1846 660
379 130 1846 1228
381 131 1846 916
383 132 1846 876
385 133 1846 1030
395 134 1846 1842
401 135 1846 1623
402 136 1846 697
406 137 1846 1364
408 138 1846 1128
414 139 1846 1685
414 140 1846 47
415 141 1846 852
420 143 1846 190
420 142 1846 1572
423 144 1846 1177
423 145 1846 177
423 146 1846 78
423 147 1846 370
436 148 1846 1887
444 149 1846 1772
448 150 1846 1407
452 151 1846 1491
458 152 1846 1610
459 153 1846 736
461 154 1846 1085
461 155 1846 368
463 156 1846 879
465 157 1846 869
465 158 1846 236
474 159 1846 1811
478 160 1846 1433
478 161 1846 162
481 162 1846 1230
485 163 1846 1464
487 164 1846 920
488 165 1846 826
489 166 1846 549
494 167 1846 1527
505 168 1846 1864
508 169 1846 1220
518 170 1846 1852
518 171 1846 272
520 173 1846 76
520 172 1846 902
521 174 1846 543
530 175 1846 1823
535 176 1846 1561
537 177 1846 1052
540 178 1846 1255
541 179 1846 828
543 180 1846 1002
546 181 1846 1344
548 183 1846 377
548 182 1846 968
551 184 1846 1177
557 185 1846 1661
560 186 1846 1231
560 187 1846 139
571 188 1846 1869
575 189 1846 1473
576 190 1846 744
584 191 1846 1752
586 192 1846 1128
589 193 1846 1241
589 194 1846 251
598 195 1846 1809
603 196 1846 1547
603 197 1846 108
606 198 1846 1195
606 199 1846 350
611 202 1846 430
611 200 1846 1552
611 201 1846 475
612 203 1846 666
622 204 1846 1844
624 205 1846 1134
625 206 1846 589
630 208 1846 193
630 207 1846 1533
633 209 1846 1186
634 210 1846 732
642 211 1846 1751
647 212 1846 1538
650 213 1846 1332
651 214 1846 809
651 215 1846 89
653 216 1846 1118
654 217 1846 852
654 218 1846 286
657 219 1846 1183
662 220 1846 1520
662 221 1846 410
667 222 1846 1582
667 223 1846 390
667 224 1846 476
667 225 1846 99
669 226 1846 1069
674 227 1846 1585
681 228 1846 1750
682 230 1846 276
682 229 1846 658
686 231 1846 1452
694 232 1846 1781
696 233 1846 905
699 234 1846 1201
700 235 1846 526
702 239 1846 43
702 238 1846 458
702 236 1846 914
702 237 1846 302
704 240 1846 1072
710 241 1846 1622
721 242 1846 1871
722 243 1846 683
723 244 1846 741
725 246 1846 214
725 245 1846 917
732 248 1846 432
732 249 1846 162
732 247 1846 1720
733 250 1846 691
734 251 1846 695
741 252 1846 1747
741 253 1846 11
742 254 1846 755
744 255 1846 1142
745 258 1846 190
745 257 1846 39
745 256 1846 817
752 259 1846 1744
752 260 1846 65
754 261 1846 928
761 262 1846 1708
765 263 1846 1459
767 264 1846 910
770 265 1846 1205
783 266 1846 1894
784 269 1846 282
784 268 1846 130
784 267 1846 633
786 270 1846 1099
787 271 1846 816
787 272 1846 393
787 273 1846 243
787 274 1846 110
796 275 1846 1823
796 276 1846 463
798 277 1846 899
803 278 1846 1574
807 279 1846 1483
816 280 1846 1810
819 281 1846 1273
822 282 1846 1152
827 283 1846 1587
840 284 1846 1892
845 285 1846 1506
851 286 1846 1630
859 289 1846 59
859 287 1846 1770
859 288 1846 149
865 290 1846 1633
867 291 1846 874
867 292 1846 111
868 293 1846 638
882 294 1846 1902
882 295 1846 143
892 296 1846 1838
892 297 1846 412
899 298 1846 1697
903 299 1846 1461
905 300 1846 947
910 301 1846 1506
915 303 1846 150
915 302 1846 1589
917 304 1846 987
926 305 1846 1799
926 306 1846 301
