1 0 1803 669
13 1 1803 1881
13 2 1803 185
16 3 1803 1224
18 4 1803 910
18 5 1803 443
24 6 1803 1685
26 8 1803 282
26 7 1803 1130
28 9 1803 1003
28 10 1803 399
32 11 1803 1368
38 12 1803 1661
52 13 1803 1896
65 14 1803 1893
72 15 1803 1745
75 16 1803 1244
75 17 1803 316
79 18 1803 1395
86 19 1803 1729
92 20 1803 1667
92 21 1803 491
96 22 1803 1473
96 23 1803 396
98 24 1803 1016
99 25 1803 571
102 26 1803 1300
107 27 1803 1596
112 28 1803 1502
120 29 1803 1765
122 30 1803 914
133 31 1803 1864
133 32 1803 37
133 33 1803 383
140 34 1803 1699
146 38 1803 274
146 37 1803 128
146 36 1803 121
146 35 1803 1643
153 39 1803 1715
155 40 1803 896
158 41 1803 1308
166 42 1803 1793
170 43 1803 1489
174 44 1803 1348
175 45 1803 593
176 47 1803 238
176 46 1803 513
178 48 1803 946
178 49 1803 190
183 50 1803 1530
191 51 1803 1771
197 52 1803 1618
197 53 1803 287
204 56 1803 408
204 55 1803 177
204 54 1803 1741
211 57 1803 1714
211 58 1803 207
211 59 1803 338
213 60 1803 1067
213 61 1803 89
218 65 1803 459
218 64 1803 88
218 62 1803 1553
218 63 1803 441
221 66 1803 1331
224 67 1803 1278
224 68 1803 196
224 69 1803 250
230 70 1803 1624
232 72 1803 41
232 71 1803 1116
237 73 1803 1604
238 75 1803 359
238 74 1803 832
239 76 1803 623
254 77 1803 1908
256 78 1803 972
256 79 1803 423
256 80 1803 57
258 81 1803 1062
259 82 1803 649
262 84 1803 234
262 83 1803 1312
264 85 1803 1068
264 86 1803 246
270 87 1803 1674
271 88 1803 566
276 89 1803 1521
279 90 1803 1235
279 91 1803 332
289 92 1803 1846
300 93 1803 1860
301 94 1803 647
302 95 1803 807
308 96 1803 1680
312 97 1803 1351
316 98 1803 1401
318 99 1803 889
321 100 1803 1186
324 101 1803 1160
324 102 1803 41
325 105 1803 413
325 104 1803 491
325 103 1803 696
332 106 1803 1729
332 107 1803 13
336 108 1803 1379
340 109 1803 1382
344 110 1803 1479
344 111 1803 424
345 112 1803 741
352 115 1803 5
352 113 1803 1708
352 114 1803 280
356 116 1803 1364
356 117 1803 241
356 118 1803 206
358 119 1803 945
358 120 1803 213
363 121 1803 1581
364 122 1803 711
365 123 1803 600
367 124 1803 939
370 125 1803 1291
373 126 1803 1195
373 127 1803 105
375 128 1803 957
375 129 1803 25
376 130 1803 604
379 131 1803 1197
380 133 1803 83
380 132 1803 507
383 134 1803 1162
384 135 1803 822
386 136 1803 1020
398 137 1803 1878
399 138 1803 820
406 139 1803 1746
409 140 1803 1264
409 141 1803 233
409 142 1803 295
411 143 1803 1109
411 144 1803 42
412 145 1803 810
417 146 1803 1516
417 147 1803 137
422 148 1803 1580
423 149 1803 641
427 150 1803 1367
431 151 1803 1439
434 153 1803 456
434 152 1803 1144
435 154 1803 676
440 155 1803 1530
440 156 1803 449
444 157 1803 1366
450 158 1803 1681
452 159 1803 1124
455 160 1803 1143
461 161 1803 1623
463 162 1803 981
467 163 1803 1354
468 164 1803 778
468 165 1803 282
478 166 1803 1842
479 167 1803 657
480 168 1803 546
484 169 1803 1383
486 170 1803 910
490 171 1803 1411
493 172 1803 1345
493 173 1803 385
498 174 1803 1606
513 175 1803 1904
516 176 1803 1285
521 177 1803 1527
522 179 1803 128
522 178 1803 557
529 180 1803 1700
531 181 1803 1057
531 182 1803 450
531 183 1803 315
532 184 1803 582
534 187 1803 50
534 185 1803 1089
534 186 1803 52
537 188 1803 1332
542 190 1803 373
542 189 1803 1556
547 191 1803 1579
547 192 1803 196
553 193 1803 1621
554 194 1803 602
559 195 1803 1565
562 196 1803 1177
563 197 1803 866
563 198 1803 330
569 199 1803 1685
571 200 1803 893
572 201 1803 858
577 202 1803 1516
577 203 1803 197
583 204 1803 1656
595 205 1803 1881
595 206 1803 94
596 207 1803 758
597 208 1803 775
598 210 1803 244
598 209 1803 696
599 211 1803 847
600 212 1803 808
605 213 1803 1552
609 214 1803 1348
609 215 1803 86
612 216 1803 1172
613 217 1803 665
614 218 1803 771
620 219 1803 1613
620 220 1803 229
628 221 1803 1791
631 222 1803 1250
633 223 1803 914
635 224 1803 1010
638 225 1803 1255
641 226 1803 1214
647 227 1803 1648
654 229 1803 40
654 228 1803 1708
655 230 1803 727
655 231 1803 419
658 232 1803 1196
659 233 1803 797
662 234 1803 1160
663 235 1803 842
667 236 1803 1465
667 237 1803 253
668 238 1803 583
669 239 1803 626
671 240 1803 995
674 241 1803 1219
677 242 1803 1200
678 243 1803 636
681 244 1803 1312
685 245 1803 1450
686 246 1803 770
687 248 1803 272
687 247 1803 568
688 249 1803 515
688 250 1803 393
689 251 1803 511
689 252 1803 94
690 253 1803 642
694 254 1803 1455
696 255 1803 1026
701 256 1803 1532
702 257 1803 602
704 258 1803 1111
704 259 1803 401
705 260 1803 666
705 261 1803 370
707 262 1803 974
708 263 1803 735
721 264 1803 1893
728 265 1803 1749
733 268 1803 392
733 267 1803 11
733 266 1803 1575
734 269 1803 506
735 270 1803 546
737 271 1803 919
737 272 1803 81
737 273 1803 145
738 274 1803 617
740 275 1803 935
741 276 1803 591
742 277 1803 614
747 278 1803 1526
751 279 1803 1484
751 280 1803 485
752 281 1803 646
756 282 1803 1375
759 283 1803 1193
764 285 1803 215
764 286 1803 325
764 284 1803 1572
765 287 1803 553
768 288 1803 1266
768 289 1803 133
771 290 1803 1234
772 291 1803 862
774 292 1803 1066
774 293 1803 182
786 294 1803 1884
787 297 1803 465
787 295 1803 625
787 296 1803 244
788 298 1803 667
792 299 1803 1488
801 300 1803 1800
802 301 1803 758
802 302 1803 176
809 303 1803 1691
822 304 1803 1894
826 305 1803 1398
826 306 1803 429
