2 0 881 992
3 1 881 789
3 2 881 81
3 3 881 323
10 4 881 1732
13 5 881 1285
13 6 881 100
13 7 881 68
14 8 881 528
17 9 881 1184
20 10 881 1282
25 11 881 1528
26 12 881 866
27 13 881 788
28 14 881 741
36 15 881 1764
39 16 881 1267
42 17 881 1215
45 19 881 430
45 18 881 1177
52 20 881 1718
65 21 881 1890
67 22 881 1037
68 23 881 512
68 24 881 386
69 25 881 586
71 26 881 1105
73 27 881 944
76 28 881 1166
83 29 881 1690
102 30 881 1919
102 31 881 72
104 32 881 879
106 33 881 995
110 34 881 1416
111 35 881 770
114 36 881 1239
115 37 881 854
121 38 881 1609
125 39 881 1435
125 40 881 131
125 41 881 465
125 42 881 453
142 43 881 1916
143 44 881 601
145 47 881 447
145 46 881 221
145 45 881 942
147 48 881 978
150 49 881 1231
154 50 881 1348
158 51 881 1469
158 52 881 346
163 53 881 1555
163 54 881 83
165 55 881 1027
171 56 881 1677
175 57 881 1493
186 58 881 1861
189 59 881 1146
189 60 881 179
191 61 881 1080
192 62 881 827
193 63 881 763
196 64 881 1190
199 65 881 1210
200 66 881 649
209 67 881 1795
212 68 881 1297
226 69 881 1896
227 70 881 525
227 71 881 413
232 72 881 1531
238 73 881 1666
238 74 881 298
241 75 881 1253
245 76 881 1437
247 77 881 1045
257 78 881 1835
261 79 881 1368
261 80 881 365
262 81 881 658
275 82 881 1891
286 84 881 341
286 85 881 450
286 83 881 1859
292 86 881 1650
295 87 881 1249
297 88 881 912
297 89 881 388
299 90 881 1018
305 91 881 1670
307 93 881 462
307 92 881 918
310 94 881 1256
312 95 881 976
317 96 881 1562
323 97 881 1614
324 98 881 725
327 99 881 1316
327 100 881 293
327 101 881 350
329 102 881 1075
331 103 881 1007
332 104 881 706
334 105 881 935
345 106 881 1862
346 107 881 604
349 108 881 1256
350 109 881 755
355 110 881 1515
356 111 881 631
361 112 881 1583
361 113 881 492
362 114 881 780
366 115 881 1445
368 116 881 1114
370 117 881 892
370 118 881 421
371 119 881 739
375 120 881 1484
378 121 881 1325
380 122 881 883
382 123 881 908
384 124 881 878
385 125 881 779
389 126 881 1419
391 127 881 1069
391 128 881 410
394 129 881 1247
400 130 881 1615
407 131 881 1747
407 132 881 320
408 133 881 518
410 134 881 1075
410 135 881 14
415 136 881 1508
417 137 881 883
420 138 881 1153
423 139 881 1331
424 140 881 512
426 141 881 1046
444 143 881 156
444 142 881 1917
445 144 881 798
445 145 881 386
445 146 881 87
445 147 881 425
450 148 881 1606
457 149 881 1735
465 150 881 1786
466 151 881 670
469 152 881 1193
485 153 881 1910
493 154 881 1757
495 155 881 892
499 156 881 1391
499 157 881 166
499 158 881 129
509 159 881 1851
513 160 881 1440
514 163 881 8
514 162 881 193
514 161 881 793
516 164 881 1064
523 165 881 1692
523 166 881 311
525 167 881 1064
528 168 881 1341
529 169 881 766
540 170 881 1862
540 171 881 230
546 172 881 1664
548 173 881 1015
548 174 881 227
548 175 881 438
551 176 881 1332
552 177 881 726
552 178 881 109
552 179 881 491
553 180 881 692
555 181 881 994
559 182 881 1387
560 183 881 600
564 184 881 1385
566 185 881 945
567 186 881 553
567 187 881 334
568 188 881 685
568 189 881 182
569 190 881 548
572 191 881 1341
573 192 881 754
576 193 881 1226
585 194 881 1815
591 195 881 1643
592 196 881 852
608 197 881 1909
610 198 881 1017
612 200 881 75
612 199 881 1031
614 201 881 947
616 202 881 1008
617 203 881 840
626 204 881 1797
631 205 881 1556
633 206 881 931
633 207 881 178
639 208 881 1683
642 209 881 1319
646 210 881 1485
647 211 881 665
647 212 881 57
652 213 881 1562
655 214 881 1158
655 215 881 446
658 216 881 1331
663 217 881 1518
664 218 881 547
664 219 881 119
666 220 881 1139
680 221 881 1902
680 222 881 378
683 223 881 1159
683 224 881 217
684 225 881 521
688 226 881 1400
688 227 881 437
690 228 881 1124
691 229 881 508
696 230 881 1511
700 231 881 1348
706 232 881 1634
708 233 881 1003
708 234 881 415
714 235 881 1670
730 236 881 1910
731 237 881 546
732 238 881 727
740 241 881 374
740 240 881 14
740 239 881 1753
741 242 881 575
744 243 881 1291
745 244 881 622
754 245 881 1808
757 246 881 1284
759 247 881 1116
759 248 881 68
763 250 881 312
763 249 881 1369
766 251 881 1258
770 252 881 1361
772 253 881 898
781 254 881 1816
781 255 881 98
782 256 881 568
790 257 881 1774
791 258 881 622
794 261 881 493
794 259 881 1276
794 260 881 156
796 262 881 979
799 263 881 1174
806 264 881 1733
806 265 881 136
808 266 881 955
810 267 881 978
813 268 881 1147
817 269 881 1413
817 270 881 460
818 271 881 784
819 272 881 790
820 273 881 718
820 274 881 104
821 275 881 764
824 276 881 1326
826 277 881 1012
827 278 881 536
827 279 881 334
830 280 881 1161
830 281 881 283
830 282 881 369
836 283 881 1680
836 284 881 196
836 285 881 252
852 286 881 1912
853 287 881 736
855 288 881 1111
855 289 881 317
857 290 881 1101
857 291 881 136
867 292 881 1848
871 293 881 1376
876 294 881 1597
880 295 881 1445
883 296 881 1320
886 297 881 1325
890 298 881 1482
890 299 881 485
891 300 881 852
891 301 881 305
904 302 881 1894
905 303 881 579
907 304 881 908
911 305 881 1452
911 306 881 468
