1 0 861 616
2 1 861 604
3 2 861 719
5 3 861 1061
12 4 861 1740
14 5 861 1110
14 6 861 312
16 7 861 930
17 9 861 354
17 8 861 845
22 10 861 1593
24 11 861 1139
24 12 861 268
25 13 861 542
28 14 861 1320
30 15 861 1070
33 16 861 1207
34 17 861 792
38 19 861 424
38 18 861 1486
42 20 861 1489
43 21 861 724
44 22 861 576
45 23 861 840
45 24 861 313
46 25 861 704
54 26 861 1774
55 28 861 83
55 27 861 544
63 29 861 1755
65 30 861 1064
71 31 861 1678
86 32 861 1907
90 33 861 1424
98 35 861 109
98 34 861 1753
109 36 861 1857
110 37 861 611
112 38 861 1014
112 39 861 276
113 40 861 519
116 41 861 1210
118 42 861 960
120 43 861 938
131 44 861 1864
131 45 861 365
133 46 861 1093
137 47 861 1437
139 48 861 923
141 49 861 1044
141 50 861 190
146 51 861 1523
149 52 861 1252
151 53 861 947
157 54 861 1610
166 56 861 27
166 55 861 1817
175 57 861 1803
176 58 861 747
178 59 861 1035
181 60 861 1260
188 61 861 1692
189 62 861 847
191 63 861 1015
194 64 861 1215
204 65 861 1839
207 66 861 1157
208 67 861 768
209 68 861 713
212 69 861 1211
214 70 861 1138
215 71 861 596
222 72 861 1702
225 73 861 1210
235 74 861 1829
235 75 861 278
242 76 861 1689
247 77 861 1563
249 78 861 901
261 79 861 1872
266 80 861 1536
266 81 861 336
271 82 861 1545
273 83 861 963
278 84 861 1565
282 86 861 426
282 85 861 1465
284 87 861 959
291 88 861 1739
302 89 861 1861
302 90 861 81
302 91 861 53
310 92 861 1788
325 93 861 1903
327 94 861 940
328 96 861 363
328 95 861 751
339 97 861 1870
345 98 861 1647
345 99 861 24
347 100 861 1133
347 101 861 325
348 102 861 724
354 103 861 1637
364 104 861 1830
369 105 861 1519
376 106 861 1746
376 107 861 42
378 108 861 1043
381 109 861 1331
381 110 861 127
381 111 861 389
383 112 861 902
384 113 861 800
388 114 861 1424
390 115 861 923
390 116 861 146
399 117 861 1808
403 118 861 1375
409 119 861 1675
413 120 861 1413
413 121 861 197
415 122 861 953
416 123 861 776
418 124 861 1130
420 125 861 1085
421 126 861 733
428 127 861 1723
428 128 861 269
430 129 861 1078
440 130 861 1839
447 131 861 1744
457 132 861 1841
459 133 861 876
460 134 861 739
463 135 861 1210
468 136 861 1537
478 137 861 1833
480 138 861 1058
480 139 861 45
486 140 861 1643
486 141 861 383
496 143 861 408
496 142 861 1841
503 144 861 1734
509 145 861 1617
511 146 861 1075
513 147 861 988
513 148 861 478
513 149 861 16
514 151 861 480
514 150 861 604
514 152 861 494
528 153 861 1896
529 154 861 536
531 155 861 936
534 156 861 1296
546 157 861 1872
547 158 861 506
548 159 861 745
549 160 861 785
549 161 861 22
556 162 861 1697
569 163 861 1889
573 164 861 1416
573 165 861 307
573 166 861 473
573 167 861 26
573 168 861 60
573 169 861 213
576 171 861 237
576 170 861 1311
577 172 861 750
580 173 861 1329
580 174 861 31
582 175 861 1029
582 176 861 280
583 177 861 545
585 178 861 966
589 180 861 9
589 179 861 1438
595 181 861 1669
598 182 861 1245
598 183 861 252
598 184 861 473
602 185 861 1359
605 186 861 1249
616 188 861 339
616 187 861 1869
623 189 861 1727
633 190 861 1839
638 191 861 1589
641 192 861 1327
641 193 861 312
644 194 861 1184
650 195 861 1621
651 196 861 611
663 197 861 1876
665 198 861 916
669 199 861 1426
672 200 861 1143
674 201 861 1049
676 202 861 927
676 203 861 265
677 204 861 630
677 205 861 367
683 206 861 1655
685 207 861 1090
696 208 861 1865
700 209 861 1432
701 210 861 655
702 211 861 751
704 212 861 906
706 213 861 993
707 214 861 736
709 215 861 1040
710 216 861 702
714 217 861 1445
718 219 861 56
718 218 861 1416
720 220 861 983
721 221 861 528
727 222 861 1611
727 223 861 258
727 224 861 299
733 225 861 1646
734 231 861 329
734 229 861 334
734 230 861 418
734 227 861 437
734 228 861 144
734 226 861 835
739 232 861 1553
743 233 861 1465
743 234 861 294
745 235 861 885
746 236 861 742
748 237 861 979
753 238 861 1547
753 239 861 106
759 240 861 1629
759 241 861 158
759 242 861 4
760 243 861 832
762 244 861 1072
764 245 861 1087
765 247 861 333
765 246 861 683
770 248 861 1501
770 249 861 143
772 250 861 919
774 251 861 1090
774 252 861 459
775 253 861 859
775 254 861 443
776 255 861 615
780 256 861 1362
781 257 861 669
794 258 861 1890
796 259 861 908
800 260 861 1456
803 261 861 1217
805 262 861 946
810 263 861 1530
812 265 861 326
812 264 861 1014
814 266 861 1123
818 267 861 1365
819 268 861 699
827 269 861 1775
827 270 861 298
833 271 861 1647
842 272 861 1823
845 273 861 1310
845 274 861 352
846 275 861 824
847 276 861 524
848 277 861 779
850 278 861 1110
852 279 861 1137
854 280 861 963
855 281 861 501
856 282 861 860
856 283 861 0
859 284 861 1340
862 285 861 1252
870 286 861 1794
871 287 861 693
873 288 861 1021
878 289 861 1603
882 290 861 1447
882 291 861 73
884 292 861 1014
885 293 861 638
886 294 861 574
886 295 861 411
888 297 861 398
888 296 861 1137
895 298 861 1743
896 299 861 746
909 300 861 1889
912 301 861 1242
917 302 861 1559
923 303 861 1650
931 304 861 1770
934 305 861 1197
937 306 861 1192
