0 0 116 285
1 1 116 754
1 2 116 221
5 3 116 1492
11 4 116 1661
18 5 116 1719
22 6 116 1379
22 7 116 486
23 8 116 783
24 9 116 771
35 10 116 1866
36 11 116 595
37 12 116 837
45 13 116 1763
45 14 116 478
45 15 116 466
47 17 116 217
47 16 116 1024
52 18 116 1561
54 19 116 1080
56 20 116 896
66 21 116 1839
76 22 116 1835
79 23 116 1223
79 24 116 154
83 25 116 1377
85 26 116 1044
91 27 116 1638
91 28 116 445
91 29 116 78
96 30 116 1586
97 31 116 819
98 33 116 401
98 32 116 551
100 35 116 121
100 36 116 329
100 34 116 924
105 37 116 1535
105 38 116 392
107 39 116 885
112 40 116 1584
112 41 116 479
112 42 116 373
117 43 116 1595
117 44 116 270
119 45 116 1102
131 46 116 1882
131 47 116 90
131 48 116 169
136 49 116 1515
140 50 116 1466
142 51 116 943
149 52 116 1699
149 53 116 456
150 55 116 370
150 54 116 630
151 56 116 843
153 57 116 923
156 58 116 1337
156 59 116 284
157 60 116 675
163 61 116 1665
163 62 116 40
164 63 116 705
166 64 116 1109
168 65 116 1046
168 66 116 44
168 67 116 435
169 68 116 838
169 69 116 357
169 70 116 137
173 71 116 1413
180 72 116 1749
181 73 116 676
185 75 116 416
185 74 116 1421
189 76 116 1466
189 77 116 239
191 78 116 952
193 79 116 977
197 80 116 1420
199 81 116 953
203 82 116 1468
204 83 116 854
205 84 116 536
206 85 116 642
208 86 116 1045
208 87 116 94
215 88 116 1695
216 89 116 554
219 90 116 1202
222 94 116 210
222 93 116 108
222 91 116 1330
222 92 116 197
232 95 116 1843
232 96 116 439
237 97 116 1593
237 98 116 486
240 99 116 1149
242 100 116 1057
246 101 116 1446
249 102 116 1176
256 103 116 1737
260 104 116 1378
260 105 116 52
262 106 116 1118
264 107 116 1022
266 108 116 960
266 109 116 214
267 110 116 829
268 111 116 604
282 113 116 360
282 112 116 1896
283 114 116 788
289 115 116 1646
289 116 116 197
291 117 116 1110
291 118 116 168
291 119 116 467
291 120 116 0
303 121 116 1875
304 123 116 284
304 122 116 664
306 124 116 1079
307 125 116 731
310 126 116 1216
316 127 116 1641
316 128 116 466
321 129 116 1502
335 130 116 1901
344 131 116 1798
350 132 116 1678
357 133 116 1727
367 134 116 1844
381 135 116 1899
388 136 116 1702
394 137 116 1655
398 138 116 1401
398 139 116 484
402 141 116 23
402 140 116 1449
404 142 116 1058
408 143 116 1481
414 144 116 1649
415 145 116 598
419 146 116 1359
427 147 116 1761
430 148 116 1245
430 149 116 488
436 150 116 1646
439 151 116 1253
443 153 116 18
443 152 116 1424
446 154 116 1148
448 155 116 1107
449 156 116 781
451 157 116 891
452 158 116 658
453 159 116 646
454 160 116 761
458 161 116 1402
459 162 116 555
463 163 116 1383
463 164 116 237
465 165 116 955
466 166 116 850
466 167 116 168
466 168 116 441
467 169 116 814
478 171 116 466
478 170 116 1868
484 172 116 1633
490 173 116 1609
492 174 116 942
506 175 116 1902
507 176 116 816
509 177 116 1108
510 179 116 481
510 178 116 559
513 180 116 1297
517 181 116 1379
517 182 116 395
531 183 116 1902
539 184 116 1780
540 185 116 647
540 186 116 374
546 187 116 1659
547 188 116 578
548 189 116 737
550 190 116 1117
551 191 116 810
553 192 116 997
554 193 116 755
560 194 116 1647
560 195 116 46
564 196 116 1392
569 197 116 1600
572 198 116 1243
573 199 116 694
579 200 116 1672
582 201 116 1190
585 202 116 1320
585 203 116 430
586 204 116 545
589 205 116 1180
594 206 116 1545
601 207 116 1740
603 208 116 1001
606 210 116 290
606 209 116 1171
611 211 116 1598
611 212 116 331
611 213 116 177
614 214 116 1274
617 215 116 1306
619 216 116 1006
620 217 116 577
625 218 116 1528
630 219 116 1514
631 220 116 581
633 221 116 1116
638 222 116 1514
644 223 116 1628
650 224 116 1622
652 225 116 1057
656 226 116 1393
658 227 116 878
671 228 116 1886
673 229 116 896
674 230 116 509
676 231 116 1141
684 232 116 1789
692 233 116 1790
693 234 116 733
693 235 116 106
693 236 116 58
706 237 116 1890
710 238 116 1357
711 239 116 599
713 240 116 1027
714 241 116 559
715 242 116 658
718 243 116 1332
718 244 116 446
722 245 116 1444
722 246 116 479
723 247 116 820
727 248 116 1406
727 249 116 341
729 250 116 964
730 251 116 814
730 252 116 71
736 253 116 1654
736 254 116 113
737 255 116 556
742 256 116 1600
748 257 116 1617
749 258 116 733
753 259 116 1412
760 260 116 1712
761 261 116 666
769 262 116 1778
769 263 116 104
770 264 116 661
772 265 116 1074
779 267 116 466
779 266 116 1733
783 268 116 1368
786 269 116 1167
789 270 116 1247
791 271 116 1041
794 272 116 1145
796 277 116 182
796 276 116 457
796 275 116 22
796 274 116 486
796 273 116 929
799 278 116 1181
799 279 116 177
800 280 116 578
801 281 116 573
805 282 116 1397
810 283 116 1545
821 284 116 1856
827 285 116 1620
829 286 116 1069
829 287 116 135
835 288 116 1677
835 289 116 177
835 290 116 430
835 291 116 366
838 292 116 1157
849 293 116 1870
850 294 116 812
850 295 116 360
851 296 116 705
852 297 116 553
853 298 116 670
856 299 116 1296
862 300 116 1635
862 301 116 12
866 303 116 238
866 302 116 1376
868 304 116 1018
878 305 116 1848
883 306 116 1594
