0 0 746 140
3 1 746 1259
8 2 746 1559
11 3 746 1165
11 4 746 493
11 5 746 163
12 6 746 610
12 7 746 171
14 8 746 942
21 9 746 1725
22 10 746 832
29 11 746 1741
30 12 746 530
32 13 746 1043
39 14 746 1718
40 15 746 805
41 16 746 507
42 17 746 638
43 18 746 842
46 19 746 1182
49 20 746 1313
60 21 746 1862
64 22 746 1448
67 23 746 1327
67 24 746 441
73 25 746 1657
77 26 746 1418
78 27 746 567
79 28 746 788
81 29 746 881
81 30 746 317
81 31 746 452
88 32 746 1720
94 33 746 1681
94 34 746 391
102 35 746 1762
102 36 746 252
108 37 746 1629
110 38 746 874
111 39 746 534
114 40 746 1210
117 41 746 1190
120 42 746 1186
120 43 746 13
123 44 746 1145
123 45 746 231
133 47 746 155
133 46 746 1840
136 48 746 1192
139 49 746 1183
147 50 746 1757
148 51 746 630
150 52 746 1134
155 53 746 1578
168 55 746 202
168 54 746 1891
175 57 746 232
175 56 746 1735
176 58 746 724
177 59 746 760
178 60 746 669
178 61 746 43
181 62 746 1308
181 63 746 61
185 65 746 380
185 66 746 21
185 64 746 1407
186 67 746 773
187 68 746 651
199 69 746 1880
200 70 746 553
201 71 746 802
208 72 746 1689
208 73 746 308
222 74 746 1896
222 75 746 122
223 76 746 676
227 77 746 1435
227 78 746 181
227 79 746 210
234 80 746 1742
237 81 746 1262
240 82 746 1299
245 83 746 1529
247 84 746 1048
253 85 746 1612
256 86 746 1242
256 87 746 141
263 88 746 1715
263 89 746 188
263 90 746 26
263 91 746 19
265 92 746 905
265 93 746 113
273 94 746 1789
276 95 746 1167
285 96 746 1806
287 97 746 1125
288 98 746 530
289 99 746 764
289 100 746 210
291 101 746 1066
295 102 746 1429
298 103 746 1236
299 104 746 630
301 105 746 955
302 106 746 866
303 107 746 826
309 108 746 1607
317 109 746 1768
321 110 746 1451
321 111 746 300
321 112 746 50
322 113 746 513
324 114 746 943
327 115 746 1332
328 116 746 668
335 117 746 1704
337 118 746 937
344 119 746 1720
346 120 746 1063
355 121 746 1804
357 123 746 462
357 122 746 983
368 124 746 1854
369 125 746 533
378 126 746 1821
383 127 746 1576
383 128 746 443
384 129 746 729
384 130 746 241
388 131 746 1475
390 132 746 904
393 133 746 1341
424 134 746 1924
425 135 746 675
433 136 746 1758
433 137 746 63
435 138 746 898
435 139 746 93
436 140 746 745
436 141 746 416
436 142 746 459
447 143 746 1871
448 144 746 662
454 145 746 1651
467 146 746 1893
467 147 746 392
469 148 746 1094
469 149 746 457
470 150 746 499
470 151 746 102
470 152 746 188
471 153 746 734
477 154 746 1626
477 155 746 331
477 156 746 83
479 157 746 966
482 158 746 1307
482 159 746 97
484 160 746 1059
487 162 746 383
487 161 746 1215
489 163 746 877
494 164 746 1527
508 165 746 1900
511 166 746 1321
512 167 746 634
513 168 746 513
513 169 746 268
518 170 746 1498
519 171 746 605
520 172 746 805
521 173 746 844
523 174 746 975
524 175 746 646
527 176 746 1344
529 177 746 1037
536 178 746 1725
536 179 746 202
537 180 746 564
541 182 746 481
541 181 746 1428
557 183 746 1910
557 184 746 229
557 185 746 139
560 186 746 1287
560 187 746 169
566 188 746 1639
571 189 746 1593
572 190 746 592
573 191 746 792
574 192 746 680
575 193 746 801
577 194 746 958
581 195 746 1455
581 196 746 33
586 197 746 1506
586 198 746 343
587 200 746 329
587 199 746 687
590 201 746 1259
599 202 746 1803
600 203 746 825
602 204 746 883
611 205 746 1819
614 206 746 1222
617 207 746 1268
623 208 746 1684
625 209 746 979
627 210 746 911
629 211 746 970
632 212 746 1166
634 213 746 1104
638 214 746 1457
643 215 746 1555
644 216 746 733
644 217 746 397
645 218 746 648
649 219 746 1388
650 220 746 613
653 221 746 1151
655 222 746 919
656 223 746 845
661 224 746 1601
662 225 746 706
672 226 746 1849
672 227 746 3
681 228 746 1810
685 229 746 1444
686 230 746 613
694 231 746 1762
695 232 746 693
697 233 746 1037
706 234 746 1798
709 235 746 1229
714 236 746 1550
719 237 746 1581
721 239 746 335
721 238 746 1026
722 240 746 841
722 241 746 18
722 242 746 410
723 243 746 660
724 244 746 682
729 245 746 1546
734 246 746 1550
739 247 746 1500
742 248 746 1269
745 249 746 1327
746 250 746 721
751 251 746 1560
752 252 746 858
754 253 746 880
754 254 746 73
756 255 746 1103
756 256 746 340
758 257 746 958
761 259 746 176
761 258 746 1149
774 260 746 1894
777 261 746 1218
781 262 746 1382
781 263 746 239
781 264 746 365
783 267 746 128
783 265 746 1073
783 266 746 276
786 270 746 5
786 268 746 1231
786 269 746 228
788 271 746 1077
791 272 746 1296
791 273 746 312
792 274 746 546
793 275 746 594
794 279 746 54
794 278 746 162
794 276 746 740
794 277 746 258
796 280 746 1080
796 281 746 348
797 282 746 659
797 283 746 483
798 284 746 722
800 285 746 978
802 286 746 904
809 287 746 1738
811 288 746 964
812 289 746 694
814 290 746 888
815 291 746 592
815 292 746 431
816 293 746 849
816 294 746 366
821 295 746 1548
822 296 746 560
822 297 746 170
822 298 746 294
827 299 746 1533
830 300 746 1269
834 301 746 1422
834 302 746 269
836 303 746 1040
839 304 746 1322
844 305 746 1569
844 306 746 264
