3 0 403 1286
4 1 403 581
6 2 403 1084
9 3 403 1295
12 4 403 1258
13 5 403 748
16 8 403 378
16 9 403 75
16 6 403 1165
16 7 403 325
17 10 403 710
21 11 403 1468
25 12 403 1452
36 13 403 1861
41 14 403 1571
50 15 403 1823
57 16 403 1733
60 17 403 1294
63 19 403 386
63 18 403 1188
66 20 403 1294
66 21 403 286
67 22 403 541
67 23 403 367
70 24 403 1175
73 25 403 1266
83 26 403 1838
94 27 403 1857
96 28 403 1081
98 29 403 1039
107 30 403 1825
107 31 403 352
114 32 403 1739
118 33 403 1422
124 34 403 1628
125 35 403 734
130 36 403 1602
131 38 403 170
131 37 403 660
134 39 403 1193
136 40 403 888
137 41 403 794
138 42 403 571
141 43 403 1173
141 44 403 260
145 45 403 1426
145 46 403 287
151 47 403 1683
152 49 403 377
152 48 403 507
164 50 403 1874
165 51 403 745
173 52 403 1795
173 53 403 151
173 54 403 363
175 55 403 999
175 56 403 40
176 58 403 120
176 57 403 717
194 59 403 1917
195 60 403 835
198 61 403 1232
201 62 403 1169
204 63 403 1264
204 64 403 175
204 65 403 357
210 68 403 232
210 67 403 29
210 66 403 1653
211 69 403 836
211 70 403 220
213 71 403 1073
215 72 403 1123
235 73 403 1920
239 74 403 1423
240 75 403 499
246 76 403 1640
249 77 403 1292
249 78 403 107
255 79 403 1674
257 80 403 978
257 81 403 154
261 82 403 1350
262 83 403 704
264 84 403 1089
266 86 403 481
266 85 403 1080
271 87 403 1588
273 88 403 1058
274 89 403 628
275 90 403 694
277 91 403 885
278 92 403 540
278 93 403 178
278 94 403 357
283 95 403 1580
288 96 403 1550
291 97 403 1232
293 98 403 998
302 99 403 1827
309 100 403 1697
309 101 403 258
313 102 403 1450
318 103 403 1595
318 104 403 156
319 105 403 801
324 106 403 1547
333 107 403 1799
334 108 403 652
342 109 403 1789
345 110 403 1284
346 111 403 672
347 112 403 609
347 113 403 370
349 114 403 939
350 115 403 680
359 116 403 1806
359 117 403 465
359 118 403 174
361 119 403 1020
370 120 403 1801
370 121 403 65
372 122 403 895
377 124 403 142
377 123 403 1529
380 125 403 1260
381 126 403 532
383 127 403 944
388 128 403 1562
396 129 403 1767
398 132 403 294
398 130 403 874
398 131 403 408
398 133 403 204
412 134 403 1902
413 135 403 719
414 136 403 628
420 137 403 1679
421 138 403 547
421 139 403 287
425 140 403 1457
426 141 403 606
428 142 403 935
431 143 403 1194
434 147 403 169
434 146 403 275
434 144 403 1268
434 145 403 21
437 148 403 1164
442 149 403 1602
449 150 403 1699
451 151 403 1085
453 152 403 1057
467 154 403 26
467 153 403 1903
473 155 403 1631
476 156 403 1287
486 157 403 1845
490 158 403 1453
491 159 403 821
491 160 403 268
492 161 403 602
492 162 403 237
493 163 403 810
495 164 403 915
497 165 403 876
497 166 403 378
497 167 403 404
497 168 403 393
497 169 403 219
497 170 403 51
497 171 403 127
507 172 403 1842
516 173 403 1812
520 174 403 1487
523 175 403 1194
525 176 403 1055
531 177 403 1626
531 178 403 261
531 179 403 121
533 181 403 363
533 180 403 984
540 182 403 1705
552 183 403 1885
552 184 403 68
559 185 403 1714
562 189 403 271
562 186 403 1275
562 187 403 316
562 188 403 178
566 190 403 1356
567 192 403 226
567 191 403 707
573 193 403 1650
573 194 403 18
574 195 403 855
574 196 403 369
574 197 403 124
574 198 403 278
574 199 403 391
579 200 403 1567
588 201 403 1796
595 202 403 1700
597 203 403 945
602 204 403 1550
607 205 403 1571
610 206 403 1167
613 207 403 1170
613 208 403 416
614 209 403 756
615 210 403 575
620 211 403 1586
625 212 403 1584
628 213 403 1331
636 214 403 1762
646 215 403 1830
647 216 403 821
647 217 403 276
648 218 403 741
650 219 403 1126
655 220 403 1525
655 221 403 62
655 222 403 226
655 223 403 122
656 224 403 787
659 225 403 1269
668 226 403 1825
668 227 403 192
676 228 403 1793
677 229 403 631
678 230 403 825
680 231 403 930
684 232 403 1347
692 233 403 1794
692 234 403 478
694 235 403 1113
695 236 403 587
696 237 403 760
696 238 403 335
696 239 403 421
697 241 403 105
697 240 403 546
706 242 403 1824
710 243 403 1347
716 244 403 1620
723 245 403 1695
725 246 403 1048
726 247 403 819
735 251 403 93
735 250 403 34
735 249 403 113
735 248 403 1813
738 252 403 1308
740 253 403 1077
741 254 403 791
746 255 403 1505
751 256 403 1569
756 258 403 157
756 259 403 280
756 257 403 1578
762 260 403 1671
764 261 403 975
767 262 403 1301
774 263 403 1709
785 264 403 1856
790 266 403 239
790 265 403 1569
797 267 403 1715
798 268 403 853
799 269 403 649
802 270 403 1243
802 271 403 61
813 272 403 1865
813 273 403 320
814 274 403 579
818 275 403 1419
818 276 403 162
819 278 403 426
819 277 403 803
821 279 403 1016
821 280 403 220
823 281 403 1006
823 282 403 303
829 283 403 1680
830 284 403 597
831 285 403 731
836 287 403 270
836 286 403 1547
838 288 403 1003
840 289 403 898
844 290 403 1468
846 291 403 933
847 292 403 602
847 293 403 54
848 294 403 675
853 295 403 1496
854 297 403 115
854 296 403 729
858 298 403 1416
858 299 403 51
862 300 403 1456
865 301 403 1258
878 302 403 1891
881 303 403 1163
882 304 403 794
896 305 403 1898
896 306 403 152
