0 0 1046 215
1 1 1046 778
1 2 1046 80
2 3 1046 599
3 4 1046 697
3 5 1046 212
4 7 1046 64
4 8 1046 5
4 6 1046 861
14 9 1046 1837
15 10 1046 825
19 11 1046 1388
23 12 1046 1476
24 13 1046 832
26 14 1046 1062
29 16 1046 393
29 15 1046 1151
39 17 1046 1830
43 18 1046 1380
44 19 1046 863
46 20 1046 918
56 21 1046 1831
68 22 1046 1883
70 23 1046 1136
71 24 1046 838
71 25 1046 230
71 26 1046 492
72 29 1046 66
72 27 1046 665
72 28 1046 374
78 30 1046 1620
79 31 1046 843
80 32 1046 723
80 33 1046 483
86 34 1046 1658
91 35 1046 1538
91 36 1046 126
95 37 1046 1350
104 38 1046 1810
104 39 1046 308
106 40 1046 1069
110 41 1046 1425
115 42 1046 1542
115 43 1046 400
118 44 1046 1183
126 45 1046 1787
129 46 1046 1188
134 47 1046 1563
135 48 1046 718
136 49 1046 755
138 50 1046 942
139 51 1046 566
139 52 1046 220
140 53 1046 823
142 54 1046 993
142 55 1046 309
143 56 1046 819
145 57 1046 869
151 58 1046 1685
151 59 1046 466
157 60 1046 1645
157 61 1046 195
163 62 1046 1614
174 63 1046 1863
174 64 1046 216
189 65 1046 1906
190 66 1046 665
192 67 1046 993
194 68 1046 1098
198 69 1046 1449
200 70 1046 1024
202 71 1046 968
202 72 1046 19
204 73 1046 1072
211 74 1046 1718
215 76 1046 288
215 75 1046 1417
219 77 1046 1483
231 78 1046 1878
233 79 1046 975
235 80 1046 966
236 81 1046 853
248 82 1046 1872
253 83 1046 1543
255 84 1046 1049
257 85 1046 1054
258 86 1046 623
267 87 1046 1824
271 88 1046 1415
275 89 1046 1348
276 90 1046 718
279 91 1046 1182
284 92 1046 1590
287 93 1046 1343
288 94 1046 587
290 95 1046 874
297 96 1046 1735
302 97 1046 1604
302 98 1046 183
305 99 1046 1201
307 100 1046 1122
307 101 1046 195
307 102 1046 464
310 103 1046 1194
316 104 1046 1656
330 105 1046 1899
331 106 1046 546
333 107 1046 1073
335 108 1046 1030
340 109 1046 1500
340 110 1046 20
343 111 1046 1261
345 112 1046 915
346 113 1046 709
350 114 1046 1424
351 115 1046 791
351 116 1046 247
351 117 1046 71
352 118 1046 813
354 119 1046 1086
357 120 1046 1283
358 121 1046 766
363 122 1046 1503
369 123 1046 1674
370 124 1046 730
378 125 1046 1766
381 126 1046 1302
382 127 1046 600
382 128 1046 484
383 129 1046 844
389 130 1046 1606
390 131 1046 609
393 132 1046 1299
394 133 1046 677
402 134 1046 1778
403 135 1046 771
403 136 1046 389
404 137 1046 678
413 138 1046 1812
415 139 1046 1075
416 140 1046 508
420 141 1046 1474
421 142 1046 794
431 143 1046 1840
434 144 1046 1328
438 145 1046 1382
438 146 1046 267
440 147 1046 880
450 148 1046 1843
457 149 1046 1721
458 150 1046 626
464 151 1046 1664
465 152 1046 790
467 153 1046 1022
477 154 1046 1842
477 155 1046 356
478 156 1046 616
479 157 1046 714
479 158 1046 463
488 159 1046 1814
489 160 1046 596
500 161 1046 1870
501 163 1046 185
501 162 1046 589
510 164 1046 1818
513 165 1046 1336
526 166 1046 1886
526 167 1046 238
527 168 1046 855
528 169 1046 652
528 170 1046 402
532 172 1046 183
532 171 1046 1494
538 173 1046 1662
539 174 1046 578
546 175 1046 1734
560 176 1046 1896
565 177 1046 1588
565 178 1046 346
568 179 1046 1273
573 181 1046 422
573 180 1046 1499
574 182 1046 681
575 183 1046 687
575 184 1046 217
586 185 1046 1867
593 186 1046 1743
593 187 1046 277
594 188 1046 759
598 190 1046 155
598 189 1046 1422
603 192 1046 215
603 191 1046 1599
626 193 1046 1923
626 194 1046 479
627 195 1046 562
629 196 1046 885
630 197 1046 608
630 198 1046 21
648 199 1046 1916
652 201 1046 28
652 202 1046 24
652 200 1046 1421
655 203 1046 1191
658 204 1046 1319
660 205 1046 1057
664 206 1046 1480
666 210 1046 384
666 207 1046 1052
666 208 1046 444
666 209 1046 108
668 212 1046 368
668 211 1046 953
670 213 1046 1115
670 214 1046 314
670 215 1046 173
673 216 1046 1189
682 217 1046 1826
695 218 1046 1893
707 219 1046 1876
712 220 1046 1517
718 221 1046 1609
722 222 1046 1403
726 223 1046 1358
726 224 1046 497
727 225 1046 727
730 226 1046 1279
730 227 1046 185
733 228 1046 1183
733 229 1046 15
734 230 1046 848
737 231 1046 1288
742 232 1046 1566
742 233 1046 354
750 234 1046 1776
754 235 1046 1471
754 236 1046 397
758 237 1046 1415
761 238 1046 1293
763 240 1046 386
763 239 1046 1084
764 241 1046 690
772 242 1046 1757
773 243 1046 651
775 244 1046 1037
777 245 1046 1126
780 246 1046 1231
782 247 1046 1024
788 249 1046 305
788 248 1046 1609
791 250 1046 1298
793 251 1046 984
794 252 1046 640
794 253 1046 70
794 254 1046 399
801 255 1046 1736
802 256 1046 549
803 257 1046 590
804 258 1046 693
805 259 1046 591
812 260 1046 1703
815 261 1046 1295
823 262 1046 1794
823 263 1046 428
826 264 1046 1185
828 265 1046 1021
831 266 1046 1312
831 267 1046 13
834 268 1046 1263
835 269 1046 768
842 270 1046 1700
849 271 1046 1698
850 272 1046 532
851 273 1046 808
855 274 1046 1490
856 275 1046 827
864 276 1046 1776
865 278 1046 321
865 277 1046 752
868 279 1046 1296
872 280 1046 1421
872 281 1046 254
873 282 1046 501
875 283 1046 877
876 284 1046 642
884 285 1046 1789
885 286 1046 648
890 287 1046 1496
902 288 1046 1880
902 289 1046 39
904 290 1046 921
911 291 1046 1731
912 292 1046 722
913 293 1046 702
916 294 1046 1306
918 295 1046 1015
919 296 1046 821
922 297 1046 1328
926 298 1046 1391
926 299 1046 16
933 300 1046 1738
936 301 1046 1217
942 302 1046 1686
943 303 1046 840
944 304 1046 529
949 305 1046 1524
949 306 1046 451
