0 0 1126 339
4 1 1126 1434
7 2 1126 1146
7 3 1126 45
18 4 1126 1854
21 5 1126 1246
25 6 1126 1493
25 7 1126 204
26 10 1126 65
26 8 1126 781
26 9 1126 145
29 11 1126 1187
35 12 1126 1637
42 15 1126 398
42 13 1126 1720
42 14 1126 370
47 16 1126 1513
58 18 1126 256
58 17 1126 1866
62 19 1126 1367
63 20 1126 569
64 21 1126 597
65 22 1126 843
67 23 1126 1064
68 24 1126 588
69 25 1126 598
74 26 1126 1573
76 29 1126 389
76 27 1126 1028
76 28 1126 81
82 30 1126 1670
82 31 1126 238
83 32 1126 540
84 33 1126 819
86 34 1126 903
90 35 1126 1384
107 37 1126 309
107 38 1126 319
107 36 1126 1915
109 39 1126 905
115 40 1126 1614
115 41 1126 9
116 42 1126 624
116 43 1126 440
123 44 1126 1698
127 46 1126 436
127 47 1126 76
127 45 1126 1474
129 48 1126 1119
133 49 1126 1393
140 50 1126 1743
140 51 1126 442
142 52 1126 1091
144 53 1126 1025
144 54 1126 390
150 55 1126 1666
151 57 1126 81
151 56 1126 591
155 58 1126 1381
158 59 1126 1256
163 60 1126 1598
163 61 1126 464
163 62 1126 122
163 63 1126 391
163 64 1126 399
171 65 1126 1751
172 66 1126 647
173 67 1126 817
174 68 1126 816
176 69 1126 910
176 70 1126 408
179 71 1126 1204
184 72 1126 1546
187 73 1126 1276
193 74 1126 1677
194 75 1126 559
208 77 1126 403
208 76 1126 1897
211 78 1126 1291
213 79 1126 1039
213 80 1126 161
218 81 1126 1497
228 82 1126 1834
229 83 1126 612
230 84 1126 570
233 85 1126 1228
235 86 1126 1071
239 87 1126 1439
239 88 1126 429
242 89 1126 1162
243 90 1126 793
253 91 1126 1833
254 92 1126 852
256 93 1126 988
259 94 1126 1231
262 95 1126 1150
271 96 1126 1812
271 97 1126 233
271 98 1126 41
282 99 1126 1871
283 100 1126 827
288 101 1126 1543
291 102 1126 1184
291 103 1126 208
293 104 1126 984
294 105 1126 539
295 106 1126 820
302 107 1126 1740
305 108 1126 1273
313 109 1126 1756
320 110 1126 1693
320 111 1126 187
321 112 1126 715
321 113 1126 342
323 115 1126 101
323 114 1126 1094
324 116 1126 555
328 117 1126 1434
335 118 1126 1745
337 119 1126 1095
338 120 1126 680
340 121 1126 1132
340 122 1126 388
345 124 1126 117
345 123 1126 1579
346 125 1126 500
346 126 1126 351
347 127 1126 558
347 128 1126 44
348 129 1126 526
349 130 1126 672
355 131 1126 1664
355 132 1126 362
359 134 1126 211
359 133 1126 1345
360 135 1126 543
360 136 1126 312
366 137 1126 1625
371 138 1126 1553
371 139 1126 31
371 140 1126 408
374 141 1126 1255
374 142 1126 166
375 143 1126 597
379 144 1126 1393
380 145 1126 605
382 146 1126 1118
383 147 1126 509
392 148 1126 1818
394 149 1126 1130
395 151 1126 377
395 150 1126 595
395 152 1126 412
397 153 1126 870
400 154 1126 1190
406 155 1126 1620
409 156 1126 1154
414 157 1126 1529
414 158 1126 90
414 159 1126 484
414 160 1126 187
414 161 1126 262
421 162 1126 1696
422 163 1126 746
424 164 1126 1084
424 165 1126 28
432 166 1126 1750
435 167 1126 1294
435 168 1126 131
436 169 1126 551
443 170 1126 1713
444 171 1126 854
453 172 1126 1806
460 173 1126 1714
461 174 1126 687
465 175 1126 1349
467 176 1126 965
474 177 1126 1716
474 178 1126 186
478 179 1126 1437
481 180 1126 1307
489 181 1126 1767
490 182 1126 664
491 183 1126 838
502 184 1126 1856
502 185 1126 295
505 186 1126 1252
509 187 1126 1416
509 188 1126 154
510 189 1126 516
513 190 1126 1313
514 191 1126 708
519 192 1126 1535
521 193 1126 1068
529 194 1126 1768
529 195 1126 145
533 196 1126 1484
536 197 1126 1345
540 198 1126 1438
544 199 1126 1364
545 200 1126 779
552 201 1126 1748
552 202 1126 377
555 203 1126 1267
558 204 1126 1341
564 205 1126 1666
564 206 1126 495
565 207 1126 623
565 208 1126 183
573 209 1126 1766
574 210 1126 654
578 211 1126 1363
581 212 1126 1343
582 213 1126 577
584 214 1126 1102
584 215 1126 345
589 216 1126 1522
590 217 1126 857
591 218 1126 814
592 219 1126 788
593 221 1126 333
593 220 1126 701
595 222 1126 1140
600 223 1126 1540
603 224 1126 1162
605 225 1126 1005
608 226 1126 1243
609 227 1126 738
620 228 1126 1870
621 229 1126 541
629 230 1126 1789
634 231 1126 1545
634 232 1126 277
635 233 1126 746
636 234 1126 658
640 235 1126 1483
644 236 1126 1389
647 237 1126 1322
651 239 1126 190
651 238 1126 1422
658 240 1126 1724
659 241 1126 629
662 242 1126 1233
662 243 1126 312
670 244 1126 1786
682 245 1126 1875
685 246 1126 1290
687 247 1126 957
700 248 1126 1890
704 249 1126 1423
705 250 1126 548
706 251 1126 626
707 252 1126 530
708 253 1126 649
709 254 1126 663
709 255 1126 445
710 256 1126 608
711 260 1126 422
711 259 1126 336
711 258 1126 104
711 257 1126 762
717 261 1126 1682
718 262 1126 677
723 263 1126 1566
737 264 1126 1901
739 265 1126 1033
741 266 1126 1085
742 267 1126 596
752 268 1126 1844
757 269 1126 1544
759 270 1126 880
759 271 1126 199
763 272 1126 1360
764 273 1126 624
766 274 1126 989
766 275 1126 72
768 276 1126 1025
769 277 1126 827
775 278 1126 1678
778 279 1126 1212
784 280 1126 1639
784 281 1126 285
785 282 1126 772
785 283 1126 447
803 284 1126 1918
806 285 1126 1163
808 286 1126 1015
813 289 1126 212
813 287 1126 1552
813 288 1126 83
815 290 1126 874
816 291 1126 627
819 292 1126 1217
821 293 1126 1085
828 294 1126 1692
828 295 1126 42
840 296 1126 1876
845 297 1126 1592
845 298 1126 335
846 299 1126 752
847 300 1126 789
848 301 1126 693
850 302 1126 1038
850 303 1126 346
851 305 1126 348
851 304 1126 542
854 306 1126 1190
