0 0 1617 94
5 1 1617 1520
8 2 1617 1237
11 3 1617 1156
15 4 1617 1481
17 5 1617 1109
19 6 1617 1015
19 7 1617 35
20 8 1617 760
28 9 1617 1753
32 10 1617 1476
37 11 1617 1533
49 12 1617 1880
51 13 1617 973
65 14 1617 1896
69 15 1617 1459
69 16 1617 178
70 18 1617 366
70 17 1617 590
75 19 1617 1538
75 20 1617 257
76 21 1617 591
82 22 1617 1617
84 23 1617 987
85 24 1617 796
92 25 1617 1748
101 26 1617 1814
102 27 1617 735
104 28 1617 1126
104 29 1617 397
105 30 1617 630
113 31 1617 1759
113 32 1617 320
119 33 1617 1674
124 34 1617 1525
128 35 1617 1360
130 36 1617 1002
133 39 1617 186
133 37 1617 1206
133 38 1617 234
135 40 1617 880
138 41 1617 1309
140 42 1617 937
140 43 1617 84
140 44 1617 133
141 45 1617 697
142 46 1617 865
145 47 1617 1308
147 48 1617 965
154 49 1617 1718
154 50 1617 386
154 51 1617 89
155 52 1617 641
155 53 1617 233
157 54 1617 918
161 55 1617 1428
170 58 1617 360
170 56 1617 1828
170 57 1617 250
176 59 1617 1657
179 60 1617 1220
179 61 1617 280
180 62 1617 834
180 63 1617 363
182 64 1617 1122
188 65 1617 1642
191 66 1617 1212
191 67 1617 206
195 68 1617 1372
196 70 1617 457
196 69 1617 535
198 72 1617 355
198 73 1617 180
198 71 1617 897
199 74 1617 658
201 75 1617 872
206 76 1617 1579
211 77 1617 1532
212 78 1617 853
212 79 1617 98
214 80 1617 883
215 81 1617 505
222 82 1617 1694
225 84 1617 10
225 83 1617 1332
226 85 1617 541
228 86 1617 1117
228 87 1617 87
229 88 1617 755
229 89 1617 96
233 90 1617 1457
234 91 1617 752
235 92 1617 845
236 93 1617 502
238 94 1617 890
239 95 1617 600
239 96 1617 475
240 97 1617 573
242 98 1617 887
242 99 1617 415
246 100 1617 1409
247 101 1617 658
258 103 1617 429
258 102 1617 1860
261 104 1617 1261
265 105 1617 1413
271 106 1617 1658
271 107 1617 461
276 108 1617 1500
276 109 1617 46
284 110 1617 1774
284 111 1617 295
287 113 1617 261
287 112 1617 1321
288 114 1617 773
289 115 1617 714
290 116 1617 510
294 117 1617 1426
294 118 1617 352
295 119 1617 581
296 120 1617 525
298 121 1617 1125
302 122 1617 1376
305 123 1617 1275
307 124 1617 1003
313 125 1617 1630
313 126 1617 52
321 127 1617 1778
324 128 1617 1214
324 129 1617 57
324 130 1617 397
326 131 1617 1005
327 133 1617 437
327 132 1617 645
328 134 1617 614
328 135 1617 225
329 136 1617 570
332 137 1617 1265
332 138 1617 71
333 139 1617 522
334 140 1617 808
335 141 1617 656
336 142 1617 512
337 143 1617 709
337 144 1617 247
340 145 1617 1162
344 146 1617 1355
345 147 1617 583
351 149 1617 175
351 150 1617 89
351 148 1617 1653
353 152 1617 221
353 153 1617 306
353 151 1617 974
362 154 1617 1815
362 155 1617 284
365 156 1617 1207
366 157 1617 584
370 158 1617 1351
375 159 1617 1555
379 160 1617 1360
388 161 1617 1804
391 162 1617 1171
395 163 1617 1442
400 164 1617 1573
401 165 1617 769
406 166 1617 1574
408 167 1617 884
413 168 1617 1572
414 169 1617 548
414 170 1617 144
417 171 1617 1170
421 172 1617 1354
429 173 1617 1755
436 174 1617 1697
444 175 1617 1793
445 176 1617 612
446 177 1617 666
448 178 1617 1028
456 179 1617 1765
456 180 1617 274
460 182 1617 125
460 181 1617 1393
462 183 1617 1039
475 184 1617 1893
479 185 1617 1347
480 186 1617 784
480 187 1617 339
481 188 1617 546
481 189 1617 329
483 190 1617 942
499 191 1617 1911
509 192 1617 1838
509 193 1617 440
511 194 1617 1086
513 195 1617 928
517 196 1617 1409
519 197 1617 995
521 198 1617 1060
525 199 1617 1403
530 201 1617 471
530 200 1617 1512
532 202 1617 935
534 203 1617 1104
534 204 1617 31
535 205 1617 844
540 206 1617 1544
540 207 1617 391
541 208 1617 533
541 209 1617 22
546 210 1617 1596
547 211 1617 540
551 212 1617 1480
556 213 1617 1510
559 214 1617 1281
572 215 1617 1891
578 216 1617 1679
578 217 1617 132
582 218 1617 1474
582 219 1617 225
598 220 1617 1910
601 221 1617 1235
601 222 1617 337
604 223 1617 1242
609 224 1617 1531
609 225 1617 158
612 226 1617 1256
614 227 1617 913
615 228 1617 668
616 230 1617 383
616 229 1617 769
621 231 1617 1542
626 232 1617 1531
631 233 1617 1550
631 234 1617 253
638 235 1617 1728
638 236 1617 458
640 237 1617 945
642 238 1617 1007
644 239 1617 1048
651 240 1617 1728
651 241 1617 392
658 242 1617 1730
659 243 1617 524
660 244 1617 658
660 245 1617 401
660 246 1617 430
660 247 1617 328
662 248 1617 1084
664 249 1617 1119
667 250 1617 1173
670 251 1617 1277
674 252 1617 1446
675 253 1617 834
679 254 1617 1418
679 255 1617 276
679 256 1617 134
685 257 1617 1617
690 258 1617 1498
699 259 1617 1798
704 260 1617 1513
705 261 1617 631
711 262 1617 1647
717 263 1617 1688
722 264 1617 1563
722 265 1617 53
724 266 1617 934
735 267 1617 1855
738 268 1617 1256
742 269 1617 1477
746 270 1617 1433
747 271 1617 733
749 272 1617 1049
749 273 1617 425
749 274 1617 422
754 275 1617 1517
758 276 1617 1429
765 277 1617 1737
766 278 1617 584
768 279 1617 1129
774 280 1617 1653
776 281 1617 927
784 282 1617 1754
788 283 1617 1473
793 284 1617 1520
795 286 1617 96
795 285 1617 1031
796 287 1617 696
796 288 1617 132
810 289 1617 1901
815 290 1617 1594
816 291 1617 765
820 292 1617 1371
822 293 1617 1134
826 294 1617 1460
828 295 1617 1097
829 296 1617 670
829 297 1617 42
831 298 1617 886
832 299 1617 604
836 300 1617 1392
837 301 1617 499
839 302 1617 996
844 303 1617 1531
850 305 1617 440
850 304 1617 1611
850 306 1617 227
