1 0 469 635
4 1 469 1297
4 2 469 232
8 3 469 1479
9 4 469 603
12 5 469 1171
17 6 469 1503
24 7 469 1745
27 10 469 477
27 8 469 1233
27 9 469 63
33 11 469 1623
36 12 469 1318
37 13 469 621
39 16 469 329
39 14 469 986
39 15 469 9
39 17 469 177
40 18 469 836
45 19 469 1533
46 20 469 783
50 21 469 1427
50 22 469 213
51 23 469 863
52 24 469 826
53 25 469 667
53 26 469 349
54 27 469 635
56 30 469 4
56 28 469 977
56 29 469 183
57 31 469 622
60 32 469 1160
61 33 469 527
61 34 469 153
63 35 469 947
66 36 469 1212
67 38 469 452
67 37 469 836
70 39 469 1308
74 40 469 1359
76 41 469 1127
87 42 469 1866
89 43 469 1089
91 44 469 915
99 48 469 74
99 47 469 160
99 45 469 1753
99 46 469 232
104 49 469 1601
105 50 469 683
114 51 469 1801
115 52 469 780
120 53 469 1547
121 54 469 811
123 55 469 1133
125 56 469 1084
128 57 469 1293
129 58 469 652
140 59 469 1861
141 60 469 821
143 61 469 868
144 62 469 767
146 63 469 1049
146 64 469 59
154 66 469 462
154 65 469 1779
155 67 469 791
155 68 469 467
155 69 469 38
156 70 469 721
160 71 469 1418
166 72 469 1649
170 74 469 173
170 73 469 1452
175 75 469 1580
179 76 469 1485
181 77 469 1049
193 78 469 1873
195 79 469 997
195 80 469 434
195 81 469 189
196 82 469 560
199 83 469 1301
203 85 469 127
203 84 469 1425
211 86 469 1766
216 87 469 1537
222 88 469 1641
224 89 469 945
232 90 469 1788
242 92 469 183
242 91 469 1843
243 96 469 360
243 95 469 491
243 93 469 516
243 94 469 487
244 97 469 817
246 98 469 1029
248 99 469 1060
251 100 469 1290
255 101 469 1366
261 103 469 35
261 102 469 1618
263 104 469 879
266 105 469 1190
266 106 469 152
269 107 469 1253
273 108 469 1374
276 109 469 1155
281 110 469 1572
281 111 469 35
285 112 469 1345
290 113 469 1579
294 114 469 1426
295 115 469 632
295 116 469 307
299 117 469 1391
304 118 469 1549
315 119 469 1856
315 120 469 13
316 121 469 849
318 122 469 1074
322 124 469 175
322 123 469 1447
323 125 469 802
326 126 469 1234
328 127 469 1132
330 128 469 964
336 129 469 1607
339 130 469 1220
340 131 469 668
340 132 469 19
341 133 469 812
347 134 469 1632
349 135 469 993
349 136 469 495
350 137 469 525
350 138 469 421
350 139 469 234
364 140 469 1900
365 142 469 163
365 143 469 485
365 141 469 513
368 144 469 1297
376 145 469 1753
376 146 469 498
377 147 469 528
379 148 469 1015
387 149 469 1780
387 150 469 183
389 151 469 893
392 152 469 1192
394 153 469 1098
396 154 469 1047
396 155 469 440
396 156 469 291
396 157 469 171
404 158 469 1784
404 159 469 77
416 160 469 1880
418 161 469 944
418 162 469 288
425 163 469 1691
436 164 469 1860
438 165 469 903
438 166 469 15
439 167 469 532
451 168 469 1872
451 169 469 432
451 170 469 136
458 171 469 1707
460 172 469 970
463 173 469 1314
475 174 469 1881
479 175 469 1425
480 176 469 686
481 177 469 589
481 178 469 149
481 179 469 347
481 180 469 304
482 181 469 705
482 182 469 117
484 183 469 1108
488 184 469 1424
488 185 469 327
492 186 469 1401
493 187 469 846
500 188 469 1690
503 189 469 1191
504 190 469 701
504 191 469 324
505 194 469 278
505 192 469 665
505 193 469 344
507 195 469 956
507 196 469 224
507 197 469 397
508 198 469 550
508 199 469 393
515 200 469 1737
528 201 469 1891
529 202 469 580
530 203 469 582
536 204 469 1644
536 205 469 400
546 206 469 1847
555 207 469 1803
557 208 469 1141
562 209 469 1547
568 210 469 1679
574 212 469 21
574 211 469 1627
578 213 469 1437
585 214 469 1697
588 215 469 1174
589 216 469 827
591 217 469 1104
591 218 469 267
596 219 469 1533
600 220 469 1427
602 221 469 1094
603 222 469 766
604 223 469 681
610 224 469 1656
617 225 469 1736
619 226 469 1041
620 227 469 626
622 228 469 1036
624 229 469 924
627 232 469 39
627 230 469 1200
627 231 469 288
633 233 469 1681
634 234 469 534
634 235 469 337
634 236 469 125
638 237 469 1459
642 238 469 1389
644 240 469 404
644 239 469 1023
649 241 469 1522
655 242 469 1629
655 243 469 143
659 244 469 1436
661 245 469 999
661 246 469 303
664 247 469 1152
665 248 469 571
667 250 469 128
667 249 469 1028
669 251 469 1044
669 252 469 129
671 253 469 941
673 254 469 890
674 255 469 643
676 256 469 1124
685 257 469 1824
686 258 469 851
696 259 469 1832
699 260 469 1283
702 261 469 1221
703 262 469 767
703 263 469 217
703 264 469 346
707 265 469 1390
712 267 469 264
712 266 469 1588
714 268 469 902
718 269 469 1359
720 270 469 1049
723 271 469 1293
729 272 469 1640
732 273 469 1168
734 274 469 1128
744 275 469 1829
748 276 469 1389
749 277 469 623
752 278 469 1170
753 279 469 657
757 280 469 1433
766 281 469 1814
766 282 469 55
766 283 469 7
767 284 469 796
767 285 469 156
767 286 469 158
769 287 469 1022
770 288 469 791
779 289 469 1816
781 290 469 1138
781 291 469 225
782 292 469 608
786 293 469 1482
792 294 469 1665
794 295 469 1108
795 296 469 755
799 297 469 1412
806 298 469 1721
806 299 469 45
809 300 469 1336
809 301 469 38
809 302 469 249
811 303 469 1136
826 304 469 1903
827 305 469 760
830 306 469 1329
