4 0 737 1374
14 1 737 1846
17 2 737 1206
17 3 737 366
17 4 737 62
17 5 737 196
17 6 737 285
17 7 737 120
19 8 737 982
37 9 737 1918
40 10 737 1241
41 11 737 795
42 12 737 532
42 13 737 419
45 14 737 1334
46 15 737 820
48 16 737 1034
49 18 737 9
49 17 737 792
50 19 737 806
52 20 737 1070
52 21 737 81
52 22 737 92
52 23 737 192
55 24 737 1273
57 25 737 1097
70 26 737 1887
71 27 737 733
86 28 737 1905
88 29 737 1101
88 30 737 497
88 31 737 39
90 32 737 885
92 33 737 909
95 35 737 427
95 34 737 1186
101 36 737 1689
110 37 737 1814
114 38 737 1374
114 39 737 371
115 40 737 665
115 41 737 333
117 42 737 889
117 43 737 377
117 44 737 306
117 45 737 57
119 46 737 986
124 47 737 1598
124 48 737 108
126 49 737 962
126 50 737 104
126 51 737 224
136 52 737 1850
138 53 737 1079
143 54 737 1499
146 55 737 1293
154 56 737 1753
156 57 737 1013
158 58 737 1018
160 59 737 890
160 60 737 234
164 61 737 1476
164 62 737 139
173 63 737 1805
177 64 737 1420
180 65 737 1202
190 66 737 1835
195 67 737 1547
198 68 737 1157
200 69 737 906
202 70 737 1056
205 71 737 1145
208 72 737 1343
213 73 737 1562
213 74 737 141
214 75 737 737
216 76 737 1116
222 77 737 1640
231 78 737 1810
234 79 737 1215
234 80 737 110
234 81 737 289
235 82 737 624
237 83 737 942
239 85 737 272
239 86 737 113
239 84 737 997
246 87 737 1731
249 88 737 1335
258 89 737 1818
259 90 737 598
260 91 737 675
261 94 737 136
261 92 737 796
261 93 737 484
263 96 737 194
263 95 737 1113
265 97 737 1008
267 98 737 881
269 99 737 1029
269 100 737 147
273 101 737 1364
273 102 737 440
275 103 737 1126
285 104 737 1831
287 105 737 884
288 106 737 806
288 107 737 287
290 108 737 938
291 109 737 762
291 110 737 176
291 111 737 113
293 112 737 1127
300 113 737 1728
301 114 737 779
312 115 737 1870
313 116 737 852
315 117 737 1121
316 118 737 808
319 119 737 1148
321 120 737 1088
321 121 737 104
321 122 737 212
324 126 737 348
324 125 737 380
324 123 737 1264
324 124 737 307
325 127 737 858
329 128 737 1425
331 129 737 952
332 131 737 108
332 130 737 543
333 132 737 758
334 133 737 781
336 134 737 1068
337 135 737 671
345 136 737 1773
349 137 737 1422
351 138 737 1036
351 139 737 112
355 140 737 1391
363 141 737 1751
364 142 737 793
365 143 737 572
371 144 737 1642
371 145 737 485
375 146 737 1472
377 147 737 993
383 148 737 1630
383 149 737 191
383 150 737 261
385 151 737 997
385 152 737 200
391 153 737 1658
402 154 737 1865
402 155 737 42
405 156 737 1151
407 157 737 1101
408 158 737 819
412 159 737 1451
413 160 737 535
425 161 737 1872
426 162 737 786
442 163 737 1911
442 164 737 218
442 165 737 68
445 166 737 1280
445 167 737 346
446 168 737 660
446 169 737 107
446 170 737 96
450 172 737 85
450 171 737 1354
451 173 737 696
457 174 737 1681
460 175 737 1262
463 176 737 1236
468 177 737 1564
473 178 737 1546
480 179 737 1747
481 180 737 832
484 181 737 1280
487 182 737 1153
490 183 737 1234
491 184 737 690
495 185 737 1470
505 186 737 1833
507 187 737 1024
508 188 737 840
510 189 737 1025
514 190 737 1444
515 191 737 671
516 192 737 603
521 193 737 1509
526 194 737 1502
530 195 737 1444
532 196 737 964
533 197 737 806
533 198 737 353
538 199 737 1574
540 200 737 1129
542 201 737 1126
542 202 737 332
547 203 737 1522
547 204 737 94
548 205 737 832
550 206 737 912
554 207 737 1429
568 208 737 1902
569 209 737 603
570 210 737 731
575 211 737 1512
579 212 737 1480
581 213 737 996
582 214 737 618
585 215 737 1179
586 216 737 719
590 217 737 1477
593 218 737 1220
594 221 737 255
594 219 737 673
594 220 737 160
598 222 737 1431
603 223 737 1559
604 224 737 588
608 225 737 1350
609 226 737 750
610 227 737 500
612 231 737 429
612 230 737 298
612 229 737 237
612 228 737 1118
615 232 737 1210
629 233 737 1897
630 234 737 617
636 235 737 1631
638 236 737 947
643 237 737 1556
645 238 737 1139
653 239 737 1782
654 240 737 557
654 241 737 403
656 242 737 1047
656 243 737 237
656 244 737 293
667 245 737 1857
669 246 737 1116
674 247 737 1531
676 249 737 322
676 248 737 891
677 250 737 724
681 251 737 1411
686 252 737 1511
691 253 737 1605
695 254 737 1414
697 255 737 873
703 256 737 1619
704 257 737 698
706 258 737 934
707 259 737 669
707 260 737 81
707 261 737 412
707 262 737 310
713 263 737 1665
713 264 737 305
713 265 737 302
713 266 737 301
718 268 737 379
718 267 737 1507
720 269 737 912
720 270 737 231
722 271 737 1087
722 272 737 338
726 273 737 1363
726 274 737 115
732 275 737 1681
734 276 737 1133
737 277 737 1194
740 278 737 1266
741 279 737 655
741 280 737 233
744 281 737 1144
749 282 737 1533
750 283 737 796
754 284 737 1437
755 285 737 811
756 286 737 843
761 287 737 1530
761 288 737 482
767 289 737 1668
767 290 737 11
767 291 737 249
768 292 737 622
768 293 737 469
775 296 737 93
775 295 737 145
775 294 737 1700
778 297 737 1307
789 298 737 1856
807 299 737 1916
812 300 737 1556
817 301 737 1533
820 302 737 1152
835 303 737 1904
835 304 737 90
840 305 737 1562
842 306 737 1072
