1 0 199 822
3 1 199 1056
8 2 199 1601
10 3 199 1037
11 4 199 537
13 5 199 1125
13 6 199 332
17 8 199 91
17 7 199 1393
20 9 199 1252
20 10 199 489
28 11 199 1751
36 12 199 1773
38 16 199 447
38 13 199 1131
38 14 199 463
38 15 199 208
42 17 199 1372
43 18 199 752
55 19 199 1884
58 20 199 1288
61 21 199 1251
62 22 199 529
64 23 199 870
66 24 199 1004
71 25 199 1553
72 26 199 532
73 27 199 657
75 28 199 1099
77 29 199 1041
77 30 199 373
77 31 199 346
84 32 199 1696
84 33 199 439
84 34 199 482
84 35 199 380
84 36 199 209
87 38 199 297
87 37 199 1188
88 39 199 856
93 40 199 1497
93 41 199 76
94 42 199 760
96 43 199 991
100 44 199 1476
100 45 199 292
100 46 199 461
101 47 199 834
102 48 199 851
107 49 199 1530
108 50 199 562
111 51 199 1321
112 52 199 721
113 53 199 540
114 54 199 754
119 55 199 1496
120 56 199 527
121 58 199 33
121 57 199 730
123 59 199 909
124 60 199 592
129 61 199 1599
129 62 199 294
131 63 199 974
133 64 199 879
133 65 199 142
133 66 199 55
136 67 199 1333
137 68 199 649
137 69 199 82
162 70 199 1924
165 71 199 1184
167 72 199 1074
176 73 199 1821
176 74 199 386
179 76 199 491
179 75 199 1211
183 77 199 1462
186 78 199 1319
187 79 199 712
189 80 199 1091
195 81 199 1623
202 82 199 1730
206 83 199 1494
206 84 199 479
208 85 199 977
213 86 199 1549
216 87 199 1155
222 88 199 1610
224 89 199 910
232 90 199 1777
236 91 199 1404
239 92 199 1154
242 93 199 1313
242 94 199 263
251 95 199 1823
258 96 199 1707
265 97 199 1710
265 98 199 111
268 99 199 1333
268 100 199 237
270 101 199 1052
270 102 199 184
271 103 199 769
276 104 199 1530
279 105 199 1302
279 106 199 246
280 107 199 824
280 108 199 154
284 109 199 1468
286 110 199 1005
288 111 199 989
291 112 199 1336
294 113 199 1246
301 114 199 1742
303 115 199 894
311 116 199 1794
312 117 199 725
312 118 199 494
321 119 199 1827
322 120 199 518
323 121 199 824
329 122 199 1648
335 124 199 229
335 123 199 1663
336 125 199 520
336 126 199 29
342 127 199 1686
347 128 199 1558
347 129 199 488
351 130 199 1429
352 131 199 705
356 132 199 1351
372 135 199 39
372 133 199 1911
372 134 199 475
376 136 199 1438
378 137 199 961
391 138 199 1888
393 139 199 1102
394 140 199 730
395 141 199 725
397 143 199 142
397 142 199 1001
407 144 199 1830
408 145 199 787
408 146 199 67
418 147 199 1833
423 148 199 1495
426 150 199 29
426 149 199 1293
428 151 199 982
431 153 199 208
431 152 199 1215
432 154 199 815
435 155 199 1337
438 156 199 1329
438 157 199 446
439 158 199 539
441 159 199 1010
444 160 199 1272
444 161 199 485
447 162 199 1191
452 163 199 1590
452 164 199 38
452 165 199 300
457 166 199 1563
461 167 199 1350
462 168 199 771
469 169 199 1703
473 170 199 1381
474 171 199 832
475 172 199 761
478 173 199 1317
480 174 199 1097
487 175 199 1718
494 176 199 1748
499 177 199 1506
507 178 199 1758
511 185 199 446
511 184 199 459
511 183 199 264
511 182 199 190
511 181 199 121
511 180 199 452
511 179 199 1366
515 186 199 1414
518 187 199 1142
520 188 199 1096
522 189 199 1062
523 190 199 635
525 192 199 422
525 191 199 991
527 193 199 877
535 194 199 1754
535 195 199 245
539 196 199 1458
542 197 199 1335
542 198 199 103
547 199 199 1530
550 200 199 1149
551 201 199 642
553 202 199 1062
560 203 199 1717
570 204 199 1837
572 205 199 1121
572 206 199 220
581 207 199 1823
583 208 199 1036
585 209 199 1022
590 210 199 1514
597 211 199 1747
598 212 199 613
600 213 199 1097
601 214 199 558
604 215 199 1151
604 216 199 294
606 217 199 926
608 218 199 1131
613 219 199 1517
614 222 199 253
614 220 199 810
614 221 199 420
620 223 199 1633
622 224 199 1068
622 225 199 389
622 226 199 410
631 227 199 1809
635 228 199 1488
636 231 199 412
636 229 199 851
636 230 199 259
640 232 199 1403
640 233 199 228
640 234 199 217
647 235 199 1734
649 236 199 983
649 237 199 397
649 238 199 351
652 239 199 1262
652 240 199 226
657 241 199 1516
657 242 199 106
657 243 199 73
661 244 199 1473
662 245 199 812
662 246 199 378
665 248 199 318
665 247 199 1249
666 249 199 603
678 250 199 1875
679 251 199 532
679 252 199 203
680 253 199 510
681 254 199 719
682 256 199 388
682 255 199 728
686 257 199 1354
687 258 199 649
691 259 199 1448
692 260 199 710
692 261 199 336
692 262 199 334
692 263 199 184
693 264 199 762
695 267 199 384
695 265 199 1101
695 266 199 344
697 268 199 879
698 269 199 749
698 270 199 167
707 271 199 1821
708 272 199 574
716 273 199 1794
719 274 199 1291
722 275 199 1218
722 276 199 314
722 277 199 180
722 278 199 160
722 279 199 255
722 280 199 10
724 281 199 1085
728 282 199 1490
730 283 199 885
732 284 199 900
738 285 199 1651
738 286 199 209
740 287 199 892
744 288 199 1433
748 289 199 1414
752 290 199 1345
757 291 199 1554
763 292 199 1673
764 293 199 828
765 294 199 551
774 295 199 1814
777 296 199 1181
787 297 199 1846
790 299 199 371
790 298 199 1235
790 300 199 468
809 302 199 370
809 301 199 1919
813 304 199 435
813 305 199 54
813 303 199 1494
825 306 199 1882
