1 0 862 616
2 1 862 604
3 2 862 719
5 3 862 1061
12 4 862 1740
14 5 862 1110
14 6 862 312
16 7 862 930
17 9 862 354
17 8 862 845
22 10 862 1593
24 11 862 1139
24 12 862 268
25 13 862 542
28 14 862 1320
30 15 862 1070
33 16 862 1207
34 17 862 792
38 19 862 424
38 18 862 1486
42 20 862 1489
43 21 862 724
44 22 862 576
45 23 862 840
45 24 862 313
46 25 862 704
54 26 862 1774
55 28 862 83
55 27 862 544
63 29 862 1755
65 30 862 1064
71 31 862 1678
86 32 862 1907
90 33 862 1424
98 35 862 109
98 34 862 1753
109 36 862 1857
110 37 862 611
112 38 862 1014
112 39 862 276
113 40 862 519
116 41 862 1210
118 42 862 960
120 43 862 938
131 44 862 1864
131 45 862 365
133 46 862 1093
137 47 862 1437
139 48 862 923
141 49 862 1044
141 50 862 190
146 51 862 1523
149 52 862 1252
151 53 862 947
157 54 862 1610
166 56 862 27
166 55 862 1817
175 57 862 1803
176 58 862 747
178 59 862 1035
181 60 862 1260
188 61 862 1692
189 62 862 847
191 63 862 1015
194 64 862 1215
204 65 862 1839
207 66 862 1157
208 67 862 768
209 68 862 713
212 69 862 1211
214 70 862 1138
215 71 862 596
222 72 862 1702
225 73 862 1210
235 74 862 1829
235 75 862 278
242 76 862 1689
247 77 862 1563
249 78 862 901
261 79 862 1872
266 80 862 1536
266 81 862 336
271 82 862 1545
273 83 862 963
278 84 862 1565
282 86 862 426
282 85 862 1465
284 87 862 959
291 88 862 1739
302 89 862 1861
302 90 862 81
302 91 862 53
310 92 862 1788
325 93 862 1903
327 94 862 940
328 96 862 363
328 95 862 751
339 97 862 1870
345 98 862 1647
345 99 862 24
347 100 862 1133
347 101 862 325
348 102 862 724
354 103 862 1637
364 104 862 1830
369 105 862 1519
376 106 862 1746
376 107 862 42
378 108 862 1043
381 109 862 1331
381 110 862 127
381 111 862 389
383 112 862 902
384 113 862 800
388 114 862 1424
390 115 862 923
390 116 862 146
399 117 862 1808
403 118 862 1375
409 119 862 1675
413 120 862 1413
413 121 862 197
415 122 862 953
416 123 862 776
418 124 862 1130
420 125 862 1085
421 126 862 733
428 127 862 1723
428 128 862 269
430 129 862 1078
440 130 862 1839
447 131 862 1744
457 132 862 1841
459 133 862 876
460 134 862 739
463 135 862 1210
468 136 862 1537
478 137 862 1833
480 138 862 1058
480 139 862 45
486 140 862 1643
486 141 862 383
496 143 862 408
496 142 862 1841
503 144 862 1734
509 145 862 1617
511 146 862 1075
513 147 862 988
513 148 862 478
513 149 862 16
514 151 862 480
514 150 862 604
514 152 862 494
528 153 862 1896
529 154 862 536
531 155 862 936
534 156 862 1296
546 157 862 1872
547 158 862 506
548 159 862 745
549 160 862 785
549 161 862 22
556 162 862 1697
569 163 862 1889
573 164 862 1416
573 165 862 307
573 166 862 473
573 167 862 26
573 168 862 60
573 169 862 213
576 171 862 237
576 170 862 1311
577 172 862 750
580 173 862 1329
580 174 862 31
582 175 862 1029
582 176 862 280
583 177 862 545
585 178 862 966
589 180 862 9
589 179 862 1438
595 181 862 1669
598 182 862 1245
598 183 862 252
598 184 862 473
602 185 862 1359
605 186 862 1249
616 188 862 339
616 187 862 1869
623 189 862 1727
633 190 862 1839
638 191 862 1589
641 192 862 1327
641 193 862 312
644 194 862 1184
650 195 862 1621
651 196 862 611
663 197 862 1876
665 198 862 916
669 199 862 1426
672 200 862 1143
674 201 862 1049
676 202 862 927
676 203 862 265
677 204 862 630
677 205 862 367
683 206 862 1655
685 207 862 1090
696 208 862 1865
700 209 862 1432
701 210 862 655
702 211 862 751
704 212 862 906
706 213 862 993
707 214 862 736
709 215 862 1040
710 216 862 702
714 217 862 1445
718 219 862 56
718 218 862 1416
720 220 862 983
721 221 862 528
727 222 862 1611
727 223 862 258
727 224 862 299
733 225 862 1646
734 231 862 329
734 229 862 334
734 230 862 418
734 227 862 437
734 228 862 144
734 226 862 835
739 232 862 1553
743 233 862 1465
743 234 862 294
745 235 862 885
746 236 862 742
748 237 862 979
753 238 862 1547
753 239 862 106
759 240 862 1629
759 241 862 158
759 242 862 4
760 243 862 832
762 244 862 1072
764 245 862 1087
765 247 862 333
765 246 862 683
770 248 862 1501
770 249 862 143
772 250 862 919
774 251 862 1090
774 252 862 459
775 253 862 859
775 254 862 443
776 255 862 615
780 256 862 1362
781 257 862 669
794 258 862 1890
796 259 862 908
800 260 862 1456
803 261 862 1217
805 262 862 946
810 263 862 1530
812 265 862 326
812 264 862 1014
814 266 862 1123
818 267 862 1365
819 268 862 699
827 269 862 1775
827 270 862 298
833 271 862 1647
842 272 862 1823
845 273 862 1310
845 274 862 352
846 275 862 824
847 276 862 524
848 277 862 779
850 278 862 1110
852 279 862 1137
854 280 862 963
855 281 862 501
856 282 862 860
856 283 862 0
859 284 862 1340
862 285 862 1252
870 286 862 1794
871 287 862 693
873 288 862 1021
878 289 862 1603
882 290 862 1447
882 291 862 73
884 292 862 1014
885 293 862 638
886 294 862 574
886 295 862 411
888 297 862 398
888 296 862 1137
895 298 862 1743
896 299 862 746
909 300 862 1889
912 301 862 1242
917 302 862 1559
923 303 862 1650
931 304 862 1770
934 305 862 1197
937 306 862 1192
