9 0 1901 1804
9 1 1901 125
10 2 1901 509
21 3 1901 1862
24 4 1901 1274
38 5 1901 1896
44 6 1901 1652
47 8 1901 141
47 7 1901 1224
57 9 1901 1849
60 10 1901 1327
65 11 1901 1547
65 12 1901 288
68 13 1901 1246
77 14 1901 1795
78 15 1901 557
80 16 1901 955
81 17 1901 699
85 18 1901 1390
89 19 1901 1423
90 20 1901 696
91 21 1901 606
94 22 1901 1279
96 23 1901 1004
104 24 1901 1768
106 25 1901 881
112 26 1901 1636
113 27 1901 615
117 28 1901 1397
120 29 1901 1189
123 30 1901 1322
127 31 1901 1414
133 32 1901 1662
135 33 1901 1110
142 34 1901 1725
143 35 1901 569
144 36 1901 722
146 38 1901 208
146 37 1901 1115
149 39 1901 1183
167 40 1901 1916
169 41 1901 1041
171 42 1901 995
174 43 1901 1156
194 44 1901 1920
195 45 1901 512
195 46 1901 129
197 47 1901 922
198 48 1901 611
199 49 1901 626
199 50 1901 153
202 51 1901 1324
203 52 1901 522
210 53 1901 1722
211 54 1901 617
214 55 1901 1198
215 56 1901 771
219 57 1901 1429
219 58 1901 94
219 59 1901 392
219 60 1901 260
221 61 1901 1036
229 62 1901 1751
231 63 1901 877
232 64 1901 526
242 65 1901 1837
251 66 1901 1810
253 67 1901 1102
257 68 1901 1445
260 69 1901 1226
268 70 1901 1760
276 71 1901 1765
276 72 1901 490
276 73 1901 206
280 74 1901 1431
285 75 1901 1580
290 76 1901 1535
290 77 1901 122
292 78 1901 1009
295 79 1901 1255
296 80 1901 752
297 81 1901 714
297 82 1901 4
298 83 1901 771
300 84 1901 1036
322 85 1901 1922
324 86 1901 891
335 87 1901 1864
335 88 1901 493
336 89 1901 526
343 90 1901 1722
346 91 1901 1218
348 92 1901 1021
355 93 1901 1741
357 94 1901 923
359 95 1901 879
362 96 1901 1214
362 97 1901 117
363 98 1901 629
363 99 1901 83
364 100 1901 627
366 101 1901 952
370 102 1901 1401
373 103 1901 1309
374 104 1901 791
374 105 1901 313
375 106 1901 834
375 107 1901 316
375 108 1901 291
377 109 1901 961
382 110 1901 1588
383 111 1901 648
383 112 1901 420
384 113 1901 763
389 114 1901 1565
393 115 1901 1470
395 116 1901 1032
397 117 1901 980
405 118 1901 1766
406 119 1901 529
408 120 1901 945
419 121 1901 1870
420 122 1901 608
422 123 1901 919
426 124 1901 1428
427 125 1901 542
428 126 1901 743
429 127 1901 673
432 128 1901 1208
433 129 1901 552
433 130 1901 366
437 131 1901 1417
441 132 1901 1417
443 133 1901 926
444 134 1901 628
451 135 1901 1724
454 136 1901 1237
455 137 1901 620
470 138 1901 1904
471 139 1901 723
473 140 1901 1088
474 141 1901 575
479 142 1901 1573
483 143 1901 1457
484 144 1901 863
486 145 1901 1074
487 146 1901 797
487 147 1901 257
487 148 1901 176
491 149 1901 1377
499 152 1901 276
499 153 1901 100
499 150 1901 1772
499 151 1901 233
501 154 1901 1062
502 155 1901 682
502 156 1901 344
502 157 1901 482
511 158 1901 1805
511 159 1901 249
515 161 1901 160
515 160 1901 1494
517 162 1901 1032
523 163 1901 1663
524 164 1901 594
524 165 1901 170
527 166 1901 1155
531 167 1901 1419
531 168 1901 135
539 171 1901 412
539 170 1901 233
539 169 1901 1765
541 172 1901 1001
543 173 1901 1043
547 174 1901 1365
547 175 1901 370
547 176 1901 296
549 178 1901 55
549 179 1901 354
549 177 1901 1075
555 180 1901 1669
555 181 1901 486
555 182 1901 496
563 183 1901 1756
564 184 1901 705
564 185 1901 133
566 186 1901 1141
569 187 1901 1317
577 188 1901 1788
588 189 1901 1870
592 190 1901 1379
593 191 1901 755
594 192 1901 739
600 193 1901 1655
603 194 1901 1153
605 195 1901 928
609 196 1901 1468
619 197 1901 1834
620 198 1901 863
621 199 1901 693
631 200 1901 1843
634 201 1901 1303
634 202 1901 121
634 203 1901 335
637 204 1901 1143
641 205 1901 1359
644 206 1901 1157
647 207 1901 1157
648 208 1901 660
649 209 1901 691
649 210 1901 385
652 211 1901 1193
652 212 1901 426
656 213 1901 1450
657 214 1901 504
659 215 1901 1008
664 216 1901 1588
667 217 1901 1200
669 219 1901 461
669 218 1901 958
671 220 1901 953
679 221 1901 1763
684 222 1901 1555
684 223 1901 189
684 224 1901 386
688 225 1901 1402
693 226 1901 1597
696 227 1901 1270
705 229 1901 437
705 228 1901 1814
706 230 1901 826
706 231 1901 386
706 232 1901 212
709 236 1901 364
709 235 1901 366
709 237 1901 161
709 233 1901 1287
709 234 1901 435
710 238 1901 612
713 239 1901 1270
715 240 1901 900
730 241 1901 1909
731 242 1901 657
733 243 1901 1096
737 245 1901 186
737 244 1901 1485
737 246 1901 329
740 247 1901 1214
743 248 1901 1150
743 249 1901 145
746 250 1901 1264
746 251 1901 268
748 252 1901 876
748 253 1901 401
754 254 1901 1664
754 255 1901 80
760 256 1901 1672
771 257 1901 1857
783 258 1901 1874
789 259 1901 1666
795 260 1901 1687
804 261 1901 1811
807 262 1901 1268
807 263 1901 222
815 264 1901 1790
840 265 1901 1924
842 266 1901 981
844 267 1901 1063
846 268 1901 1014
846 269 1901 138
847 270 1901 644
851 271 1901 1427
852 272 1901 587
858 273 1901 1613
862 274 1901 1485
864 275 1901 969
866 277 1901 458
866 276 1901 1106
867 278 1901 629
867 279 1901 199
869 280 1901 1073
869 281 1901 383
869 282 1901 120
875 283 1901 1668
877 284 1901 1097
878 285 1901 558
882 286 1901 1435
889 287 1901 1735
894 288 1901 1547
894 289 1901 355
895 290 1901 618
895 291 1901 431
895 292 1901 211
897 293 1901 871
902 294 1901 1508
904 295 1901 1014
905 296 1901 640
905 297 1901 434
908 298 1901 1231
912 299 1901 1486
914 300 1901 1129
917 301 1901 1190
917 302 1901 199
919 303 1901 1012
923 304 1901 1426
931 305 1901 1762
936 306 1901 1605
