0 0 1631 470
7 1 1631 1705
8 2 1631 599
8 3 1631 419
12 4 1631 1473
15 5 1631 1284
16 6 1631 803
18 8 1631 443
18 7 1631 1098
19 9 1631 658
22 10 1631 1166
44 11 1631 1922
45 12 1631 554
48 13 1631 1219
51 15 1631 227
51 14 1631 1317
51 16 1631 238
53 18 1631 56
53 17 1631 1014
58 19 1631 1544
58 20 1631 486
66 21 1631 1756
66 22 1631 153
67 23 1631 659
69 24 1631 869
75 25 1631 1630
78 26 1631 1145
80 27 1631 1135
80 28 1631 284
80 29 1631 332
84 30 1631 1486
84 31 1631 152
87 32 1631 1217
90 33 1631 1245
93 35 1631 97
93 34 1631 1187
93 36 1631 383
97 37 1631 1449
98 38 1631 829
101 39 1631 1344
101 40 1631 492
102 41 1631 563
102 42 1631 430
104 43 1631 1062
105 44 1631 796
108 45 1631 1274
126 47 1631 318
126 46 1631 1917
128 48 1631 1020
143 49 1631 1905
148 50 1631 1544
148 51 1631 34
154 52 1631 1660
155 53 1631 840
158 54 1631 1317
159 55 1631 638
164 56 1631 1552
175 57 1631 1864
179 58 1631 1474
187 59 1631 1768
187 60 1631 139
192 61 1631 1592
193 62 1631 814
193 63 1631 111
195 64 1631 1097
197 65 1631 1013
198 66 1631 705
201 67 1631 1233
201 68 1631 31
204 69 1631 1220
212 70 1631 1768
213 71 1631 714
213 72 1631 184
214 73 1631 636
216 74 1631 1052
226 75 1631 1847
229 76 1631 1326
231 77 1631 1015
239 78 1631 1787
244 79 1631 1520
250 80 1631 1638
251 81 1631 827
251 82 1631 115
251 83 1631 303
252 84 1631 712
256 85 1631 1451
256 86 1631 417
256 87 1631 376
266 88 1631 1852
267 89 1631 548
267 90 1631 469
267 91 1631 443
281 92 1631 1900
283 93 1631 986
286 94 1631 1205
287 95 1631 824
293 96 1631 1674
293 97 1631 318
306 98 1631 1890
313 99 1631 1708
314 100 1631 569
315 101 1631 683
315 102 1631 286
322 104 1631 136
322 103 1631 1724
323 105 1631 829
331 106 1631 1774
333 107 1631 1023
340 108 1631 1713
344 109 1631 1394
347 110 1631 1237
348 112 1631 77
348 111 1631 537
360 114 1631 130
360 113 1631 1879
363 115 1631 1236
367 116 1631 1477
368 117 1631 510
371 118 1631 1323
376 119 1631 1570
377 120 1631 596
377 121 1631 328
380 122 1631 1306
384 123 1631 1408
385 124 1631 750
388 125 1631 1324
389 126 1631 739
391 127 1631 1123
395 128 1631 1356
395 129 1631 227
395 130 1631 173
397 131 1631 1007
399 133 1631 79
399 132 1631 1049
401 134 1631 950
403 135 1631 954
404 136 1631 541
404 137 1631 315
404 138 1631 166
413 139 1631 1807
418 140 1631 1601
421 141 1631 1318
422 143 1631 457
422 142 1631 588
425 144 1631 1236
436 145 1631 1856
436 146 1631 366
436 147 1631 20
437 148 1631 856
450 149 1631 1894
453 150 1631 1271
456 151 1631 1164
458 153 1631 320
458 152 1631 919
460 154 1631 1111
460 155 1631 240
463 156 1631 1302
464 157 1631 803
466 158 1631 973
467 159 1631 736
467 160 1631 90
468 161 1631 651
473 162 1631 1592
477 163 1631 1485
480 164 1631 1221
480 165 1631 229
484 166 1631 1413
506 167 1631 1922
508 168 1631 928
510 169 1631 1100
511 170 1631 695
514 172 1631 343
514 171 1631 1162
518 173 1631 1440
531 174 1631 1893
534 175 1631 1202
540 176 1631 1664
541 177 1631 848
541 178 1631 171
542 179 1631 819
544 180 1631 958
545 182 1631 267
545 181 1631 718
549 183 1631 1387
551 184 1631 880
553 185 1631 933
553 186 1631 88
554 187 1631 728
556 188 1631 892
557 189 1631 709
562 190 1631 1576
568 191 1631 1662
571 192 1631 1266
575 193 1631 1354
582 194 1631 1717
584 195 1631 950
590 196 1631 1651
592 197 1631 1027
595 198 1631 1161
597 201 1631 369
597 199 1631 1007
597 200 1631 443
599 202 1631 1017
605 203 1631 1680
608 204 1631 1198
608 205 1631 109
609 206 1631 820
613 207 1631 1404
613 208 1631 351
623 209 1631 1834
624 210 1631 501
624 211 1631 454
625 212 1631 632
625 213 1631 154
632 214 1631 1703
635 215 1631 1297
635 216 1631 383
635 217 1631 205
636 220 1631 141
636 219 1631 288
636 218 1631 605
637 221 1631 684
639 222 1631 1029
639 223 1631 218
643 224 1631 1449
645 225 1631 957
654 226 1631 1821
656 227 1631 913
662 228 1631 1648
664 229 1631 943
668 230 1631 1476
669 231 1631 636
675 232 1631 1612
677 233 1631 1088
677 234 1631 375
678 235 1631 588
684 236 1631 1626
685 237 1631 512
685 238 1631 188
686 240 1631 113
686 239 1631 771
687 241 1631 609
687 242 1631 377
689 243 1631 983
689 244 1631 208
691 245 1631 1122
693 246 1631 1030
695 247 1631 1111
700 249 1631 419
700 248 1631 1576
701 250 1631 566
705 251 1631 1445
705 252 1631 422
707 253 1631 873
708 254 1631 866
714 255 1631 1684
717 256 1631 1264
718 260 1631 213
718 259 1631 241
718 258 1631 231
718 257 1631 798
728 261 1631 1832
734 262 1631 1680
737 263 1631 1333
737 264 1631 357
745 265 1631 1789
746 266 1631 767
750 267 1631 1468
757 268 1631 1704
759 269 1631 1115
764 270 1631 1595
773 271 1631 1796
773 272 1631 17
781 273 1631 1758
781 274 1631 174
785 275 1631 1457
785 276 1631 306
785 277 1631 45
785 278 1631 10
785 279 1631 326
795 280 1631 1851
796 281 1631 709
799 282 1631 1262
802 285 1631 30
802 286 1631 214
802 283 1631 1228
802 284 1631 376
803 287 1631 739
803 288 1631 222
804 289 1631 615
807 290 1631 1248
808 291 1631 828
808 292 1631 280
819 293 1631 1871
820 295 1631 206
820 294 1631 558
821 296 1631 853
823 297 1631 969
824 298 1631 625
824 299 1631 344
824 300 1631 355
828 301 1631 1487
831 302 1631 1332
831 303 1631 460
832 304 1631 749
833 305 1631 695
837 306 1631 1428
