2 0 726 998
8 1 726 1662
18 2 726 1843
20 3 726 1104
20 4 726 70
20 5 726 22
20 6 726 497
22 7 726 981
25 8 726 1299
27 9 726 1088
32 10 726 1552
32 11 726 406
43 12 726 1858
43 13 726 173
60 14 726 1913
60 15 726 127
62 17 726 369
62 18 726 318
62 16 726 975
63 19 726 800
64 20 726 841
65 21 726 841
70 22 726 1557
71 23 726 520
74 24 726 1199
77 25 726 1215
78 27 726 333
78 26 726 631
79 28 726 822
82 29 726 1166
87 30 726 1566
93 31 726 1645
110 32 726 1913
113 33 726 1338
118 34 726 1524
125 36 726 382
125 35 726 1691
130 37 726 1571
131 38 726 780
133 39 726 1137
135 40 726 1053
137 41 726 1079
141 42 726 1396
144 43 726 1324
149 44 726 1569
153 45 726 1405
164 46 726 1859
165 48 726 53
165 47 726 663
166 49 726 775
168 50 726 871
168 51 726 278
169 52 726 831
169 53 726 471
171 54 726 1100
171 55 726 157
171 56 726 104
174 57 726 1323
184 58 726 1829
185 59 726 779
188 60 726 1316
188 61 726 164
188 62 726 159
188 63 726 132
192 64 726 1446
202 65 726 1831
202 66 726 418
203 67 726 519
204 68 726 573
204 69 726 221
210 70 726 1669
213 71 726 1328
218 72 726 1514
220 73 726 1105
226 74 726 1671
232 75 726 1687
236 77 726 232
236 76 726 1369
238 78 726 876
245 79 726 1719
248 80 726 1281
261 81 726 1892
261 82 726 279
261 83 726 47
261 84 726 295
264 85 726 1287
265 86 726 814
269 87 726 1441
269 88 726 237
273 89 726 1366
278 90 726 1587
280 91 726 983
286 92 726 1666
286 93 726 0
293 94 726 1746
295 95 726 889
297 96 726 919
300 97 726 1263
309 98 726 1803
315 99 726 1662
317 100 726 987
320 101 726 1339
320 102 726 89
328 103 726 1756
330 104 726 1031
334 105 726 1467
335 106 726 689
341 107 726 1650
342 108 726 724
345 109 726 1338
346 110 726 713
355 111 726 1796
355 112 726 447
355 113 726 110
359 114 726 1423
363 115 726 1348
372 116 726 1809
372 117 726 112
380 118 726 1762
380 119 726 158
382 120 726 1017
384 121 726 901
384 122 726 282
386 123 726 1132
387 124 726 559
388 125 726 685
393 126 726 1587
398 127 726 1513
401 128 726 1284
402 129 726 782
403 130 726 767
403 131 726 105
403 132 726 354
405 133 726 1139
406 134 726 731
417 135 726 1867
426 136 726 1802
426 137 726 447
428 138 726 941
429 139 726 752
430 140 726 598
432 141 726 1089
433 142 726 716
434 143 726 824
435 144 726 653
442 145 726 1715
443 146 726 536
448 147 726 1555
449 148 726 502
449 149 726 398
451 150 726 1004
452 151 726 807
456 152 726 1426
462 153 726 1644
463 154 726 644
463 155 726 86
465 156 726 1056
467 157 726 882
470 158 726 1196
470 159 726 345
479 160 726 1805
481 162 726 365
481 161 726 1101
492 163 726 1867
493 164 726 570
494 165 726 608
498 166 726 1442
501 167 726 1233
504 168 726 1304
508 169 726 1480
512 170 726 1470
516 171 726 1361
518 172 726 1095
520 173 726 1010
524 174 726 1485
534 175 726 1853
534 176 726 184
538 177 726 1383
538 178 726 478
539 180 726 149
539 181 726 31
539 179 726 769
541 182 726 1011
543 183 726 886
550 184 726 1702
562 185 726 1884
563 186 726 604
564 187 726 634
564 188 726 494
565 189 726 645
566 190 726 810
568 191 726 919
571 192 726 1175
572 193 726 595
574 194 726 871
578 195 726 1421
579 196 726 723
580 199 726 44
580 200 726 273
580 197 726 774
580 198 726 253
583 201 726 1228
583 202 726 251
585 203 726 946
586 204 726 852
591 205 726 1567
597 208 726 159
597 206 726 1636
597 207 726 416
598 209 726 716
607 210 726 1826
612 211 726 1598
612 212 726 403
612 213 726 427
612 214 726 195
620 215 726 1774
620 216 726 89
624 217 726 1404
624 218 726 164
625 220 726 4
625 219 726 611
626 221 726 807
627 222 726 738
628 223 726 658
629 224 726 670
630 225 726 551
630 226 726 185
631 228 726 138
631 227 726 500
631 229 726 63
633 230 726 1130
636 231 726 1335
638 232 726 1129
638 233 726 433
638 234 726 496
639 235 726 846
646 242 726 475
646 241 726 187
646 240 726 247
646 239 726 134
646 238 726 33
646 237 726 64
646 236 726 1704
653 243 726 1703
654 244 726 743
656 245 726 1137
657 246 726 515
658 247 726 748
658 248 726 399
660 249 726 1022
663 250 726 1332
666 251 726 1243
667 252 726 609
672 253 726 1567
672 254 726 40
676 255 726 1390
676 256 726 489
681 259 726 301
681 258 726 276
681 257 726 1517
685 260 726 1381
687 261 726 1136
687 262 726 277
687 263 726 95
692 264 726 1510
692 265 726 491
692 266 726 468
705 267 726 1894
716 268 726 1856
719 269 726 1274
719 270 726 69
719 271 726 25
723 272 726 1371
723 273 726 29
723 274 726 363
730 275 726 1741
730 276 726 331
732 277 726 960
742 278 726 1839
746 279 726 1457
746 280 726 35
750 281 726 1362
750 282 726 100
752 283 726 1041
753 284 726 656
762 285 726 1811
763 286 726 725
767 288 726 393
767 287 726 1487
769 289 726 1030
769 290 726 357
769 291 726 186
776 292 726 1713
782 293 726 1657
783 294 726 677
785 295 726 1036
795 299 726 252
795 298 726 192
795 297 726 380
795 296 726 1835
796 300 726 668
797 301 726 545
798 302 726 816
800 303 726 1050
802 304 726 952
805 305 726 1306
814 306 726 1797
