5 0 633 1588
22 1 633 1913
22 2 633 475
25 3 633 1270
28 4 633 1171
30 5 633 1140
32 6 633 908
35 7 633 1338
37 8 633 1039
40 9 633 1171
40 10 633 72
40 11 633 419
41 12 633 793
46 13 633 1544
46 14 633 191
47 15 633 540
54 19 633 16
54 18 633 198
54 16 633 1731
54 17 633 484
56 20 633 1136
58 21 633 1076
58 22 633 395
67 23 633 1814
68 24 633 570
69 25 633 685
71 26 633 1062
72 27 633 589
76 28 633 1493
76 29 633 7
81 30 633 1496
84 31 633 1150
89 32 633 1534
89 33 633 13
91 34 633 953
95 35 633 1491
96 36 633 572
97 37 633 723
98 38 633 733
99 39 633 792
113 40 633 1902
116 41 633 1169
120 42 633 1413
122 43 633 1013
122 44 633 427
122 45 633 97
123 46 633 662
124 47 633 799
128 48 633 1461
131 49 633 1323
135 50 633 1399
141 51 633 1662
143 52 633 1016
143 53 633 285
143 54 633 248
144 55 633 512
149 56 633 1518
150 57 633 586
151 58 633 700
151 59 633 485
151 60 633 78
151 61 633 318
159 62 633 1770
161 63 633 1032
166 64 633 1600
167 65 633 847
168 66 633 810
169 67 633 779
170 68 633 590
171 69 633 625
184 70 633 1892
186 71 633 1007
192 72 633 1676
195 73 633 1331
195 74 633 39
208 75 633 1892
213 76 633 1587
216 77 633 1306
220 78 633 1387
220 79 633 472
220 80 633 22
220 81 633 262
222 82 633 1053
222 83 633 170
223 84 633 532
231 86 633 133
231 85 633 1758
234 87 633 1248
241 88 633 1690
241 89 633 441
255 90 633 1897
271 91 633 1911
271 92 633 23
271 93 633 247
272 94 633 714
277 95 633 1583
280 96 633 1324
280 97 633 381
283 98 633 1338
288 99 633 1505
291 100 633 1212
300 101 633 1808
300 102 633 208
301 103 633 836
305 104 633 1355
305 105 633 392
321 106 633 1911
327 107 633 1610
327 108 633 246
327 109 633 281
328 110 633 850
328 111 633 212
330 113 633 227
330 114 633 463
330 112 633 1123
337 115 633 1740
340 116 633 1189
345 117 633 1600
346 118 633 499
354 119 633 1766
355 120 633 713
359 121 633 1486
361 123 633 149
361 122 633 1014
362 124 633 652
377 125 633 1906
379 126 633 983
383 127 633 1428
384 128 633 616
384 129 633 380
385 130 633 567
388 131 633 1206
401 132 633 1892
410 133 633 1807
413 134 633 1185
413 135 633 139
413 136 633 54
413 137 633 217
414 138 633 739
414 139 633 140
422 140 633 1772
422 141 633 448
424 142 633 1002
428 143 633 1409
433 144 633 1515
439 145 633 1685
440 146 633 787
447 147 633 1720
454 148 633 1709
456 149 633 898
456 150 633 393
462 151 633 1649
471 152 633 1806
476 153 633 1497
477 154 633 791
483 155 633 1651
484 156 633 794
484 157 633 59
484 158 633 183
488 159 633 1373
491 160 633 1333
491 161 633 483
493 162 633 993
501 163 633 1790
507 164 633 1638
512 165 633 1568
512 166 633 244
515 167 633 1241
517 168 633 966
517 169 633 323
523 170 633 1686
525 171 633 972
526 173 633 359
526 172 633 860
545 174 633 1918
545 175 633 264
545 176 633 483
550 177 633 1529
551 178 633 558
553 179 633 892
555 180 633 1119
558 181 633 1187
564 182 633 1643
570 183 633 1643
586 184 633 1911
587 185 633 843
590 186 633 1325
590 187 633 395
592 188 633 1015
596 189 633 1459
599 190 633 1270
618 192 633 33
618 191 633 1919
621 193 633 1290
622 194 633 731
625 195 633 1288
629 196 633 1380
631 197 633 1136
638 198 633 1695
650 199 633 1872
654 200 633 1440
658 201 633 1470
659 202 633 754
663 203 633 1386
665 204 633 1137
669 205 633 1346
670 206 633 788
674 207 633 1446
679 208 633 1503
680 209 633 527
683 210 633 1167
686 211 633 1189
690 212 633 1426
693 213 633 1215
693 214 633 254
693 215 633 145
694 216 633 764
697 217 633 1275
706 218 633 1804
707 220 633 243
707 219 633 795
715 221 633 1773
715 222 633 226
719 223 633 1432
721 224 633 978
728 225 633 1691
730 226 633 938
734 227 633 1494
739 228 633 1552
740 229 633 629
741 230 633 809
744 231 633 1271
752 232 633 1758
753 233 633 610
757 234 633 1377
762 235 633 1573
762 236 633 433
762 237 633 257
763 238 633 506
764 240 633 54
764 239 633 564
773 241 633 1803
774 242 633 816
774 243 633 487
774 244 633 292
774 245 633 80
774 246 633 493
775 247 633 743
777 248 633 1036
778 249 633 586
779 250 633 524
779 251 633 105
782 252 633 1257
784 253 633 900
790 254 633 1629
795 255 633 1591
798 256 633 1243
801 258 633 408
801 257 633 1246
805 259 633 1370
805 260 633 407
808 261 633 1219
817 262 633 1819
819 263 633 873
825 264 633 1642
834 265 633 1821
838 266 633 1355
839 267 633 815
847 268 633 1763
848 269 633 605
854 270 633 1636
855 271 633 507
856 272 633 769
859 273 633 1239
860 274 633 740
860 275 633 364
862 276 633 956
868 277 633 1663
870 278 633 1140
872 279 633 897
875 280 633 1198
875 281 633 195
875 282 633 457
877 283 633 966
877 284 633 105
878 285 633 704
878 286 633 14
879 287 633 858
881 288 633 906
888 289 633 1710
888 290 633 330
890 291 633 1112
898 292 633 1773
900 293 633 1060
900 294 633 157
901 295 633 759
917 296 633 1909
928 297 633 1868
929 298 633 770
929 299 633 396
930 300 633 650
935 301 633 1603
937 302 633 904
937 303 633 431
939 304 633 874
939 305 633 16
942 306 633 1260
