0 0 1229 433
6 1 1229 1647
8 2 1229 1105
17 3 1229 1822
19 4 1229 921
23 5 1229 1357
25 6 1229 1010
27 8 1229 230
27 7 1229 911
40 9 1229 1890
41 10 1229 866
44 11 1229 1318
51 12 1229 1709
56 13 1229 1588
59 14 1229 1304
65 15 1229 1608
66 16 1229 521
67 19 1229 232
67 17 1229 517
67 18 1229 143
71 20 1229 1393
74 21 1229 1268
76 22 1229 916
78 23 1229 897
83 24 1229 1499
85 25 1229 1058
88 26 1229 1147
91 27 1229 1217
92 28 1229 562
102 29 1229 1852
119 30 1229 1914
124 31 1229 1498
125 32 1229 721
126 33 1229 649
127 34 1229 570
127 35 1229 73
130 37 1229 254
130 36 1229 1144
131 38 1229 694
138 39 1229 1711
138 40 1229 389
138 41 1229 162
151 42 1229 1886
153 43 1229 978
154 44 1229 786
155 45 1229 569
156 46 1229 848
156 47 1229 206
163 48 1229 1720
168 49 1229 1522
172 50 1229 1421
173 51 1229 655
179 52 1229 1631
181 53 1229 870
182 54 1229 618
184 55 1229 1090
185 56 1229 731
185 57 1229 208
185 58 1229 323
193 59 1229 1787
193 60 1229 209
200 61 1229 1717
200 62 1229 349
200 63 1229 302
214 64 1229 1901
217 65 1229 1293
218 66 1229 597
220 67 1229 1060
222 68 1229 1018
225 69 1229 1231
225 70 1229 463
225 71 1229 266
232 73 1229 357
232 72 1229 1748
240 74 1229 1767
243 75 1229 1231
246 76 1229 1306
257 77 1229 1862
257 78 1229 110
259 79 1229 930
259 80 1229 210
261 81 1229 940
265 82 1229 1422
267 84 1229 431
267 83 1229 964
270 85 1229 1259
278 86 1229 1792
286 87 1229 1775
286 88 1229 30
290 89 1229 1405
293 90 1229 1266
295 91 1229 936
306 92 1229 1856
307 93 1229 831
312 94 1229 1501
313 95 1229 596
320 96 1229 1737
325 97 1229 1583
327 98 1229 1001
331 99 1229 1418
345 100 1229 1896
352 101 1229 1713
354 103 1229 489
354 102 1229 1113
356 104 1229 1059
359 105 1229 1154
360 106 1229 831
363 107 1229 1273
365 108 1229 1027
368 109 1229 1312
375 110 1229 1708
376 111 1229 793
376 112 1229 97
379 113 1229 1318
384 114 1229 1576
387 115 1229 1193
387 116 1229 295
390 117 1229 1310
399 118 1229 1795
400 119 1229 642
404 120 1229 1425
405 121 1229 746
407 122 1229 1029
412 123 1229 1537
425 124 1229 1889
429 125 1229 1451
429 126 1229 335
431 127 1229 916
432 128 1229 780
435 129 1229 1171
439 130 1229 1418
445 131 1229 1647
446 132 1229 860
447 133 1229 617
449 134 1229 958
449 135 1229 422
457 136 1229 1751
459 137 1229 932
469 138 1229 1829
472 139 1229 1202
472 140 1229 427
473 141 1229 518
474 142 1229 748
475 143 1229 643
481 144 1229 1621
481 145 1229 472
482 146 1229 839
483 147 1229 538
486 148 1229 1179
486 149 1229 307
486 150 1229 300
486 151 1229 427
493 153 1229 359
493 152 1229 1712
511 154 1229 1917
514 155 1229 1150
515 156 1229 683
520 157 1229 1501
521 158 1229 524
526 159 1229 1533
527 160 1229 819
537 162 1229 493
537 161 1229 1840
545 163 1229 1781
554 164 1229 1818
554 165 1229 60
565 166 1229 1858
569 167 1229 1404
569 168 1229 360
572 169 1229 1154
576 170 1229 1366
579 171 1229 1287
583 172 1229 1405
584 173 1229 593
584 174 1229 214
586 175 1229 907
609 176 1229 1923
609 177 1229 386
619 178 1229 1840
623 179 1229 1416
624 180 1229 612
631 181 1229 1722
637 183 1229 472
637 182 1229 1661
639 184 1229 870
641 185 1229 990
652 186 1229 1859
653 187 1229 500
654 188 1229 624
661 189 1229 1732
667 194 1229 383
667 193 1229 296
667 190 1229 1663
667 191 1229 250
667 192 1229 408
668 195 1229 512
668 196 1229 25
670 197 1229 892
671 198 1229 749
676 199 1229 1561
677 200 1229 539
681 202 1229 177
681 203 1229 25
681 201 1229 1359
682 204 1229 866
684 205 1229 938
686 206 1229 946
688 207 1229 1119
688 208 1229 145
690 209 1229 1010
693 211 1229 297
693 210 1229 1152
698 212 1229 1585
700 213 1229 1032
702 214 1229 920
704 215 1229 1022
704 216 1229 178
704 217 1229 20
706 218 1229 910
707 220 1229 125
707 219 1229 828
711 221 1229 1357
712 222 1229 780
713 223 1229 552
717 224 1229 1415
719 225 1229 1116
721 226 1229 879
723 227 1229 1109
723 228 1229 210
729 229 1229 1627
731 230 1229 882
733 231 1229 1031
738 232 1229 1561
738 233 1229 279
740 234 1229 877
743 235 1229 1177
748 236 1229 1544
754 237 1229 1636
759 238 1229 1531
770 239 1229 1857
770 240 1229 43
771 241 1229 740
771 242 1229 355
776 243 1229 1539
777 244 1229 580
781 245 1229 1366
782 246 1229 590
785 247 1229 1301
788 248 1229 1300
791 249 1229 1286
791 250 1229 333
791 251 1229 4
806 252 1229 1906
816 253 1229 1846
820 254 1229 1435
822 255 1229 1107
823 256 1229 579
828 257 1229 1550
829 258 1229 534
835 259 1229 1674
835 260 1229 58
843 261 1229 1762
845 262 1229 909
845 263 1229 442
845 264 1229 128
845 265 1229 120
846 266 1229 661
849 268 1229 154
849 267 1229 1305
855 269 1229 1668
859 270 1229 1402
859 271 1229 466
859 272 1229 414
861 273 1229 978
862 274 1229 784
865 275 1229 1310
867 276 1229 1001
870 277 1229 1166
884 278 1229 1896
884 279 1229 49
885 280 1229 525
890 281 1229 1503
897 282 1229 1733
898 283 1229 849
901 284 1229 1294
903 285 1229 878
905 286 1229 1049
911 287 1229 1639
912 288 1229 769
919 289 1229 1695
920 290 1229 598
939 291 1229 1919
941 292 1229 1102
949 293 1229 1781
958 295 1229 206
958 294 1229 1798
966 296 1229 1755
976 297 1229 1838
980 298 1229 1410
980 299 1229 459
981 300 1229 705
984 301 1229 1210
987 302 1229 1146
992 303 1229 1557
1001 304 1229 1808
1009 305 1229 1791
1014 306 1229 1514
