1 0 1092 841
1 1 1092 421
6 2 1092 1581
8 3 1092 1140
8 4 1092 302
10 5 1092 991
11 6 1092 858
12 7 1092 766
22 9 1092 311
22 8 1092 1842
37 10 1092 1904
48 11 1092 1871
52 12 1092 1492
53 13 1092 683
54 14 1092 810
63 15 1092 1815
65 16 1092 1043
66 17 1092 558
69 18 1092 1316
69 19 1092 162
71 20 1092 1087
73 21 1092 1037
73 22 1092 129
74 23 1092 608
82 27 1092 484
82 26 1092 29
82 24 1092 1786
82 25 1092 237
92 28 1092 1852
94 29 1092 1092
96 30 1092 1004
96 31 1092 56
98 32 1092 1014
98 33 1092 8
99 34 1092 774
103 36 1092 93
103 37 1092 232
103 35 1092 1490
105 38 1092 994
109 39 1092 1382
110 40 1092 760
111 41 1092 561
111 42 1092 322
113 43 1092 924
114 44 1092 509
119 47 1092 297
119 46 1092 466
119 45 1092 1534
121 48 1092 1001
125 49 1092 1355
125 50 1092 192
125 51 1092 422
128 52 1092 1222
138 53 1092 1835
138 54 1092 327
145 56 1092 292
145 55 1092 1728
147 57 1092 972
150 58 1092 1279
150 59 1092 64
152 60 1092 961
152 61 1092 373
153 62 1092 838
154 63 1092 749
157 64 1092 1231
167 65 1092 1847
168 66 1092 857
172 67 1092 1484
182 68 1092 1833
185 69 1092 1244
192 70 1092 1721
193 71 1092 810
197 72 1092 1489
208 73 1092 1859
211 74 1092 1326
212 75 1092 526
213 76 1092 714
215 77 1092 1129
215 78 1092 99
215 79 1092 251
222 80 1092 1695
228 81 1092 1657
232 82 1092 1408
232 83 1092 496
234 84 1092 900
235 85 1092 581
236 86 1092 759
238 87 1092 1103
243 88 1092 1605
245 89 1092 970
248 90 1092 1198
250 91 1092 1045
252 92 1092 878
254 95 1092 386
254 94 1092 420
254 93 1092 929
260 96 1092 1647
265 97 1092 1498
271 98 1092 1617
272 99 1092 587
273 100 1092 677
275 101 1092 907
275 102 1092 388
281 103 1092 1681
286 104 1092 1558
289 105 1092 1306
290 106 1092 858
293 107 1092 1288
294 108 1092 509
301 109 1092 1726
303 110 1092 1013
305 111 1092 1087
307 112 1092 873
309 114 1092 294
309 113 1092 1027
312 115 1092 1229
314 116 1092 890
314 117 1092 341
322 118 1092 1773
323 119 1092 650
325 120 1092 1088
331 121 1092 1678
340 122 1092 1803
341 124 1092 46
341 123 1092 862
342 125 1092 675
353 126 1092 1857
354 127 1092 559
358 128 1092 1438
360 129 1092 939
361 130 1092 803
363 131 1092 1141
367 132 1092 1436
371 133 1092 1437
376 134 1092 1499
377 135 1092 788
380 136 1092 1269
386 137 1092 1652
387 138 1092 862
392 139 1092 1518
398 140 1092 1648
402 141 1092 1395
403 142 1092 594
412 143 1092 1804
424 144 1092 1882
424 145 1092 110
424 146 1092 172
432 147 1092 1775
433 148 1092 635
435 149 1092 1116
439 150 1092 1421
442 151 1092 1305
448 152 1092 1649
450 153 1092 967
454 154 1092 1423
456 155 1092 923
458 156 1092 1028
462 157 1092 1450
468 158 1092 1635
470 159 1092 883
474 160 1092 1374
474 161 1092 298
482 162 1092 1774
486 163 1092 1494
488 164 1092 923
497 165 1092 1797
502 166 1092 1575
506 167 1092 1361
510 168 1092 1452
514 169 1092 1430
526 170 1092 1884
529 171 1092 1162
533 173 1092 254
533 172 1092 1403
535 174 1092 926
541 175 1092 1617
543 176 1092 1084
570 177 1092 1924
572 178 1092 905
583 179 1092 1860
584 180 1092 503
584 181 1092 81
594 183 1092 322
594 182 1092 1849
598 184 1092 1443
602 185 1092 1422
606 186 1092 1416
606 187 1092 468
606 188 1092 13
607 189 1092 576
613 190 1092 1685
620 192 1092 16
620 191 1092 1744
635 193 1092 1904
635 194 1092 144
639 195 1092 1349
644 196 1092 1546
646 197 1092 1025
648 198 1092 880
648 199 1092 84
648 200 1092 460
649 202 1092 323
649 201 1092 735
651 203 1092 1130
654 204 1092 1156
654 205 1092 258
663 206 1092 1827
667 207 1092 1394
667 208 1092 41
674 209 1092 1730
682 210 1092 1764
684 211 1092 1028
685 212 1092 544
692 213 1092 1700
692 214 1092 379
695 215 1092 1292
695 216 1092 374
699 217 1092 1451
699 218 1092 50
703 220 1092 381
703 219 1092 1425
705 221 1092 1106
709 222 1092 1347
711 223 1092 876
717 224 1092 1669
717 225 1092 140
720 226 1092 1146
724 228 1092 110
724 227 1092 1424
729 231 1092 58
729 230 1092 71
729 229 1092 1501
731 232 1092 1043
732 233 1092 820
736 234 1092 1399
743 235 1092 1692
749 236 1092 1683
750 237 1092 718
752 238 1092 1091
755 239 1092 1184
760 240 1092 1520
760 241 1092 21
760 242 1092 427
760 243 1092 207
761 244 1092 736
762 245 1092 656
765 246 1092 1199
765 247 1092 241
770 248 1092 1524
771 249 1092 777
773 250 1092 974
773 251 1092 95
775 252 1092 974
779 253 1092 1380
785 254 1092 1628
788 255 1092 1278
791 256 1092 1312
795 257 1092 1372
799 258 1092 1385
801 259 1092 1016
803 260 1092 1037
803 261 1092 402
806 262 1092 1284
806 263 1092 464
812 264 1092 1659
819 265 1092 1705
835 266 1092 1910
841 268 1092 300
841 267 1092 1649
842 269 1092 612
847 270 1092 1534
852 271 1092 1580
852 272 1092 360
853 273 1092 791
863 274 1092 1830
863 275 1092 359
864 276 1092 679
866 278 1092 139
866 277 1092 1140
868 279 1092 1013
869 280 1092 865
871 281 1092 904
880 282 1092 1824
883 283 1092 1257
884 284 1092 527
898 285 1092 1900
900 286 1092 1008
905 287 1092 1588
907 288 1092 1116
907 289 1092 121
907 290 1092 379
907 291 1092 311
910 292 1092 1258
910 293 1092 74
910 294 1092 146
912 295 1092 1117
913 296 1092 661
926 297 1092 1888
926 298 1092 472
928 299 1092 956
929 300 1092 671
933 301 1092 1475
944 302 1092 1865
946 303 1092 912
949 304 1092 1168
952 305 1092 1319
958 306 1092 1659
