1 0 1137 546
2 1 1137 629
3 2 1137 578
3 3 1137 168
4 4 1137 775
9 5 1137 1528
16 6 1137 1718
17 7 1137 508
17 8 1137 67
21 9 1137 1420
22 10 1137 552
22 11 1137 7
24 12 1137 907
29 13 1137 1535
44 14 1137 1905
52 15 1137 1755
53 17 1137 479
53 16 1137 576
56 18 1137 1304
56 19 1137 206
61 20 1137 1512
62 21 1137 716
63 22 1137 625
64 23 1137 753
66 24 1137 997
70 25 1137 1482
73 26 1137 1222
78 27 1137 1496
78 28 1137 12
85 29 1137 1744
87 30 1137 1098
94 31 1137 1702
94 32 1137 154
99 33 1137 1506
100 34 1137 562
105 35 1137 1526
111 37 1137 426
111 36 1137 1654
112 38 1137 507
118 39 1137 1624
118 40 1137 4
118 41 1137 231
118 42 1137 204
124 43 1137 1667
125 44 1137 851
127 46 1137 399
127 45 1137 1051
129 47 1137 985
133 48 1137 1471
133 49 1137 284
138 50 1137 1591
141 51 1137 1146
148 52 1137 1698
151 53 1137 1314
151 54 1137 47
159 56 1137 3
159 55 1137 1755
166 57 1137 1749
168 58 1137 1095
171 64 1137 322
171 59 1137 1218
171 60 1137 305
171 61 1137 222
171 62 1137 496
171 63 1137 248
172 65 1137 774
180 66 1137 1778
183 67 1137 1325
185 70 1137 100
185 71 1137 150
185 68 1137 973
185 69 1137 378
199 72 1137 1897
204 74 1137 202
204 73 1137 1605
207 75 1137 1280
208 76 1137 511
210 77 1137 882
219 78 1137 1827
230 79 1137 1871
232 80 1137 1082
232 81 1137 236
232 82 1137 24
238 83 1137 1652
238 84 1137 153
250 86 1137 3
250 85 1137 1877
251 87 1137 764
255 88 1137 1459
256 89 1137 731
261 90 1137 1522
271 91 1137 1830
274 92 1137 1255
277 93 1137 1213
280 94 1137 1318
287 95 1137 1707
293 96 1137 1660
305 97 1137 1881
309 98 1137 1345
309 99 1137 76
312 100 1137 1198
314 101 1137 998
314 102 1137 12
316 103 1137 1093
316 104 1137 183
320 105 1137 1440
323 106 1137 1174
323 107 1137 93
325 108 1137 1112
326 109 1137 692
329 110 1137 1243
331 111 1137 1046
341 112 1137 1847
344 116 1137 197
344 115 1137 69
344 114 1137 135
344 113 1137 1148
345 117 1137 769
345 118 1137 95
345 119 1137 369
346 120 1137 771
348 121 1137 1013
356 122 1137 1791
356 123 1137 241
357 125 1137 195
357 124 1137 781
358 126 1137 819
359 127 1137 683
359 128 1137 286
359 129 1137 420
364 130 1137 1544
365 131 1137 555
369 132 1137 1462
377 133 1137 1750
378 136 1137 224
378 134 1137 672
378 135 1137 83
379 137 1137 856
383 138 1137 1468
384 139 1137 637
385 140 1137 703
395 141 1137 1835
400 142 1137 1577
401 143 1137 766
405 144 1137 1412
405 145 1137 476
420 146 1137 1908
420 147 1137 107
422 148 1137 1077
425 149 1137 1249
430 150 1137 1509
432 151 1137 891
440 152 1137 1786
442 153 1137 975
445 154 1137 1230
445 155 1137 185
447 156 1137 1132
454 157 1137 1696
454 158 1137 311
470 159 1137 1913
471 160 1137 620
471 161 1137 490
478 162 1137 1731
479 163 1137 692
481 164 1137 1072
482 165 1137 688
487 166 1137 1508
487 167 1137 96
487 168 1137 475
487 169 1137 52
495 170 1137 1770
498 171 1137 1265
501 172 1137 1225
505 173 1137 1382
510 174 1137 1591
511 175 1137 861
515 176 1137 1361
517 177 1137 1024
518 178 1137 753
518 179 1137 305
518 180 1137 212
519 181 1137 712
524 182 1137 1530
526 183 1137 962
527 184 1137 835
528 185 1137 653
529 186 1137 694
529 187 1137 487
530 188 1137 520
530 189 1137 487
532 190 1137 876
532 191 1137 452
533 192 1137 544
537 193 1137 1480
537 194 1137 16
537 195 1137 212
537 196 1137 104
539 197 1137 884
545 198 1137 1619
546 199 1137 724
548 200 1137 892
557 201 1137 1812
562 202 1137 1556
564 203 1137 1025
568 204 1137 1404
568 205 1137 243
573 206 1137 1590
573 207 1137 403
576 208 1137 1308
576 209 1137 369
577 211 1137 107
577 210 1137 749
579 212 1137 942
579 213 1137 6
586 214 1137 1701
596 215 1137 1833
598 216 1137 884
599 217 1137 768
607 219 1137 418
607 218 1137 1781
626 220 1137 1919
628 221 1137 1021
633 222 1137 1500
650 223 1137 1913
652 224 1137 1100
655 225 1137 1317
656 226 1137 721
662 227 1137 1669
666 228 1137 1365
670 229 1137 1379
671 231 1137 476
671 230 1137 756
674 232 1137 1330
674 233 1137 29
677 234 1137 1337
677 235 1137 324
679 236 1137 1081
680 237 1137 505
684 238 1137 1483
685 239 1137 591
687 241 1137 290
687 240 1137 987
689 242 1137 1103
689 243 1137 151
695 244 1137 1663
696 245 1137 769
700 246 1137 1435
701 247 1137 538
708 248 1137 1704
708 249 1137 108
711 250 1137 1253
714 251 1137 1260
716 252 1137 1028
719 253 1137 1200
720 254 1137 729
729 255 1137 1796
729 256 1137 311
734 257 1137 1567
744 259 1137 87
744 258 1137 1850
748 260 1137 1447
758 261 1137 1846
760 262 1137 962
771 263 1137 1854
776 264 1137 1537
776 265 1137 272
777 266 1137 701
779 267 1137 912
780 268 1137 594
784 269 1137 1376
785 270 1137 751
785 271 1137 379
788 272 1137 1210
791 273 1137 1190
795 274 1137 1355
801 275 1137 1629
811 276 1137 1843
815 279 1137 331
815 278 1137 249
815 277 1137 1349
824 280 1137 1806
824 281 1137 182
837 282 1137 1889
840 283 1137 1257
840 284 1137 126
844 285 1137 1421
848 286 1137 1373
848 287 1137 129
851 288 1137 1225
855 289 1137 1465
855 290 1137 13
859 291 1137 1438
860 292 1137 579
864 293 1137 1395
866 294 1137 1069
868 295 1137 1066
871 296 1137 1252
874 297 1137 1173
875 298 1137 539
879 299 1137 1390
879 300 1137 67
880 301 1137 522
891 302 1137 1869
891 303 1137 328
894 304 1137 1282
896 305 1137 873
896 306 1137 49
