1 0 1123 654
2 1 1123 662
2 2 1123 212
7 3 1123 1582
7 4 1123 367
9 5 1123 1037
9 6 1123 105
11 7 1123 1117
13 8 1123 1058
15 9 1123 1047
28 10 1123 1892
35 11 1123 1744
37 12 1123 1037
37 13 1123 173
40 14 1123 1333
46 15 1123 1615
48 16 1123 925
51 17 1123 1288
55 18 1123 1399
62 19 1123 1736
63 20 1123 582
66 21 1123 1213
73 22 1123 1738
74 23 1123 602
80 24 1123 1608
83 25 1123 1276
91 27 1123 462
91 26 1123 1772
98 28 1123 1730
98 29 1123 234
99 35 1123 132
99 30 1123 635
99 31 1123 332
99 32 1123 479
99 33 1123 96
99 34 1123 446
101 36 1123 1096
110 37 1123 1805
113 38 1123 1149
123 39 1123 1835
124 40 1123 622
130 41 1123 1612
134 42 1123 1428
136 43 1123 1022
148 44 1123 1874
150 46 1123 237
150 45 1123 1071
155 47 1123 1548
155 48 1123 223
159 49 1123 1427
159 50 1123 314
161 51 1123 903
164 52 1123 1281
166 54 1123 384
166 53 1123 917
170 55 1123 1365
171 56 1123 848
176 57 1123 1535
190 58 1123 1898
192 59 1123 1016
195 60 1123 1190
200 61 1123 1567
203 62 1123 1312
204 63 1123 823
204 64 1123 411
209 65 1123 1559
212 66 1123 1265
214 67 1123 941
220 68 1123 1652
223 69 1123 1200
224 70 1123 519
226 71 1123 1044
226 72 1123 139
230 73 1123 1489
232 74 1123 1113
234 75 1123 894
241 76 1123 1709
242 77 1123 715
243 78 1123 653
244 79 1123 537
246 80 1123 1038
246 81 1123 223
246 82 1123 239
246 83 1123 303
256 84 1123 1845
262 85 1123 1657
264 86 1123 976
268 87 1123 1486
274 88 1123 1636
276 89 1123 1005
279 90 1123 1209
283 91 1123 1485
293 92 1123 1832
293 93 1123 133
294 94 1123 644
296 96 1123 300
296 95 1123 979
297 97 1123 604
298 98 1123 611
298 99 1123 314
305 100 1123 1730
308 101 1123 1220
317 102 1123 1821
319 103 1123 947
321 104 1123 907
324 105 1123 1194
325 106 1123 764
332 107 1123 1717
339 108 1123 1728
343 109 1123 1414
348 110 1123 1580
348 111 1123 132
350 112 1123 882
354 113 1123 1361
368 114 1123 1902
370 115 1123 966
373 116 1123 1328
375 117 1123 1008
377 118 1123 903
378 119 1123 678
379 120 1123 583
386 121 1123 1704
389 122 1123 1229
390 123 1123 646
408 124 1123 1916
410 125 1123 958
412 126 1123 1137
412 127 1123 6
413 128 1123 845
413 129 1123 134
414 130 1123 594
416 132 1123 104
416 133 1123 338
416 131 1123 1104
417 134 1123 731
424 135 1123 1742
424 136 1123 326
427 137 1123 1216
430 138 1123 1320
431 139 1123 651
433 140 1123 893
436 141 1123 1183
442 143 1123 222
442 142 1123 1682
446 144 1123 1349
448 145 1123 1076
449 146 1123 603
449 147 1123 471
449 148 1123 155
454 149 1123 1602
459 150 1123 1575
462 151 1123 1216
468 152 1123 1626
479 153 1123 1857
485 154 1123 1655
485 155 1123 26
502 156 1123 1915
505 157 1123 1175
507 158 1123 956
519 159 1123 1874
519 160 1123 57
520 161 1123 758
522 162 1123 872
527 163 1123 1594
528 164 1123 819
528 165 1123 476
528 166 1123 27
529 167 1123 543
530 168 1123 629
530 169 1123 159
531 170 1123 639
531 171 1123 112
537 173 1123 251
537 172 1123 1612
544 174 1123 1710
547 175 1123 1324
547 176 1123 22
549 177 1123 1007
552 178 1123 1222
553 179 1123 840
553 180 1123 355
554 181 1123 666
562 182 1123 1775
565 183 1123 1167
565 184 1123 483
568 185 1123 1302
572 186 1123 1402
572 187 1123 172
573 188 1123 607
574 189 1123 704
582 190 1123 1751
584 192 1123 260
584 191 1123 1076
588 193 1123 1371
589 194 1123 593
589 195 1123 135
589 196 1123 311
589 197 1123 87
592 198 1123 1327
594 199 1123 873
596 201 1123 59
596 200 1123 1048
604 202 1123 1766
624 203 1123 1920
626 204 1123 963
630 205 1123 1463
635 206 1123 1528
639 209 1123 331
639 207 1123 1375
639 208 1123 146
639 210 1123 4
641 211 1123 908
653 212 1123 1877
653 213 1123 115
658 214 1123 1518
661 215 1123 1316
663 216 1123 907
669 217 1123 1629
671 218 1123 1111
675 219 1123 1441
677 220 1123 998
685 221 1123 1780
696 222 1123 1860
706 223 1123 1849
706 224 1123 333
710 225 1123 1487
718 226 1123 1777
718 227 1123 241
723 228 1123 1582
728 229 1123 1575
730 230 1123 1012
741 231 1123 1859
746 232 1123 1604
746 233 1123 348
753 234 1123 1717
753 235 1123 296
754 236 1123 824
762 237 1123 1780
762 238 1123 204
764 239 1123 945
771 240 1123 1698
771 241 1123 27
771 242 1123 25
771 243 1123 276
772 244 1123 700
773 245 1123 843
775 246 1123 1123
775 247 1123 144
783 248 1123 1777
786 249 1123 1202
789 250 1123 1152
790 251 1123 607
792 252 1123 901
801 253 1123 1810
810 254 1123 1799
813 255 1123 1192
813 256 1123 123
823 257 1123 1842
828 258 1123 1587
832 259 1123 1400
838 260 1123 1610
841 261 1123 1287
848 262 1123 1717
848 263 1123 496
851 264 1123 1243
851 265 1123 69
854 266 1123 1228
859 268 1123 323
859 267 1123 1528
862 269 1123 1222
862 270 1123 491
864 271 1123 1051
868 272 1123 1425
868 273 1123 165
874 274 1123 1668
876 275 1123 970
884 276 1123 1754
889 277 1123 1583
892 278 1123 1149
896 279 1123 1414
896 280 1123 364
902 281 1123 1633
902 282 1123 389
902 283 1123 380
902 284 1123 422
902 285 1123 405
904 286 1123 958
911 288 1123 474
911 287 1123 1718
912 289 1123 524
912 290 1123 172
914 291 1123 907
914 292 1123 193
915 293 1123 729
918 294 1123 1259
918 295 1123 411
918 296 1123 235
922 297 1123 1454
924 298 1123 958
925 299 1123 630
930 300 1123 1539
935 301 1123 1519
942 302 1123 1745
943 303 1123 554
944 305 1123 100
944 304 1123 711
946 306 1123 1106
