2 0 930 885
3 1 930 755
3 2 930 446
4 3 930 834
4 4 930 215
12 5 930 1775
19 6 930 1713
23 7 930 1384
27 8 930 1462
32 9 930 1558
43 10 930 1867
50 11 930 1717
51 12 930 736
51 13 930 226
54 14 930 1313
69 15 930 1904
71 16 930 919
71 17 930 407
73 18 930 1082
74 19 930 825
75 20 930 723
79 21 930 1393
89 22 930 1848
90 23 930 663
97 24 930 1700
98 25 930 792
99 27 930 54
99 26 930 556
103 28 930 1372
106 29 930 1275
106 30 930 457
110 31 930 1441
111 32 930 554
111 33 930 481
116 35 930 238
116 34 930 1532
125 36 930 1797
129 37 930 1400
131 38 930 967
134 39 930 1224
138 40 930 1438
140 41 930 1009
143 42 930 1153
144 43 930 635
149 44 930 1504
151 46 930 382
151 45 930 923
160 47 930 1809
160 48 930 302
160 49 930 89
161 50 930 701
168 51 930 1712
169 52 930 763
169 53 930 27
175 54 930 1672
179 55 930 1417
180 56 930 832
187 57 930 1707
189 58 930 1058
193 59 930 1348
196 60 930 1219
202 61 930 1659
202 62 930 11
202 63 930 187
204 65 930 425
204 64 930 1100
207 66 930 1162
207 67 930 254
208 68 930 618
210 69 930 1074
210 70 930 106
214 71 930 1444
218 72 930 1365
226 73 930 1782
229 74 930 1312
235 76 930 239
235 75 930 1638
238 77 930 1212
240 78 930 1084
241 79 930 777
241 80 930 409
242 81 930 671
248 82 930 1676
251 83 930 1283
252 84 930 574
253 85 930 669
254 86 930 678
255 87 930 527
256 88 930 734
256 89 930 115
259 90 930 1331
259 91 930 90
259 92 930 341
264 94 930 4
264 93 930 1543
271 95 930 1703
273 96 930 997
275 97 930 966
279 98 930 1460
281 99 930 1079
287 100 930 1685
287 101 930 128
290 102 930 1191
293 103 930 1152
308 104 930 1907
311 105 930 1181
311 106 930 347
313 107 930 905
314 108 930 639
314 109 930 33
317 110 930 1178
322 111 930 1544
323 112 930 622
323 113 930 280
325 114 930 939
326 115 930 548
341 116 930 1907
342 117 930 653
347 118 930 1538
347 119 930 430
353 120 930 1671
354 121 930 634
358 122 930 1445
359 123 930 503
365 124 930 1667
365 125 930 16
367 126 930 1102
374 127 930 1746
382 128 930 1777
387 129 930 1533
388 130 930 641
391 131 930 1197
397 133 930 5
397 132 930 1677
399 134 930 1016
399 135 930 280
403 136 930 1405
404 137 930 524
407 138 930 1301
410 139 930 1317
410 140 930 322
417 141 930 1697
426 142 930 1812
427 143 930 701
428 144 930 862
435 145 930 1711
439 146 930 1392
439 147 930 61
440 148 930 604
444 149 930 1381
451 151 930 344
451 150 930 1720
455 152 930 1353
457 153 930 1029
460 154 930 1332
462 155 930 1051
463 156 930 608
464 157 930 687
468 158 930 1409
481 159 930 1890
481 160 930 79
482 161 930 525
484 162 930 1053
486 163 930 1031
489 164 930 1317
504 165 930 1905
512 166 930 1791
513 167 930 617
516 168 930 1188
517 169 930 658
519 170 930 1067
523 171 930 1383
526 174 930 108
526 172 930 1276
526 173 930 220
540 175 930 1899
541 176 930 746
542 177 930 744
547 178 930 1566
559 179 930 1881
560 180 930 549
562 181 930 1040
564 182 930 1142
564 183 930 395
571 184 930 1737
571 185 930 296
579 186 930 1769
580 187 930 648
581 188 930 598
594 189 930 1890
599 190 930 1597
600 191 930 717
602 192 930 1039
605 193 930 1336
608 194 930 1238
615 195 930 1721
616 196 930 644
617 197 930 781
620 198 930 1308
622 199 930 882
632 200 930 1844
633 201 930 775
634 202 930 798
645 203 930 1871
645 204 930 314
645 205 930 337
647 206 930 992
649 207 930 1132
651 208 930 920
655 210 930 304
655 209 930 1357
663 211 930 1788
665 212 930 1046
669 213 930 1453
672 214 930 1340
674 215 930 963
677 216 930 1308
678 217 930 657
681 218 930 1218
683 220 930 135
683 219 930 1020
686 221 930 1143
686 222 930 18
689 223 930 1222
691 224 930 985
691 225 930 350
691 226 930 344
702 227 930 1865
704 228 930 907
704 229 930 312
707 230 930 1255
720 231 930 1889
724 232 930 1360
725 233 930 684
725 234 930 36
732 235 930 1699
732 236 930 242
735 237 930 1196
735 238 930 81
739 239 930 1400
742 240 930 1228
743 241 930 637
749 242 930 1653
752 243 930 1165
757 244 930 1585
764 245 930 1734
769 246 930 1595
774 247 930 1510
794 250 930 412
794 249 930 274
794 248 930 1920
810 251 930 1912
814 252 930 1488
814 253 930 288
815 254 930 746
816 255 930 701
817 256 930 756
822 257 930 1500
824 258 930 885
837 259 930 1888
855 260 930 1918
857 261 930 1052
857 262 930 224
858 263 930 608
858 264 930 102
858 265 930 339
858 266 930 428
858 267 930 362
862 268 930 1417
867 269 930 1566
868 270 930 720
868 271 930 112
869 272 930 575
876 273 930 1743
883 274 930 1717
887 275 930 1422
891 276 930 1414
892 277 930 777
897 278 930 1562
900 279 930 1176
901 280 930 679
902 281 930 758
913 282 930 1869
914 283 930 632
923 284 930 1824
926 285 930 1268
926 286 930 401
928 287 930 1072
939 288 930 1862
942 289 930 1259
944 290 930 942
945 291 930 667
945 292 930 310
945 293 930 117
949 294 930 1407
949 295 930 175
949 296 930 412
951 297 930 1045
953 298 930 1063
956 299 930 1246
959 300 930 1305
962 301 930 1233
962 302 930 93
962 303 930 353
966 304 930 1479
966 305 930 300
969 306 930 1336
