8 0 488 1763
18 1 488 1852
18 2 488 243
21 3 488 1191
22 4 488 580
29 5 488 1695
30 6 488 867
32 8 488 281
32 7 488 1084
33 9 488 629
37 10 488 1470
38 11 488 865
41 12 488 1189
45 13 488 1360
48 14 488 1174
48 15 488 164
49 16 488 509
53 17 488 1447
63 18 488 1832
68 19 488 1552
72 20 488 1470
74 21 488 1073
79 22 488 1594
88 23 488 1805
90 24 488 1047
90 25 488 313
90 26 488 269
100 28 488 376
100 27 488 1835
117 29 488 1913
118 30 488 646
123 31 488 1578
123 32 488 0
126 33 488 1165
128 34 488 1065
130 35 488 1006
133 36 488 1282
138 38 488 311
138 37 488 1566
140 39 488 934
140 40 488 196
141 41 488 815
141 42 488 344
141 43 488 173
143 44 488 978
148 45 488 1560
152 46 488 1465
154 50 488 307
154 49 488 238
154 47 488 1040
154 48 488 238
160 51 488 1638
177 52 488 1913
181 53 488 1444
181 54 488 82
182 59 488 267
182 58 488 144
182 57 488 363
182 56 488 257
182 55 488 689
186 60 488 1426
188 61 488 956
189 62 488 707
189 63 488 293
204 64 488 1908
213 65 488 1816
214 69 488 167
214 68 488 294
214 66 488 865
214 67 488 23
215 70 488 806
216 71 488 867
218 72 488 1136
220 73 488 897
224 74 488 1356
225 75 488 655
226 76 488 728
230 77 488 1421
231 78 488 826
235 79 488 1411
236 80 488 772
239 81 488 1153
244 82 488 1596
244 83 488 138
249 84 488 1605
251 85 488 933
256 87 488 480
256 86 488 1590
258 88 488 1083
258 89 488 376
259 90 488 748
261 91 488 919
265 92 488 1422
265 93 488 43
269 94 488 1433
272 98 488 190
272 97 488 51
272 95 488 1164
272 96 488 107
274 99 488 1087
275 100 488 695
279 101 488 1441
280 102 488 746
280 103 488 71
284 104 488 1356
288 105 488 1365
289 106 488 501
291 107 488 1015
291 108 488 88
295 109 488 1352
307 110 488 1885
308 111 488 761
312 112 488 1461
313 113 488 657
317 115 488 272
317 114 488 1419
320 116 488 1285
321 117 488 569
322 118 488 612
324 119 488 974
324 120 488 226
324 121 488 384
325 122 488 865
335 123 488 1843
338 124 488 1343
347 125 488 1811
351 126 488 1369
353 127 488 1092
357 128 488 1389
357 129 488 191
358 130 488 547
359 131 488 677
362 132 488 1230
368 133 488 1664
369 134 488 716
372 135 488 1255
372 136 488 407
377 137 488 1525
378 138 488 706
378 139 488 240
378 140 488 431
379 141 488 574
379 142 488 392
385 144 488 415
385 143 488 1656
401 145 488 1912
405 146 488 1382
406 147 488 765
407 148 488 548
410 149 488 1161
419 150 488 1804
423 151 488 1463
427 152 488 1364
429 153 488 1140
430 154 488 860
430 155 488 311
431 156 488 576
432 157 488 827
433 158 488 652
437 159 488 1469
456 160 488 1920
459 161 488 1334
464 162 488 1551
473 163 488 1822
474 164 488 804
477 165 488 1208
481 166 488 1455
488 167 488 1722
499 168 488 1865
499 169 488 164
507 170 488 1789
513 171 488 1684
521 173 488 372
521 172 488 1787
522 174 488 543
527 175 488 1577
545 176 488 1916
547 177 488 1134
551 178 488 1428
555 179 488 1356
555 180 488 429
556 181 488 604
557 184 488 311
557 182 488 543
557 183 488 227
559 185 488 1009
562 186 488 1237
562 187 488 90
563 189 488 405
563 188 488 803
564 190 488 678
569 191 488 1505
571 192 488 873
574 193 488 1161
574 194 488 245
576 195 488 1022
578 196 488 947
578 197 488 494
579 198 488 851
581 200 488 456
581 199 488 1131
586 201 488 1585
587 202 488 825
587 203 488 384
590 204 488 1296
590 205 488 119
595 206 488 1600
597 207 488 991
598 208 488 596
601 210 488 319
601 209 488 1208
605 211 488 1367
608 212 488 1324
611 213 488 1220
613 214 488 1040
616 215 488 1315
617 216 488 790
620 217 488 1323
625 218 488 1510
632 219 488 1719
645 220 488 1895
649 221 488 1364
651 222 488 918
655 223 488 1460
659 224 488 1410
659 225 488 284
660 226 488 811
661 228 488 126
661 227 488 626
665 229 488 1446
666 230 488 629
670 231 488 1422
670 232 488 282
670 233 488 296
672 234 488 899
673 235 488 768
680 236 488 1704
680 237 488 159
681 238 488 856
681 239 488 192
684 241 488 246
684 240 488 1334
688 242 488 1418
693 243 488 1519
693 244 488 86
696 245 488 1236
696 246 488 180
701 247 488 1577
701 248 488 120
702 250 488 232
702 249 488 854
707 251 488 1548
709 252 488 909
711 253 488 1056
714 254 488 1160
716 255 488 1016
717 256 488 666
720 257 488 1289
722 258 488 899
724 259 488 1012
727 260 488 1233
729 261 488 974
730 262 488 865
732 263 488 1075
733 264 488 579
734 265 488 822
736 266 488 1085
738 269 488 272
738 268 488 321
738 267 488 1028
743 270 488 1536
744 271 488 631
744 272 488 467
747 273 488 1318
747 274 488 385
753 275 488 1649
764 276 488 1871
767 277 488 1323
771 278 488 1373
771 279 488 174
771 280 488 103
774 281 488 1159
775 282 488 505
778 283 488 1197
781 284 488 1214
783 285 488 1005
784 286 488 512
787 287 488 1150
789 288 488 1060
798 289 488 1807
798 290 488 101
798 291 488 414
801 292 488 1185
809 293 488 1768
811 294 488 884
811 295 488 360
814 297 488 343
814 296 488 1305
816 298 488 940
819 299 488 1188
819 300 488 150
821 301 488 1077
824 302 488 1256
832 303 488 1773
835 304 488 1242
840 305 488 1525
842 306 488 1081
