7 0 909 1744
10 1 909 1158
11 2 909 730
12 3 909 772
19 4 909 1717
25 5 909 1634
30 6 909 1600
30 7 909 269
39 8 909 1819
41 9 909 920
42 10 909 661
42 11 909 382
42 12 909 138
45 13 909 1280
50 14 909 1508
53 15 909 1225
57 16 909 1387
57 17 909 137
58 22 909 32
58 21 909 371
58 18 909 557
58 19 909 443
58 20 909 251
66 23 909 1781
67 24 909 533
67 25 909 350
74 26 909 1693
81 27 909 1745
85 28 909 1407
90 29 909 1560
97 30 909 1706
98 31 909 710
99 32 909 747
99 33 909 138
100 34 909 740
100 35 909 167
100 36 909 2
103 37 909 1341
105 38 909 872
114 39 909 1827
117 40 909 1281
119 41 909 898
123 42 909 1363
123 43 909 22
123 44 909 2
123 45 909 172
123 46 909 401
123 47 909 392
125 48 909 1088
130 49 909 1606
137 50 909 1739
141 51 909 1360
141 52 909 460
142 53 909 844
144 54 909 881
148 55 909 1372
150 56 909 1126
152 58 909 238
152 57 909 873
156 59 909 1367
167 60 909 1865
175 61 909 1780
176 62 909 787
176 63 909 259
178 64 909 1139
190 65 909 1876
195 67 909 0
195 66 909 1559
196 68 909 540
199 69 909 1340
202 70 909 1223
202 71 909 46
205 72 909 1189
206 73 909 655
208 74 909 1087
211 75 909 1278
213 77 909 10
213 76 909 932
221 78 909 1779
221 79 909 361
233 80 909 1873
236 81 909 1301
237 82 909 656
244 83 909 1726
251 85 909 345
251 86 909 249
251 84 909 1745
260 87 909 1827
263 88 909 1181
266 89 909 1292
268 90 909 966
270 91 909 1054
272 92 909 1102
276 93 909 1430
289 94 909 1886
293 96 909 111
293 95 909 1425
295 97 909 1104
296 98 909 807
296 99 909 51
297 100 909 537
297 101 909 400
305 102 909 1776
311 104 909 382
311 103 909 1672
318 106 909 170
318 105 909 1693
325 107 909 1729
331 108 909 1682
336 109 909 1527
336 110 909 440
338 111 909 1115
340 112 909 1019
349 113 909 1802
353 114 909 1418
354 115 909 564
356 116 909 1124
358 117 909 985
358 118 909 438
359 119 909 793
365 120 909 1626
371 121 909 1656
372 122 909 743
375 125 909 169
375 124 909 373
375 123 909 1172
376 126 909 868
382 127 909 1684
383 128 909 693
388 129 909 1586
391 130 909 1167
399 131 909 1752
401 132 909 1127
408 133 909 1727
415 134 909 1748
419 135 909 1473
423 136 909 1449
425 137 909 908
428 138 909 1343
428 139 909 51
428 140 909 174
428 141 909 445
428 142 909 145
433 143 909 1578
434 144 909 852
442 145 909 1776
442 146 909 34
445 147 909 1225
445 148 909 12
448 149 909 1322
448 150 909 301
450 151 909 1050
451 154 909 350
451 153 909 14
451 152 909 666
452 155 909 806
457 156 909 1581
458 157 909 604
461 158 909 1299
461 159 909 213
462 160 909 825
462 161 909 411
464 164 909 360
464 163 909 95
464 162 909 1035
465 165 909 612
481 166 909 1912
484 167 909 1216
484 168 909 53
495 169 909 1870
497 170 909 1039
497 171 909 215
502 173 909 386
502 172 909 1567
503 174 909 619
506 175 909 1181
511 176 909 1511
513 177 909 1089
513 178 909 319
514 179 909 522
514 180 909 134
519 181 909 1568
525 182 909 1671
528 183 909 1296
531 184 909 1285
531 185 909 117
533 186 909 1086
535 187 909 1113
539 188 909 1377
541 189 909 942
550 190 909 1816
551 191 909 845
556 192 909 1534
558 193 909 1130
561 194 909 1151
567 195 909 1687
570 196 909 1334
570 197 909 49
573 198 909 1218
573 199 909 239
581 200 909 1788
582 201 909 743
585 202 909 1171
585 203 909 66
585 204 909 282
585 205 909 86
589 206 909 1407
589 207 909 279
592 208 909 1320
594 209 909 1093
597 212 909 284
597 210 909 1219
597 211 909 491
598 213 909 776
598 214 909 79
601 215 909 1181
602 216 909 665
608 217 909 1664
609 218 909 735
609 219 909 243
613 220 909 1451
614 221 909 799
622 222 909 1763
624 223 909 1036
624 224 909 53
624 225 909 194
625 226 909 605
625 227 909 437
628 228 909 1160
629 229 909 856
637 230 909 1771
641 231 909 1462
650 232 909 1796
650 233 909 80
651 234 909 659
654 235 909 1315
654 236 909 396
659 237 909 1604
661 238 909 1013
664 239 909 1199
665 240 909 634
666 241 909 806
673 242 909 1718
673 243 909 283
679 244 909 1647
682 245 909 1324
683 246 909 560
684 247 909 758
686 248 909 1051
699 249 909 1894
701 250 909 1022
706 251 909 1595
709 252 909 1239
711 253 909 975
712 254 909 713
714 255 909 989
716 259 909 88
716 258 909 13
716 257 909 134
716 256 909 905
720 260 909 1405
722 261 909 970
724 262 909 1044
724 263 909 463
727 264 909 1247
733 265 909 1682
734 267 909 204
734 268 909 117
734 266 909 620
735 269 909 688
736 270 909 785
738 271 909 985
739 272 909 650
743 273 909 1460
748 274 909 1533
749 275 909 644
751 276 909 1005
755 277 909 1479
758 278 909 1314
759 279 909 654
764 280 909 1558
772 281 909 1772
775 282 909 1310
778 283 909 1190
786 285 909 176
786 284 909 1758
786 286 909 222
787 287 909 821
790 288 909 1291
795 289 909 1595
795 290 909 410
795 291 909 261
800 292 909 1591
802 293 909 925
809 294 909 1718
814 295 909 1588
820 296 909 1687
823 297 909 1254
825 298 909 961
838 299 909 1889
839 300 909 704
839 301 909 356
840 302 909 640
840 303 909 363
842 305 909 37
842 304 909 1109
844 306 909 944
