10 0 855 1851
13 1 855 1192
13 2 855 365
13 3 855 262
16 4 855 1309
19 5 855 1144
35 6 855 1912
37 7 855 878
39 8 855 885
40 12 855 269
40 11 855 193
40 9 855 547
40 10 855 76
50 13 855 1843
52 14 855 936
54 15 855 1085
61 16 855 1735
63 17 855 946
64 19 855 48
64 18 855 652
67 20 855 1247
68 21 855 868
71 22 855 1146
77 23 855 1630
80 24 855 1144
80 25 855 144
80 26 855 318
81 27 855 710
84 29 855 50
84 28 855 1200
87 30 855 1243
90 31 855 1265
92 32 855 1072
93 33 855 652
94 34 855 624
95 35 855 699
99 36 855 1369
100 37 855 795
105 38 855 1515
105 39 855 113
119 40 855 1899
119 41 855 353
120 42 855 663
123 43 855 1302
125 45 855 192
125 46 855 239
125 44 855 1025
127 47 855 955
135 48 855 1764
136 49 855 823
136 50 855 462
138 53 855 447
138 51 855 1117
138 52 855 43
141 54 855 1218
143 56 855 46
143 55 855 982
144 57 855 659
146 58 855 1042
149 59 855 1165
150 60 855 825
153 61 855 1201
158 62 855 1602
159 63 855 834
162 64 855 1228
163 65 855 736
165 66 855 1046
170 67 855 1541
173 68 855 1219
173 69 855 237
179 70 855 1641
181 71 855 939
185 72 855 1356
186 73 855 539
186 74 855 73
188 76 855 205
188 75 855 893
196 77 855 1768
197 78 855 605
199 79 855 952
209 80 855 1829
212 81 855 1288
214 82 855 871
214 83 855 377
219 85 855 126
219 84 855 1513
222 86 855 1222
223 87 855 624
227 88 855 1359
232 89 855 1566
233 90 855 653
234 91 855 709
240 92 855 1678
240 93 855 349
243 94 855 1212
244 95 855 697
245 96 855 676
253 97 855 1753
253 98 855 73
253 99 855 289
255 100 855 1070
256 101 855 622
262 102 855 1660
267 103 855 1527
269 104 855 1106
273 105 855 1447
279 106 855 1685
283 107 855 1428
283 108 855 374
283 109 855 324
284 110 855 777
284 111 855 202
284 112 855 54
284 113 855 89
287 114 855 1260
291 115 855 1461
291 116 855 330
294 117 855 1225
297 118 855 1246
299 119 855 1102
303 120 855 1438
303 121 855 422
303 122 855 182
308 123 855 1577
313 124 855 1508
315 125 855 932
318 126 855 1186
320 127 855 1006
323 128 855 1251
326 129 855 1300
326 130 855 216
326 131 855 377
333 133 855 315
333 132 855 1694
342 134 855 1807
345 135 855 1207
350 136 855 1552
353 137 855 1268
356 138 855 1195
356 139 855 65
356 140 855 365
363 142 855 249
363 141 855 1718
365 143 855 1034
366 144 855 789
366 145 855 451
367 146 855 654
372 147 855 1589
374 148 855 1014
380 149 855 1675
380 150 855 367
384 151 855 1375
385 152 855 506
387 153 855 895
388 154 855 775
389 155 855 647
389 156 855 440
389 157 855 83
389 158 855 18
389 159 855 174
389 160 855 261
390 162 855 176
390 161 855 679
392 163 855 998
392 164 855 107
392 165 855 400
392 166 855 432
398 169 855 53
398 167 855 1663
398 168 855 207
408 170 855 1834
410 172 855 29
410 171 855 986
413 173 855 1180
414 174 855 737
420 175 855 1644
420 176 855 172
422 177 855 1072
423 178 855 788
425 180 855 277
425 179 855 1057
430 181 855 1521
448 182 855 1916
453 183 855 1501
455 184 855 933
456 185 855 766
464 186 855 1795
465 187 855 798
469 188 855 1465
472 189 855 1159
473 190 855 766
477 191 855 1469
480 192 855 1250
482 193 855 1020
489 194 855 1728
495 195 855 1610
500 196 855 1542
503 197 855 1176
505 199 855 388
505 200 855 18
505 198 855 926
507 201 855 915
511 202 855 1382
513 203 855 961
521 204 855 1766
524 205 855 1305
528 206 855 1345
531 207 855 1250
531 208 855 158
533 210 855 475
533 209 855 1055
536 211 855 1293
539 212 855 1220
541 213 855 885
550 214 855 1821
551 215 855 664
552 216 855 687
553 218 855 64
553 217 855 600
556 219 855 1266
557 220 855 530
562 221 855 1558
562 222 855 198
564 223 855 972
567 224 855 1211
567 225 855 365
573 226 855 1661
575 227 855 934
579 228 855 1377
581 230 855 102
581 229 855 1052
583 231 855 920
583 232 855 145
583 233 855 399
585 234 855 1038
588 235 855 1287
588 236 855 139
590 237 855 955
596 238 855 1659
601 239 855 1553
605 240 855 1345
606 241 855 544
607 242 855 640
607 243 855 409
608 244 855 684
612 245 855 1398
612 246 855 249
612 247 855 364
614 248 855 1123
616 249 855 1064
618 250 855 922
620 251 855 941
622 252 855 1112
627 253 855 1585
635 254 855 1783
635 255 855 385
636 256 855 717
636 257 855 409
642 258 855 1675
646 259 855 1401
651 260 855 1568
651 261 855 411
660 262 855 1798
662 263 855 1030
664 264 855 953
668 265 855 1479
671 266 855 1147
672 267 855 820
680 268 855 1772
681 269 855 534
682 270 855 525
688 271 855 1657
689 272 855 865
689 273 855 436
699 274 855 1846
715 275 855 1910
717 276 855 917
724 278 855 288
724 277 855 1714
731 279 855 1737
731 280 855 115
734 281 855 1297
741 282 855 1735
741 283 855 313
741 284 855 129
743 285 855 1085
750 287 855 485
750 286 855 1733
751 288 855 540
752 289 855 653
753 290 855 570
759 291 855 1655
762 292 855 1205
762 293 855 258
778 294 855 1909
780 295 855 933
781 296 855 670
786 297 855 1534
790 298 855 1381
792 299 855 1129
792 300 855 250
796 301 855 1353
797 302 855 516
798 303 855 588
799 304 855 538
802 305 855 1189
802 306 855 76
