5 0 1678 1597
5 1 1678 334
6 2 1678 610
6 3 1678 130
10 4 1678 1451
19 5 1678 1809
19 6 1678 166
19 7 1678 437
23 8 1678 1417
26 9 1678 1224
26 10 1678 234
29 11 1678 1165
29 12 1678 425
29 13 1678 33
34 16 1678 418
34 17 1678 359
34 14 1678 1504
34 15 1678 382
36 18 1678 1052
41 19 1678 1564
44 20 1678 1173
48 21 1678 1403
53 22 1678 1534
58 23 1678 1600
60 24 1678 1090
63 25 1678 1276
65 26 1678 1065
65 27 1678 410
71 28 1678 1608
71 29 1678 136
71 30 1678 203
73 31 1678 1109
73 32 1678 57
85 36 1678 454
85 35 1678 155
85 37 1678 254
85 33 1678 1883
85 34 1678 174
86 38 1678 687
88 39 1678 970
91 40 1678 1254
91 41 1678 251
92 42 1678 833
92 43 1678 147
93 44 1678 859
95 45 1678 1081
98 46 1678 1225
101 47 1678 1197
104 48 1678 1184
105 49 1678 542
108 50 1678 1168
117 51 1678 1796
118 52 1678 868
119 53 1678 737
120 55 1678 194
120 54 1678 588
121 56 1678 725
123 57 1678 934
125 58 1678 965
125 59 1678 174
126 60 1678 744
132 61 1678 1680
133 62 1678 754
136 63 1678 1280
138 64 1678 1020
140 65 1678 1050
142 66 1678 1107
142 67 1678 466
150 68 1678 1783
154 69 1678 1349
164 70 1678 1853
164 71 1678 163
169 73 1678 82
169 72 1678 1596
169 74 1678 309
171 75 1678 922
172 76 1678 569
176 77 1678 1387
177 78 1678 741
177 79 1678 8
177 80 1678 50
185 81 1678 1792
188 82 1678 1150
190 83 1678 1066
192 86 1678 240
192 84 1678 893
192 85 1678 332
195 87 1678 1245
198 88 1678 1294
213 89 1678 1904
217 90 1678 1354
221 91 1678 1444
224 92 1678 1214
225 94 1678 226
225 93 1678 513
230 95 1678 1498
234 96 1678 1422
238 97 1678 1478
240 98 1678 1051
247 99 1678 1734
261 100 1678 1898
262 101 1678 759
265 102 1678 1338
273 103 1678 1760
274 104 1678 613
276 105 1678 1004
276 106 1678 199
277 107 1678 786
277 108 1678 427
282 109 1678 1591
287 110 1678 1550
290 112 1678 193
290 111 1678 1263
292 114 1678 123
292 113 1678 956
294 115 1678 876
295 116 1678 530
301 117 1678 1613
301 118 1678 387
302 119 1678 688
303 120 1678 809
311 121 1678 1787
313 122 1678 1096
322 123 1678 1804
341 125 1678 408
341 124 1678 1919
343 126 1678 874
345 127 1678 1083
353 128 1678 1780
354 129 1678 736
358 130 1678 1425
360 131 1678 1016
360 132 1678 335
362 134 1678 35
362 133 1678 931
365 135 1678 1216
365 136 1678 453
368 137 1678 1315
368 138 1678 452
377 139 1678 1813
377 140 1678 132
381 141 1678 1379
382 142 1678 817
388 145 1678 91
388 143 1678 1628
388 144 1678 354
391 146 1678 1250
391 147 1678 257
391 148 1678 389
394 149 1678 1274
396 150 1678 968
403 151 1678 1734
405 153 1678 362
405 152 1678 1091
407 154 1678 925
407 155 1678 111
412 156 1678 1587
416 157 1678 1459
424 158 1678 1766
424 159 1678 204
424 160 1678 129
426 161 1678 1040
428 162 1678 930
434 163 1678 1616
434 164 1678 165
435 165 1678 533
437 166 1678 927
440 167 1678 1187
442 168 1678 921
443 169 1678 832
443 170 1678 423
445 171 1678 1139
448 172 1678 1160
448 173 1678 498
449 174 1678 556
453 175 1678 1354
455 176 1678 970
459 177 1678 1393
463 178 1678 1449
472 179 1678 1828
474 180 1678 1083
475 181 1678 616
476 182 1678 694
477 183 1678 506
484 184 1678 1693
490 185 1678 1616
500 186 1678 1849
514 187 1678 1898
514 188 1678 5
524 189 1678 1848
529 190 1678 1553
531 191 1678 918
535 192 1678 1474
535 193 1678 247
541 194 1678 1683
543 195 1678 1016
543 196 1678 449
545 197 1678 1125
549 198 1678 1462
556 199 1678 1745
558 200 1678 1088
558 201 1678 63
561 202 1678 1261
565 203 1678 1482
566 204 1678 851
574 205 1678 1753
575 206 1678 573
576 207 1678 592
583 208 1678 1731
588 209 1678 1495
590 210 1678 1065
590 211 1678 194
590 212 1678 10
601 213 1678 1862
603 214 1678 1046
607 215 1678 1438
607 216 1678 346
607 217 1678 424
617 219 1678 474
617 218 1678 1848
618 220 1678 609
620 221 1678 954
623 222 1678 1181
625 223 1678 997
628 224 1678 1203
632 225 1678 1429
637 226 1678 1590
639 227 1678 913
640 228 1678 739
644 229 1678 1464
646 230 1678 905
654 231 1678 1769
665 232 1678 1855
671 233 1678 1628
672 234 1678 740
674 235 1678 1019
677 236 1678 1280
679 237 1678 1137
684 238 1678 1579
695 239 1678 1864
697 240 1678 1043
700 241 1678 1257
700 242 1678 166
700 243 1678 435
701 244 1678 783
705 245 1678 1359
707 246 1678 908
712 247 1678 1536
714 248 1678 1125
714 249 1678 245
715 250 1678 669
715 251 1678 24
718 252 1678 1202
720 253 1678 988
722 254 1678 1136
722 255 1678 133
723 258 1678 279
723 256 1678 807
723 257 1678 263
727 259 1678 1346
727 260 1678 162
732 261 1678 1584
740 262 1678 1778
740 263 1678 266
741 264 1678 590
744 266 1678 264
744 267 1678 306
744 265 1678 1220
746 268 1678 1122
746 269 1678 27
746 270 1678 157
748 271 1678 1134
749 272 1678 769
764 273 1678 1908
768 274 1678 1356
771 275 1678 1277
772 276 1678 788
773 277 1678 746
773 278 1678 214
781 279 1678 1768
782 280 1678 521
782 281 1678 54
789 282 1678 1712
789 283 1678 493
790 284 1678 794
792 285 1678 880
793 286 1678 567
794 287 1678 867
794 288 1678 491
795 289 1678 606
795 290 1678 212
797 291 1678 1016
798 292 1678 857
798 293 1678 233
805 294 1678 1702
809 295 1678 1383
813 296 1678 1403
822 297 1678 1824
830 298 1678 1769
834 299 1678 1487
836 300 1678 1095
837 301 1678 601
837 302 1678 413
839 303 1678 1098
839 304 1678 87
843 305 1678 1460
846 306 1678 1180
