2 0 390 910
2 1 390 397
9 2 390 1722
9 3 390 108
12 4 390 1266
13 5 390 573
17 6 390 1377
20 7 390 1187
21 8 390 695
24 9 390 1170
26 10 390 1020
28 11 390 1078
29 12 390 853
35 13 390 1614
35 14 390 225
37 15 390 1130
43 16 390 1673
45 17 390 870
50 18 390 1498
50 19 390 379
52 20 390 1064
54 21 390 1046
54 22 390 80
55 23 390 695
57 24 390 1102
61 25 390 1384
62 26 390 581
66 27 390 1457
90 28 390 1923
92 29 390 1104
94 30 390 969
94 31 390 33
95 32 390 842
105 36 390 296
105 35 390 73
105 37 390 417
105 33 390 1851
105 34 390 40
110 38 390 1501
110 39 390 34
113 40 390 1275
118 41 390 1540
120 42 390 1078
120 43 390 195
125 44 390 1522
126 45 390 848
129 46 390 1160
130 47 390 748
130 48 390 452
130 49 390 190
131 50 390 716
132 51 390 799
133 52 390 776
137 53 390 1468
150 54 390 1890
158 56 390 316
158 55 390 1789
160 57 390 1027
162 58 390 931
171 59 390 1806
189 60 390 1916
199 61 390 1844
202 62 390 1189
207 63 390 1516
207 64 390 200
209 66 390 236
209 65 390 987
211 67 390 926
216 68 390 1573
216 69 390 152
217 70 390 834
220 71 390 1256
223 72 390 1294
227 73 390 1463
229 74 390 1029
233 75 390 1449
246 76 390 1892
255 77 390 1810
257 78 390 1097
257 79 390 253
257 80 390 224
265 81 390 1757
267 82 390 1005
274 83 390 1733
274 84 390 387
274 85 390 169
277 86 390 1182
280 87 390 1298
293 88 390 1886
293 89 390 176
299 90 390 1682
302 91 390 1193
306 92 390 1410
312 93 390 1619
312 94 390 42
316 96 390 351
316 95 390 1356
320 97 390 1487
339 98 390 1919
340 99 390 535
341 100 390 612
341 101 390 233
343 102 390 1099
343 103 390 300
346 104 390 1281
350 105 390 1385
354 106 390 1430
357 107 390 1237
357 108 390 439
357 109 390 440
366 110 390 1822
366 111 390 430
377 112 390 1854
378 113 390 678
383 115 390 158
383 114 390 1582
384 116 390 839
388 117 390 1381
390 118 390 1128
390 119 390 30
397 120 390 1730
398 121 390 862
400 122 390 965
404 124 390 394
404 123 390 1397
409 125 390 1565
417 126 390 1770
422 127 390 1599
426 128 390 1421
431 129 390 1597
433 130 390 1098
433 131 390 405
442 132 390 1815
443 133 390 562
448 134 390 1565
465 135 390 1915
466 136 390 658
467 137 390 704
467 138 390 452
469 139 390 927
470 140 390 664
481 141 390 1869
482 142 390 859
486 144 390 279
486 143 390 1445
489 145 390 1251
492 146 390 1264
493 147 390 732
493 148 390 36
502 149 390 1808
503 150 390 516
505 151 390 895
505 152 390 358
518 153 390 1889
519 154 390 729
525 155 390 1674
528 156 390 1192
534 157 390 1627
544 158 390 1830
550 159 390 1640
555 160 390 1539
563 161 390 1755
570 162 390 1741
571 163 390 766
574 164 390 1267
578 165 390 1416
579 166 390 540
582 167 390 1291
584 168 390 1037
589 169 390 1592
593 170 390 1425
593 171 390 134
595 173 390 201
595 172 390 928
598 174 390 1291
606 175 390 1785
606 176 390 3
610 177 390 1444
612 178 390 1118
614 179 390 1068
614 180 390 300
616 181 390 1038
621 182 390 1563
626 183 390 1537
628 184 390 1080
628 185 390 203
628 186 390 46
638 187 390 1851
646 188 390 1757
655 189 390 1816
656 190 390 722
658 191 390 955
659 192 390 798
660 193 390 736
663 194 390 1313
664 195 390 833
664 196 390 128
664 197 390 92
664 198 390 178
665 199 390 787
666 200 390 711
680 201 390 1897
686 202 390 1619
686 203 390 369
686 204 390 382
686 205 390 382
699 206 390 1891
699 207 390 157
700 208 390 597
702 209 390 869
708 210 390 1670
714 211 390 1673
715 212 390 508
716 213 390 762
719 214 390 1339
720 215 390 500
720 216 390 192
720 217 390 203
726 218 390 1610
728 219 390 1064
732 220 390 1369
733 221 390 614
737 222 390 1458
740 223 390 1146
742 224 390 869
742 225 390 470
745 226 390 1260
745 227 390 192
746 228 390 813
746 229 390 457
752 230 390 1657
762 231 390 1836
765 232 390 1266
765 233 390 331
765 234 390 356
765 235 390 327
768 236 390 1344
771 237 390 1193
774 238 390 1155
775 240 390 236
775 239 390 698
784 241 390 1814
787 242 390 1253
789 243 390 888
789 244 390 145
791 245 390 974
791 246 390 447
791 247 390 36
794 248 390 1321
795 249 390 812
796 250 390 641
806 251 390 1850
806 252 390 406
808 253 390 1039
811 256 390 439
811 257 390 473
811 254 390 1342
811 255 390 97
815 258 390 1425
825 259 390 1837
827 260 390 1046
834 261 390 1699
837 262 390 1268
837 263 390 140
839 264 390 1136
847 267 390 177
847 268 390 405
847 265 390 1759
847 266 390 406
849 269 390 1012
851 270 390 1080
853 271 390 923
855 272 390 973
857 273 390 912
858 274 390 827
862 275 390 1479
865 276 390 1285
866 277 390 570
868 278 390 1000
877 279 390 1819
877 280 390 22
880 281 390 1224
881 282 390 795
881 283 390 0
888 284 390 1741
895 285 390 1731
899 287 390 227
899 286 390 1429
901 288 390 913
901 289 390 259
910 290 390 1813
912 291 390 870
919 292 390 1693
922 293 390 1242
927 294 390 1577
927 295 390 462
928 296 390 546
930 297 390 1113
936 298 390 1676
936 299 390 311
937 300 390 568
937 301 390 270
942 302 390 1555
942 303 390 309
948 304 390 1656
954 305 390 1642
956 306 390 877
