0 0 1495 477
1 1 1495 653
1 2 1495 437
4 3 1495 1200
11 4 1495 1736
11 5 1495 21
14 6 1495 1200
14 7 1495 86
17 8 1495 1214
18 9 1495 561
22 10 1495 1435
23 11 1495 800
28 12 1495 1546
29 13 1495 604
30 14 1495 564
31 15 1495 515
42 16 1495 1871
42 17 1495 167
44 18 1495 1123
61 19 1495 1914
66 20 1495 1534
67 21 1495 707
68 22 1495 673
69 23 1495 667
75 24 1495 1682
75 25 1495 335
76 26 1495 670
77 27 1495 523
88 28 1495 1865
95 29 1495 1733
97 30 1495 1133
104 31 1495 1725
104 32 1495 326
109 33 1495 1588
112 34 1495 1295
114 35 1495 1018
118 38 1495 0
118 36 1495 1452
118 37 1495 241
120 39 1495 1047
124 40 1495 1414
127 41 1495 1177
131 42 1495 1373
131 43 1495 471
139 44 1495 1763
146 45 1495 1737
152 46 1495 1630
153 47 1495 534
153 48 1495 95
157 49 1495 1449
159 50 1495 1066
160 51 1495 769
160 52 1495 219
166 53 1495 1682
166 54 1495 409
173 55 1495 1694
188 56 1495 1904
195 57 1495 1694
199 58 1495 1442
203 59 1495 1401
206 60 1495 1275
207 61 1495 676
207 62 1495 146
211 63 1495 1406
215 64 1495 1353
221 65 1495 1635
221 66 1495 473
233 67 1495 1883
236 68 1495 1233
240 69 1495 1471
242 70 1495 988
248 72 1495 167
248 71 1495 1629
248 73 1495 75
249 75 1495 356
249 74 1495 500
252 76 1495 1258
252 77 1495 202
253 78 1495 828
264 79 1495 1870
265 82 1495 428
265 83 1495 416
265 80 1495 629
265 81 1495 136
266 84 1495 666
266 85 1495 364
271 86 1495 1505
272 87 1495 569
275 88 1495 1178
280 89 1495 1526
282 90 1495 1038
288 91 1495 1682
289 92 1495 723
290 93 1495 523
297 94 1495 1696
298 95 1495 737
300 96 1495 1031
313 97 1495 1892
315 98 1495 1043
315 99 1495 128
318 100 1495 1263
324 101 1495 1672
327 102 1495 1225
328 103 1495 549
328 104 1495 461
332 105 1495 1362
333 106 1495 602
333 107 1495 144
336 108 1495 1182
336 109 1495 53
336 110 1495 435
343 111 1495 1702
344 112 1495 866
349 113 1495 1497
350 114 1495 772
352 115 1495 1139
352 116 1495 248
358 117 1495 1654
359 118 1495 740
361 119 1495 989
361 120 1495 129
371 121 1495 1829
372 122 1495 704
378 123 1495 1631
378 124 1495 432
381 125 1495 1230
383 126 1495 906
388 127 1495 1568
388 128 1495 304
394 129 1495 1687
397 130 1495 1249
400 131 1495 1291
402 132 1495 1083
403 133 1495 700
404 134 1495 606
406 135 1495 881
407 136 1495 835
416 137 1495 1804
428 138 1495 1879
431 139 1495 1229
437 140 1495 1687
441 141 1495 1361
444 142 1495 1312
446 143 1495 1125
448 144 1495 1091
451 145 1495 1260
452 146 1495 816
455 147 1495 1150
461 148 1495 1676
462 150 1495 489
462 149 1495 557
465 151 1495 1301
468 153 1495 54
468 152 1495 1152
492 154 1495 1923
496 155 1495 1359
498 156 1495 967
503 157 1495 1519
503 158 1495 116
506 159 1495 1155
506 160 1495 455
508 161 1495 958
516 162 1495 1764
520 163 1495 1419
521 164 1495 728
523 165 1495 1069
524 166 1495 618
524 167 1495 166
526 168 1495 890
535 170 1495 303
535 171 1495 369
535 169 1495 1815
542 172 1495 1700
546 173 1495 1436
549 174 1495 1226
550 175 1495 692
551 176 1495 516
556 177 1495 1504
557 178 1495 540
559 180 1495 414
559 179 1495 1097
565 181 1495 1680
574 182 1495 1816
580 183 1495 1672
583 184 1495 1197
595 185 1495 1873
595 186 1495 138
597 187 1495 1029
598 188 1495 701
601 189 1495 1172
611 190 1495 1839
614 191 1495 1241
620 192 1495 1687
621 193 1495 723
622 194 1495 773
623 195 1495 728
628 196 1495 1522
637 198 1495 397
637 199 1495 21
637 197 1495 1818
638 200 1495 641
639 201 1495 650
639 202 1495 259
647 203 1495 1786
647 204 1495 253
647 205 1495 120
652 206 1495 1526
658 207 1495 1641
659 208 1495 752
662 209 1495 1230
663 210 1495 842
667 211 1495 1387
669 212 1495 978
671 213 1495 944
672 214 1495 741
673 215 1495 700
675 216 1495 1067
675 217 1495 91
675 218 1495 221
676 219 1495 780
678 220 1495 931
683 221 1495 1514
687 222 1495 1389
693 223 1495 1643
707 224 1495 1901
709 225 1495 987
710 226 1495 606
712 227 1495 976
713 229 1495 498
713 228 1495 662
715 230 1495 1095
716 231 1495 623
718 232 1495 1107
719 233 1495 519
719 234 1495 455
726 235 1495 1689
730 236 1495 1420
730 237 1495 30
734 238 1495 1419
736 239 1495 1077
736 240 1495 346
736 241 1495 422
736 242 1495 277
740 243 1495 1395
740 244 1495 329
740 245 1495 451
740 246 1495 262
741 247 1495 743
756 248 1495 1907
756 249 1495 73
761 250 1495 1586
765 251 1495 1430
770 252 1495 1596
775 253 1495 1542
777 254 1495 1015
779 255 1495 1052
782 256 1495 1185
783 257 1495 541
792 258 1495 1810
795 259 1495 1191
799 260 1495 1439
800 261 1495 549
802 268 1495 489
802 266 1495 280
802 265 1495 219
802 267 1495 459
802 263 1495 253
802 264 1495 135
802 262 1495 978
804 269 1495 976
807 270 1495 1204
809 271 1495 1036
810 272 1495 597
812 273 1495 1069
812 274 1495 433
813 275 1495 508
816 276 1495 1236
835 277 1495 1919
838 278 1495 1313
842 279 1495 1449
843 280 1495 724
851 281 1495 1788
853 282 1495 993
854 283 1495 589
855 284 1495 837
860 285 1495 1590
862 286 1495 952
866 287 1495 1490
870 288 1495 1428
873 289 1495 1328
874 290 1495 504
876 291 1495 879
876 292 1495 145
876 293 1495 227
881 294 1495 1563
888 295 1495 1721
892 296 1495 1368
892 297 1495 23
895 298 1495 1260
895 299 1495 110
895 300 1495 170
902 301 1495 1728
902 302 1495 254
904 303 1495 931
905 304 1495 793
906 305 1495 549
907 306 1495 832
