1 0 201 822
3 1 201 1056
8 2 201 1601
10 3 201 1037
11 4 201 537
13 5 201 1125
13 6 201 332
17 8 201 91
17 7 201 1393
20 9 201 1252
20 10 201 489
28 11 201 1751
36 12 201 1773
38 16 201 447
38 13 201 1131
38 14 201 463
38 15 201 208
42 17 201 1372
43 18 201 752
55 19 201 1884
58 20 201 1288
61 21 201 1251
62 22 201 529
64 23 201 870
66 24 201 1004
71 25 201 1553
72 26 201 532
73 27 201 657
75 28 201 1099
77 29 201 1041
77 30 201 373
77 31 201 346
84 32 201 1696
84 33 201 439
84 34 201 482
84 35 201 380
84 36 201 209
87 38 201 297
87 37 201 1188
88 39 201 856
93 40 201 1497
93 41 201 76
94 42 201 760
96 43 201 991
100 44 201 1476
100 45 201 292
100 46 201 461
101 47 201 834
102 48 201 851
107 49 201 1530
108 50 201 562
111 51 201 1321
112 52 201 721
113 53 201 540
114 54 201 754
119 55 201 1496
120 56 201 527
121 58 201 33
121 57 201 730
123 59 201 909
124 60 201 592
129 61 201 1599
129 62 201 294
131 63 201 974
133 64 201 879
133 65 201 142
133 66 201 55
136 67 201 1333
137 68 201 649
137 69 201 82
162 70 201 1924
165 71 201 1184
167 72 201 1074
176 73 201 1821
176 74 201 386
179 76 201 491
179 75 201 1211
183 77 201 1462
186 78 201 1319
187 79 201 712
189 80 201 1091
195 81 201 1623
202 82 201 1730
206 83 201 1494
206 84 201 479
208 85 201 977
213 86 201 1549
216 87 201 1155
222 88 201 1610
224 89 201 910
232 90 201 1777
236 91 201 1404
239 92 201 1154
242 93 201 1313
242 94 201 263
251 95 201 1823
258 96 201 1707
265 97 201 1710
265 98 201 111
268 99 201 1333
268 100 201 237
270 101 201 1052
270 102 201 184
271 103 201 769
276 104 201 1530
279 105 201 1302
279 106 201 246
280 107 201 824
280 108 201 154
284 109 201 1468
286 110 201 1005
288 111 201 989
291 112 201 1336
294 113 201 1246
301 114 201 1742
303 115 201 894
311 116 201 1794
312 117 201 725
312 118 201 494
321 119 201 1827
322 120 201 518
323 121 201 824
329 122 201 1648
335 124 201 229
335 123 201 1663
336 125 201 520
336 126 201 29
342 127 201 1686
347 128 201 1558
347 129 201 488
351 130 201 1429
352 131 201 705
356 132 201 1351
372 135 201 39
372 133 201 1911
372 134 201 475
376 136 201 1438
378 137 201 961
391 138 201 1888
393 139 201 1102
394 140 201 730
395 141 201 725
397 143 201 142
397 142 201 1001
407 144 201 1830
408 145 201 787
408 146 201 67
418 147 201 1833
423 148 201 1495
426 150 201 29
426 149 201 1293
428 151 201 982
431 153 201 208
431 152 201 1215
432 154 201 815
435 155 201 1337
438 156 201 1329
438 157 201 446
439 158 201 539
441 159 201 1010
444 160 201 1272
444 161 201 485
447 162 201 1191
452 163 201 1590
452 164 201 38
452 165 201 300
457 166 201 1563
461 167 201 1350
462 168 201 771
469 169 201 1703
473 170 201 1381
474 171 201 832
475 172 201 761
478 173 201 1317
480 174 201 1097
487 175 201 1718
494 176 201 1748
499 177 201 1506
507 178 201 1758
511 185 201 446
511 184 201 459
511 183 201 264
511 182 201 190
511 181 201 121
511 180 201 452
511 179 201 1366
515 186 201 1414
518 187 201 1142
520 188 201 1096
522 189 201 1062
523 190 201 635
525 192 201 422
525 191 201 991
527 193 201 877
535 194 201 1754
535 195 201 245
539 196 201 1458
542 197 201 1335
542 198 201 103
547 199 201 1530
550 200 201 1149
551 201 201 642
553 202 201 1062
560 203 201 1717
570 204 201 1837
572 205 201 1121
572 206 201 220
581 207 201 1823
583 208 201 1036
585 209 201 1022
590 210 201 1514
597 211 201 1747
598 212 201 613
600 213 201 1097
601 214 201 558
604 215 201 1151
604 216 201 294
606 217 201 926
608 218 201 1131
613 219 201 1517
614 222 201 253
614 220 201 810
614 221 201 420
620 223 201 1633
622 224 201 1068
622 225 201 389
622 226 201 410
631 227 201 1809
635 228 201 1488
636 231 201 412
636 229 201 851
636 230 201 259
640 232 201 1403
640 233 201 228
640 234 201 217
647 235 201 1734
649 236 201 983
649 237 201 397
649 238 201 351
652 239 201 1262
652 240 201 226
657 241 201 1516
657 242 201 106
657 243 201 73
661 244 201 1473
662 245 201 812
662 246 201 378
665 248 201 318
665 247 201 1249
666 249 201 603
678 250 201 1875
679 251 201 532
679 252 201 203
680 253 201 510
681 254 201 719
682 256 201 388
682 255 201 728
686 257 201 1354
687 258 201 649
691 259 201 1448
692 260 201 710
692 261 201 336
692 262 201 334
692 263 201 184
693 264 201 762
695 267 201 384
695 265 201 1101
695 266 201 344
697 268 201 879
698 269 201 749
698 270 201 167
707 271 201 1821
708 272 201 574
716 273 201 1794
719 274 201 1291
722 275 201 1218
722 276 201 314
722 277 201 180
722 278 201 160
722 279 201 255
722 280 201 10
724 281 201 1085
728 282 201 1490
730 283 201 885
732 284 201 900
738 285 201 1651
738 286 201 209
740 287 201 892
744 288 201 1433
748 289 201 1414
752 290 201 1345
757 291 201 1554
763 292 201 1673
764 293 201 828
765 294 201 551
774 295 201 1814
777 296 201 1181
787 297 201 1846
790 299 201 371
790 298 201 1235
790 300 201 468
809 302 201 370
809 301 201 1919
813 304 201 435
813 305 201 54
813 303 201 1494
825 306 201 1882
