1 0 608 522
1 1 608 391
2 2 608 759
5 3 608 1209
6 4 608 748
8 5 608 999
9 6 608 795
9 7 608 223
13 8 608 1396
14 9 608 534
15 10 608 791
17 11 608 1008
17 12 608 196
18 13 608 674
18 14 608 386
26 15 608 1786
26 16 608 274
26 17 608 215
31 18 608 1599
36 19 608 1558
37 20 608 665
37 21 608 54
38 22 608 504
40 23 608 1007
43 24 608 1328
43 25 608 243
43 26 608 274
43 27 608 355
48 29 608 292
48 28 608 1527
49 30 608 820
49 31 608 418
56 32 608 1726
61 33 608 1595
61 34 608 161
65 35 608 1420
66 36 608 702
67 37 608 665
68 38 608 639
72 39 608 1395
79 40 608 1744
81 41 608 1058
87 42 608 1623
87 43 608 400
88 44 608 850
91 45 608 1271
92 46 608 681
95 48 608 322
95 47 608 1306
97 49 608 915
98 50 608 513
101 51 608 1310
102 52 608 713
104 53 608 1102
108 54 608 1382
108 55 608 468
117 56 608 1812
123 57 608 1677
132 58 608 1806
133 59 608 504
134 60 608 724
134 61 608 439
135 62 608 620
137 63 608 1103
143 64 608 1638
143 65 608 373
146 66 608 1207
147 67 608 525
148 68 608 512
150 69 608 891
152 70 608 1084
157 71 608 1534
162 72 608 1500
162 73 608 203
169 74 608 1739
174 79 608 56
174 78 608 156
174 75 608 1531
174 76 608 355
174 77 608 104
178 80 608 1487
180 81 608 893
180 82 608 33
181 83 608 612
188 84 608 1703
192 85 608 1434
198 86 608 1630
199 87 608 623
199 88 608 213
205 89 608 1618
210 90 608 1532
212 91 608 950
213 92 608 784
213 93 608 135
214 94 608 670
217 96 608 437
217 95 608 1305
218 97 608 519
219 98 608 686
219 99 608 477
219 100 608 64
219 101 608 155
220 102 608 794
224 103 608 1356
232 104 608 1755
234 105 608 904
241 106 608 1734
242 107 608 509
245 108 608 1288
253 109 608 1775
253 110 608 112
260 111 608 1708
265 112 608 1520
272 113 608 1749
274 114 608 942
282 115 608 1756
282 116 608 406
282 117 608 7
285 118 608 1324
285 119 608 203
286 120 608 667
287 121 608 583
287 122 608 312
288 123 608 818
291 124 608 1283
291 125 608 133
292 126 608 749
296 127 608 1365
300 128 608 1458
300 129 608 433
302 130 608 1093
310 131 608 1761
313 132 608 1342
318 133 608 1604
336 134 608 1917
339 135 608 1331
339 136 608 98
340 137 608 601
341 138 608 781
342 139 608 799
348 140 608 1624
350 141 608 1121
353 143 608 362
353 142 608 1259
358 144 608 1506
365 145 608 1749
369 146 608 1354
371 147 608 959
373 148 608 1117
374 149 608 839
376 150 608 899
376 151 608 429
378 153 608 482
378 152 608 1119
385 154 608 1734
389 155 608 1406
397 156 608 1767
411 157 608 1901
411 158 608 72
417 160 608 154
417 161 608 369
417 159 608 1621
419 162 608 976
420 163 608 855
421 164 608 681
421 165 608 275
421 166 608 365
431 167 608 1841
439 168 608 1757
444 169 608 1535
450 170 608 1658
457 171 608 1729
460 172 608 1151
461 173 608 525
462 174 608 504
466 175 608 1471
469 176 608 1248
481 177 608 1875
484 178 608 1237
488 179 608 1459
489 180 608 704
496 182 608 248
496 181 608 1715
497 183 608 618
501 184 608 1459
502 185 608 664
503 186 608 641
504 187 608 860
512 188 608 1794
513 189 608 511
517 191 608 122
517 190 608 1488
518 192 608 529
520 193 608 1084
521 194 608 645
524 195 608 1255
524 196 608 145
524 197 608 404
529 198 608 1605
532 199 608 1230
536 200 608 1384
540 201 608 1438
542 202 608 1127
547 203 608 1507
549 204 608 1105
551 205 608 1095
554 206 608 1203
555 207 608 594
569 209 608 263
569 210 608 157
569 208 608 1903
578 211 608 1817
579 212 608 663
580 213 608 538
582 214 608 917
582 215 608 364
582 216 608 121
582 217 608 357
585 219 608 17
585 218 608 1321
590 220 608 1558
594 221 608 1430
594 222 608 46
597 223 608 1245
597 224 608 46
602 225 608 1535
605 227 608 66
605 226 608 1200
614 228 608 1805
617 229 608 1173
620 230 608 1325
621 231 608 843
621 232 608 269
621 233 608 6
621 234 608 74
624 235 608 1190
625 236 608 587
626 237 608 665
630 239 608 364
630 238 608 1438
634 240 608 1385
634 241 608 47
636 242 608 882
641 243 608 1530
641 244 608 353
646 245 608 1596
650 246 608 1383
667 249 608 281
667 248 608 167
667 247 608 1915
669 250 608 1134
676 251 608 1713
678 252 608 1008
683 253 608 1587
688 254 608 1596
700 255 608 1879
704 256 608 1392
713 257 608 1806
717 258 608 1460
721 259 608 1494
730 260 608 1820
732 261 608 1137
733 262 608 714
734 263 608 729
735 264 608 862
738 265 608 1238
743 266 608 1547
744 268 608 463
744 267 608 657
750 269 608 1651
757 270 608 1701
761 271 608 1380
762 272 608 844
764 273 608 956
765 274 608 557
770 275 608 1511
771 277 608 440
771 276 608 547
773 278 608 892
773 279 608 375
773 280 608 152
776 281 608 1209
785 282 608 1824
790 284 608 39
790 283 608 1524
795 285 608 1537
803 286 608 1760
804 287 608 607
804 288 608 335
804 289 608 120
811 290 608 1723
812 291 608 706
814 292 608 1130
825 294 608 469
825 295 608 247
825 293 608 1868
828 296 608 1258
828 297 608 152
829 298 608 668
831 299 608 1039
831 300 608 48
832 301 608 726
836 303 608 440
836 302 608 1451
837 304 608 505
843 305 608 1679
845 306 608 868
