0 0 806 33
3 1 806 1225
3 2 806 0
9 3 806 1676
11 4 806 901
12 5 806 653
12 6 806 298
16 7 806 1487
28 9 806 173
28 8 806 1876
32 10 806 1417
32 11 806 5
32 12 806 400
32 13 806 480
32 14 806 365
34 15 806 945
34 16 806 158
42 17 806 1755
43 18 806 747
48 19 806 1577
48 20 806 317
52 21 806 1365
52 22 806 334
56 23 806 1478
64 24 806 1755
75 25 806 1863
76 26 806 868
81 27 806 1601
83 29 806 466
83 28 806 994
84 30 806 780
93 31 806 1821
97 32 806 1396
100 33 806 1167
101 34 806 507
104 35 806 1231
105 39 806 323
105 38 806 232
105 37 806 250
105 36 806 810
106 40 806 592
113 41 806 1734
126 42 806 1887
127 43 806 657
127 44 806 123
127 45 806 211
127 46 806 77
132 47 806 1518
133 48 806 516
133 49 806 41
135 50 806 1110
137 51 806 874
142 52 806 1551
142 53 806 50
147 54 806 1554
148 55 806 592
150 57 806 446
150 56 806 890
160 58 806 1845
162 59 806 963
169 60 806 1710
170 61 806 622
170 62 806 493
174 63 806 1410
177 64 806 1318
182 65 806 1520
183 66 806 533
186 67 806 1157
200 68 806 1897
202 69 806 1059
202 70 806 134
212 71 806 1833
217 72 806 1522
217 73 806 423
219 74 806 985
220 75 806 508
224 76 806 1403
229 77 806 1601
233 78 806 1355
238 79 806 1544
246 80 806 1785
249 81 806 1275
251 82 806 1085
253 83 806 953
256 84 806 1281
266 86 806 270
266 85 806 1831
270 87 806 1345
275 88 806 1537
285 89 806 1840
285 90 806 340
285 91 806 364
285 92 806 329
288 93 806 1194
289 94 806 538
302 95 806 1895
305 96 806 1241
305 97 806 476
308 98 806 1264
309 99 806 527
314 100 806 1602
315 101 806 844
320 102 806 1545
324 103 806 1382
334 104 806 1831
337 105 806 1201
340 106 806 1276
342 107 806 1127
344 108 806 990
346 109 806 1046
348 110 806 1114
351 111 806 1214
353 112 806 1015
353 113 806 301
355 115 806 434
355 114 806 1102
359 116 806 1461
363 117 806 1464
363 118 806 129
367 119 806 1411
370 120 806 1250
372 121 806 1113
377 122 806 1545
377 123 806 57
378 124 806 718
385 125 806 1695
390 126 806 1503
390 127 806 328
399 128 806 1810
401 129 806 1015
404 130 806 1191
406 131 806 926
406 132 806 337
407 133 806 828
418 134 806 1866
420 135 806 941
426 136 806 1655
432 137 806 1628
434 138 806 1047
434 139 806 79
435 140 806 555
437 142 806 354
437 143 806 490
437 141 806 1067
438 144 806 725
440 145 806 1051
443 146 806 1274
443 147 806 28
443 148 806 92
443 149 806 104
443 150 806 433
450 151 806 1701
450 152 806 347
458 153 806 1777
461 154 806 1201
461 155 806 489
464 156 806 1224
468 157 806 1487
469 158 806 663
469 159 806 135
475 160 806 1623
477 161 806 947
480 162 806 1242
494 163 806 1900
502 164 806 1780
502 165 806 187
504 166 806 876
504 167 806 186
504 168 806 360
504 169 806 160
505 170 806 704
513 173 806 50
513 172 806 417
513 171 806 1758
514 174 806 856
514 175 806 183
515 176 806 758
517 177 806 1054
520 178 806 1256
525 179 806 1592
525 180 806 421
529 182 806 236
529 181 806 1475
536 183 806 1705
537 184 806 581
541 185 806 1415
542 186 806 578
542 187 806 484
547 188 806 1552
551 189 806 1376
557 190 806 1641
557 191 806 168
559 192 806 965
561 193 806 911
561 194 806 381
566 195 806 1532
573 196 806 1750
573 197 806 379
574 198 806 635
575 199 806 538
575 200 806 174
577 201 806 1087
582 202 806 1592
593 203 806 1856
596 204 806 1325
597 205 806 599
600 206 806 1283
600 207 806 297
602 208 806 921
604 209 806 1017
610 212 806 230
610 211 806 169
610 210 806 1655
612 213 806 995
618 214 806 1639
618 215 806 147
619 216 806 710
623 217 806 1461
626 218 806 1318
626 219 806 365
631 221 806 392
631 220 806 1534
632 222 806 558
634 223 806 908
634 224 806 443
635 225 806 536
636 226 806 793
640 227 806 1431
645 228 806 1594
648 232 806 419
648 231 806 379
648 230 806 358
648 229 806 1248
649 233 806 718
653 234 806 1418
656 235 806 1258
665 236 806 1807
665 237 806 305
665 238 806 380
680 240 806 131
680 241 806 281
680 239 806 1906
684 242 806 1488
685 243 806 534
691 244 806 1645
695 245 806 1472
706 246 806 1862
719 247 806 1895
722 249 806 233
722 248 806 1196
723 251 806 288
723 250 806 822
725 252 806 985
725 253 806 270
727 254 806 928
734 255 806 1707
735 256 806 528
736 257 806 683
740 258 806 1412
741 259 806 789
748 260 806 1731
756 261 806 1777
757 262 806 628
762 263 806 1597
763 264 806 659
766 265 806 1276
772 266 806 1674
776 267 806 1436
781 271 806 405
781 270 806 265
781 269 806 381
781 268 806 1501
783 272 806 1080
786 273 806 1336
786 274 806 233
789 275 806 1252
790 276 806 829
790 277 806 24
793 278 806 1188
795 279 806 896
796 280 806 598
797 281 806 823
797 282 806 234
801 283 806 1360
801 284 806 426
801 285 806 69
804 286 806 1318
804 287 806 149
811 288 806 1714
817 289 806 1636
818 290 806 729
820 291 806 1124
821 292 806 818
826 293 806 1516
826 294 806 175
826 295 806 278
831 296 806 1578
840 297 806 1815
849 298 806 1800
849 299 806 369
856 300 806 1722
856 301 806 425
856 302 806 393
857 303 806 814
870 304 806 1893
870 305 806 417
872 306 806 1132
