2 0 927 885
3 1 927 755
3 2 927 446
4 3 927 834
4 4 927 215
12 5 927 1775
19 6 927 1713
23 7 927 1384
27 8 927 1462
32 9 927 1558
43 10 927 1867
50 11 927 1717
51 12 927 736
51 13 927 226
54 14 927 1313
69 15 927 1904
71 16 927 919
71 17 927 407
73 18 927 1082
74 19 927 825
75 20 927 723
79 21 927 1393
89 22 927 1848
90 23 927 663
97 24 927 1700
98 25 927 792
99 27 927 54
99 26 927 556
103 28 927 1372
106 29 927 1275
106 30 927 457
110 31 927 1441
111 32 927 554
111 33 927 481
116 35 927 238
116 34 927 1532
125 36 927 1797
129 37 927 1400
131 38 927 967
134 39 927 1224
138 40 927 1438
140 41 927 1009
143 42 927 1153
144 43 927 635
149 44 927 1504
151 46 927 382
151 45 927 923
160 47 927 1809
160 48 927 302
160 49 927 89
161 50 927 701
168 51 927 1712
169 52 927 763
169 53 927 27
175 54 927 1672
179 55 927 1417
180 56 927 832
187 57 927 1707
189 58 927 1058
193 59 927 1348
196 60 927 1219
202 61 927 1659
202 62 927 11
202 63 927 187
204 65 927 425
204 64 927 1100
207 66 927 1162
207 67 927 254
208 68 927 618
210 69 927 1074
210 70 927 106
214 71 927 1444
218 72 927 1365
226 73 927 1782
229 74 927 1312
235 76 927 239
235 75 927 1638
238 77 927 1212
240 78 927 1084
241 79 927 777
241 80 927 409
242 81 927 671
248 82 927 1676
251 83 927 1283
252 84 927 574
253 85 927 669
254 86 927 678
255 87 927 527
256 88 927 734
256 89 927 115
259 90 927 1331
259 91 927 90
259 92 927 341
264 94 927 4
264 93 927 1543
271 95 927 1703
273 96 927 997
275 97 927 966
279 98 927 1460
281 99 927 1079
287 100 927 1685
287 101 927 128
290 102 927 1191
293 103 927 1152
308 104 927 1907
311 105 927 1181
311 106 927 347
313 107 927 905
314 108 927 639
314 109 927 33
317 110 927 1178
322 111 927 1544
323 112 927 622
323 113 927 280
325 114 927 939
326 115 927 548
341 116 927 1907
342 117 927 653
347 118 927 1538
347 119 927 430
353 120 927 1671
354 121 927 634
358 122 927 1445
359 123 927 503
365 124 927 1667
365 125 927 16
367 126 927 1102
374 127 927 1746
382 128 927 1777
387 129 927 1533
388 130 927 641
391 131 927 1197
397 133 927 5
397 132 927 1677
399 134 927 1016
399 135 927 280
403 136 927 1405
404 137 927 524
407 138 927 1301
410 139 927 1317
410 140 927 322
417 141 927 1697
426 142 927 1812
427 143 927 701
428 144 927 862
435 145 927 1711
439 146 927 1392
439 147 927 61
440 148 927 604
444 149 927 1381
451 151 927 344
451 150 927 1720
455 152 927 1353
457 153 927 1029
460 154 927 1332
462 155 927 1051
463 156 927 608
464 157 927 687
468 158 927 1409
481 159 927 1890
481 160 927 79
482 161 927 525
484 162 927 1053
486 163 927 1031
489 164 927 1317
504 165 927 1905
512 166 927 1791
513 167 927 617
516 168 927 1188
517 169 927 658
519 170 927 1067
523 171 927 1383
526 174 927 108
526 172 927 1276
526 173 927 220
540 175 927 1899
541 176 927 746
542 177 927 744
547 178 927 1566
559 179 927 1881
560 180 927 549
562 181 927 1040
564 182 927 1142
564 183 927 395
571 184 927 1737
571 185 927 296
579 186 927 1769
580 187 927 648
581 188 927 598
594 189 927 1890
599 190 927 1597
600 191 927 717
602 192 927 1039
605 193 927 1336
608 194 927 1238
615 195 927 1721
616 196 927 644
617 197 927 781
620 198 927 1308
622 199 927 882
632 200 927 1844
633 201 927 775
634 202 927 798
645 203 927 1871
645 204 927 314
645 205 927 337
647 206 927 992
649 207 927 1132
651 208 927 920
655 210 927 304
655 209 927 1357
663 211 927 1788
665 212 927 1046
669 213 927 1453
672 214 927 1340
674 215 927 963
677 216 927 1308
678 217 927 657
681 218 927 1218
683 220 927 135
683 219 927 1020
686 221 927 1143
686 222 927 18
689 223 927 1222
691 224 927 985
691 225 927 350
691 226 927 344
702 227 927 1865
704 228 927 907
704 229 927 312
707 230 927 1255
720 231 927 1889
724 232 927 1360
725 233 927 684
725 234 927 36
732 235 927 1699
732 236 927 242
735 237 927 1196
735 238 927 81
739 239 927 1400
742 240 927 1228
743 241 927 637
749 242 927 1653
752 243 927 1165
757 244 927 1585
764 245 927 1734
769 246 927 1595
774 247 927 1510
794 250 927 412
794 249 927 274
794 248 927 1920
810 251 927 1912
814 252 927 1488
814 253 927 288
815 254 927 746
816 255 927 701
817 256 927 756
822 257 927 1500
824 258 927 885
837 259 927 1888
855 260 927 1918
857 261 927 1052
857 262 927 224
858 263 927 608
858 264 927 102
858 265 927 339
858 266 927 428
858 267 927 362
862 268 927 1417
867 269 927 1566
868 270 927 720
868 271 927 112
869 272 927 575
876 273 927 1743
883 274 927 1717
887 275 927 1422
891 276 927 1414
892 277 927 777
897 278 927 1562
900 279 927 1176
901 280 927 679
902 281 927 758
913 282 927 1869
914 283 927 632
923 284 927 1824
926 285 927 1268
926 286 927 401
928 287 927 1072
939 288 927 1862
942 289 927 1259
944 290 927 942
945 291 927 667
945 292 927 310
945 293 927 117
949 294 927 1407
949 295 927 175
949 296 927 412
951 297 927 1045
953 298 927 1063
956 299 927 1246
959 300 927 1305
962 301 927 1233
962 302 927 93
962 303 927 353
966 304 927 1479
966 305 927 300
969 306 927 1336
