6 0 1220 1607
9 1 1220 1278
9 2 1220 456
13 3 1220 1373
15 4 1220 936
17 5 1220 1007
21 6 1220 1434
22 7 1220 710
23 9 1220 230
23 8 1220 865
27 10 1220 1488
28 11 1220 540
29 12 1220 512
31 13 1220 1096
32 14 1220 538
32 15 1220 221
32 16 1220 401
37 17 1220 1595
38 19 1220 219
38 18 1220 762
40 20 1220 935
41 21 1220 862
61 22 1220 1920
66 23 1220 1552
70 24 1220 1352
73 25 1220 1294
74 30 1220 203
74 29 1220 58
74 28 1220 321
74 27 1220 417
74 26 1220 559
75 31 1220 861
76 32 1220 852
81 33 1220 1507
84 34 1220 1246
85 35 1220 676
85 36 1220 456
92 37 1220 1693
96 38 1220 1430
99 39 1220 1318
102 40 1220 1164
108 41 1220 1653
110 42 1220 975
112 43 1220 947
116 44 1220 1385
119 45 1220 1339
120 47 1220 262
120 46 1220 668
126 48 1220 1610
129 49 1220 1148
131 50 1220 1030
132 51 1220 764
137 52 1220 1517
142 53 1220 1580
149 54 1220 1746
150 55 1220 744
153 56 1220 1283
154 57 1220 828
154 58 1220 21
159 59 1220 1566
159 60 1220 447
161 61 1220 1017
161 62 1220 389
162 63 1220 806
162 64 1220 27
163 65 1220 627
169 66 1220 1612
171 67 1220 930
179 68 1220 1775
187 69 1220 1787
194 70 1220 1690
195 71 1220 633
195 72 1220 165
199 73 1220 1368
201 74 1220 979
204 75 1220 1206
213 76 1220 1811
215 77 1220 973
215 78 1220 166
215 79 1220 12
216 80 1220 626
216 81 1220 297
217 82 1220 731
219 83 1220 1097
221 84 1220 953
225 85 1220 1363
228 86 1220 1268
231 87 1220 1196
237 88 1220 1685
238 89 1220 501
241 90 1220 1318
246 91 1220 1553
252 92 1220 1671
260 93 1220 1788
262 94 1220 871
262 95 1220 147
265 96 1220 1264
265 97 1220 169
267 98 1220 919
268 99 1220 758
274 100 1220 1652
280 102 1220 412
280 101 1220 1662
287 103 1220 1748
291 104 1220 1383
291 105 1220 396
292 106 1220 598
292 107 1220 149
293 108 1220 600
294 109 1220 539
295 110 1220 858
295 111 1220 309
296 113 1220 8
296 112 1220 661
298 114 1220 939
298 115 1220 150
298 116 1220 285
301 117 1220 1216
309 118 1220 1778
310 119 1220 588
313 120 1220 1283
313 121 1220 415
316 122 1220 1169
319 123 1220 1273
319 124 1220 469
319 125 1220 137
321 126 1220 886
321 127 1220 301
321 128 1220 497
322 129 1220 832
333 130 1220 1866
339 132 1220 53
339 131 1220 1642
342 133 1220 1332
342 134 1220 285
344 135 1220 889
353 136 1220 1810
355 137 1220 908
361 138 1220 1639
362 139 1220 556
363 140 1220 765
365 141 1220 1119
366 142 1220 596
369 143 1220 1146
374 144 1220 1568
376 145 1220 1008
378 146 1220 891
384 147 1220 1663
385 148 1220 849
386 149 1220 720
394 152 1220 315
394 153 1220 331
394 150 1220 1786
394 151 1220 47
398 154 1220 1400
401 155 1220 1236
401 156 1220 493
403 157 1220 1063
406 158 1220 1279
409 159 1220 1246
413 161 1220 297
413 160 1220 1434
418 162 1220 1576
425 163 1220 1693
426 164 1220 597
428 165 1220 1140
428 166 1220 256
431 167 1220 1253
437 169 1220 50
437 170 1220 264
437 168 1220 1648
440 171 1220 1302
445 172 1220 1502
448 173 1220 1221
455 174 1220 1748
455 175 1220 164
462 176 1220 1744
462 177 1220 22
468 178 1220 1630
472 179 1220 1385
475 180 1220 1170
478 181 1220 1148
482 182 1220 1377
489 183 1220 1701
491 184 1220 970
500 185 1220 1819
503 186 1220 1326
509 187 1220 1646
520 188 1220 1857
522 190 1220 395
522 189 1220 973
523 191 1220 746
528 192 1220 1553
528 193 1220 393
530 194 1220 1047
530 195 1220 467
534 196 1220 1467
535 197 1220 827
536 199 1220 427
536 198 1220 548
537 200 1220 751
542 201 1220 1563
542 202 1220 14
543 203 1220 799
543 204 1220 456
543 205 1220 483
543 206 1220 470
545 207 1220 1018
546 208 1220 508
549 209 1220 1236
553 210 1220 1417
553 211 1220 470
557 212 1220 1357
566 213 1220 1818
566 214 1220 75
566 215 1220 286
567 216 1220 844
576 217 1220 1800
577 218 1220 723
578 219 1220 703
585 220 1220 1738
586 221 1220 535
589 222 1220 1320
590 223 1220 675
595 224 1220 1579
599 225 1220 1443
605 226 1220 1674
607 227 1220 1109
607 228 1220 174
610 229 1220 1280
611 230 1220 621
613 231 1220 917
617 232 1220 1399
620 233 1220 1203
621 234 1220 634
626 235 1220 1532
628 236 1220 1133
629 237 1220 578
632 239 1220 486
632 238 1220 1245
636 240 1220 1348
636 241 1220 308
638 242 1220 1138
639 243 1220 621
643 244 1220 1480
653 245 1220 1850
656 246 1220 1313
662 247 1220 1659
662 248 1220 317
663 249 1220 760
668 250 1220 1548
673 251 1220 1592
673 252 1220 103
681 253 1220 1769
682 254 1220 613
682 255 1220 216
682 256 1220 242
685 257 1220 1264
688 258 1220 1144
690 259 1220 938
691 260 1220 734
694 261 1220 1285
695 262 1220 844
698 263 1220 1153
699 264 1220 614
700 265 1220 499
702 266 1220 996
702 267 1220 154
705 269 1220 468
705 268 1220 1184
707 270 1220 1078
707 271 1220 266
708 272 1220 554
708 273 1220 236
711 274 1220 1279
715 275 1220 1430
718 276 1220 1321
719 277 1220 699
721 278 1220 1119
727 281 1220 14
727 279 1220 1654
727 280 1220 129
728 282 1220 792
731 283 1220 1338
737 284 1220 1657
739 285 1220 953
740 286 1220 813
745 287 1220 1554
746 289 1220 417
746 288 1220 589
749 290 1220 1289
757 291 1220 1793
761 292 1220 1358
761 293 1220 307
767 294 1220 1677
767 295 1220 63
771 296 1220 1388
787 298 1220 6
787 297 1220 1909
789 299 1220 981
790 300 1220 853
793 301 1220 1159
793 302 1220 475
801 303 1220 1774
807 304 1220 1607
810 305 1220 1281
812 306 1220 1038
