11 0 545 1863
13 1 545 1012
13 2 545 40
22 3 545 1824
32 4 545 1834
33 5 545 543
34 6 545 781
35 7 545 780
36 9 545 353
36 8 545 501
37 10 545 616
46 11 545 1799
46 12 545 328
47 13 545 612
51 14 545 1355
57 15 545 1661
60 16 545 1150
63 17 545 1178
64 18 545 860
65 19 545 787
69 20 545 1418
70 21 545 695
70 22 545 262
76 23 545 1646
77 24 545 845
81 25 545 1402
84 26 545 1294
88 27 545 1412
89 28 545 513
91 29 545 927
92 30 545 537
93 31 545 561
96 32 545 1215
99 33 545 1337
100 34 545 840
101 35 545 616
106 37 545 304
106 36 545 1580
114 38 545 1782
118 39 545 1443
127 40 545 1818
132 41 545 1581
133 42 545 625
133 43 545 119
135 44 545 1034
137 45 545 1117
142 46 545 1590
146 47 545 1387
156 48 545 1840
166 49 545 1836
170 50 545 1432
171 51 545 660
173 52 545 1012
173 53 545 206
176 54 545 1327
179 55 545 1168
180 57 545 319
180 56 545 750
182 58 545 979
182 59 545 431
185 60 545 1174
188 61 545 1293
188 62 545 266
193 63 545 1499
200 64 545 1741
200 65 545 54
201 66 545 583
203 67 545 915
210 68 545 1696
211 69 545 738
211 70 545 80
212 71 545 845
215 72 545 1320
218 73 545 1342
220 74 545 894
228 77 545 142
228 76 545 69
228 75 545 1761
229 78 545 611
235 79 545 1653
242 80 545 1737
252 81 545 1831
257 82 545 1497
258 83 545 602
262 84 545 1419
271 85 545 1801
275 86 545 1474
277 87 545 1009
277 88 545 10
282 89 545 1597
290 90 545 1791
293 91 545 1261
296 92 545 1250
300 93 545 1350
300 94 545 269
301 95 545 524
304 96 545 1315
306 97 545 1051
306 98 545 303
308 99 545 979
309 100 545 533
310 101 545 675
316 102 545 1615
318 103 545 1101
326 104 545 1756
327 105 545 586
330 106 545 1265
335 107 545 1594
338 108 545 1236
342 109 545 1491
344 110 545 1099
345 111 545 607
351 112 545 1633
354 113 545 1251
355 114 545 619
358 115 545 1267
365 116 545 1721
370 117 545 1589
370 118 545 79
381 119 545 1865
382 120 545 505
387 121 545 1499
389 123 545 99
389 122 545 904
391 124 545 872
392 125 545 744
397 126 545 1520
410 127 545 1895
412 128 545 1073
412 129 545 370
412 130 545 445
414 131 545 943
422 132 545 1763
427 133 545 1556
429 134 545 1119
431 135 545 1062
431 136 545 216
431 137 545 396
432 138 545 770
433 139 545 832
434 140 545 536
443 141 545 1804
450 144 545 497
450 143 545 444
450 142 545 1698
453 145 545 1183
458 146 545 1553
485 147 545 1924
486 148 545 730
488 149 545 926
489 150 545 727
495 151 545 1651
497 154 545 474
497 153 545 363
497 152 545 972
499 155 545 959
506 156 545 1695
511 157 545 1515
511 158 545 229
513 159 545 1012
515 160 545 991
518 161 545 1294
519 162 545 520
520 163 545 865
522 164 545 1045
522 165 545 156
523 166 545 769
523 167 545 76
523 168 545 131
527 169 545 1482
529 170 545 1050
532 171 545 1324
533 172 545 818
536 173 545 1171
539 174 545 1329
540 175 545 625
547 176 545 1726
547 177 545 460
552 178 545 1527
558 179 545 1613
560 180 545 1115
565 181 545 1520
568 183 545 147
568 182 545 1164
573 184 545 1567
574 185 545 719
588 186 545 1896
592 187 545 1400
594 188 545 1082
594 189 545 159
597 190 545 1291
598 192 545 167
598 191 545 625
604 193 545 1683
612 194 545 1766
615 195 545 1166
618 196 545 1284
619 197 545 832
622 198 545 1324
622 199 545 341
622 200 545 414
626 201 545 1476
634 202 545 1792
637 203 545 1173
646 204 545 1800
649 205 545 1327
650 206 545 832
657 207 545 1725
659 208 545 959
667 209 545 1774
670 210 545 1158
673 211 545 1235
690 212 545 1913
691 213 545 540
700 214 545 1821
704 215 545 1395
704 216 545 129
704 217 545 373
707 219 545 325
707 220 545 184
707 218 545 1223
710 221 545 1293
712 222 545 918
726 223 545 1896
726 224 545 190
726 225 545 425
729 226 545 1157
731 227 545 1060
734 228 545 1329
734 229 545 162
737 230 545 1265
739 231 545 893
741 232 545 1061
744 233 545 1185
747 234 545 1199
752 235 545 1563
758 236 545 1653
776 238 545 271
776 239 545 239
776 237 545 1916
785 240 545 1811
785 241 545 170
785 242 545 440
788 243 545 1233
790 244 545 926
790 245 545 56
791 246 545 637
796 247 545 1551
804 249 545 370
804 248 545 1786
806 250 545 1036
808 251 545 910
813 252 545 1534
815 253 545 998
815 254 545 156
817 255 545 1045
818 256 545 558
827 257 545 1820
829 258 545 982
833 259 545 1375
833 260 545 170
840 261 545 1697
840 262 545 395
841 263 545 796
842 264 545 508
842 265 545 264
842 266 545 174
843 267 545 728
846 269 545 257
846 268 545 1266
852 270 545 1667
852 271 545 138
852 272 545 101
854 273 545 983
854 274 545 439
854 275 545 14
855 276 545 852
861 277 545 1610
863 279 545 134
863 278 545 970
870 280 545 1712
875 281 545 1530
878 282 545 1198
880 283 545 959
882 284 545 1050
882 285 545 354
885 287 545 63
885 286 545 1284
887 289 545 153
887 288 545 1028
889 290 545 1005
897 291 545 1757
899 292 545 934
900 293 545 820
900 294 545 69
900 295 545 114
907 296 545 1699
912 297 545 1569
913 298 545 724
914 299 545 662
923 300 545 1807
933 301 545 1834
933 302 545 285
938 303 545 1529
939 304 545 627
941 305 545 898
942 306 545 808
