0 0 293 165
2 1 293 900
4 2 293 911
4 3 293 440
9 4 293 1544
11 5 293 885
11 6 293 273
25 8 293 175
25 7 293 1900
28 9 293 1338
44 10 293 1911
46 11 293 1103
47 12 293 648
48 13 293 506
49 14 293 631
49 15 293 31
52 16 293 1261
54 17 293 1102
57 18 293 1258
58 19 293 736
64 20 293 1654
69 21 293 1516
74 22 293 1605
78 23 293 1358
86 24 293 1767
86 25 293 324
90 26 293 1443
90 27 293 46
93 28 293 1339
94 29 293 710
95 30 293 830
97 31 293 968
97 32 293 83
99 33 293 1127
100 34 293 824
105 35 293 1597
106 36 293 675
107 37 293 647
111 38 293 1408
114 39 293 1269
116 40 293 1048
123 41 293 1721
125 42 293 1111
130 43 293 1498
133 44 293 1164
133 45 293 157
134 46 293 692
136 47 293 1020
139 48 293 1343
142 49 293 1285
150 50 293 1773
156 51 293 1643
159 52 293 1147
161 53 293 1095
161 54 293 184
162 55 293 574
165 56 293 1219
169 57 293 1477
170 58 293 597
173 59 293 1219
177 60 293 1366
177 61 293 227
178 62 293 561
182 63 293 1390
183 64 293 507
185 65 293 942
187 66 293 1020
191 67 293 1446
197 68 293 1607
199 69 293 958
202 70 293 1280
203 71 293 614
209 72 293 1618
226 73 293 1914
232 74 293 1613
243 78 293 194
243 77 293 107
243 76 293 404
243 75 293 1858
249 79 293 1610
254 80 293 1556
254 81 293 423
255 82 293 627
255 83 293 54
256 84 293 862
258 85 293 1112
265 86 293 1746
267 87 293 912
269 88 293 942
269 89 293 249
269 90 293 377
271 91 293 1123
271 92 293 49
271 93 293 189
280 94 293 1827
281 95 293 820
284 96 293 1160
290 97 293 1646
292 98 293 990
292 99 293 221
294 100 293 1061
297 101 293 1171
300 102 293 1337
300 103 293 384
300 104 293 4
303 106 293 24
303 105 293 1159
306 107 293 1157
310 108 293 1406
310 109 293 251
310 110 293 170
312 111 293 1111
315 112 293 1282
317 113 293 911
322 114 293 1587
324 115 293 943
329 116 293 1524
330 117 293 507
331 118 293 527
334 119 293 1320
336 120 293 1121
336 121 293 107
337 122 293 503
341 123 293 1357
342 125 293 156
342 124 293 580
343 126 293 564
347 127 293 1429
347 128 293 86
348 129 293 793
349 130 293 698
350 131 293 683
352 132 293 1042
366 133 293 1898
367 135 293 385
367 134 293 548
369 136 293 1010
369 137 293 243
369 138 293 49
375 139 293 1627
377 140 293 1087
378 141 293 588
382 142 293 1430
383 144 293 79
383 143 293 690
386 145 293 1190
394 146 293 1766
396 147 293 1062
397 148 293 526
399 149 293 884
402 150 293 1220
403 151 293 652
405 152 293 1118
410 153 293 1594
412 154 293 1024
414 155 293 954
415 156 293 667
430 157 293 1905
437 158 293 1728
445 159 293 1772
446 160 293 594
447 161 293 519
449 162 293 1071
450 163 293 613
454 164 293 1477
458 165 293 1412
458 166 293 69
461 167 293 1308
461 168 293 363
464 169 293 1202
475 170 293 1857
478 172 293 457
478 171 293 1281
479 173 293 824
479 174 293 232
480 175 293 533
481 176 293 601
488 177 293 1737
491 178 293 1277
494 180 293 315
494 179 293 1315
498 181 293 1427
500 182 293 902
502 183 293 1127
507 184 293 1497
507 185 293 45
511 186 293 1489
515 187 293 1372
517 188 293 874
522 189 293 1519
528 190 293 1642
530 193 293 202
530 191 293 1030
530 192 293 439
532 194 293 1033
533 195 293 567
537 196 293 1442
538 197 293 817
540 198 293 1138
541 199 293 592
543 201 293 457
543 200 293 1121
544 202 293 699
547 203 293 1249
549 204 293 952
560 205 293 1864
560 206 293 195
560 207 293 293
564 209 293 491
564 208 293 1361
564 210 293 352
565 211 293 854
566 212 293 627
566 213 293 413
570 214 293 1456
572 215 293 1092
577 216 293 1542
588 217 293 1868
590 218 293 1040
594 219 293 1431
604 220 293 1847
605 221 293 621
605 222 293 434
606 223 293 768
610 224 293 1485
611 225 293 826
612 226 293 841
612 227 293 255
619 228 293 1716
624 229 293 1590
626 230 293 1015
633 231 293 1709
634 232 293 599
635 233 293 684
635 234 293 193
643 235 293 1783
644 236 293 727
649 237 293 1578
649 238 293 175
654 239 293 1558
662 240 293 1775
665 241 293 1195
665 242 293 10
665 243 293 382
668 244 293 1167
669 245 293 787
669 246 293 402
669 247 293 26
670 248 293 670
681 249 293 1865
683 250 293 950
688 251 293 1498
695 252 293 1702
701 253 293 1631
702 254 293 670
703 255 293 499
703 256 293 22
714 257 293 1856
720 258 293 1688
720 259 293 125
722 260 293 1022
733 261 293 1865
734 262 293 501
741 263 293 1696
745 264 293 1400
746 265 293 568
746 266 293 255
757 268 293 219
757 267 293 1867
762 269 293 1598
762 270 293 365
775 271 293 1888
782 272 293 1693
786 273 293 1406
791 274 293 1581
792 275 293 651
793 277 293 51
793 276 293 611
798 278 293 1525
799 279 293 697
799 280 293 424
800 281 293 814
805 282 293 1510
813 283 293 1776
814 284 293 639
818 285 293 1442
818 286 293 7
820 288 293 14
820 287 293 893
826 289 293 1619
834 290 293 1760
835 291 293 796
844 292 293 1814
844 293 293 49
845 294 293 536
855 295 293 1835
856 296 293 693
856 297 293 239
858 298 293 907
859 299 293 599
860 300 293 532
860 301 293 459
867 302 293 1731
869 303 293 996
874 304 293 1500
876 305 293 987
883 306 293 1729
