1 0 915 509
2 1 915 571
4 2 915 1084
9 3 915 1571
9 4 915 223
14 5 915 1600
14 6 915 0
14 7 915 321
22 8 915 1779
23 9 915 727
23 10 915 252
26 11 915 1328
26 12 915 137
41 13 915 1904
54 14 915 1892
57 15 915 1211
58 16 915 859
73 17 915 1908
77 18 915 1391
78 19 915 819
78 20 915 494
78 21 915 227
82 22 915 1388
84 23 915 991
90 24 915 1627
92 25 915 910
95 26 915 1224
100 28 915 289
100 27 915 1578
103 29 915 1340
108 30 915 1526
110 31 915 1123
115 32 915 1583
117 33 915 910
128 34 915 1870
133 36 915 490
133 35 915 1502
136 39 915 65
136 37 915 1156
136 38 915 372
145 40 915 1826
153 41 915 1755
159 42 915 1660
164 43 915 1582
165 44 915 841
165 45 915 346
168 46 915 1255
170 48 915 247
170 47 915 874
179 49 915 1826
183 50 915 1468
191 51 915 1767
197 52 915 1669
200 53 915 1344
203 54 915 1273
203 55 915 282
205 57 915 92
205 56 915 1108
216 58 915 1869
219 59 915 1237
219 60 915 376
219 61 915 347
219 62 915 31
219 63 915 439
221 64 915 1126
223 65 915 1054
229 66 915 1669
232 67 915 1152
232 68 915 34
232 69 915 389
233 70 915 720
239 71 915 1627
244 72 915 1536
247 73 915 1325
249 74 915 918
250 76 915 491
250 75 915 663
257 77 915 1730
257 78 915 150
260 79 915 1281
265 80 915 1580
265 81 915 349
268 82 915 1331
268 83 915 387
277 84 915 1797
283 85 915 1684
287 86 915 1378
287 87 915 238
292 88 915 1561
297 89 915 1588
297 90 915 394
297 91 915 398
300 92 915 1212
302 93 915 1059
308 94 915 1614
312 95 915 1479
319 96 915 1723
322 97 915 1221
322 98 915 456
329 99 915 1711
330 100 915 601
330 101 915 103
331 102 915 840
339 103 915 1782
341 104 915 1106
349 108 915 426
349 107 915 343
349 105 915 1765
349 106 915 230
350 109 915 609
357 110 915 1715
360 111 915 1302
371 112 915 1867
372 113 915 587
377 115 915 26
377 114 915 1582
379 116 915 940
384 117 915 1568
385 118 915 567
389 119 915 1366
394 120 915 1600
398 121 915 1431
403 122 915 1515
403 123 915 371
422 124 915 1920
422 125 915 322
422 126 915 415
422 127 915 476
428 128 915 1636
432 129 915 1363
433 130 915 865
436 131 915 1195
439 133 915 363
439 132 915 1273
440 134 915 680
444 135 915 1476
448 136 915 1434
452 137 915 1474
455 138 915 1206
455 139 915 32
459 140 915 1453
461 141 915 1035
468 142 915 1736
470 143 915 952
479 144 915 1797
481 145 915 1017
481 146 915 456
482 147 915 624
486 148 915 1401
491 149 915 1588
492 150 915 538
492 151 915 154
493 152 915 654
495 154 915 110
495 153 915 1014
497 155 915 1094
498 156 915 513
498 157 915 469
506 158 915 1787
507 159 915 784
511 160 915 1349
517 161 915 1679
518 162 915 632
520 163 915 987
526 164 915 1669
527 165 915 520
527 166 915 28
532 167 915 1503
542 168 915 1832
542 169 915 106
543 170 915 516
547 172 915 362
547 171 915 1391
548 173 915 535
558 174 915 1837
559 175 915 565
565 176 915 1619
566 177 915 562
566 178 915 498
568 179 915 903
576 180 915 1791
583 181 915 1716
585 182 915 999
585 183 915 47
586 184 915 825
587 185 915 710
588 186 915 540
588 187 915 258
588 188 915 252
593 189 915 1510
595 190 915 963
597 191 915 965
603 192 915 1611
603 193 915 422
604 194 915 607
611 195 915 1699
611 196 915 403
612 197 915 749
615 198 915 1208
618 199 915 1277
620 200 915 988
622 201 915 877
623 202 915 716
626 203 915 1295
628 204 915 1071
630 205 915 1072
637 206 915 1717
637 207 915 119
639 208 915 1102
643 209 915 1470
647 210 915 1399
659 211 915 1875
672 212 915 1895
674 213 915 884
676 214 915 918
681 215 915 1558
682 216 915 679
683 217 915 584
683 218 915 162
685 219 915 958
700 220 915 1904
707 221 915 1694
710 222 915 1251
710 223 915 321
712 224 915 1067
716 225 915 1476
723 226 915 1704
734 227 915 1865
744 229 915 138
744 230 915 162
744 228 915 1852
746 231 915 870
749 232 915 1279
752 233 915 1145
762 234 915 1839
764 235 915 913
766 236 915 999
772 237 915 1629
774 238 915 901
780 239 915 1677
782 240 915 918
782 241 915 421
784 242 915 1081
785 243 915 707
785 244 915 110
787 245 915 1013
789 246 915 995
790 247 915 727
794 248 915 1429
796 249 915 974
798 250 915 1019
805 251 915 1743
806 252 915 586
806 253 915 249
809 254 915 1298
812 255 915 1218
817 256 915 1550
817 257 915 394
817 258 915 228
822 259 915 1520
825 260 915 1293
833 261 915 1776
833 262 915 191
835 263 915 963
838 264 915 1307
839 265 915 529
840 266 915 595
841 267 915 749
843 269 915 4
843 268 915 969
844 270 915 558
846 271 915 974
852 272 915 1607
852 273 915 409
852 274 915 39
856 275 915 1482
857 276 915 612
858 277 915 544
858 278 915 210
858 279 915 53
858 280 915 480
860 281 915 976
860 282 915 436
862 283 915 877
864 285 915 343
864 286 915 283
864 284 915 1043
866 287 915 1029
874 288 915 1772
875 289 915 620
878 290 915 1287
879 291 915 604
883 292 915 1401
886 294 915 384
886 293 915 1305
888 295 915 1066
888 296 915 229
888 297 915 118
891 298 915 1324
896 299 915 1506
896 300 915 417
896 301 915 245
902 302 915 1683
906 304 915 416
906 305 915 45
906 303 915 1424
906 306 915 136
