13 0 1117 1888
16 1 1117 1250
24 2 1117 1784
25 3 1117 783
36 4 1117 1862
38 5 1117 1071
45 6 1117 1705
47 7 1117 1065
49 8 1117 1098
52 9 1117 1239
52 10 1117 376
53 11 1117 798
55 12 1117 1039
59 13 1117 1474
61 14 1117 949
67 15 1117 1630
71 16 1117 1453
75 17 1117 1442
76 18 1117 566
80 19 1117 1360
80 20 1117 340
84 21 1117 1357
84 22 1117 383
88 23 1117 1392
89 24 1117 515
90 26 1117 316
90 25 1117 716
91 27 1117 628
93 28 1117 923
93 29 1117 454
94 30 1117 815
104 31 1117 1844
109 32 1117 1568
112 33 1117 1248
115 34 1117 1241
116 35 1117 723
117 37 1117 65
117 36 1117 608
123 38 1117 1649
129 39 1117 1671
129 40 1117 77
130 41 1117 755
132 42 1117 1131
136 43 1117 1387
138 44 1117 1035
140 45 1117 897
143 46 1117 1308
145 47 1117 1066
147 48 1117 1064
150 49 1117 1206
151 50 1117 585
151 51 1117 496
151 52 1117 72
151 53 1117 418
169 54 1117 1917
170 55 1117 531
171 56 1117 866
171 57 1117 391
171 58 1117 268
174 59 1117 1145
175 60 1117 755
177 61 1117 1076
177 62 1117 142
178 65 1117 456
178 64 1117 424
178 63 1117 643
181 66 1117 1154
188 67 1117 1715
188 68 1117 232
188 69 1117 226
190 70 1117 1022
194 71 1117 1387
201 72 1117 1717
202 73 1117 819
205 74 1117 1283
210 76 1117 225
210 75 1117 1509
212 77 1117 921
212 78 1117 357
217 79 1117 1542
220 80 1117 1332
223 81 1117 1175
227 82 1117 1489
233 83 1117 1642
241 85 1117 318
241 84 1117 1794
249 86 1117 1772
252 87 1117 1150
255 88 1117 1256
256 89 1117 710
264 90 1117 1781
264 91 1117 216
271 92 1117 1722
272 93 1117 504
274 94 1117 916
276 95 1117 925
277 96 1117 612
277 97 1117 488
279 98 1117 962
280 99 1117 578
286 100 1117 1667
291 101 1117 1518
292 102 1117 833
293 103 1117 838
293 104 1117 184
295 105 1117 1123
296 106 1117 704
299 107 1117 1178
301 108 1117 1060
301 109 1117 407
301 110 1117 305
312 112 1117 34
312 111 1117 1870
313 113 1117 650
320 114 1117 1738
325 115 1117 1504
330 116 1117 1512
330 117 1117 425
331 118 1117 774
331 119 1117 106
332 120 1117 609
332 121 1117 4
332 122 1117 458
336 124 1117 370
336 123 1117 1447
337 125 1117 805
342 126 1117 1590
345 127 1117 1213
354 128 1117 1827
354 129 1117 357
356 130 1117 896
362 131 1117 1662
374 132 1117 1883
381 133 1117 1703
390 134 1117 1799
397 135 1117 1739
397 136 1117 342
398 137 1117 650
402 138 1117 1457
403 139 1117 670
408 140 1117 1539
409 142 1117 90
409 141 1117 593
410 143 1117 849
410 144 1117 404
420 145 1117 1835
420 146 1117 181
422 147 1117 1071
423 148 1117 690
426 149 1117 1336
429 151 1117 187
429 150 1117 1338
435 152 1117 1638
436 153 1117 856
449 154 1117 1894
455 155 1117 1663
457 156 1117 1059
460 157 1117 1310
460 158 1117 467
463 159 1117 1303
467 160 1117 1458
471 161 1117 1415
474 162 1117 1275
475 163 1117 702
479 164 1117 1436
480 165 1117 568
496 166 1117 1912
496 167 1117 256
497 168 1117 775
522 169 1117 1924
525 170 1117 1162
526 171 1117 861
528 175 1117 15
528 174 1117 491
528 172 1117 892
528 173 1117 103
538 176 1117 1838
543 177 1117 1534
545 178 1117 1043
545 179 1117 459
546 180 1117 623
547 181 1117 518
548 183 1117 490
548 182 1117 522
550 184 1117 943
551 185 1117 709
551 186 1117 23
553 187 1117 1027
560 188 1117 1733
560 189 1117 136
561 190 1117 679
563 193 1117 154
563 191 1117 956
563 192 1117 183
565 194 1117 1137
565 195 1117 123
568 196 1117 1243
571 197 1117 1312
574 198 1117 1338
582 199 1117 1760
592 200 1117 1848
602 202 1117 296
602 201 1117 1850
603 203 1117 691
603 204 1117 174
603 205 1117 476
606 206 1117 1219
611 207 1117 1535
611 208 1117 364
623 209 1117 1879
630 210 1117 1749
634 213 1117 8
634 211 1117 1449
634 212 1117 266
635 214 1117 679
637 215 1117 939
639 216 1117 893
640 217 1117 784
646 218 1117 1683
647 219 1117 726
648 220 1117 545
650 221 1117 885
650 222 1117 447
651 223 1117 639
654 224 1117 1244
654 225 1117 206
655 226 1117 678
656 227 1117 738
658 228 1117 890
658 229 1117 367
659 230 1117 696
660 231 1117 526
660 232 1117 196
663 233 1117 1208
664 234 1117 536
665 235 1117 698
665 236 1117 221
673 238 1117 316
673 239 1117 467
673 237 1117 1755
677 240 1117 1414
677 241 1117 412
678 242 1117 662
686 243 1117 1778
686 244 1117 311
689 245 1117 1154
690 246 1117 689
690 247 1117 174
694 249 1117 197
694 248 1117 1399
697 250 1117 1155
697 251 1117 458
702 252 1117 1553
703 253 1117 611
706 254 1117 1214
708 255 1117 963
712 256 1117 1402
717 257 1117 1582
721 258 1117 1372
734 259 1117 1892
741 260 1117 1722
741 261 1117 481
742 262 1117 644
763 263 1117 1921
766 264 1117 1182
769 265 1117 1223
772 266 1117 1253
774 267 1117 983
778 268 1117 1396
793 269 1117 1906
794 270 1117 718
796 271 1117 1062
796 272 1117 468
799 273 1117 1216
802 274 1117 1237
802 275 1117 132
802 276 1117 222
803 279 1117 90
803 277 1117 594
803 278 1117 327
807 280 1117 1441
808 281 1117 503
811 282 1117 1263
812 283 1117 692
814 285 1117 238
814 284 1117 1137
816 286 1117 897
821 287 1117 1510
839 288 1117 1918
844 289 1117 1498
847 290 1117 1220
848 291 1117 564
848 292 1117 383
848 293 1117 348
849 294 1117 669
851 295 1117 933
858 296 1117 1693
859 297 1117 665
860 298 1117 596
862 299 1117 1013
871 300 1117 1826
877 301 1117 1630
878 302 1117 703
882 303 1117 1417
886 304 1117 1404
886 305 1117 93
903 306 1117 1915
