2 0 1065 967
5 1 1065 1148
6 2 1065 729
8 3 1065 1048
9 4 1065 682
10 5 1065 562
10 6 1065 436
10 7 1065 265
13 8 1065 1295
18 9 1065 1572
18 10 1065 203
18 11 1065 242
19 12 1065 749
22 13 1065 1324
32 14 1065 1829
33 15 1065 613
34 16 1065 513
35 17 1065 752
36 18 1065 760
38 19 1065 876
42 20 1065 1376
42 21 1065 312
44 22 1065 879
44 23 1065 480
46 24 1065 985
65 25 1065 1919
67 26 1065 1080
71 27 1065 1465
72 28 1065 615
83 29 1065 1861
87 30 1065 1407
91 31 1065 1481
92 32 1065 591
97 33 1065 1550
99 34 1065 982
101 35 1065 935
102 36 1065 815
112 37 1065 1837
114 38 1065 1074
115 39 1065 700
115 40 1065 294
126 41 1065 1859
127 42 1065 528
127 43 1065 431
128 44 1065 583
130 45 1065 1017
134 46 1065 1368
139 47 1065 1508
140 48 1065 827
142 49 1065 1130
145 50 1065 1333
145 51 1065 457
145 52 1065 333
145 53 1065 113
153 54 1065 1790
154 58 1065 62
154 57 1065 248
154 55 1065 654
154 56 1065 268
155 59 1065 687
159 60 1065 1406
161 61 1065 895
166 62 1065 1574
170 63 1065 1359
170 64 1065 165
171 65 1065 647
176 66 1065 1575
178 67 1065 1123
178 68 1065 341
180 69 1065 893
187 70 1065 1722
188 71 1065 600
193 72 1065 1602
193 73 1065 60
194 74 1065 582
198 75 1065 1442
205 77 1065 448
205 76 1065 1708
214 78 1065 1822
227 79 1065 1893
228 80 1065 550
233 81 1065 1497
234 82 1065 638
238 83 1065 1410
239 84 1065 528
241 85 1065 950
244 87 1065 478
244 86 1065 1147
250 88 1065 1685
250 89 1065 327
251 90 1065 667
252 91 1065 566
260 92 1065 1774
260 93 1065 386
263 94 1065 1218
266 96 1065 284
266 95 1065 1323
268 97 1065 1094
268 98 1065 266
279 99 1065 1860
283 100 1065 1366
283 101 1065 245
286 102 1065 1166
297 103 1065 1859
300 104 1065 1332
301 105 1065 732
302 106 1065 779
302 107 1065 273
306 108 1065 1456
306 109 1065 347
308 110 1065 871
315 113 1065 94
315 114 1065 137
315 111 1065 1745
315 112 1065 351
325 117 1065 164
325 115 1065 1834
325 116 1065 257
326 118 1065 830
328 119 1065 1140
332 120 1065 1425
334 121 1065 1097
338 122 1065 1363
338 123 1065 13
338 124 1065 226
341 125 1065 1156
342 126 1065 751
345 127 1065 1215
346 128 1065 767
349 129 1065 1183
352 130 1065 1158
353 131 1065 614
353 132 1065 182
366 133 1065 1886
367 136 1065 330
367 135 1065 305
367 134 1065 526
368 137 1065 703
368 138 1065 77
375 139 1065 1721
375 140 1065 170
377 141 1065 873
379 142 1065 946
382 143 1065 1337
386 144 1065 1381
387 145 1065 846
387 146 1065 214
393 147 1065 1680
393 148 1065 249
396 149 1065 1308
398 151 1065 119
398 152 1065 263
398 150 1065 1066
400 155 1065 269
400 153 1065 1050
400 154 1065 434
401 156 1065 806
404 157 1065 1152
410 158 1065 1633
410 159 1065 176
425 160 1065 1905
429 161 1065 1488
433 163 1065 273
433 162 1065 1431
435 164 1065 1114
435 165 1065 256
440 166 1065 1562
440 167 1065 390
444 168 1065 1492
452 169 1065 1757
457 170 1065 1504
461 171 1065 1479
461 172 1065 86
463 173 1065 1034
465 174 1065 969
466 175 1065 552
466 176 1065 150
466 177 1065 26
467 178 1065 557
470 179 1065 1304
472 180 1065 941
474 181 1065 996
476 182 1065 966
480 183 1065 1383
480 184 1065 117
482 185 1065 1038
482 186 1065 351
484 187 1065 1056
488 188 1065 1451
488 189 1065 256
492 190 1065 1423
494 191 1065 1103
496 192 1065 995
505 193 1065 1826
512 194 1065 1740
513 195 1065 606
517 196 1065 1367
518 197 1065 673
518 198 1065 222
520 199 1065 1125
523 200 1065 1209
530 203 1065 417
530 201 1065 1749
530 202 1065 187
537 204 1065 1729
542 205 1065 1511
542 206 1065 32
545 207 1065 1153
545 208 1065 81
554 209 1065 1807
554 210 1065 119
555 211 1065 780
556 212 1065 595
556 213 1065 328
559 214 1065 1159
561 215 1065 909
562 216 1065 522
562 217 1065 47
562 218 1065 155
562 219 1065 75
572 220 1065 1829
573 221 1065 506
574 222 1065 863
577 223 1065 1236
577 224 1065 334
577 225 1065 401
577 226 1065 483
577 227 1065 185
580 228 1065 1218
580 229 1065 363
582 230 1065 1109
586 231 1065 1401
593 232 1065 1728
597 233 1065 1356
597 234 1065 95
599 235 1065 1116
600 236 1065 808
601 237 1065 548
606 238 1065 1579
607 239 1065 530
609 240 1065 1006
611 241 1065 1122
613 242 1065 975
618 243 1065 1568
618 244 1065 137
619 245 1065 642
620 246 1065 507
621 247 1065 666
622 248 1065 667
623 250 1065 83
623 249 1065 831
626 251 1065 1320
627 252 1065 517
627 253 1065 147
630 254 1065 1220
631 255 1065 702
633 256 1065 886
635 257 1065 876
635 258 1065 83
638 259 1065 1328
640 260 1065 1027
648 261 1065 1772
659 262 1065 1859
665 263 1065 1642
666 264 1065 698
667 265 1065 642
669 266 1065 977
672 270 1065 100
672 269 1065 42
672 267 1065 1163
672 268 1065 233
686 271 1065 1898
686 272 1065 392
691 273 1065 1550
693 274 1065 994
694 275 1065 706
698 276 1065 1456
701 277 1065 1219
703 278 1065 1098
709 279 1065 1616
718 280 1065 1818
725 281 1065 1742
729 282 1065 1443
729 283 1065 387
729 284 1065 279
736 285 1065 1713
738 286 1065 884
743 287 1065 1581
743 288 1065 135
746 289 1065 1317
746 290 1065 230
757 291 1065 1857
757 292 1065 465
757 293 1065 251
761 294 1065 1427
764 295 1065 1158
767 296 1065 1187
770 297 1065 1257
772 298 1065 870
776 299 1065 1420
781 300 1065 1590
784 302 1065 432
784 301 1065 1268
785 303 1065 624
786 305 1065 109
786 304 1065 730
788 306 1065 927
