7 0 571 1696
7 1 571 22
7 2 571 110
8 3 571 759
9 4 571 763
10 5 571 650
13 7 571 22
13 8 571 105
13 6 571 1219
14 9 571 798
18 10 571 1413
18 11 571 230
20 12 571 923
20 13 571 181
25 16 571 154
25 14 571 1544
25 15 571 400
28 18 571 293
28 17 571 1293
33 19 571 1546
33 20 571 206
38 21 571 1573
43 22 571 1508
49 23 571 1663
52 24 571 1181
52 25 571 479
58 26 571 1612
62 27 571 1480
65 28 571 1286
65 29 571 422
67 30 571 1034
74 31 571 1706
85 32 571 1858
86 33 571 528
87 36 571 14
87 37 571 178
87 34 571 837
87 35 571 97
91 38 571 1375
93 39 571 1003
94 40 571 595
95 41 571 625
96 42 571 712
96 43 571 368
100 45 571 116
100 44 571 1449
101 46 571 500
105 47 571 1362
105 48 571 212
106 49 571 540
106 50 571 122
110 51 571 1419
111 52 571 599
120 53 571 1813
121 56 571 438
121 57 571 372
121 55 571 122
121 54 571 585
126 58 571 1503
126 59 571 283
128 60 571 963
134 61 571 1664
135 62 571 660
141 63 571 1607
148 64 571 1689
154 65 571 1631
154 66 571 297
154 67 571 395
157 68 571 1269
161 69 571 1447
161 70 571 386
175 71 571 1901
185 72 571 1842
188 73 571 1215
190 74 571 950
195 75 571 1506
196 76 571 860
198 77 571 1139
198 78 571 213
200 79 571 1064
215 80 571 1903
215 81 571 249
218 82 571 1267
219 84 571 300
219 83 571 746
224 85 571 1539
226 86 571 1106
226 87 571 45
237 88 571 1868
238 89 571 714
243 90 571 1584
248 91 571 1566
249 92 571 599
251 94 571 40
251 93 571 1092
252 95 571 856
265 96 571 1889
267 97 571 1029
268 98 571 604
275 99 571 1743
282 100 571 1744
282 101 571 105
282 102 571 92
283 105 571 146
283 103 571 690
283 104 571 154
288 106 571 1501
291 107 571 1309
292 108 571 862
294 109 571 1003
297 110 571 1187
300 114 571 304
300 113 571 439
300 112 571 159
300 111 571 1224
301 115 571 713
301 116 571 396
311 117 571 1839
314 118 571 1307
314 119 571 150
315 121 571 252
315 122 571 452
315 120 571 525
316 123 571 554
324 124 571 1787
325 125 571 744
328 126 571 1301
329 127 571 750
332 128 571 1175
332 129 571 94
337 130 571 1542
345 131 571 1756
346 133 571 395
346 132 571 535
349 134 571 1244
358 135 571 1798
358 136 571 156
359 137 571 576
360 138 571 591
360 139 571 153
360 140 571 37
367 141 571 1722
369 142 571 1107
370 143 571 865
374 144 571 1452
374 145 571 360
378 146 571 1406
378 147 571 159
379 148 571 787
382 150 571 460
382 149 571 1252
382 151 571 50
388 153 571 454
388 152 571 1647
391 154 571 1217
395 155 571 1492
400 156 571 1578
404 157 571 1463
405 158 571 827
408 159 571 1334
409 160 571 769
410 162 571 134
410 161 571 751
411 163 571 768
415 164 571 1385
419 165 571 1356
420 166 571 688
427 167 571 1689
429 168 571 1120
429 169 571 431
430 170 571 556
437 171 571 1744
440 172 571 1247
443 173 571 1153
443 174 571 112
444 175 571 728
446 176 571 1069
451 177 571 1512
453 178 571 1026
457 179 571 1427
460 180 571 1262
462 181 571 1141
475 182 571 1888
485 183 571 1847
490 184 571 1559
494 185 571 1492
494 186 571 109
494 187 571 80
496 188 571 1102
502 190 571 220
502 189 571 1676
503 191 571 618
509 192 571 1674
512 193 571 1181
515 194 571 1309
518 195 571 1211
523 196 571 1588
523 197 571 339
527 199 571 96
527 198 571 1404
532 200 571 1596
538 201 571 1642
540 202 571 964
540 203 571 356
541 204 571 695
542 205 571 640
543 210 571 423
543 212 571 436
543 211 571 65
543 209 571 489
543 207 571 493
543 206 571 727
543 208 571 341
546 213 571 1324
546 214 571 72
551 215 571 1553
552 216 571 787
552 217 571 211
554 218 571 1133
563 219 571 1818
566 220 571 1247
567 221 571 607
568 222 571 586
572 224 571 210
572 223 571 1368
583 226 571 70
583 227 571 66
583 225 571 1862
591 228 571 1769
592 229 571 826
594 230 571 1065
595 231 571 730
595 232 571 107
597 233 571 930
605 234 571 1756
610 235 571 1545
610 236 571 176
615 237 571 1532
618 238 571 1152
620 239 571 918
621 240 571 765
626 241 571 1540
632 242 571 1664
633 243 571 613
636 244 571 1253
636 245 571 154
636 246 571 181
636 247 571 349
638 248 571 1109
644 249 571 1680
644 250 571 423
648 251 571 1376
650 252 571 1130
655 253 571 1510
656 254 571 774
658 255 571 988
660 256 571 1055
665 258 571 145
665 257 571 1521
666 259 571 758
667 260 571 570
668 261 571 660
669 262 571 648
673 263 571 1440
677 264 571 1349
683 265 571 1618
695 266 571 1882
699 267 571 1431
703 268 571 1493
703 269 571 452
707 270 571 1376
710 271 571 1180
712 272 571 984
712 273 571 215
714 274 571 1053
720 275 571 1631
722 276 571 868
736 277 571 1898
736 278 571 114
736 279 571 55
742 280 571 1680
748 281 571 1646
750 282 571 882
750 283 571 89
750 284 571 402
756 285 571 1613
761 286 571 1524
762 287 571 522
762 288 571 155
763 289 571 768
763 290 571 489
764 291 571 580
768 294 571 348
768 295 571 104
768 292 571 1387
768 293 571 393
770 296 571 892
770 297 571 223
773 298 571 1189
778 299 571 1560
778 300 571 197
779 301 571 675
780 302 571 780
781 303 571 657
781 304 571 304
784 305 571 1168
784 306 571 392
