1 0 1564 745
2 1 1564 804
2 2 1564 164
4 3 1564 973
4 4 1564 212
5 5 1564 687
6 6 1564 676
7 7 1564 540
17 8 1564 1831
25 9 1564 1765
32 10 1564 1709
36 11 1564 1378
36 12 1564 89
36 13 1564 287
37 14 1564 556
41 15 1564 1348
46 16 1564 1582
53 17 1564 1707
54 19 1564 391
54 18 1564 718
55 20 1564 768
59 21 1564 1375
59 22 1564 20
59 23 1564 490
62 24 1564 1145
62 25 1564 422
66 26 1564 1377
66 27 1564 32
69 28 1564 1230
72 29 1564 1252
73 30 1564 526
77 31 1564 1488
79 32 1564 899
80 33 1564 644
82 34 1564 1074
85 35 1564 1147
89 36 1564 1392
91 37 1564 1030
103 38 1564 1877
103 39 1564 70
103 40 1564 408
105 41 1564 976
110 42 1564 1567
110 43 1564 169
114 44 1564 1403
114 45 1564 369
116 46 1564 920
118 47 1564 906
122 48 1564 1398
122 49 1564 494
127 50 1564 1577
129 51 1564 957
135 52 1564 1656
136 53 1564 761
136 54 1564 471
139 55 1564 1294
140 56 1564 784
145 57 1564 1598
153 58 1564 1753
160 59 1564 1714
163 60 1564 1234
164 61 1564 643
167 62 1564 1235
168 63 1564 578
171 65 1564 220
171 66 1564 479
171 64 1564 1238
175 67 1564 1369
177 68 1564 1138
180 69 1564 1333
192 70 1564 1881
193 71 1564 552
201 72 1564 1754
202 73 1564 648
217 74 1564 1907
224 75 1564 1716
231 76 1564 1733
239 77 1564 1776
241 78 1564 1012
242 79 1564 775
246 80 1564 1427
246 81 1564 471
247 82 1564 559
248 83 1564 735
253 84 1564 1600
257 85 1564 1493
265 86 1564 1757
265 87 1564 137
265 88 1564 172
272 89 1564 1704
272 90 1564 363
279 91 1564 1718
282 92 1564 1202
282 93 1564 163
283 94 1564 760
290 95 1564 1689
296 96 1564 1665
298 97 1564 988
299 98 1564 855
302 99 1564 1182
311 100 1564 1815
315 101 1564 1475
322 103 1564 64
322 102 1564 1692
323 104 1564 537
325 105 1564 1024
327 106 1564 1128
329 107 1564 1007
330 108 1564 778
331 109 1564 679
335 110 1564 1486
337 111 1564 933
338 112 1564 586
340 114 1564 286
340 113 1564 977
341 115 1564 763
341 116 1564 84
342 117 1564 499
344 118 1564 903
350 119 1564 1669
350 120 1564 388
350 121 1564 341
353 122 1564 1196
357 123 1564 1358
359 124 1564 970
359 125 1564 162
362 126 1564 1275
367 127 1564 1590
376 128 1564 1813
376 129 1564 217
376 130 1564 51
377 131 1564 744
379 132 1564 920
387 133 1564 1754
389 134 1564 884
401 135 1564 1876
402 136 1564 703
402 137 1564 494
402 138 1564 197
403 139 1564 575
403 140 1564 365
404 141 1564 750
407 142 1564 1283
411 143 1564 1418
411 144 1564 218
415 145 1564 1355
417 146 1564 1132
417 147 1564 224
426 148 1564 1802
447 149 1564 1922
452 150 1564 1605
455 151 1564 1166
455 152 1564 85
457 153 1564 1111
458 154 1564 794
462 155 1564 1474
462 156 1564 278
462 157 1564 334
464 158 1564 1019
464 159 1564 375
470 160 1564 1673
474 161 1564 1462
476 162 1564 1119
477 163 1564 560
478 164 1564 628
479 165 1564 741
479 166 1564 12
480 167 1564 756
480 168 1564 93
480 169 1564 334
480 170 1564 59
485 173 1564 327
485 171 1564 1514
485 172 1564 301
488 174 1564 1304
493 175 1564 1563
495 176 1564 982
502 177 1564 1703
504 178 1564 1139
509 179 1564 1539
511 180 1564 954
513 181 1564 1051
520 182 1564 1713
529 183 1564 1815
530 184 1564 537
531 185 1564 809
532 186 1564 658
539 187 1564 1733
541 188 1564 960
544 189 1564 1334
549 191 1564 369
549 190 1564 1597
553 192 1564 1399
560 193 1564 1747
561 194 1564 826
562 195 1564 828
567 196 1564 1555
568 197 1564 723
569 198 1564 789
573 199 1564 1401
576 202 1564 130
576 200 1564 1342
576 201 1564 376
580 203 1564 1467
591 204 1564 1862
591 205 1564 90
592 206 1564 864
598 207 1564 1682
605 208 1564 1732
608 210 1564 492
608 209 1564 1156
609 211 1564 500
611 212 1564 1119
615 213 1564 1404
619 214 1564 1345
620 215 1564 622
626 216 1564 1673
629 217 1564 1228
629 218 1564 23
636 219 1564 1743
636 220 1564 83
636 221 1564 203
643 222 1564 1721
644 223 1564 683
645 224 1564 661
651 226 1564 114
651 227 1564 479
651 225 1564 1615
655 231 1564 259
655 230 1564 7
655 229 1564 475
655 228 1564 1425
657 232 1564 914
663 233 1564 1663
663 234 1564 197
664 235 1564 578
666 236 1564 920
666 237 1564 246
678 239 1564 446
678 238 1564 1878
689 240 1564 1870
691 241 1564 900
691 242 1564 1
698 243 1564 1728
699 244 1564 842
701 245 1564 1097
704 246 1564 1174
724 249 1564 204
724 248 1564 401
724 247 1564 1920
726 250 1564 1079
726 251 1564 326
727 252 1564 699
729 253 1564 970
732 254 1564 1318
734 255 1564 1138
735 256 1564 579
739 257 1564 1372
740 259 1564 246
740 258 1564 805
754 260 1564 1900
754 261 1564 384
754 262 1564 257
757 263 1564 1256
760 264 1564 1148
760 265 1564 232
765 266 1564 1510
769 267 1564 1381
772 268 1564 1207
773 269 1564 767
779 270 1564 1627
783 271 1564 1427
786 272 1564 1275
791 273 1564 1502
800 274 1564 1798
802 275 1564 1107
802 276 1564 202
820 277 1564 1917
828 278 1564 1765
832 279 1564 1488
832 280 1564 440
832 281 1564 119
832 282 1564 77
835 283 1564 1221
838 284 1564 1321
843 285 1564 1606
847 286 1564 1484
858 287 1564 1869
858 288 1564 344
860 289 1564 983
886 290 1564 1924
890 291 1564 1473
894 292 1564 1366
900 293 1564 1631
900 294 1564 470
904 295 1564 1485
905 296 1564 643
906 297 1564 670
907 298 1564 580
908 299 1564 610
913 300 1564 1512
920 301 1564 1718
921 302 1564 713
926 303 1564 1559
927 304 1564 502
932 305 1564 1577
934 306 1564 976
