0 0 1864 60
2 1 1864 936
2 2 1864 115
3 3 1864 639
5 4 1864 945
8 5 1864 1188
8 6 1864 83
20 8 1864 154
20 7 1864 1884
23 9 1864 1209
25 10 1864 1069
27 11 1864 872
33 15 1864 469
33 12 1864 1676
33 13 1864 446
33 14 1864 100
37 16 1864 1366
38 18 1864 240
38 17 1864 815
42 19 1864 1404
42 20 1864 153
46 21 1864 1479
48 22 1864 1074
50 23 1864 1003
52 24 1864 1133
54 26 1864 368
54 25 1864 1138
57 27 1864 1249
68 28 1864 1862
69 29 1864 646
69 30 1864 118
73 31 1864 1490
76 32 1864 1163
77 33 1864 680
77 34 1864 20
79 35 1864 1005
80 36 1864 576
81 37 1864 750
83 38 1864 882
85 39 1864 1027
87 40 1864 1132
90 41 1864 1300
92 42 1864 870
98 43 1864 1649
103 44 1864 1514
104 45 1864 513
105 46 1864 645
109 47 1864 1379
109 48 1864 388
111 49 1864 1010
112 50 1864 508
112 51 1864 109
127 52 1864 1904
136 53 1864 1798
140 54 1864 1468
141 55 1864 506
149 56 1864 1787
151 57 1864 1036
155 58 1864 1431
162 59 1864 1732
163 60 1864 819
164 61 1864 759
164 62 1864 21
168 63 1864 1433
170 64 1864 1091
175 65 1864 1503
181 66 1864 1633
183 67 1864 995
183 68 1864 426
185 69 1864 1019
194 70 1864 1818
195 71 1864 615
206 72 1864 1857
208 73 1864 1137
208 74 1864 271
209 75 1864 777
210 76 1864 608
214 77 1864 1349
218 78 1864 1414
219 79 1864 619
219 80 1864 492
221 81 1864 914
222 82 1864 860
223 84 1864 137
223 85 1864 9
223 83 1864 852
228 86 1864 1511
231 87 1864 1289
233 88 1864 1137
237 89 1864 1439
240 90 1864 1143
244 91 1864 1464
247 92 1864 1244
249 94 1864 208
249 95 1864 373
249 93 1864 1075
252 96 1864 1279
256 97 1864 1362
257 98 1864 558
257 99 1864 10
258 100 1864 804
263 101 1864 1575
265 102 1864 953
268 103 1864 1293
270 104 1864 1117
279 105 1864 1817
279 106 1864 176
280 107 1864 766
285 108 1864 1527
286 109 1864 690
295 110 1864 1822
295 111 1864 438
300 112 1864 1547
301 113 1864 811
304 114 1864 1239
314 115 1864 1830
323 116 1864 1823
325 117 1864 1094
328 118 1864 1295
330 119 1864 1081
348 120 1864 1917
348 121 1864 344
356 122 1864 1783
358 123 1864 911
367 125 1864 353
367 124 1864 1801
370 126 1864 1296
371 127 1864 782
373 128 1864 929
382 129 1864 1823
386 130 1864 1423
389 131 1864 1171
390 132 1864 790
394 133 1864 1403
401 134 1864 1740
402 135 1864 842
415 136 1864 1886
419 137 1864 1492
425 138 1864 1659
425 139 1864 244
433 140 1864 1758
434 141 1864 744
440 142 1864 1687
440 143 1864 446
445 144 1864 1542
446 145 1864 705
456 146 1864 1842
456 147 1864 432
464 148 1864 1761
464 149 1864 302
464 150 1864 475
464 151 1864 184
464 152 1864 66
468 155 1864 460
468 153 1864 1402
468 154 1864 17
475 156 1864 1716
475 157 1864 41
479 158 1864 1416
480 159 1864 764
481 160 1864 521
484 161 1864 1318
492 162 1864 1762
498 163 1864 1629
501 164 1864 1191
502 165 1864 650
507 166 1864 1572
507 167 1864 143
509 168 1864 996
509 169 1864 396
520 170 1864 1869
520 171 1864 331
524 172 1864 1360
526 173 1864 1051
529 174 1864 1248
532 175 1864 1172
533 176 1864 581
536 177 1864 1336
539 178 1864 1294
541 179 1864 1096
541 180 1864 436
542 181 1864 864
544 182 1864 946
545 183 1864 626
549 184 1864 1347
552 185 1864 1238
554 186 1864 1104
557 187 1864 1313
561 188 1864 1385
564 189 1864 1279
566 190 1864 1050
576 192 1864 75
576 191 1864 1844
578 193 1864 894
584 194 1864 1648
584 195 1864 439
586 196 1864 907
586 197 1864 58
589 198 1864 1180
591 199 1864 891
593 200 1864 1057
600 201 1864 1698
604 202 1864 1360
608 203 1864 1364
608 204 1864 358
608 205 1864 144
609 206 1864 749
611 207 1864 940
611 208 1864 154
612 209 1864 770
621 211 1864 380
621 210 1864 1803
622 212 1864 671
622 213 1864 320
622 214 1864 328
627 215 1864 1581
627 216 1864 372
629 217 1864 1135
629 218 1864 281
641 219 1864 1878
645 220 1864 1470
645 221 1864 259
646 222 1864 682
652 223 1864 1642
655 224 1864 1270
655 225 1864 24
655 226 1864 255
655 227 1864 465
658 228 1864 1327
659 230 1864 265
659 229 1864 808
660 231 1864 523
660 232 1864 156
660 233 1864 403
660 234 1864 38
661 235 1864 662
665 236 1864 1428
670 237 1864 1506
670 238 1864 268
673 241 1864 164
673 239 1864 1203
673 240 1864 489
676 242 1864 1159
677 243 1864 615
681 244 1864 1400
682 245 1864 670
685 246 1864 1172
691 247 1864 1679
692 250 1864 66
692 248 1864 566
692 249 1864 66
699 251 1864 1696
706 252 1864 1701
709 253 1864 1226
712 254 1864 1345
713 255 1864 798
715 256 1864 1016
721 257 1864 1643
721 258 1864 93
721 259 1864 333
730 260 1864 1813
730 261 1864 284
735 262 1864 1537
738 263 1864 1270
739 264 1864 504
742 268 1864 281
742 267 1864 267
742 266 1864 224
742 265 1864 1280
747 269 1864 1591
747 270 1864 152
748 271 1864 790
749 272 1864 866
751 273 1864 1003
755 274 1864 1388
758 275 1864 1306
760 276 1864 1025
760 277 1864 66
760 278 1864 241
761 279 1864 600
762 280 1864 776
763 281 1864 501
772 282 1864 1824
775 283 1864 1260
776 285 1864 494
776 284 1864 741
777 286 1864 747
778 287 1864 854
780 288 1864 983
783 289 1864 1165
788 290 1864 1570
795 291 1864 1709
799 292 1864 1412
810 293 1864 1860
813 295 1864 205
813 294 1864 1315
814 296 1864 552
823 297 1864 1813
823 298 1864 111
823 299 1864 120
823 300 1864 446
825 301 1864 905
829 302 1864 1397
831 303 1864 900
841 304 1864 1839
844 305 1864 1200
845 306 1864 829
