1 0 1857 858
1 1 1857 382
1 2 1857 104
3 3 1857 928
5 4 1857 968
6 5 1857 664
7 6 1857 720
8 7 1857 620
10 8 1857 1106
11 9 1857 644
11 10 1857 76
17 11 1857 1630
26 12 1857 1805
32 13 1857 1632
42 14 1857 1838
42 15 1857 314
45 16 1857 1186
49 17 1857 1470
52 18 1857 1169
56 19 1857 1384
60 20 1857 1391
70 21 1857 1832
76 22 1857 1618
76 23 1857 62
78 24 1857 912
82 27 1857 49
82 26 1857 449
82 25 1857 1492
83 28 1857 538
84 29 1857 841
88 30 1857 1401
89 31 1857 534
89 32 1857 398
89 33 1857 42
91 34 1857 1033
93 35 1857 946
94 37 1857 20
94 36 1857 506
96 38 1857 1024
100 39 1857 1402
100 40 1857 370
106 41 1857 1613
106 42 1857 467
107 43 1857 640
111 44 1857 1450
112 45 1857 706
115 46 1857 1337
116 47 1857 499
116 48 1857 223
116 49 1857 449
118 50 1857 884
118 51 1857 272
119 52 1857 771
133 53 1857 1901
133 54 1857 272
135 55 1857 950
136 58 1857 15
136 56 1857 689
136 57 1857 42
140 59 1857 1400
140 60 1857 214
141 61 1857 671
141 62 1857 81
141 63 1857 264
144 64 1857 1167
148 65 1857 1467
151 66 1857 1231
159 67 1857 1762
160 68 1857 599
162 69 1857 891
169 70 1857 1733
172 72 1857 445
172 71 1857 1166
179 73 1857 1692
181 74 1857 1014
188 75 1857 1703
192 76 1857 1365
194 77 1857 977
195 78 1857 536
195 79 1857 205
195 80 1857 155
207 81 1857 1874
214 82 1857 1750
214 83 1857 89
226 84 1857 1882
228 85 1857 1129
234 86 1857 1687
234 87 1857 421
241 88 1857 1695
241 89 1857 83
241 90 1857 257
241 91 1857 464
241 92 1857 4
246 93 1857 1548
249 94 1857 1187
255 95 1857 1624
260 96 1857 1531
260 97 1857 202
264 98 1857 1398
279 99 1857 1908
283 100 1857 1400
288 101 1857 1499
297 102 1857 1825
300 103 1857 1257
301 104 1857 640
307 105 1857 1643
315 106 1857 1751
317 107 1857 1004
319 108 1857 887
319 109 1857 494
324 110 1857 1509
330 111 1857 1636
334 112 1857 1430
341 113 1857 1734
344 115 1857 265
344 114 1857 1245
345 116 1857 845
363 117 1857 1916
363 118 1857 307
363 119 1857 38
370 120 1857 1704
371 121 1857 809
371 122 1857 67
372 123 1857 515
373 124 1857 633
376 125 1857 1269
379 126 1857 1161
380 127 1857 822
381 128 1857 504
384 129 1857 1314
384 130 1857 171
387 131 1857 1163
392 132 1857 1504
393 133 1857 552
394 134 1857 730
395 135 1857 580
395 136 1857 48
395 137 1857 492
399 138 1857 1373
399 139 1857 238
402 140 1857 1302
403 141 1857 683
407 142 1857 1458
410 143 1857 1201
411 144 1857 499
412 145 1857 546
414 146 1857 958
414 147 1857 195
414 148 1857 302
416 149 1857 921
417 150 1857 778
422 151 1857 1540
431 152 1857 1820
435 154 1857 204
435 153 1857 1359
436 155 1857 590
440 156 1857 1431
443 157 1857 1309
444 158 1857 624
447 159 1857 1296
447 160 1857 481
449 161 1857 929
450 162 1857 499
455 166 1857 132
455 165 1857 346
455 163 1857 1498
455 164 1857 322
457 167 1857 878
459 168 1857 1003
460 170 1857 216
460 169 1857 665
460 171 1857 353
461 173 1857 68
461 172 1857 543
462 174 1857 660
464 175 1857 1020
467 176 1857 1275
468 177 1857 791
468 178 1857 16
468 179 1857 87
468 180 1857 311
470 181 1857 966
471 182 1857 519
476 183 1857 1507
477 184 1857 535
478 185 1857 556
481 186 1857 1268
481 187 1857 144
481 188 1857 347
481 189 1857 140
483 190 1857 1073
484 191 1857 663
492 193 1857 77
492 192 1857 1792
498 194 1857 1681
498 195 1857 373
498 196 1857 183
510 197 1857 1885
512 198 1857 878
512 199 1857 152
512 200 1857 413
512 201 1857 79
514 202 1857 1116
519 203 1857 1562
520 204 1857 705
520 205 1857 425
522 206 1857 996
530 207 1857 1751
531 208 1857 699
533 209 1857 1108
536 210 1857 1239
537 211 1857 640
540 212 1857 1293
541 213 1857 537
543 214 1857 985
547 215 1857 1440
547 216 1857 409
549 217 1857 916
551 218 1857 963
558 219 1857 1691
560 220 1857 1003
577 221 1857 1913
578 222 1857 530
579 223 1857 863
584 224 1857 1516
588 225 1857 1477
588 226 1857 486
588 227 1857 465
588 228 1857 311
588 229 1857 287
589 230 1857 837
592 231 1857 1315
602 232 1857 1838
610 233 1857 1788
615 234 1857 1598
615 235 1857 231
623 236 1857 1774
625 237 1857 881
626 239 1857 110
626 238 1857 802
630 240 1857 1484
634 241 1857 1441
638 242 1857 1369
641 243 1857 1164
642 244 1857 825
642 245 1857 433
645 246 1857 1295
648 247 1857 1255
650 249 1857 241
650 248 1857 1016
663 250 1857 1888
666 251 1857 1191
668 252 1857 922
670 253 1857 1111
672 254 1857 1074
672 255 1857 424
676 258 1857 46
676 257 1857 253
676 256 1857 1474
679 259 1857 1153
690 260 1857 1864
691 261 1857 531
695 262 1857 1439
695 263 1857 411
695 264 1857 271
705 265 1857 1848
706 266 1857 726
710 267 1857 1429
711 268 1857 863
712 269 1857 754
717 270 1857 1591
721 271 1857 1452
721 272 1857 114
722 273 1857 853
722 274 1857 207
726 275 1857 1486
727 276 1857 543
730 278 1857 37
730 277 1857 1291
732 279 1857 1083
732 280 1857 181
735 281 1857 1156
739 282 1857 1373
739 283 1857 70
739 284 1857 323
744 285 1857 1570
744 286 1857 393
745 287 1857 726
746 288 1857 713
749 289 1857 1174
750 290 1857 682
755 291 1857 1521
756 292 1857 835
761 293 1857 1574
761 294 1857 170
763 295 1857 953
763 296 1857 2
765 297 1857 958
767 298 1857 892
769 299 1857 902
775 300 1857 1631
783 301 1857 1791
783 302 1857 391
783 303 1857 262
784 304 1857 575
784 305 1857 435
786 306 1857 1077
