13 0 125 1895
18 1 125 1526
21 2 125 1154
33 3 125 1880
36 4 125 1223
36 5 125 3
37 6 125 842
42 7 125 1497
43 8 125 505
51 9 125 1793
51 10 125 39
51 11 125 39
55 12 125 1437
59 13 125 1386
63 14 125 1440
66 15 125 1175
72 16 125 1612
73 18 125 418
73 17 125 795
74 19 125 711
76 20 125 882
79 21 125 1223
81 22 125 940
87 23 125 1685
89 24 125 1059
90 25 125 699
91 27 125 279
91 26 125 844
92 28 125 721
92 29 125 232
93 30 125 696
94 31 125 725
95 32 125 612
97 33 125 1125
101 34 125 1382
105 35 125 1372
108 37 125 38
108 36 125 1147
112 38 125 1487
124 39 125 1880
125 40 125 652
126 41 125 801
130 42 125 1493
132 43 125 1013
132 44 125 94
137 46 125 155
137 45 125 1505
138 47 125 542
140 48 125 1065
144 49 125 1482
146 50 125 971
146 51 125 482
151 52 125 1509
152 53 125 564
153 54 125 637
154 55 125 671
155 56 125 586
159 57 125 1394
160 58 125 821
161 59 125 523
163 60 125 1083
164 61 125 562
165 62 125 775
165 63 125 272
167 64 125 1097
170 65 125 1238
174 66 125 1351
174 67 125 311
174 68 125 3
174 69 125 67
174 70 125 27
179 71 125 1573
182 73 125 463
182 74 125 59
182 72 125 1232
182 75 125 80
188 76 125 1655
198 77 125 1851
203 78 125 1590
207 79 125 1478
208 80 125 543
208 81 125 302
210 82 125 1139
213 83 125 1164
216 85 125 213
216 84 125 1186
218 86 125 1141
218 87 125 48
218 88 125 488
219 89 125 710
220 90 125 786
226 91 125 1678
229 92 125 1142
231 93 125 963
232 96 125 26
232 95 125 89
232 94 125 797
235 97 125 1221
245 98 125 1840
246 99 125 781
246 100 125 154
254 101 125 1768
255 102 125 538
257 103 125 998
261 104 125 1455
264 105 125 1322
267 106 125 1175
269 107 125 1046
270 108 125 504
271 109 125 556
273 110 125 941
274 111 125 659
281 112 125 1728
284 113 125 1267
299 114 125 1905
300 115 125 780
304 116 125 1348
309 117 125 1536
311 118 125 1011
313 119 125 883
313 120 125 97
316 121 125 1303
323 122 125 1748
326 123 125 1217
329 124 125 1205
329 125 125 273
329 126 125 430
329 127 125 268
334 128 125 1590
347 129 125 1894
347 130 125 54
347 131 125 433
347 132 125 10
348 133 125 809
351 134 125 1324
352 135 125 699
358 136 125 1688
358 137 125 140
364 138 125 1634
372 139 125 1789
374 140 125 963
374 141 125 95
378 142 125 1468
389 143 125 1856
396 144 125 1694
396 145 125 127
408 146 125 1874
417 147 125 1799
419 148 125 983
419 149 125 16
420 150 125 666
420 151 125 414
420 152 125 210
422 153 125 957
423 154 125 684
424 155 125 775
424 156 125 20
427 157 125 1245
434 158 125 1717
437 159 125 1181
439 160 125 891
441 161 125 906
445 162 125 1380
446 163 125 535
447 164 125 501
448 165 125 507
449 166 125 648
451 167 125 919
462 168 125 1868
465 169 125 1206
467 170 125 1017
470 171 125 1207
479 172 125 1827
482 173 125 1146
492 174 125 1844
492 175 125 1
500 176 125 1760
509 177 125 1817
513 178 125 1448
515 179 125 1078
515 180 125 323
516 181 125 555
519 182 125 1209
524 183 125 1574
527 184 125 1228
532 185 125 1565
532 186 125 223
534 187 125 978
534 188 125 125
535 189 125 548
536 193 125 452
536 192 125 347
536 191 125 442
536 190 125 679
538 194 125 897
538 195 125 57
539 196 125 639
541 197 125 932
545 198 125 1354
548 199 125 1186
552 200 125 1403
554 201 125 955
565 202 125 1856
572 203 125 1702
574 204 125 923
578 205 125 1383
579 206 125 511
581 207 125 988
583 208 125 1037
584 209 125 682
586 211 125 128
586 210 125 940
593 212 125 1721
594 213 125 639
595 214 125 857
595 215 125 335
601 216 125 1621
608 217 125 1731
611 218 125 1232
612 220 125 284
612 219 125 861
617 221 125 1594
618 222 125 794
621 223 125 1319
622 224 125 526
623 225 125 575
624 226 125 859
628 228 125 249
628 227 125 1375
636 229 125 1787
639 230 125 1286
640 231 125 827
640 232 125 462
640 233 125 262
645 234 125 1599
648 235 125 1293
649 236 125 624
653 237 125 1432
654 238 125 650
662 239 125 1769
664 240 125 1053
667 241 125 1160
678 242 125 1866
682 243 125 1367
687 244 125 1532
688 245 125 550
689 246 125 645
695 247 125 1633
700 248 125 1519
701 250 125 360
701 249 125 561
702 251 125 833
708 252 125 1625
708 253 125 493
710 254 125 901
717 255 125 1734
717 256 125 160
718 257 125 537
721 259 125 348
721 258 125 1175
722 260 125 524
724 261 125 1061
725 262 125 738
728 263 125 1174
731 264 125 1320
731 265 125 113
736 266 125 1590
740 267 125 1459
742 268 125 964
746 269 125 1489
752 270 125 1636
752 271 125 189
754 272 125 1080
758 273 125 1387
765 274 125 1733
767 275 125 1048
773 276 125 1653
777 277 125 1351
784 278 125 1711
798 279 125 1900
809 280 125 1854
812 281 125 1150
820 282 125 1780
826 283 125 1613
830 284 125 1427
830 285 125 453
832 286 125 1126
845 287 125 1894
848 288 125 1286
856 289 125 1790
858 290 125 1132
858 291 125 86
858 292 125 256
858 293 125 301
861 294 125 1245
879 295 125 1916
879 296 125 421
880 298 125 47
880 297 125 691
884 299 125 1419
886 300 125 885
888 301 125 1111
889 302 125 669
889 303 125 30
890 304 125 849
890 305 125 171
896 306 125 1678
