2 0 1596 953
26 1 1596 1923
31 2 1596 1521
33 3 1596 1095
35 4 1596 1058
37 5 1596 969
39 6 1596 902
40 7 1596 845
42 8 1596 1117
44 9 1596 1115
44 10 1596 271
44 11 1596 198
47 12 1596 1283
47 13 1596 103
47 14 1596 166
48 15 1596 780
49 16 1596 646
49 17 1596 321
57 18 1596 1766
60 19 1596 1156
67 20 1596 1711
71 21 1596 1494
78 22 1596 1726
78 23 1596 180
83 24 1596 1554
86 25 1596 1306
88 26 1596 1027
89 27 1596 500
92 28 1596 1161
93 29 1596 682
105 30 1596 1879
107 31 1596 1027
108 32 1596 513
111 33 1596 1331
112 34 1596 733
115 35 1596 1289
117 36 1596 1132
120 38 1596 140
120 37 1596 1147
121 39 1596 789
122 40 1596 723
125 41 1596 1198
128 42 1596 1147
132 43 1596 1396
133 44 1596 557
144 45 1596 1871
146 46 1596 883
155 47 1596 1815
163 48 1596 1751
166 49 1596 1310
170 50 1596 1424
176 51 1596 1662
176 52 1596 337
178 53 1596 1050
178 54 1596 128
182 55 1596 1383
182 56 1596 196
185 57 1596 1341
189 58 1596 1466
195 59 1596 1676
206 60 1596 1867
206 61 1596 401
212 62 1596 1609
212 63 1596 435
215 64 1596 1161
218 65 1596 1168
224 66 1596 1610
236 67 1596 1877
239 68 1596 1294
240 69 1596 801
245 70 1596 1573
249 71 1596 1424
249 72 1596 180
251 73 1596 977
251 74 1596 432
252 77 1596 330
252 76 1596 347
252 75 1596 512
257 78 1596 1548
263 79 1596 1607
263 80 1596 423
265 81 1596 1136
266 82 1596 674
274 83 1596 1775
277 85 1596 217
277 84 1596 1182
278 86 1596 689
282 87 1596 1387
285 88 1596 1202
288 89 1596 1274
290 90 1596 1092
297 91 1596 1716
302 92 1596 1605
302 93 1596 389
303 95 1596 321
303 94 1596 847
308 96 1596 1513
309 97 1596 712
309 98 1596 235
312 99 1596 1313
312 100 1596 261
314 101 1596 930
315 102 1596 521
317 103 1596 949
323 105 1596 0
323 104 1596 1661
327 106 1596 1481
330 107 1596 1285
331 108 1596 617
336 109 1596 1540
338 110 1596 1036
346 111 1596 1791
353 112 1596 1718
361 113 1596 1783
364 114 1596 1253
365 115 1596 730
371 116 1596 1651
379 117 1596 1759
382 118 1596 1177
384 119 1596 943
384 120 1596 479
384 121 1596 222
385 123 1596 20
385 122 1596 674
391 124 1596 1633
399 125 1596 1782
406 126 1596 1743
413 127 1596 1716
413 128 1596 130
413 129 1596 111
415 130 1596 923
420 132 1596 95
420 133 1596 234
420 131 1596 1559
424 134 1596 1345
428 135 1596 1417
429 136 1596 614
435 137 1596 1650
435 138 1596 113
438 139 1596 1181
439 140 1596 660
442 141 1596 1329
443 142 1596 769
448 143 1596 1587
448 144 1596 237
451 145 1596 1226
473 146 1596 1922
480 147 1596 1747
482 148 1596 1061
482 149 1596 116
483 150 1596 595
489 151 1596 1679
493 152 1596 1459
496 153 1596 1216
497 154 1596 833
497 155 1596 39
497 156 1596 256
498 157 1596 501
501 158 1596 1240
510 159 1596 1804
510 160 1596 181
517 161 1596 1690
520 162 1596 1154
521 163 1596 506
522 164 1596 617
526 165 1596 1401
533 166 1596 1695
537 167 1596 1483
537 168 1596 437
545 169 1596 1760
545 170 1596 116
545 171 1596 1
551 172 1596 1645
571 173 1596 1920
571 174 1596 283
573 175 1596 1075
577 176 1596 1377
579 177 1596 1012
586 178 1596 1707
586 179 1596 407
594 180 1596 1784
614 181 1596 1921
615 183 1596 14
615 182 1596 654
619 184 1596 1441
622 185 1596 1168
622 186 1596 100
623 187 1596 804
626 188 1596 1326
629 189 1596 1306
632 193 1596 234
632 192 1596 409
632 191 1596 113
632 190 1596 1161
634 194 1596 999
636 195 1596 894
636 196 1596 175
636 197 1596 262
638 198 1596 970
639 199 1596 761
643 201 1596 439
643 200 1596 1455
646 202 1596 1309
649 203 1596 1225
688 204 1596 1924
689 205 1596 593
689 206 1596 34
693 207 1596 1463
695 208 1596 933
701 209 1596 1683
702 210 1596 586
705 211 1596 1168
706 212 1596 718
707 213 1596 833
707 214 1596 19
707 215 1596 185
709 216 1596 1035
711 217 1596 1139
713 218 1596 990
717 219 1596 1373
720 220 1596 1301
722 221 1596 891
722 222 1596 157
724 223 1596 1056
725 224 1596 599
725 225 1596 2
730 226 1596 1517
734 227 1596 1410
736 228 1596 920
739 229 1596 1313
741 230 1596 900
743 231 1596 1114
743 232 1596 42
745 233 1596 946
747 234 1596 876
751 235 1596 1345
752 236 1596 612
756 237 1596 1354
756 238 1596 14
757 239 1596 847
759 240 1596 1133
760 241 1596 562
769 242 1596 1796
774 243 1596 1567
775 244 1596 720
793 245 1596 1917
796 246 1596 1320
801 247 1596 1500
801 248 1596 215
802 249 1596 814
810 250 1596 1784
812 251 1596 960
815 252 1596 1197
820 253 1596 1521
824 254 1596 1384
825 255 1596 564
825 256 1596 282
825 257 1596 252
826 258 1596 626
848 259 1596 1922
850 260 1596 1000
851 261 1596 549
852 262 1596 542
857 263 1596 1544
858 264 1596 783
862 265 1596 1396
864 266 1596 1126
871 267 1596 1697
883 268 1596 1881
884 269 1596 599
889 270 1596 1498
894 271 1596 1606
896 272 1596 1124
896 273 1596 142
896 274 1596 239
897 275 1596 738
899 276 1596 1020
900 278 1596 336
900 277 1596 514
901 279 1596 607
902 280 1596 607
902 281 1596 16
905 282 1596 1195
905 283 1596 106
909 284 1596 1454
920 285 1596 1864
930 287 1596 445
930 286 1596 1842
934 288 1596 1486
934 289 1596 312
936 290 1596 1062
936 291 1596 359
937 292 1596 728
937 293 1596 17
945 294 1596 1771
946 296 1596 19
946 297 1596 251
946 295 1596 584
947 298 1596 784
950 299 1596 1248
951 300 1596 790
956 301 1596 1547
961 302 1596 1543
966 303 1596 1540
969 305 1596 177
969 304 1596 1241
977 306 1596 1760
