1 0 1646 846
14 1 1646 1890
27 2 1646 1886
32 3 1646 1606
36 4 1646 1466
40 5 1646 1459
41 7 1646 236
41 8 1646 126
41 6 1646 590
45 9 1646 1488
46 10 1646 855
46 11 1646 387
49 12 1646 1153
53 13 1646 1465
54 14 1646 738
56 16 1646 298
56 15 1646 921
60 17 1646 1437
66 18 1646 1671
71 19 1646 1551
72 20 1646 715
74 21 1646 997
75 22 1646 613
75 23 1646 331
77 24 1646 943
82 25 1646 1512
82 26 1646 477
87 27 1646 1535
91 32 1646 189
91 31 1646 471
91 28 1646 1367
91 29 1646 266
91 30 1646 417
92 33 1646 816
93 34 1646 849
94 35 1646 758
101 36 1646 1690
108 37 1646 1692
112 38 1646 1423
113 39 1646 578
113 40 1646 104
120 41 1646 1742
130 42 1646 1848
130 43 1646 115
134 44 1646 1459
144 45 1646 1851
146 46 1646 1045
149 47 1646 1253
151 48 1646 1074
151 49 1646 167
152 50 1646 777
167 51 1646 1905
168 52 1646 754
172 53 1646 1447
179 54 1646 1716
187 55 1646 1774
190 56 1646 1277
195 57 1646 1554
196 58 1646 663
208 59 1646 1878
210 60 1646 982
212 61 1646 980
213 62 1646 794
221 63 1646 1784
223 66 1646 197
223 67 1646 336
223 64 1646 1071
223 65 1646 384
224 68 1646 615
239 69 1646 1904
242 70 1646 1155
243 71 1646 530
243 72 1646 13
245 73 1646 1093
249 74 1646 1446
251 75 1646 897
253 77 1646 497
253 76 1646 1074
254 78 1646 797
256 79 1646 1016
256 80 1646 467
259 81 1646 1149
259 82 1646 460
262 83 1646 1199
266 84 1646 1414
266 85 1646 436
272 86 1646 1641
273 87 1646 666
275 88 1646 1025
277 89 1646 1000
281 90 1646 1406
281 91 1646 135
283 92 1646 1029
287 93 1646 1470
292 94 1646 1520
294 95 1646 1049
296 97 1646 63
296 96 1646 948
298 98 1646 969
300 99 1646 1075
306 100 1646 1654
307 101 1646 708
308 102 1646 637
310 103 1646 1094
312 104 1646 937
312 105 1646 246
325 106 1646 1891
330 107 1646 1586
330 108 1646 1
331 109 1646 818
332 110 1646 699
333 111 1646 779
334 112 1646 757
339 113 1646 1571
343 114 1646 1411
351 115 1646 1758
352 116 1646 520
357 117 1646 1519
357 118 1646 369
358 119 1646 634
359 120 1646 667
363 121 1646 1456
366 122 1646 1236
371 124 1646 498
371 123 1646 1540
373 125 1646 1019
377 126 1646 1425
377 127 1646 468
382 128 1646 1497
382 129 1646 397
394 130 1646 1873
396 131 1646 1010
400 132 1646 1453
406 133 1646 1646
409 134 1646 1287
415 135 1646 1683
416 136 1646 512
419 137 1646 1290
419 138 1646 262
422 139 1646 1168
422 140 1646 470
422 141 1646 55
423 143 1646 206
423 144 1646 301
423 142 1646 664
424 145 1646 626
427 146 1646 1303
431 147 1646 1383
431 148 1646 58
437 149 1646 1687
438 150 1646 528
442 151 1646 1354
448 155 1646 197
448 154 1646 408
448 153 1646 334
448 152 1646 1618
452 156 1646 1397
454 157 1646 1022
455 158 1646 596
465 159 1646 1842
466 160 1646 745
470 161 1646 1422
470 162 1646 88
475 163 1646 1529
477 164 1646 869
483 165 1646 1614
486 166 1646 1251
488 167 1646 1035
488 168 1646 284
494 169 1646 1652
497 170 1646 1246
500 171 1646 1155
503 172 1646 1257
505 174 1646 164
505 173 1646 1126
506 175 1646 611
507 176 1646 791
509 177 1646 1029
512 178 1646 1238
521 179 1646 1797
527 180 1646 1641
527 181 1646 42
527 182 1646 409
534 183 1646 1735
542 184 1646 1793
543 185 1646 519
546 186 1646 1316
548 187 1646 1118
551 188 1646 1238
553 189 1646 1089
553 190 1646 285
557 191 1646 1414
558 194 1646 422
558 192 1646 694
558 193 1646 344
560 195 1646 972
573 196 1646 1892
575 197 1646 1060
578 198 1646 1261
579 199 1646 611
582 200 1646 1300
582 201 1646 267
584 204 1646 441
584 202 1646 1098
584 203 1646 331
587 205 1646 1298
587 206 1646 96
587 207 1646 491
587 208 1646 169
594 209 1646 1721
597 211 1646 367
597 210 1646 1331
604 212 1646 1708
605 213 1646 724
605 214 1646 201
606 215 1646 702
608 216 1646 1013
608 217 1646 278
614 218 1646 1661
614 219 1646 350
614 220 1646 297
614 221 1646 132
621 222 1646 1721
623 223 1646 1120
627 224 1646 1367
635 225 1646 1756
635 226 1646 460
637 227 1646 913
638 228 1646 703
640 229 1646 1117
641 230 1646 644
647 231 1646 1656
654 232 1646 1693
655 233 1646 626
655 234 1646 496
659 235 1646 1373
661 236 1646 869
661 237 1646 78
664 238 1646 1293
664 239 1646 494
664 240 1646 423
665 241 1646 825
667 242 1646 948
671 243 1646 1442
677 244 1646 1683
687 245 1646 1843
693 246 1646 1631
706 248 1646 142
706 247 1646 1894
712 249 1646 1645
724 250 1646 1884
730 251 1646 1613
733 252 1646 1324
735 253 1646 911
735 254 1646 314
738 256 1646 470
738 255 1646 1167
752 257 1646 1903
754 258 1646 888
755 259 1646 609
756 260 1646 837
758 261 1646 1108
765 262 1646 1712
767 263 1646 977
769 264 1646 1076
774 265 1646 1599
775 266 1646 599
777 268 1646 227
777 267 1646 1081
778 269 1646 752
786 270 1646 1758
788 271 1646 934
790 272 1646 909
793 273 1646 1166
803 274 1646 1852
807 275 1646 1397
809 277 1646 279
809 276 1646 1108
813 278 1646 1361
817 279 1646 1449
817 280 1646 124
817 281 1646 491
818 282 1646 770
820 283 1646 983
823 284 1646 1157
825 285 1646 955
825 286 1646 332
826 288 1646 312
826 287 1646 781
829 289 1646 1254
831 290 1646 903
833 291 1646 890
835 292 1646 1114
836 293 1646 683
841 294 1646 1581
844 295 1646 1240
846 296 1646 1037
859 297 1646 1895
859 298 1646 365
859 299 1646 83
862 300 1646 1243
863 301 1646 550
869 302 1646 1667
872 303 1646 1315
881 304 1646 1811
883 305 1646 950
884 306 1646 704
