2 0 874 992
3 1 874 789
3 2 874 81
3 3 874 323
10 4 874 1732
13 5 874 1285
13 6 874 100
13 7 874 68
14 8 874 528
17 9 874 1184
20 10 874 1282
25 11 874 1528
26 12 874 866
27 13 874 788
28 14 874 741
36 15 874 1764
39 16 874 1267
42 17 874 1215
45 19 874 430
45 18 874 1177
52 20 874 1718
65 21 874 1890
67 22 874 1037
68 23 874 512
68 24 874 386
69 25 874 586
71 26 874 1105
73 27 874 944
76 28 874 1166
83 29 874 1690
102 30 874 1919
102 31 874 72
104 32 874 879
106 33 874 995
110 34 874 1416
111 35 874 770
114 36 874 1239
115 37 874 854
121 38 874 1609
125 39 874 1435
125 40 874 131
125 41 874 465
125 42 874 453
142 43 874 1916
143 44 874 601
145 47 874 447
145 46 874 221
145 45 874 942
147 48 874 978
150 49 874 1231
154 50 874 1348
158 51 874 1469
158 52 874 346
163 53 874 1555
163 54 874 83
165 55 874 1027
171 56 874 1677
175 57 874 1493
186 58 874 1861
189 59 874 1146
189 60 874 179
191 61 874 1080
192 62 874 827
193 63 874 763
196 64 874 1190
199 65 874 1210
200 66 874 649
209 67 874 1795
212 68 874 1297
226 69 874 1896
227 70 874 525
227 71 874 413
232 72 874 1531
238 73 874 1666
238 74 874 298
241 75 874 1253
245 76 874 1437
247 77 874 1045
257 78 874 1835
261 79 874 1368
261 80 874 365
262 81 874 658
275 82 874 1891
286 84 874 341
286 85 874 450
286 83 874 1859
292 86 874 1650
295 87 874 1249
297 88 874 912
297 89 874 388
299 90 874 1018
305 91 874 1670
307 93 874 462
307 92 874 918
310 94 874 1256
312 95 874 976
317 96 874 1562
323 97 874 1614
324 98 874 725
327 99 874 1316
327 100 874 293
327 101 874 350
329 102 874 1075
331 103 874 1007
332 104 874 706
334 105 874 935
345 106 874 1862
346 107 874 604
349 108 874 1256
350 109 874 755
355 110 874 1515
356 111 874 631
361 112 874 1583
361 113 874 492
362 114 874 780
366 115 874 1445
368 116 874 1114
370 117 874 892
370 118 874 421
371 119 874 739
375 120 874 1484
378 121 874 1325
380 122 874 883
382 123 874 908
384 124 874 878
385 125 874 779
389 126 874 1419
391 127 874 1069
391 128 874 410
394 129 874 1247
400 130 874 1615
407 131 874 1747
407 132 874 320
408 133 874 518
410 134 874 1075
410 135 874 14
415 136 874 1508
417 137 874 883
420 138 874 1153
423 139 874 1331
424 140 874 512
426 141 874 1046
444 143 874 156
444 142 874 1917
445 144 874 798
445 145 874 386
445 146 874 87
445 147 874 425
450 148 874 1606
457 149 874 1735
465 150 874 1786
466 151 874 670
469 152 874 1193
485 153 874 1910
493 154 874 1757
495 155 874 892
499 156 874 1391
499 157 874 166
499 158 874 129
509 159 874 1851
513 160 874 1440
514 163 874 8
514 162 874 193
514 161 874 793
516 164 874 1064
523 165 874 1692
523 166 874 311
525 167 874 1064
528 168 874 1341
529 169 874 766
540 170 874 1862
540 171 874 230
546 172 874 1664
548 173 874 1015
548 174 874 227
548 175 874 438
551 176 874 1332
552 177 874 726
552 178 874 109
552 179 874 491
553 180 874 692
555 181 874 994
559 182 874 1387
560 183 874 600
564 184 874 1385
566 185 874 945
567 186 874 553
567 187 874 334
568 188 874 685
568 189 874 182
569 190 874 548
572 191 874 1341
573 192 874 754
576 193 874 1226
585 194 874 1815
591 195 874 1643
592 196 874 852
608 197 874 1909
610 198 874 1017
612 200 874 75
612 199 874 1031
614 201 874 947
616 202 874 1008
617 203 874 840
626 204 874 1797
631 205 874 1556
633 206 874 931
633 207 874 178
639 208 874 1683
642 209 874 1319
646 210 874 1485
647 211 874 665
647 212 874 57
652 213 874 1562
655 214 874 1158
655 215 874 446
658 216 874 1331
663 217 874 1518
664 218 874 547
664 219 874 119
666 220 874 1139
680 221 874 1902
680 222 874 378
683 223 874 1159
683 224 874 217
684 225 874 521
688 226 874 1400
688 227 874 437
690 228 874 1124
691 229 874 508
696 230 874 1511
700 231 874 1348
706 232 874 1634
708 233 874 1003
708 234 874 415
714 235 874 1670
730 236 874 1910
731 237 874 546
732 238 874 727
740 241 874 374
740 240 874 14
740 239 874 1753
741 242 874 575
744 243 874 1291
745 244 874 622
754 245 874 1808
757 246 874 1284
759 247 874 1116
759 248 874 68
763 250 874 312
763 249 874 1369
766 251 874 1258
770 252 874 1361
772 253 874 898
781 254 874 1816
781 255 874 98
782 256 874 568
790 257 874 1774
791 258 874 622
794 261 874 493
794 259 874 1276
794 260 874 156
796 262 874 979
799 263 874 1174
806 264 874 1733
806 265 874 136
808 266 874 955
810 267 874 978
813 268 874 1147
817 269 874 1413
817 270 874 460
818 271 874 784
819 272 874 790
820 273 874 718
820 274 874 104
821 275 874 764
824 276 874 1326
826 277 874 1012
827 278 874 536
827 279 874 334
830 280 874 1161
830 281 874 283
830 282 874 369
836 283 874 1680
836 284 874 196
836 285 874 252
852 286 874 1912
853 287 874 736
855 288 874 1111
855 289 874 317
857 290 874 1101
857 291 874 136
867 292 874 1848
871 293 874 1376
876 294 874 1597
880 295 874 1445
883 296 874 1320
886 297 874 1325
890 298 874 1482
890 299 874 485
891 300 874 852
891 301 874 305
904 302 874 1894
905 303 874 579
907 304 874 908
911 305 874 1452
911 306 874 468
