0 0 902 134
0 1 902 386
7 2 902 1722
7 3 902 384
7 4 902 230
11 5 902 1426
11 6 902 213
14 8 902 171
14 7 902 1183
23 9 902 1822
24 10 902 563
26 11 902 939
30 12 902 1463
36 13 902 1658
37 14 902 546
38 15 902 517
39 16 902 799
43 17 902 1485
50 18 902 1701
51 19 902 812
51 20 902 265
53 21 902 987
55 22 902 927
58 23 902 1319
63 24 902 1554
65 25 902 1028
78 26 902 1893
81 27 902 1178
83 28 902 1131
87 29 902 1405
88 30 902 671
89 31 902 804
90 32 902 686
93 33 902 1339
93 34 902 283
94 35 902 841
96 36 902 1108
98 37 902 913
105 38 902 1703
106 39 902 832
106 40 902 288
107 41 902 576
107 42 902 243
108 43 902 604
108 44 902 178
115 45 902 1693
115 46 902 202
126 48 902 192
126 47 902 1864
132 49 902 1639
132 50 902 310
141 51 902 1821
142 52 902 650
143 53 902 737
145 54 902 874
147 55 902 1071
151 57 902 402
151 56 902 1383
152 58 902 755
154 59 902 1127
158 60 902 1457
160 61 902 959
160 62 902 51
161 63 902 691
164 64 902 1151
170 66 902 252
170 67 902 124
170 65 902 1684
174 68 902 1375
180 69 902 1630
183 70 902 1333
192 71 902 1811
199 72 902 1707
201 73 902 869
202 74 902 523
208 75 902 1613
209 77 902 323
209 76 902 744
211 78 902 1140
219 79 902 1785
220 80 902 825
220 81 902 28
222 82 902 986
226 83 902 1417
228 84 902 1095
229 86 902 154
229 85 902 774
241 87 902 1874
241 88 902 464
243 89 902 1136
247 90 902 1382
248 91 902 706
248 92 902 157
249 93 902 575
252 94 902 1299
255 95 902 1254
256 96 902 524
260 97 902 1476
264 98 902 1377
264 99 902 419
268 106 902 114
268 104 902 305
268 103 902 487
268 105 902 423
268 101 902 78
268 100 902 1441
268 102 902 489
275 107 902 1705
275 108 902 213
278 109 902 1185
278 110 902 327
280 111 902 1060
283 112 902 1186
285 113 902 895
285 114 902 301
289 115 902 1429
303 116 902 1897
304 117 902 559
309 118 902 1521
309 119 902 377
314 120 902 1529
314 121 902 303
319 123 902 239
319 124 902 247
319 122 902 1584
320 125 902 627
326 126 902 1653
328 127 902 1131
332 128 902 1494
335 129 902 1194
337 130 902 1089
340 131 902 1192
342 132 902 870
343 134 902 343
343 133 902 721
344 135 902 747
348 136 902 1463
349 137 902 499
351 138 902 1111
352 139 902 671
353 140 902 660
353 141 902 373
359 142 902 1660
362 143 902 1203
363 144 902 808
363 145 902 322
367 146 902 1444
370 147 902 1187
370 148 902 273
378 149 902 1794
381 150 902 1281
394 151 902 1889
406 152 902 1880
408 153 902 1000
409 154 902 814
411 155 902 1137
411 156 902 418
411 157 902 250
411 158 902 239
416 159 902 1603
417 160 902 694
419 162 902 211
419 161 902 907
421 163 902 944
421 164 902 96
423 165 902 1060
423 166 902 190
423 167 902 465
424 168 902 551
428 169 902 1478
441 170 902 1890
445 171 902 1398
449 172 902 1373
450 173 902 849
456 174 902 1642
459 175 902 1156
460 176 902 567
460 177 902 381
464 178 902 1355
474 179 902 1849
476 180 902 1107
476 181 902 466
477 182 902 857
483 183 902 1624
493 184 902 1837
495 185 902 1124
498 186 902 1236
506 187 902 1794
516 188 902 1831
518 189 902 1131
518 190 902 329
521 192 902 259
521 191 902 1213
525 193 902 1433
539 194 902 1902
545 195 902 1677
545 196 902 161
546 197 902 716
548 198 902 1107
554 199 902 1673
554 200 902 132
556 201 902 979
557 202 902 635
558 203 902 719
567 204 902 1829
576 205 902 1807
577 206 902 516
579 207 902 1031
582 208 902 1283
587 209 902 1583
588 211 902 37
588 210 902 569
589 212 902 819
589 213 902 314
589 214 902 495
589 215 902 227
589 216 902 50
590 217 902 511
592 218 902 1031
594 219 902 896
601 221 902 321
601 220 902 1748
602 222 902 559
606 223 902 1345
609 224 902 1149
610 225 902 676
612 226 902 1139
623 227 902 1865
625 228 902 872
638 229 902 1889
640 230 902 994
648 231 902 1776
651 232 902 1198
657 233 902 1607
664 234 902 1717
664 235 902 128
672 236 902 1756
672 237 902 137
679 239 902 29
679 238 902 1720
680 240 902 608
680 241 902 205
681 242 902 510
681 243 902 248
682 244 902 561
682 245 902 292
682 246 902 394
693 247 902 1869
695 248 902 937
701 249 902 1674
707 250 902 1627
712 251 902 1575
718 252 902 1610
718 253 902 211
728 254 902 1849
735 255 902 1736
735 256 902 420
738 257 902 1214
743 258 902 1495
746 259 902 1152
747 260 902 668
748 261 902 575
748 262 902 159
751 263 902 1319
752 264 902 588
753 265 902 718
754 266 902 763
756 267 902 1136
757 270 902 396
757 268 902 521
757 269 902 366
767 271 902 1837
768 272 902 715
770 273 902 1001
770 274 902 287
775 275 902 1542
782 276 902 1735
782 277 902 310
783 278 902 784
784 279 902 856
784 280 902 282
787 281 902 1194
789 282 902 927
791 283 902 1122
791 284 902 262
794 285 902 1343
794 286 902 165
796 287 902 987
802 288 902 1682
817 289 902 1906
823 290 902 1633
824 291 902 541
825 292 902 567
826 293 902 568
829 294 902 1286
829 295 902 32
829 296 902 46
831 297 902 1116
836 298 902 1584
844 299 902 1767
848 300 902 1454
851 301 902 1182
855 302 902 1347
856 303 902 570
859 304 902 1278
866 305 902 1715
867 306 902 860
