2 0 880 992
3 1 880 789
3 2 880 81
3 3 880 323
10 4 880 1732
13 5 880 1285
13 6 880 100
13 7 880 68
14 8 880 528
17 9 880 1184
20 10 880 1282
25 11 880 1528
26 12 880 866
27 13 880 788
28 14 880 741
36 15 880 1764
39 16 880 1267
42 17 880 1215
45 19 880 430
45 18 880 1177
52 20 880 1718
65 21 880 1890
67 22 880 1037
68 23 880 512
68 24 880 386
69 25 880 586
71 26 880 1105
73 27 880 944
76 28 880 1166
83 29 880 1690
102 30 880 1919
102 31 880 72
104 32 880 879
106 33 880 995
110 34 880 1416
111 35 880 770
114 36 880 1239
115 37 880 854
121 38 880 1609
125 39 880 1435
125 40 880 131
125 41 880 465
125 42 880 453
142 43 880 1916
143 44 880 601
145 47 880 447
145 46 880 221
145 45 880 942
147 48 880 978
150 49 880 1231
154 50 880 1348
158 51 880 1469
158 52 880 346
163 53 880 1555
163 54 880 83
165 55 880 1027
171 56 880 1677
175 57 880 1493
186 58 880 1861
189 59 880 1146
189 60 880 179
191 61 880 1080
192 62 880 827
193 63 880 763
196 64 880 1190
199 65 880 1210
200 66 880 649
209 67 880 1795
212 68 880 1297
226 69 880 1896
227 70 880 525
227 71 880 413
232 72 880 1531
238 73 880 1666
238 74 880 298
241 75 880 1253
245 76 880 1437
247 77 880 1045
257 78 880 1835
261 79 880 1368
261 80 880 365
262 81 880 658
275 82 880 1891
286 84 880 341
286 85 880 450
286 83 880 1859
292 86 880 1650
295 87 880 1249
297 88 880 912
297 89 880 388
299 90 880 1018
305 91 880 1670
307 93 880 462
307 92 880 918
310 94 880 1256
312 95 880 976
317 96 880 1562
323 97 880 1614
324 98 880 725
327 99 880 1316
327 100 880 293
327 101 880 350
329 102 880 1075
331 103 880 1007
332 104 880 706
334 105 880 935
345 106 880 1862
346 107 880 604
349 108 880 1256
350 109 880 755
355 110 880 1515
356 111 880 631
361 112 880 1583
361 113 880 492
362 114 880 780
366 115 880 1445
368 116 880 1114
370 117 880 892
370 118 880 421
371 119 880 739
375 120 880 1484
378 121 880 1325
380 122 880 883
382 123 880 908
384 124 880 878
385 125 880 779
389 126 880 1419
391 127 880 1069
391 128 880 410
394 129 880 1247
400 130 880 1615
407 131 880 1747
407 132 880 320
408 133 880 518
410 134 880 1075
410 135 880 14
415 136 880 1508
417 137 880 883
420 138 880 1153
423 139 880 1331
424 140 880 512
426 141 880 1046
444 143 880 156
444 142 880 1917
445 144 880 798
445 145 880 386
445 146 880 87
445 147 880 425
450 148 880 1606
457 149 880 1735
465 150 880 1786
466 151 880 670
469 152 880 1193
485 153 880 1910
493 154 880 1757
495 155 880 892
499 156 880 1391
499 157 880 166
499 158 880 129
509 159 880 1851
513 160 880 1440
514 163 880 8
514 162 880 193
514 161 880 793
516 164 880 1064
523 165 880 1692
523 166 880 311
525 167 880 1064
528 168 880 1341
529 169 880 766
540 170 880 1862
540 171 880 230
546 172 880 1664
548 173 880 1015
548 174 880 227
548 175 880 438
551 176 880 1332
552 177 880 726
552 178 880 109
552 179 880 491
553 180 880 692
555 181 880 994
559 182 880 1387
560 183 880 600
564 184 880 1385
566 185 880 945
567 186 880 553
567 187 880 334
568 188 880 685
568 189 880 182
569 190 880 548
572 191 880 1341
573 192 880 754
576 193 880 1226
585 194 880 1815
591 195 880 1643
592 196 880 852
608 197 880 1909
610 198 880 1017
612 200 880 75
612 199 880 1031
614 201 880 947
616 202 880 1008
617 203 880 840
626 204 880 1797
631 205 880 1556
633 206 880 931
633 207 880 178
639 208 880 1683
642 209 880 1319
646 210 880 1485
647 211 880 665
647 212 880 57
652 213 880 1562
655 214 880 1158
655 215 880 446
658 216 880 1331
663 217 880 1518
664 218 880 547
664 219 880 119
666 220 880 1139
680 221 880 1902
680 222 880 378
683 223 880 1159
683 224 880 217
684 225 880 521
688 226 880 1400
688 227 880 437
690 228 880 1124
691 229 880 508
696 230 880 1511
700 231 880 1348
706 232 880 1634
708 233 880 1003
708 234 880 415
714 235 880 1670
730 236 880 1910
731 237 880 546
732 238 880 727
740 241 880 374
740 240 880 14
740 239 880 1753
741 242 880 575
744 243 880 1291
745 244 880 622
754 245 880 1808
757 246 880 1284
759 247 880 1116
759 248 880 68
763 250 880 312
763 249 880 1369
766 251 880 1258
770 252 880 1361
772 253 880 898
781 254 880 1816
781 255 880 98
782 256 880 568
790 257 880 1774
791 258 880 622
794 261 880 493
794 259 880 1276
794 260 880 156
796 262 880 979
799 263 880 1174
806 264 880 1733
806 265 880 136
808 266 880 955
810 267 880 978
813 268 880 1147
817 269 880 1413
817 270 880 460
818 271 880 784
819 272 880 790
820 273 880 718
820 274 880 104
821 275 880 764
824 276 880 1326
826 277 880 1012
827 278 880 536
827 279 880 334
830 280 880 1161
830 281 880 283
830 282 880 369
836 283 880 1680
836 284 880 196
836 285 880 252
852 286 880 1912
853 287 880 736
855 288 880 1111
855 289 880 317
857 290 880 1101
857 291 880 136
867 292 880 1848
871 293 880 1376
876 294 880 1597
880 295 880 1445
883 296 880 1320
886 297 880 1325
890 298 880 1482
890 299 880 485
891 300 880 852
891 301 880 305
904 302 880 1894
905 303 880 579
907 304 880 908
911 305 880 1452
911 306 880 468
