3 0 1661 1222
3 1 1661 150
6 2 1661 1248
8 3 1661 868
12 4 1661 1458
18 5 1661 1634
18 6 1661 378
21 7 1661 1299
28 9 1661 394
28 8 1661 1734
29 10 1661 545
30 11 1661 776
38 12 1661 1751
45 13 1661 1711
45 14 1661 158
51 15 1661 1614
51 16 1661 358
62 17 1661 1861
66 18 1661 1362
71 19 1661 1557
73 20 1661 944
73 21 1661 237
75 22 1661 1073
75 23 1661 3
77 24 1661 1016
81 25 1661 1394
88 27 1661 10
88 26 1661 1733
89 28 1661 525
89 29 1661 201
92 30 1661 1272
93 31 1661 790
95 32 1661 1086
95 33 1661 387
96 34 1661 512
100 35 1661 1419
102 38 1661 93
102 37 1661 11
102 36 1661 1072
109 39 1661 1737
115 40 1661 1642
117 41 1661 997
120 42 1661 1341
122 43 1661 1094
122 44 1661 197
123 47 1661 262
123 46 1661 173
123 45 1661 504
125 48 1661 1129
125 49 1661 355
125 50 1661 10
135 51 1661 1850
143 52 1661 1774
143 53 1661 130
143 54 1661 190
145 55 1661 984
147 56 1661 1001
150 57 1661 1244
158 58 1661 1776
158 59 1661 64
167 60 1661 1825
167 61 1661 368
168 62 1661 774
173 63 1661 1532
175 64 1661 1046
181 65 1661 1679
187 66 1661 1615
191 67 1661 1364
194 68 1661 1199
195 69 1661 664
196 70 1661 541
196 71 1661 347
204 72 1661 1767
209 73 1661 1550
219 74 1661 1840
231 75 1661 1872
232 76 1661 821
247 77 1661 1904
254 78 1661 1731
255 79 1661 512
258 80 1661 1221
262 81 1661 1470
263 83 1661 170
263 84 1661 191
263 82 1661 805
267 85 1661 1346
269 86 1661 941
271 87 1661 955
271 88 1661 197
275 89 1661 1452
275 90 1661 418
283 92 1661 159
283 91 1661 1752
283 93 1661 29
293 94 1661 1836
296 95 1661 1273
296 96 1661 222
303 97 1661 1733
303 98 1661 47
303 99 1661 442
304 100 1661 813
305 101 1661 734
307 103 1661 465
307 102 1661 988
314 104 1661 1738
319 105 1661 1587
319 106 1661 83
319 107 1661 223
319 108 1661 214
319 109 1661 242
319 110 1661 162
321 111 1661 1021
325 112 1661 1438
328 113 1661 1264
329 114 1661 767
329 115 1661 355
333 116 1661 1487
334 117 1661 603
337 118 1661 1341
343 119 1661 1624
344 120 1661 738
345 121 1661 659
348 122 1661 1166
354 123 1661 1672
354 124 1661 246
355 125 1661 714
355 126 1661 187
362 127 1661 1738
368 128 1661 1639
369 129 1661 566
375 130 1661 1649
377 131 1661 1013
388 132 1661 1856
391 133 1661 1289
397 134 1661 1623
397 135 1661 487
397 136 1661 482
397 137 1661 340
397 138 1661 357
398 139 1661 528
401 140 1661 1263
402 141 1661 717
403 142 1661 740
415 143 1661 1880
418 144 1661 1290
421 145 1661 1321
421 146 1661 314
422 147 1661 820
425 148 1661 1186
429 149 1661 1481
436 150 1661 1711
441 152 1661 392
441 153 1661 348
441 151 1661 1544
447 154 1661 1629
447 155 1661 154
451 156 1661 1492
454 157 1661 1240
454 158 1661 218
456 159 1661 1023
460 160 1661 1400
460 161 1661 269
461 162 1661 509
466 163 1661 1572
467 164 1661 517
469 165 1661 1074
471 166 1661 1089
471 167 1661 148
476 168 1661 1565
476 169 1661 280
485 170 1661 1797
488 172 1661 246
488 171 1661 1147
489 173 1661 812
489 174 1661 360
489 175 1661 20
499 176 1661 1843
502 177 1661 1211
502 178 1661 381
503 179 1661 850
503 180 1661 399
506 181 1661 1292
507 182 1661 552
507 183 1661 158
508 184 1661 780
508 185 1661 105
509 186 1661 620
514 187 1661 1508
519 188 1661 1584
523 189 1661 1469
525 190 1661 919
528 191 1661 1166
528 192 1661 121
531 193 1661 1258
533 194 1661 1053
535 195 1661 994
535 196 1661 208
537 197 1661 1092
541 201 1661 165
541 200 1661 231
541 198 1661 1362
541 199 1661 216
544 202 1661 1179
546 203 1661 906
552 204 1661 1608
553 205 1661 563
556 206 1661 1297
561 207 1661 1504
577 208 1661 1913
583 211 1661 281
583 209 1661 1608
583 210 1661 235
584 212 1661 859
587 213 1661 1293
588 214 1661 624
588 215 1661 107
594 216 1661 1642
594 217 1661 351
595 219 1661 412
595 218 1661 792
595 220 1661 453
600 221 1661 1506
600 222 1661 489
600 223 1661 96
603 224 1661 1285
604 225 1661 630
606 226 1661 1025
608 227 1661 913
614 228 1661 1684
617 229 1661 1290
624 230 1661 1737
625 231 1661 750
633 232 1661 1774
633 233 1661 165
634 234 1661 618
634 235 1661 234
634 236 1661 112
639 239 1661 217
639 238 1661 474
639 237 1661 1570
640 240 1661 733
642 241 1661 1041
647 242 1661 1520
661 243 1661 1901
664 244 1661 1233
665 245 1661 638
665 246 1661 307
666 247 1661 753
667 248 1661 634
669 249 1661 945
672 250 1661 1277
680 251 1661 1781
680 252 1661 300
682 253 1661 949
688 254 1661 1688
689 255 1661 650
694 256 1661 1601
696 257 1661 1083
701 258 1661 1546
703 259 1661 978
707 260 1661 1462
707 261 1661 383
714 262 1661 1745
715 263 1661 622
724 264 1661 1796
728 265 1661 1410
728 266 1661 431
729 267 1661 693
730 268 1661 675
730 269 1661 389
750 270 1661 1920
750 271 1661 71
759 272 1661 1802
760 273 1661 575
765 274 1661 1604
768 275 1661 1337
784 276 1661 1911
785 277 1661 512
786 278 1661 788
787 279 1661 646
787 280 1661 322
787 281 1661 272
787 282 1661 279
788 283 1661 738
788 284 1661 13
800 286 1661 449
800 285 1661 1880
801 287 1661 824
801 288 1661 402
814 289 1661 1893
815 290 1661 557
817 291 1661 953
817 292 1661 23
821 293 1661 1420
822 295 1661 349
822 294 1661 679
825 296 1661 1220
827 297 1661 897
827 298 1661 104
834 299 1661 1747
834 300 1661 206
839 302 1661 78
839 303 1661 244
839 301 1661 1538
841 304 1661 949
844 305 1661 1205
859 306 1661 1904
