0 0 542 253
0 1 542 240
2 2 542 1032
6 3 542 1436
6 4 542 348
6 5 542 334
9 6 542 1318
16 7 542 1694
17 8 542 779
20 9 542 1255
21 10 542 518
21 11 542 431
27 12 542 1653
29 13 542 990
29 14 542 393
31 15 542 953
32 16 542 562
33 17 542 600
33 18 542 79
36 19 542 1157
40 20 542 1431
43 21 542 1310
46 22 542 1157
49 23 542 1183
60 24 542 1865
60 25 542 156
64 26 542 1493
65 27 542 846
65 28 542 238
66 29 542 772
70 30 542 1427
71 31 542 655
74 32 542 1154
75 33 542 613
75 34 542 383
78 35 542 1290
79 36 542 762
88 37 542 1801
89 39 542 447
89 38 542 687
90 40 542 825
93 41 542 1259
97 42 542 1429
98 43 542 702
101 44 542 1210
102 45 542 713
106 46 542 1391
108 47 542 934
110 48 542 944
121 50 542 3
121 49 542 1870
123 51 542 1121
126 52 542 1202
126 53 542 98
129 54 542 1320
130 55 542 867
132 56 542 1007
140 57 542 1773
145 59 542 192
145 58 542 1495
146 60 542 766
146 61 542 472
150 62 542 1456
150 63 542 6
158 64 542 1753
166 65 542 1787
169 66 542 1201
171 67 542 1039
172 68 542 607
174 69 542 1028
174 70 542 190
175 71 542 686
185 72 542 1838
190 73 542 1556
190 74 542 331
190 75 542 171
199 77 542 455
199 76 542 1806
213 78 542 1898
216 79 542 1151
217 80 542 689
218 81 542 558
227 82 542 1827
227 83 542 292
228 84 542 769
228 85 542 305
232 86 542 1378
234 87 542 1055
237 88 542 1218
241 89 542 1440
241 90 542 282
243 91 542 913
243 92 542 305
243 93 542 495
248 95 542 353
248 94 542 1606
255 96 542 1728
259 97 542 1423
261 98 542 873
265 99 542 1348
269 100 542 1436
269 101 542 352
269 102 542 327
279 103 542 1840
285 104 542 1679
288 105 542 1241
291 106 542 1208
296 107 542 1570
303 108 542 1692
306 109 542 1148
308 110 542 986
309 111 542 552
318 112 542 1800
318 113 542 344
322 115 542 207
322 114 542 1427
323 116 542 570
326 117 542 1163
329 118 542 1161
333 119 542 1448
333 120 542 408
333 121 542 146
340 122 542 1745
342 123 542 1091
343 124 542 745
346 125 542 1202
346 126 542 380
349 127 542 1343
361 128 542 1874
375 129 542 1903
375 130 542 367
375 131 542 383
380 132 542 1506
381 133 542 550
387 134 542 1639
387 135 542 336
387 136 542 230
403 137 542 1911
404 138 542 538
408 139 542 1453
410 140 542 1021
417 141 542 1733
420 144 542 453
420 142 542 1288
420 143 542 69
426 145 542 1654
428 146 542 1037
441 147 542 1886
443 148 542 992
447 149 542 1399
454 150 542 1708
455 151 542 565
455 152 542 261
459 153 542 1350
461 154 542 939
464 155 542 1290
465 156 542 531
468 157 542 1161
470 158 542 1094
470 159 542 477
471 160 542 861
479 161 542 1790
485 162 542 1620
492 163 542 1714
493 164 542 781
494 165 542 603
496 166 542 971
499 167 542 1250
500 168 542 629
502 169 542 1091
516 170 542 1902
517 171 542 583
518 172 542 624
524 173 542 1633
524 174 542 427
525 175 542 600
526 176 542 782
532 177 542 1676
533 178 542 637
535 184 542 194
535 183 542 475
535 182 542 350
535 181 542 419
535 180 542 164
535 179 542 1016
542 185 542 1727
542 186 542 121
542 187 542 156
547 188 542 1535
547 189 542 348
554 190 542 1729
556 191 542 994
557 192 542 816
557 193 542 61
558 194 542 591
561 195 542 1155
561 196 542 112
566 197 542 1499
569 198 542 1213
577 199 542 1775
578 200 542 683
585 201 542 1712
588 202 542 1256
597 203 542 1826
601 204 542 1422
603 205 542 1124
614 206 542 1866
615 207 542 552
617 208 542 923
617 209 542 338
618 210 542 508
619 211 542 780
620 212 542 523
620 213 542 78
620 214 542 312
620 215 542 441
624 216 542 1439
627 217 542 1145
632 218 542 1519
634 220 542 482
634 219 542 978
635 221 542 815
641 222 542 1639
641 223 542 280
644 224 542 1286
646 225 542 907
653 226 542 1691
654 227 542 563
656 228 542 1041
659 230 542 488
659 229 542 1196
662 231 542 1207
662 232 542 463
663 233 542 787
663 234 542 332
663 235 542 376
665 236 542 1087
665 237 542 449
667 238 542 978
669 239 542 995
677 240 542 1786
681 241 542 1493
684 242 542 1158
687 243 542 1197
695 244 542 1765
697 245 542 949
697 246 542 470
698 247 542 738
704 249 542 150
704 248 542 1673
710 250 542 1641
712 251 542 891
727 252 542 1905
727 253 542 234
730 254 542 1293
738 255 542 1792
738 256 542 73
740 257 542 975
741 258 542 540
742 259 542 514
746 260 542 1358
749 261 542 1302
753 262 542 1435
759 263 542 1651
767 264 542 1774
770 265 542 1225
770 266 542 317
776 267 542 1660
782 268 542 1670
793 269 542 1861
796 270 542 1278
798 271 542 990
798 272 542 166
799 273 542 524
801 274 542 1117
803 275 542 913
808 280 542 436
808 279 542 336
808 277 542 442
808 276 542 1582
808 278 542 440
810 281 542 953
811 282 542 815
813 283 542 891
817 284 542 1479
822 285 542 1522
825 287 542 228
825 286 542 1227
829 288 542 1419
829 289 542 465
829 290 542 303
829 291 542 112
839 292 542 1834
839 293 542 464
844 295 542 483
844 296 542 58
844 294 542 1561
848 297 542 1431
852 298 542 1347
853 299 542 539
854 300 542 632
855 301 542 735
857 302 542 992
864 303 542 1737
865 304 542 796
866 305 542 651
867 306 542 724
