1 0 1805 501
3 1 1805 890
3 2 1805 255
3 3 1805 159
11 4 1805 1764
12 5 1805 550
12 6 1805 198
12 7 1805 372
21 8 1805 1810
25 9 1805 1448
28 10 1805 1196
35 11 1805 1724
35 12 1805 332
39 16 1805 248
39 15 1805 484
39 17 1805 431
39 13 1805 1465
39 14 1805 157
40 18 1805 828
41 19 1805 562
41 20 1805 456
45 21 1805 1369
46 22 1805 794
46 23 1805 413
50 24 1805 1352
55 25 1805 1573
61 26 1805 1618
67 27 1805 1664
67 28 1805 350
70 29 1805 1260
74 30 1805 1411
76 31 1805 1084
77 32 1805 679
82 33 1805 1499
89 34 1805 1696
91 36 1805 479
91 37 1805 2
91 35 1805 1124
99 38 1805 1793
102 39 1805 1275
107 40 1805 1599
107 41 1805 351
119 42 1805 1880
126 43 1805 1738
134 44 1805 1764
139 45 1805 1517
143 47 1805 213
143 46 1805 1349
146 48 1805 1244
147 49 1805 819
147 50 1805 219
148 51 1805 604
151 52 1805 1205
164 53 1805 1894
166 54 1805 999
168 56 1805 96
168 55 1805 1056
176 57 1805 1766
177 58 1805 731
177 59 1805 190
178 60 1805 856
178 61 1805 459
178 62 1805 22
179 64 1805 36
179 65 1805 111
179 63 1805 550
181 66 1805 1044
182 67 1805 758
189 68 1805 1694
191 69 1805 958
191 70 1805 5
191 71 1805 246
192 72 1805 563
196 73 1805 1477
198 74 1805 888
198 75 1805 105
202 76 1805 1414
204 77 1805 980
205 78 1805 574
213 79 1805 1759
213 80 1805 224
217 81 1805 1405
217 82 1805 419
221 83 1805 1456
223 84 1805 1040
224 85 1805 806
233 86 1805 1803
234 87 1805 710
235 88 1805 499
236 89 1805 639
238 90 1805 1028
239 91 1805 637
242 92 1805 1195
247 93 1805 1602
247 94 1805 418
249 96 1805 329
249 95 1805 1139
252 97 1805 1329
259 98 1805 1702
265 99 1805 1652
265 100 1805 472
266 101 1805 590
266 102 1805 443
266 103 1805 285
267 104 1805 814
281 106 1805 41
281 105 1805 1898
287 107 1805 1653
289 108 1805 1005
291 109 1805 894
296 110 1805 1567
298 111 1805 1040
301 112 1805 1192
303 113 1805 896
316 114 1805 1890
320 115 1805 1376
320 116 1805 39
320 117 1805 491
324 118 1805 1435
327 119 1805 1155
327 120 1805 233
327 121 1805 334
327 122 1805 258
329 123 1805 1054
340 124 1805 1855
343 125 1805 1292
345 126 1805 976
347 127 1805 886
349 128 1805 1058
355 129 1805 1673
362 130 1805 1700
362 131 1805 84
365 132 1805 1203
366 133 1805 846
369 134 1805 1287
374 135 1805 1558
376 136 1805 961
376 137 1805 133
377 138 1805 641
379 139 1805 1067
380 140 1805 765
380 141 1805 150
386 142 1805 1629
391 143 1805 1529
393 144 1805 997
409 145 1805 1912
413 146 1805 1369
413 147 1805 298
419 148 1805 1636
421 149 1805 967
423 150 1805 1100
431 151 1805 1763
440 152 1805 1819
441 153 1805 547
445 154 1805 1419
445 155 1805 138
445 156 1805 331
448 157 1805 1314
448 158 1805 355
452 159 1805 1447
454 160 1805 922
456 161 1805 1079
457 162 1805 594
460 163 1805 1256
462 164 1805 1118
466 165 1805 1482
474 166 1805 1762
474 167 1805 346
479 168 1805 1534
479 169 1805 332
479 170 1805 415
489 171 1805 1830
497 175 1805 82
497 174 1805 389
497 172 1805 1774
497 173 1805 368
498 176 1805 629
499 177 1805 654
499 178 1805 57
510 179 1805 1868
520 180 1805 1847
521 181 1805 677
524 183 1805 91
524 182 1805 1174
525 184 1805 573
536 185 1805 1862
536 186 1805 190
537 187 1805 656
541 188 1805 1352
544 189 1805 1148
547 190 1805 1226
552 191 1805 1571
559 192 1805 1703
561 193 1805 1119
561 194 1805 144
567 195 1805 1610
571 196 1805 1480
571 197 1805 373
571 198 1805 411
575 199 1805 1440
575 200 1805 150
577 201 1805 1023
578 202 1805 688
581 203 1805 1304
582 204 1805 551
585 205 1805 1194
602 206 1805 1913
606 207 1805 1450
606 208 1805 157
609 209 1805 1336
613 210 1805 1433
618 211 1805 1602
621 212 1805 1257
621 213 1805 412
626 214 1805 1524
626 215 1805 244
636 216 1805 1830
637 217 1805 503
638 218 1805 682
641 219 1805 1180
644 220 1805 1291
646 221 1805 1105
648 222 1805 918
648 223 1805 385
650 224 1805 1030
651 225 1805 768
651 226 1805 127
652 227 1805 654
652 228 1805 223
653 229 1805 703
654 232 1805 243
654 230 1805 526
654 231 1805 255
655 233 1805 542
662 234 1805 1717
663 235 1805 823
680 236 1805 1914
688 237 1805 1794
692 238 1805 1464
695 239 1805 1304
707 240 1805 1874
708 241 1805 664
708 242 1805 498
708 243 1805 16
714 244 1805 1639
719 245 1805 1549
719 246 1805 314
722 247 1805 1291
727 248 1805 1520
736 249 1805 1825
743 250 1805 1704
745 251 1805 977
751 252 1805 1615
754 253 1805 1155
754 254 1805 148
756 255 1805 969
756 256 1805 104
756 257 1805 302
756 258 1805 274
763 259 1805 1708
765 260 1805 1066
768 261 1805 1258
771 262 1805 1227
775 263 1805 1378
776 264 1805 809
779 265 1805 1177
783 266 1805 1359
784 267 1805 715
785 268 1805 619
786 271 1805 35
786 269 1805 700
786 270 1805 255
788 272 1805 964
791 273 1805 1302
794 274 1805 1231
795 275 1805 626
796 276 1805 606
798 277 1805 902
799 278 1805 671
803 280 1805 453
803 279 1805 1405
804 281 1805 761
806 282 1805 1059
806 283 1805 322
808 284 1805 923
812 285 1805 1474
813 286 1805 565
815 288 1805 393
815 287 1805 1012
816 289 1805 748
817 290 1805 718
823 291 1805 1611
828 292 1805 1520
834 293 1805 1680
834 294 1805 238
835 295 1805 615
839 296 1805 1362
841 297 1805 1045
843 298 1805 1131
843 299 1805 461
843 300 1805 189
848 301 1805 1524
849 302 1805 671
850 303 1805 819
855 304 1805 1570
861 305 1805 1668
861 306 1805 13
