0 0 73 184
5 1 73 1593
5 2 73 424
6 3 73 859
6 4 73 407
8 5 73 946
12 6 73 1465
13 7 73 790
14 8 73 562
16 9 73 1047
17 10 73 795
22 11 73 1587
29 12 73 1698
30 13 73 586
30 14 73 296
32 15 73 894
32 16 73 383
32 17 73 487
33 18 73 608
43 19 73 1845
45 20 73 948
45 21 73 293
48 22 73 1242
52 28 73 308
52 26 73 19
52 27 73 136
52 24 73 356
52 23 73 1382
52 25 73 287
54 29 73 1063
61 30 73 1695
71 31 73 1837
74 32 73 1261
74 33 73 229
77 34 73 1149
78 35 73 511
78 36 73 31
80 37 73 872
81 38 73 846
81 39 73 376
94 40 73 1888
100 41 73 1638
100 42 73 92
106 43 73 1649
106 44 73 215
111 45 73 1545
119 46 73 1757
125 47 73 1668
125 48 73 493
135 49 73 1842
135 50 73 341
155 51 73 1921
156 52 73 675
163 53 73 1695
166 54 73 1311
175 56 73 351
175 55 73 1816
177 57 73 967
178 58 73 502
178 59 73 119
180 60 73 927
183 61 73 1328
183 62 73 481
187 63 73 1424
190 64 73 1276
192 65 73 883
192 66 73 326
196 67 73 1469
200 68 73 1361
207 69 73 1710
208 70 73 863
212 71 73 1435
217 73 73 231
217 72 73 1565
229 74 73 1882
232 76 73 200
232 75 73 1235
237 77 73 1518
240 78 73 1167
241 79 73 736
241 80 73 455
241 81 73 276
246 82 73 1567
246 83 73 391
247 84 73 722
254 85 73 1699
257 86 73 1161
261 87 73 1490
262 88 73 843
265 89 73 1258
265 90 73 159
267 91 73 989
267 92 73 369
268 93 73 727
272 94 73 1374
273 95 73 559
276 96 73 1156
277 97 73 593
277 98 73 372
280 99 73 1256
283 100 73 1219
283 101 73 288
283 102 73 306
284 103 73 707
286 104 73 978
287 105 73 830
287 106 73 355
287 107 73 443
294 108 73 1737
294 109 73 75
300 110 73 1615
301 111 73 757
308 112 73 1724
315 113 73 1691
320 114 73 1589
321 115 73 651
327 116 73 1686
327 117 73 90
328 118 73 701
333 119 73 1501
339 120 73 1646
340 121 73 760
341 123 73 103
341 122 73 625
346 124 73 1551
355 125 73 1799
357 126 73 1065
358 127 73 838
359 128 73 781
362 130 73 79
362 129 73 1322
367 131 73 1532
370 132 73 1145
380 133 73 1835
384 134 73 1441
384 135 73 167
397 136 73 1894
398 137 73 860
401 138 73 1337
410 139 73 1816
413 140 73 1344
414 141 73 717
420 142 73 1678
421 143 73 768
426 144 73 1567
429 145 73 1326
432 146 73 1189
433 147 73 602
435 148 73 1063
436 149 73 723
437 150 73 798
439 151 73 1065
448 152 73 1816
449 153 73 795
454 154 73 1535
454 155 73 458
459 156 73 1587
459 157 73 203
461 158 73 1081
463 159 73 1104
470 160 73 1689
474 161 73 1442
479 163 73 415
479 162 73 1587
500 164 73 1921
500 165 73 83
505 166 73 1537
514 167 73 1814
514 168 73 249
518 169 73 1421
519 170 73 682
520 171 73 825
521 172 73 677
522 173 73 810
522 174 73 157
524 175 73 928
526 176 73 1007
534 177 73 1782
534 178 73 460
534 179 73 224
535 181 73 463
535 180 73 610
542 182 73 1699
542 183 73 58
543 184 73 524
545 185 73 938
551 186 73 1640
551 187 73 349
551 188 73 299
553 189 73 983
554 190 73 504
561 191 73 1690
568 192 73 1703
568 193 73 233
568 194 73 126
577 195 73 1827
579 196 73 1055
582 197 73 1262
583 198 73 771
587 199 73 1484
594 200 73 1714
597 201 73 1299
597 202 73 353
602 203 73 1566
602 204 73 41
616 205 73 1897
616 206 73 388
618 207 73 1006
619 208 73 638
620 209 73 606
624 210 73 1376
631 211 73 1730
637 212 73 1668
638 213 73 857
638 214 73 493
641 215 73 1226
647 216 73 1667
652 217 73 1528
661 218 73 1815
663 220 73 367
663 219 73 983
666 221 73 1187
671 222 73 1514
674 223 73 1191
676 224 73 916
678 225 73 916
680 226 73 1047
680 227 73 444
681 228 73 683
681 229 73 255
690 230 73 1798
696 231 73 1669
698 232 73 1010
700 233 73 901
700 234 73 434
703 235 73 1236
703 236 73 110
703 237 73 133
703 238 73 17
704 239 73 551
705 240 73 550
706 241 73 634
712 242 73 1636
718 243 73 1618
723 244 73 1531
724 245 73 699
724 246 73 22
725 247 73 845
731 248 73 1664
732 249 73 825
732 250 73 159
736 251 73 1452
740 252 73 1372
747 253 73 1713
749 254 73 1117
750 255 73 527
757 256 73 1709
759 257 73 1086
760 258 73 649
762 259 73 1049
763 260 73 849
774 261 73 1868
774 262 73 322
774 263 73 383
775 264 73 733
781 265 73 1632
782 266 73 720
783 268 73 423
783 267 73 766
786 269 73 1182
788 270 73 1116
793 271 73 1534
798 272 73 1510
801 273 73 1264
801 274 73 433
807 275 73 1657
811 276 73 1476
820 277 73 1821
825 278 73 1585
825 279 73 217
827 280 73 894
827 281 73 201
828 282 73 704
836 283 73 1783
836 284 73 95
836 285 73 345
836 286 73 297
839 287 73 1222
846 288 73 1709
856 289 73 1832
860 290 73 1451
862 291 73 948
866 292 73 1408
868 293 73 893
874 294 73 1626
875 296 73 312
875 295 73 606
878 297 73 1252
880 298 73 885
889 299 73 1823
904 300 73 1904
907 303 73 482
907 301 73 1180
907 302 73 422
913 304 73 1633
914 305 73 550
925 306 73 1866
