4 0 679 1481
16 1 679 1880
17 2 679 840
25 3 679 1781
30 4 679 1579
36 5 679 1631
37 6 679 596
38 7 679 729
38 8 679 48
43 9 679 1545
44 10 679 657
45 11 679 607
46 12 679 662
48 13 679 981
49 14 679 762
50 15 679 680
54 16 679 1383
59 20 679 141
59 19 679 411
59 18 679 103
59 17 679 1601
60 21 679 578
63 22 679 1206
63 23 679 41
75 24 679 1884
77 25 679 891
78 26 679 512
84 27 679 1624
91 28 679 1699
96 29 679 1516
96 30 679 34
97 31 679 594
100 32 679 1209
104 33 679 1424
106 34 679 1070
108 35 679 959
110 36 679 1130
113 38 679 91
113 37 679 1269
114 39 679 582
117 40 679 1283
124 41 679 1713
124 42 679 188
130 43 679 1658
133 44 679 1329
133 45 679 77
134 47 679 236
134 46 679 824
135 48 679 785
135 49 679 180
136 50 679 752
151 51 679 1906
155 52 679 1433
156 53 679 682
166 54 679 1836
168 55 679 903
169 56 679 673
170 57 679 799
179 58 679 1821
180 59 679 688
182 60 679 1118
184 61 679 897
186 62 679 954
186 63 679 456
191 65 679 62
191 64 679 1510
194 66 679 1322
197 67 679 1163
207 68 679 1836
214 69 679 1728
218 70 679 1474
218 71 679 113
223 72 679 1509
227 73 679 1446
229 75 679 352
229 76 679 389
229 74 679 1052
233 77 679 1473
234 78 679 636
243 79 679 1806
243 80 679 66
243 81 679 276
244 82 679 839
249 83 679 1518
250 85 679 53
250 84 679 764
252 86 679 1086
253 87 679 527
258 88 679 1512
258 89 679 167
258 90 679 285
258 91 679 330
262 92 679 1372
265 93 679 1328
269 95 679 386
269 94 679 1388
270 96 679 759
276 97 679 1657
276 98 679 147
279 99 679 1267
280 100 679 679
285 101 679 1586
285 102 679 324
287 103 679 981
288 104 679 631
289 105 679 638
289 106 679 396
305 107 679 1911
310 108 679 1554
314 109 679 1484
315 110 679 513
317 111 679 1125
317 112 679 163
317 113 679 15
318 114 679 621
319 115 679 842
319 116 679 58
323 117 679 1360
329 118 679 1616
333 119 679 1457
335 120 679 900
336 121 679 795
341 122 679 1575
347 123 679 1669
351 124 679 1442
354 125 679 1143
355 126 679 666
355 127 679 180
355 128 679 58
356 129 679 666
361 130 679 1518
362 131 679 657
365 132 679 1325
368 133 679 1294
370 134 679 1126
370 135 679 405
382 136 679 1876
390 137 679 1782
392 138 679 887
392 139 679 126
397 140 679 1581
399 141 679 1099
401 142 679 897
401 143 679 28
406 144 679 1579
408 145 679 1085
408 146 679 167
412 147 679 1357
413 148 679 707
414 149 679 545
414 150 679 327
417 152 679 40
417 151 679 1323
418 154 679 366
418 153 679 615
427 155 679 1809
427 156 679 10
428 157 679 580
432 158 679 1463
436 159 679 1412
450 160 679 1896
450 161 679 215
460 162 679 1852
462 163 679 888
475 164 679 1891
483 165 679 1780
490 166 679 1724
491 167 679 794
492 168 679 813
492 169 679 215
494 171 679 200
494 172 679 472
494 170 679 891
498 173 679 1490
507 174 679 1800
514 175 679 1726
523 176 679 1822
528 177 679 1547
528 178 679 90
528 179 679 357
530 180 679 976
533 181 679 1234
537 182 679 1398
541 183 679 1438
541 184 679 338
541 185 679 194
542 186 679 616
543 187 679 709
545 188 679 927
548 189 679 1242
548 190 679 395
551 192 679 318
551 191 679 1295
555 193 679 1400
555 194 679 154
559 195 679 1366
562 196 679 1172
562 197 679 9
562 198 679 62
569 199 679 1723
572 200 679 1285
575 201 679 1298
576 202 679 543
576 203 679 491
581 204 679 1578
581 205 679 126
582 206 679 850
582 207 679 475
583 208 679 740
584 209 679 565
600 212 679 490
600 210 679 1912
600 211 679 388
602 213 679 1106
602 214 679 436
603 215 679 662
604 216 679 741
604 217 679 413
605 218 679 550
612 219 679 1696
615 220 679 1164
617 221 679 1014
625 222 679 1791
630 223 679 1496
637 224 679 1745
642 225 679 1521
651 226 679 1807
653 227 679 997
656 228 679 1335
656 229 679 433
657 230 679 553
666 231 679 1812
670 232 679 1484
670 233 679 291
672 234 679 997
677 235 679 1602
678 236 679 690
680 237 679 906
688 239 679 211
688 238 679 1785
691 240 679 1268
691 241 679 141
704 242 679 1894
704 243 679 362
707 244 679 1255
707 245 679 6
708 246 679 805
710 247 679 1137
712 248 679 963
716 249 679 1416
717 250 679 624
718 251 679 758
722 252 679 1384
722 253 679 290
723 254 679 559
723 255 679 270
727 256 679 1431
729 257 679 972
730 258 679 671
730 259 679 57
730 260 679 244
738 261 679 1778
740 262 679 1064
740 263 679 306
740 264 679 11
740 265 679 99
741 267 679 199
741 268 679 108
741 266 679 828
742 269 679 758
756 270 679 1896
764 271 679 1760
765 272 679 553
765 273 679 338
765 274 679 428
767 275 679 1022
769 276 679 1045
773 278 679 240
773 277 679 1428
780 279 679 1738
781 280 679 715
782 281 679 670
782 282 679 33
792 283 679 1843
799 284 679 1734
806 285 679 1720
806 286 679 428
809 287 679 1194
815 288 679 1657
816 289 679 726
816 290 679 170
822 291 679 1643
822 292 679 235
829 293 679 1727
842 294 679 1891
846 295 679 1415
848 296 679 1001
853 297 679 1587
853 298 679 350
856 299 679 1156
858 300 679 1103
859 301 679 606
861 302 679 1028
861 303 679 205
865 304 679 1445
866 305 679 789
866 306 679 204
