3 0 636 1273
4 1 636 761
8 2 636 1409
14 3 636 1658
15 4 636 733
19 5 636 1349
19 6 636 370
19 7 636 424
20 10 636 170
20 8 636 761
20 9 636 269
28 11 636 1787
32 12 636 1393
35 13 636 1166
38 14 636 1153
41 16 636 394
41 15 636 1248
43 17 636 1062
45 18 636 980
50 19 636 1571
52 20 636 1123
52 21 636 460
56 22 636 1425
56 23 636 351
60 24 636 1475
60 25 636 7
61 26 636 862
64 27 636 1156
72 28 636 1768
72 29 636 162
73 30 636 606
75 31 636 1056
80 32 636 1595
81 33 636 737
85 34 636 1411
86 35 636 817
90 36 636 1390
93 37 636 1152
102 38 636 1828
110 39 636 1788
112 40 636 969
116 41 636 1491
117 42 636 609
117 43 636 431
117 44 636 251
118 45 636 500
119 46 636 861
122 47 636 1251
122 48 636 432
125 49 636 1289
127 50 636 904
130 51 636 1201
131 52 636 826
131 53 636 392
131 54 636 254
132 55 636 813
135 56 636 1261
137 57 636 1057
137 58 636 183
138 59 636 725
138 60 636 486
140 61 636 1139
141 62 636 580
142 63 636 599
147 64 636 1587
149 66 636 191
149 65 636 1039
150 67 636 655
156 68 636 1680
156 69 636 335
164 70 636 1782
167 71 636 1167
170 72 636 1158
172 73 636 1117
173 74 636 602
178 75 636 1556
186 76 636 1776
188 77 636 993
188 78 636 100
190 79 636 974
192 80 636 1070
197 81 636 1536
198 82 636 723
198 83 636 479
201 84 636 1182
204 86 636 229
204 85 636 1329
207 87 636 1202
207 88 636 482
208 89 636 597
212 90 636 1481
212 91 636 333
214 92 636 968
216 93 636 1103
219 94 636 1301
227 95 636 1754
229 97 636 9
229 96 636 911
230 98 636 768
232 99 636 1136
232 100 636 308
232 101 636 205
237 102 636 1496
237 103 636 96
241 104 636 1432
247 106 636 43
247 105 636 1662
253 107 636 1634
260 108 636 1715
261 109 636 623
263 110 636 962
263 111 636 267
265 112 636 956
267 113 636 1134
272 114 636 1579
274 117 636 101
274 115 636 875
274 116 636 416
277 118 636 1342
277 119 636 257
278 120 636 809
280 121 636 914
280 122 636 173
282 123 636 1082
283 124 636 779
287 127 636 55
287 126 636 198
287 125 636 1448
294 128 636 1741
295 129 636 772
296 130 636 645
304 131 636 1766
304 132 636 225
306 133 636 888
307 134 636 665
308 136 636 39
308 135 636 864
309 137 636 626
311 138 636 972
315 139 636 1445
318 140 636 1286
319 141 636 520
323 142 636 1412
331 143 636 1784
336 144 636 1559
339 145 636 1214
342 146 636 1302
350 147 636 1759
354 148 636 1448
354 149 636 426
357 150 636 1338
358 151 636 809
359 152 636 592
360 154 636 327
360 153 636 510
363 155 636 1319
363 156 636 32
363 157 636 413
366 158 636 1242
381 159 636 1908
385 160 636 1463
401 161 636 1912
410 162 636 1818
412 163 636 942
426 164 636 1902
428 165 636 1120
428 166 636 41
428 167 636 67
428 168 636 468
429 169 636 714
430 170 636 835
437 171 636 1714
439 172 636 1054
448 173 636 1821
450 174 636 895
450 175 636 289
454 176 636 1427
454 177 636 313
458 178 636 1447
462 179 636 1490
462 180 636 145
462 181 636 364
463 182 636 532
466 183 636 1314
470 184 636 1359
478 185 636 1760
481 186 636 1174
487 187 636 1639
488 188 636 561
491 189 636 1270
492 190 636 831
497 191 636 1551
500 192 636 1309
502 193 636 988
517 194 636 1906
520 195 636 1299
521 196 636 627
521 197 636 469
530 198 636 1806
530 199 636 439
533 200 636 1172
536 201 636 1234
539 202 636 1290
540 203 636 733
545 204 636 1515
550 205 636 1549
556 206 636 1680
557 207 636 695
562 208 636 1539
562 209 636 38
571 210 636 1817
577 211 636 1644
579 212 636 891
585 213 636 1677
593 214 636 1762
595 215 636 1099
599 216 636 1379
600 217 636 503
605 218 636 1508
605 219 636 142
616 221 636 327
616 220 636 1870
620 222 636 1431
622 223 636 1123
631 224 636 1807
634 225 636 1209
634 226 636 404
634 227 636 66
644 228 636 1840
649 229 636 1521
654 230 636 1586
656 231 636 957
656 232 636 431
658 233 636 1008
658 234 636 318
659 235 636 836
661 236 636 999
668 237 636 1724
675 238 636 1724
682 242 636 99
682 241 636 479
682 239 636 1734
682 240 636 80
683 243 636 523
687 244 636 1378
689 245 636 1112
690 246 636 659
695 247 636 1556
698 248 636 1150
699 249 636 806
709 250 636 1844
709 251 636 124
711 252 636 886
717 253 636 1664
717 254 636 493
718 255 636 844
725 256 636 1728
725 257 636 167
726 259 636 306
726 258 636 850
729 260 636 1144
735 261 636 1614
736 262 636 779
736 263 636 18
736 264 636 376
737 265 636 859
740 266 636 1212
749 267 636 1807
753 268 636 1359
755 269 636 926
755 270 636 100
760 271 636 1580
761 272 636 704
768 273 636 1698
768 274 636 61
772 275 636 1391
772 276 636 227
774 277 636 907
780 278 636 1669
781 279 636 695
782 280 636 549
783 281 636 772
784 282 636 840
786 283 636 1034
791 284 636 1601
795 285 636 1462
795 286 636 71
796 287 636 692
797 288 636 515
801 289 636 1398
803 290 636 1032
804 291 636 832
806 292 636 873
810 293 636 1417
811 294 636 590
811 295 636 390
817 298 636 147
817 297 636 81
817 296 636 1625
818 299 636 518
827 300 636 1825
828 301 636 777
828 302 636 197
828 303 636 223
829 304 636 705
829 305 636 264
832 306 636 1345
