1 0 1887 530
4 1 1887 1334
8 2 1887 1361
14 3 1887 1678
14 4 1887 4
18 5 1887 1474
21 6 1887 1313
28 7 1887 1729
31 8 1887 1212
42 9 1887 1860
47 10 1887 1560
51 11 1887 1392
51 12 1887 421
52 13 1887 560
52 14 1887 455
52 15 1887 447
52 16 1887 435
61 17 1887 1815
68 19 1887 275
68 18 1887 1742
71 20 1887 1207
75 21 1887 1390
81 22 1887 1606
82 23 1887 508
82 24 1887 192
86 25 1887 1481
89 26 1887 1199
99 27 1887 1838
104 29 1887 119
104 28 1887 1501
107 30 1887 1218
110 31 1887 1144
110 32 1887 316
110 33 1887 81
113 34 1887 1274
113 35 1887 356
115 36 1887 1112
117 37 1887 939
127 38 1887 1851
129 39 1887 1067
133 40 1887 1444
134 41 1887 707
140 42 1887 1625
143 43 1887 1241
146 44 1887 1265
146 45 1887 185
146 46 1887 185
147 47 1887 520
149 48 1887 1044
152 49 1887 1327
155 50 1887 1344
155 51 1887 267
160 52 1887 1537
160 53 1887 326
160 54 1887 169
162 55 1887 1065
168 56 1887 1652
169 57 1887 853
173 58 1887 1486
173 59 1887 448
173 60 1887 274
177 61 1887 1400
177 62 1887 228
179 63 1887 1092
180 64 1887 642
180 65 1887 415
182 67 1887 340
182 66 1887 1076
185 68 1887 1211
185 69 1887 99
188 70 1887 1259
192 71 1887 1420
205 72 1887 1888
206 73 1887 675
207 74 1887 756
208 75 1887 499
215 77 1887 365
215 76 1887 1690
218 78 1887 1167
218 79 1887 7
221 80 1887 1295
222 81 1887 679
223 82 1887 793
223 83 1887 174
224 84 1887 700
226 85 1887 950
231 86 1887 1531
248 87 1887 1914
258 88 1887 1836
258 89 1887 209
259 90 1887 628
259 91 1887 259
263 92 1887 1378
267 93 1887 1403
268 95 1887 44
268 96 1887 479
268 94 1887 793
269 97 1887 532
270 98 1887 598
271 99 1887 849
273 100 1887 1033
281 101 1887 1769
284 102 1887 1233
286 104 1887 68
286 103 1887 944
296 106 1887 304
296 105 1887 1849
297 107 1887 862
301 108 1887 1494
306 109 1887 1594
309 110 1887 1299
312 111 1887 1286
318 112 1887 1610
322 113 1887 1479
324 114 1887 1077
329 115 1887 1519
330 116 1887 606
330 117 1887 54
330 118 1887 392
336 119 1887 1617
337 120 1887 809
339 121 1887 1086
339 122 1887 429
341 123 1887 1001
345 124 1887 1396
347 125 1887 999
347 126 1887 41
347 127 1887 485
356 128 1887 1807
357 129 1887 712
357 130 1887 20
360 131 1887 1157
367 132 1887 1692
367 133 1887 318
369 134 1887 898
373 135 1887 1450
377 136 1887 1370
385 137 1887 1774
385 138 1887 105
386 139 1887 776
387 140 1887 646
388 141 1887 669
388 142 1887 420
388 143 1887 241
389 144 1887 834
392 145 1887 1267
393 146 1887 574
402 147 1887 1823
402 148 1887 325
405 149 1887 1198
409 150 1887 1363
409 151 1887 425
409 152 1887 140
411 154 1887 40
411 153 1887 905
422 155 1887 1872
425 156 1887 1340
425 157 1887 232
429 158 1887 1473
431 159 1887 993
440 160 1887 1807
447 161 1887 1743
449 162 1887 980
450 163 1887 782
455 164 1887 1574
455 165 1887 142
460 166 1887 1518
463 167 1887 1292
464 168 1887 581
469 169 1887 1552
469 170 1887 148
470 171 1887 757
482 172 1887 1873
487 173 1887 1540
489 174 1887 971
489 175 1887 139
490 181 1887 143
490 180 1887 424
490 179 1887 128
490 182 1887 160
490 177 1887 187
490 176 1887 666
490 178 1887 167
491 183 1887 608
494 184 1887 1274
499 185 1887 1520
501 186 1887 1016
502 187 1887 786
502 188 1887 277
504 190 1887 110
504 189 1887 951
506 192 1887 300
506 191 1887 1138
508 193 1887 1036
510 194 1887 893
511 195 1887 827
517 196 1887 1613
522 197 1887 1562
523 198 1887 591
524 199 1887 691
530 200 1887 1673
533 201 1887 1207
536 202 1887 1242
537 203 1887 698
539 204 1887 1049
540 205 1887 605
540 206 1887 476
541 207 1887 524
552 208 1887 1859
561 209 1887 1826
564 210 1887 1206
567 211 1887 1152
567 212 1887 64
570 213 1887 1344
571 214 1887 569
577 215 1887 1663
582 216 1887 1582
582 217 1887 371
586 219 1887 54
586 218 1887 1433
588 220 1887 1051
589 221 1887 731
591 222 1887 1014
596 223 1887 1555
600 224 1887 1441
602 225 1887 934
602 226 1887 456
603 227 1887 836
604 229 1887 143
604 230 1887 450
604 228 1887 647
606 231 1887 1028
611 232 1887 1520
615 233 1887 1400
615 234 1887 379
617 235 1887 1141
618 236 1887 826
622 237 1887 1387
626 238 1887 1483
627 239 1887 668
629 240 1887 1043
629 241 1887 491
630 242 1887 852
630 243 1887 376
636 244 1887 1669
638 245 1887 882
640 246 1887 1073
642 248 1887 467
642 247 1887 880
645 249 1887 1155
648 250 1887 1169
651 251 1887 1242
651 252 1887 129
652 253 1887 537
657 254 1887 1565
659 256 1887 192
659 255 1887 942
665 257 1887 1611
668 258 1887 1181
668 259 1887 115
668 260 1887 149
673 261 1887 1565
682 262 1887 1802
689 263 1887 1715
693 264 1887 1375
693 265 1887 178
698 266 1887 1557
699 267 1887 589
701 268 1887 965
705 269 1887 1352
706 270 1887 837
706 271 1887 195
707 272 1887 813
708 273 1887 765
710 274 1887 936
711 275 1887 559
720 276 1887 1804
721 277 1887 638
730 278 1887 1810
731 279 1887 559
739 280 1887 1786
744 281 1887 1500
744 282 1887 369
748 283 1887 1416
750 284 1887 898
752 285 1887 1133
754 286 1887 898
756 287 1887 983
764 288 1887 1759
768 289 1887 1362
770 290 1887 948
772 291 1887 1139
772 292 1887 206
776 293 1887 1368
777 294 1887 518
781 295 1887 1403
782 296 1887 614
784 297 1887 1062
786 298 1887 926
790 299 1887 1491
793 300 1887 1250
793 301 1887 484
803 302 1887 1840
805 303 1887 1039
805 304 1887 317
807 305 1887 974
807 306 1887 428
