4 0 1085 1430
5 1 1085 673
5 2 1085 213
8 3 1085 1306
12 4 1085 1403
12 5 1085 185
15 6 1085 1269
17 7 1085 1122
22 10 1085 424
22 8 1085 1582
22 9 1085 395
34 11 1085 1884
34 12 1085 427
34 13 1085 129
36 14 1085 1012
36 15 1085 303
45 16 1085 1799
46 17 1085 674
49 18 1085 1196
52 19 1085 1303
56 20 1085 1382
59 21 1085 1272
61 22 1085 891
75 23 1085 1903
78 24 1085 1156
84 25 1085 1632
84 26 1085 461
85 27 1085 741
86 28 1085 597
97 29 1085 1858
99 30 1085 934
103 31 1085 1486
104 32 1085 634
105 33 1085 608
105 34 1085 203
108 35 1085 1289
108 36 1085 283
111 37 1085 1309
113 38 1085 947
115 39 1085 1037
121 40 1085 1609
122 41 1085 651
122 42 1085 339
123 43 1085 613
126 44 1085 1292
126 45 1085 226
129 48 1085 483
129 47 1085 432
129 46 1085 1195
143 49 1085 1902
144 50 1085 720
153 51 1085 1806
157 52 1085 1408
163 53 1085 1649
167 54 1085 1399
167 55 1085 158
174 58 1085 149
174 57 1085 235
174 56 1085 1706
181 59 1085 1696
187 60 1085 1649
188 61 1085 528
189 62 1085 524
195 63 1085 1648
199 64 1085 1385
200 65 1085 863
203 66 1085 1249
210 67 1085 1744
220 68 1085 1850
226 69 1085 1647
226 70 1085 19
226 71 1085 489
232 72 1085 1651
232 73 1085 159
238 74 1085 1619
239 75 1085 730
241 77 1085 278
241 76 1085 933
242 78 1085 610
244 79 1085 930
244 80 1085 437
244 81 1085 28
244 82 1085 257
245 83 1085 619
247 84 1085 1137
249 86 1085 78
249 85 1085 1053
251 87 1085 910
253 88 1085 1133
253 89 1085 45
258 90 1085 1508
258 91 1085 48
261 92 1085 1160
264 93 1085 1176
267 94 1085 1312
269 96 1085 127
269 95 1085 1081
270 97 1085 615
273 98 1085 1153
273 99 1085 429
275 100 1085 901
279 101 1085 1376
280 102 1085 507
281 103 1085 761
293 105 1085 231
293 106 1085 155
293 104 1085 1883
296 107 1085 1248
296 108 1085 30
297 109 1085 669
300 110 1085 1150
304 111 1085 1428
309 112 1085 1550
312 113 1085 1144
315 114 1085 1258
321 116 1085 270
321 115 1085 1621
331 117 1085 1829
332 118 1085 510
332 119 1085 332
333 120 1085 784
333 121 1085 338
334 122 1085 610
343 123 1085 1805
343 124 1085 139
357 125 1085 1896
360 126 1085 1254
360 127 1085 474
361 128 1085 771
362 129 1085 537
363 130 1085 603
363 131 1085 317
365 133 1085 180
365 134 1085 28
365 132 1085 1050
367 135 1085 985
371 136 1085 1446
375 137 1085 1421
376 138 1085 661
378 139 1085 906
380 140 1085 897
381 141 1085 755
383 143 1085 464
383 142 1085 880
384 144 1085 820
384 145 1085 80
384 146 1085 423
384 147 1085 16
394 148 1085 1842
400 149 1085 1616
401 151 1085 222
401 150 1085 811
401 152 1085 104
402 153 1085 820
407 154 1085 1570
408 155 1085 563
409 156 1085 765
410 157 1085 627
411 158 1085 621
427 159 1085 1911
429 160 1085 901
434 162 1085 476
434 161 1085 1606
438 163 1085 1417
438 164 1085 65
439 165 1085 832
439 166 1085 377
443 167 1085 1370
445 170 1085 175
445 168 1085 1115
445 169 1085 273
446 171 1085 773
449 172 1085 1168
454 173 1085 1529
458 174 1085 1359
458 175 1085 28
462 176 1085 1383
462 177 1085 146
464 178 1085 985
464 179 1085 58
468 180 1085 1473
471 181 1085 1238
472 182 1085 556
474 183 1085 1080
480 184 1085 1651
480 185 1085 381
480 186 1085 212
480 187 1085 229
481 188 1085 534
485 189 1085 1390
485 190 1085 220
486 191 1085 818
487 192 1085 799
488 193 1085 674
488 194 1085 4
491 195 1085 1216
491 196 1085 278
495 197 1085 1388
495 198 1085 398
511 199 1085 1912
517 200 1085 1627
519 201 1085 978
520 202 1085 825
525 203 1085 1569
529 204 1085 1441
529 205 1085 37
531 206 1085 979
532 207 1085 500
536 208 1085 1385
541 209 1085 1542
543 210 1085 1105
544 211 1085 619
549 212 1085 1567
550 213 1085 563
550 214 1085 438
555 215 1085 1588
557 216 1085 1049
560 217 1085 1321
567 218 1085 1690
573 219 1085 1609
574 221 1085 148
574 220 1085 620
575 222 1085 835
581 223 1085 1649
581 224 1085 52
584 225 1085 1281
598 226 1085 1898
598 227 1085 493
603 228 1085 1524
603 229 1085 143
609 230 1085 1675
628 231 1085 1920
634 232 1085 1672
636 233 1085 997
636 234 1085 355
636 235 1085 495
636 236 1085 412
638 237 1085 911
643 238 1085 1563
649 239 1085 1614
652 240 1085 1327
658 241 1085 1636
659 242 1085 768
661 243 1085 917
661 244 1085 285
666 245 1085 1525
669 250 1085 166
669 249 1085 341
669 248 1085 236
669 247 1085 236
669 246 1085 1176
671 251 1085 881
677 252 1085 1622
678 253 1085 713
681 254 1085 1292
685 255 1085 1479
685 256 1085 142
687 257 1085 1100
692 258 1085 1517
692 259 1085 160
692 260 1085 63
692 261 1085 485
694 262 1085 901
697 263 1085 1242
705 264 1085 1791
707 265 1085 1110
709 266 1085 871
710 268 1085 207
710 267 1085 569
721 269 1085 1868
724 270 1085 1176
724 271 1085 138
730 272 1085 1683
730 273 1085 76
730 274 1085 282
732 275 1085 908
735 276 1085 1304
745 277 1085 1843
749 278 1085 1364
749 279 1085 452
749 280 1085 104
755 281 1085 1662
755 282 1085 256
758 283 1085 1182
772 284 1085 1901
773 285 1085 793
773 286 1085 297
775 287 1085 958
781 288 1085 1630
782 289 1085 801
782 290 1085 353
785 291 1085 1236
788 292 1085 1319
792 293 1085 1403
797 294 1085 1551
798 295 1085 841
799 296 1085 735
803 297 1085 1451
805 298 1085 1050
807 299 1085 1100
808 300 1085 653
809 301 1085 607
809 302 1085 28
809 303 1085 293
811 305 1085 28
811 304 1085 1089
813 306 1085 1123
