11 0 461 1870
23 1 461 1885
32 2 461 1803
33 3 461 680
33 4 461 172
36 5 461 1205
39 6 461 1178
46 7 461 1693
49 9 461 256
49 8 461 1272
51 10 461 885
52 11 461 677
55 12 461 1320
77 13 461 1922
78 14 461 602
78 15 461 24
79 18 461 2
79 17 461 331
79 16 461 857
82 19 461 1157
83 20 461 540
88 21 461 1570
89 22 461 783
95 23 461 1653
101 24 461 1658
101 25 461 107
102 26 461 819
103 27 461 801
103 28 461 170
103 29 461 403
103 30 461 183
103 31 461 209
103 32 461 325
109 33 461 1680
111 34 461 949
116 35 461 1538
117 36 461 724
119 37 461 1021
121 38 461 953
124 39 461 1145
125 40 461 814
125 41 461 270
130 42 461 1569
134 43 461 1453
134 44 461 76
139 45 461 1580
142 46 461 1303
147 47 461 1603
149 48 461 915
153 49 461 1380
155 50 461 955
159 51 461 1395
164 52 461 1496
166 54 461 419
166 55 461 299
166 53 461 1047
168 56 461 1102
168 57 461 149
170 58 461 947
170 59 461 65
170 60 461 385
170 61 461 377
175 62 461 1523
177 64 461 72
177 63 461 868
178 65 461 676
178 66 461 352
183 67 461 1564
185 68 461 973
187 69 461 989
190 70 461 1224
198 71 461 1761
201 72 461 1303
202 76 461 1
202 75 461 270
202 74 461 342
202 73 461 781
205 77 461 1254
210 78 461 1577
210 79 461 78
211 80 461 728
213 81 461 1140
222 82 461 1810
223 83 461 714
227 84 461 1373
228 85 461 713
229 86 461 637
232 87 461 1202
235 88 461 1261
236 89 461 649
236 90 461 435
237 91 461 574
237 92 461 73
239 93 461 888
240 94 461 759
240 95 461 437
241 96 461 672
242 97 461 700
246 98 461 1381
249 99 461 1325
252 100 461 1227
258 101 461 1663
259 102 461 630
269 104 461 156
269 103 461 1850
271 105 461 1119
271 106 461 92
272 107 461 714
273 108 461 705
273 109 461 149
273 110 461 297
281 111 461 1773
281 112 461 497
283 113 461 869
286 114 461 1261
289 115 461 1170
289 116 461 491
290 117 461 808
294 118 461 1420
297 119 461 1283
297 120 461 38
299 123 461 323
299 122 461 303
299 121 461 1075
300 124 461 553
301 125 461 649
307 126 461 1687
307 127 461 415
307 128 461 22
317 129 461 1830
322 130 461 1522
325 131 461 1226
334 132 461 1798
334 133 461 252
335 134 461 775
337 135 461 989
338 136 461 510
350 137 461 1885
351 138 461 558
351 139 461 254
352 140 461 621
362 141 461 1848
362 142 461 497
364 143 461 1111
364 144 461 352
365 145 461 587
365 146 461 77
367 147 461 1129
372 148 461 1551
377 149 461 1514
388 150 461 1870
396 151 461 1788
399 153 461 97
399 152 461 1204
402 154 461 1286
402 155 461 152
406 156 461 1360
406 157 461 306
409 158 461 1296
413 159 461 1431
417 160 461 1356
422 161 461 1601
423 162 461 692
424 163 461 799
425 164 461 551
427 165 461 996
441 166 461 1899
441 167 461 244
441 168 461 93
441 169 461 272
442 170 461 659
443 172 461 250
443 171 461 531
446 173 461 1166
447 174 461 662
447 175 461 115
448 176 461 577
450 177 461 1116
464 178 461 1896
477 179 461 1891
478 180 461 572
479 181 461 557
480 182 461 788
480 183 461 432
492 184 461 1884
498 185 461 1658
498 186 461 21
505 187 461 1701
507 188 461 890
508 189 461 622
513 191 461 204
513 190 461 1554
514 192 461 588
516 193 461 1052
517 194 461 822
519 195 461 944
522 196 461 1155
528 197 461 1622
529 198 461 560
532 199 461 1280
533 200 461 612
541 201 461 1757
543 202 461 1035
546 203 461 1279
547 204 461 855
550 205 461 1339
555 206 461 1538
555 207 461 38
559 208 461 1359
562 209 461 1170
567 212 461 335
567 210 461 1499
567 211 461 243
570 213 461 1330
571 214 461 858
572 215 461 798
573 216 461 813
573 217 461 259
574 218 461 839
575 219 461 818
577 220 461 974
577 221 461 198
580 222 461 1278
584 223 461 1396
585 224 461 643
585 225 461 455
596 226 461 1868
598 227 461 1123
598 228 461 343
604 229 461 1642
606 230 461 885
608 231 461 880
609 232 461 556
610 233 461 615
613 234 461 1279
614 235 461 739
618 236 461 1447
622 237 461 1434
627 238 461 1502
628 240 461 120
628 239 461 545
643 241 461 1908
643 242 461 341
649 243 461 1645
651 244 461 1047
654 245 461 1310
662 246 461 1794
665 250 461 131
665 249 461 23
665 248 461 193
665 247 461 1183
667 251 461 895
668 252 461 782
674 253 461 1667
674 254 461 305
674 255 461 413
674 256 461 478
679 257 461 1564
680 259 461 400
680 258 461 636
684 260 461 1395
684 261 461 415
690 262 461 1619
696 263 461 1642
696 264 461 285
697 265 461 619
703 266 461 1612
709 269 461 118
709 267 461 1644
709 268 461 50
712 270 461 1276
715 271 461 1303
716 272 461 682
716 273 461 294
717 274 461 697
719 275 461 991
727 276 461 1782
732 278 461 348
732 277 461 1558
735 279 461 1257
736 280 461 585
737 281 461 684
739 282 461 929
739 283 461 320
744 284 461 1510
761 286 461 98
761 285 461 1914
762 287 461 814
762 288 461 310
763 289 461 865
763 290 461 261
772 291 461 1808
773 292 461 798
775 293 461 1102
777 294 461 1074
783 295 461 1629
783 296 461 288
784 297 461 623
788 298 461 1359
788 299 461 428
794 300 461 1622
794 301 461 149
796 303 461 74
796 302 461 1132
797 304 461 672
798 305 461 753
798 306 461 212
