3 0 407 1286
4 1 407 581
6 2 407 1084
9 3 407 1295
12 4 407 1258
13 5 407 748
16 8 407 378
16 9 407 75
16 6 407 1165
16 7 407 325
17 10 407 710
21 11 407 1468
25 12 407 1452
36 13 407 1861
41 14 407 1571
50 15 407 1823
57 16 407 1733
60 17 407 1294
63 19 407 386
63 18 407 1188
66 20 407 1294
66 21 407 286
67 22 407 541
67 23 407 367
70 24 407 1175
73 25 407 1266
83 26 407 1838
94 27 407 1857
96 28 407 1081
98 29 407 1039
107 30 407 1825
107 31 407 352
114 32 407 1739
118 33 407 1422
124 34 407 1628
125 35 407 734
130 36 407 1602
131 38 407 170
131 37 407 660
134 39 407 1193
136 40 407 888
137 41 407 794
138 42 407 571
141 43 407 1173
141 44 407 260
145 45 407 1426
145 46 407 287
151 47 407 1683
152 49 407 377
152 48 407 507
164 50 407 1874
165 51 407 745
173 52 407 1795
173 53 407 151
173 54 407 363
175 55 407 999
175 56 407 40
176 58 407 120
176 57 407 717
194 59 407 1917
195 60 407 835
198 61 407 1232
201 62 407 1169
204 63 407 1264
204 64 407 175
204 65 407 357
210 68 407 232
210 67 407 29
210 66 407 1653
211 69 407 836
211 70 407 220
213 71 407 1073
215 72 407 1123
235 73 407 1920
239 74 407 1423
240 75 407 499
246 76 407 1640
249 77 407 1292
249 78 407 107
255 79 407 1674
257 80 407 978
257 81 407 154
261 82 407 1350
262 83 407 704
264 84 407 1089
266 86 407 481
266 85 407 1080
271 87 407 1588
273 88 407 1058
274 89 407 628
275 90 407 694
277 91 407 885
278 92 407 540
278 93 407 178
278 94 407 357
283 95 407 1580
288 96 407 1550
291 97 407 1232
293 98 407 998
302 99 407 1827
309 100 407 1697
309 101 407 258
313 102 407 1450
318 103 407 1595
318 104 407 156
319 105 407 801
324 106 407 1547
333 107 407 1799
334 108 407 652
342 109 407 1789
345 110 407 1284
346 111 407 672
347 112 407 609
347 113 407 370
349 114 407 939
350 115 407 680
359 116 407 1806
359 117 407 465
359 118 407 174
361 119 407 1020
370 120 407 1801
370 121 407 65
372 122 407 895
377 124 407 142
377 123 407 1529
380 125 407 1260
381 126 407 532
383 127 407 944
388 128 407 1562
396 129 407 1767
398 132 407 294
398 130 407 874
398 131 407 408
398 133 407 204
412 134 407 1902
413 135 407 719
414 136 407 628
420 137 407 1679
421 138 407 547
421 139 407 287
425 140 407 1457
426 141 407 606
428 142 407 935
431 143 407 1194
434 147 407 169
434 146 407 275
434 144 407 1268
434 145 407 21
437 148 407 1164
442 149 407 1602
449 150 407 1699
451 151 407 1085
453 152 407 1057
467 154 407 26
467 153 407 1903
473 155 407 1631
476 156 407 1287
486 157 407 1845
490 158 407 1453
491 159 407 821
491 160 407 268
492 161 407 602
492 162 407 237
493 163 407 810
495 164 407 915
497 165 407 876
497 166 407 378
497 167 407 404
497 168 407 393
497 169 407 219
497 170 407 51
497 171 407 127
507 172 407 1842
516 173 407 1812
520 174 407 1487
523 175 407 1194
525 176 407 1055
531 177 407 1626
531 178 407 261
531 179 407 121
533 181 407 363
533 180 407 984
540 182 407 1705
552 183 407 1885
552 184 407 68
559 185 407 1714
562 189 407 271
562 186 407 1275
562 187 407 316
562 188 407 178
566 190 407 1356
567 192 407 226
567 191 407 707
573 193 407 1650
573 194 407 18
574 195 407 855
574 196 407 369
574 197 407 124
574 198 407 278
574 199 407 391
579 200 407 1567
588 201 407 1796
595 202 407 1700
597 203 407 945
602 204 407 1550
607 205 407 1571
610 206 407 1167
613 207 407 1170
613 208 407 416
614 209 407 756
615 210 407 575
620 211 407 1586
625 212 407 1584
628 213 407 1331
636 214 407 1762
646 215 407 1830
647 216 407 821
647 217 407 276
648 218 407 741
650 219 407 1126
655 220 407 1525
655 221 407 62
655 222 407 226
655 223 407 122
656 224 407 787
659 225 407 1269
668 226 407 1825
668 227 407 192
676 228 407 1793
677 229 407 631
678 230 407 825
680 231 407 930
684 232 407 1347
692 233 407 1794
692 234 407 478
694 235 407 1113
695 236 407 587
696 237 407 760
696 238 407 335
696 239 407 421
697 241 407 105
697 240 407 546
706 242 407 1824
710 243 407 1347
716 244 407 1620
723 245 407 1695
725 246 407 1048
726 247 407 819
735 251 407 93
735 250 407 34
735 249 407 113
735 248 407 1813
738 252 407 1308
740 253 407 1077
741 254 407 791
746 255 407 1505
751 256 407 1569
756 258 407 157
756 259 407 280
756 257 407 1578
762 260 407 1671
764 261 407 975
767 262 407 1301
774 263 407 1709
785 264 407 1856
790 266 407 239
790 265 407 1569
797 267 407 1715
798 268 407 853
799 269 407 649
802 270 407 1243
802 271 407 61
813 272 407 1865
813 273 407 320
814 274 407 579
818 275 407 1419
818 276 407 162
819 278 407 426
819 277 407 803
821 279 407 1016
821 280 407 220
823 281 407 1006
823 282 407 303
829 283 407 1680
830 284 407 597
831 285 407 731
836 287 407 270
836 286 407 1547
838 288 407 1003
840 289 407 898
844 290 407 1468
846 291 407 933
847 292 407 602
847 293 407 54
848 294 407 675
853 295 407 1496
854 297 407 115
854 296 407 729
858 298 407 1416
858 299 407 51
862 300 407 1456
865 301 407 1258
878 302 407 1891
881 303 407 1163
882 304 407 794
896 305 407 1898
896 306 407 152
