0 0 1066 377
2 1 1066 896
2 2 1066 173
4 3 1066 882
9 4 1066 1505
13 5 1066 1368
13 6 1066 25
23 7 1066 1834
28 8 1066 1555
32 9 1066 1488
38 10 1066 1683
38 11 1066 229
47 12 1066 1814
59 13 1066 1878
65 14 1066 1626
65 15 1066 200
71 16 1066 1682
72 17 1066 636
74 18 1066 880
80 19 1066 1660
82 20 1066 1081
82 21 1066 77
82 22 1066 117
84 23 1066 1111
90 24 1066 1615
91 25 1066 524
92 26 1066 649
95 27 1066 1209
106 28 1066 1870
108 29 1066 1095
112 30 1066 1477
112 31 1066 50
114 32 1066 971
116 33 1066 950
121 34 1066 1553
123 35 1066 1136
124 36 1066 625
125 37 1066 759
127 38 1066 1121
129 39 1066 1045
133 40 1066 1370
141 41 1066 1768
142 42 1066 511
143 43 1066 742
150 44 1066 1725
150 45 1066 400
151 46 1066 639
155 47 1066 1372
159 48 1066 1345
160 49 1066 582
161 50 1066 804
163 51 1066 998
163 52 1066 148
163 53 1066 300
164 54 1066 718
164 55 1066 299
165 56 1066 779
167 57 1066 986
170 58 1066 1192
172 59 1066 981
173 60 1066 719
174 61 1066 741
187 62 1066 1888
187 63 1066 459
187 64 1066 11
193 65 1066 1632
196 66 1066 1183
197 67 1066 863
197 68 1066 325
197 69 1066 490
202 70 1066 1499
204 71 1066 922
208 72 1066 1440
216 73 1066 1760
216 74 1066 289
219 75 1066 1238
223 76 1066 1490
226 77 1066 1299
229 78 1066 1311
232 79 1066 1214
241 80 1066 1809
244 81 1066 1201
252 82 1066 1789
255 84 1066 291
255 85 1066 478
255 83 1066 1287
264 86 1066 1827
265 87 1066 671
265 88 1066 232
268 89 1066 1253
268 90 1066 357
273 91 1066 1564
277 93 1066 139
277 92 1066 1492
277 94 1066 325
278 95 1066 629
287 96 1066 1804
287 97 1066 52
288 98 1066 730
288 99 1066 92
290 100 1066 1142
297 101 1066 1701
299 102 1066 1047
300 103 1066 855
302 104 1066 1008
311 105 1066 1807
315 106 1066 1482
315 107 1066 313
315 108 1066 10
319 109 1066 1405
320 110 1066 734
324 111 1066 1404
329 112 1066 1600
343 113 1066 1902
345 114 1066 1097
349 115 1066 1442
351 116 1066 877
352 117 1066 601
352 118 1066 168
356 119 1066 1457
363 120 1066 1730
364 121 1066 512
365 122 1066 631
367 123 1066 996
367 124 1066 133
378 125 1066 1860
382 126 1066 1354
385 127 1066 1300
389 128 1066 1434
394 129 1066 1585
398 130 1066 1358
402 131 1066 1438
403 132 1066 568
406 136 1066 154
406 135 1066 107
406 134 1066 72
406 133 1066 1218
408 137 1066 934
408 138 1066 278
408 139 1066 408
410 140 1066 921
415 141 1066 1514
416 142 1066 660
417 143 1066 752
418 144 1066 519
420 145 1066 877
433 146 1066 1889
438 147 1066 1514
440 148 1066 967
441 149 1066 808
447 150 1066 1676
450 151 1066 1203
459 152 1066 1808
462 154 1066 287
462 153 1066 1198
463 155 1066 629
465 156 1066 1069
465 157 1066 50
466 158 1066 721
468 159 1066 1072
468 160 1066 452
468 161 1066 181
469 162 1066 803
469 163 1066 349
469 164 1066 46
472 165 1066 1220
473 166 1066 835
473 167 1066 381
483 168 1066 1830
485 169 1066 989
488 170 1066 1288
499 172 1066 322
499 171 1066 1868
505 173 1066 1685
506 174 1066 536
506 175 1066 215
514 176 1066 1776
523 177 1066 1804
523 178 1066 477
526 179 1066 1180
540 180 1066 1896
548 182 1066 333
548 181 1066 1764
549 183 1066 626
559 184 1066 1833
559 185 1066 155
564 186 1066 1555
567 187 1066 1295
569 188 1066 930
573 189 1066 1367
575 191 1066 103
575 192 1066 212
575 190 1066 963
577 193 1066 1131
589 194 1066 1880
590 195 1066 739
591 196 1066 710
591 197 1066 311
592 198 1066 705
595 200 1066 41
595 199 1066 1223
600 201 1066 1507
606 202 1066 1609
620 203 1066 1902
624 204 1066 1444
631 205 1066 1733
633 206 1066 880
633 207 1066 123
634 208 1066 661
634 209 1066 71
635 210 1066 778
638 211 1066 1189
643 212 1066 1498
647 213 1066 1465
649 214 1066 1101
650 215 1066 613
658 216 1066 1772
658 217 1066 176
658 218 1066 440
667 219 1066 1816
672 220 1066 1590
676 221 1066 1464
680 222 1066 1375
680 223 1066 462
680 224 1066 25
683 225 1066 1185
689 226 1066 1656
691 227 1066 1116
698 228 1066 1729
705 229 1066 1722
709 230 1066 1430
713 231 1066 1465
715 232 1066 1099
718 233 1066 1179
720 234 1066 1139
720 235 1066 388
720 236 1066 154
720 237 1066 356
722 238 1066 1107
722 239 1066 100
725 240 1066 1199
729 241 1066 1432
730 242 1066 634
731 243 1066 859
732 244 1066 589
739 245 1066 1698
740 246 1066 530
741 248 1066 30
741 247 1066 671
744 249 1066 1267
746 250 1066 891
747 251 1066 533
755 252 1066 1795
756 253 1066 813
761 254 1066 1557
762 256 1066 131
762 255 1066 501
765 257 1066 1147
777 258 1066 1876
777 259 1066 259
777 260 1066 77
784 261 1066 1689
784 262 1066 318
785 263 1066 864
786 264 1066 566
789 267 1066 318
789 268 1066 326
789 265 1066 1237
789 266 1066 90
790 269 1066 712
790 270 1066 458
794 271 1066 1416
796 272 1066 994
796 273 1066 340
797 274 1066 617
797 275 1066 158
798 276 1066 830
799 277 1066 516
808 278 1066 1798
808 279 1066 252
809 280 1066 655
811 281 1066 984
813 282 1066 1086
813 283 1066 462
814 284 1066 830
816 285 1066 896
821 287 1066 285
821 286 1066 1595
826 288 1066 1547
827 289 1066 637
827 290 1066 257
829 291 1066 932
829 292 1066 404
830 293 1066 847
830 294 1066 23
834 295 1066 1435
836 296 1066 1113
843 298 1066 292
843 297 1066 1694
846 299 1066 1276
852 300 1066 1608
852 301 1066 211
852 302 1066 344
855 303 1066 1242
856 304 1066 809
860 305 1066 1400
864 306 1066 1464
