4 0 362 1393
5 1 362 615
6 2 362 719
7 3 362 785
8 4 362 850
8 5 362 257
12 6 362 1476
14 7 362 935
18 8 362 1369
24 9 362 1627
24 10 362 125
27 11 362 1279
32 12 362 1582
32 13 362 498
34 14 362 1000
40 16 362 156
40 17 362 177
40 15 362 1683
43 18 362 1283
60 19 362 1916
60 20 362 364
61 21 362 783
67 22 362 1654
67 23 362 216
75 24 362 1786
77 26 362 463
77 25 362 1060
78 27 362 823
80 28 362 875
84 29 362 1454
88 30 362 1362
90 31 362 907
90 32 362 138
90 33 362 12
95 34 362 1511
98 35 362 1266
100 37 362 115
100 36 362 1044
101 38 362 812
105 39 362 1403
110 40 362 1506
110 41 362 250
119 42 362 1795
120 43 362 528
123 44 362 1283
127 46 362 125
127 47 362 321
127 45 362 1445
130 48 362 1184
135 49 362 1520
136 50 362 597
137 51 362 502
141 52 362 1378
147 53 362 1679
148 54 362 700
149 55 362 609
151 56 362 885
152 57 362 503
154 58 362 923
161 59 362 1715
168 60 362 1719
169 61 362 652
169 62 362 59
179 63 362 1839
179 64 362 264
182 65 362 1142
184 66 362 1141
189 67 362 1570
191 68 362 911
197 69 362 1658
198 70 362 639
198 71 362 41
201 72 362 1289
210 74 362 409
210 73 362 1804
210 75 362 114
212 76 362 913
214 77 362 1125
215 78 362 858
215 79 362 340
217 80 362 934
217 81 362 141
222 82 362 1564
225 83 362 1280
226 84 362 857
227 85 362 860
231 87 362 384
231 86 362 1454
234 88 362 1236
236 89 362 901
236 90 362 380
237 91 362 541
239 92 362 1116
241 93 362 1022
247 94 362 1608
248 96 362 190
248 95 362 853
260 97 362 1880
260 98 362 264
260 99 362 140
260 100 362 304
260 101 362 480
263 102 362 1334
267 103 362 1450
269 104 362 880
270 105 362 555
272 106 362 1137
277 107 362 1498
280 108 362 1269
281 109 362 586
287 110 362 1621
293 111 362 1684
298 112 362 1570
299 113 362 583
300 114 362 780
305 115 362 1578
307 116 362 1013
308 117 362 704
310 118 362 982
313 119 362 1329
319 120 362 1613
320 121 362 756
320 122 362 333
320 123 362 9
323 125 362 98
323 124 362 1277
324 126 362 850
324 127 362 267
324 128 362 195
328 129 362 1481
338 130 362 1848
340 131 362 957
341 132 362 861
342 135 362 453
342 134 362 36
342 133 362 717
343 136 362 731
343 137 362 114
343 138 362 399
343 139 362 301
349 140 362 1648
361 141 362 1880
363 142 362 1040
364 143 362 650
367 144 362 1205
368 145 362 621
370 146 362 895
371 147 362 533
371 148 362 241
371 149 362 30
379 150 362 1765
383 151 362 1410
385 152 362 897
386 154 362 451
386 153 362 860
390 155 362 1472
390 156 362 146
393 157 362 1324
393 158 362 172
394 159 362 782
400 160 362 1630
402 161 362 869
405 162 362 1302
412 163 362 1712
413 164 362 662
414 165 362 664
415 166 362 823
416 167 362 852
417 168 362 546
417 169 362 326
418 170 362 846
420 171 362 898
420 172 362 305
421 173 362 681
426 174 362 1605
432 175 362 1658
438 176 362 1641
444 177 362 1608
445 178 362 729
446 179 362 656
448 183 362 165
448 182 362 25
448 180 362 1127
448 181 362 316
454 190 362 307
454 184 362 1641
454 185 362 438
454 186 362 59
454 187 362 1
454 188 362 266
454 189 362 488
457 191 362 1331
468 192 362 1866
473 193 362 1541
474 194 362 595
475 195 362 778
476 196 362 577
479 197 362 1252
495 198 362 1912
496 199 362 541
503 201 362 43
503 200 362 1723
519 202 362 1911
529 203 362 1839
531 204 362 1108
532 205 362 866
534 206 362 1105
534 207 362 216
537 208 362 1179
538 209 362 718
546 211 362 462
546 210 362 1755
547 212 362 595
551 213 362 1441
556 214 362 1580
559 215 362 1313
560 216 362 844
562 219 362 224
562 217 362 1137
562 218 362 71
563 220 362 604
564 221 362 821
565 222 362 586
565 223 362 58
565 224 362 19
569 225 362 1440
571 226 362 957
572 227 362 689
572 228 362 85
573 229 362 827
575 231 362 389
575 230 362 1080
581 232 362 1621
581 233 362 188
582 234 362 858
584 235 362 1084
584 236 362 330
584 237 362 110
586 238 362 981
587 239 362 775
590 240 362 1257
598 241 362 1768
599 242 362 747
603 243 362 1472
604 244 362 657
612 245 362 1769
613 246 362 736
613 247 362 425
625 248 362 1885
628 249 362 1207
639 250 362 1858
643 251 362 1365
646 252 362 1181
652 253 362 1687
663 254 362 1861
665 255 362 901
669 256 362 1381
679 257 362 1853
688 258 362 1820
693 259 362 1593
703 260 362 1834
703 261 362 416
703 262 362 130
703 263 362 351
708 264 362 1562
712 265 362 1366
713 266 362 766
713 267 362 406
714 269 362 496
714 268 362 583
716 270 362 983
717 271 362 733
717 272 362 155
720 273 362 1221
722 274 362 891
723 275 362 761
723 276 362 74
725 277 362 1038
728 279 362 175
728 278 362 1325
729 280 362 703
730 281 362 531
731 282 362 728
732 283 362 803
734 284 362 893
740 285 362 1640
742 286 362 1133
753 288 362 252
753 287 362 1859
765 289 362 1881
771 290 362 1627
771 291 362 402
771 292 362 215
774 293 362 1312
775 294 362 866
776 295 362 841
782 296 362 1637
782 297 362 395
792 298 362 1835
795 299 362 1215
797 300 362 1003
797 301 362 330
805 302 362 1767
809 303 362 1389
809 304 362 224
811 305 362 1125
814 306 362 1209
