3 0 508 1280
9 1 508 1633
12 2 508 1246
13 3 508 514
15 4 508 996
15 5 508 86
16 6 508 767
19 7 508 1337
24 10 508 440
24 8 508 1532
24 9 508 172
25 11 508 665
25 12 508 460
26 13 508 551
26 14 508 399
31 19 508 16
31 20 508 246
31 18 508 122
31 17 508 215
31 16 508 101
31 15 508 1535
34 21 508 1335
34 22 508 20
34 23 508 359
34 24 508 362
35 25 508 637
35 26 508 388
36 27 508 544
40 28 508 1425
45 29 508 1563
45 30 508 253
46 31 508 704
47 32 508 704
49 33 508 1080
54 34 508 1519
61 35 508 1738
62 36 508 534
73 37 508 1868
75 38 508 999
79 39 508 1490
92 40 508 1891
92 41 508 180
97 42 508 1552
105 43 508 1764
108 44 508 1218
110 45 508 963
111 46 508 574
115 47 508 1467
119 48 508 1432
120 49 508 833
120 50 508 427
120 51 508 11
123 52 508 1311
126 53 508 1234
129 54 508 1271
140 55 508 1869
146 56 508 1613
148 57 508 887
148 58 508 151
148 59 508 359
154 60 508 1623
154 61 508 223
164 62 508 1837
177 63 508 1894
187 64 508 1843
193 65 508 1661
205 66 508 1885
208 67 508 1305
210 68 508 956
211 69 508 586
213 70 508 1001
213 71 508 157
215 72 508 1141
216 74 508 50
216 75 508 65
216 73 508 556
223 76 508 1708
223 77 508 180
225 78 508 1066
228 79 508 1324
228 80 508 62
229 81 508 845
231 82 508 1037
232 83 508 591
234 85 508 242
234 84 508 1135
237 86 508 1318
241 87 508 1395
248 88 508 1733
253 89 508 1575
253 90 508 125
258 91 508 1572
265 92 508 1716
266 93 508 640
274 94 508 1792
280 95 508 1667
280 96 508 268
285 97 508 1583
295 98 508 1845
299 99 508 1482
301 100 508 1002
304 101 508 1194
305 102 508 511
306 103 508 846
314 105 508 269
314 104 508 1756
315 106 508 795
316 107 508 754
319 108 508 1184
322 109 508 1206
322 110 508 161
326 111 508 1432
333 112 508 1745
334 114 508 296
334 113 508 752
335 115 508 777
337 116 508 1111
340 117 508 1245
341 118 508 758
346 119 508 1601
346 120 508 343
346 121 508 490
351 122 508 1496
354 123 508 1306
354 124 508 460
358 125 508 1354
358 126 508 365
359 127 508 500
360 128 508 689
360 129 508 307
367 131 508 125
367 132 508 259
367 130 508 1722
372 133 508 1509
372 134 508 321
373 135 508 792
373 136 508 334
373 137 508 190
374 138 508 759
375 139 508 866
379 140 508 1372
380 141 508 563
380 142 508 211
381 143 508 526
385 144 508 1414
386 145 508 617
394 146 508 1751
396 148 508 343
396 147 508 964
398 149 508 1014
399 150 508 556
401 151 508 947
402 153 508 244
402 152 508 824
404 154 508 1139
405 155 508 512
411 156 508 1622
413 157 508 1129
413 158 508 385
413 159 508 402
422 161 508 294
422 162 508 65
422 160 508 1828
424 163 508 876
428 164 508 1409
428 165 508 36
431 166 508 1172
431 167 508 236
431 168 508 431
435 170 508 443
435 169 508 1429
437 172 508 486
437 171 508 920
446 173 508 1817
446 174 508 229
453 175 508 1704
453 176 508 278
455 177 508 969
464 178 508 1816
472 179 508 1768
477 180 508 1527
480 182 508 156
480 181 508 1326
485 183 508 1600
491 184 508 1676
492 185 508 774
495 186 508 1225
495 187 508 15
495 188 508 370
502 189 508 1733
504 190 508 1094
506 191 508 1129
513 192 508 1730
513 193 508 356
515 194 508 962
517 195 508 1077
517 196 508 498
520 197 508 1259
522 198 508 1042
526 199 508 1378
530 200 508 1369
535 201 508 1515
536 202 508 533
537 203 508 839
538 204 508 570
543 205 508 1560
543 206 508 461
545 207 508 932
545 208 508 15
549 210 508 233
549 209 508 1359
550 211 508 652
553 212 508 1237
554 213 508 542
555 214 508 800
556 215 508 502
556 216 508 138
556 217 508 389
558 218 508 1125
559 219 508 634
560 220 508 735
563 221 508 1157
571 222 508 1791
572 223 508 622
572 224 508 334
575 225 508 1239
577 226 508 1115
577 227 508 129
578 228 508 854
580 229 508 1076
583 230 508 1205
585 231 508 944
595 232 508 1852
595 233 508 438
595 234 508 398
595 235 508 12
596 236 508 793
599 237 508 1242
601 241 508 292
601 240 508 313
601 238 508 1029
601 239 508 115
633 242 508 1924
635 243 508 935
640 245 508 441
640 244 508 1499
649 246 508 1816
652 247 508 1188
656 248 508 1481
656 249 508 459
658 250 508 939
658 251 508 108
658 252 508 134
658 253 508 408
659 254 508 642
659 255 508 212
665 256 508 1649
675 257 508 1835
676 258 508 504
679 259 508 1256
679 260 508 445
679 261 508 332
679 262 508 77
680 263 508 864
680 264 508 153
683 265 508 1214
684 266 508 725
685 267 508 798
685 268 508 143
686 269 508 788
692 270 508 1634
693 271 508 820
696 272 508 1284
698 274 508 320
698 275 508 443
698 273 508 1009
701 276 508 1157
702 277 508 855
704 278 508 1048
713 279 508 1818
717 280 508 1347
727 281 508 1852
728 283 508 394
728 282 508 572
728 284 508 136
730 285 508 1097
731 286 508 809
735 287 508 1443
742 288 508 1721
742 289 508 185
742 290 508 287
744 291 508 882
745 292 508 737
752 293 508 1698
757 294 508 1595
772 295 508 1906
772 296 508 214
774 297 508 1060
775 298 508 781
775 299 508 284
781 300 508 1640
783 301 508 1017
785 302 508 1044
786 303 508 693
787 305 508 118
787 304 508 750
788 306 508 749
