0 0 1630 470
7 1 1630 1705
8 2 1630 599
8 3 1630 419
12 4 1630 1473
15 5 1630 1284
16 6 1630 803
18 8 1630 443
18 7 1630 1098
19 9 1630 658
22 10 1630 1166
44 11 1630 1922
45 12 1630 554
48 13 1630 1219
51 15 1630 227
51 14 1630 1317
51 16 1630 238
53 18 1630 56
53 17 1630 1014
58 19 1630 1544
58 20 1630 486
66 21 1630 1756
66 22 1630 153
67 23 1630 659
69 24 1630 869
75 25 1630 1630
78 26 1630 1145
80 27 1630 1135
80 28 1630 284
80 29 1630 332
84 30 1630 1486
84 31 1630 152
87 32 1630 1217
90 33 1630 1245
93 35 1630 97
93 34 1630 1187
93 36 1630 383
97 37 1630 1449
98 38 1630 829
101 39 1630 1344
101 40 1630 492
102 41 1630 563
102 42 1630 430
104 43 1630 1062
105 44 1630 796
108 45 1630 1274
126 47 1630 318
126 46 1630 1917
128 48 1630 1020
143 49 1630 1905
148 50 1630 1544
148 51 1630 34
154 52 1630 1660
155 53 1630 840
158 54 1630 1317
159 55 1630 638
164 56 1630 1552
175 57 1630 1864
179 58 1630 1474
187 59 1630 1768
187 60 1630 139
192 61 1630 1592
193 62 1630 814
193 63 1630 111
195 64 1630 1097
197 65 1630 1013
198 66 1630 705
201 67 1630 1233
201 68 1630 31
204 69 1630 1220
212 70 1630 1768
213 71 1630 714
213 72 1630 184
214 73 1630 636
216 74 1630 1052
226 75 1630 1847
229 76 1630 1326
231 77 1630 1015
239 78 1630 1787
244 79 1630 1520
250 80 1630 1638
251 81 1630 827
251 82 1630 115
251 83 1630 303
252 84 1630 712
256 85 1630 1451
256 86 1630 417
256 87 1630 376
266 88 1630 1852
267 89 1630 548
267 90 1630 469
267 91 1630 443
281 92 1630 1900
283 93 1630 986
286 94 1630 1205
287 95 1630 824
293 96 1630 1674
293 97 1630 318
306 98 1630 1890
313 99 1630 1708
314 100 1630 569
315 101 1630 683
315 102 1630 286
322 104 1630 136
322 103 1630 1724
323 105 1630 829
331 106 1630 1774
333 107 1630 1023
340 108 1630 1713
344 109 1630 1394
347 110 1630 1237
348 112 1630 77
348 111 1630 537
360 114 1630 130
360 113 1630 1879
363 115 1630 1236
367 116 1630 1477
368 117 1630 510
371 118 1630 1323
376 119 1630 1570
377 120 1630 596
377 121 1630 328
380 122 1630 1306
384 123 1630 1408
385 124 1630 750
388 125 1630 1324
389 126 1630 739
391 127 1630 1123
395 128 1630 1356
395 129 1630 227
395 130 1630 173
397 131 1630 1007
399 133 1630 79
399 132 1630 1049
401 134 1630 950
403 135 1630 954
404 136 1630 541
404 137 1630 315
404 138 1630 166
413 139 1630 1807
418 140 1630 1601
421 141 1630 1318
422 143 1630 457
422 142 1630 588
425 144 1630 1236
436 145 1630 1856
436 146 1630 366
436 147 1630 20
437 148 1630 856
450 149 1630 1894
453 150 1630 1271
456 151 1630 1164
458 153 1630 320
458 152 1630 919
460 154 1630 1111
460 155 1630 240
463 156 1630 1302
464 157 1630 803
466 158 1630 973
467 159 1630 736
467 160 1630 90
468 161 1630 651
473 162 1630 1592
477 163 1630 1485
480 164 1630 1221
480 165 1630 229
484 166 1630 1413
506 167 1630 1922
508 168 1630 928
510 169 1630 1100
511 170 1630 695
514 172 1630 343
514 171 1630 1162
518 173 1630 1440
531 174 1630 1893
534 175 1630 1202
540 176 1630 1664
541 177 1630 848
541 178 1630 171
542 179 1630 819
544 180 1630 958
545 182 1630 267
545 181 1630 718
549 183 1630 1387
551 184 1630 880
553 185 1630 933
553 186 1630 88
554 187 1630 728
556 188 1630 892
557 189 1630 709
562 190 1630 1576
568 191 1630 1662
571 192 1630 1266
575 193 1630 1354
582 194 1630 1717
584 195 1630 950
590 196 1630 1651
592 197 1630 1027
595 198 1630 1161
597 201 1630 369
597 199 1630 1007
597 200 1630 443
599 202 1630 1017
605 203 1630 1680
608 204 1630 1198
608 205 1630 109
609 206 1630 820
613 207 1630 1404
613 208 1630 351
623 209 1630 1834
624 210 1630 501
624 211 1630 454
625 212 1630 632
625 213 1630 154
632 214 1630 1703
635 215 1630 1297
635 216 1630 383
635 217 1630 205
636 220 1630 141
636 219 1630 288
636 218 1630 605
637 221 1630 684
639 222 1630 1029
639 223 1630 218
643 224 1630 1449
645 225 1630 957
654 226 1630 1821
656 227 1630 913
662 228 1630 1648
664 229 1630 943
668 230 1630 1476
669 231 1630 636
675 232 1630 1612
677 233 1630 1088
677 234 1630 375
678 235 1630 588
684 236 1630 1626
685 237 1630 512
685 238 1630 188
686 240 1630 113
686 239 1630 771
687 241 1630 609
687 242 1630 377
689 243 1630 983
689 244 1630 208
691 245 1630 1122
693 246 1630 1030
695 247 1630 1111
700 249 1630 419
700 248 1630 1576
701 250 1630 566
705 251 1630 1445
705 252 1630 422
707 253 1630 873
708 254 1630 866
714 255 1630 1684
717 256 1630 1264
718 260 1630 213
718 259 1630 241
718 258 1630 231
718 257 1630 798
728 261 1630 1832
734 262 1630 1680
737 263 1630 1333
737 264 1630 357
745 265 1630 1789
746 266 1630 767
750 267 1630 1468
757 268 1630 1704
759 269 1630 1115
764 270 1630 1595
773 271 1630 1796
773 272 1630 17
781 273 1630 1758
781 274 1630 174
785 275 1630 1457
785 276 1630 306
785 277 1630 45
785 278 1630 10
785 279 1630 326
795 280 1630 1851
796 281 1630 709
799 282 1630 1262
802 285 1630 30
802 286 1630 214
802 283 1630 1228
802 284 1630 376
803 287 1630 739
803 288 1630 222
804 289 1630 615
807 290 1630 1248
808 291 1630 828
808 292 1630 280
819 293 1630 1871
820 295 1630 206
820 294 1630 558
821 296 1630 853
823 297 1630 969
824 298 1630 625
824 299 1630 344
824 300 1630 355
828 301 1630 1487
831 302 1630 1332
831 303 1630 460
832 304 1630 749
833 305 1630 695
837 306 1630 1428
