13 0 227 1889
14 1 227 653
17 2 227 1317
19 3 227 1099
21 4 227 960
24 5 227 1266
24 6 227 445
25 7 227 583
31 8 227 1659
44 9 227 1890
51 10 227 1694
54 11 227 1161
54 12 227 445
54 13 227 76
54 14 227 268
56 15 227 887
71 16 227 1904
77 17 227 1641
80 19 227 341
80 18 227 1277
88 20 227 1759
88 21 227 348
88 22 227 419
94 23 227 1677
94 24 227 246
94 25 227 70
97 26 227 1319
99 27 227 891
101 28 227 1064
102 29 227 756
104 30 227 1049
106 31 227 1077
111 32 227 1503
112 33 227 783
115 34 227 1274
115 35 227 451
115 36 227 79
118 39 227 253
118 37 227 1246
118 38 227 391
124 40 227 1655
124 41 227 187
125 42 227 550
130 43 227 1604
132 44 227 1052
134 49 227 13
134 48 227 65
134 47 227 326
134 46 227 442
134 45 227 1043
138 50 227 1448
144 51 227 1673
146 52 227 1024
152 53 227 1647
157 54 227 1545
162 55 227 1541
162 56 227 234
167 57 227 1564
168 58 227 852
170 59 227 890
181 60 227 1871
185 61 227 1478
189 62 227 1443
191 63 227 903
192 64 227 841
193 65 227 616
198 66 227 1582
203 67 227 1587
204 68 227 727
211 69 227 1741
212 70 227 807
213 71 227 657
216 72 227 1250
218 73 227 1023
219 74 227 611
224 75 227 1571
231 76 227 1722
232 77 227 740
233 78 227 624
235 79 227 1128
240 80 227 1552
242 81 227 993
243 82 227 825
245 83 227 1051
248 84 227 1233
251 86 227 53
251 85 227 1301
259 87 227 1780
262 88 227 1162
268 89 227 1657
268 90 227 217
268 91 227 440
268 92 227 394
272 94 227 306
272 95 227 176
272 93 227 1426
273 96 227 668
278 97 227 1572
279 98 227 763
279 99 227 435
283 100 227 1385
284 101 227 780
289 103 227 249
289 102 227 1524
291 104 227 1130
292 105 227 790
292 106 227 423
292 107 227 0
294 108 227 1036
308 109 227 1898
315 110 227 1743
319 111 227 1419
321 112 227 939
327 113 227 1649
330 114 227 1263
332 115 227 878
333 116 227 652
333 117 227 392
338 118 227 1594
342 119 227 1465
343 120 227 563
350 121 227 1727
350 122 227 424
352 123 227 994
357 124 227 1524
357 125 227 367
357 126 227 263
364 127 227 1748
365 128 227 717
365 129 227 434
367 130 227 902
367 131 227 150
381 133 227 188
381 132 227 1901
387 134 227 1668
388 135 227 771
392 136 227 1394
393 137 227 576
403 138 227 1846
403 139 227 442
405 141 227 52
405 140 227 878
406 142 227 744
409 143 227 1189
419 144 227 1839
420 145 227 723
424 146 227 1425
425 147 227 669
425 148 227 163
429 149 227 1353
433 151 227 276
433 150 227 1448
447 152 227 1902
450 153 227 1223
459 154 227 1797
464 155 227 1582
464 156 227 355
465 157 227 529
466 158 227 649
467 159 227 762
468 160 227 526
469 161 227 599
472 162 227 1208
473 163 227 601
475 164 227 995
480 165 227 1592
484 166 227 1442
485 167 227 750
500 168 227 1905
500 169 227 491
504 171 227 76
504 172 227 470
504 170 227 1409
507 173 227 1151
508 174 227 586
509 175 227 511
511 176 227 983
514 177 227 1160
516 178 227 1079
517 179 227 800
518 180 227 867
523 181 227 1518
528 182 227 1585
531 183 227 1288
533 184 227 911
534 185 227 626
534 186 227 173
535 188 227 316
535 189 227 85
535 187 227 678
535 190 227 416
536 191 227 864
546 192 227 1851
548 193 227 1083
558 194 227 1841
558 195 227 279
559 196 227 768
559 197 227 142
559 198 227 193
559 199 227 247
562 200 227 1205
563 201 227 674
564 202 227 689
569 203 227 1596
580 204 227 1869
584 205 227 1372
591 206 227 1730
592 207 227 750
593 208 227 636
596 209 227 1285
597 210 227 599
599 211 227 1119
603 212 227 1375
611 213 227 1774
620 214 227 1820
622 215 227 932
624 216 227 938
634 217 227 1844
640 218 227 1615
640 219 227 369
644 220 227 1419
645 221 227 764
645 222 227 434
654 223 227 1819
654 224 227 74
655 225 227 545
655 226 227 149
658 227 227 1312
661 228 227 1235
661 229 227 307
667 230 227 1667
668 231 227 840
670 232 227 967
671 233 227 832
676 234 227 1519
676 235 227 192
677 236 227 829
694 237 227 1914
697 238 227 1344
701 239 227 1463
702 240 227 820
706 241 227 1347
706 242 227 41
708 243 227 955
712 244 227 1411
715 245 227 1222
719 246 227 1413
719 247 227 77
722 248 227 1188
724 249 227 908
727 250 227 1265
728 251 227 849
728 252 227 452
735 253 227 1749
736 254 227 752
736 255 227 441
736 256 227 240
737 257 227 794
742 258 227 1522
745 259 227 1324
748 260 227 1223
748 261 227 418
752 262 227 1440
752 263 227 329
757 264 227 1543
763 265 227 1683
763 266 227 152
764 268 227 254
764 267 227 542
770 269 227 1627
770 270 227 102
772 271 227 949
773 272 227 499
773 273 227 151
777 274 227 1474
777 275 227 71
778 276 227 723
782 278 227 408
782 277 227 1403
783 279 227 777
785 280 227 1056
785 281 227 71
785 282 227 124
785 283 227 327
787 284 227 966
788 286 227 387
788 285 227 818
791 288 227 79
791 287 227 1143
793 289 227 1078
805 290 227 1877
805 291 227 35
805 292 227 392
805 293 227 20
805 294 227 240
805 295 227 401
815 296 227 1832
821 297 227 1637
824 298 227 1337
830 299 227 1652
832 300 227 1069
834 301 227 871
841 302 227 1747
845 303 227 1485
846 305 227 316
846 304 227 805
846 306 227 349
