3 0 164 1244
3 1 164 317
3 2 164 302
3 3 164 139
4 4 164 567
4 5 164 425
7 6 164 1181
9 7 164 991
13 8 164 1360
21 9 164 1782
28 10 164 1731
28 11 164 194
31 12 164 1304
31 13 164 146
32 14 164 854
35 15 164 1285
35 16 164 208
40 18 164 66
40 17 164 1603
51 19 164 1858
51 20 164 372
51 21 164 439
52 22 164 612
52 23 164 256
53 24 164 710
53 25 164 100
56 26 164 1281
58 27 164 982
59 28 164 617
62 29 164 1302
63 30 164 800
65 31 164 996
65 32 164 34
65 33 164 230
75 34 164 1833
80 35 164 1585
81 37 164 214
81 36 164 757
89 38 164 1769
89 39 164 71
91 40 164 1123
93 41 164 1135
94 42 164 863
96 43 164 929
97 44 164 749
107 46 164 100
107 45 164 1833
109 47 164 944
110 48 164 632
111 49 164 781
118 50 164 1705
123 51 164 1538
123 52 164 494
123 53 164 35
125 54 164 1084
126 55 164 805
132 56 164 1630
132 57 164 46
136 58 164 1353
136 59 164 467
138 60 164 1069
138 61 164 199
138 62 164 374
138 63 164 57
140 64 164 981
141 65 164 735
141 66 164 160
143 67 164 1073
143 68 164 238
146 69 164 1194
147 70 164 527
166 71 164 1918
174 72 164 1758
193 73 164 1919
194 74 164 734
197 75 164 1161
202 76 164 1500
208 77 164 1608
212 78 164 1431
213 79 164 802
243 80 164 1924
243 81 164 336
243 82 164 349
251 83 164 1761
256 84 164 1522
259 85 164 1186
260 86 164 501
283 87 164 1923
285 88 164 1070
287 89 164 1027
299 90 164 1880
300 91 164 711
301 92 164 785
304 93 164 1302
306 94 164 927
308 95 164 924
309 96 164 760
310 97 164 806
321 98 164 1872
321 99 164 14
327 100 164 1672
329 101 164 951
330 102 164 706
334 104 164 253
334 103 164 1363
341 105 164 1711
348 106 164 1705
349 107 164 499
352 108 164 1226
362 109 164 1847
365 110 164 1229
365 111 164 21
366 112 164 539
367 114 164 467
367 113 164 551
368 115 164 732
376 116 164 1774
377 117 164 538
377 118 164 460
384 119 164 1720
384 120 164 233
384 121 164 162
384 122 164 2
386 123 164 1135
389 124 164 1238
396 125 164 1741
398 126 164 1132
398 127 164 456
400 128 164 992
407 129 164 1734
407 130 164 401
408 131 164 694
414 132 164 1661
418 133 164 1417
420 134 164 1054
422 135 164 972
427 136 164 1555
429 137 164 911
434 138 164 1507
441 139 164 1735
445 141 164 1
445 140 164 1406
446 142 164 696
449 143 164 1147
456 144 164 1722
467 145 164 1858
467 146 164 172
467 147 164 234
468 149 164 194
468 148 164 834
470 152 164 345
470 153 164 152
470 150 164 1075
470 151 164 222
477 154 164 1705
482 155 164 1510
484 156 164 949
489 157 164 1496
489 158 164 124
489 159 164 437
490 160 164 578
493 161 164 1248
497 162 164 1432
501 163 164 1416
505 164 164 1446
506 165 164 535
506 166 164 285
508 167 164 1046
512 168 164 1422
516 169 164 1419
518 170 164 1101
519 171 164 862
521 172 164 955
522 173 164 649
522 174 164 313
522 175 164 232
526 176 164 1390
527 177 164 780
530 178 164 1337
533 179 164 1304
538 180 164 1568
540 181 164 898
545 182 164 1546
546 183 164 797
547 184 164 659
547 185 164 178
547 186 164 348
552 187 164 1509
558 188 164 1636
562 191 164 59
562 189 164 1468
562 190 164 23
563 192 164 786
565 193 164 1070
568 194 164 1157
568 195 164 157
568 196 164 494
571 197 164 1205
577 198 164 1625
580 199 164 1187
585 200 164 1573
587 201 164 1050
588 202 164 736
591 203 164 1340
593 204 164 1017
593 205 164 212
596 206 164 1192
602 207 164 1621
610 208 164 1763
614 212 164 158
614 211 164 169
614 209 164 1473
614 210 164 120
615 213 164 744
616 214 164 793
621 215 164 1605
627 216 164 1627
628 217 164 634
629 218 164 757
632 219 164 1268
632 220 164 186
633 221 164 701
636 222 164 1334
648 223 164 1878
652 224 164 1396
654 226 164 75
654 225 164 1042
663 227 164 1809
667 229 164 156
667 228 164 1417
673 230 164 1662
673 231 164 185
675 232 164 1079
675 233 164 150
681 234 164 1656
682 236 164 161
682 237 164 206
682 235 164 518
689 238 164 1704
689 239 164 446
691 240 164 911
692 241 164 652
698 242 164 1670
698 243 164 163
702 244 164 1348
710 245 164 1779
719 248 164 277
719 247 164 41
719 246 164 1825
723 249 164 1477
723 250 164 454
731 251 164 1784
731 252 164 447
731 253 164 357
733 254 164 1001
735 255 164 872
741 256 164 1640
742 257 164 783
753 258 164 1869
767 259 164 1900
767 260 164 136
770 261 164 1307
770 262 164 204
776 263 164 1606
783 264 164 1735
794 265 164 1859
796 267 164 8
796 266 164 1014
798 268 164 1013
798 269 164 274
802 270 164 1443
806 271 164 1421
807 272 164 855
807 273 164 311
807 274 164 357
811 275 164 1458
813 276 164 955
816 277 164 1171
817 278 164 530
822 279 164 1541
824 280 164 1141
824 281 164 33
829 282 164 1531
840 283 164 1864
846 284 164 1626
855 285 164 1802
861 286 164 1662
862 287 164 721
864 288 164 1073
865 289 164 784
866 290 164 802
869 291 164 1303
869 292 164 262
876 293 164 1729
876 294 164 309
881 298 164 352
881 297 164 64
881 295 164 1528
881 296 164 448
885 299 164 1413
886 300 164 764
895 301 164 1817
897 303 164 3
897 302 164 953
897 304 164 33
899 305 164 958
901 306 164 929
