4 0 146 1412
7 1 146 1308
7 2 146 232
10 3 146 1203
16 4 146 1638
16 5 146 318
17 6 146 743
24 7 146 1750
32 8 146 1756
35 9 146 1336
37 10 146 934
45 11 146 1763
46 12 146 708
47 13 146 577
48 14 146 665
49 15 146 621
52 16 146 1204
56 17 146 1488
57 18 146 633
59 19 146 1100
64 20 146 1583
68 21 146 1486
71 22 146 1291
71 23 146 239
71 24 146 374
73 25 146 1023
75 26 146 963
77 27 146 914
85 28 146 1769
94 29 146 1807
94 30 146 303
102 31 146 1776
105 32 146 1316
107 33 146 1040
117 38 146 251
117 36 146 399
117 37 146 340
117 35 146 180
117 34 146 1836
118 39 146 511
118 40 146 421
118 41 146 167
119 42 146 776
120 43 146 680
120 44 146 334
122 45 146 908
125 46 146 1190
127 47 146 969
127 48 146 334
127 49 146 152
129 50 146 1090
130 51 146 780
132 52 146 906
132 53 146 353
141 54 146 1827
151 56 146 17
151 55 146 1851
169 57 146 1918
170 58 146 829
171 59 146 615
174 60 146 1280
182 61 146 1753
197 62 146 1905
209 63 146 1874
211 64 146 1033
213 65 146 1083
213 66 146 446
218 67 146 1593
219 68 146 665
219 69 146 485
219 70 146 222
220 71 146 863
223 73 146 122
223 72 146 1236
224 74 146 678
228 75 146 1416
229 76 146 709
230 77 146 611
240 78 146 1830
244 79 146 1391
252 80 146 1758
271 81 146 1918
272 82 146 579
278 83 146 1617
279 84 146 717
283 85 146 1448
285 86 146 869
287 87 146 962
289 88 146 1138
305 89 146 1910
305 90 146 162
305 91 146 406
309 92 146 1436
314 93 146 1560
317 94 146 1155
318 95 146 592
318 96 146 186
319 97 146 827
324 98 146 1571
327 99 146 1176
327 100 146 461
332 101 146 1521
332 102 146 303
340 103 146 1773
351 104 146 1855
351 105 146 227
355 106 146 1468
356 107 146 784
361 108 146 1600
361 109 146 410
363 110 146 1142
366 111 146 1330
366 112 146 87
370 113 146 1362
371 114 146 782
374 115 146 1286
377 116 146 1174
377 117 146 288
380 118 146 1156
385 119 146 1510
385 120 146 213
389 122 146 455
389 121 146 1409
390 123 146 680
390 124 146 322
397 125 146 1740
401 126 146 1351
406 127 146 1601
408 128 146 891
408 129 146 85
411 130 146 1229
420 131 146 1806
422 132 146 964
423 133 146 654
425 134 146 929
425 135 146 236
431 136 146 1614
432 137 146 730
438 138 146 1687
438 139 146 490
453 140 146 1904
453 141 146 84
456 142 146 1287
457 143 146 727
458 144 146 767
459 145 146 757
459 146 146 318
459 147 146 73
460 148 146 778
468 149 146 1794
471 150 146 1343
480 151 146 1823
485 153 146 61
485 152 146 1595
487 154 146 962
489 155 146 977
491 156 146 1066
496 157 146 1548
500 158 146 1450
500 159 146 114
501 160 146 800
509 161 146 1792
518 162 146 1818
523 163 146 1514
525 164 146 1106
528 165 146 1260
528 166 146 365
532 167 146 1358
532 168 146 433
533 169 146 546
538 171 146 443
538 170 146 1596
539 172 146 525
540 173 146 666
545 174 146 1530
545 175 146 129
545 176 146 122
551 177 146 1653
561 178 146 1837
565 179 146 1490
569 180 146 1422
572 181 146 1277
573 182 146 822
575 183 146 1021
576 184 146 667
579 185 146 1330
579 186 146 211
581 187 146 903
587 188 146 1616
599 189 146 1876
601 191 146 66
601 190 146 1094
604 192 146 1205
609 193 146 1572
615 194 146 1614
615 195 146 112
615 196 146 190
622 197 146 1697
627 198 146 1545
631 200 146 391
631 199 146 1432
633 201 146 885
638 202 146 1564
638 203 146 232
638 204 146 197
640 205 146 899
643 206 146 1297
645 208 146 455
645 207 146 928
646 209 146 833
647 210 146 855
650 211 146 1338
656 212 146 1635
668 213 146 1885
669 214 146 617
673 215 146 1447
675 216 146 969
676 217 146 796
677 218 146 846
684 219 146 1701
686 220 146 1049
690 221 146 1387
696 222 146 1666
696 223 146 482
700 224 146 1376
705 225 146 1530
708 226 146 1163
710 227 146 878
712 228 146 977
716 229 146 1417
727 230 146 1863
727 231 146 349
727 232 146 107
727 233 146 405
729 234 146 1098
730 235 146 537
736 236 146 1637
737 237 146 590
738 238 146 824
745 240 146 32
745 239 146 1692
748 241 146 1207
748 242 146 447
749 243 146 783
751 244 146 1021
757 245 146 1681
757 246 146 356
760 247 146 1244
762 249 146 166
762 248 146 955
764 250 146 1068
767 251 146 1318
768 252 146 851
776 253 146 1769
776 254 146 383
778 255 146 929
781 256 146 1143
783 257 146 1082
784 258 146 781
785 259 146 592
791 260 146 1661
791 261 146 419
803 262 146 1876
805 263 146 963
807 264 146 894
808 265 146 506
811 266 146 1231
814 267 146 1230
815 268 146 786
815 269 146 80
822 270 146 1734
822 271 146 379
836 272 146 1897
838 273 146 1078
844 274 146 1668
852 275 146 1767
854 276 146 939
856 277 146 883
860 278 146 1385
866 279 146 1620
869 280 146 1173
879 281 146 1843
889 282 146 1847
890 283 146 810
890 284 146 349
891 285 146 544
895 289 146 169
895 288 146 21
895 286 146 1422
895 287 146 262
898 290 146 1318
899 291 146 555
906 292 146 1734
906 293 146 231
906 294 146 31
911 295 146 1537
914 296 146 1255
918 297 146 1409
927 298 146 1813
928 299 146 515
928 300 146 450
930 301 146 1051
930 302 146 458
932 303 146 875
932 304 146 357
933 305 146 688
937 306 146 1346
