0 0 133 346
7 1 133 1711
8 2 133 516
11 3 133 1142
14 4 133 1215
14 5 133 177
15 6 133 630
16 8 133 188
16 7 133 635
17 9 133 699
23 10 133 1653
23 11 133 428
23 12 133 111
29 13 133 1632
30 14 133 860
41 15 133 1868
47 16 133 1672
50 18 133 108
50 17 133 1218
51 19 133 717
53 20 133 1111
53 21 133 464
57 22 133 1400
61 23 133 1357
63 24 133 1132
64 25 133 581
64 26 133 176
65 27 133 680
74 28 133 1804
74 29 133 167
79 30 133 1551
81 31 133 1044
86 32 133 1509
87 33 133 696
89 35 133 109
89 34 133 1044
90 38 133 157
90 37 133 282
90 36 133 529
92 39 133 1114
92 40 133 264
92 41 133 56
94 42 133 986
94 43 133 66
95 44 133 757
95 45 133 157
98 46 133 1208
102 47 133 1477
104 48 133 1120
110 49 133 1669
110 50 133 204
110 51 133 428
111 52 133 603
114 53 133 1171
116 54 133 1036
125 56 133 310
125 55 133 1806
127 57 133 1084
127 58 133 9
128 59 133 634
128 60 133 1
140 61 133 1875
141 62 133 755
141 63 133 20
143 64 133 1072
144 65 133 609
145 66 133 843
148 67 133 1339
149 68 133 587
150 69 133 751
153 70 133 1338
157 71 133 1389
159 72 133 1061
161 74 133 453
161 73 133 919
163 75 133 1055
167 76 133 1402
170 77 133 1334
171 78 133 600
173 79 133 974
176 80 133 1297
177 81 133 623
181 82 133 1484
181 83 133 134
194 84 133 1888
196 87 133 337
196 85 133 1123
196 86 133 441
201 88 133 1585
204 89 133 1162
211 90 133 1723
215 92 133 272
215 91 133 1370
219 93 133 1447
221 95 133 314
221 94 133 1112
224 96 133 1225
226 97 133 966
228 98 133 919
228 99 133 148
231 100 133 1238
239 101 133 1794
241 104 133 330
241 102 133 889
241 103 133 368
242 105 133 739
245 106 133 1291
251 107 133 1608
252 108 133 718
267 109 133 1905
267 110 133 404
269 112 133 484
269 111 133 901
271 113 133 959
274 114 133 1261
277 115 133 1302
277 116 133 390
278 117 133 620
278 118 133 57
290 119 133 1873
290 120 133 168
291 121 133 506
297 122 133 1678
301 123 133 1350
303 124 133 953
316 125 133 1893
318 126 133 1117
323 127 133 1538
330 128 133 1732
330 129 133 139
338 132 133 414
338 133 133 451
338 130 133 1755
338 131 133 436
344 134 133 1660
348 135 133 1428
354 136 133 1659
356 137 133 1115
363 138 133 1729
366 139 133 1149
374 140 133 1757
375 141 133 757
380 142 133 1544
385 143 133 1605
386 144 133 758
387 145 133 821
389 146 133 886
392 147 133 1237
392 148 133 186
399 149 133 1734
409 150 133 1848
410 151 133 604
412 152 133 908
414 153 133 971
429 154 133 1905
430 155 133 732
430 156 133 115
434 157 133 1464
437 158 133 1340
437 159 133 362
442 160 133 1546
448 161 133 1678
457 162 133 1801
458 163 133 578
458 164 133 149
471 165 133 1892
471 166 133 486
471 167 133 32
474 168 133 1223
482 169 133 1758
487 170 133 1568
490 171 133 1200
491 172 133 816
492 173 133 832
492 174 133 115
495 175 133 1335
497 176 133 886
497 177 133 73
498 178 133 591
498 179 133 131
500 180 133 1007
509 181 133 1805
513 182 133 1352
535 183 133 1922
535 184 133 215
538 185 133 1151
542 186 133 1452
546 187 133 1368
546 188 133 471
548 189 133 928
551 191 133 194
551 190 133 1313
558 192 133 1700
562 193 133 1366
567 194 133 1527
567 195 133 79
569 196 133 880
571 197 133 965
575 198 133 1455
576 200 133 335
576 199 133 790
577 201 133 853
577 202 133 13
577 203 133 353
577 204 133 166
578 205 133 648
585 206 133 1712
585 207 133 76
586 208 133 855
587 209 133 569
595 210 133 1770
595 211 133 41
597 212 133 873
600 213 133 1208
603 214 133 1280
609 215 133 1666
609 216 133 325
618 218 133 363
618 217 133 1804
620 219 133 923
620 220 133 440
622 221 133 1043
626 222 133 1486
626 223 133 295
626 224 133 444
630 225 133 1374
634 226 133 1424
638 227 133 1375
641 229 133 36
641 230 133 454
641 228 133 1229
651 231 133 1846
652 232 133 543
659 233 133 1726
666 234 133 1721
666 235 133 153
674 236 133 1792
676 237 133 998
684 238 133 1756
688 239 133 1492
692 240 133 1363
696 241 133 1376
697 242 133 512
706 243 133 1826
708 244 133 1082
711 245 133 1271
714 248 133 86
714 247 133 492
714 246 133 1246
722 249 133 1786
728 250 133 1678
730 251 133 1001
731 252 133 602
732 253 133 531
732 254 133 350
735 255 133 1216
738 256 133 1291
744 257 133 1642
754 258 133 1833
755 259 133 717
758 260 133 1148
758 261 133 337
759 262 133 771
760 263 133 819
760 264 133 114
770 265 133 1849
774 266 133 1423
776 267 133 1071
780 268 133 1411
782 269 133 1126
791 270 133 1799
794 271 133 1252
794 272 133 47
795 273 133 796
799 274 133 1485
801 275 133 988
802 276 133 530
807 277 133 1584
809 278 133 1137
811 279 133 1098
811 280 133 127
813 281 133 932
816 282 133 1288
820 283 133 1368
820 284 133 283
824 285 133 1377
827 287 133 11
827 286 133 1244
831 288 133 1375
832 289 133 504
833 290 133 787
833 291 133 149
835 292 133 1090
837 293 133 1038
837 294 133 343
839 295 133 1025
840 296 133 605
846 297 133 1618
853 298 133 1711
856 299 133 1158
864 300 133 1773
864 301 133 174
866 302 133 1005
868 303 133 884
884 305 133 426
884 304 133 1912
886 306 133 954
