10 0 1307 1850
18 1 1307 1788
19 2 1307 832
30 3 1307 1871
30 4 1307 286
32 5 1307 950
35 6 1307 1247
39 8 1307 323
39 7 1307 1360
48 9 1307 1821
49 10 1307 683
57 11 1307 1755
58 12 1307 862
61 13 1307 1316
67 14 1307 1617
76 15 1307 1828
79 16 1307 1284
80 17 1307 747
91 18 1307 1866
93 19 1307 1067
101 20 1307 1752
113 21 1307 1877
115 22 1307 1109
118 23 1307 1345
122 24 1307 1413
123 25 1307 790
126 26 1307 1240
126 27 1307 447
128 28 1307 1059
134 29 1307 1673
136 30 1307 1009
136 31 1307 107
138 32 1307 1137
140 33 1307 1118
141 34 1307 591
143 35 1307 970
157 36 1307 1897
162 37 1307 1539
163 38 1307 848
168 39 1307 1531
168 40 1307 321
170 41 1307 921
173 42 1307 1244
175 43 1307 1085
177 44 1307 1007
177 45 1307 46
179 46 1307 1105
186 47 1307 1694
187 49 1307 91
187 48 1307 838
192 50 1307 1524
203 51 1307 1865
205 52 1307 1016
208 53 1307 1143
213 54 1307 1589
227 55 1307 1897
228 56 1307 678
232 58 1307 457
232 57 1307 1412
236 59 1307 1420
242 60 1307 1634
243 61 1307 799
243 62 1307 301
244 63 1307 575
245 64 1307 812
246 65 1307 575
247 66 1307 618
253 67 1307 1669
254 68 1307 724
255 69 1307 647
266 70 1307 1856
272 71 1307 1669
281 72 1307 1823
281 73 1307 334
282 74 1307 745
283 75 1307 830
284 78 1307 337
284 76 1307 632
284 77 1307 24
288 79 1307 1367
294 80 1307 1610
298 81 1307 1470
303 82 1307 1534
305 83 1307 967
305 84 1307 148
307 85 1307 1068
309 86 1307 1016
328 87 1307 1919
332 88 1307 1453
333 89 1307 618
333 90 1307 292
333 91 1307 485
335 92 1307 1081
339 93 1307 1352
348 94 1307 1822
352 95 1307 1447
353 96 1307 620
354 97 1307 669
354 98 1307 272
354 99 1307 432
358 100 1307 1353
362 101 1307 1360
364 102 1307 970
364 103 1307 191
364 104 1307 160
372 106 1307 42
372 105 1307 1780
373 107 1307 681
373 108 1307 397
374 109 1307 758
377 110 1307 1264
378 111 1307 653
380 112 1307 1074
382 113 1307 1015
389 115 1307 163
389 114 1307 1735
392 116 1307 1190
395 117 1307 1258
395 118 1307 426
401 119 1307 1668
405 120 1307 1483
406 123 1307 106
406 124 1307 354
406 121 1307 624
406 122 1307 215
410 125 1307 1370
411 126 1307 587
411 127 1307 470
411 128 1307 437
414 129 1307 1223
414 130 1307 210
427 131 1307 1888
433 132 1307 1676
443 135 1307 249
443 133 1307 1830
443 134 1307 13
444 136 1307 500
447 137 1307 1342
448 138 1307 806
448 139 1307 293
450 140 1307 1026
450 141 1307 335
455 142 1307 1521
456 143 1307 694
459 144 1307 1278
464 145 1307 1563
467 146 1307 1336
467 147 1307 66
472 148 1307 1542
478 149 1307 1659
478 150 1307 256
481 151 1307 1286
481 152 1307 243
482 153 1307 528
484 154 1307 873
485 155 1307 728
488 156 1307 1144
489 157 1307 864
497 158 1307 1761
498 159 1307 715
501 160 1307 1193
506 162 1307 243
506 161 1307 1496
508 163 1307 1099
509 164 1307 548
512 165 1307 1301
514 166 1307 902
517 167 1307 1169
519 168 1307 1001
523 169 1307 1485
528 170 1307 1587
536 173 1307 132
536 172 1307 451
536 171 1307 1772
537 174 1307 642
540 175 1307 1148
542 176 1307 1028
546 177 1307 1446
547 178 1307 752
548 179 1307 716
548 180 1307 34
549 181 1307 521
550 182 1307 853
551 183 1307 703
553 184 1307 966
554 185 1307 849
560 186 1307 1645
563 187 1307 1148
565 188 1307 957
568 189 1307 1209
570 190 1307 1029
575 191 1307 1561
580 192 1307 1506
580 193 1307 91
582 194 1307 1025
586 195 1307 1455
586 196 1307 91
586 197 1307 421
586 198 1307 146
600 199 1307 1902
601 201 1307 166
601 200 1307 661
603 202 1307 989
603 203 1307 56
603 204 1307 71
603 205 1307 409
604 206 1307 834
604 207 1307 110
613 208 1307 1811
619 209 1307 1649
625 210 1307 1625
631 211 1307 1623
631 212 1307 111
633 213 1307 1044
634 214 1307 681
635 215 1307 671
636 216 1307 642
640 217 1307 1465
640 218 1307 132
646 219 1307 1623
651 220 1307 1581
657 221 1307 1678
657 222 1307 212
664 223 1307 1717
664 224 1307 456
664 225 1307 26
664 226 1307 266
664 227 1307 360
666 228 1307 1032
668 229 1307 1112
670 230 1307 1056
671 231 1307 606
674 232 1307 1300
675 233 1307 775
675 234 1307 55
683 235 1307 1792
687 236 1307 1456
688 237 1307 796
689 238 1307 631
690 240 1307 14
690 239 1307 557
695 241 1307 1534
698 242 1307 1261
701 243 1307 1232
706 244 1307 1509
709 245 1307 1330
713 246 1307 1449
713 247 1307 461
716 249 1307 353
716 248 1307 1335
717 250 1307 812
718 251 1307 550
718 252 1307 288
718 253 1307 447
718 254 1307 320
720 255 1307 907
732 256 1307 1879
735 257 1307 1197
740 258 1307 1525
740 259 1307 45
740 260 1307 143
740 261 1307 474
742 262 1307 1003
743 263 1307 698
744 264 1307 592
746 266 1307 323
746 265 1307 1018
749 267 1307 1261
751 268 1307 989
752 269 1307 813
754 270 1307 1140
762 271 1307 1770
763 272 1307 834
768 273 1307 1500
774 274 1307 1609
774 275 1307 46
774 276 1307 417
776 278 1307 207
776 277 1307 905
778 279 1307 1050
779 280 1307 501
786 281 1307 1729
788 282 1307 950
789 283 1307 678
789 284 1307 300
790 286 1307 318
790 285 1307 505
791 288 1307 454
791 287 1307 852
793 289 1307 1073
803 290 1307 1838
803 291 1307 259
806 292 1307 1196
807 293 1307 586
807 294 1307 414
811 295 1307 1465
812 296 1307 531
813 297 1307 563
814 298 1307 639
814 299 1307 490
816 300 1307 1007
816 301 1307 188
820 302 1307 1397
821 303 1307 521
823 304 1307 1138
825 305 1307 966
831 306 1307 1641
