5 0 631 1588
22 1 631 1913
22 2 631 475
25 3 631 1270
28 4 631 1171
30 5 631 1140
32 6 631 908
35 7 631 1338
37 8 631 1039
40 9 631 1171
40 10 631 72
40 11 631 419
41 12 631 793
46 13 631 1544
46 14 631 191
47 15 631 540
54 19 631 16
54 18 631 198
54 16 631 1731
54 17 631 484
56 20 631 1136
58 21 631 1076
58 22 631 395
67 23 631 1814
68 24 631 570
69 25 631 685
71 26 631 1062
72 27 631 589
76 28 631 1493
76 29 631 7
81 30 631 1496
84 31 631 1150
89 32 631 1534
89 33 631 13
91 34 631 953
95 35 631 1491
96 36 631 572
97 37 631 723
98 38 631 733
99 39 631 792
113 40 631 1902
116 41 631 1169
120 42 631 1413
122 43 631 1013
122 44 631 427
122 45 631 97
123 46 631 662
124 47 631 799
128 48 631 1461
131 49 631 1323
135 50 631 1399
141 51 631 1662
143 52 631 1016
143 53 631 285
143 54 631 248
144 55 631 512
149 56 631 1518
150 57 631 586
151 58 631 700
151 59 631 485
151 60 631 78
151 61 631 318
159 62 631 1770
161 63 631 1032
166 64 631 1600
167 65 631 847
168 66 631 810
169 67 631 779
170 68 631 590
171 69 631 625
184 70 631 1892
186 71 631 1007
192 72 631 1676
195 73 631 1331
195 74 631 39
208 75 631 1892
213 76 631 1587
216 77 631 1306
220 78 631 1387
220 79 631 472
220 80 631 22
220 81 631 262
222 82 631 1053
222 83 631 170
223 84 631 532
231 86 631 133
231 85 631 1758
234 87 631 1248
241 88 631 1690
241 89 631 441
255 90 631 1897
271 91 631 1911
271 92 631 23
271 93 631 247
272 94 631 714
277 95 631 1583
280 96 631 1324
280 97 631 381
283 98 631 1338
288 99 631 1505
291 100 631 1212
300 101 631 1808
300 102 631 208
301 103 631 836
305 104 631 1355
305 105 631 392
321 106 631 1911
327 107 631 1610
327 108 631 246
327 109 631 281
328 110 631 850
328 111 631 212
330 113 631 227
330 114 631 463
330 112 631 1123
337 115 631 1740
340 116 631 1189
345 117 631 1600
346 118 631 499
354 119 631 1766
355 120 631 713
359 121 631 1486
361 123 631 149
361 122 631 1014
362 124 631 652
377 125 631 1906
379 126 631 983
383 127 631 1428
384 128 631 616
384 129 631 380
385 130 631 567
388 131 631 1206
401 132 631 1892
410 133 631 1807
413 134 631 1185
413 135 631 139
413 136 631 54
413 137 631 217
414 138 631 739
414 139 631 140
422 140 631 1772
422 141 631 448
424 142 631 1002
428 143 631 1409
433 144 631 1515
439 145 631 1685
440 146 631 787
447 147 631 1720
454 148 631 1709
456 149 631 898
456 150 631 393
462 151 631 1649
471 152 631 1806
476 153 631 1497
477 154 631 791
483 155 631 1651
484 156 631 794
484 157 631 59
484 158 631 183
488 159 631 1373
491 160 631 1333
491 161 631 483
493 162 631 993
501 163 631 1790
507 164 631 1638
512 165 631 1568
512 166 631 244
515 167 631 1241
517 168 631 966
517 169 631 323
523 170 631 1686
525 171 631 972
526 173 631 359
526 172 631 860
545 174 631 1918
545 175 631 264
545 176 631 483
550 177 631 1529
551 178 631 558
553 179 631 892
555 180 631 1119
558 181 631 1187
564 182 631 1643
570 183 631 1643
586 184 631 1911
587 185 631 843
590 186 631 1325
590 187 631 395
592 188 631 1015
596 189 631 1459
599 190 631 1270
618 192 631 33
618 191 631 1919
621 193 631 1290
622 194 631 731
625 195 631 1288
629 196 631 1380
631 197 631 1136
638 198 631 1695
650 199 631 1872
654 200 631 1440
658 201 631 1470
659 202 631 754
663 203 631 1386
665 204 631 1137
669 205 631 1346
670 206 631 788
674 207 631 1446
679 208 631 1503
680 209 631 527
683 210 631 1167
686 211 631 1189
690 212 631 1426
693 213 631 1215
693 214 631 254
693 215 631 145
694 216 631 764
697 217 631 1275
706 218 631 1804
707 220 631 243
707 219 631 795
715 221 631 1773
715 222 631 226
719 223 631 1432
721 224 631 978
728 225 631 1691
730 226 631 938
734 227 631 1494
739 228 631 1552
740 229 631 629
741 230 631 809
744 231 631 1271
752 232 631 1758
753 233 631 610
757 234 631 1377
762 235 631 1573
762 236 631 433
762 237 631 257
763 238 631 506
764 240 631 54
764 239 631 564
773 241 631 1803
774 242 631 816
774 243 631 487
774 244 631 292
774 245 631 80
774 246 631 493
775 247 631 743
777 248 631 1036
778 249 631 586
779 250 631 524
779 251 631 105
782 252 631 1257
784 253 631 900
790 254 631 1629
795 255 631 1591
798 256 631 1243
801 258 631 408
801 257 631 1246
805 259 631 1370
805 260 631 407
808 261 631 1219
817 262 631 1819
819 263 631 873
825 264 631 1642
834 265 631 1821
838 266 631 1355
839 267 631 815
847 268 631 1763
848 269 631 605
854 270 631 1636
855 271 631 507
856 272 631 769
859 273 631 1239
860 274 631 740
860 275 631 364
862 276 631 956
868 277 631 1663
870 278 631 1140
872 279 631 897
875 280 631 1198
875 281 631 195
875 282 631 457
877 283 631 966
877 284 631 105
878 285 631 704
878 286 631 14
879 287 631 858
881 288 631 906
888 289 631 1710
888 290 631 330
890 291 631 1112
898 292 631 1773
900 293 631 1060
900 294 631 157
901 295 631 759
917 296 631 1909
928 297 631 1868
929 298 631 770
929 299 631 396
930 300 631 650
935 301 631 1603
937 302 631 904
937 303 631 431
939 304 631 874
939 305 631 16
942 306 631 1260
