6 0 1102 1680
6 1 1102 131
6 2 1102 427
7 3 1102 661
9 4 1102 1015
10 5 1102 790
14 6 1102 1479
15 7 1102 761
24 8 1102 1811
37 9 1102 1889
46 10 1102 1814
46 11 1102 53
54 12 1102 1769
60 13 1102 1659
63 14 1102 1339
63 15 1102 273
63 16 1102 464
65 17 1102 903
69 18 1102 1442
70 19 1102 596
73 20 1102 1322
76 21 1102 1238
77 22 1102 601
84 23 1102 1703
84 24 1102 106
92 25 1102 1757
93 26 1102 667
93 27 1102 160
95 28 1102 992
97 29 1102 1024
101 30 1102 1387
101 31 1102 381
101 32 1102 29
102 33 1102 562
107 34 1102 1582
108 35 1102 581
109 36 1102 868
121 37 1102 1873
125 38 1102 1461
127 39 1102 952
133 40 1102 1688
134 41 1102 533
139 42 1102 1551
139 43 1102 160
151 44 1102 1881
154 45 1102 1320
158 47 1102 156
158 46 1102 1345
159 48 1102 711
159 49 1102 390
160 50 1102 738
167 51 1102 1717
171 55 1102 442
171 52 1102 1390
171 53 1102 128
171 54 1102 335
175 56 1102 1454
176 57 1102 648
177 58 1102 554
180 59 1102 1183
180 60 1102 122
183 61 1102 1318
190 62 1102 1693
191 63 1102 786
192 64 1102 501
196 65 1102 1433
196 66 1102 23
199 68 1102 76
199 67 1102 1207
200 69 1102 758
203 70 1102 1329
204 71 1102 515
208 72 1102 1366
208 73 1102 489
209 74 1102 832
210 75 1102 788
216 77 1102 441
216 76 1102 1611
223 78 1102 1746
224 79 1102 710
224 80 1102 411
225 81 1102 510
229 82 1102 1373
230 83 1102 602
230 84 1102 286
235 85 1102 1595
237 86 1102 915
246 87 1102 1825
246 88 1102 226
248 89 1102 1140
250 90 1102 1051
250 91 1102 219
253 92 1102 1318
253 93 1102 278
254 94 1102 829
254 95 1102 369
255 96 1102 764
256 97 1102 765
261 98 1102 1583
261 99 1102 448
264 100 1102 1297
264 101 1102 138
264 102 1102 79
276 103 1102 1878
278 106 1102 350
278 105 1102 222
278 104 1102 985
280 107 1102 901
283 108 1102 1220
287 109 1102 1471
288 110 1102 755
290 111 1102 1012
291 112 1102 827
299 113 1102 1769
300 114 1102 771
305 115 1102 1537
316 116 1102 1870
318 117 1102 1091
319 118 1102 499
320 119 1102 831
321 120 1102 517
321 121 1102 123
323 122 1102 980
324 123 1102 861
330 124 1102 1631
332 125 1102 1110
334 126 1102 1122
336 127 1102 1088
341 128 1102 1584
341 129 1102 463
341 130 1102 24
342 131 1102 846
343 132 1102 783
346 133 1102 1297
349 136 1102 430
349 134 1102 1338
349 135 1102 273
353 137 1102 1420
358 138 1102 1541
358 139 1102 64
361 140 1102 1244
361 141 1102 14
362 142 1102 604
363 144 1102 384
363 143 1102 679
363 145 1102 39
366 146 1102 1316
370 147 1102 1474
374 148 1102 1431
377 149 1102 1217
377 150 1102 423
382 151 1102 1598
382 152 1102 265
383 153 1102 751
394 154 1102 1855
397 155 1102 1173
399 156 1102 1082
402 157 1102 1143
402 158 1102 246
411 159 1102 1799
413 160 1102 1025
416 161 1102 1187
419 162 1102 1241
420 163 1102 756
424 164 1102 1447
434 165 1102 1833
434 166 1102 229
438 167 1102 1454
438 168 1102 430
438 169 1102 498
440 170 1102 1106
440 171 1102 449
444 173 1102 435
444 172 1102 1474
449 174 1102 1512
450 175 1102 503
454 176 1102 1443
454 177 1102 301
454 178 1102 476
459 179 1102 1592
466 180 1102 1718
471 181 1102 1573
476 185 1102 350
476 184 1102 39
476 182 1102 1581
476 183 1102 367
477 186 1102 581
477 187 1102 31
481 189 1102 164
481 188 1102 1367
483 190 1102 1116
486 191 1102 1211
489 192 1102 1173
495 193 1102 1667
497 194 1102 964
497 195 1102 56
498 196 1102 698
506 197 1102 1772
509 198 1102 1157
509 199 1102 476
516 200 1102 1735
524 201 1102 1787
526 202 1102 1043
528 203 1102 933
528 204 1102 111
542 205 1102 1898
542 206 1102 124
550 207 1102 1754
553 208 1102 1164
557 209 1102 1352
563 210 1102 1655
564 211 1102 781
565 212 1102 667
566 213 1102 579
566 214 1102 81
570 215 1102 1377
575 216 1102 1530
577 217 1102 874
578 218 1102 716
580 219 1102 1097
583 223 1102 266
583 222 1102 87
583 220 1102 1252
583 221 1102 197
586 224 1102 1306
595 225 1102 1819
598 226 1102 1201
605 227 1102 1732
609 228 1102 1395
613 229 1102 1455
620 230 1102 1729
625 231 1102 1595
627 232 1102 1068
627 233 1102 0
635 234 1102 1782
646 235 1102 1856
647 236 1102 529
648 239 1102 66
648 240 1102 226
648 237 1102 648
648 238 1102 255
649 241 1102 751
650 242 1102 792
650 243 1102 14
650 244 1102 434
650 245 1102 335
651 246 1102 544
652 247 1102 594
657 248 1102 1585
662 250 1102 450
662 249 1102 1512
669 251 1102 1749
671 252 1102 1055
671 253 1102 60
674 254 1102 1148
679 255 1102 1537
686 256 1102 1699
687 257 1102 776
692 259 1102 217
692 258 1102 1551
693 260 1102 697
693 261 1102 317
693 262 1102 359
699 263 1102 1633
704 264 1102 1547
704 265 1102 59
710 266 1102 1637
711 267 1102 667
712 269 1102 149
712 268 1102 722
713 270 1102 847
715 271 1102 882
716 272 1102 618
717 273 1102 650
719 274 1102 870
720 275 1102 500
723 276 1102 1329
723 277 1102 72
731 278 1102 1756
733 279 1102 971
736 280 1102 1274
737 281 1102 606
737 282 1102 146
746 283 1102 1808
748 284 1102 1004
763 285 1102 1905
764 286 1102 540
766 287 1102 1008
767 290 1102 156
767 288 1102 776
767 289 1102 244
773 291 1102 1677
775 292 1102 1021
775 293 1102 38
778 294 1102 1293
788 295 1102 1834
788 296 1102 392
790 298 1102 392
790 297 1102 1083
790 299 1102 375
791 300 1102 623
800 301 1102 1802
809 302 1102 1797
813 303 1102 1435
814 304 1102 665
818 305 1102 1493
820 306 1102 1130
