9 0 1898 1804
9 1 1898 125
10 2 1898 509
21 3 1898 1862
24 4 1898 1274
38 5 1898 1896
44 6 1898 1652
47 8 1898 141
47 7 1898 1224
57 9 1898 1849
60 10 1898 1327
65 11 1898 1547
65 12 1898 288
68 13 1898 1246
77 14 1898 1795
78 15 1898 557
80 16 1898 955
81 17 1898 699
85 18 1898 1390
89 19 1898 1423
90 20 1898 696
91 21 1898 606
94 22 1898 1279
96 23 1898 1004
104 24 1898 1768
106 25 1898 881
112 26 1898 1636
113 27 1898 615
117 28 1898 1397
120 29 1898 1189
123 30 1898 1322
127 31 1898 1414
133 32 1898 1662
135 33 1898 1110
142 34 1898 1725
143 35 1898 569
144 36 1898 722
146 38 1898 208
146 37 1898 1115
149 39 1898 1183
167 40 1898 1916
169 41 1898 1041
171 42 1898 995
174 43 1898 1156
194 44 1898 1920
195 45 1898 512
195 46 1898 129
197 47 1898 922
198 48 1898 611
199 49 1898 626
199 50 1898 153
202 51 1898 1324
203 52 1898 522
210 53 1898 1722
211 54 1898 617
214 55 1898 1198
215 56 1898 771
219 57 1898 1429
219 58 1898 94
219 59 1898 392
219 60 1898 260
221 61 1898 1036
229 62 1898 1751
231 63 1898 877
232 64 1898 526
242 65 1898 1837
251 66 1898 1810
253 67 1898 1102
257 68 1898 1445
260 69 1898 1226
268 70 1898 1760
276 71 1898 1765
276 72 1898 490
276 73 1898 206
280 74 1898 1431
285 75 1898 1580
290 76 1898 1535
290 77 1898 122
292 78 1898 1009
295 79 1898 1255
296 80 1898 752
297 81 1898 714
297 82 1898 4
298 83 1898 771
300 84 1898 1036
322 85 1898 1922
324 86 1898 891
335 87 1898 1864
335 88 1898 493
336 89 1898 526
343 90 1898 1722
346 91 1898 1218
348 92 1898 1021
355 93 1898 1741
357 94 1898 923
359 95 1898 879
362 96 1898 1214
362 97 1898 117
363 98 1898 629
363 99 1898 83
364 100 1898 627
366 101 1898 952
370 102 1898 1401
373 103 1898 1309
374 104 1898 791
374 105 1898 313
375 106 1898 834
375 107 1898 316
375 108 1898 291
377 109 1898 961
382 110 1898 1588
383 111 1898 648
383 112 1898 420
384 113 1898 763
389 114 1898 1565
393 115 1898 1470
395 116 1898 1032
397 117 1898 980
405 118 1898 1766
406 119 1898 529
408 120 1898 945
419 121 1898 1870
420 122 1898 608
422 123 1898 919
426 124 1898 1428
427 125 1898 542
428 126 1898 743
429 127 1898 673
432 128 1898 1208
433 129 1898 552
433 130 1898 366
437 131 1898 1417
441 132 1898 1417
443 133 1898 926
444 134 1898 628
451 135 1898 1724
454 136 1898 1237
455 137 1898 620
470 138 1898 1904
471 139 1898 723
473 140 1898 1088
474 141 1898 575
479 142 1898 1573
483 143 1898 1457
484 144 1898 863
486 145 1898 1074
487 146 1898 797
487 147 1898 257
487 148 1898 176
491 149 1898 1377
499 152 1898 276
499 153 1898 100
499 150 1898 1772
499 151 1898 233
501 154 1898 1062
502 155 1898 682
502 156 1898 344
502 157 1898 482
511 158 1898 1805
511 159 1898 249
515 161 1898 160
515 160 1898 1494
517 162 1898 1032
523 163 1898 1663
524 164 1898 594
524 165 1898 170
527 166 1898 1155
531 167 1898 1419
531 168 1898 135
539 171 1898 412
539 170 1898 233
539 169 1898 1765
541 172 1898 1001
543 173 1898 1043
547 174 1898 1365
547 175 1898 370
547 176 1898 296
549 178 1898 55
549 179 1898 354
549 177 1898 1075
555 180 1898 1669
555 181 1898 486
555 182 1898 496
563 183 1898 1756
564 184 1898 705
564 185 1898 133
566 186 1898 1141
569 187 1898 1317
577 188 1898 1788
588 189 1898 1870
592 190 1898 1379
593 191 1898 755
594 192 1898 739
600 193 1898 1655
603 194 1898 1153
605 195 1898 928
609 196 1898 1468
619 197 1898 1834
620 198 1898 863
621 199 1898 693
631 200 1898 1843
634 201 1898 1303
634 202 1898 121
634 203 1898 335
637 204 1898 1143
641 205 1898 1359
644 206 1898 1157
647 207 1898 1157
648 208 1898 660
649 209 1898 691
649 210 1898 385
652 211 1898 1193
652 212 1898 426
656 213 1898 1450
657 214 1898 504
659 215 1898 1008
664 216 1898 1588
667 217 1898 1200
669 219 1898 461
669 218 1898 958
671 220 1898 953
679 221 1898 1763
684 222 1898 1555
684 223 1898 189
684 224 1898 386
688 225 1898 1402
693 226 1898 1597
696 227 1898 1270
705 229 1898 437
705 228 1898 1814
706 230 1898 826
706 231 1898 386
706 232 1898 212
709 236 1898 364
709 235 1898 366
709 237 1898 161
709 233 1898 1287
709 234 1898 435
710 238 1898 612
713 239 1898 1270
715 240 1898 900
730 241 1898 1909
731 242 1898 657
733 243 1898 1096
737 245 1898 186
737 244 1898 1485
737 246 1898 329
740 247 1898 1214
743 248 1898 1150
743 249 1898 145
746 250 1898 1264
746 251 1898 268
748 252 1898 876
748 253 1898 401
754 254 1898 1664
754 255 1898 80
760 256 1898 1672
771 257 1898 1857
783 258 1898 1874
789 259 1898 1666
795 260 1898 1687
804 261 1898 1811
807 262 1898 1268
807 263 1898 222
815 264 1898 1790
840 265 1898 1924
842 266 1898 981
844 267 1898 1063
846 268 1898 1014
846 269 1898 138
847 270 1898 644
851 271 1898 1427
852 272 1898 587
858 273 1898 1613
862 274 1898 1485
864 275 1898 969
866 277 1898 458
866 276 1898 1106
867 278 1898 629
867 279 1898 199
869 280 1898 1073
869 281 1898 383
869 282 1898 120
875 283 1898 1668
877 284 1898 1097
878 285 1898 558
882 286 1898 1435
889 287 1898 1735
894 288 1898 1547
894 289 1898 355
895 290 1898 618
895 291 1898 431
895 292 1898 211
897 293 1898 871
902 294 1898 1508
904 295 1898 1014
905 296 1898 640
905 297 1898 434
908 298 1898 1231
912 299 1898 1486
914 300 1898 1129
917 301 1898 1190
917 302 1898 199
919 303 1898 1012
923 304 1898 1426
931 305 1898 1762
936 306 1898 1605
