0 0 341 327
2 1 341 1018
4 2 341 1003
5 3 341 724
5 4 341 427
5 5 341 116
9 6 341 1363
16 7 341 1745
23 8 341 1726
25 9 341 989
26 10 341 844
37 11 341 1869
39 12 341 985
44 13 341 1553
47 14 341 1195
49 15 341 1005
50 16 341 624
60 17 341 1833
61 18 341 759
66 19 341 1533
75 20 341 1817
81 21 341 1687
89 22 341 1764
92 23 341 1334
93 24 341 619
94 25 341 618
99 26 341 1600
100 27 341 589
102 28 341 909
109 29 341 1739
110 30 341 686
110 31 341 176
110 32 341 331
115 33 341 1594
116 34 341 719
119 35 341 1195
122 37 341 56
122 36 341 1174
123 38 341 718
123 39 341 81
127 40 341 1348
127 41 341 139
127 42 341 80
137 43 341 1840
144 44 341 1706
145 46 341 144
145 45 341 694
146 47 341 829
146 48 341 45
148 49 341 1112
154 50 341 1636
154 51 341 150
156 52 341 1075
157 53 341 571
167 54 341 1835
168 55 341 565
171 56 341 1179
176 57 341 1594
176 58 341 104
183 59 341 1734
183 60 341 441
184 61 341 773
185 62 341 835
201 63 341 1911
201 64 341 303
202 65 341 668
207 66 341 1538
210 67 341 1316
211 68 341 833
241 69 341 1924
249 70 341 1755
250 71 341 568
252 72 341 1114
253 74 341 184
253 73 341 677
259 75 341 1678
264 76 341 1606
274 77 341 1848
279 78 341 1552
289 79 341 1849
289 80 341 473
290 81 341 771
291 82 341 544
298 83 341 1722
298 84 341 103
299 85 341 536
301 86 341 1025
307 87 341 1684
313 88 341 1684
313 89 341 154
313 90 341 16
318 91 341 1504
330 92 341 1877
332 93 341 909
337 94 341 1565
338 95 341 574
341 96 341 1228
341 97 341 94
346 98 341 1537
348 99 341 1037
350 100 341 1081
351 101 341 752
371 102 341 1920
371 103 341 45
374 104 341 1281
376 105 341 1067
378 106 341 960
378 107 341 397
378 108 341 387
378 109 341 156
380 110 341 883
383 111 341 1255
383 112 341 41
383 113 341 180
386 114 341 1260
391 115 341 1594
391 116 341 229
393 117 341 1037
402 118 341 1808
409 119 341 1692
414 120 341 1568
422 121 341 1778
427 122 341 1557
428 123 341 679
443 124 341 1908
443 125 341 250
444 126 341 616
444 127 341 204
446 128 341 1037
451 129 341 1534
451 130 341 450
456 131 341 1512
456 132 341 311
457 133 341 515
458 134 341 767
464 135 341 1646
465 136 341 775
466 137 341 499
466 138 341 441
468 139 341 960
473 140 341 1500
474 141 341 628
477 142 341 1297
482 143 341 1527
485 144 341 1195
486 145 341 685
490 146 341 1463
497 147 341 1696
502 148 341 1574
515 149 341 1896
515 150 341 345
515 151 341 191
515 152 341 211
523 153 341 1770
527 154 341 1394
530 155 341 1227
532 156 341 1120
535 157 341 1241
535 158 341 61
537 159 341 1031
537 160 341 451
538 161 341 755
541 162 341 1285
542 163 341 777
548 164 341 1631
551 165 341 1296
553 166 341 944
557 167 341 1451
560 168 341 1337
565 169 341 1539
566 170 341 818
572 171 341 1655
573 172 341 596
574 173 341 847
574 174 341 191
576 175 341 939
576 176 341 481
576 177 341 29
580 178 341 1408
583 179 341 1222
584 180 341 712
585 181 341 844
586 182 341 555
588 183 341 1066
591 184 341 1189
591 185 341 258
594 186 341 1301
594 187 341 466
596 188 341 1045
600 189 341 1465
601 190 341 525
605 192 341 437
605 191 341 1459
608 193 341 1335
609 194 341 509
610 195 341 744
613 196 341 1267
614 197 341 520
623 198 341 1821
632 199 341 1823
638 203 341 35
638 202 341 359
638 201 341 11
638 200 341 1666
640 204 341 1077
641 205 341 614
646 206 341 1520
649 207 341 1288
654 208 341 1578
654 209 341 454
655 210 341 746
657 211 341 1090
665 212 341 1757
666 213 341 764
666 214 341 318
671 215 341 1532
671 216 341 200
671 217 341 219
676 218 341 1512
680 219 341 1372
700 222 341 406
700 220 341 1920
700 221 341 477
709 223 341 1796
711 224 341 1013
714 225 341 1284
717 226 341 1218
720 228 341 338
720 227 341 1186
724 229 341 1371
729 230 341 1597
742 231 341 1886
742 232 341 132
747 233 341 1509
751 234 341 1481
752 235 341 701
752 236 341 484
753 237 341 519
770 238 341 1913
771 239 341 574
772 240 341 663
772 241 341 12
773 242 341 812
774 243 341 590
775 244 341 718
779 245 341 1359
785 246 341 1626
790 247 341 1597
792 248 341 1016
794 249 341 902
795 250 341 544
797 251 341 1048
799 252 341 932
799 253 341 449
808 254 341 1828
811 255 341 1188
816 256 341 1530
816 257 341 487
818 258 341 947
825 259 341 1718
828 260 341 1321
828 261 341 334
830 262 341 950
830 263 341 207
831 264 341 782
832 265 341 784
834 266 341 958
834 267 341 248
837 268 341 1208
842 269 341 1542
844 270 341 1047
849 271 341 1606
849 272 341 230
851 273 341 938
852 274 341 708
867 275 341 1908
872 276 341 1590
879 277 341 1740
881 278 341 1078
886 279 341 1578
891 280 341 1582
896 281 341 1545
896 282 341 169
900 283 341 1360
901 284 341 827
902 285 341 549
904 286 341 954
910 287 341 1608
915 288 341 1606
915 289 341 292
917 290 341 1095
938 291 341 1921
943 292 341 1497
943 293 341 195
946 294 341 1178
946 295 341 329
948 296 341 986
949 297 341 605
956 298 341 1733
967 299 341 1859
967 300 341 401
971 301 341 1378
971 302 341 389
975 303 341 1398
983 304 341 1779
984 305 341 862
985 306 341 817
