12 0 332 1876
13 1 332 833
19 2 332 1641
23 3 332 1461
23 4 332 435
34 5 332 1867
39 6 332 1575
40 9 332 159
40 8 332 118
40 7 332 682
43 10 332 1155
47 11 332 1480
47 12 332 387
50 13 332 1307
58 14 332 1774
58 15 332 311
59 16 332 565
63 17 332 1410
65 18 332 1068
70 19 332 1527
75 20 332 1588
76 21 332 521
79 22 332 1303
85 23 332 1661
86 24 332 545
87 26 332 344
87 27 332 189
87 25 332 736
95 28 332 1751
104 29 332 1804
112 30 332 1755
120 31 332 1782
124 32 332 1359
124 33 332 98
126 34 332 1057
127 35 332 534
135 36 332 1792
142 38 332 124
142 37 332 1738
143 39 332 848
150 40 332 1736
152 41 332 884
153 42 332 587
154 43 332 862
156 44 332 1043
156 45 332 117
158 46 332 1016
167 47 332 1819
184 48 332 1915
186 49 332 924
186 50 332 478
186 51 332 204
186 52 332 55
199 53 332 1889
203 54 332 1436
207 55 332 1354
211 56 332 1454
226 57 332 1904
228 58 332 915
234 59 332 1623
239 60 332 1522
243 61 332 1386
244 62 332 855
244 63 332 238
244 64 332 328
247 68 332 249
247 67 332 289
247 66 332 120
247 65 332 1298
250 69 332 1240
250 70 332 443
251 71 332 751
254 72 332 1285
254 73 332 220
261 74 332 1715
262 75 332 703
273 77 332 441
273 76 332 1858
274 78 332 618
274 79 332 428
280 80 332 1644
280 81 332 449
280 82 332 199
281 83 332 826
284 84 332 1326
289 85 332 1551
296 86 332 1726
300 87 332 1395
301 88 332 586
307 89 332 1627
309 90 332 1004
318 91 332 1813
319 92 332 822
319 93 332 425
322 97 332 349
322 96 332 29
322 94 332 1250
322 95 332 350
323 98 332 533
329 99 332 1670
350 100 332 1921
351 101 332 727
356 102 332 1569
357 103 332 675
357 104 332 480
363 105 332 1651
364 106 332 844
372 107 332 1760
372 108 332 173
373 109 332 732
377 110 332 1421
379 111 332 1013
382 113 332 487
382 112 332 1286
397 114 332 1903
399 115 332 1072
402 116 332 1187
402 117 332 28
403 118 332 836
404 119 332 702
409 120 332 1497
410 121 332 650
416 122 332 1627
417 124 332 235
417 123 332 547
418 125 332 555
429 126 332 1854
430 127 332 859
432 128 332 895
436 129 332 1365
437 130 332 674
442 131 332 1509
452 132 332 1832
454 134 332 431
454 133 332 872
456 135 332 917
457 136 332 805
461 137 332 1449
461 138 332 346
466 139 332 1600
467 140 332 707
480 141 332 1891
483 142 332 1221
491 144 332 206
491 143 332 1779
508 145 332 1916
509 146 332 526
509 147 332 334
509 148 332 446
509 149 332 177
511 150 332 1088
511 151 332 1
515 152 332 1437
523 154 332 173
523 153 332 1755
526 155 332 1271
528 156 332 1025
530 157 332 1022
530 158 332 439
540 159 332 1850
547 160 332 1721
563 161 332 1909
564 162 332 864
565 164 332 58
565 163 332 733
575 165 332 1836
577 166 332 1105
577 167 332 413
577 168 332 56
579 169 332 986
579 170 332 267
585 171 332 1663
591 172 332 1607
594 173 332 1161
614 174 332 1920
619 175 332 1530
623 176 332 1354
631 177 332 1772
631 178 332 340
631 179 332 244
631 180 332 29
636 181 332 1519
636 182 332 412
637 184 332 276
637 183 332 718
638 185 332 672
638 186 332 72
638 187 332 76
639 188 332 699
641 189 332 1085
650 190 332 1816
657 191 332 1707
659 193 332 421
659 192 332 1009
668 194 332 1803
669 195 332 722
671 196 332 1026
671 197 332 487
678 198 332 1721
678 199 332 294
679 201 332 113
679 202 332 278
679 200 332 810
683 203 332 1385
693 204 332 1834
697 205 332 1350
697 206 332 319
697 207 332 275
705 208 332 1760
706 209 332 567
716 210 332 1841
719 211 332 1177
720 212 332 681
720 213 332 194
729 214 332 1820
729 215 332 201
734 216 332 1496
734 217 332 146
734 218 332 456
737 219 332 1310
745 220 332 1764
747 221 332 1029
753 222 332 1638
755 223 332 895
757 224 332 1095
757 225 332 485
758 226 332 653
761 227 332 1186
764 228 332 1282
767 229 332 1197
768 230 332 504
769 231 332 867
769 232 332 51
769 233 332 46
773 234 332 1359
783 235 332 1840
786 236 332 1241
788 237 332 952
789 238 332 808
790 240 332 353
790 239 332 851
797 241 332 1721
797 242 332 241
797 243 332 132
800 244 332 1169
801 245 332 639
803 246 332 1025
804 247 332 814
805 248 332 525
810 249 332 1601
813 250 332 1151
815 251 332 880
815 252 332 30
815 253 332 411
815 254 332 454
822 255 332 1706
822 256 332 399
825 258 332 289
825 257 332 1307
829 259 332 1349
830 260 332 696
832 261 332 1058
834 262 332 918
835 263 332 562
835 264 332 63
837 265 332 974
839 266 332 1125
840 267 332 635
841 268 332 760
856 269 332 1905
858 270 332 885
859 271 332 543
862 272 332 1263
867 273 332 1530
869 274 332 956
869 275 332 43
870 276 332 787
875 277 332 1506
881 278 332 1651
881 279 332 456
885 280 332 1384
893 281 332 1763
894 282 332 661
899 283 332 1605
899 284 332 46
904 285 332 1549
905 286 332 836
910 287 332 1565
915 288 332 1516
920 289 332 1578
924 290 332 1441
935 291 332 1858
936 292 332 663
940 293 332 1383
940 294 332 154
943 295 332 1220
944 296 332 803
949 299 332 194
949 297 332 1603
949 298 332 68
953 300 332 1438
953 301 332 390
953 302 332 54
954 303 332 544
955 304 332 716
956 305 332 607
961 306 332 1541
