4 0 1840 1353
4 1 1840 420
5 2 1840 701
8 3 1840 1241
10 4 1840 1078
16 5 1840 1672
22 6 1840 1613
22 7 1840 269
26 8 1840 1396
28 9 1840 907
34 10 1840 1645
39 11 1840 1511
40 12 1840 668
43 13 1840 1210
45 14 1840 1106
49 15 1840 1443
51 16 1840 1009
53 17 1840 1009
56 18 1840 1162
63 19 1840 1735
64 20 1840 862
68 21 1840 1397
68 22 1840 383
73 23 1840 1523
76 24 1840 1297
77 25 1840 502
80 27 1840 116
80 26 1840 1306
81 28 1840 728
81 29 1840 144
83 30 1840 1088
84 31 1840 704
92 32 1840 1763
93 33 1840 813
94 35 1840 132
94 34 1840 796
98 36 1840 1466
101 37 1840 1151
102 38 1840 602
102 39 1840 251
103 40 1840 519
108 41 1840 1551
111 42 1840 1146
118 43 1840 1716
121 44 1840 1220
121 45 1840 304
127 46 1840 1654
128 47 1840 504
130 48 1840 1030
131 49 1840 867
138 50 1840 1735
142 51 1840 1443
142 52 1840 417
153 53 1840 1870
155 54 1840 1116
167 56 1840 37
167 55 1840 1881
169 57 1840 1103
180 58 1840 1869
181 59 1840 575
181 60 1840 366
186 61 1840 1496
190 62 1840 1465
193 63 1840 1252
200 64 1840 1744
202 65 1840 941
208 66 1840 1673
216 67 1840 1780
216 68 1840 414
218 69 1840 973
232 70 1840 1902
240 71 1840 1782
240 72 1840 406
242 73 1840 911
245 74 1840 1215
248 76 1840 250
248 75 1840 1235
249 77 1840 591
249 78 1840 302
251 79 1840 993
252 80 1840 772
253 81 1840 801
255 82 1840 1011
263 84 1840 333
263 83 1840 1786
268 85 1840 1569
268 86 1840 286
277 87 1840 1817
283 88 1840 1621
284 89 1840 839
284 90 1840 94
284 91 1840 363
287 92 1840 1207
287 93 1840 27
296 94 1840 1809
298 95 1840 948
298 96 1840 85
307 97 1840 1819
321 98 1840 1897
321 99 1840 279
322 100 1840 555
331 101 1840 1799
331 102 1840 90
331 103 1840 56
333 104 1840 890
345 105 1840 1878
347 106 1840 1037
351 107 1840 1431
352 108 1840 654
361 109 1840 1806
367 110 1840 1630
371 111 1840 1371
372 112 1840 800
374 113 1840 875
381 114 1840 1727
385 115 1840 1490
385 116 1840 485
390 117 1840 1604
392 118 1840 919
392 119 1840 174
393 120 1840 654
401 121 1840 1780
401 122 1840 158
406 123 1840 1500
408 124 1840 879
413 125 1840 1538
414 126 1840 575
414 127 1840 378
416 128 1840 1026
416 129 1840 267
419 131 1840 356
419 130 1840 1150
420 132 1840 618
420 133 1840 23
420 134 1840 437
422 135 1840 898
423 136 1840 711
425 137 1840 954
427 139 1840 380
427 138 1840 896
428 140 1840 532
429 141 1840 780
432 142 1840 1163
439 143 1840 1740
441 144 1840 1133
442 145 1840 648
446 150 1840 462
446 149 1840 319
446 151 1840 406
446 147 1840 331
446 146 1840 1487
446 148 1840 224
448 152 1840 899
455 153 1840 1723
460 154 1840 1550
461 155 1840 700
467 156 1840 1640
468 157 1840 514
470 158 1840 1102
473 159 1840 1276
476 160 1840 1303
477 163 1840 387
477 162 1840 405
477 161 1840 658
478 164 1840 655
481 165 1840 1274
482 166 1840 752
483 167 1840 776
483 168 1840 437
484 169 1840 829
485 170 1840 778
489 171 1840 1455
490 172 1840 708
491 173 1840 539
496 174 1840 1566
505 175 1840 1799
506 182 1840 154
506 181 1840 243
506 179 1840 231
506 180 1840 50
506 177 1840 343
506 176 1840 617
506 178 1840 366
507 183 1840 706
514 184 1840 1729
515 185 1840 744
519 186 1840 1381
520 188 1840 398
520 187 1840 820
526 189 1840 1662
529 191 1840 196
529 190 1840 1182
537 192 1840 1777
542 193 1840 1544
544 194 1840 1002
553 195 1840 1799
553 196 1840 374
554 197 1840 775
556 198 1840 1084
564 199 1840 1784
573 200 1840 1820
574 201 1840 711
583 202 1840 1819
586 203 1840 1319
590 204 1840 1465
592 205 1840 931
598 206 1840 1622
598 207 1840 360
598 208 1840 156
604 210 1840 82
604 209 1840 1676
607 211 1840 1297
607 212 1840 148
609 213 1840 870
612 214 1840 1225
614 215 1840 1059
615 216 1840 503
621 217 1840 1623
622 218 1840 582
632 219 1840 1836
641 220 1840 1817
652 221 1840 1856
652 222 1840 378
653 223 1840 699
658 224 1840 1571
659 225 1840 582
664 226 1840 1603
666 227 1840 1088
670 228 1840 1462
677 229 1840 1692
681 230 1840 1424
689 231 1840 1766
692 232 1840 1183
693 233 1840 507
693 234 1840 335
696 235 1840 1264
696 236 1840 348
697 237 1840 760
700 238 1840 1165
701 239 1840 798
703 240 1840 1046
705 241 1840 1021
706 242 1840 663
707 243 1840 647
712 244 1840 1580
721 245 1840 1810
721 246 1840 48
723 247 1840 906
723 248 1840 319
734 249 1840 1867
737 250 1840 1295
738 251 1840 675
738 252 1840 193
741 253 1840 1173
754 254 1840 1891
767 255 1840 1889
767 256 1840 332
769 257 1840 1119
775 258 1840 1673
777 259 1840 883
780 260 1840 1253
781 261 1840 533
782 262 1840 823
782 263 1840 389
782 264 1840 252
782 265 1840 241
782 266 1840 113
787 267 1840 1565
788 268 1840 535
800 269 1840 1885
801 270 1840 710
807 271 1840 1668
807 272 1840 458
814 273 1840 1709
815 274 1840 789
816 275 1840 796
819 276 1840 1192
825 277 1840 1656
827 278 1840 1044
833 279 1840 1685
834 280 1840 534
835 281 1840 696
836 282 1840 769
841 283 1840 1519
841 284 1840 397
842 285 1840 748
847 287 1840 10
847 286 1840 1573
848 288 1840 541
848 289 1840 371
850 290 1840 931
853 291 1840 1154
855 292 1840 1011
855 293 1840 281
859 294 1840 1469
860 296 1840 197
860 298 1840 395
860 295 1840 512
860 297 1840 274
863 299 1840 1339
870 303 1840 358
870 300 1840 1697
870 301 1840 407
870 302 1840 371
873 304 1840 1156
878 305 1840 1551
878 306 1840 217
