1 0 553 629
1 1 553 425
1 2 553 394
2 3 553 698
2 4 553 340
3 5 553 509
5 6 553 1106
6 7 553 832
6 8 553 462
6 9 553 160
6 10 553 207
7 11 553 820
7 12 553 326
10 13 553 1236
17 14 553 1739
23 15 553 1646
24 16 553 622
26 17 553 1024
33 18 553 1694
36 19 553 1163
42 20 553 1660
43 21 553 551
49 22 553 1617
50 24 553 13
50 25 553 37
50 23 553 855
51 26 553 824
54 27 553 1246
57 28 553 1321
58 29 553 707
58 30 553 357
60 35 553 26
60 36 553 144
60 34 553 45
60 37 553 119
60 32 553 126
60 31 553 974
60 33 553 185
63 38 553 1281
68 39 553 1606
68 40 553 438
69 41 553 513
71 42 553 922
77 43 553 1680
89 44 553 1873
92 45 553 1291
93 46 553 519
104 47 553 1869
106 48 553 999
106 49 553 132
109 50 553 1161
111 51 553 1067
111 52 553 296
112 53 553 705
119 55 553 78
119 54 553 1719
120 56 553 732
124 57 553 1463
125 58 553 684
125 59 553 302
131 60 553 1609
139 61 553 1785
143 62 553 1436
149 63 553 1679
156 64 553 1728
159 65 553 1158
160 66 553 694
160 67 553 141
163 68 553 1191
170 69 553 1713
175 70 553 1502
176 71 553 502
182 72 553 1667
182 73 553 88
183 74 553 725
186 75 553 1146
191 76 553 1553
202 77 553 1862
204 78 553 907
205 79 553 647
209 80 553 1443
211 81 553 880
211 82 553 247
214 83 553 1188
218 84 553 1471
221 85 553 1215
222 86 553 678
226 87 553 1345
226 88 553 390
239 89 553 1892
242 90 553 1219
243 91 553 605
247 92 553 1360
249 93 553 979
270 94 553 1922
271 95 553 577
273 96 553 1002
276 97 553 1168
288 98 553 1877
289 99 553 715
290 100 553 596
290 101 553 377
291 102 553 678
294 103 553 1210
295 104 553 555
296 105 553 658
299 106 553 1325
299 107 553 208
314 108 553 1905
315 109 553 572
315 110 553 449
316 111 553 794
317 112 553 556
317 113 553 36
318 114 553 784
319 115 553 729
324 116 553 1537
324 117 553 247
324 118 553 207
325 119 553 512
325 120 553 479
328 121 553 1274
334 122 553 1675
337 124 553 493
337 123 553 1223
339 125 553 896
341 126 553 1067
342 131 553 385
342 127 553 688
342 128 553 91
342 129 553 147
342 130 553 143
358 133 553 192
358 134 553 51
358 132 553 1910
360 135 553 1065
360 136 553 201
362 137 553 961
363 138 553 633
364 139 553 813
373 140 553 1815
373 141 553 470
377 142 553 1364
384 143 553 1743
388 144 553 1443
388 145 553 424
388 146 553 49
391 147 553 1323
391 148 553 195
394 149 553 1192
396 150 553 965
397 151 553 755
399 152 553 960
403 154 553 235
403 153 553 1364
406 155 553 1247
407 156 553 626
411 157 553 1380
412 158 553 717
417 159 553 1583
422 160 553 1515
423 161 553 637
423 162 553 116
431 165 553 63
431 163 553 1757
431 164 553 429
432 166 553 809
432 167 553 363
448 168 553 1910
454 169 553 1643
455 170 553 528
456 171 553 575
461 172 553 1538
464 173 553 1319
465 174 553 622
465 175 553 9
475 176 553 1834
486 177 553 1857
493 178 553 1705
493 179 553 69
494 180 553 847
500 182 553 493
500 181 553 1668
501 183 553 823
503 184 553 1107
506 185 553 1312
510 186 553 1350
511 187 553 545
523 188 553 1881
524 189 553 728
524 190 553 439
525 192 553 244
525 191 553 746
527 193 553 975
530 194 553 1222
533 195 553 1178
533 196 553 353
538 197 553 1532
541 198 553 1313
545 199 553 1379
550 200 553 1539
556 201 553 1610
559 202 553 1337
559 203 553 476
560 204 553 664
560 205 553 389
562 206 553 1141
567 207 553 1565
568 208 553 741
568 209 553 225
571 210 553 1338
572 211 553 693
577 212 553 1599
578 213 553 647
579 214 553 735
587 215 553 1771
587 216 553 143
590 217 553 1218
591 218 553 650
593 219 553 1041
594 222 553 406
594 220 553 637
594 221 553 263
597 223 553 1182
600 224 553 1204
607 225 553 1706
607 226 553 331
608 227 553 563
608 228 553 97
612 229 553 1369
617 231 553 302
617 230 553 1581
618 232 553 544
618 233 553 326
618 234 553 454
621 235 553 1161
621 236 553 330
621 237 553 16
621 238 553 158
622 240 553 171
622 239 553 717
629 241 553 1709
636 242 553 1729
642 243 553 1656
645 244 553 1315
651 245 553 1670
653 246 553 1071
658 248 553 239
658 247 553 1521
662 249 553 1375
664 250 553 1034
666 251 553 1059
668 252 553 881
668 253 553 272
669 254 553 741
672 255 553 1275
675 256 553 1203
675 257 553 155
678 258 553 1197
680 260 553 57
680 259 553 882
681 261 553 578
685 262 553 1468
688 263 553 1296
689 264 553 569
691 265 553 1035
691 266 553 149
694 267 553 1273
694 268 553 193
699 269 553 1498
703 270 553 1441
703 271 553 127
705 272 553 1059
716 273 553 1857
718 274 553 870
719 275 553 853
719 276 553 459
720 277 553 675
728 278 553 1791
732 279 553 1458
733 280 553 635
734 281 553 735
734 282 553 323
735 283 553 646
735 284 553 335
736 285 553 521
740 286 553 1345
740 287 553 271
745 288 553 1509
747 289 553 1103
759 290 553 1883
759 291 553 175
760 292 553 743
763 293 553 1201
764 294 553 659
769 296 553 241
769 297 553 432
769 295 553 1517
771 298 553 1087
771 299 553 279
776 300 553 1520
783 301 553 1723
786 302 553 1328
787 303 553 666
798 304 553 1859
800 305 553 906
800 306 553 0
