0 0 1448 269
4 1 1448 1459
6 2 1448 1005
8 3 1448 1077
10 4 1448 890
16 5 1448 1664
18 6 1448 974
25 8 1448 2
25 7 1448 1707
28 9 1448 1211
30 10 1448 949
30 11 1448 55
30 12 1448 352
31 13 1448 788
33 14 1448 954
35 15 1448 1083
37 16 1448 882
42 18 1448 74
42 17 1448 1553
45 19 1448 1149
46 20 1448 591
47 21 1448 589
49 22 1448 892
51 23 1448 978
54 24 1448 1273
58 25 1448 1376
60 29 1448 378
60 28 1448 10
60 27 1448 55
60 26 1448 1021
67 30 1448 1705
67 31 1448 262
68 32 1448 712
70 33 1448 901
76 34 1448 1637
78 35 1448 876
85 37 1448 124
85 36 1448 1712
92 38 1448 1737
92 39 1448 328
94 40 1448 1099
96 41 1448 955
104 42 1448 1794
107 43 1448 1169
108 44 1448 685
108 45 1448 235
114 46 1448 1667
119 47 1448 1549
125 48 1448 1667
126 49 1448 633
129 50 1448 1219
129 51 1448 64
134 52 1448 1538
138 53 1448 1392
139 54 1448 753
144 55 1448 1605
145 57 1448 27
145 56 1448 567
152 58 1448 1729
156 59 1448 1439
157 60 1448 643
159 61 1448 918
166 62 1448 1697
171 63 1448 1549
175 64 1448 1430
176 65 1448 687
179 66 1448 1267
183 67 1448 1375
185 68 1448 1076
185 69 1448 78
188 70 1448 1295
189 71 1448 758
196 72 1448 1741
202 74 1448 50
202 73 1448 1671
207 75 1448 1560
208 76 1448 720
214 77 1448 1647
214 78 1448 292
216 79 1448 1037
222 80 1448 1633
226 81 1448 1396
226 82 1448 312
229 83 1448 1301
231 84 1448 1083
237 85 1448 1640
238 86 1448 649
241 87 1448 1244
241 88 1448 148
241 89 1448 31
241 90 1448 309
247 91 1448 1685
247 92 1448 319
247 93 1448 298
253 95 1448 181
253 94 1448 1609
256 96 1448 1183
256 97 1448 244
262 98 1448 1664
284 99 1448 1922
286 100 1448 892
286 101 1448 292
286 102 1448 472
291 103 1448 1589
294 106 1448 248
294 104 1448 1262
294 105 1448 461
302 107 1448 1791
305 108 1448 1342
307 109 1448 1117
309 110 1448 885
310 111 1448 844
316 112 1448 1659
317 113 1448 691
324 114 1448 1730
327 115 1448 1171
328 116 1448 605
328 117 1448 395
328 118 1448 465
335 119 1448 1714
335 120 1448 38
335 121 1448 23
338 122 1448 1227
340 123 1448 1045
347 124 1448 1694
352 125 1448 1535
352 126 1448 438
356 127 1448 1443
356 128 1448 61
364 129 1448 1793
364 130 1448 377
364 131 1448 475
379 134 1448 145
379 133 1448 294
379 132 1448 1908
382 135 1448 1341
384 136 1448 924
385 137 1448 648
385 138 1448 38
386 139 1448 622
390 140 1448 1392
391 141 1448 782
400 142 1448 1826
402 143 1448 956
404 144 1448 1071
408 145 1448 1389
408 146 1448 25
413 147 1448 1553
413 148 1448 492
413 149 1448 438
418 150 1448 1500
419 151 1448 788
426 152 1448 1703
438 153 1448 1874
450 154 1448 1884
452 155 1448 869
454 156 1448 990
458 157 1448 1352
467 158 1448 1820
473 159 1448 1652
473 160 1448 22
474 161 1448 730
481 162 1448 1729
485 163 1448 1473
486 164 1448 739
486 165 1448 409
487 166 1448 860
491 167 1448 1364
492 168 1448 546
492 169 1448 389
492 170 1448 247
504 172 1448 356
504 171 1448 1882
512 173 1448 1767
512 174 1448 322
515 175 1448 1180
515 176 1448 121
515 177 1448 271
529 178 1448 1898
529 179 1448 304
534 180 1448 1509
535 181 1448 810
537 182 1448 950
542 183 1448 1548
542 184 1448 293
547 185 1448 1514
548 186 1448 696
548 187 1448 34
548 188 1448 335
551 189 1448 1200
551 190 1448 351
556 191 1448 1496
557 192 1448 753
557 193 1448 311
558 194 1448 600
559 195 1448 661
561 196 1448 977
561 197 1448 353
561 198 1448 216
562 199 1448 662
563 200 1448 528
564 201 1448 586
566 202 1448 1006
566 203 1448 102
566 204 1448 190
571 205 1448 1542
571 206 1448 431
582 207 1448 1861
587 208 1448 1551
588 209 1448 703
589 210 1448 748
590 211 1448 719
594 212 1448 1379
599 213 1448 1515
599 214 1448 142
601 215 1448 1137
608 216 1448 1704
608 217 1448 181
611 218 1448 1180
614 219 1448 1150
620 220 1448 1637
621 221 1448 826
623 222 1448 1029
626 223 1448 1270
626 224 1448 38
627 225 1448 675
629 226 1448 1128
629 227 1448 45
632 228 1448 1167
637 230 1448 203
637 229 1448 1586
644 231 1448 1693
644 232 1448 54
647 233 1448 1236
654 234 1448 1701
656 235 1448 923
663 236 1448 1728
664 237 1448 847
668 238 1448 1358
669 239 1448 675
671 240 1448 1083
672 241 1448 760
672 242 1448 407
677 243 1448 1556
677 244 1448 452
682 245 1448 1557
682 246 1448 117
685 248 1448 168
685 247 1448 1162
689 249 1448 1387
691 250 1448 881
692 251 1448 796
694 252 1448 1098
696 253 1448 990
698 254 1448 949
704 255 1448 1626
708 256 1448 1482
714 258 1448 64
714 257 1448 1661
718 259 1448 1440
718 260 1448 413
718 261 1448 385
719 262 1448 693
732 263 1448 1890
733 264 1448 499
735 265 1448 980
736 266 1448 664
736 267 1448 143
743 268 1448 1739
746 269 1448 1144
749 270 1448 1333
750 271 1448 857
751 272 1448 748
752 273 1448 504
752 274 1448 67
754 275 1448 877
754 276 1448 418
758 277 1448 1397
759 278 1448 817
759 279 1448 406
760 280 1448 558
773 281 1448 1891
782 282 1448 1801
789 283 1448 1704
790 284 1448 704
793 285 1448 1332
794 286 1448 594
796 287 1448 988
796 288 1448 286
796 289 1448 74
800 290 1448 1365
800 291 1448 67
801 292 1448 783
811 293 1448 1842
811 294 1448 261
812 297 1448 442
812 295 1448 697
812 296 1448 67
814 298 1448 1056
818 299 1448 1397
820 300 1448 892
834 301 1448 1899
838 302 1448 1348
840 304 1448 54
840 305 1448 24
840 303 1448 949
840 306 1448 48
