2 0 929 885
3 1 929 755
3 2 929 446
4 3 929 834
4 4 929 215
12 5 929 1775
19 6 929 1713
23 7 929 1384
27 8 929 1462
32 9 929 1558
43 10 929 1867
50 11 929 1717
51 12 929 736
51 13 929 226
54 14 929 1313
69 15 929 1904
71 16 929 919
71 17 929 407
73 18 929 1082
74 19 929 825
75 20 929 723
79 21 929 1393
89 22 929 1848
90 23 929 663
97 24 929 1700
98 25 929 792
99 27 929 54
99 26 929 556
103 28 929 1372
106 29 929 1275
106 30 929 457
110 31 929 1441
111 32 929 554
111 33 929 481
116 35 929 238
116 34 929 1532
125 36 929 1797
129 37 929 1400
131 38 929 967
134 39 929 1224
138 40 929 1438
140 41 929 1009
143 42 929 1153
144 43 929 635
149 44 929 1504
151 46 929 382
151 45 929 923
160 47 929 1809
160 48 929 302
160 49 929 89
161 50 929 701
168 51 929 1712
169 52 929 763
169 53 929 27
175 54 929 1672
179 55 929 1417
180 56 929 832
187 57 929 1707
189 58 929 1058
193 59 929 1348
196 60 929 1219
202 61 929 1659
202 62 929 11
202 63 929 187
204 65 929 425
204 64 929 1100
207 66 929 1162
207 67 929 254
208 68 929 618
210 69 929 1074
210 70 929 106
214 71 929 1444
218 72 929 1365
226 73 929 1782
229 74 929 1312
235 76 929 239
235 75 929 1638
238 77 929 1212
240 78 929 1084
241 79 929 777
241 80 929 409
242 81 929 671
248 82 929 1676
251 83 929 1283
252 84 929 574
253 85 929 669
254 86 929 678
255 87 929 527
256 88 929 734
256 89 929 115
259 90 929 1331
259 91 929 90
259 92 929 341
264 94 929 4
264 93 929 1543
271 95 929 1703
273 96 929 997
275 97 929 966
279 98 929 1460
281 99 929 1079
287 100 929 1685
287 101 929 128
290 102 929 1191
293 103 929 1152
308 104 929 1907
311 105 929 1181
311 106 929 347
313 107 929 905
314 108 929 639
314 109 929 33
317 110 929 1178
322 111 929 1544
323 112 929 622
323 113 929 280
325 114 929 939
326 115 929 548
341 116 929 1907
342 117 929 653
347 118 929 1538
347 119 929 430
353 120 929 1671
354 121 929 634
358 122 929 1445
359 123 929 503
365 124 929 1667
365 125 929 16
367 126 929 1102
374 127 929 1746
382 128 929 1777
387 129 929 1533
388 130 929 641
391 131 929 1197
397 133 929 5
397 132 929 1677
399 134 929 1016
399 135 929 280
403 136 929 1405
404 137 929 524
407 138 929 1301
410 139 929 1317
410 140 929 322
417 141 929 1697
426 142 929 1812
427 143 929 701
428 144 929 862
435 145 929 1711
439 146 929 1392
439 147 929 61
440 148 929 604
444 149 929 1381
451 151 929 344
451 150 929 1720
455 152 929 1353
457 153 929 1029
460 154 929 1332
462 155 929 1051
463 156 929 608
464 157 929 687
468 158 929 1409
481 159 929 1890
481 160 929 79
482 161 929 525
484 162 929 1053
486 163 929 1031
489 164 929 1317
504 165 929 1905
512 166 929 1791
513 167 929 617
516 168 929 1188
517 169 929 658
519 170 929 1067
523 171 929 1383
526 174 929 108
526 172 929 1276
526 173 929 220
540 175 929 1899
541 176 929 746
542 177 929 744
547 178 929 1566
559 179 929 1881
560 180 929 549
562 181 929 1040
564 182 929 1142
564 183 929 395
571 184 929 1737
571 185 929 296
579 186 929 1769
580 187 929 648
581 188 929 598
594 189 929 1890
599 190 929 1597
600 191 929 717
602 192 929 1039
605 193 929 1336
608 194 929 1238
615 195 929 1721
616 196 929 644
617 197 929 781
620 198 929 1308
622 199 929 882
632 200 929 1844
633 201 929 775
634 202 929 798
645 203 929 1871
645 204 929 314
645 205 929 337
647 206 929 992
649 207 929 1132
651 208 929 920
655 210 929 304
655 209 929 1357
663 211 929 1788
665 212 929 1046
669 213 929 1453
672 214 929 1340
674 215 929 963
677 216 929 1308
678 217 929 657
681 218 929 1218
683 220 929 135
683 219 929 1020
686 221 929 1143
686 222 929 18
689 223 929 1222
691 224 929 985
691 225 929 350
691 226 929 344
702 227 929 1865
704 228 929 907
704 229 929 312
707 230 929 1255
720 231 929 1889
724 232 929 1360
725 233 929 684
725 234 929 36
732 235 929 1699
732 236 929 242
735 237 929 1196
735 238 929 81
739 239 929 1400
742 240 929 1228
743 241 929 637
749 242 929 1653
752 243 929 1165
757 244 929 1585
764 245 929 1734
769 246 929 1595
774 247 929 1510
794 250 929 412
794 249 929 274
794 248 929 1920
810 251 929 1912
814 252 929 1488
814 253 929 288
815 254 929 746
816 255 929 701
817 256 929 756
822 257 929 1500
824 258 929 885
837 259 929 1888
855 260 929 1918
857 261 929 1052
857 262 929 224
858 263 929 608
858 264 929 102
858 265 929 339
858 266 929 428
858 267 929 362
862 268 929 1417
867 269 929 1566
868 270 929 720
868 271 929 112
869 272 929 575
876 273 929 1743
883 274 929 1717
887 275 929 1422
891 276 929 1414
892 277 929 777
897 278 929 1562
900 279 929 1176
901 280 929 679
902 281 929 758
913 282 929 1869
914 283 929 632
923 284 929 1824
926 285 929 1268
926 286 929 401
928 287 929 1072
939 288 929 1862
942 289 929 1259
944 290 929 942
945 291 929 667
945 292 929 310
945 293 929 117
949 294 929 1407
949 295 929 175
949 296 929 412
951 297 929 1045
953 298 929 1063
956 299 929 1246
959 300 929 1305
962 301 929 1233
962 302 929 93
962 303 929 353
966 304 929 1479
966 305 929 300
969 306 929 1336
