13 0 225 1889
14 1 225 653
17 2 225 1317
19 3 225 1099
21 4 225 960
24 5 225 1266
24 6 225 445
25 7 225 583
31 8 225 1659
44 9 225 1890
51 10 225 1694
54 11 225 1161
54 12 225 445
54 13 225 76
54 14 225 268
56 15 225 887
71 16 225 1904
77 17 225 1641
80 19 225 341
80 18 225 1277
88 20 225 1759
88 21 225 348
88 22 225 419
94 23 225 1677
94 24 225 246
94 25 225 70
97 26 225 1319
99 27 225 891
101 28 225 1064
102 29 225 756
104 30 225 1049
106 31 225 1077
111 32 225 1503
112 33 225 783
115 34 225 1274
115 35 225 451
115 36 225 79
118 39 225 253
118 37 225 1246
118 38 225 391
124 40 225 1655
124 41 225 187
125 42 225 550
130 43 225 1604
132 44 225 1052
134 49 225 13
134 48 225 65
134 47 225 326
134 46 225 442
134 45 225 1043
138 50 225 1448
144 51 225 1673
146 52 225 1024
152 53 225 1647
157 54 225 1545
162 55 225 1541
162 56 225 234
167 57 225 1564
168 58 225 852
170 59 225 890
181 60 225 1871
185 61 225 1478
189 62 225 1443
191 63 225 903
192 64 225 841
193 65 225 616
198 66 225 1582
203 67 225 1587
204 68 225 727
211 69 225 1741
212 70 225 807
213 71 225 657
216 72 225 1250
218 73 225 1023
219 74 225 611
224 75 225 1571
231 76 225 1722
232 77 225 740
233 78 225 624
235 79 225 1128
240 80 225 1552
242 81 225 993
243 82 225 825
245 83 225 1051
248 84 225 1233
251 86 225 53
251 85 225 1301
259 87 225 1780
262 88 225 1162
268 89 225 1657
268 90 225 217
268 91 225 440
268 92 225 394
272 94 225 306
272 95 225 176
272 93 225 1426
273 96 225 668
278 97 225 1572
279 98 225 763
279 99 225 435
283 100 225 1385
284 101 225 780
289 103 225 249
289 102 225 1524
291 104 225 1130
292 105 225 790
292 106 225 423
292 107 225 0
294 108 225 1036
308 109 225 1898
315 110 225 1743
319 111 225 1419
321 112 225 939
327 113 225 1649
330 114 225 1263
332 115 225 878
333 116 225 652
333 117 225 392
338 118 225 1594
342 119 225 1465
343 120 225 563
350 121 225 1727
350 122 225 424
352 123 225 994
357 124 225 1524
357 125 225 367
357 126 225 263
364 127 225 1748
365 128 225 717
365 129 225 434
367 130 225 902
367 131 225 150
381 133 225 188
381 132 225 1901
387 134 225 1668
388 135 225 771
392 136 225 1394
393 137 225 576
403 138 225 1846
403 139 225 442
405 141 225 52
405 140 225 878
406 142 225 744
409 143 225 1189
419 144 225 1839
420 145 225 723
424 146 225 1425
425 147 225 669
425 148 225 163
429 149 225 1353
433 151 225 276
433 150 225 1448
447 152 225 1902
450 153 225 1223
459 154 225 1797
464 155 225 1582
464 156 225 355
465 157 225 529
466 158 225 649
467 159 225 762
468 160 225 526
469 161 225 599
472 162 225 1208
473 163 225 601
475 164 225 995
480 165 225 1592
484 166 225 1442
485 167 225 750
500 168 225 1905
500 169 225 491
504 171 225 76
504 172 225 470
504 170 225 1409
507 173 225 1151
508 174 225 586
509 175 225 511
511 176 225 983
514 177 225 1160
516 178 225 1079
517 179 225 800
518 180 225 867
523 181 225 1518
528 182 225 1585
531 183 225 1288
533 184 225 911
534 185 225 626
534 186 225 173
535 188 225 316
535 189 225 85
535 187 225 678
535 190 225 416
536 191 225 864
546 192 225 1851
548 193 225 1083
558 194 225 1841
558 195 225 279
559 196 225 768
559 197 225 142
559 198 225 193
559 199 225 247
562 200 225 1205
563 201 225 674
564 202 225 689
569 203 225 1596
580 204 225 1869
584 205 225 1372
591 206 225 1730
592 207 225 750
593 208 225 636
596 209 225 1285
597 210 225 599
599 211 225 1119
603 212 225 1375
611 213 225 1774
620 214 225 1820
622 215 225 932
624 216 225 938
634 217 225 1844
640 218 225 1615
640 219 225 369
644 220 225 1419
645 221 225 764
645 222 225 434
654 223 225 1819
654 224 225 74
655 225 225 545
655 226 225 149
658 227 225 1312
661 228 225 1235
661 229 225 307
667 230 225 1667
668 231 225 840
670 232 225 967
671 233 225 832
676 234 225 1519
676 235 225 192
677 236 225 829
694 237 225 1914
697 238 225 1344
701 239 225 1463
702 240 225 820
706 241 225 1347
706 242 225 41
708 243 225 955
712 244 225 1411
715 245 225 1222
719 246 225 1413
719 247 225 77
722 248 225 1188
724 249 225 908
727 250 225 1265
728 251 225 849
728 252 225 452
735 253 225 1749
736 254 225 752
736 255 225 441
736 256 225 240
737 257 225 794
742 258 225 1522
745 259 225 1324
748 260 225 1223
748 261 225 418
752 262 225 1440
752 263 225 329
757 264 225 1543
763 265 225 1683
763 266 225 152
764 268 225 254
764 267 225 542
770 269 225 1627
770 270 225 102
772 271 225 949
773 272 225 499
773 273 225 151
777 274 225 1474
777 275 225 71
778 276 225 723
782 278 225 408
782 277 225 1403
783 279 225 777
785 280 225 1056
785 281 225 71
785 282 225 124
785 283 225 327
787 284 225 966
788 286 225 387
788 285 225 818
791 288 225 79
791 287 225 1143
793 289 225 1078
805 290 225 1877
805 291 225 35
805 292 225 392
805 293 225 20
805 294 225 240
805 295 225 401
815 296 225 1832
821 297 225 1637
824 298 225 1337
830 299 225 1652
832 300 225 1069
834 301 225 871
841 302 225 1747
845 303 225 1485
846 305 225 316
846 304 225 805
846 306 225 349
