3 0 1780 1259
3 1 1780 208
4 2 1780 742
8 3 1780 1389
8 4 1780 86
13 5 1780 1562
13 6 1780 171
17 8 1780 22
17 7 1780 1486
19 9 1780 1086
20 10 1780 844
24 11 1780 1380
25 12 1780 596
28 16 1780 76
28 13 1780 1342
28 14 1780 171
28 15 1780 233
28 17 1780 432
31 18 1780 1275
33 19 1780 945
33 20 1780 37
34 21 1780 726
34 22 1780 310
41 23 1780 1690
41 24 1780 387
41 25 1780 41
48 26 1780 1731
58 28 1780 247
58 27 1780 1853
59 29 1780 605
60 30 1780 844
64 31 1780 1369
69 32 1780 1582
71 33 1780 983
73 34 1780 1129
77 36 1780 311
77 35 1780 1442
80 38 1780 228
80 37 1780 1205
84 39 1780 1370
91 40 1780 1745
95 41 1780 1398
104 42 1780 1809
107 43 1780 1178
107 44 1780 207
110 45 1780 1209
113 48 1780 429
113 47 1780 374
113 46 1780 1242
114 49 1780 737
114 50 1780 133
117 51 1780 1230
126 52 1780 1803
126 53 1780 100
128 54 1780 889
129 55 1780 532
138 56 1780 1822
140 57 1780 976
142 58 1780 1002
142 59 1780 44
150 60 1780 1755
150 61 1780 243
153 62 1780 1239
156 63 1780 1341
156 64 1780 242
160 65 1780 1399
167 66 1780 1723
172 67 1780 1537
172 68 1780 213
173 69 1780 653
183 70 1780 1847
184 71 1780 795
184 72 1780 204
194 73 1780 1830
196 74 1780 1124
197 75 1780 563
198 76 1780 841
200 77 1780 1057
204 78 1780 1483
206 79 1780 1102
207 80 1780 724
211 81 1780 1357
215 82 1780 1423
219 84 1780 472
219 83 1780 1435
224 85 1780 1539
228 86 1780 1491
232 87 1780 1481
232 88 1780 94
233 89 1780 596
238 90 1780 1545
241 92 1780 203
241 91 1780 1259
241 93 1780 183
246 94 1780 1540
251 95 1780 1501
251 96 1780 159
251 97 1780 468
253 98 1780 936
254 99 1780 732
258 100 1780 1411
264 101 1780 1629
264 102 1780 160
271 103 1780 1700
272 104 1780 815
275 105 1780 1263
277 106 1780 1026
291 107 1780 1898
293 108 1780 900
293 109 1780 325
299 110 1780 1615
300 111 1780 765
304 112 1780 1417
313 113 1780 1825
316 114 1780 1245
316 115 1780 397
317 116 1780 744
324 117 1780 1729
326 118 1780 869
327 119 1780 627
337 120 1780 1833
337 121 1780 241
341 122 1780 1443
346 123 1780 1542
348 124 1780 1032
349 125 1780 587
350 126 1780 591
350 127 1780 20
350 128 1780 289
355 131 1780 373
355 132 1780 120
355 129 1780 1547
355 130 1780 404
356 133 1780 751
362 134 1780 1616
364 135 1780 1019
367 136 1780 1197
373 137 1780 1647
374 138 1780 619
376 139 1780 1133
377 140 1780 513
382 141 1780 1517
383 142 1780 581
390 143 1780 1694
392 144 1780 905
393 145 1780 780
401 146 1780 1766
401 147 1780 303
402 148 1780 862
404 149 1780 1142
405 150 1780 757
405 151 1780 355
410 153 1780 309
410 152 1780 1524
411 154 1780 823
414 155 1780 1170
414 156 1780 186
415 157 1780 543
416 158 1780 668
416 159 1780 227
417 160 1780 671
419 161 1780 1005
425 162 1780 1608
428 163 1780 1277
438 164 1780 1845
441 165 1780 1242
442 166 1780 644
443 167 1780 666
443 168 1780 208
443 169 1780 226
445 170 1780 1125
447 171 1780 1022
449 172 1780 1109
455 173 1780 1660
455 174 1780 114
455 175 1780 316
460 176 1780 1584
466 177 1780 1673
467 178 1780 636
467 179 1780 252
468 181 1780 288
468 180 1780 745
470 182 1780 1082
472 183 1780 1072
473 184 1780 790
473 185 1780 48
474 186 1780 774
481 187 1780 1736
491 189 1780 446
491 188 1780 1853
492 190 1780 832
493 191 1780 654
495 192 1780 979
495 193 1780 391
495 194 1780 462
499 195 1780 1432
509 196 1780 1834
512 197 1780 1228
520 198 1780 1773
525 199 1780 1587
525 200 1780 136
527 202 1780 94
527 201 1780 1100
528 203 1780 636
528 204 1780 16
534 205 1780 1659
537 206 1780 1171
545 207 1780 1789
545 208 1780 194
546 209 1780 507
551 211 1780 437
551 210 1780 1510
561 212 1780 1831
561 213 1780 415
565 214 1780 1407
565 215 1780 382
575 216 1780 1847
576 217 1780 535
576 218 1780 486
585 220 1780 468
585 219 1780 1797
586 221 1780 833
587 222 1780 738
593 223 1780 1687
596 224 1780 1318
596 225 1780 471
596 226 1780 42
597 227 1780 717
600 228 1780 1197
601 231 1780 356
601 229 1780 606
601 230 1780 406
610 232 1780 1825
612 233 1780 974
612 234 1780 116
617 235 1780 1570
617 236 1780 194
617 237 1780 446
619 238 1780 1056
621 239 1780 1056
622 240 1780 802
624 241 1780 909
629 242 1780 1541
633 243 1780 1345
634 244 1780 860
634 245 1780 394
635 246 1780 747
636 247 1780 563
638 249 1780 79
638 248 1780 909
643 250 1780 1510
646 251 1780 1298
647 252 1780 741
661 253 1780 1901
663 254 1780 1119
666 255 1780 1227
666 256 1780 362
666 257 1780 331
669 258 1780 1243
673 259 1780 1469
679 260 1780 1617
679 261 1780 453
680 262 1780 591
685 263 1780 1513
685 264 1780 100
688 265 1780 1153
689 266 1780 537
690 268 1780 299
690 267 1780 856
698 269 1780 1761
698 270 1780 188
702 271 1780 1401
706 272 1780 1404
710 273 1780 1355
712 274 1780 994
716 275 1780 1483
719 276 1780 1216
722 277 1780 1317
723 278 1780 826
725 279 1780 923
731 280 1780 1648
735 281 1780 1403
742 282 1780 1732
744 283 1780 1118
746 284 1780 1021
748 285 1780 1033
753 286 1780 1539
763 287 1780 1849
771 288 1780 1779
772 289 1780 813
775 290 1780 1208
783 291 1780 1787
785 292 1780 1127
790 293 1780 1511
794 294 1780 1364
794 295 1780 348
794 296 1780 318
794 297 1780 28
797 298 1780 1245
803 299 1780 1632
811 300 1780 1782
820 302 1780 264
820 301 1780 1815
822 303 1780 1072
831 305 1780 108
831 304 1780 1815
840 306 1780 1818
