0 0 1494 477
1 1 1494 653
1 2 1494 437
4 3 1494 1200
11 4 1494 1736
11 5 1494 21
14 6 1494 1200
14 7 1494 86
17 8 1494 1214
18 9 1494 561
22 10 1494 1435
23 11 1494 800
28 12 1494 1546
29 13 1494 604
30 14 1494 564
31 15 1494 515
42 16 1494 1871
42 17 1494 167
44 18 1494 1123
61 19 1494 1914
66 20 1494 1534
67 21 1494 707
68 22 1494 673
69 23 1494 667
75 24 1494 1682
75 25 1494 335
76 26 1494 670
77 27 1494 523
88 28 1494 1865
95 29 1494 1733
97 30 1494 1133
104 31 1494 1725
104 32 1494 326
109 33 1494 1588
112 34 1494 1295
114 35 1494 1018
118 38 1494 0
118 36 1494 1452
118 37 1494 241
120 39 1494 1047
124 40 1494 1414
127 41 1494 1177
131 42 1494 1373
131 43 1494 471
139 44 1494 1763
146 45 1494 1737
152 46 1494 1630
153 47 1494 534
153 48 1494 95
157 49 1494 1449
159 50 1494 1066
160 51 1494 769
160 52 1494 219
166 53 1494 1682
166 54 1494 409
173 55 1494 1694
188 56 1494 1904
195 57 1494 1694
199 58 1494 1442
203 59 1494 1401
206 60 1494 1275
207 61 1494 676
207 62 1494 146
211 63 1494 1406
215 64 1494 1353
221 65 1494 1635
221 66 1494 473
233 67 1494 1883
236 68 1494 1233
240 69 1494 1471
242 70 1494 988
248 72 1494 167
248 71 1494 1629
248 73 1494 75
249 75 1494 356
249 74 1494 500
252 76 1494 1258
252 77 1494 202
253 78 1494 828
264 79 1494 1870
265 82 1494 428
265 83 1494 416
265 80 1494 629
265 81 1494 136
266 84 1494 666
266 85 1494 364
271 86 1494 1505
272 87 1494 569
275 88 1494 1178
280 89 1494 1526
282 90 1494 1038
288 91 1494 1682
289 92 1494 723
290 93 1494 523
297 94 1494 1696
298 95 1494 737
300 96 1494 1031
313 97 1494 1892
315 98 1494 1043
315 99 1494 128
318 100 1494 1263
324 101 1494 1672
327 102 1494 1225
328 103 1494 549
328 104 1494 461
332 105 1494 1362
333 106 1494 602
333 107 1494 144
336 108 1494 1182
336 109 1494 53
336 110 1494 435
343 111 1494 1702
344 112 1494 866
349 113 1494 1497
350 114 1494 772
352 115 1494 1139
352 116 1494 248
358 117 1494 1654
359 118 1494 740
361 119 1494 989
361 120 1494 129
371 121 1494 1829
372 122 1494 704
378 123 1494 1631
378 124 1494 432
381 125 1494 1230
383 126 1494 906
388 127 1494 1568
388 128 1494 304
394 129 1494 1687
397 130 1494 1249
400 131 1494 1291
402 132 1494 1083
403 133 1494 700
404 134 1494 606
406 135 1494 881
407 136 1494 835
416 137 1494 1804
428 138 1494 1879
431 139 1494 1229
437 140 1494 1687
441 141 1494 1361
444 142 1494 1312
446 143 1494 1125
448 144 1494 1091
451 145 1494 1260
452 146 1494 816
455 147 1494 1150
461 148 1494 1676
462 150 1494 489
462 149 1494 557
465 151 1494 1301
468 153 1494 54
468 152 1494 1152
492 154 1494 1923
496 155 1494 1359
498 156 1494 967
503 157 1494 1519
503 158 1494 116
506 159 1494 1155
506 160 1494 455
508 161 1494 958
516 162 1494 1764
520 163 1494 1419
521 164 1494 728
523 165 1494 1069
524 166 1494 618
524 167 1494 166
526 168 1494 890
535 170 1494 303
535 171 1494 369
535 169 1494 1815
542 172 1494 1700
546 173 1494 1436
549 174 1494 1226
550 175 1494 692
551 176 1494 516
556 177 1494 1504
557 178 1494 540
559 180 1494 414
559 179 1494 1097
565 181 1494 1680
574 182 1494 1816
580 183 1494 1672
583 184 1494 1197
595 185 1494 1873
595 186 1494 138
597 187 1494 1029
598 188 1494 701
601 189 1494 1172
611 190 1494 1839
614 191 1494 1241
620 192 1494 1687
621 193 1494 723
622 194 1494 773
623 195 1494 728
628 196 1494 1522
637 198 1494 397
637 199 1494 21
637 197 1494 1818
638 200 1494 641
639 201 1494 650
639 202 1494 259
647 203 1494 1786
647 204 1494 253
647 205 1494 120
652 206 1494 1526
658 207 1494 1641
659 208 1494 752
662 209 1494 1230
663 210 1494 842
667 211 1494 1387
669 212 1494 978
671 213 1494 944
672 214 1494 741
673 215 1494 700
675 216 1494 1067
675 217 1494 91
675 218 1494 221
676 219 1494 780
678 220 1494 931
683 221 1494 1514
687 222 1494 1389
693 223 1494 1643
707 224 1494 1901
709 225 1494 987
710 226 1494 606
712 227 1494 976
713 229 1494 498
713 228 1494 662
715 230 1494 1095
716 231 1494 623
718 232 1494 1107
719 233 1494 519
719 234 1494 455
726 235 1494 1689
730 236 1494 1420
730 237 1494 30
734 238 1494 1419
736 239 1494 1077
736 240 1494 346
736 241 1494 422
736 242 1494 277
740 243 1494 1395
740 244 1494 329
740 245 1494 451
740 246 1494 262
741 247 1494 743
756 248 1494 1907
756 249 1494 73
761 250 1494 1586
765 251 1494 1430
770 252 1494 1596
775 253 1494 1542
777 254 1494 1015
779 255 1494 1052
782 256 1494 1185
783 257 1494 541
792 258 1494 1810
795 259 1494 1191
799 260 1494 1439
800 261 1494 549
802 268 1494 489
802 266 1494 280
802 265 1494 219
802 267 1494 459
802 263 1494 253
802 264 1494 135
802 262 1494 978
804 269 1494 976
807 270 1494 1204
809 271 1494 1036
810 272 1494 597
812 273 1494 1069
812 274 1494 433
813 275 1494 508
816 276 1494 1236
835 277 1494 1919
838 278 1494 1313
842 279 1494 1449
843 280 1494 724
851 281 1494 1788
853 282 1494 993
854 283 1494 589
855 284 1494 837
860 285 1494 1590
862 286 1494 952
866 287 1494 1490
870 288 1494 1428
873 289 1494 1328
874 290 1494 504
876 291 1494 879
876 292 1494 145
876 293 1494 227
881 294 1494 1563
888 295 1494 1721
892 296 1494 1368
892 297 1494 23
895 298 1494 1260
895 299 1494 110
895 300 1494 170
902 301 1494 1728
902 302 1494 254
904 303 1494 931
905 304 1494 793
906 305 1494 549
907 306 1494 832
