6 0 1227 1667
6 1 1227 310
7 2 1227 751
9 3 1227 1023
9 4 1227 490
13 5 1227 1391
14 6 1227 685
15 9 1227 158
15 8 1227 270
15 7 1227 859
18 10 1227 1275
18 11 1227 372
25 12 1227 1711
27 13 1227 964
29 14 1227 920
35 15 1227 1622
37 16 1227 1049
38 17 1227 671
41 18 1227 1234
49 19 1227 1781
52 20 1227 1151
56 21 1227 1411
60 22 1227 1485
66 23 1227 1687
66 24 1227 405
66 25 1227 498
72 26 1227 1616
76 27 1227 1383
82 30 1227 168
82 28 1227 1679
82 29 1227 147
84 31 1227 1085
93 32 1227 1810
102 33 1227 1802
106 34 1227 1365
107 35 1227 663
108 36 1227 656
108 37 1227 439
111 38 1227 1194
116 39 1227 1547
124 40 1227 1769
127 41 1227 1230
132 42 1227 1589
135 43 1227 1342
147 44 1227 1872
147 45 1227 395
166 46 1227 1919
172 47 1227 1649
173 48 1227 636
176 49 1227 1302
183 50 1227 1692
183 51 1227 248
183 52 1227 422
183 53 1227 370
183 54 1227 226
183 55 1227 255
184 56 1227 749
186 57 1227 989
187 58 1227 617
205 59 1227 1916
212 60 1227 1699
215 61 1227 1226
217 62 1227 1104
217 63 1227 122
234 64 1227 1914
234 65 1227 189
234 66 1227 486
244 67 1227 1834
249 68 1227 1523
249 69 1227 257
251 70 1227 966
252 71 1227 609
256 72 1227 1402
262 73 1227 1611
262 74 1227 12
272 75 1227 1845
279 77 1227 142
279 76 1227 1747
286 78 1227 1739
286 79 1227 10
287 80 1227 504
300 81 1227 1892
301 82 1227 747
301 83 1227 377
301 84 1227 380
311 85 1227 1845
312 86 1227 663
316 87 1227 1440
321 88 1227 1575
323 89 1227 1109
333 90 1227 1838
338 91 1227 1592
345 92 1227 1746
348 93 1227 1203
356 94 1227 1773
357 96 1227 125
357 95 1227 542
361 97 1227 1467
365 98 1227 1353
371 99 1227 1682
381 104 1227 335
381 100 1227 1833
381 101 1227 85
381 102 1227 125
381 103 1227 379
383 105 1227 1083
384 106 1227 771
385 107 1227 735
385 108 1227 358
385 109 1227 305
385 110 1227 433
386 111 1227 606
389 112 1227 1174
390 113 1227 607
394 114 1227 1412
401 116 1227 479
401 115 1227 1731
402 117 1227 727
408 118 1227 1667
408 119 1227 69
412 120 1227 1451
414 121 1227 971
414 122 1227 258
414 123 1227 413
414 124 1227 343
417 125 1227 1298
418 126 1227 787
418 127 1227 199
426 128 1227 1763
430 129 1227 1394
437 130 1227 1720
437 131 1227 280
438 134 1227 101
438 135 1227 418
438 132 1227 714
438 133 1227 56
446 136 1227 1766
446 137 1227 367
446 138 1227 41
449 139 1227 1222
451 140 1227 1073
461 141 1227 1853
463 142 1227 1081
466 143 1227 1270
467 144 1227 676
470 145 1227 1231
470 146 1227 418
472 147 1227 1138
479 148 1227 1715
479 149 1227 41
479 150 1227 63
482 151 1227 1323
489 152 1227 1724
492 154 1227 231
492 153 1227 1284
493 155 1227 862
501 156 1227 1752
507 157 1227 1636
507 158 1227 36
509 159 1227 962
509 160 1227 295
510 161 1227 572
512 162 1227 897
514 163 1227 889
515 164 1227 510
515 165 1227 153
524 166 1227 1817
526 167 1227 1117
527 168 1227 506
529 169 1227 993
542 170 1227 1889
542 171 1227 111
543 173 1227 444
543 172 1227 685
545 174 1227 921
550 175 1227 1522
559 176 1227 1815
561 177 1227 913
567 178 1227 1662
569 179 1227 1036
571 180 1227 880
576 182 1227 408
576 181 1227 1574
583 183 1227 1721
586 184 1227 1330
586 185 1227 397
586 186 1227 480
590 187 1227 1355
597 188 1227 1750
600 189 1227 1164
601 191 1227 130
601 192 1227 331
601 190 1227 591
603 193 1227 1004
605 194 1227 927
606 195 1227 500
608 196 1227 956
608 197 1227 192
609 198 1227 760
610 199 1227 523
613 200 1227 1339
616 201 1227 1225
617 202 1227 632
618 203 1227 721
618 204 1227 77
630 205 1227 1876
631 206 1227 637
634 207 1227 1279
634 208 1227 362
635 209 1227 634
637 210 1227 972
638 211 1227 838
652 212 1227 1899
654 213 1227 924
654 214 1227 81
655 215 1227 646
655 216 1227 164
657 217 1227 1101
661 219 1227 112
661 218 1227 1483
666 220 1227 1597
666 221 1227 462
669 222 1227 1292
672 223 1227 1267
672 224 1227 402
680 225 1227 1759
687 226 1227 1705
692 227 1227 1606
696 228 1227 1442
696 229 1227 420
697 230 1227 566
703 231 1227 1622
703 232 1227 153
705 233 1227 1139
711 234 1227 1621
716 235 1227 1579
718 236 1227 941
724 237 1227 1611
730 238 1227 1643
734 239 1227 1379
740 240 1227 1684
742 241 1227 1125
744 242 1227 992
746 243 1227 1116
746 244 1227 192
752 245 1227 1677
752 246 1227 156
755 247 1227 1331
757 250 1227 336
757 249 1227 281
757 248 1227 922
765 251 1227 1780
766 252 1227 633
767 253 1227 647
768 254 1227 850
770 255 1227 877
781 256 1227 1858
784 260 1227 171
784 259 1227 242
784 257 1227 1290
784 258 1227 319
786 261 1227 956
794 262 1227 1762
805 263 1227 1867
805 264 1227 67
808 265 1227 1274
809 266 1227 685
810 267 1227 759
813 269 1227 427
813 268 1227 1227
819 270 1227 1629
819 271 1227 477
823 272 1227 1382
823 273 1227 104
823 274 1227 353
823 275 1227 472
827 276 1227 1394
827 277 1227 176
829 278 1227 1075
830 279 1227 649
835 280 1227 1603
835 281 1227 373
836 282 1227 683
839 283 1227 1161
839 284 1227 83
840 285 1227 711
842 286 1227 988
846 288 1227 288
846 287 1227 1431
847 289 1227 744
853 290 1227 1646
858 291 1227 1576
861 292 1227 1292
865 293 1227 1401
868 294 1227 1208
869 295 1227 728
872 296 1227 1288
874 297 1227 1049
876 298 1227 1048
877 299 1227 842
879 300 1227 991
882 301 1227 1321
882 302 1227 103
882 303 1227 495
883 304 1227 576
891 305 1227 1784
891 306 1227 398
