5 0 1265 1600
5 1 1265 405
6 2 1265 618
7 3 1265 592
8 4 1265 673
8 5 1265 345
10 6 1265 1037
17 9 1265 327
17 8 1265 94
17 7 1265 1722
20 10 1265 1218
26 11 1265 1662
30 12 1265 1445
37 13 1265 1711
40 14 1265 1291
51 15 1265 1858
52 16 1265 694
53 17 1265 517
59 18 1265 1621
67 19 1265 1774
76 20 1265 1812
92 21 1265 1911
96 22 1265 1399
101 23 1265 1545
102 24 1265 539
103 25 1265 665
105 26 1265 1034
107 27 1265 1028
108 28 1265 664
109 29 1265 582
110 30 1265 556
113 31 1265 1213
120 32 1265 1743
123 33 1265 1164
125 34 1265 1137
131 35 1265 1679
134 36 1265 1312
136 38 1265 334
136 37 1265 976
142 39 1265 1616
142 40 1265 243
144 41 1265 1039
144 42 1265 32
149 43 1265 1538
149 44 1265 418
151 45 1265 877
153 46 1265 954
153 47 1265 46
154 48 1265 610
159 49 1265 1604
164 50 1265 1507
164 51 1265 30
166 52 1265 1033
167 53 1265 738
168 54 1265 729
174 55 1265 1614
176 56 1265 930
178 59 1265 8
178 57 1265 998
178 58 1265 52
181 60 1265 1235
181 61 1265 8
183 62 1265 1057
187 63 1265 1437
194 64 1265 1695
194 65 1265 5
204 67 1265 280
204 66 1265 1843
205 68 1265 573
210 69 1265 1536
211 70 1265 545
217 71 1265 1643
217 72 1265 183
217 73 1265 4
222 74 1265 1531
223 75 1265 772
235 76 1265 1879
243 77 1265 1786
245 78 1265 1126
250 79 1265 1587
256 80 1265 1635
258 81 1265 988
258 82 1265 418
260 83 1265 985
262 84 1265 999
263 85 1265 526
263 86 1265 179
265 87 1265 1004
265 88 1265 435
269 89 1265 1448
270 90 1265 749
270 91 1265 314
272 95 1265 234
272 94 1265 380
272 92 1265 923
272 93 1265 326
287 96 1265 1907
288 97 1265 520
296 98 1265 1767
296 99 1265 413
298 100 1265 958
299 101 1265 674
303 102 1265 1397
305 103 1265 999
307 104 1265 1058
315 105 1265 1789
323 106 1265 1771
325 107 1265 1028
327 108 1265 1132
339 109 1265 1881
345 110 1265 1659
347 111 1265 1069
356 115 1265 247
356 114 1265 297
356 113 1265 390
356 112 1265 1797
361 116 1265 1515
361 117 1265 72
361 118 1265 437
364 119 1265 1169
371 120 1265 1750
372 121 1265 839
380 122 1265 1770
382 123 1265 1050
383 124 1265 787
383 125 1265 231
384 126 1265 719
392 127 1265 1782
397 128 1265 1549
400 129 1265 1297
401 130 1265 790
405 131 1265 1359
405 132 1265 18
406 133 1265 712
407 134 1265 629
409 135 1265 961
414 136 1265 1515
417 137 1265 1344
427 138 1265 1851
429 139 1265 1135
430 140 1265 679
432 141 1265 1076
441 143 1265 478
441 142 1265 1796
448 144 1265 1713
453 145 1265 1604
453 146 1265 442
454 147 1265 533
454 148 1265 28
454 149 1265 133
455 150 1265 643
465 151 1265 1835
465 152 1265 82
466 153 1265 597
467 154 1265 588
467 155 1265 118
468 156 1265 828
468 157 1265 347
468 158 1265 211
469 159 1265 827
471 160 1265 1069
488 161 1265 1914
492 162 1265 1404
500 163 1265 1760
502 164 1265 1091
502 165 1265 300
504 166 1265 1050
506 167 1265 1084
512 168 1265 1686
515 169 1265 1260
516 171 1265 171
516 172 1265 145
516 170 1265 656
519 173 1265 1226
519 174 1265 490
520 175 1265 673
522 176 1265 967
525 177 1265 1291
528 178 1265 1261
530 179 1265 1107
537 181 1265 186
537 180 1265 1713
545 182 1265 1753
549 183 1265 1416
550 184 1265 653
552 185 1265 879
555 186 1265 1276
559 187 1265 1345
559 188 1265 124
560 189 1265 510
560 190 1265 133
563 191 1265 1168
565 192 1265 1132
567 193 1265 1024
567 194 1265 65
568 195 1265 689
573 196 1265 1596
573 197 1265 36
576 198 1265 1312
580 199 1265 1413
581 200 1265 553
584 201 1265 1282
585 202 1265 772
586 203 1265 693
590 204 1265 1401
590 205 1265 472
597 206 1265 1689
598 207 1265 781
598 208 1265 107
608 209 1265 1839
610 210 1265 1075
614 211 1265 1462
616 212 1265 1011
618 213 1265 1028
620 214 1265 1038
622 215 1265 883
622 216 1265 161
639 217 1265 1913
641 218 1265 1106
641 219 1265 211
643 220 1265 948
649 221 1265 1629
651 222 1265 960
654 223 1265 1175
656 224 1265 1127
660 225 1265 1413
662 226 1265 963
664 227 1265 1046
667 228 1265 1160
674 229 1265 1725
676 230 1265 1002
678 231 1265 930
693 232 1265 1903
701 233 1265 1772
702 234 1265 554
702 235 1265 431
705 236 1265 1339
707 238 1265 14
707 239 1265 180
707 237 1265 1060
709 240 1265 1115
709 241 1265 495
712 242 1265 1238
712 243 1265 209
716 244 1265 1359
717 246 1265 157
717 245 1265 596
717 247 1265 103
733 248 1265 1910
735 249 1265 1107
736 250 1265 528
742 251 1265 1608
743 252 1265 855
745 253 1265 1100
745 254 1265 464
746 255 1265 848
746 256 1265 322
751 257 1265 1521
755 258 1265 1490
772 259 1265 1913
776 260 1265 1433
777 261 1265 642
782 262 1265 1545
782 263 1265 307
783 264 1265 837
783 265 1265 145
787 266 1265 1483
790 268 1265 474
790 267 1265 1163
791 269 1265 607
795 270 1265 1469
797 271 1265 1026
811 272 1265 1898
813 273 1265 925
815 274 1265 1021
815 275 1265 453
815 276 1265 391
816 277 1265 750
823 278 1265 1740
824 279 1265 531
827 280 1265 1255
828 281 1265 860
830 282 1265 1060
830 283 1265 53
833 284 1265 1196
836 285 1265 1318
836 286 1265 75
837 287 1265 802
840 288 1265 1308
846 289 1265 1630
846 290 1265 109
853 291 1265 1742
857 292 1265 1494
857 293 1265 26
858 294 1265 672
858 295 1265 472
860 296 1265 874
862 297 1265 930
865 298 1265 1297
868 299 1265 1214
870 300 1265 1037
872 301 1265 918
877 302 1265 1553
880 303 1265 1303
885 304 1265 1562
889 305 1265 1427
895 306 1265 1634
