0 0 114 285
1 1 114 754
1 2 114 221
5 3 114 1492
11 4 114 1661
18 5 114 1719
22 6 114 1379
22 7 114 486
23 8 114 783
24 9 114 771
35 10 114 1866
36 11 114 595
37 12 114 837
45 13 114 1763
45 14 114 478
45 15 114 466
47 17 114 217
47 16 114 1024
52 18 114 1561
54 19 114 1080
56 20 114 896
66 21 114 1839
76 22 114 1835
79 23 114 1223
79 24 114 154
83 25 114 1377
85 26 114 1044
91 27 114 1638
91 28 114 445
91 29 114 78
96 30 114 1586
97 31 114 819
98 33 114 401
98 32 114 551
100 35 114 121
100 36 114 329
100 34 114 924
105 37 114 1535
105 38 114 392
107 39 114 885
112 40 114 1584
112 41 114 479
112 42 114 373
117 43 114 1595
117 44 114 270
119 45 114 1102
131 46 114 1882
131 47 114 90
131 48 114 169
136 49 114 1515
140 50 114 1466
142 51 114 943
149 52 114 1699
149 53 114 456
150 55 114 370
150 54 114 630
151 56 114 843
153 57 114 923
156 58 114 1337
156 59 114 284
157 60 114 675
163 61 114 1665
163 62 114 40
164 63 114 705
166 64 114 1109
168 65 114 1046
168 66 114 44
168 67 114 435
169 68 114 838
169 69 114 357
169 70 114 137
173 71 114 1413
180 72 114 1749
181 73 114 676
185 75 114 416
185 74 114 1421
189 76 114 1466
189 77 114 239
191 78 114 952
193 79 114 977
197 80 114 1420
199 81 114 953
203 82 114 1468
204 83 114 854
205 84 114 536
206 85 114 642
208 86 114 1045
208 87 114 94
215 88 114 1695
216 89 114 554
219 90 114 1202
222 94 114 210
222 93 114 108
222 91 114 1330
222 92 114 197
232 95 114 1843
232 96 114 439
237 97 114 1593
237 98 114 486
240 99 114 1149
242 100 114 1057
246 101 114 1446
249 102 114 1176
256 103 114 1737
260 104 114 1378
260 105 114 52
262 106 114 1118
264 107 114 1022
266 108 114 960
266 109 114 214
267 110 114 829
268 111 114 604
282 113 114 360
282 112 114 1896
283 114 114 788
289 115 114 1646
289 116 114 197
291 117 114 1110
291 118 114 168
291 119 114 467
291 120 114 0
303 121 114 1875
304 123 114 284
304 122 114 664
306 124 114 1079
307 125 114 731
310 126 114 1216
316 127 114 1641
316 128 114 466
321 129 114 1502
335 130 114 1901
344 131 114 1798
350 132 114 1678
357 133 114 1727
367 134 114 1844
381 135 114 1899
388 136 114 1702
394 137 114 1655
398 138 114 1401
398 139 114 484
402 141 114 23
402 140 114 1449
404 142 114 1058
408 143 114 1481
414 144 114 1649
415 145 114 598
419 146 114 1359
427 147 114 1761
430 148 114 1245
430 149 114 488
436 150 114 1646
439 151 114 1253
443 153 114 18
443 152 114 1424
446 154 114 1148
448 155 114 1107
449 156 114 781
451 157 114 891
452 158 114 658
453 159 114 646
454 160 114 761
458 161 114 1402
459 162 114 555
463 163 114 1383
463 164 114 237
465 165 114 955
466 166 114 850
466 167 114 168
466 168 114 441
467 169 114 814
478 171 114 466
478 170 114 1868
484 172 114 1633
490 173 114 1609
492 174 114 942
506 175 114 1902
507 176 114 816
509 177 114 1108
510 179 114 481
510 178 114 559
513 180 114 1297
517 181 114 1379
517 182 114 395
531 183 114 1902
539 184 114 1780
540 185 114 647
540 186 114 374
546 187 114 1659
547 188 114 578
548 189 114 737
550 190 114 1117
551 191 114 810
553 192 114 997
554 193 114 755
560 194 114 1647
560 195 114 46
564 196 114 1392
569 197 114 1600
572 198 114 1243
573 199 114 694
579 200 114 1672
582 201 114 1190
585 202 114 1320
585 203 114 430
586 204 114 545
589 205 114 1180
594 206 114 1545
601 207 114 1740
603 208 114 1001
606 210 114 290
606 209 114 1171
611 211 114 1598
611 212 114 331
611 213 114 177
614 214 114 1274
617 215 114 1306
619 216 114 1006
620 217 114 577
625 218 114 1528
630 219 114 1514
631 220 114 581
633 221 114 1116
638 222 114 1514
644 223 114 1628
650 224 114 1622
652 225 114 1057
656 226 114 1393
658 227 114 878
671 228 114 1886
673 229 114 896
674 230 114 509
676 231 114 1141
684 232 114 1789
692 233 114 1790
693 234 114 733
693 235 114 106
693 236 114 58
706 237 114 1890
710 238 114 1357
711 239 114 599
713 240 114 1027
714 241 114 559
715 242 114 658
718 243 114 1332
718 244 114 446
722 245 114 1444
722 246 114 479
723 247 114 820
727 248 114 1406
727 249 114 341
729 250 114 964
730 251 114 814
730 252 114 71
736 253 114 1654
736 254 114 113
737 255 114 556
742 256 114 1600
748 257 114 1617
749 258 114 733
753 259 114 1412
760 260 114 1712
761 261 114 666
769 262 114 1778
769 263 114 104
770 264 114 661
772 265 114 1074
779 267 114 466
779 266 114 1733
783 268 114 1368
786 269 114 1167
789 270 114 1247
791 271 114 1041
794 272 114 1145
796 277 114 182
796 276 114 457
796 275 114 22
796 274 114 486
796 273 114 929
799 278 114 1181
799 279 114 177
800 280 114 578
801 281 114 573
805 282 114 1397
810 283 114 1545
821 284 114 1856
827 285 114 1620
829 286 114 1069
829 287 114 135
835 288 114 1677
835 289 114 177
835 290 114 430
835 291 114 366
838 292 114 1157
849 293 114 1870
850 294 114 812
850 295 114 360
851 296 114 705
852 297 114 553
853 298 114 670
856 299 114 1296
862 300 114 1635
862 301 114 12
866 303 114 238
866 302 114 1376
868 304 114 1018
878 305 114 1848
883 306 114 1594
