11 0 694 1857
11 1 694 140
11 2 694 203
13 3 694 1043
18 4 694 1572
27 5 694 1806
27 6 694 384
35 7 694 1792
41 10 694 346
41 9 694 450
41 8 694 1656
43 11 694 996
46 12 694 1261
49 13 694 1228
49 14 694 183
53 15 694 1373
57 16 694 1443
57 17 694 99
64 20 694 370
64 18 694 1719
64 19 694 417
71 21 694 1744
77 22 694 1666
83 23 694 1638
83 24 694 32
84 25 694 773
92 26 694 1768
92 27 694 99
93 28 694 857
97 29 694 1451
99 30 694 890
101 31 694 913
101 32 694 181
103 33 694 995
104 34 694 732
110 35 694 1620
111 36 694 512
116 37 694 1512
117 38 694 686
124 39 694 1740
126 40 694 896
128 41 694 967
134 42 694 1606
135 43 694 711
135 44 694 67
136 45 694 654
148 46 694 1877
151 47 694 1171
152 48 694 839
152 49 694 367
168 50 694 1910
178 51 694 1851
179 52 694 527
182 57 694 489
182 55 694 113
182 56 694 398
182 53 694 1289
182 54 694 310
184 58 694 1010
185 59 694 798
185 60 694 37
185 61 694 285
187 62 694 934
187 63 694 204
191 64 694 1485
195 65 694 1357
196 66 694 815
196 67 694 266
196 68 694 495
196 69 694 488
197 70 694 860
208 71 694 1855
211 72 694 1338
226 73 694 1903
230 74 694 1446
233 76 694 137
233 75 694 1327
235 77 694 955
240 78 694 1570
243 79 694 1302
244 80 694 821
245 81 694 597
248 82 694 1184
248 83 694 489
252 84 694 1466
254 85 694 963
254 86 694 385
255 87 694 816
256 88 694 685
257 89 694 619
260 90 694 1222
260 91 694 22
261 92 694 502
270 93 694 1812
277 94 694 1703
278 95 694 610
278 96 694 33
282 97 694 1402
285 98 694 1151
286 99 694 634
294 100 694 1764
300 101 694 1611
301 102 694 675
301 103 694 351
305 105 694 54
305 104 694 1431
306 106 694 513
307 107 694 548
315 108 694 1767
317 109 694 908
331 110 694 1900
335 111 694 1367
336 112 694 843
342 113 694 1632
356 114 694 1902
360 115 694 1364
362 116 694 1025
362 117 694 444
363 118 694 662
364 119 694 521
366 120 694 971
389 121 694 1923
394 122 694 1505
403 123 694 1801
406 124 694 1190
407 125 694 838
411 126 694 1353
415 127 694 1450
415 128 694 200
416 129 694 835
419 130 694 1293
420 131 694 660
427 132 694 1729
429 133 694 936
433 134 694 1463
435 135 694 1134
445 136 694 1847
446 137 694 832
448 138 694 983
452 139 694 1411
452 140 694 450
460 141 694 1761
462 142 694 974
469 143 694 1702
470 144 694 643
478 145 694 1779
480 146 694 1103
481 147 694 794
491 148 694 1835
491 149 694 338
496 150 694 1510
501 151 694 1513
502 152 694 739
503 153 694 629
508 154 694 1587
516 155 694 1766
516 156 694 105
517 157 694 799
519 158 694 1086
520 159 694 593
521 160 694 626
523 162 694 348
523 161 694 987
525 163 694 932
530 164 694 1539
533 165 694 1240
538 166 694 1563
548 167 694 1832
548 168 694 169
549 169 694 767
553 170 694 1442
553 171 694 193
557 172 694 1386
560 173 694 1176
560 174 694 70
562 175 694 1135
564 176 694 949
571 177 694 1728
574 178 694 1157
577 179 694 1335
583 180 694 1659
584 181 694 558
589 182 694 1540
597 183 694 1786
600 184 694 1250
607 185 694 1705
617 186 694 1845
619 187 694 1099
622 188 694 1273
628 189 694 1622
630 190 694 1029
632 191 694 1047
638 192 694 1671
638 193 694 389
639 194 694 785
643 195 694 1388
647 196 694 1413
647 197 694 41
647 198 694 162
650 199 694 1327
650 200 694 216
653 201 694 1196
654 202 694 624
656 203 694 1067
657 204 694 821
660 205 694 1316
660 206 694 126
664 207 694 1488
665 208 694 558
665 209 694 452
666 211 694 301
666 210 694 816
671 212 694 1566
677 213 694 1675
678 214 694 859
678 215 694 67
682 216 694 1371
682 217 694 486
687 218 694 1606
695 219 694 1758
698 221 694 463
698 220 694 1320
699 222 694 558
699 223 694 472
705 224 694 1663
705 225 694 395
705 226 694 447
707 227 694 997
707 228 694 390
708 229 694 607
714 230 694 1646
716 231 694 907
721 232 694 1565
729 233 694 1754
731 234 694 1118
731 235 694 463
742 236 694 1858
742 237 694 473
744 238 694 965
755 239 694 1859
760 241 694 357
760 240 694 1578
761 242 694 540
762 243 694 821
763 244 694 805
764 245 694 727
768 246 694 1405
788 247 694 1920
792 248 694 1455
793 250 694 17
793 249 694 717
795 251 694 926
795 252 694 360
795 253 694 329
795 254 694 7
801 255 694 1678
802 256 694 637
802 257 694 152
805 259 694 425
805 258 694 1328
807 260 694 869
809 261 694 1054
811 262 694 1097
823 263 694 1876
824 264 694 730
834 265 694 1834
835 266 694 660
842 267 694 1736
843 270 694 133
843 268 694 556
843 269 694 396
845 271 694 897
849 272 694 1446
855 273 694 1672
855 274 694 180
857 275 694 962
867 276 694 1847
873 277 694 1662
878 278 694 1591
880 279 694 936
882 280 694 914
882 281 694 451
886 282 694 1466
891 283 694 1598
892 284 694 590
893 285 694 720
894 286 694 546
897 287 694 1236
904 288 694 1747
908 289 694 1365
916 290 694 1750
923 291 694 1706
925 292 694 1069
926 293 694 539
928 294 694 989
929 295 694 524
932 296 694 1184
933 297 694 589
933 298 694 90
935 299 694 895
935 300 694 66
940 301 694 1593
944 302 694 1363
946 303 694 1059
947 304 694 583
949 305 694 1044
953 306 694 1405
