10 0 1305 1850
18 1 1305 1788
19 2 1305 832
30 3 1305 1871
30 4 1305 286
32 5 1305 950
35 6 1305 1247
39 8 1305 323
39 7 1305 1360
48 9 1305 1821
49 10 1305 683
57 11 1305 1755
58 12 1305 862
61 13 1305 1316
67 14 1305 1617
76 15 1305 1828
79 16 1305 1284
80 17 1305 747
91 18 1305 1866
93 19 1305 1067
101 20 1305 1752
113 21 1305 1877
115 22 1305 1109
118 23 1305 1345
122 24 1305 1413
123 25 1305 790
126 26 1305 1240
126 27 1305 447
128 28 1305 1059
134 29 1305 1673
136 30 1305 1009
136 31 1305 107
138 32 1305 1137
140 33 1305 1118
141 34 1305 591
143 35 1305 970
157 36 1305 1897
162 37 1305 1539
163 38 1305 848
168 39 1305 1531
168 40 1305 321
170 41 1305 921
173 42 1305 1244
175 43 1305 1085
177 44 1305 1007
177 45 1305 46
179 46 1305 1105
186 47 1305 1694
187 49 1305 91
187 48 1305 838
192 50 1305 1524
203 51 1305 1865
205 52 1305 1016
208 53 1305 1143
213 54 1305 1589
227 55 1305 1897
228 56 1305 678
232 58 1305 457
232 57 1305 1412
236 59 1305 1420
242 60 1305 1634
243 61 1305 799
243 62 1305 301
244 63 1305 575
245 64 1305 812
246 65 1305 575
247 66 1305 618
253 67 1305 1669
254 68 1305 724
255 69 1305 647
266 70 1305 1856
272 71 1305 1669
281 72 1305 1823
281 73 1305 334
282 74 1305 745
283 75 1305 830
284 78 1305 337
284 76 1305 632
284 77 1305 24
288 79 1305 1367
294 80 1305 1610
298 81 1305 1470
303 82 1305 1534
305 83 1305 967
305 84 1305 148
307 85 1305 1068
309 86 1305 1016
328 87 1305 1919
332 88 1305 1453
333 89 1305 618
333 90 1305 292
333 91 1305 485
335 92 1305 1081
339 93 1305 1352
348 94 1305 1822
352 95 1305 1447
353 96 1305 620
354 97 1305 669
354 98 1305 272
354 99 1305 432
358 100 1305 1353
362 101 1305 1360
364 102 1305 970
364 103 1305 191
364 104 1305 160
372 106 1305 42
372 105 1305 1780
373 107 1305 681
373 108 1305 397
374 109 1305 758
377 110 1305 1264
378 111 1305 653
380 112 1305 1074
382 113 1305 1015
389 115 1305 163
389 114 1305 1735
392 116 1305 1190
395 117 1305 1258
395 118 1305 426
401 119 1305 1668
405 120 1305 1483
406 123 1305 106
406 124 1305 354
406 121 1305 624
406 122 1305 215
410 125 1305 1370
411 126 1305 587
411 127 1305 470
411 128 1305 437
414 129 1305 1223
414 130 1305 210
427 131 1305 1888
433 132 1305 1676
443 135 1305 249
443 133 1305 1830
443 134 1305 13
444 136 1305 500
447 137 1305 1342
448 138 1305 806
448 139 1305 293
450 140 1305 1026
450 141 1305 335
455 142 1305 1521
456 143 1305 694
459 144 1305 1278
464 145 1305 1563
467 146 1305 1336
467 147 1305 66
472 148 1305 1542
478 149 1305 1659
478 150 1305 256
481 151 1305 1286
481 152 1305 243
482 153 1305 528
484 154 1305 873
485 155 1305 728
488 156 1305 1144
489 157 1305 864
497 158 1305 1761
498 159 1305 715
501 160 1305 1193
506 162 1305 243
506 161 1305 1496
508 163 1305 1099
509 164 1305 548
512 165 1305 1301
514 166 1305 902
517 167 1305 1169
519 168 1305 1001
523 169 1305 1485
528 170 1305 1587
536 173 1305 132
536 172 1305 451
536 171 1305 1772
537 174 1305 642
540 175 1305 1148
542 176 1305 1028
546 177 1305 1446
547 178 1305 752
548 179 1305 716
548 180 1305 34
549 181 1305 521
550 182 1305 853
551 183 1305 703
553 184 1305 966
554 185 1305 849
560 186 1305 1645
563 187 1305 1148
565 188 1305 957
568 189 1305 1209
570 190 1305 1029
575 191 1305 1561
580 192 1305 1506
580 193 1305 91
582 194 1305 1025
586 195 1305 1455
586 196 1305 91
586 197 1305 421
586 198 1305 146
600 199 1305 1902
601 201 1305 166
601 200 1305 661
603 202 1305 989
603 203 1305 56
603 204 1305 71
603 205 1305 409
604 206 1305 834
604 207 1305 110
613 208 1305 1811
619 209 1305 1649
625 210 1305 1625
631 211 1305 1623
631 212 1305 111
633 213 1305 1044
634 214 1305 681
635 215 1305 671
636 216 1305 642
640 217 1305 1465
640 218 1305 132
646 219 1305 1623
651 220 1305 1581
657 221 1305 1678
657 222 1305 212
664 223 1305 1717
664 224 1305 456
664 225 1305 26
664 226 1305 266
664 227 1305 360
666 228 1305 1032
668 229 1305 1112
670 230 1305 1056
671 231 1305 606
674 232 1305 1300
675 233 1305 775
675 234 1305 55
683 235 1305 1792
687 236 1305 1456
688 237 1305 796
689 238 1305 631
690 240 1305 14
690 239 1305 557
695 241 1305 1534
698 242 1305 1261
701 243 1305 1232
706 244 1305 1509
709 245 1305 1330
713 246 1305 1449
713 247 1305 461
716 249 1305 353
716 248 1305 1335
717 250 1305 812
718 251 1305 550
718 252 1305 288
718 253 1305 447
718 254 1305 320
720 255 1305 907
732 256 1305 1879
735 257 1305 1197
740 258 1305 1525
740 259 1305 45
740 260 1305 143
740 261 1305 474
742 262 1305 1003
743 263 1305 698
744 264 1305 592
746 266 1305 323
746 265 1305 1018
749 267 1305 1261
751 268 1305 989
752 269 1305 813
754 270 1305 1140
762 271 1305 1770
763 272 1305 834
768 273 1305 1500
774 274 1305 1609
774 275 1305 46
774 276 1305 417
776 278 1305 207
776 277 1305 905
778 279 1305 1050
779 280 1305 501
786 281 1305 1729
788 282 1305 950
789 283 1305 678
789 284 1305 300
790 286 1305 318
790 285 1305 505
791 288 1305 454
791 287 1305 852
793 289 1305 1073
803 290 1305 1838
803 291 1305 259
806 292 1305 1196
807 293 1305 586
807 294 1305 414
811 295 1305 1465
812 296 1305 531
813 297 1305 563
814 298 1305 639
814 299 1305 490
816 300 1305 1007
816 301 1305 188
820 302 1305 1397
821 303 1305 521
823 304 1305 1138
825 305 1305 966
831 306 1305 1641
