0 0 1704 256
6 1 1704 1638
9 2 1704 1329
13 3 1704 1440
13 4 1704 364
13 5 1704 341
13 6 1704 180
22 7 1704 1805
22 8 1704 386
26 13 1704 94
26 12 1704 293
26 9 1704 1405
26 10 1704 410
26 11 1704 374
27 14 1704 535
28 15 1704 507
32 16 1704 1467
35 17 1704 1321
43 20 1704 420
43 18 1704 1791
43 19 1704 410
44 21 1704 762
52 22 1704 1775
54 23 1704 962
59 24 1704 1572
59 25 1704 117
59 26 1704 46
62 27 1704 1278
63 28 1704 697
67 29 1704 1426
67 30 1704 486
69 31 1704 966
70 32 1704 568
70 33 1704 216
74 34 1704 1420
76 35 1704 958
81 36 1704 1500
82 37 1704 615
86 38 1704 1470
88 39 1704 923
91 40 1704 1181
97 41 1704 1652
107 42 1704 1831
107 43 1704 427
108 44 1704 676
111 45 1704 1235
111 46 1704 316
113 47 1704 1117
118 48 1704 1592
123 49 1704 1545
123 50 1704 248
124 51 1704 521
125 52 1704 569
131 53 1704 1634
132 54 1704 644
136 55 1704 1418
144 57 1704 367
144 56 1704 1787
152 58 1704 1792
152 59 1704 247
152 60 1704 294
153 61 1704 826
155 62 1704 1108
157 63 1704 885
159 64 1704 918
163 65 1704 1368
170 67 1704 76
170 66 1704 1730
171 68 1704 599
176 69 1704 1501
178 70 1704 932
179 71 1704 852
187 72 1704 1776
188 73 1704 868
191 74 1704 1154
192 75 1704 693
193 76 1704 855
197 77 1704 1348
197 78 1704 286
197 79 1704 337
204 80 1704 1725
205 81 1704 853
211 82 1704 1611
213 83 1704 1076
216 84 1704 1177
229 86 1704 397
229 85 1704 1890
230 87 1704 859
235 88 1704 1497
235 89 1704 1
237 90 1704 1096
239 91 1704 1133
240 92 1704 747
243 93 1704 1222
244 95 1704 354
244 94 1704 628
245 96 1704 544
247 97 1704 946
251 98 1704 1434
254 99 1704 1232
258 100 1704 1429
258 101 1704 239
259 102 1704 518
259 103 1704 90
260 104 1704 613
263 105 1704 1321
264 106 1704 669
270 107 1704 1625
270 108 1704 480
282 109 1704 1875
283 110 1704 563
283 111 1704 438
283 112 1704 81
287 114 1704 446
287 113 1704 1455
291 115 1704 1366
293 116 1704 1140
293 117 1704 31
299 118 1704 1632
301 119 1704 952
303 120 1704 971
305 121 1704 871
306 122 1704 504
307 124 1704 405
307 123 1704 597
314 125 1704 1723
314 126 1704 104
315 127 1704 553
315 128 1704 240
316 129 1704 799
316 130 1704 148
326 131 1704 1834
336 132 1704 1839
338 133 1704 978
339 134 1704 833
343 135 1704 1486
343 136 1704 335
348 137 1704 1520
348 138 1704 463
356 139 1704 1780
359 140 1704 1221
360 142 1704 378
360 141 1704 696
365 143 1704 1546
369 144 1704 1363
370 145 1704 657
372 146 1704 1052
375 147 1704 1217
376 148 1704 776
379 149 1704 1187
381 150 1704 1139
382 151 1704 512
385 154 1704 260
385 153 1704 481
385 152 1704 1238
386 155 1704 557
392 156 1704 1660
402 157 1704 1845
408 158 1704 1609
409 159 1704 814
412 160 1704 1217
412 161 1704 115
416 162 1704 1385
421 163 1704 1606
428 164 1704 1727
429 165 1704 653
430 166 1704 524
432 167 1704 1027
433 168 1704 621
435 169 1704 885
437 170 1704 1030
442 171 1704 1544
446 172 1704 1493
454 173 1704 1777
460 174 1704 1656
460 175 1704 275
460 176 1704 492
462 177 1704 883
465 178 1704 1159
471 179 1704 1673
472 180 1704 671
473 181 1704 811
480 182 1704 1702
482 183 1704 977
487 184 1704 1584
492 185 1704 1560
493 186 1704 595
497 187 1704 1358
498 188 1704 718
498 189 1704 275
506 191 1704 415
506 190 1704 1751
516 192 1704 1836
521 193 1704 1573
522 194 1704 562
524 195 1704 1105
527 196 1704 1235
528 197 1704 697
535 198 1704 1744
536 201 1704 25
536 200 1704 132
536 199 1704 709
537 202 1704 596
546 203 1704 1816
546 204 1704 156
551 205 1704 1520
553 206 1704 944
557 207 1704 1386
558 208 1704 750
574 210 1704 65
574 209 1704 1910
575 211 1704 776
576 212 1704 685
587 220 1704 58
587 218 1704 21
587 217 1704 408
587 219 1704 166
587 215 1704 406
587 214 1704 143
587 213 1704 1861
587 216 1704 338
589 221 1704 1091
589 222 1704 309
589 223 1704 346
591 224 1704 1059
592 225 1704 615
598 226 1704 1633
608 227 1704 1844
611 228 1704 1214
612 229 1704 550
614 230 1704 965
621 231 1704 1719
623 232 1704 1064
623 233 1704 450
628 234 1704 1540
629 235 1704 646
629 236 1704 215
638 237 1704 1811
639 239 1704 64
639 238 1704 821
640 240 1704 616
642 241 1704 1134
643 242 1704 607
644 243 1704 732
644 244 1704 210
646 245 1704 974
652 246 1704 1654
666 247 1704 1899
670 249 1704 156
670 248 1704 1430
671 250 1704 767
672 251 1704 827
673 252 1704 676
678 253 1704 1577
679 254 1704 651
681 255 1704 966
687 256 1704 1641
687 257 1704 249
688 258 1704 757
692 259 1704 1465
701 260 1704 1812
703 261 1704 1025
703 262 1704 171
703 263 1704 199
705 264 1704 945
705 265 1704 270
711 267 1704 235
711 268 1704 320
711 266 1704 1637
715 269 1704 1421
715 270 1704 191
715 271 1704 451
720 272 1704 1511
732 273 1704 1882
736 274 1704 1474
737 275 1704 848
737 276 1704 483
742 277 1704 1501
742 278 1704 136
742 279 1704 84
744 280 1704 886
750 281 1704 1658
750 282 1704 413
752 283 1704 1058
759 285 1704 138
759 284 1704 1708
761 286 1704 1043
765 287 1704 1411
772 288 1704 1723
773 289 1704 574
775 290 1704 930
788 291 1704 1890
790 292 1704 1054
793 293 1704 1280
793 294 1704 176
798 295 1704 1516
800 296 1704 963
800 297 1704 408
807 298 1704 1712
818 299 1704 1864
821 300 1704 1261
825 301 1704 1418
830 302 1704 1579
830 303 1704 8
843 305 1704 315
843 304 1704 1890
846 306 1704 1240
