0 0 843 241
0 1 843 419
4 2 843 1356
13 3 843 1798
20 4 843 1747
22 5 843 935
23 6 843 524
31 7 843 1792
34 8 843 1163
38 9 843 1449
53 10 843 1903
54 11 843 750
59 12 843 1594
59 13 843 296
73 14 843 1900
73 15 843 377
76 16 843 1147
76 17 843 368
85 19 843 417
85 18 843 1796
88 20 843 1260
92 21 843 1484
92 22 843 116
95 23 843 1168
95 24 843 239
96 25 843 822
97 26 843 517
97 27 843 144
99 28 843 925
108 29 843 1820
108 30 843 208
112 31 843 1359
114 32 843 1010
124 33 843 1853
124 34 843 166
128 35 843 1373
129 38 843 420
129 37 843 367
129 36 843 550
131 39 843 1042
133 40 843 907
133 41 843 31
137 42 843 1467
149 43 843 1884
152 44 843 1201
159 46 843 40
159 45 843 1713
160 47 843 502
162 48 843 868
163 49 843 857
165 50 843 957
170 51 843 1578
170 52 843 233
170 53 843 340
173 54 843 1211
174 57 843 188
174 56 843 303
174 55 843 681
179 58 843 1559
181 59 843 925
181 60 843 417
181 61 843 380
182 62 843 867
185 63 843 1267
188 64 843 1241
189 65 843 543
195 66 843 1664
201 67 843 1665
201 68 843 129
202 69 843 527
210 70 843 1752
211 71 843 780
223 72 843 1873
224 73 843 753
228 74 843 1435
231 77 843 156
231 76 843 17
231 75 843 1228
244 78 843 1891
244 79 843 451
245 80 843 781
245 81 843 15
248 82 843 1200
248 83 843 68
249 84 843 863
250 85 843 554
252 86 843 1126
253 87 843 670
254 88 843 642
258 89 843 1409
260 90 843 1069
260 91 843 361
261 92 843 733
265 93 843 1419
266 94 843 625
267 95 843 527
269 96 843 1089
269 97 843 200
270 98 843 643
271 99 843 657
271 100 843 48
271 101 843 300
271 102 843 373
271 103 843 341
273 105 843 177
273 104 843 1030
279 106 843 1629
283 107 843 1404
284 108 843 829
299 109 843 1907
300 110 843 664
300 111 843 147
300 112 843 222
302 115 843 402
302 114 843 143
302 113 843 1107
304 116 843 1104
305 117 843 799
305 118 843 404
306 119 843 686
309 120 843 1342
311 121 843 994
313 122 843 1023
314 123 843 644
318 124 843 1382
322 125 843 1390
322 126 843 46
322 127 843 453
322 128 843 127
324 129 843 908
324 130 843 139
331 131 843 1741
335 132 843 1437
338 135 843 481
338 133 843 1234
338 134 843 402
343 136 843 1566
344 137 843 858
346 138 843 963
347 139 843 685
348 140 843 850
354 141 843 1646
362 142 843 1765
363 143 843 659
364 144 843 745
366 145 843 922
366 146 843 139
371 147 843 1551
374 148 843 1276
374 149 843 223
378 151 843 290
378 150 843 1347
385 152 843 1721
397 153 843 1882
400 154 843 1240
402 155 843 979
405 156 843 1201
411 157 843 1654
413 158 843 884
418 159 843 1564
418 160 843 131
421 161 843 1175
424 162 843 1276
434 163 843 1846
442 164 843 1768
443 165 843 847
444 166 843 634
446 167 843 913
447 168 843 705
452 169 843 1586
453 170 843 760
453 171 843 245
461 172 843 1761
467 173 843 1643
475 174 843 1760
481 175 843 1620
484 176 843 1153
484 177 843 363
493 178 843 1824
493 179 843 460
496 181 843 420
496 180 843 1251
498 182 843 1102
508 183 843 1829
512 184 843 1485
520 185 843 1773
520 186 843 20
524 187 843 1479
543 188 843 1918
547 189 843 1348
550 190 843 1204
560 191 843 1837
574 192 843 1899
577 193 843 1323
578 194 843 554
583 195 843 1599
583 196 843 369
593 197 843 1844
594 198 843 816
603 200 843 287
603 199 843 1822
606 201 843 1151
607 202 843 845
613 203 843 1614
617 204 843 1387
619 208 843 121
619 205 843 1102
619 206 843 454
619 207 843 77
624 209 843 1545
632 210 843 1750
633 211 843 838
641 212 843 1754
641 213 843 424
641 214 843 313
647 215 843 1635
647 216 843 72
651 217 843 1372
651 218 843 360
670 219 843 1919
671 220 843 827
673 221 843 1079
675 222 843 919
678 223 843 1281
678 224 843 381
679 225 843 847
679 226 843 270
679 227 843 437
681 228 843 1089
681 229 843 160
684 230 843 1250
687 231 843 1234
691 232 843 1472
691 233 843 1
691 234 843 172
691 235 843 99
696 236 843 1499
700 238 843 441
700 239 843 383
700 237 843 1413
703 240 843 1319
714 241 843 1867
718 242 843 1357
718 243 843 373
723 244 843 1522
723 245 843 366
723 246 843 82
727 247 843 1475
729 248 843 1010
730 249 843 843
735 250 843 1526
737 251 843 922
741 252 843 1483
742 253 843 821
744 254 843 995
746 255 843 1132
746 256 843 231
750 257 843 1489
753 258 843 1232
754 259 843 539
755 260 843 831
755 261 843 16
757 262 843 913
769 263 843 1885
769 264 843 294
770 265 843 515
773 266 843 1290
781 270 843 136
781 269 843 213
781 268 843 251
781 267 843 1753
782 271 843 584
784 272 843 930
798 273 843 1902
799 274 843 600
801 275 843 884
807 276 843 1647
808 277 843 545
814 279 843 14
814 278 843 1684
815 280 843 765
816 281 843 720
820 282 843 1352
820 283 843 245
821 284 843 559
821 285 843 327
827 286 843 1676
828 287 843 651
830 288 843 931
832 289 843 965
840 290 843 1792
840 291 843 10
840 292 843 180
849 293 843 1826
853 294 843 1476
856 295 843 1302
858 296 843 954
862 298 843 78
862 297 843 1396
864 299 843 1007
866 300 843 1001
866 301 843 254
869 302 843 1223
870 303 843 796
871 304 843 707
873 305 843 942
891 306 843 1917
