2 0 1770 883
2 1 1770 23
6 2 1770 1380
6 3 1770 202
6 4 1770 94
10 9 1770 256
10 7 1770 423
10 8 1770 339
10 5 1770 1387
10 6 1770 383
13 10 1770 1155
15 11 1770 991
37 12 1770 1922
39 13 1770 1096
40 14 1770 750
44 16 1770 16
44 15 1770 1465
44 17 1770 8
49 18 1770 1585
51 19 1770 938
58 20 1770 1733
62 21 1770 1486
70 22 1770 1775
70 23 1770 93
70 24 1770 313
70 25 1770 159
70 26 1770 475
74 27 1770 1452
76 28 1770 1089
77 29 1770 671
94 30 1770 1914
96 31 1770 1050
97 32 1770 685
101 33 1770 1412
105 34 1770 1466
106 35 1770 781
108 36 1770 929
110 37 1770 962
115 38 1770 1558
115 39 1770 211
115 40 1770 208
115 41 1770 219
115 42 1770 391
115 43 1770 200
119 44 1770 1469
120 46 1770 189
120 45 1770 632
124 47 1770 1364
124 48 1770 374
125 49 1770 550
127 50 1770 900
130 51 1770 1284
131 52 1770 784
135 53 1770 1418
135 54 1770 490
138 56 1770 172
138 55 1770 1322
141 57 1770 1286
150 58 1770 1813
161 59 1770 1859
163 60 1770 912
164 61 1770 855
167 62 1770 1259
172 65 1770 104
172 66 1770 305
172 64 1770 267
172 63 1770 1593
173 67 1770 510
178 68 1770 1554
191 69 1770 1893
192 70 1770 535
194 71 1770 978
194 72 1770 375
198 73 1770 1373
199 74 1770 730
204 75 1770 1514
206 76 1770 1094
211 77 1770 1574
212 78 1770 549
217 79 1770 1606
230 80 1770 1895
232 81 1770 1035
234 82 1770 1078
235 83 1770 539
242 84 1770 1695
243 85 1770 629
243 86 1770 266
246 87 1770 1192
248 88 1770 922
248 89 1770 144
249 90 1770 608
254 91 1770 1568
256 92 1770 1073
262 93 1770 1624
265 94 1770 1224
268 95 1770 1277
270 96 1770 885
271 97 1770 723
282 98 1770 1858
286 99 1770 1364
286 100 1770 326
291 101 1770 1604
298 104 1770 14
298 102 1770 1734
298 103 1770 405
308 105 1770 1846
310 106 1770 909
313 107 1770 1335
314 108 1770 687
316 110 1770 228
316 109 1770 901
317 111 1770 523
318 113 1770 207
318 112 1770 737
331 114 1770 1889
340 115 1770 1801
347 116 1770 1702
348 117 1770 719
357 118 1770 1822
362 119 1770 1563
370 120 1770 1762
372 121 1770 1038
377 122 1770 1512
381 123 1770 1410
384 124 1770 1285
386 125 1770 892
396 126 1770 1830
397 127 1770 675
397 128 1770 148
401 129 1770 1378
402 130 1770 628
402 131 1770 370
408 132 1770 1641
410 133 1770 1109
413 134 1770 1279
413 135 1770 290
416 136 1770 1226
417 137 1770 672
418 138 1770 524
426 139 1770 1773
432 140 1770 1644
433 141 1770 855
434 142 1770 505
434 143 1770 20
444 144 1770 1841
444 145 1770 85
445 146 1770 830
446 147 1770 865
452 148 1770 1660
456 149 1770 1348
461 150 1770 1499
461 151 1770 165
462 153 1770 294
462 152 1770 825
467 154 1770 1527
470 155 1770 1213
470 156 1770 91
470 157 1770 324
472 158 1770 1045
474 160 1770 16
474 161 1770 233
474 159 1770 1046
477 162 1770 1187
480 163 1770 1234
480 164 1770 272
488 165 1770 1782
489 166 1770 806
494 167 1770 1553
495 168 1770 852
500 169 1770 1598
501 170 1770 574
503 171 1770 1029
503 172 1770 195
503 173 1770 49
513 174 1770 1843
515 175 1770 907
516 176 1770 533
520 177 1770 1492
524 178 1770 1494
527 180 1770 62
527 179 1770 1199
529 181 1770 964
531 182 1770 940
532 183 1770 724
541 184 1770 1803
541 185 1770 462
545 186 1770 1470
549 187 1770 1346
554 189 1770 66
554 190 1770 198
554 188 1770 1507
556 191 1770 902
561 192 1770 1552
565 193 1770 1402
573 194 1770 1756
577 195 1770 1410
582 196 1770 1593
585 197 1770 1196
591 199 1770 58
591 198 1770 1672
594 200 1770 1204
597 201 1770 1202
597 202 1770 12
597 203 1770 61
598 204 1770 774
598 205 1770 470
611 206 1770 1895
612 208 1770 376
612 207 1770 776
613 209 1770 620
614 210 1770 680
615 211 1770 524
616 212 1770 755
624 213 1770 1771
626 214 1770 984
628 215 1770 977
631 217 1770 462
631 216 1770 1218
635 218 1770 1355
642 219 1770 1735
642 220 1770 312
646 221 1770 1384
646 222 1770 46
647 223 1770 786
651 224 1770 1400
656 225 1770 1597
660 226 1770 1402
661 229 1770 432
661 228 1770 217
661 227 1770 717
664 230 1770 1238
667 231 1770 1261
674 232 1770 1744
678 233 1770 1435
697 234 1770 1919
698 235 1770 785
700 236 1770 951
702 237 1770 879
714 238 1770 1875
717 239 1770 1333
717 240 1770 492
718 241 1770 693
720 242 1770 970
722 243 1770 886
725 244 1770 1311
730 245 1770 1598
730 246 1770 147
737 248 1770 418
737 247 1770 1705
738 249 1770 779
738 250 1770 192
740 251 1770 1130
748 252 1770 1765
759 253 1770 1862
765 254 1770 1670
772 255 1770 1745
775 256 1770 1156
778 257 1770 1151
779 258 1770 585
781 259 1770 1101
783 260 1770 992
786 261 1770 1177
787 262 1770 558
798 263 1770 1868
801 264 1770 1306
804 265 1770 1343
805 266 1770 705
808 267 1770 1244
816 268 1770 1776
816 269 1770 199
816 270 1770 26
816 271 1770 338
817 272 1770 512
817 273 1770 22
820 274 1770 1242
825 276 1770 414
825 275 1770 1543
827 277 1770 1084
831 278 1770 1400
838 279 1770 1726
842 280 1770 1450
848 281 1770 1622
848 282 1770 299
852 284 1770 240
852 285 1770 108
852 283 1770 1363
856 286 1770 1421
865 287 1770 1806
872 288 1770 1689
872 289 1770 174
877 290 1770 1553
884 291 1770 1725
884 292 1770 293
885 294 1770 341
885 293 1770 774
888 295 1770 1239
888 296 1770 135
890 297 1770 1026
895 298 1770 1505
908 299 1770 1892
910 300 1770 893
911 301 1770 827
921 303 1770 218
921 302 1770 1853
922 304 1770 752
930 305 1770 1778
931 306 1770 617
