2 0 239 1030
2 1 239 250
4 2 239 1033
7 3 239 1160
11 4 239 1383
15 5 239 1407
16 6 239 558
23 7 239 1698
26 8 239 1303
27 9 239 603
29 10 239 975
30 11 239 571
32 12 239 1043
34 13 239 946
34 14 239 73
39 15 239 1565
43 16 239 1436
59 17 239 1911
68 18 239 1801
69 19 239 724
69 20 239 306
73 21 239 1370
73 22 239 310
74 23 239 559
78 24 239 1413
79 26 239 181
79 25 239 512
81 27 239 1125
83 28 239 1030
83 29 239 471
90 30 239 1725
99 31 239 1809
102 32 239 1310
104 34 239 141
104 33 239 1126
105 35 239 522
117 36 239 1874
120 37 239 1305
120 38 239 485
125 39 239 1575
134 40 239 1812
134 41 239 299
134 42 239 340
134 43 239 293
135 44 239 629
143 46 239 424
143 45 239 1793
150 47 239 1743
153 48 239 1204
153 49 239 421
153 50 239 409
153 51 239 100
156 52 239 1328
157 53 239 829
157 54 239 411
162 55 239 1585
173 56 239 1865
173 57 239 473
179 58 239 1671
181 59 239 871
184 60 239 1225
188 61 239 1357
189 62 239 668
190 63 239 831
191 64 239 802
193 65 239 1090
196 66 239 1185
206 67 239 1841
207 68 239 805
211 69 239 1475
217 70 239 1616
217 71 239 131
221 72 239 1425
221 73 239 226
222 75 239 7
222 74 239 836
224 76 239 1029
224 77 239 17
235 78 239 1855
240 79 239 1544
240 80 239 87
240 81 239 363
250 82 239 1846
251 84 239 61
251 83 239 609
257 85 239 1625
257 86 239 481
257 87 239 480
258 88 239 715
258 89 239 480
259 90 239 582
263 91 239 1401
268 92 239 1558
273 95 239 454
273 93 239 1539
273 94 239 349
278 96 239 1555
282 97 239 1433
286 98 239 1415
290 99 239 1463
291 100 239 607
292 101 239 507
294 102 239 938
300 103 239 1653
301 104 239 729
301 105 239 278
302 106 239 599
304 107 239 1102
322 108 239 1918
322 109 239 403
323 110 239 555
333 111 239 1848
334 113 239 127
334 112 239 543
335 114 239 783
336 115 239 862
340 116 239 1436
340 117 239 59
341 118 239 769
343 119 239 1102
344 120 239 609
345 121 239 705
347 123 239 325
347 122 239 1126
349 124 239 893
349 125 239 215
349 126 239 497
358 127 239 1811
367 128 239 1801
367 129 239 381
367 130 239 376
372 131 239 1520
373 132 239 526
373 133 239 391
375 134 239 936
380 135 239 1504
384 136 239 1349
384 137 239 192
393 138 239 1804
400 139 239 1708
402 140 239 1025
405 141 239 1304
405 142 239 487
405 143 239 311
415 144 239 1849
416 145 239 659
417 146 239 857
421 147 239 1431
422 148 239 755
426 149 239 1412
428 150 239 943
433 151 239 1496
434 153 239 313
434 152 239 664
435 154 239 854
444 155 239 1827
447 156 239 1306
448 157 239 613
449 158 239 760
450 159 239 514
457 160 239 1705
458 161 239 713
461 162 239 1225
466 163 239 1536
466 164 239 27
468 165 239 960
471 166 239 1321
471 167 239 151
473 168 239 1115
476 169 239 1204
480 170 239 1437
483 171 239 1244
483 172 239 180
485 173 239 985
485 174 239 76
488 175 239 1229
488 176 239 218
489 178 239 400
489 179 239 234
489 177 239 815
492 180 239 1282
494 181 239 991
496 182 239 1056
496 183 239 388
500 184 239 1363
501 185 239 805
502 187 239 213
502 186 239 856
506 188 239 1462
508 190 239 198
508 189 239 1034
509 191 239 736
513 192 239 1356
516 193 239 1289
516 194 239 2
516 195 239 312
516 196 239 78
518 197 239 875
518 198 239 283
520 199 239 889
523 200 239 1262
524 201 239 706
524 202 239 315
528 203 239 1475
542 204 239 1900
548 205 239 1623
551 206 239 1316
556 207 239 1603
556 208 239 237
561 209 239 1549
567 210 239 1609
567 211 239 491
567 212 239 212
568 213 239 526
571 214 239 1157
572 215 239 714
577 216 239 1581
578 218 239 173
578 217 239 837
581 219 239 1146
581 220 239 103
583 221 239 1108
584 222 239 614
584 223 239 81
586 224 239 1006
587 225 239 700
596 226 239 1813
597 227 239 815
599 228 239 983
605 229 239 1688
608 230 239 1151
611 231 239 1268
612 232 239 531
616 233 239 1436
618 234 239 896
619 235 239 575
620 236 239 675
625 238 239 412
625 237 239 1505
631 239 239 1664
635 240 239 1414
638 241 239 1178
652 242 239 1901
662 243 239 1837
666 244 239 1350
672 245 239 1631
673 246 239 524
674 248 239 132
674 247 239 830
677 249 239 1213
678 250 239 655
681 251 239 1166
682 252 239 701
684 253 239 1062
685 257 239 234
685 254 239 785
685 255 239 154
685 256 239 91
685 258 239 469
688 259 239 1199
695 260 239 1735
696 261 239 500
697 264 239 398
697 265 239 340
697 262 239 620
697 263 239 473
709 266 239 1885
710 267 239 700
715 268 239 1554
716 269 239 581
716 270 239 38
716 271 239 76
716 272 239 424
716 273 239 434
722 274 239 1657
723 275 239 850
725 276 239 1132
726 277 239 701
727 278 239 656
730 279 239 1299
730 280 239 176
732 281 239 982
733 282 239 682
740 283 239 1694
742 284 239 1033
758 285 239 1910
759 286 239 566
763 287 239 1393
764 288 239 650
765 289 239 742
765 290 239 483
765 291 239 441
767 292 239 1035
769 293 239 1138
779 294 239 1853
781 295 239 913
782 296 239 557
786 297 239 1428
790 298 239 1439
792 299 239 1009
798 300 239 1671
805 301 239 1748
808 302 239 1200
812 303 239 1476
815 304 239 1175
816 305 239 579
817 306 239 741
