0 0 1718 149
5 1 1718 1605
12 2 1718 1694
12 3 1718 26
13 4 1718 772
14 5 1718 831
22 6 1718 1793
25 7 1718 1196
28 8 1718 1320
36 9 1718 1778
38 10 1718 994
39 11 1718 563
39 12 1718 162
43 13 1718 1457
45 14 1718 1107
46 15 1718 648
48 16 1718 1119
49 17 1718 513
56 18 1718 1696
57 19 1718 805
61 20 1718 1350
61 21 1718 265
62 22 1718 662
64 23 1718 1113
66 24 1718 961
66 25 1718 323
70 27 1718 387
70 26 1718 1421
72 28 1718 903
74 29 1718 1010
76 30 1718 949
76 31 1718 410
76 32 1718 244
82 33 1718 1626
87 35 1718 427
87 34 1718 1536
87 36 1718 134
90 37 1718 1160
91 38 1718 828
92 39 1718 712
93 40 1718 563
93 41 1718 272
94 42 1718 607
96 43 1718 1071
101 44 1718 1578
104 46 1718 478
104 45 1718 1215
105 47 1718 554
107 48 1718 915
107 49 1718 402
112 50 1718 1526
113 51 1718 764
115 54 1718 307
115 52 1718 986
115 53 1718 106
124 55 1718 1809
126 56 1718 942
127 57 1718 580
129 58 1718 989
129 59 1718 449
132 60 1718 1335
136 61 1718 1405
136 62 1718 292
136 63 1718 309
137 64 1718 828
138 67 1718 460
138 66 1718 318
138 65 1718 583
148 68 1718 1845
149 69 1718 679
150 70 1718 513
162 71 1718 1883
168 72 1718 1610
170 73 1718 984
170 74 1718 242
172 75 1718 1078
177 76 1718 1582
182 77 1718 1515
186 78 1718 1460
192 79 1718 1671
200 80 1718 1769
201 81 1718 866
205 82 1718 1397
206 83 1718 500
210 85 1718 185
210 84 1718 1409
214 86 1718 1349
214 87 1718 137
217 88 1718 1319
223 89 1718 1652
227 90 1718 1409
231 93 1718 378
231 91 1718 1478
231 92 1718 171
234 94 1718 1302
236 95 1718 1082
251 96 1718 1904
251 97 1718 297
251 98 1718 243
253 99 1718 994
255 100 1718 896
255 101 1718 17
256 102 1718 634
256 103 1718 235
265 104 1718 1814
270 105 1718 1567
272 106 1718 1079
272 107 1718 2
280 108 1718 1788
283 109 1718 1153
283 110 1718 226
287 111 1718 1352
289 112 1718 1045
292 113 1718 1242
293 116 1718 8
293 114 1718 604
293 115 1718 468
300 117 1718 1717
301 118 1718 824
302 119 1718 643
305 120 1718 1159
305 121 1718 180
307 122 1718 1066
307 123 1718 192
310 124 1718 1195
312 125 1718 960
319 126 1718 1711
322 127 1718 1231
328 128 1718 1606
330 129 1718 1085
332 130 1718 1099
335 131 1718 1285
338 132 1718 1272
338 133 1718 465
339 134 1718 774
347 135 1718 1752
347 136 1718 232
350 137 1718 1161
351 138 1718 611
359 139 1718 1766
361 140 1718 1030
365 141 1718 1347
365 142 1718 274
365 143 1718 165
369 144 1718 1426
369 145 1718 57
369 146 1718 432
370 147 1718 853
377 148 1718 1699
378 149 1718 833
380 151 1718 187
380 150 1718 1073
384 152 1718 1398
389 153 1718 1524
397 154 1718 1760
398 155 1718 716
400 156 1718 876
400 157 1718 441
402 158 1718 965
403 159 1718 853
411 160 1718 1781
419 162 1718 320
419 161 1718 1772
420 163 1718 703
420 164 1718 54
421 165 1718 866
421 166 1718 79
422 167 1718 579
422 168 1718 468
423 170 1718 235
423 169 1718 777
424 171 1718 772
426 172 1718 1105
428 173 1718 983
433 174 1718 1537
440 175 1718 1736
450 176 1718 1831
452 177 1718 900
453 178 1718 691
455 179 1718 1138
456 180 1718 528
457 181 1718 857
461 182 1718 1457
462 183 1718 773
462 184 1718 11
464 185 1718 912
473 186 1718 1812
479 187 1718 1672
480 188 1718 630
480 189 1718 58
482 190 1718 875
489 192 1718 195
489 191 1718 1716
495 193 1718 1683
511 194 1718 1910
514 195 1718 1182
516 196 1718 1027
520 197 1718 1495
520 198 1718 110
521 199 1718 560
535 200 1718 1902
543 201 1718 1778
543 202 1718 385
545 203 1718 921
546 204 1718 597
546 205 1718 301
548 206 1718 1006
548 207 1718 414
564 209 1718 23
564 208 1718 1912
565 210 1718 809
579 211 1718 1900
585 212 1718 1675
593 213 1718 1751
593 214 1718 325
595 215 1718 923
595 216 1718 315
599 217 1718 1471
600 218 1718 692
602 219 1718 1067
604 220 1718 979
604 221 1718 332
616 222 1718 1873
616 223 1718 410
625 224 1718 1826
625 225 1718 444
626 226 1718 576
630 227 1718 1347
632 229 1718 354
632 228 1718 997
633 231 1718 336
633 230 1718 709
634 232 1718 790
634 233 1718 130
637 234 1718 1161
638 235 1718 675
638 236 1718 472
639 237 1718 535
639 238 1718 175
645 239 1718 1635
655 240 1718 1830
659 241 1718 1397
665 242 1718 1685
666 243 1718 607
669 244 1718 1173
671 245 1718 900
671 246 1718 40
671 247 1718 369
675 248 1718 1358
677 249 1718 987
678 250 1718 867
682 251 1718 1480
683 252 1718 803
685 253 1718 967
690 254 1718 1506
695 255 1718 1570
705 256 1718 1829
719 257 1718 1900
721 258 1718 1020
721 259 1718 153
727 260 1718 1649
732 261 1718 1584
735 262 1718 1341
740 263 1718 1557
743 264 1718 1238
743 265 1718 473
745 266 1718 1110
750 267 1718 1544
751 268 1718 590
756 270 1718 451
756 269 1718 1575
763 271 1718 1704
766 272 1718 1296
768 273 1718 981
771 274 1718 1162
776 275 1718 1506
777 276 1718 572
780 277 1718 1266
783 278 1718 1161
785 281 1718 207
785 279 1718 926
785 280 1718 403
802 282 1718 1914
802 283 1718 10
806 284 1718 1412
809 285 1718 1154
813 286 1718 1457
820 287 1718 1747
821 288 1718 549
826 289 1718 1516
827 290 1718 770
827 291 1718 497
831 292 1718 1440
831 293 1718 22
847 296 1718 55
847 297 1718 127
847 294 1718 1911
847 295 1718 246
850 298 1718 1293
851 299 1718 699
858 300 1718 1714
858 301 1718 421
865 302 1718 1703
872 303 1718 1708
873 304 1718 535
875 305 1718 1088
875 306 1718 183
