0 0 954 26
0 1 954 352
0 2 954 162
2 3 954 895
3 4 954 638
21 5 954 1916
30 6 954 1826
31 7 954 574
33 9 954 270
33 8 954 1105
36 10 954 1147
38 11 954 1127
41 12 954 1333
43 13 954 1096
45 14 954 1118
46 15 954 657
46 16 954 451
47 17 954 676
52 18 954 1606
55 19 954 1208
58 20 954 1194
58 21 954 489
65 22 954 1739
69 23 954 1471
71 24 954 943
74 25 954 1234
77 27 954 288
77 26 954 1343
80 28 954 1338
82 29 954 990
84 30 954 1133
84 31 954 248
84 32 954 362
85 33 954 824
85 34 954 399
85 35 954 309
91 36 954 1667
95 37 954 1458
97 38 954 1061
98 39 954 621
103 40 954 1595
105 41 954 1120
107 42 954 943
110 43 954 1249
112 44 954 1080
118 46 954 364
118 45 954 1674
121 47 954 1301
125 48 954 1441
125 49 954 497
130 50 954 1587
130 51 954 139
132 52 954 1066
134 53 954 1134
135 54 954 537
139 55 954 1461
140 56 954 538
141 57 954 616
153 58 954 1877
156 59 954 1329
157 60 954 573
162 61 954 1538
165 62 954 1161
165 63 954 115
167 64 954 1062
169 65 954 899
170 66 954 765
171 67 954 508
172 68 954 696
173 69 954 808
175 70 954 915
177 71 954 917
182 72 954 1540
184 73 954 984
189 75 954 74
189 74 954 1537
193 76 954 1471
193 77 954 489
193 78 954 390
196 79 954 1193
198 80 954 869
198 81 954 41
199 82 954 772
200 83 954 841
203 84 954 1327
205 85 954 993
207 86 954 1106
210 87 954 1152
210 88 954 286
211 89 954 862
218 90 954 1696
220 91 954 1051
225 92 954 1506
231 95 954 57
231 94 954 48
231 93 954 1656
243 96 954 1884
244 97 954 828
244 98 954 187
244 99 954 181
246 100 954 908
254 101 954 1780
255 102 954 605
256 103 954 632
261 104 954 1506
262 105 954 669
263 106 954 524
263 107 954 82
268 108 954 1521
268 109 954 463
285 110 954 1915
285 111 954 48
285 112 954 226
286 114 954 459
286 113 954 683
287 115 954 531
288 116 954 766
288 117 954 320
289 118 954 713
289 119 954 68
296 120 954 1717
301 121 954 1537
301 122 954 221
309 123 954 1759
311 124 954 1037
319 125 954 1789
322 126 954 1336
331 127 954 1809
333 128 954 936
337 129 954 1480
337 130 954 114
338 134 954 285
338 133 954 208
338 132 954 302
338 131 954 643
340 135 954 1013
344 136 954 1361
344 137 954 139
347 138 954 1259
348 139 954 658
348 140 954 469
350 141 954 1024
355 142 954 1555
362 143 954 1748
364 144 954 871
370 145 954 1647
371 146 954 824
372 147 954 823
375 148 954 1196
379 149 954 1441
382 150 954 1215
387 154 954 389
387 153 954 119
387 152 954 114
387 151 954 1563
390 155 954 1296
395 156 954 1559
396 157 954 771
401 158 954 1520
407 159 954 1642
410 160 954 1258
411 161 954 639
413 162 954 1070
413 163 954 41
413 164 954 348
416 165 954 1272
422 166 954 1670
422 167 954 17
422 168 954 398
426 169 954 1371
428 170 954 1095
429 171 954 627
431 172 954 985
431 173 954 55
436 174 954 1523
437 175 954 693
452 176 954 1906
452 177 954 398
454 178 954 887
457 179 954 1314
459 180 954 964
460 181 954 513
461 182 954 612
465 183 954 1420
465 184 954 264
465 185 954 475
466 186 954 528
466 187 954 183
473 188 954 1744
475 189 954 913
479 190 954 1379
480 191 954 589
481 192 954 544
486 193 954 1542
489 194 954 1324
497 195 954 1754
509 196 954 1879
514 197 954 1514
518 198 954 1399
523 199 954 1524
537 200 954 1901
538 201 954 807
538 202 954 424
545 203 954 1750
545 204 954 345
546 205 954 588
547 206 954 578
547 207 954 59
548 208 954 520
554 209 954 1621
557 210 954 1314
560 211 954 1160
569 212 954 1808
569 213 954 205
570 214 954 677
571 215 954 744
571 216 954 27
576 217 954 1575
583 218 954 1702
592 219 954 1797
593 220 954 744
597 221 954 1487
597 222 954 198
601 223 954 1409
619 224 954 1916
620 225 954 506
620 226 954 82
624 227 954 1368
625 228 954 655
632 229 954 1693
633 230 954 738
633 231 954 392
635 232 954 924
638 233 954 1288
641 234 954 1338
641 235 954 157
641 236 954 88
642 237 954 787
644 238 954 1074
649 239 954 1601
658 240 954 1822
658 241 954 468
663 242 954 1588
663 243 954 122
668 244 954 1524
668 245 954 218
669 246 954 705
669 247 954 338
670 248 954 864
671 249 954 580
678 250 954 1727
678 251 954 304
685 252 954 1737
690 253 954 1526
691 254 954 779
691 255 954 414
692 256 954 608
694 257 954 940
702 258 954 1758
710 259 954 1764
711 260 954 505
713 261 954 1134
716 262 954 1329
717 263 954 752
719 264 954 882
721 265 954 921
721 266 954 236
722 267 954 520
723 268 954 792
724 269 954 520
725 270 954 656
728 271 954 1164
729 272 954 500
729 273 954 100
743 274 954 1900
743 275 954 275
752 277 954 75
752 276 954 1823
761 278 954 1810
768 279 954 1698
775 280 954 1725
781 281 954 1669
782 282 954 503
782 283 954 74
795 284 954 1890
795 285 954 434
796 286 954 580
799 287 954 1323
800 288 954 508
802 289 954 923
806 290 954 1474
808 291 954 1073
810 292 954 953
813 293 954 1235
815 294 954 1095
816 295 954 687
818 296 954 1063
819 297 954 835
822 298 954 1165
823 299 954 602
838 300 954 1907
838 301 954 185
842 302 954 1471
842 303 954 344
852 304 954 1848
853 305 954 562
860 306 954 1728
