7 0 478 1702
9 1 478 894
21 2 478 1873
26 3 478 1540
28 4 478 1026
31 5 478 1312
37 6 478 1616
39 7 478 935
41 8 478 876
42 9 478 701
48 10 478 1682
50 11 478 1033
67 12 478 1915
71 13 478 1491
72 14 478 791
73 15 478 687
81 16 478 1786
81 17 478 447
85 18 478 1360
102 19 478 1915
105 20 478 1254
106 21 478 524
106 22 478 104
112 23 478 1670
112 24 478 68
114 25 478 1109
116 26 478 1137
118 27 478 869
120 28 478 943
129 29 478 1823
130 30 478 680
134 31 478 1354
136 32 478 967
138 33 478 870
140 34 478 945
142 35 478 1018
144 36 478 1082
146 37 478 895
147 38 478 546
148 39 478 705
153 40 478 1517
156 41 478 1239
162 42 478 1656
169 43 478 1702
169 44 478 492
170 45 478 579
170 46 478 214
175 47 478 1578
178 48 478 1213
178 49 478 84
183 50 478 1570
183 51 478 228
185 52 478 1084
186 53 478 729
191 54 478 1602
194 55 478 1178
195 57 478 202
195 56 478 790
199 58 478 1472
209 59 478 1842
209 60 478 174
210 61 478 747
228 62 478 1917
230 66 478 65
230 65 478 328
230 63 478 977
230 64 478 20
232 67 478 1044
233 68 478 545
240 69 478 1697
245 70 478 1530
247 71 478 891
256 72 478 1825
257 74 478 398
257 75 478 15
257 73 478 654
258 77 478 326
258 76 478 792
261 78 478 1178
265 79 478 1414
267 80 478 895
271 81 478 1483
276 82 478 1581
277 87 478 237
277 85 478 451
277 86 478 269
277 83 478 858
277 84 478 253
280 88 478 1193
287 89 478 1692
287 90 478 228
289 91 478 879
293 92 478 1348
294 93 478 629
295 94 478 531
296 95 478 769
299 96 478 1246
300 97 478 678
306 98 478 1681
306 99 478 163
307 100 478 513
309 101 478 1094
311 102 478 1032
315 103 478 1440
315 104 478 479
316 108 478 331
316 107 478 429
316 105 478 678
316 106 478 328
321 109 478 1586
321 110 478 385
321 111 478 464
323 113 478 57
323 112 478 948
325 114 478 946
326 115 478 615
328 116 478 1091
330 117 478 1058
331 118 478 723
335 119 478 1493
335 120 478 58
343 121 478 1752
351 122 478 1776
352 123 478 778
356 124 478 1469
357 125 478 650
361 126 478 1468
364 127 478 1195
364 128 478 123
369 129 478 1554
370 130 478 694
370 131 478 114
371 132 478 569
373 133 478 1015
375 134 478 900
382 135 478 1726
382 136 478 451
382 137 478 140
382 138 478 379
387 139 478 1500
387 140 478 123
395 141 478 1765
405 142 478 1831
410 143 478 1532
413 144 478 1306
419 145 478 1688
430 146 478 1856
433 147 478 1290
439 148 478 1607
449 149 478 1840
454 150 478 1602
454 151 478 187
466 154 478 104
466 153 478 188
466 152 478 1879
467 155 478 685
470 156 478 1242
470 157 478 254
483 158 478 1895
491 159 478 1753
493 160 478 1134
495 162 478 306
495 161 478 1058
496 163 478 702
498 164 478 892
498 165 478 271
507 166 478 1819
518 167 478 1858
520 168 478 1082
523 169 478 1145
523 170 478 164
525 171 478 950
526 172 478 679
529 173 478 1148
533 174 478 1370
533 175 478 218
543 176 478 1846
543 177 478 243
547 178 478 1396
554 179 478 1705
555 181 478 178
555 180 478 719
560 182 478 1512
560 183 478 208
572 184 478 1876
573 185 478 506
573 186 478 159
573 187 478 381
575 192 478 170
575 190 478 483
575 191 478 196
575 189 478 214
575 188 478 911
576 193 478 550
576 194 478 365
578 195 478 989
582 196 478 1459
584 197 478 1129
585 198 478 640
587 199 478 1035
595 200 478 1794
618 201 478 1923
618 202 478 207
618 203 478 461
624 204 478 1675
625 205 478 651
629 206 478 1432
630 207 478 730
631 208 478 742
640 209 478 1810
641 210 478 764
643 211 478 999
644 212 478 783
644 213 478 189
646 214 478 1034
648 215 478 956
652 216 478 1470
652 217 478 97
653 220 478 111
653 219 478 385
653 218 478 750
657 221 478 1438
659 222 478 947
660 223 478 868
661 224 478 662
674 225 478 1892
675 226 478 780
675 227 478 129
676 228 478 783
676 229 478 381
677 230 478 684
678 231 478 716
683 232 478 1528
683 233 478 360
693 234 478 1836
694 235 478 721
707 236 478 1896
709 237 478 1050
709 238 478 457
712 239 478 1224
714 240 478 998
718 241 478 1353
723 242 478 1564
725 243 478 1025
729 244 478 1375
733 245 478 1408
736 246 478 1338
751 247 478 1905
755 248 478 1440
758 249 478 1333
762 250 478 1443
766 251 478 1361
766 252 478 378
766 253 478 254
768 254 478 923
768 255 478 356
770 256 478 976
773 257 478 1264
780 258 478 1724
787 259 478 1707
796 260 478 1796
799 261 478 1303
810 262 478 1872
810 263 478 361
812 264 478 1126
812 265 478 47
816 269 478 313
816 268 478 277
816 267 478 422
816 266 478 1396
818 270 478 985
818 271 478 420
823 272 478 1564
827 273 478 1451
830 274 478 1311
831 275 478 683
840 276 478 1798
850 277 478 1846
854 278 478 1418
857 279 478 1179
858 280 478 554
859 281 478 800
860 282 478 613
864 283 478 1374
865 284 478 862
868 285 478 1248
868 286 478 337
871 287 478 1273
875 288 478 1362
879 289 478 1480
885 290 478 1670
886 291 478 631
889 292 478 1251
890 293 478 675
894 294 478 1353
900 295 478 1620
904 296 478 1406
907 297 478 1203
916 298 478 1823
919 299 478 1327
919 300 478 12
921 301 478 915
927 302 478 1627
929 303 478 1127
929 304 478 348
931 305 478 1023
938 306 478 1721
