0 0 1449 269
4 1 1449 1459
6 2 1449 1005
8 3 1449 1077
10 4 1449 890
16 5 1449 1664
18 6 1449 974
25 8 1449 2
25 7 1449 1707
28 9 1449 1211
30 10 1449 949
30 11 1449 55
30 12 1449 352
31 13 1449 788
33 14 1449 954
35 15 1449 1083
37 16 1449 882
42 18 1449 74
42 17 1449 1553
45 19 1449 1149
46 20 1449 591
47 21 1449 589
49 22 1449 892
51 23 1449 978
54 24 1449 1273
58 25 1449 1376
60 29 1449 378
60 28 1449 10
60 27 1449 55
60 26 1449 1021
67 30 1449 1705
67 31 1449 262
68 32 1449 712
70 33 1449 901
76 34 1449 1637
78 35 1449 876
85 37 1449 124
85 36 1449 1712
92 38 1449 1737
92 39 1449 328
94 40 1449 1099
96 41 1449 955
104 42 1449 1794
107 43 1449 1169
108 44 1449 685
108 45 1449 235
114 46 1449 1667
119 47 1449 1549
125 48 1449 1667
126 49 1449 633
129 50 1449 1219
129 51 1449 64
134 52 1449 1538
138 53 1449 1392
139 54 1449 753
144 55 1449 1605
145 57 1449 27
145 56 1449 567
152 58 1449 1729
156 59 1449 1439
157 60 1449 643
159 61 1449 918
166 62 1449 1697
171 63 1449 1549
175 64 1449 1430
176 65 1449 687
179 66 1449 1267
183 67 1449 1375
185 68 1449 1076
185 69 1449 78
188 70 1449 1295
189 71 1449 758
196 72 1449 1741
202 74 1449 50
202 73 1449 1671
207 75 1449 1560
208 76 1449 720
214 77 1449 1647
214 78 1449 292
216 79 1449 1037
222 80 1449 1633
226 81 1449 1396
226 82 1449 312
229 83 1449 1301
231 84 1449 1083
237 85 1449 1640
238 86 1449 649
241 87 1449 1244
241 88 1449 148
241 89 1449 31
241 90 1449 309
247 91 1449 1685
247 92 1449 319
247 93 1449 298
253 95 1449 181
253 94 1449 1609
256 96 1449 1183
256 97 1449 244
262 98 1449 1664
284 99 1449 1922
286 100 1449 892
286 101 1449 292
286 102 1449 472
291 103 1449 1589
294 106 1449 248
294 104 1449 1262
294 105 1449 461
302 107 1449 1791
305 108 1449 1342
307 109 1449 1117
309 110 1449 885
310 111 1449 844
316 112 1449 1659
317 113 1449 691
324 114 1449 1730
327 115 1449 1171
328 116 1449 605
328 117 1449 395
328 118 1449 465
335 119 1449 1714
335 120 1449 38
335 121 1449 23
338 122 1449 1227
340 123 1449 1045
347 124 1449 1694
352 125 1449 1535
352 126 1449 438
356 127 1449 1443
356 128 1449 61
364 129 1449 1793
364 130 1449 377
364 131 1449 475
379 134 1449 145
379 133 1449 294
379 132 1449 1908
382 135 1449 1341
384 136 1449 924
385 137 1449 648
385 138 1449 38
386 139 1449 622
390 140 1449 1392
391 141 1449 782
400 142 1449 1826
402 143 1449 956
404 144 1449 1071
408 145 1449 1389
408 146 1449 25
413 147 1449 1553
413 148 1449 492
413 149 1449 438
418 150 1449 1500
419 151 1449 788
426 152 1449 1703
438 153 1449 1874
450 154 1449 1884
452 155 1449 869
454 156 1449 990
458 157 1449 1352
467 158 1449 1820
473 159 1449 1652
473 160 1449 22
474 161 1449 730
481 162 1449 1729
485 163 1449 1473
486 164 1449 739
486 165 1449 409
487 166 1449 860
491 167 1449 1364
492 168 1449 546
492 169 1449 389
492 170 1449 247
504 172 1449 356
504 171 1449 1882
512 173 1449 1767
512 174 1449 322
515 175 1449 1180
515 176 1449 121
515 177 1449 271
529 178 1449 1898
529 179 1449 304
534 180 1449 1509
535 181 1449 810
537 182 1449 950
542 183 1449 1548
542 184 1449 293
547 185 1449 1514
548 186 1449 696
548 187 1449 34
548 188 1449 335
551 189 1449 1200
551 190 1449 351
556 191 1449 1496
557 192 1449 753
557 193 1449 311
558 194 1449 600
559 195 1449 661
561 196 1449 977
561 197 1449 353
561 198 1449 216
562 199 1449 662
563 200 1449 528
564 201 1449 586
566 202 1449 1006
566 203 1449 102
566 204 1449 190
571 205 1449 1542
571 206 1449 431
582 207 1449 1861
587 208 1449 1551
588 209 1449 703
589 210 1449 748
590 211 1449 719
594 212 1449 1379
599 213 1449 1515
599 214 1449 142
601 215 1449 1137
608 216 1449 1704
608 217 1449 181
611 218 1449 1180
614 219 1449 1150
620 220 1449 1637
621 221 1449 826
623 222 1449 1029
626 223 1449 1270
626 224 1449 38
627 225 1449 675
629 226 1449 1128
629 227 1449 45
632 228 1449 1167
637 230 1449 203
637 229 1449 1586
644 231 1449 1693
644 232 1449 54
647 233 1449 1236
654 234 1449 1701
656 235 1449 923
663 236 1449 1728
664 237 1449 847
668 238 1449 1358
669 239 1449 675
671 240 1449 1083
672 241 1449 760
672 242 1449 407
677 243 1449 1556
677 244 1449 452
682 245 1449 1557
682 246 1449 117
685 248 1449 168
685 247 1449 1162
689 249 1449 1387
691 250 1449 881
692 251 1449 796
694 252 1449 1098
696 253 1449 990
698 254 1449 949
704 255 1449 1626
708 256 1449 1482
714 258 1449 64
714 257 1449 1661
718 259 1449 1440
718 260 1449 413
718 261 1449 385
719 262 1449 693
732 263 1449 1890
733 264 1449 499
735 265 1449 980
736 266 1449 664
736 267 1449 143
743 268 1449 1739
746 269 1449 1144
749 270 1449 1333
750 271 1449 857
751 272 1449 748
752 273 1449 504
752 274 1449 67
754 275 1449 877
754 276 1449 418
758 277 1449 1397
759 278 1449 817
759 279 1449 406
760 280 1449 558
773 281 1449 1891
782 282 1449 1801
789 283 1449 1704
790 284 1449 704
793 285 1449 1332
794 286 1449 594
796 287 1449 988
796 288 1449 286
796 289 1449 74
800 290 1449 1365
800 291 1449 67
801 292 1449 783
811 293 1449 1842
811 294 1449 261
812 297 1449 442
812 295 1449 697
812 296 1449 67
814 298 1449 1056
818 299 1449 1397
820 300 1449 892
834 301 1449 1899
838 302 1449 1348
840 304 1449 54
840 305 1449 24
840 303 1449 949
840 306 1449 48
