0 0 303 434
2 1 303 1051
3 2 303 638
3 3 303 213
3 4 303 19
8 5 303 1551
14 6 303 1675
14 7 303 429
15 8 303 792
16 9 303 616
16 10 303 260
22 11 303 1681
24 12 303 1116
24 13 303 190
25 14 303 623
26 15 303 864
28 16 303 973
29 17 303 717
30 18 303 854
32 19 303 1138
34 20 303 888
34 21 303 259
36 22 303 952
39 23 303 1182
42 24 303 1230
42 25 303 412
42 26 303 225
46 27 303 1480
47 28 303 703
47 29 303 230
47 30 303 223
48 31 303 731
49 32 303 655
49 33 303 183
50 34 303 603
57 35 303 1727
58 36 303 616
62 37 303 1436
66 38 303 1361
66 39 303 292
66 40 303 42
71 41 303 1519
74 42 303 1305
77 43 303 1195
78 44 303 804
79 45 303 714
94 46 303 1907
98 47 303 1392
99 48 303 721
99 49 303 329
99 50 303 358
109 51 303 1831
110 55 303 175
110 54 303 246
110 56 303 99
110 52 303 658
110 53 303 174
114 57 303 1380
116 58 303 907
121 59 303 1532
124 60 303 1325
124 61 303 194
130 62 303 1650
131 63 303 562
131 64 303 392
135 65 303 1453
137 66 303 1025
139 67 303 932
144 68 303 1512
145 69 303 821
145 70 303 248
149 71 303 1461
152 72 303 1281
153 73 303 561
155 74 303 1096
158 75 303 1293
160 76 303 879
166 77 303 1681
166 78 303 378
167 79 303 515
167 80 303 430
168 81 303 758
169 82 303 758
169 83 303 373
178 87 303 480
178 86 303 73
178 85 303 316
178 84 303 1796
189 88 303 1861
189 89 303 428
195 90 303 1627
198 91 303 1160
199 92 303 528
207 93 303 1754
209 94 303 891
217 95 303 1772
225 96 303 1793
226 97 303 742
227 98 303 802
230 99 303 1275
236 100 303 1614
238 101 303 974
247 102 303 1804
256 104 303 80
256 103 303 1825
257 105 303 821
258 106 303 550
258 107 303 96
260 108 303 1003
262 109 303 878
265 110 303 1220
265 111 303 342
267 112 303 1002
267 113 303 392
269 114 303 1101
270 115 303 567
274 116 303 1360
277 117 303 1276
278 118 303 691
278 119 303 76
282 120 303 1380
283 121 303 544
285 122 303 995
287 123 303 1084
289 124 303 1118
291 125 303 1013
293 126 303 933
297 127 303 1452
302 128 303 1595
305 129 303 1248
309 130 303 1424
309 131 303 136
311 132 303 878
313 133 303 1027
314 134 303 826
318 135 303 1380
320 136 303 878
321 137 303 858
321 138 303 292
323 139 303 974
330 140 303 1691
344 141 303 1901
348 142 303 1402
350 143 303 983
352 144 303 1132
355 145 303 1285
355 146 303 157
355 147 303 135
356 148 303 652
356 149 303 324
356 150 303 411
357 151 303 517
357 152 303 51
358 153 303 726
367 154 303 1820
369 155 303 1069
384 156 303 1904
385 157 303 720
386 158 303 706
388 159 303 992
397 160 303 1812
399 162 303 426
399 161 303 1023
405 163 303 1679
409 164 303 1378
411 165 303 1084
415 166 303 1388
429 167 303 1899
433 168 303 1490
439 169 303 1646
445 170 303 1613
446 171 303 502
448 172 303 983
454 173 303 1641
454 174 303 309
458 175 303 1403
460 176 303 1067
460 177 303 12
472 178 303 1876
480 179 303 1757
481 180 303 855
482 181 303 797
483 182 303 800
486 183 303 1270
487 184 303 837
489 185 303 907
489 186 303 84
489 187 303 151
491 188 303 1132
497 189 303 1682
501 192 303 152
501 191 303 158
501 190 303 1401
504 193 303 1225
506 194 303 1086
507 195 303 667
511 196 303 1475
517 197 303 1647
522 198 303 1530
522 199 303 47
531 200 303 1822
531 201 303 183
532 202 303 570
534 203 303 930
535 204 303 636
545 205 303 1834
549 209 303 416
549 208 303 416
549 210 303 1
549 206 303 1458
549 207 303 335
562 211 303 1892
563 212 303 768
565 213 303 873
565 214 303 136
567 215 303 1015
567 216 303 223
569 217 303 1080
570 219 303 470
570 218 303 842
572 220 303 999
575 221 303 1236
576 222 303 766
583 223 303 1733
583 224 303 245
587 225 303 1455
587 226 303 349
593 227 303 1683
594 228 303 555
599 229 303 1567
609 230 303 1852
612 231 303 1345
612 232 303 406
621 233 303 1828
632 234 303 1860
633 235 303 672
633 236 303 227
641 237 303 1794
642 238 303 634
644 239 303 928
648 240 303 1374
654 241 303 1674
660 242 303 1659
661 243 303 716
667 244 303 1680
671 245 303 1433
674 246 303 1314
677 247 303 1203
679 251 303 394
679 250 303 443
679 249 303 71
679 248 303 1089
680 252 303 805
682 253 303 1059
684 254 303 973
685 255 303 585
688 256 303 1341
689 257 303 762
690 258 303 684
692 259 303 1106
696 260 303 1484
703 261 303 1700
710 262 303 1705
711 263 303 774
711 264 303 488
712 265 303 581
716 266 303 1485
717 267 303 864
719 268 303 937
723 269 303 1389
724 270 303 787
724 271 303 353
724 272 303 446
734 273 303 1839
736 274 303 1021
739 275 303 1250
744 278 303 52
744 277 303 50
744 276 303 1501
745 279 303 736
745 280 303 140
747 281 303 1071
748 282 303 593
748 283 303 483
750 284 303 1123
754 285 303 1457
755 286 303 539
758 287 303 1272
759 288 303 855
762 289 303 1275
765 290 303 1255
769 291 303 1390
771 292 303 1110
775 293 303 1453
779 294 303 1368
784 295 303 1599
797 296 303 1894
799 298 303 227
799 297 303 885
801 299 303 1099
813 300 303 1873
813 301 303 450
813 302 303 265
819 303 303 1624
822 304 303 1208
822 305 303 90
834 306 303 1873
