5 0 1910 1590
5 1 1910 58
8 2 1910 1239
10 3 1910 958
10 4 1910 165
12 5 1910 953
14 6 1910 1029
14 7 1910 6
14 8 1910 84
15 9 1910 670
16 10 1910 571
44 11 1910 1924
44 12 1910 26
44 13 1910 121
46 14 1910 1014
47 15 1910 838
47 16 1910 259
49 17 1910 1006
52 19 1910 288
52 18 1910 1200
53 20 1910 630
58 21 1910 1536
60 22 1910 977
63 23 1910 1307
64 24 1910 546
67 25 1910 1293
68 26 1910 537
69 27 1910 758
78 31 1910 303
78 30 1910 322
78 28 1910 1810
78 29 1910 358
80 32 1910 1013
80 33 1910 81
80 34 1910 33
84 35 1910 1430
94 36 1910 1839
94 37 1910 281
95 38 1910 849
96 39 1910 761
97 40 1910 679
97 41 1910 204
97 42 1910 471
98 43 1910 520
107 44 1910 1800
107 45 1910 473
107 46 1910 453
114 47 1910 1721
117 49 1910 266
117 48 1910 1183
118 50 1910 782
127 51 1910 1810
131 52 1910 1356
132 53 1910 591
143 54 1910 1868
143 55 1910 54
145 56 1910 1006
156 58 1910 412
156 57 1910 1856
157 59 1910 796
157 60 1910 416
157 61 1910 270
157 62 1910 120
163 63 1910 1651
163 64 1910 347
163 65 1910 268
165 66 1910 910
176 68 1910 88
176 67 1910 1870
181 69 1910 1508
183 70 1910 923
197 71 1910 1902
197 72 1910 157
197 73 1910 438
202 74 1910 1533
202 75 1910 426
204 77 1910 456
204 76 1910 1064
208 78 1910 1432
208 79 1910 73
209 80 1910 839
210 81 1910 740
215 82 1910 1500
220 83 1910 1544
225 84 1910 1500
225 85 1910 436
227 86 1910 871
227 87 1910 422
227 88 1910 138
242 89 1910 1904
242 90 1910 424
257 91 1910 1907
265 95 1910 409
265 94 1910 345
265 96 1910 83
265 92 1910 1794
265 93 1910 53
266 97 1910 745
266 98 1910 172
271 99 1910 1532
275 100 1910 1487
276 101 1910 508
282 102 1910 1633
287 103 1910 1600
290 104 1910 1267
291 105 1910 804
297 106 1910 1653
299 107 1910 918
301 108 1910 983
305 109 1910 1442
307 110 1910 914
308 111 1910 550
308 112 1910 424
308 113 1910 339
320 114 1910 1881
325 115 1910 1600
326 116 1910 694
327 117 1910 501
327 118 1910 150
337 119 1910 1836
340 120 1910 1321
340 121 1910 488
347 122 1910 1731
347 123 1910 108
349 124 1910 1083
351 128 1910 92
351 127 1910 103
351 125 1910 941
351 126 1910 108
353 129 1910 1123
353 130 1910 342
353 131 1910 319
353 132 1910 283
362 133 1910 1825
363 135 1910 331
363 134 1910 510
365 136 1910 1032
374 137 1910 1825
374 138 1910 276
375 139 1910 695
376 140 1910 708
388 141 1910 1878
392 142 1910 1364
393 143 1910 621
395 144 1910 989
404 145 1910 1799
408 146 1910 1483
412 147 1910 1454
412 148 1910 96
413 149 1910 670
419 150 1910 1639
424 151 1910 1506
425 154 1910 210
425 153 1910 261
425 152 1910 594
427 155 1910 999
428 156 1910 701
433 157 1910 1524
434 158 1910 516
434 159 1910 326
435 160 1910 696
440 161 1910 1550
441 162 1910 825
449 163 1910 1784
451 164 1910 1099
452 165 1910 594
452 166 1910 266
453 167 1910 524
461 168 1910 1753
466 169 1910 1550
467 170 1910 568
468 172 1910 225
468 171 1910 794
472 173 1910 1379
474 174 1910 1127
478 175 1910 1367
480 176 1910 1049
482 177 1910 1110
484 178 1910 1044
487 179 1910 1209
491 180 1910 1382
492 182 1910 6
492 181 1910 578
496 183 1910 1347
500 184 1910 1409
501 185 1910 760
507 186 1910 1649
507 187 1910 21
513 188 1910 1614
517 189 1910 1436
522 190 1910 1554
526 191 1910 1432
529 192 1910 1309
541 193 1910 1874
567 194 1910 1924
569 195 1910 1083
571 196 1910 1052
576 197 1910 1505
580 198 1910 1446
580 199 1910 395
585 200 1910 1532
587 201 1910 958
593 202 1910 1625
593 203 1910 471
593 204 1910 101
594 205 1910 845
597 206 1910 1281
599 207 1910 1139
601 208 1910 1058
602 209 1910 768
614 210 1910 1874
619 211 1910 1516
619 212 1910 480
622 213 1910 1232
624 214 1910 868
624 215 1910 117
629 216 1910 1543
633 218 1910 375
633 219 1910 339
633 217 1910 1403
635 220 1910 870
635 221 1910 245
636 222 1910 834
636 223 1910 317
656 224 1910 1921
658 225 1910 1060
662 227 1910 276
662 226 1910 1409
666 229 1910 44
666 230 1910 315
666 228 1910 1380
670 231 1910 1469
675 232 1910 1589
676 233 1910 648
681 234 1910 1601
681 235 1910 424
683 236 1910 878
687 237 1910 1460
690 238 1910 1245
691 239 1910 563
695 240 1910 1404
696 241 1910 509
698 242 1910 887
699 243 1910 846
703 244 1910 1486
703 245 1910 37
705 246 1910 952
705 247 1910 77
707 248 1910 1005
716 249 1910 1807
720 250 1910 1465
725 251 1910 1574
727 252 1910 1129
729 253 1910 1106
733 254 1910 1449
736 255 1910 1287
736 256 1910 123
739 257 1910 1308
739 258 1910 475
741 259 1910 965
745 260 1910 1361
747 261 1910 1004
753 262 1910 1684
755 263 1910 1014
755 264 1910 452
755 265 1910 405
765 266 1910 1851
773 267 1910 1756
778 269 1910 444
778 268 1910 1555
781 270 1910 1164
781 271 1910 82
781 272 1910 157
788 273 1910 1737
789 274 1910 860
789 275 1910 360
792 276 1910 1282
809 277 1910 1913
810 278 1910 755
822 279 1910 1883
822 280 1910 108
825 281 1910 1332
828 282 1910 1196
833 283 1910 1498
834 284 1910 504
835 286 1910 339
835 287 1910 482
835 285 1910 665
837 288 1910 1124
837 289 1910 314
837 290 1910 300
841 291 1910 1494
843 292 1910 985
843 293 1910 279
845 295 1910 399
845 294 1910 1126
846 296 1910 750
855 297 1910 1798
855 298 1910 393
857 299 1910 1081
857 300 1910 111
859 301 1910 1120
859 302 1910 446
860 303 1910 560
861 304 1910 642
865 305 1910 1382
869 306 1910 1417
