11 0 458 1870
23 1 458 1885
32 2 458 1803
33 3 458 680
33 4 458 172
36 5 458 1205
39 6 458 1178
46 7 458 1693
49 9 458 256
49 8 458 1272
51 10 458 885
52 11 458 677
55 12 458 1320
77 13 458 1922
78 14 458 602
78 15 458 24
79 18 458 2
79 17 458 331
79 16 458 857
82 19 458 1157
83 20 458 540
88 21 458 1570
89 22 458 783
95 23 458 1653
101 24 458 1658
101 25 458 107
102 26 458 819
103 27 458 801
103 28 458 170
103 29 458 403
103 30 458 183
103 31 458 209
103 32 458 325
109 33 458 1680
111 34 458 949
116 35 458 1538
117 36 458 724
119 37 458 1021
121 38 458 953
124 39 458 1145
125 40 458 814
125 41 458 270
130 42 458 1569
134 43 458 1453
134 44 458 76
139 45 458 1580
142 46 458 1303
147 47 458 1603
149 48 458 915
153 49 458 1380
155 50 458 955
159 51 458 1395
164 52 458 1496
166 54 458 419
166 55 458 299
166 53 458 1047
168 56 458 1102
168 57 458 149
170 58 458 947
170 59 458 65
170 60 458 385
170 61 458 377
175 62 458 1523
177 64 458 72
177 63 458 868
178 65 458 676
178 66 458 352
183 67 458 1564
185 68 458 973
187 69 458 989
190 70 458 1224
198 71 458 1761
201 72 458 1303
202 76 458 1
202 75 458 270
202 74 458 342
202 73 458 781
205 77 458 1254
210 78 458 1577
210 79 458 78
211 80 458 728
213 81 458 1140
222 82 458 1810
223 83 458 714
227 84 458 1373
228 85 458 713
229 86 458 637
232 87 458 1202
235 88 458 1261
236 89 458 649
236 90 458 435
237 91 458 574
237 92 458 73
239 93 458 888
240 94 458 759
240 95 458 437
241 96 458 672
242 97 458 700
246 98 458 1381
249 99 458 1325
252 100 458 1227
258 101 458 1663
259 102 458 630
269 104 458 156
269 103 458 1850
271 105 458 1119
271 106 458 92
272 107 458 714
273 108 458 705
273 109 458 149
273 110 458 297
281 111 458 1773
281 112 458 497
283 113 458 869
286 114 458 1261
289 115 458 1170
289 116 458 491
290 117 458 808
294 118 458 1420
297 119 458 1283
297 120 458 38
299 123 458 323
299 122 458 303
299 121 458 1075
300 124 458 553
301 125 458 649
307 126 458 1687
307 127 458 415
307 128 458 22
317 129 458 1830
322 130 458 1522
325 131 458 1226
334 132 458 1798
334 133 458 252
335 134 458 775
337 135 458 989
338 136 458 510
350 137 458 1885
351 138 458 558
351 139 458 254
352 140 458 621
362 141 458 1848
362 142 458 497
364 143 458 1111
364 144 458 352
365 145 458 587
365 146 458 77
367 147 458 1129
372 148 458 1551
377 149 458 1514
388 150 458 1870
396 151 458 1788
399 153 458 97
399 152 458 1204
402 154 458 1286
402 155 458 152
406 156 458 1360
406 157 458 306
409 158 458 1296
413 159 458 1431
417 160 458 1356
422 161 458 1601
423 162 458 692
424 163 458 799
425 164 458 551
427 165 458 996
441 166 458 1899
441 167 458 244
441 168 458 93
441 169 458 272
442 170 458 659
443 172 458 250
443 171 458 531
446 173 458 1166
447 174 458 662
447 175 458 115
448 176 458 577
450 177 458 1116
464 178 458 1896
477 179 458 1891
478 180 458 572
479 181 458 557
480 182 458 788
480 183 458 432
492 184 458 1884
498 185 458 1658
498 186 458 21
505 187 458 1701
507 188 458 890
508 189 458 622
513 191 458 204
513 190 458 1554
514 192 458 588
516 193 458 1052
517 194 458 822
519 195 458 944
522 196 458 1155
528 197 458 1622
529 198 458 560
532 199 458 1280
533 200 458 612
541 201 458 1757
543 202 458 1035
546 203 458 1279
547 204 458 855
550 205 458 1339
555 206 458 1538
555 207 458 38
559 208 458 1359
562 209 458 1170
567 212 458 335
567 210 458 1499
567 211 458 243
570 213 458 1330
571 214 458 858
572 215 458 798
573 216 458 813
573 217 458 259
574 218 458 839
575 219 458 818
577 220 458 974
577 221 458 198
580 222 458 1278
584 223 458 1396
585 224 458 643
585 225 458 455
596 226 458 1868
598 227 458 1123
598 228 458 343
604 229 458 1642
606 230 458 885
608 231 458 880
609 232 458 556
610 233 458 615
613 234 458 1279
614 235 458 739
618 236 458 1447
622 237 458 1434
627 238 458 1502
628 240 458 120
628 239 458 545
643 241 458 1908
643 242 458 341
649 243 458 1645
651 244 458 1047
654 245 458 1310
662 246 458 1794
665 250 458 131
665 249 458 23
665 248 458 193
665 247 458 1183
667 251 458 895
668 252 458 782
674 253 458 1667
674 254 458 305
674 255 458 413
674 256 458 478
679 257 458 1564
680 259 458 400
680 258 458 636
684 260 458 1395
684 261 458 415
690 262 458 1619
696 263 458 1642
696 264 458 285
697 265 458 619
703 266 458 1612
709 269 458 118
709 267 458 1644
709 268 458 50
712 270 458 1276
715 271 458 1303
716 272 458 682
716 273 458 294
717 274 458 697
719 275 458 991
727 276 458 1782
732 278 458 348
732 277 458 1558
735 279 458 1257
736 280 458 585
737 281 458 684
739 282 458 929
739 283 458 320
744 284 458 1510
761 286 458 98
761 285 458 1914
762 287 458 814
762 288 458 310
763 289 458 865
763 290 458 261
772 291 458 1808
773 292 458 798
775 293 458 1102
777 294 458 1074
783 295 458 1629
783 296 458 288
784 297 458 623
788 298 458 1359
788 299 458 428
794 300 458 1622
794 301 458 149
796 303 458 74
796 302 458 1132
797 304 458 672
798 305 458 753
798 306 458 212
