0 0 1479 101
0 1 1479 468
2 2 1479 1075
2 3 1479 13
9 4 1479 1744
17 5 1479 1771
21 6 1479 1412
23 7 1479 948
28 8 1479 1531
34 9 1479 1656
41 10 1479 1746
41 11 1479 411
43 12 1479 947
43 13 1479 357
46 14 1479 1143
53 15 1479 1747
62 16 1479 1811
68 17 1479 1669
72 18 1479 1432
87 19 1479 1908
90 20 1479 1305
94 21 1479 1467
94 22 1479 213
96 23 1479 994
102 24 1479 1609
102 25 1479 453
105 27 1479 123
105 26 1479 1339
106 28 1479 782
115 29 1479 1798
115 30 1479 277
119 31 1479 1406
123 32 1479 1355
123 33 1479 91
129 35 1479 356
129 34 1479 1633
129 36 1479 145
151 37 1479 1922
154 38 1479 1330
163 39 1479 1813
172 40 1479 1802
196 41 1479 1923
208 42 1479 1881
212 43 1479 1418
214 44 1479 1100
217 45 1479 1160
218 46 1479 578
223 48 1479 40
223 47 1479 1524
226 49 1479 1262
236 50 1479 1833
237 51 1479 823
239 52 1479 1125
241 53 1479 1074
241 54 1479 11
242 58 1479 329
242 57 1479 80
242 56 1479 255
242 55 1479 559
245 59 1479 1291
245 60 1479 432
248 61 1479 1288
248 62 1479 166
254 63 1479 1658
258 64 1479 1378
258 65 1479 339
260 66 1479 981
261 67 1479 855
262 68 1479 649
263 69 1479 786
268 70 1479 1601
277 71 1479 1813
277 72 1479 338
282 73 1479 1544
282 74 1479 105
285 75 1479 1306
290 76 1479 1511
291 77 1479 719
300 78 1479 1819
300 79 1479 448
309 80 1479 1800
316 81 1479 1740
316 82 1479 83
320 83 1479 1445
333 84 1479 1889
337 85 1479 1379
337 86 1479 281
337 87 1479 280
337 88 1479 80
339 89 1479 1074
339 90 1479 101
339 91 1479 65
344 92 1479 1593
344 93 1479 39
348 94 1479 1381
349 95 1479 513
357 96 1479 1757
357 97 1479 222
357 98 1479 39
358 99 1479 761
358 100 1479 178
364 101 1479 1647
366 102 1479 875
369 103 1479 1178
374 104 1479 1585
374 105 1479 20
374 106 1479 485
379 107 1479 1506
381 108 1479 968
382 109 1479 629
384 110 1479 972
388 111 1479 1460
388 112 1479 185
397 113 1479 1805
401 114 1479 1415
402 115 1479 617
405 116 1479 1205
406 117 1479 645
413 118 1479 1694
442 119 1479 1924
442 120 1479 58
443 121 1479 701
444 122 1479 774
449 123 1479 1499
450 124 1479 684
455 125 1479 1536
455 126 1479 219
455 127 1479 298
455 128 1479 163
460 129 1479 1517
464 130 1479 1474
467 131 1479 1288
468 132 1479 680
470 133 1479 1058
470 134 1479 270
470 135 1479 152
471 136 1479 864
472 137 1479 829
480 138 1479 1784
491 139 1479 1868
493 140 1479 893
494 141 1479 699
497 142 1479 1236
501 143 1479 1376
501 144 1479 101
502 145 1479 565
511 146 1479 1804
518 147 1479 1713
519 148 1479 548
520 149 1479 763
523 150 1479 1232
525 152 1479 453
525 153 1479 40
525 151 1479 1111
526 154 1479 702
530 155 1479 1402
532 156 1479 872
535 157 1479 1300
535 158 1479 494
535 159 1479 49
542 160 1479 1725
542 161 1479 187
545 162 1479 1343
549 163 1479 1376
551 164 1479 1080
557 165 1479 1609
558 166 1479 780
560 167 1479 1052
565 168 1479 1535
568 169 1479 1263
574 170 1479 1677
574 171 1479 376
575 172 1479 786
582 173 1479 1750
584 174 1479 1031
587 175 1479 1283
591 176 1479 1389
594 177 1479 1323
598 178 1479 1397
598 179 1479 118
604 180 1479 1656
604 181 1479 431
610 182 1479 1674
613 183 1479 1324
613 184 1479 285
613 185 1479 362
614 186 1479 834
615 187 1479 639
615 188 1479 355
616 189 1479 792
619 190 1479 1205
623 192 1479 335
623 191 1479 1489
630 193 1479 1734
630 194 1479 142
631 195 1479 706
634 196 1479 1281
642 197 1479 1785
642 198 1479 296
642 199 1479 417
649 200 1479 1710
650 202 1479 178
650 201 1479 751
653 203 1479 1210
655 204 1479 1010
656 205 1479 855
656 206 1479 325
657 207 1479 628
659 208 1479 933
662 209 1479 1343
662 210 1479 12
666 211 1479 1474
675 212 1479 1827
675 213 1479 375
675 214 1479 318
678 215 1479 1294
678 216 1479 437
678 217 1479 18
680 218 1479 1090
681 219 1479 717
682 221 1479 140
682 220 1479 775
683 222 1479 697
684 223 1479 742
684 224 1479 58
684 225 1479 188
684 226 1479 41
686 227 1479 976
692 230 1479 2
692 229 1479 324
692 228 1479 1607
697 231 1479 1529
699 232 1479 1026
701 233 1479 980
701 234 1479 333
703 235 1479 904
703 236 1479 252
703 237 1479 463
703 238 1479 313
707 241 1479 206
707 240 1479 36
707 239 1479 1354
713 242 1479 1631
715 243 1479 936
716 244 1479 779
722 245 1479 1655
727 246 1479 1586
739 247 1479 1884
743 248 1479 1416
744 250 1479 268
744 249 1479 772
747 251 1479 1262
748 252 1479 694
753 253 1479 1503
758 254 1479 1567
763 255 1479 1569
763 256 1479 54
767 257 1479 1361
770 258 1479 1152
771 259 1479 822
772 260 1479 814
775 261 1479 1274
777 262 1479 946
778 263 1479 609
781 264 1479 1340
781 265 1479 408
781 266 1479 447
782 268 1479 41
782 267 1479 846
785 269 1479 1339
787 270 1479 1042
801 271 1479 1899
807 272 1479 1630
813 273 1479 1661
814 274 1479 681
815 275 1479 569
815 276 1479 434
821 277 1479 1685
834 278 1479 1887
834 279 1479 327
835 280 1479 526
835 281 1479 81
839 282 1479 1485
840 283 1479 834
840 284 1479 56
841 285 1479 665
842 286 1479 834
846 287 1479 1447
849 288 1479 1338
850 289 1479 689
851 290 1479 849
852 291 1479 816
855 292 1479 1236
859 293 1479 1415
860 294 1479 540
861 295 1479 687
864 296 1479 1184
866 297 1479 1021
871 298 1479 1520
871 299 1479 371
874 300 1479 1207
875 301 1479 740
885 302 1479 1843
885 303 1479 77
891 305 1479 294
891 304 1479 1655
896 306 1479 1556
