1 0 1698 571
2 1 1698 866
2 2 1698 396
4 3 1698 1052
5 4 1698 803
5 5 1698 132
6 6 1698 717
7 7 1698 794
8 10 1698 312
8 8 1698 664
8 9 1698 382
10 11 1698 931
16 12 1698 1618
16 13 1698 472
21 14 1698 1498
28 15 1698 1724
30 16 1698 879
31 17 1698 744
33 18 1698 1009
34 19 1698 779
34 20 1698 434
38 21 1698 1378
39 22 1698 745
40 23 1698 499
41 24 1698 667
42 25 1698 795
42 26 1698 245
43 28 1698 421
43 27 1698 712
46 29 1698 1271
50 30 1698 1376
52 31 1698 1060
53 32 1698 507
57 33 1698 1417
59 34 1698 962
65 35 1698 1632
66 38 1698 375
66 37 1698 187
66 36 1698 682
76 39 1698 1852
76 40 1698 189
79 41 1698 1330
80 42 1698 710
82 43 1698 1009
83 44 1698 852
84 46 1698 117
84 45 1698 831
85 47 1698 665
86 48 1698 696
91 49 1698 1579
92 50 1698 744
94 51 1698 982
95 52 1698 759
100 53 1698 1526
101 54 1698 637
103 56 1698 120
103 55 1698 1118
112 57 1698 1821
112 58 1698 384
112 59 1698 7
121 60 1698 1811
121 61 1698 5
121 62 1698 372
124 63 1698 1317
126 64 1698 930
129 67 1698 200
129 65 1698 1176
129 66 1698 424
133 68 1698 1434
141 69 1698 1791
143 70 1698 1042
144 72 1698 369
144 71 1698 692
146 73 1698 1082
147 74 1698 590
149 75 1698 1028
150 76 1698 667
156 77 1698 1661
161 78 1698 1572
169 79 1698 1761
170 80 1698 677
175 81 1698 1505
175 82 1698 16
176 83 1698 767
177 84 1698 527
177 85 1698 394
177 86 1698 301
179 87 1698 905
180 88 1698 780
188 89 1698 1769
193 90 1698 1512
194 91 1698 785
201 94 1698 41
201 95 1698 184
201 92 1698 1727
201 93 1698 367
203 96 1698 957
206 97 1698 1318
206 98 1698 79
211 99 1698 1600
211 100 1698 407
221 101 1698 1842
224 102 1698 1155
225 103 1698 829
226 105 1698 51
226 104 1698 536
227 106 1698 613
232 107 1698 1602
234 108 1698 936
239 109 1698 1533
239 110 1698 450
239 111 1698 383
239 112 1698 248
240 113 1698 548
243 115 1698 306
243 114 1698 1254
260 116 1698 1913
265 117 1698 1530
266 118 1698 790
267 119 1698 535
269 120 1698 875
273 121 1698 1443
277 122 1698 1345
282 125 1698 257
282 124 1698 279
282 123 1698 1589
284 126 1698 889
284 127 1698 1
286 128 1698 1040
286 129 1698 406
286 130 1698 70
289 131 1698 1274
294 132 1698 1582
308 133 1698 1897
312 134 1698 1353
313 135 1698 760
313 136 1698 349
315 137 1698 1111
315 138 1698 231
315 139 1698 475
322 140 1698 1706
323 141 1698 624
336 142 1698 1894
339 143 1698 1171
342 144 1698 1319
344 145 1698 1128
345 146 1698 537
348 147 1698 1179
350 148 1698 1037
356 149 1698 1659
356 150 1698 195
360 151 1698 1352
361 152 1698 527
365 153 1698 1468
366 154 1698 725
368 155 1698 889
368 156 1698 496
372 157 1698 1491
373 158 1698 550
373 159 1698 279
375 160 1698 1087
376 161 1698 611
377 162 1698 561
378 163 1698 529
382 164 1698 1462
384 165 1698 1101
385 166 1698 726
385 167 1698 276
387 168 1698 1119
387 169 1698 493
399 170 1698 1881
400 171 1698 802
403 173 1698 314
403 172 1698 1299
404 174 1698 754
404 175 1698 250
408 176 1698 1473
408 177 1698 174
408 178 1698 270
410 179 1698 1076
416 180 1698 1644
422 181 1698 1634
424 182 1698 888
427 183 1698 1306
427 184 1698 211
428 185 1698 643
429 186 1698 746
429 187 1698 113
432 188 1698 1171
432 189 1698 464
432 190 1698 264
433 191 1698 783
434 192 1698 560
446 193 1698 1876
449 194 1698 1313
451 195 1698 1094
451 196 1698 62
455 197 1698 1365
461 202 1698 59
461 200 1698 401
461 201 1698 260
461 198 1698 1633
461 199 1698 217
462 203 1698 544
469 204 1698 1702
472 205 1698 1317
472 206 1698 52
472 207 1698 212
473 208 1698 714
473 209 1698 474
476 211 1698 321
476 210 1698 1340
479 212 1698 1220
483 213 1698 1399
484 214 1698 559
488 215 1698 1377
494 216 1698 1648
497 217 1698 1180
497 218 1698 317
498 220 1698 355
498 219 1698 819
499 221 1698 612
501 222 1698 1029
502 223 1698 655
502 224 1698 229
504 225 1698 1098
504 226 1698 242
508 227 1698 1347
510 228 1698 926
515 233 1698 52
515 232 1698 466
515 230 1698 188
515 229 1698 1584
515 231 1698 108
516 234 1698 674
520 235 1698 1384
525 236 1698 1575
525 237 1698 344
530 238 1698 1528
531 239 1698 819
532 240 1698 590
533 241 1698 533
536 242 1698 1324
537 243 1698 697
539 244 1698 1048
550 245 1698 1867
554 246 1698 1487
556 247 1698 1086
559 248 1698 1317
570 249 1698 1861
574 250 1698 1371
575 251 1698 807
577 252 1698 1047
578 253 1698 814
586 254 1698 1787
593 255 1698 1713
596 256 1698 1156
599 257 1698 1329
599 258 1698 314
600 259 1698 604
602 260 1698 1075
603 261 1698 630
606 262 1698 1211
608 263 1698 1054
608 264 1698 286
611 265 1698 1231
619 266 1698 1780
622 267 1698 1168
623 268 1698 724
625 269 1698 1100
632 270 1698 1727
635 271 1698 1303
640 272 1698 1576
644 273 1698 1423
644 274 1698 228
651 275 1698 1747
654 276 1698 1213
654 277 1698 332
659 278 1698 1531
659 279 1698 286
664 280 1698 1535
666 281 1698 1080
666 282 1698 30
668 283 1698 990
668 284 1698 212
671 285 1698 1305
673 286 1698 986
678 287 1698 1576
678 288 1698 189
680 289 1698 886
680 290 1698 227
680 291 1698 245
680 292 1698 29
682 293 1698 923
688 294 1698 1668
700 295 1698 1885
703 296 1698 1247
703 297 1698 270
703 298 1698 410
710 304 1698 133
710 303 1698 216
710 302 1698 361
710 305 1698 67
710 300 1698 86
710 299 1698 1742
710 301 1698 319
713 306 1698 1156
