0 0 42 459
0 376 42 362
0 375 42 1431
1 1 42 692
2 377 42 1127
12 378 42 1834
18 2 42 1914
18 380 42 129
18 379 42 1612
22 3 42 1413
24 4 42 1070
24 5 42 349
27 6 42 1338
27 7 42 232
27 8 42 25
27 9 42 228
27 381 42 1796
29 382 42 1108
30 383 42 855
30 10 42 1338
32 11 42 1042
32 385 42 150
32 384 42 1111
33 386 42 655
35 12 42 1233
39 387 42 1614
40 13 42 1579
44 389 42 144
44 388 42 1519
44 14 42 1461
44 15 42 90
47 390 42 1282
51 16 42 1727
52 391 42 1581
53 392 42 841
53 393 42 482
54 17 42 1180
54 394 42 695
57 395 42 1207
57 18 42 1270
58 19 42 692
61 20 42 1230
63 396 42 1679
65 397 42 1089
66 398 42 587
71 399 42 1550
71 21 42 1837
72 400 42 692
72 401 42 430
73 22 42 1109
74 402 42 1124
76 23 42 1214
77 24 42 631
78 403 42 1357
79 25 42 1004
79 26 42 251
81 27 42 959
81 404 42 1272
84 28 42 1254
84 29 42 59
85 30 42 736
88 31 42 1248
90 32 42 942
92 408 42 217
92 407 42 103
92 406 42 471
92 405 42 1871
92 409 42 224
95 33 42 1554
97 34 42 1036
98 410 42 1661
102 412 42 243
102 35 42 1561
102 411 42 1436
104 37 42 453
104 36 42 1039
105 413 42 1260
112 414 42 1702
114 417 42 316
114 418 42 397
114 416 42 115
114 415 42 964
115 419 42 831
117 38 42 1895
119 39 42 1027
119 420 42 1384
120 421 42 563
123 422 42 1324
127 423 42 1380
127 424 42 292
128 40 42 1804
128 41 42 125
131 42 42 1229
132 43 42 755
132 427 42 100
132 426 42 196
132 425 42 1535
133 44 42 822
134 428 42 888
134 45 42 640
135 47 42 331
135 46 42 759
137 50 42 374
137 48 42 872
137 49 42 430
139 51 42 919
140 52 42 671
141 429 42 1737
146 53 42 1616
146 54 42 465
147 430 42 1676
147 55 42 547
150 431 42 1197
151 433 42 283
151 432 42 540
152 56 42 1507
153 434 42 920
153 57 42 700
154 61 42 379
154 60 42 97
154 59 42 65
154 58 42 781
156 62 42 903
159 435 42 1624
160 436 42 672
166 437 42 1675
169 63 42 1891
171 438 42 1507
173 64 42 1417
173 65 42 90
173 66 42 99
174 439 42 1164
178 67 42 1604
179 440 42 1603
179 68 42 542
180 441 42 552
184 442 42 1396
187 444 42 407
187 443 42 1294
188 69 42 1824
190 70 42 976
193 71 42 1274
195 445 42 1770
196 73 42 243
196 72 42 1210
197 74 42 813
198 446 42 1338
199 75 42 1104
200 76 42 607
200 78 42 391
200 77 42 354
203 447 42 1505
204 448 42 704
210 449 42 1655
212 450 42 1092
216 451 42 1362
217 80 42 244
217 79 42 1916
217 452 42 692
223 455 42 128
223 454 42 166
223 453 42 1680
225 456 42 1030
227 81 42 1844
227 82 42 87
228 83 42 823
231 457 42 1668
233 458 42 1065
234 84 42 1609
239 459 42 1662
241 85 42 1741
242 86 42 577
245 87 42 1251
245 460 42 1675
245 461 42 371
247 462 42 1140
247 91 42 339
247 464 42 473
247 89 42 489
247 90 42 53
247 463 42 405
247 88 42 1088
247 465 42 463
249 466 42 896
252 92 42 1596
261 469 42 77
261 470 42 292
261 471 42 365
261 467 42 1885
261 468 42 340
262 472 42 734
262 93 42 1829
264 94 42 929
265 473 42 1157
268 474 42 1153
268 95 42 1424
269 475 42 832
271 477 42 29
271 96 42 1147
271 476 42 1092
273 479 42 446
273 480 42 196
273 478 42 973
274 481 42 616
274 97 42 1263
277 482 42 1321
277 98 42 1262
278 99 42 731
279 100 42 540
280 483 42 1157
281 485 42 314
281 484 42 644
281 101 42 1079
282 486 42 505
283 487 42 784
283 488 42 116
284 489 42 791
285 490 42 594
287 491 42 928
288 492 42 610
288 102 42 1713
290 103 42 972
294 104 42 1379
296 493 42 1770
296 105 42 1025
300 494 42 1414
302 107 42 427
302 106 42 1633
303 108 42 803
303 495 42 1232
306 109 42 1285
306 496 42 1336
308 497 42 990
309 498 42 821
317 110 42 1864
320 111 42 1153
320 499 42 1868
320 112 42 309
321 113 42 790
322 500 42 874
326 501 42 1378
328 114 42 1745
328 115 42 178
328 116 42 292
328 117 42 79
328 118 42 281
329 502 42 1164
330 503 42 626
333 119 42 1600
334 504 42 1363
335 505 42 726
336 506 42 628
337 120 42 1438
338 121 42 773
339 123 42 53
339 122 42 515
340 507 42 1459
341 508 42 527
344 509 42 1259
346 510 42 961
347 124 42 1770
348 511 42 1001
348 125 42 637
349 512 42 695
350 513 42 618
353 126 42 1602
354 514 42 1465
356 515 42 1058
356 127 42 1305
358 516 42 974
359 128 42 1238
362 129 42 1313
373 517 42 1908
374 130 42 1882
377 131 42 1268
379 132 42 1016
379 518 42 1685
379 519 42 159
384 133 42 1585
388 134 42 1375
390 135 42 1089
390 136 42 131
391 520 42 1883
391 521 42 111
392 137 42 1039
396 138 42 1368
397 142 42 448
397 140 42 108
397 139 42 584
397 141 42 149
399 522 42 1768
403 523 42 1474
404 143 42 1728
405 144 42 549
406 146 42 30
406 145 42 825
407 524 42 1408
407 148 42 84
407 147 42 806
408 149 42 751
410 150 42 1132
410 525 42 1289
412 151 42 1067
414 152 42 982
416 526 42 1680
418 527 42 888
419 153 42 1586
422 154 42 1217
424 528 42 1668
429 155 42 1692
430 156 42 563
434 529 42 1845
436 157 42 1659
438 530 42 1420
438 531 42 101
438 158 42 1127
439 159 42 742
440 532 42 1133
442 533 42 1029
443 160 42 1348
443 161 42 328
445 162 42 1114
447 534 42 1497
448 535 42 743
449 163 42 1415
452 164 42 1328
452 536 42 1376
453 537 42 694
453 165 42 595
453 166 42 136
454 167 42 649
457 168 42 1339
458 170 42 46
458 169 42 655
460 538 42 1719
461 171 42 1178
462 172 42 636
468 173 42 1622
470 539 42 1843
472 174 42 1492
475 176 42 324
475 175 42 1289
476 177 42 712
476 540 42 1610
478 542 42 256
478 541 42 970
479 543 42 782
480 178 42 1429
482 179 42 944
483 180 42 607
484 181 42 795
487 182 42 1221
487 183 42 487
487 184 42 180
487 544 42 1755
488 185 42 814
488 186 42 286
492 545 42 1517
492 546 42 232
492 187 42 1354
492 188 42 367
498 189 42 1608
499 191 42 396
499 190 42 526
509 192 42 1836
510 549 42 355
510 193 42 625
510 550 42 257
510 547 42 1916
510 548 42 305
513 194 42 1161
514 551 42 1353
517 552 42 1230
518 553 42 662
520 195 42 1704
522 196 42 959
524 198 42 399
524 197 42 958
534 554 42 1910
535 555 42 763
536 199 42 1878
537 200 42 688
540 201 42 1306
540 556 42 1534
544 202 42 1391
546 557 42 1615
548 203 42 1353
549 558 42 1142
549 559 42 74
549 204 42 704
551 560 42 971
557 561 42 1665
561 206 42 431
561 205 42 1879
564 562 42 1716
564 208 42 94
564 207 42 1285
565 563 42 606
573 564 42 1763
574 565 42 860
574 209 42 1853
578 210 42 1367
582 566 42 1793
586 212 42 230
586 214 42 135
586 211 42 1776
586 213 42 182
587 215 42 552
587 567 42 1591
589 216 42 1032
589 568 42 1046
590 217 42 626
590 569 42 721
593 218 42 1234
594 220 42 309
594 219 42 514
595 222 42 281
595 221 42 707
596 570 42 1607
596 571 42 280
596 572 42 189
601 224 42 129
601 223 42 1656
604 573 42 1767
604 574 42 473
606 575 42 912
606 225 42 1574
609 226 42 1266
609 227 42 10
609 228 42 460
614 576 42 1779
616 229 42 1712
616 230 42 329
616 577 42 985
619 231 42 1291
619 232 42 312
622 578 42 1643
623 233 42 1475
623 234 42 256
626 235 42 1225
629 236 42 1329
631 579 42 1816
633 580 42 1056
637 237 42 1792
639 581 42 1688
640 582 42 582
643 583 42 1313
644 238 42 1707
644 239 42 226
644 240 42 382
646 241 42 926
648 584 42 1588
648 585 42 66
649 243 42 438
649 244 42 240
649 586 42 795
649 587 42 470
649 242 42 1260
650 245 42 674
650 246 42 166
651 588 42 1043
652 589 42 733
654 590 42 1134
656 247 42 1654
656 248 42 490
657 249 42 609
658 251 42 333
658 250 42 672
660 591 42 1685
664 592 42 1477
664 252 42 1648
670 593 42 1645
672 594 42 871
673 253 42 1810
678 254 42 1569
683 595 42 1869
686 596 42 1179
691 597 42 1575
693 255 42 1906
693 598 42 943
695 256 42 1024
695 599 42 895
701 257 42 1660
701 600 42 1649
702 601 42 565
704 258 42 1224
704 602 42 870
706 259 42 1054
707 260 42 612
707 261 42 421
708 262 42 824
708 263 42 306
709 603 42 1509
710 604 42 672
713 264 42 1523
713 265 42 76
717 266 42 1463
718 267 42 679
724 605 42 1902
727 606 42 1164
728 268 42 1851
729 269 42 834
731 607 42 1387
731 608 42 188
732 270 42 1147
733 609 42 997
735 610 42 908
735 271 42 1164
736 611 42 549
736 272 42 843
738 274 42 131
738 273 42 1007
741 275 42 1307
745 276 42 1372
750 612 42 1897
753 613 42 1251
753 277 42 1768
757 278 42 1415
761 279 42 1380
765 280 42 1408
770 281 42 1537
774 282 42 1444
782 283 42 1776
784 284 42 1040
804 285 42 1921
809 286 42 1567
809 287 42 427
819 289 42 275
819 290 42 201
819 288 42 1831
824 291 42 1593
825 292 42 568
826 293 42 653
831 294 42 1539
844 296 42 102
844 295 42 1886
846 297 42 953
847 298 42 840
847 299 42 164
849 300 42 1136
853 301 42 1412
860 302 42 1728
865 303 42 1580
869 304 42 1386
873 305 42 1432
877 306 42 1414
878 307 42 640
884 308 42 1678
884 309 42 261
885 310 42 533
888 311 42 1181
888 312 42 244
896 313 42 1769
901 314 42 1571
903 315 42 1000
905 316 42 901
907 317 42 972
910 318 42 1191
915 319 42 1527
915 320 42 433
917 321 42 1036
918 322 42 772
923 323 42 1575
924 324 42 632
928 325 42 1478
929 326 42 596
929 327 42 190
933 328 42 1393
933 329 42 170
936 330 42 1204
936 331 42 418
938 332 42 927
941 333 42 1250
941 334 42 244
962 335 42 1921
969 336 42 1733
977 338 42 389
977 337 42 1789
982 339 42 1532
983 340 42 506
985 341 42 926
986 342 42 673
991 343 42 1569
997 344 42 1666
999 345 42 945
1003 346 42 1349
1004 347 42 724
1006 348 42 1007
1007 349 42 538
1009 350 42 984
1011 351 42 1054
1017 352 42 1687
1020 353 42 1238
1026 354 42 1656
1026 355 42 99
1027 356 42 639
1027 357 42 152
1029 358 42 947
1039 359 42 1832
1040 360 42 836
1043 361 42 1223
1046 362 42 1172
1051 363 42 1508
1053 364 42 982
1053 365 42 115
1053 366 42 253
1055 367 42 918
1060 368 42 1524
1065 369 42 1574
1068 370 42 1191
1070 371 42 1037
1071 372 42 582
1076 373 42 1583
1078 374 42 1020
