0 0 232 340
1 1 232 838
2 2 232 679
2 3 232 361
4 4 232 952
8 5 232 1440
8 6 232 233
14 7 232 1646
17 8 232 1342
18 9 232 795
22 10 232 1384
27 11 232 1550
29 12 232 1044
29 13 232 322
35 14 232 1614
40 15 232 1580
40 16 232 39
40 17 232 140
42 20 232 63
42 18 232 967
42 19 232 348
47 21 232 1513
49 22 232 880
53 23 232 1349
53 24 232 319
65 25 232 1877
66 26 232 651
69 28 232 222
69 27 232 1291
70 29 232 691
85 30 232 1905
89 31 232 1396
89 32 232 474
89 33 232 354
91 34 232 936
93 35 232 1112
97 36 232 1386
101 37 232 1490
103 38 232 986
107 39 232 1411
110 40 232 1267
114 41 232 1367
114 42 232 43
115 43 232 657
122 44 232 1715
128 45 232 1620
133 46 232 1495
136 49 232 200
136 48 232 120
136 47 232 1261
137 50 232 681
143 51 232 1618
143 52 232 119
143 53 232 330
143 54 232 19
144 55 232 751
156 56 232 1883
159 58 232 41
159 57 232 1254
161 59 232 1000
162 60 232 789
163 61 232 866
167 62 232 1423
168 63 232 651
169 64 232 815
185 65 232 1912
187 66 232 1075
188 67 232 690
191 68 232 1311
192 69 232 501
192 70 232 194
192 71 232 474
194 72 232 1079
198 73 232 1480
200 74 232 1005
201 75 232 621
205 77 232 222
205 76 232 1470
210 78 232 1559
211 79 232 624
211 80 232 381
214 81 232 1314
217 82 232 1171
217 83 232 22
217 84 232 10
217 85 232 286
220 89 232 184
220 88 232 335
220 86 232 1277
220 87 232 144
223 90 232 1154
223 91 232 131
227 92 232 1448
243 93 232 1910
244 94 232 621
244 95 232 401
255 96 232 1868
258 97 232 1317
266 98 232 1767
273 99 232 1728
274 100 232 544
275 101 232 805
287 102 232 1875
292 104 232 6
292 105 232 207
292 103 232 1544
293 106 232 539
294 107 232 563
297 108 232 1249
300 109 232 1322
303 110 232 1205
309 111 232 1661
315 112 232 1620
318 113 232 1341
319 114 232 619
323 115 232 1400
329 116 232 1620
333 117 232 1401
334 118 232 640
335 119 232 529
336 120 232 634
338 121 232 930
338 122 232 355
340 123 232 1126
343 125 232 62
343 124 232 1271
345 126 232 950
347 127 232 1093
348 128 232 858
349 129 232 604
350 130 232 678
350 131 232 153
350 132 232 380
358 134 232 79
358 133 232 1756
363 135 232 1501
367 136 232 1364
372 137 232 1551
372 138 232 16
379 139 232 1728
385 140 232 1671
386 141 232 714
387 142 232 820
389 143 232 937
391 144 232 904
395 145 232 1418
395 146 232 436
395 147 232 107
398 148 232 1290
401 149 232 1146
402 151 232 466
402 150 232 705
403 152 232 676
406 153 232 1237
408 154 232 1093
413 155 232 1539
413 156 232 450
414 157 232 748
414 158 232 272
425 159 232 1868
428 160 232 1181
432 161 232 1370
438 162 232 1629
439 163 232 645
440 164 232 643
442 165 232 1052
445 166 232 1280
453 167 232 1789
456 168 232 1261
458 169 232 1043
458 170 232 35
458 171 232 68
462 172 232 1384
463 173 232 837
464 174 232 782
474 175 232 1845
474 176 232 110
477 177 232 1342
477 178 232 222
485 179 232 1778
490 180 232 1550
491 181 232 843
498 182 232 1728
504 183 232 1636
513 184 232 1823
513 185 232 212
517 186 232 1402
519 187 232 1067
520 188 232 662
520 189 232 465
522 190 232 1050
523 191 232 616
526 192 232 1279
526 193 232 72
527 194 232 546
527 195 232 301
529 196 232 1009
529 197 232 175
529 198 232 294
537 200 232 137
537 199 232 1776
538 201 232 572
539 202 232 770
539 203 232 247
541 204 232 1111
542 205 232 637
544 206 232 1006
552 208 232 455
552 207 232 1763
555 209 232 1172
559 210 232 1429
561 211 232 1033
562 212 232 526
562 213 232 418
562 214 232 318
562 215 232 338
567 216 232 1567
585 217 232 1917
586 218 232 746
586 219 232 431
591 221 232 213
591 220 232 1575
593 222 232 1126
594 223 232 796
612 224 232 1917
615 225 232 1344
616 226 232 714
619 227 232 1312
619 228 232 290
619 229 232 481
620 230 232 835
631 231 232 1859
633 232 232 1048
633 233 232 370
639 234 232 1641
641 235 232 977
641 236 232 72
645 237 232 1480
646 238 232 525
649 239 232 1186
651 240 232 1130
656 241 232 1563
657 242 232 612
661 243 232 1414
663 244 232 961
663 245 232 17
663 246 232 89
664 247 232 860
670 249 232 208
670 248 232 1679
671 250 232 658
673 251 232 1017
677 252 232 1353
685 253 232 1787
685 254 232 201
695 255 232 1849
699 256 232 1371
713 258 232 254
713 257 232 1899
720 259 232 1692
730 260 232 1848
736 261 232 1619
740 262 232 1472
754 263 232 1898
754 264 232 337
758 265 232 1494
774 266 232 1909
774 267 232 155
775 268 232 702
778 269 232 1265
778 270 232 265
778 271 232 86
782 272 232 1392
786 273 232 1485
789 274 232 1226
789 275 232 11
794 276 232 1525
800 277 232 1636
808 278 232 1759
822 279 232 1899
825 280 232 1254
833 281 232 1778
838 282 232 1557
838 283 232 82
845 284 232 1747
852 285 232 1743
853 286 232 505
856 288 232 169
856 287 232 1185
863 289 232 1717
868 290 232 1531
868 291 232 98
871 292 232 1226
872 293 232 757
875 294 232 1263
879 295 232 1435
879 296 232 90
880 297 232 639
882 298 232 1077
886 299 232 1392
886 300 232 32
897 301 232 1859
897 302 232 158
897 303 232 414
908 304 232 1868
909 305 232 571
914 306 232 1550
