4 0 368 1393
5 1 368 615
6 2 368 719
7 3 368 785
8 4 368 850
8 5 368 257
12 6 368 1476
14 7 368 935
18 8 368 1369
24 9 368 1627
24 10 368 125
27 11 368 1279
32 12 368 1582
32 13 368 498
34 14 368 1000
40 16 368 156
40 17 368 177
40 15 368 1683
43 18 368 1283
60 19 368 1916
60 20 368 364
61 21 368 783
67 22 368 1654
67 23 368 216
75 24 368 1786
77 26 368 463
77 25 368 1060
78 27 368 823
80 28 368 875
84 29 368 1454
88 30 368 1362
90 31 368 907
90 32 368 138
90 33 368 12
95 34 368 1511
98 35 368 1266
100 37 368 115
100 36 368 1044
101 38 368 812
105 39 368 1403
110 40 368 1506
110 41 368 250
119 42 368 1795
120 43 368 528
123 44 368 1283
127 46 368 125
127 47 368 321
127 45 368 1445
130 48 368 1184
135 49 368 1520
136 50 368 597
137 51 368 502
141 52 368 1378
147 53 368 1679
148 54 368 700
149 55 368 609
151 56 368 885
152 57 368 503
154 58 368 923
161 59 368 1715
168 60 368 1719
169 61 368 652
169 62 368 59
179 63 368 1839
179 64 368 264
182 65 368 1142
184 66 368 1141
189 67 368 1570
191 68 368 911
197 69 368 1658
198 70 368 639
198 71 368 41
201 72 368 1289
210 74 368 409
210 73 368 1804
210 75 368 114
212 76 368 913
214 77 368 1125
215 78 368 858
215 79 368 340
217 80 368 934
217 81 368 141
222 82 368 1564
225 83 368 1280
226 84 368 857
227 85 368 860
231 87 368 384
231 86 368 1454
234 88 368 1236
236 89 368 901
236 90 368 380
237 91 368 541
239 92 368 1116
241 93 368 1022
247 94 368 1608
248 96 368 190
248 95 368 853
260 97 368 1880
260 98 368 264
260 99 368 140
260 100 368 304
260 101 368 480
263 102 368 1334
267 103 368 1450
269 104 368 880
270 105 368 555
272 106 368 1137
277 107 368 1498
280 108 368 1269
281 109 368 586
287 110 368 1621
293 111 368 1684
298 112 368 1570
299 113 368 583
300 114 368 780
305 115 368 1578
307 116 368 1013
308 117 368 704
310 118 368 982
313 119 368 1329
319 120 368 1613
320 121 368 756
320 122 368 333
320 123 368 9
323 125 368 98
323 124 368 1277
324 126 368 850
324 127 368 267
324 128 368 195
328 129 368 1481
338 130 368 1848
340 131 368 957
341 132 368 861
342 135 368 453
342 134 368 36
342 133 368 717
343 136 368 731
343 137 368 114
343 138 368 399
343 139 368 301
349 140 368 1648
361 141 368 1880
363 142 368 1040
364 143 368 650
367 144 368 1205
368 145 368 621
370 146 368 895
371 147 368 533
371 148 368 241
371 149 368 30
379 150 368 1765
383 151 368 1410
385 152 368 897
386 154 368 451
386 153 368 860
390 155 368 1472
390 156 368 146
393 157 368 1324
393 158 368 172
394 159 368 782
400 160 368 1630
402 161 368 869
405 162 368 1302
412 163 368 1712
413 164 368 662
414 165 368 664
415 166 368 823
416 167 368 852
417 168 368 546
417 169 368 326
418 170 368 846
420 171 368 898
420 172 368 305
421 173 368 681
426 174 368 1605
432 175 368 1658
438 176 368 1641
444 177 368 1608
445 178 368 729
446 179 368 656
448 183 368 165
448 182 368 25
448 180 368 1127
448 181 368 316
454 190 368 307
454 184 368 1641
454 185 368 438
454 186 368 59
454 187 368 1
454 188 368 266
454 189 368 488
457 191 368 1331
468 192 368 1866
473 193 368 1541
474 194 368 595
475 195 368 778
476 196 368 577
479 197 368 1252
495 198 368 1912
496 199 368 541
503 201 368 43
503 200 368 1723
519 202 368 1911
529 203 368 1839
531 204 368 1108
532 205 368 866
534 206 368 1105
534 207 368 216
537 208 368 1179
538 209 368 718
546 211 368 462
546 210 368 1755
547 212 368 595
551 213 368 1441
556 214 368 1580
559 215 368 1313
560 216 368 844
562 219 368 224
562 217 368 1137
562 218 368 71
563 220 368 604
564 221 368 821
565 222 368 586
565 223 368 58
565 224 368 19
569 225 368 1440
571 226 368 957
572 227 368 689
572 228 368 85
573 229 368 827
575 231 368 389
575 230 368 1080
581 232 368 1621
581 233 368 188
582 234 368 858
584 235 368 1084
584 236 368 330
584 237 368 110
586 238 368 981
587 239 368 775
590 240 368 1257
598 241 368 1768
599 242 368 747
603 243 368 1472
604 244 368 657
612 245 368 1769
613 246 368 736
613 247 368 425
625 248 368 1885
628 249 368 1207
639 250 368 1858
643 251 368 1365
646 252 368 1181
652 253 368 1687
663 254 368 1861
665 255 368 901
669 256 368 1381
679 257 368 1853
688 258 368 1820
693 259 368 1593
703 260 368 1834
703 261 368 416
703 262 368 130
703 263 368 351
708 264 368 1562
712 265 368 1366
713 266 368 766
713 267 368 406
714 269 368 496
714 268 368 583
716 270 368 983
717 271 368 733
717 272 368 155
720 273 368 1221
722 274 368 891
723 275 368 761
723 276 368 74
725 277 368 1038
728 279 368 175
728 278 368 1325
729 280 368 703
730 281 368 531
731 282 368 728
732 283 368 803
734 284 368 893
740 285 368 1640
742 286 368 1133
753 288 368 252
753 287 368 1859
765 289 368 1881
771 290 368 1627
771 291 368 402
771 292 368 215
774 293 368 1312
775 294 368 866
776 295 368 841
782 296 368 1637
782 297 368 395
792 298 368 1835
795 299 368 1215
797 300 368 1003
797 301 368 330
805 302 368 1767
809 303 368 1389
809 304 368 224
811 305 368 1125
814 306 368 1209
