5 0 1909 1590
5 1 1909 58
8 2 1909 1239
10 3 1909 958
10 4 1909 165
12 5 1909 953
14 6 1909 1029
14 7 1909 6
14 8 1909 84
15 9 1909 670
16 10 1909 571
44 11 1909 1924
44 12 1909 26
44 13 1909 121
46 14 1909 1014
47 15 1909 838
47 16 1909 259
49 17 1909 1006
52 19 1909 288
52 18 1909 1200
53 20 1909 630
58 21 1909 1536
60 22 1909 977
63 23 1909 1307
64 24 1909 546
67 25 1909 1293
68 26 1909 537
69 27 1909 758
78 31 1909 303
78 30 1909 322
78 28 1909 1810
78 29 1909 358
80 32 1909 1013
80 33 1909 81
80 34 1909 33
84 35 1909 1430
94 36 1909 1839
94 37 1909 281
95 38 1909 849
96 39 1909 761
97 40 1909 679
97 41 1909 204
97 42 1909 471
98 43 1909 520
107 44 1909 1800
107 45 1909 473
107 46 1909 453
114 47 1909 1721
117 49 1909 266
117 48 1909 1183
118 50 1909 782
127 51 1909 1810
131 52 1909 1356
132 53 1909 591
143 54 1909 1868
143 55 1909 54
145 56 1909 1006
156 58 1909 412
156 57 1909 1856
157 59 1909 796
157 60 1909 416
157 61 1909 270
157 62 1909 120
163 63 1909 1651
163 64 1909 347
163 65 1909 268
165 66 1909 910
176 68 1909 88
176 67 1909 1870
181 69 1909 1508
183 70 1909 923
197 71 1909 1902
197 72 1909 157
197 73 1909 438
202 74 1909 1533
202 75 1909 426
204 77 1909 456
204 76 1909 1064
208 78 1909 1432
208 79 1909 73
209 80 1909 839
210 81 1909 740
215 82 1909 1500
220 83 1909 1544
225 84 1909 1500
225 85 1909 436
227 86 1909 871
227 87 1909 422
227 88 1909 138
242 89 1909 1904
242 90 1909 424
257 91 1909 1907
265 95 1909 409
265 94 1909 345
265 96 1909 83
265 92 1909 1794
265 93 1909 53
266 97 1909 745
266 98 1909 172
271 99 1909 1532
275 100 1909 1487
276 101 1909 508
282 102 1909 1633
287 103 1909 1600
290 104 1909 1267
291 105 1909 804
297 106 1909 1653
299 107 1909 918
301 108 1909 983
305 109 1909 1442
307 110 1909 914
308 111 1909 550
308 112 1909 424
308 113 1909 339
320 114 1909 1881
325 115 1909 1600
326 116 1909 694
327 117 1909 501
327 118 1909 150
337 119 1909 1836
340 120 1909 1321
340 121 1909 488
347 122 1909 1731
347 123 1909 108
349 124 1909 1083
351 128 1909 92
351 127 1909 103
351 125 1909 941
351 126 1909 108
353 129 1909 1123
353 130 1909 342
353 131 1909 319
353 132 1909 283
362 133 1909 1825
363 135 1909 331
363 134 1909 510
365 136 1909 1032
374 137 1909 1825
374 138 1909 276
375 139 1909 695
376 140 1909 708
388 141 1909 1878
392 142 1909 1364
393 143 1909 621
395 144 1909 989
404 145 1909 1799
408 146 1909 1483
412 147 1909 1454
412 148 1909 96
413 149 1909 670
419 150 1909 1639
424 151 1909 1506
425 154 1909 210
425 153 1909 261
425 152 1909 594
427 155 1909 999
428 156 1909 701
433 157 1909 1524
434 158 1909 516
434 159 1909 326
435 160 1909 696
440 161 1909 1550
441 162 1909 825
449 163 1909 1784
451 164 1909 1099
452 165 1909 594
452 166 1909 266
453 167 1909 524
461 168 1909 1753
466 169 1909 1550
467 170 1909 568
468 172 1909 225
468 171 1909 794
472 173 1909 1379
474 174 1909 1127
478 175 1909 1367
480 176 1909 1049
482 177 1909 1110
484 178 1909 1044
487 179 1909 1209
491 180 1909 1382
492 182 1909 6
492 181 1909 578
496 183 1909 1347
500 184 1909 1409
501 185 1909 760
507 186 1909 1649
507 187 1909 21
513 188 1909 1614
517 189 1909 1436
522 190 1909 1554
526 191 1909 1432
529 192 1909 1309
541 193 1909 1874
567 194 1909 1924
569 195 1909 1083
571 196 1909 1052
576 197 1909 1505
580 198 1909 1446
580 199 1909 395
585 200 1909 1532
587 201 1909 958
593 202 1909 1625
593 203 1909 471
593 204 1909 101
594 205 1909 845
597 206 1909 1281
599 207 1909 1139
601 208 1909 1058
602 209 1909 768
614 210 1909 1874
619 211 1909 1516
619 212 1909 480
622 213 1909 1232
624 214 1909 868
624 215 1909 117
629 216 1909 1543
633 218 1909 375
633 219 1909 339
633 217 1909 1403
635 220 1909 870
635 221 1909 245
636 222 1909 834
636 223 1909 317
656 224 1909 1921
658 225 1909 1060
662 227 1909 276
662 226 1909 1409
666 229 1909 44
666 230 1909 315
666 228 1909 1380
670 231 1909 1469
675 232 1909 1589
676 233 1909 648
681 234 1909 1601
681 235 1909 424
683 236 1909 878
687 237 1909 1460
690 238 1909 1245
691 239 1909 563
695 240 1909 1404
696 241 1909 509
698 242 1909 887
699 243 1909 846
703 244 1909 1486
703 245 1909 37
705 246 1909 952
705 247 1909 77
707 248 1909 1005
716 249 1909 1807
720 250 1909 1465
725 251 1909 1574
727 252 1909 1129
729 253 1909 1106
733 254 1909 1449
736 255 1909 1287
736 256 1909 123
739 257 1909 1308
739 258 1909 475
741 259 1909 965
745 260 1909 1361
747 261 1909 1004
753 262 1909 1684
755 263 1909 1014
755 264 1909 452
755 265 1909 405
765 266 1909 1851
773 267 1909 1756
778 269 1909 444
778 268 1909 1555
781 270 1909 1164
781 271 1909 82
781 272 1909 157
788 273 1909 1737
789 274 1909 860
789 275 1909 360
792 276 1909 1282
809 277 1909 1913
810 278 1909 755
822 279 1909 1883
822 280 1909 108
825 281 1909 1332
828 282 1909 1196
833 283 1909 1498
834 284 1909 504
835 286 1909 339
835 287 1909 482
835 285 1909 665
837 288 1909 1124
837 289 1909 314
837 290 1909 300
841 291 1909 1494
843 292 1909 985
843 293 1909 279
845 295 1909 399
845 294 1909 1126
846 296 1909 750
855 297 1909 1798
855 298 1909 393
857 299 1909 1081
857 300 1909 111
859 301 1909 1120
859 302 1909 446
860 303 1909 560
861 304 1909 642
865 305 1909 1382
869 306 1909 1417
