3 0 1783 1259
3 1 1783 208
4 2 1783 742
8 3 1783 1389
8 4 1783 86
13 5 1783 1562
13 6 1783 171
17 8 1783 22
17 7 1783 1486
19 9 1783 1086
20 10 1783 844
24 11 1783 1380
25 12 1783 596
28 16 1783 76
28 13 1783 1342
28 14 1783 171
28 15 1783 233
28 17 1783 432
31 18 1783 1275
33 19 1783 945
33 20 1783 37
34 21 1783 726
34 22 1783 310
41 23 1783 1690
41 24 1783 387
41 25 1783 41
48 26 1783 1731
58 28 1783 247
58 27 1783 1853
59 29 1783 605
60 30 1783 844
64 31 1783 1369
69 32 1783 1582
71 33 1783 983
73 34 1783 1129
77 36 1783 311
77 35 1783 1442
80 38 1783 228
80 37 1783 1205
84 39 1783 1370
91 40 1783 1745
95 41 1783 1398
104 42 1783 1809
107 43 1783 1178
107 44 1783 207
110 45 1783 1209
113 48 1783 429
113 47 1783 374
113 46 1783 1242
114 49 1783 737
114 50 1783 133
117 51 1783 1230
126 52 1783 1803
126 53 1783 100
128 54 1783 889
129 55 1783 532
138 56 1783 1822
140 57 1783 976
142 58 1783 1002
142 59 1783 44
150 60 1783 1755
150 61 1783 243
153 62 1783 1239
156 63 1783 1341
156 64 1783 242
160 65 1783 1399
167 66 1783 1723
172 67 1783 1537
172 68 1783 213
173 69 1783 653
183 70 1783 1847
184 71 1783 795
184 72 1783 204
194 73 1783 1830
196 74 1783 1124
197 75 1783 563
198 76 1783 841
200 77 1783 1057
204 78 1783 1483
206 79 1783 1102
207 80 1783 724
211 81 1783 1357
215 82 1783 1423
219 84 1783 472
219 83 1783 1435
224 85 1783 1539
228 86 1783 1491
232 87 1783 1481
232 88 1783 94
233 89 1783 596
238 90 1783 1545
241 92 1783 203
241 91 1783 1259
241 93 1783 183
246 94 1783 1540
251 95 1783 1501
251 96 1783 159
251 97 1783 468
253 98 1783 936
254 99 1783 732
258 100 1783 1411
264 101 1783 1629
264 102 1783 160
271 103 1783 1700
272 104 1783 815
275 105 1783 1263
277 106 1783 1026
291 107 1783 1898
293 108 1783 900
293 109 1783 325
299 110 1783 1615
300 111 1783 765
304 112 1783 1417
313 113 1783 1825
316 114 1783 1245
316 115 1783 397
317 116 1783 744
324 117 1783 1729
326 118 1783 869
327 119 1783 627
337 120 1783 1833
337 121 1783 241
341 122 1783 1443
346 123 1783 1542
348 124 1783 1032
349 125 1783 587
350 126 1783 591
350 127 1783 20
350 128 1783 289
355 131 1783 373
355 132 1783 120
355 129 1783 1547
355 130 1783 404
356 133 1783 751
362 134 1783 1616
364 135 1783 1019
367 136 1783 1197
373 137 1783 1647
374 138 1783 619
376 139 1783 1133
377 140 1783 513
382 141 1783 1517
383 142 1783 581
390 143 1783 1694
392 144 1783 905
393 145 1783 780
401 146 1783 1766
401 147 1783 303
402 148 1783 862
404 149 1783 1142
405 150 1783 757
405 151 1783 355
410 153 1783 309
410 152 1783 1524
411 154 1783 823
414 155 1783 1170
414 156 1783 186
415 157 1783 543
416 158 1783 668
416 159 1783 227
417 160 1783 671
419 161 1783 1005
425 162 1783 1608
428 163 1783 1277
438 164 1783 1845
441 165 1783 1242
442 166 1783 644
443 167 1783 666
443 168 1783 208
443 169 1783 226
445 170 1783 1125
447 171 1783 1022
449 172 1783 1109
455 173 1783 1660
455 174 1783 114
455 175 1783 316
460 176 1783 1584
466 177 1783 1673
467 178 1783 636
467 179 1783 252
468 181 1783 288
468 180 1783 745
470 182 1783 1082
472 183 1783 1072
473 184 1783 790
473 185 1783 48
474 186 1783 774
481 187 1783 1736
491 189 1783 446
491 188 1783 1853
492 190 1783 832
493 191 1783 654
495 192 1783 979
495 193 1783 391
495 194 1783 462
499 195 1783 1432
509 196 1783 1834
512 197 1783 1228
520 198 1783 1773
525 199 1783 1587
525 200 1783 136
527 202 1783 94
527 201 1783 1100
528 203 1783 636
528 204 1783 16
534 205 1783 1659
537 206 1783 1171
545 207 1783 1789
545 208 1783 194
546 209 1783 507
551 211 1783 437
551 210 1783 1510
561 212 1783 1831
561 213 1783 415
565 214 1783 1407
565 215 1783 382
575 216 1783 1847
576 217 1783 535
576 218 1783 486
585 220 1783 468
585 219 1783 1797
586 221 1783 833
587 222 1783 738
593 223 1783 1687
596 224 1783 1318
596 225 1783 471
596 226 1783 42
597 227 1783 717
600 228 1783 1197
601 231 1783 356
601 229 1783 606
601 230 1783 406
610 232 1783 1825
612 233 1783 974
612 234 1783 116
617 235 1783 1570
617 236 1783 194
617 237 1783 446
619 238 1783 1056
621 239 1783 1056
622 240 1783 802
624 241 1783 909
629 242 1783 1541
633 243 1783 1345
634 244 1783 860
634 245 1783 394
635 246 1783 747
636 247 1783 563
638 249 1783 79
638 248 1783 909
643 250 1783 1510
646 251 1783 1298
647 252 1783 741
661 253 1783 1901
663 254 1783 1119
666 255 1783 1227
666 256 1783 362
666 257 1783 331
669 258 1783 1243
673 259 1783 1469
679 260 1783 1617
679 261 1783 453
680 262 1783 591
685 263 1783 1513
685 264 1783 100
688 265 1783 1153
689 266 1783 537
690 268 1783 299
690 267 1783 856
698 269 1783 1761
698 270 1783 188
702 271 1783 1401
706 272 1783 1404
710 273 1783 1355
712 274 1783 994
716 275 1783 1483
719 276 1783 1216
722 277 1783 1317
723 278 1783 826
725 279 1783 923
731 280 1783 1648
735 281 1783 1403
742 282 1783 1732
744 283 1783 1118
746 284 1783 1021
748 285 1783 1033
753 286 1783 1539
763 287 1783 1849
771 288 1783 1779
772 289 1783 813
775 290 1783 1208
783 291 1783 1787
785 292 1783 1127
790 293 1783 1511
794 294 1783 1364
794 295 1783 348
794 296 1783 318
794 297 1783 28
797 298 1783 1245
803 299 1783 1632
811 300 1783 1782
820 302 1783 264
820 301 1783 1815
822 303 1783 1072
831 305 1783 108
831 304 1783 1815
840 306 1783 1818
