16 0 1669 1912
20 1 1669 1487
25 2 1669 1602
31 3 1669 1667
44 4 1669 1889
49 5 1669 1600
50 6 1669 703
54 7 1669 1351
61 10 1669 136
61 8 1669 1694
61 9 1669 201
68 11 1669 1722
75 12 1669 1750
75 13 1669 410
76 14 1669 543
81 15 1669 1599
89 16 1669 1755
96 19 1669 8
96 18 1669 271
96 17 1669 1706
99 20 1669 1187
99 21 1669 94
100 22 1669 504
102 23 1669 1138
102 24 1669 185
102 25 1669 29
105 26 1669 1264
113 27 1669 1769
116 28 1669 1332
131 29 1669 1906
133 30 1669 1093
136 31 1669 1203
157 32 1669 1921
160 33 1669 1159
166 34 1669 1641
167 35 1669 829
172 36 1669 1560
180 37 1669 1751
185 38 1669 1517
199 39 1669 1900
199 40 1669 262
210 41 1669 1854
216 42 1669 1638
217 43 1669 729
219 44 1669 1036
220 45 1669 677
222 46 1669 1027
223 48 1669 288
223 47 1669 745
224 49 1669 575
230 50 1669 1663
230 51 1669 332
232 52 1669 1058
233 53 1669 630
234 54 1669 582
243 55 1669 1818
245 57 1669 463
245 56 1669 983
249 58 1669 1482
260 59 1669 1859
260 60 1669 336
261 61 1669 859
261 62 1669 18
268 63 1669 1712
270 64 1669 1033
271 65 1669 858
278 66 1669 1725
279 67 1669 590
280 68 1669 694
286 69 1669 1638
286 70 1669 38
286 71 1669 4
286 72 1669 189
286 73 1669 295
292 74 1669 1671
295 76 1669 381
295 75 1669 1257
302 77 1669 1699
302 78 1669 102
306 79 1669 1432
308 80 1669 927
309 81 1669 519
313 82 1669 1480
314 84 1669 243
314 83 1669 756
315 85 1669 761
315 86 1669 145
318 87 1669 1291
319 88 1669 577
326 89 1669 1748
334 90 1669 1770
336 92 1669 269
336 91 1669 1096
341 93 1669 1582
346 94 1669 1564
349 95 1669 1327
359 96 1669 1835
369 97 1669 1850
375 98 1669 1621
375 99 1669 177
377 100 1669 877
377 101 1669 436
377 102 1669 51
378 103 1669 574
379 104 1669 536
385 105 1669 1659
385 106 1669 143
386 107 1669 762
388 108 1669 883
391 109 1669 1249
395 110 1669 1437
398 111 1669 1208
398 112 1669 361
398 113 1669 49
400 114 1669 931
407 115 1669 1742
410 116 1669 1304
413 117 1669 1186
417 118 1669 1469
417 119 1669 271
418 120 1669 712
418 121 1669 434
418 122 1669 12
420 123 1669 870
428 124 1669 1793
429 125 1669 867
435 126 1669 1659
436 127 1669 531
437 128 1669 656
437 129 1669 343
441 131 1669 455
441 132 1669 78
441 130 1669 1347
451 133 1669 1849
452 134 1669 555
452 135 1669 491
452 136 1669 467
454 137 1669 905
454 138 1669 219
455 139 1669 508
456 140 1669 617
459 142 1669 407
459 141 1669 1307
462 143 1669 1253
462 144 1669 310
463 145 1669 562
464 146 1669 735
464 147 1669 219
465 148 1669 650
472 149 1669 1747
472 150 1669 23
473 151 1669 648
473 152 1669 380
477 153 1669 1349
481 154 1669 1390
481 155 1669 442
481 156 1669 423
483 157 1669 1105
484 158 1669 706
489 159 1669 1594
516 160 1669 1924
521 162 1669 105
521 161 1669 1536
522 163 1669 539
531 164 1669 1826
533 165 1669 981
535 166 1669 1130
535 167 1669 436
539 168 1669 1419
539 169 1669 440
542 170 1669 1274
542 171 1669 398
544 172 1669 966
546 173 1669 960
551 174 1669 1579
554 175 1669 1330
554 176 1669 26
555 177 1669 684
556 178 1669 560
559 179 1669 1230
559 180 1669 131
563 181 1669 1440
572 182 1669 1805
573 183 1669 834
573 184 1669 320
574 185 1669 699
574 186 1669 75
575 187 1669 653
575 188 1669 459
575 189 1669 112
575 190 1669 67
578 192 1669 198
578 191 1669 1287
579 193 1669 550
580 194 1669 509
582 195 1669 1005
585 196 1669 1202
593 197 1669 1792
597 198 1669 1351
600 199 1669 1254
604 201 1669 299
604 200 1669 1356
605 202 1669 725
605 203 1669 210
605 204 1669 472
610 205 1669 1550
615 206 1669 1606
618 207 1669 1344
625 209 1669 60
625 208 1669 1695
625 210 1669 415
631 211 1669 1664
632 212 1669 545
636 213 1669 1401
640 214 1669 1463
640 215 1669 483
646 216 1669 1656
649 217 1669 1196
649 218 1669 219
651 219 1669 1127
653 221 1669 476
653 220 1669 906
667 222 1669 1901
670 223 1669 1306
670 224 1669 373
686 225 1669 1912
686 226 1669 199
686 227 1669 416
686 228 1669 451
687 231 1669 158
687 230 1669 128
687 229 1669 573
690 232 1669 1257
693 233 1669 1231
702 234 1669 1798
710 235 1669 1757
711 236 1669 715
716 237 1669 1595
716 238 1669 361
717 239 1669 694
719 240 1669 1017
720 241 1669 655
722 242 1669 883
722 243 1669 399
728 244 1669 1621
728 245 1669 327
729 246 1669 741
730 247 1669 722
732 249 1669 25
732 248 1669 1011
735 250 1669 1274
735 251 1669 5
740 252 1669 1573
740 253 1669 224
740 254 1669 347
742 255 1669 880
742 256 1669 322
745 257 1669 1343
753 258 1669 1761
753 259 1669 485
757 260 1669 1350
760 261 1669 1190
762 262 1669 893
764 263 1669 1121
775 265 1669 256
775 266 1669 407
775 264 1669 1857
778 267 1669 1239
783 268 1669 1527
789 269 1669 1631
796 270 1669 1693
796 271 1669 61
797 272 1669 834
801 273 1669 1449
801 274 1669 110
801 275 1669 250
806 276 1669 1517
811 277 1669 1502
817 278 1669 1609
817 279 1669 45
820 280 1669 1170
824 281 1669 1402
827 282 1669 1329
827 283 1669 426
830 284 1669 1224
830 285 1669 122
831 286 1669 510
833 287 1669 1032
835 288 1669 883
837 289 1669 918
841 290 1669 1435
844 291 1669 1296
852 292 1669 1758
861 293 1669 1801
864 294 1669 1269
872 295 1669 1752
878 296 1669 1687
884 298 1669 467
884 297 1669 1686
888 299 1669 1364
898 300 1669 1845
902 301 1669 1427
904 302 1669 1120
907 303 1669 1305
907 304 1669 256
910 305 1669 1212
912 306 1669 1096
