3 0 1912 1208
5 1 1912 925
5 2 1912 114
7 3 1912 915
17 4 1912 1835
17 5 1912 116
18 6 1912 844
30 7 1912 1880
35 8 1912 1556
46 9 1912 1862
47 10 1912 612
48 11 1912 732
48 12 1912 361
48 13 1912 490
48 14 1912 421
56 15 1912 1781
56 16 1912 492
60 18 1912 443
60 17 1912 1429
70 19 1912 1837
73 20 1912 1278
77 21 1912 1420
97 22 1912 1921
103 23 1912 1627
108 24 1912 1585
109 25 1912 782
115 26 1912 1680
117 27 1912 970
119 28 1912 1071
121 29 1912 947
128 30 1912 1745
128 31 1912 336
130 32 1912 1007
130 33 1912 168
130 34 1912 262
138 35 1912 1773
142 36 1912 1389
145 37 1912 1246
147 38 1912 1084
156 39 1912 1825
156 40 1912 145
156 41 1912 336
156 42 1912 35
156 43 1912 134
156 44 1912 170
160 45 1912 1358
166 46 1912 1612
167 48 1912 128
167 47 1912 570
168 49 1912 535
168 50 1912 102
170 51 1912 1130
178 52 1912 1778
180 53 1912 1067
180 54 1912 452
187 55 1912 1713
189 57 1912 412
189 56 1912 929
192 58 1912 1255
194 59 1912 1052
194 60 1912 360
203 61 1912 1798
204 62 1912 809
205 63 1912 608
205 64 1912 117
205 65 1912 275
211 68 1912 227
211 66 1912 1649
211 67 1912 193
212 69 1912 572
212 70 1912 392
215 71 1912 1170
215 72 1912 345
216 73 1912 542
223 74 1912 1691
225 75 1912 942
229 76 1912 1385
237 77 1912 1787
241 78 1912 1457
241 79 1912 226
243 80 1912 1094
245 81 1912 1109
246 82 1912 842
247 83 1912 535
248 84 1912 845
249 86 1912 483
249 85 1912 614
260 87 1912 1865
266 88 1912 1640
266 89 1912 474
267 90 1912 843
269 91 1912 977
286 92 1912 1916
286 93 1912 31
290 95 1912 271
290 94 1912 1464
294 96 1912 1452
298 97 1912 1351
298 98 1912 16
307 99 1912 1819
313 100 1912 1633
317 101 1912 1419
317 102 1912 342
321 104 1912 142
321 103 1912 1480
322 105 1912 856
323 106 1912 785
326 107 1912 1235
329 108 1912 1301
333 109 1912 1435
333 110 1912 328
335 111 1912 1067
337 112 1912 879
339 113 1912 1028
351 114 1912 1883
354 115 1912 1176
356 116 1912 956
356 117 1912 273
362 118 1912 1688
366 119 1912 1427
373 120 1912 1716
380 121 1912 1709
380 122 1912 477
386 123 1912 1678
392 124 1912 1654
395 125 1912 1340
398 126 1912 1179
398 127 1912 314
400 128 1912 1002
404 129 1912 1419
408 130 1912 1414
408 131 1912 33
416 132 1912 1770
421 133 1912 1562
422 134 1912 518
427 135 1912 1599
428 136 1912 766
431 137 1912 1286
431 138 1912 393
448 139 1912 1914
456 140 1912 1753
459 141 1912 1173
460 143 1912 205
460 144 1912 146
460 142 1912 563
467 145 1912 1700
467 146 1912 97
469 147 1912 887
469 148 1912 73
469 149 1912 288
472 150 1912 1240
475 151 1912 1179
480 152 1912 1588
481 154 1912 102
481 153 1912 514
491 155 1912 1848
493 156 1912 942
494 157 1912 589
502 158 1912 1751
503 159 1912 727
508 160 1912 1601
508 161 1912 471
508 162 1912 232
517 165 1912 294
517 163 1912 1806
517 164 1912 20
520 166 1912 1222
523 167 1912 1242
524 168 1912 510
524 169 1912 283
524 170 1912 409
529 171 1912 1595
538 172 1912 1804
545 173 1912 1699
550 174 1912 1598
551 175 1912 543
554 176 1912 1145
554 177 1912 272
559 178 1912 1531
571 179 1912 1878
574 181 1912 292
574 182 1912 240
574 180 1912 1243
575 183 1912 714
575 184 1912 179
575 185 1912 235
575 186 1912 370
578 187 1912 1256
582 188 1912 1459
583 189 1912 594
584 190 1912 657
584 191 1912 177
588 192 1912 1460
593 193 1912 1591
593 194 1912 312
596 195 1912 1282
598 196 1912 940
599 197 1912 682
599 198 1912 184
607 199 1912 1776
607 200 1912 478
608 202 1912 376
608 201 1912 780
615 203 1912 1714
624 204 1912 1804
629 205 1912 1570
632 206 1912 1299
641 207 1912 1814
642 208 1912 840
646 209 1912 1484
647 210 1912 703
648 211 1912 669
650 212 1912 982
659 213 1912 1797
663 214 1912 1409
666 215 1912 1309
666 216 1912 230
670 217 1912 1443
676 218 1912 1627
683 219 1912 1710
693 220 1912 1849
706 221 1912 1891
713 222 1912 1707
723 223 1912 1841
728 224 1912 1550
728 225 1912 231
728 226 1912 134
728 227 1912 213
732 228 1912 1386
732 229 1912 316
737 232 1912 88
737 230 1912 1528
737 231 1912 463
743 233 1912 1680
747 234 1912 1399
747 235 1912 462
757 236 1912 1840
757 237 1912 450
758 238 1912 834
759 239 1912 534
760 242 1912 415
760 240 1912 860
760 241 1912 480
774 243 1912 1900
783 244 1912 1815
800 245 1912 1913
802 246 1912 1119
807 248 1912 182
807 247 1912 1587
809 249 1912 928
811 250 1912 1052
815 251 1912 1421
817 252 1912 980
817 253 1912 399
827 254 1912 1852
828 255 1912 511
830 256 1912 997
830 257 1912 460
830 258 1912 164
835 259 1912 1572
839 260 1912 1435
841 261 1912 1085
841 262 1912 428
842 263 1912 524
854 264 1912 1880
854 265 1912 239
855 266 1912 581
858 267 1912 1227
858 268 1912 398
860 269 1912 946
864 270 1912 1393
871 271 1912 1704
872 272 1912 609
874 273 1912 1092
875 274 1912 849
879 275 1912 1368
883 276 1912 1475
890 278 1912 25
890 277 1912 1732
895 279 1912 1562
897 280 1912 1036
897 281 1912 471
897 282 1912 31
897 283 1912 457
900 285 1912 106
900 284 1912 1188
904 286 1912 1408
910 287 1912 1614
918 288 1912 1752
920 289 1912 888
924 290 1912 1390
928 291 1912 1380
928 292 1912 286
931 293 1912 1186
933 294 1912 1023
940 296 1912 52
940 295 1912 1700
949 297 1912 1816
949 298 1912 19
954 299 1912 1575
957 300 1912 1332
966 301 1912 1817
969 302 1912 1189
972 303 1912 1161
976 304 1912 1460
979 305 1912 1273
980 306 1912 812
