3 0 945 1261
5 1 945 940
12 2 945 1733
12 3 945 96
12 4 945 208
12 5 945 25
17 6 945 1501
18 7 945 522
21 9 945 463
21 8 945 1145
26 10 945 1556
26 11 945 181
29 12 945 1334
29 13 945 472
30 14 945 734
31 15 945 672
33 16 945 979
34 17 945 830
35 18 945 772
36 19 945 832
38 20 945 952
39 21 945 633
39 22 945 383
39 23 945 336
47 24 945 1774
48 25 945 674
57 27 945 454
57 26 945 1812
58 28 945 530
61 29 945 1210
64 30 945 1313
72 31 945 1760
76 32 945 1451
76 33 945 52
79 34 945 1194
81 35 945 900
84 36 945 1179
90 37 945 1643
95 38 945 1561
95 39 945 458
97 40 945 1050
97 41 945 263
98 42 945 646
104 43 945 1613
104 44 945 242
109 45 945 1500
113 46 945 1435
114 47 945 819
114 48 945 357
114 49 945 276
125 50 945 1859
131 51 945 1658
139 52 945 1782
140 53 945 634
140 54 945 145
141 55 945 627
142 56 945 556
146 57 945 1397
146 58 945 246
150 59 945 1458
150 60 945 137
152 61 945 1047
170 62 945 1916
181 63 945 1860
183 64 945 1075
190 65 945 1720
191 66 945 654
194 67 945 1282
197 68 945 1202
205 69 945 1759
209 70 945 1418
212 71 945 1260
215 72 945 1194
215 73 945 314
222 74 945 1706
223 75 945 688
239 76 945 1911
240 77 945 695
240 78 945 94
240 79 945 274
243 80 945 1163
245 81 945 993
245 82 945 97
245 83 945 254
248 84 945 1275
253 85 945 1579
267 86 945 1902
268 87 945 817
278 88 945 1831
279 89 945 567
279 90 945 343
286 91 945 1706
290 96 945 271
290 95 945 3
290 94 945 320
290 93 945 102
290 92 945 1396
291 97 945 711
292 98 945 538
292 99 945 446
293 100 945 845
293 101 945 153
298 102 945 1541
299 103 945 522
300 104 945 782
301 105 945 598
301 106 945 464
305 107 945 1468
306 108 945 853
310 109 945 1382
311 110 945 640
319 111 945 1786
322 112 945 1303
336 114 945 295
336 113 945 1897
338 115 945 1069
340 116 945 950
346 117 945 1662
347 118 945 584
351 119 945 1420
358 120 945 1742
366 121 945 1762
370 122 945 1375
371 123 945 635
375 124 945 1415
381 125 945 1636
389 126 945 1789
391 127 945 1091
410 128 945 1919
417 129 945 1703
417 130 945 416
420 131 945 1200
420 132 945 156
425 133 945 1572
429 134 945 1353
431 135 945 1010
435 136 945 1376
440 137 945 1499
444 138 945 1396
445 139 945 677
447 140 945 1115
447 141 945 434
460 143 945 449
460 142 945 1889
470 144 945 1851
470 145 945 481
470 146 945 403
474 147 945 1423
481 148 945 1732
484 149 945 1175
486 150 945 978
487 151 945 534
487 152 945 126
489 153 945 1043
490 154 945 628
492 155 945 1008
493 156 945 703
495 157 945 906
497 158 945 1032
499 159 945 1071
500 160 945 733
503 161 945 1297
507 162 945 1474
509 163 945 1074
511 164 945 965
515 165 945 1365
521 166 945 1630
527 167 945 1655
528 168 945 544
531 169 945 1210
537 170 945 1618
541 172 945 265
541 171 945 1376
551 173 945 1831
551 174 945 304
554 175 945 1308
563 176 945 1798
565 177 945 925
566 178 945 708
568 179 945 934
571 181 945 365
571 180 945 1232
574 182 945 1284
575 183 945 743
576 184 945 725
585 185 945 1807
587 186 945 1073
589 187 945 1038
591 193 945 325
591 192 945 467
591 191 945 469
591 190 945 307
591 189 945 345
591 188 945 944
602 194 945 1868
609 195 945 1743
611 196 945 885
612 197 945 814
616 199 945 486
616 198 945 1409
617 200 945 776
618 201 945 673
620 202 945 879
621 203 945 521
625 204 945 1481
630 207 945 220
630 205 945 1526
630 206 945 268
631 208 945 738
634 209 945 1244
636 210 945 1134
643 211 945 1702
643 212 945 197
643 213 945 97
651 214 945 1763
651 215 945 368
651 216 945 12
652 218 945 349
652 217 945 730
654 219 945 1082
654 220 945 291
655 221 945 591
656 222 945 710
656 223 945 199
658 224 945 903
661 225 945 1149
663 226 945 909
674 227 945 1865
687 229 945 486
687 230 945 423
687 228 945 1887
689 231 945 984
693 232 945 1441
693 233 945 222
693 234 945 157
694 235 945 559
698 236 945 1410
699 237 945 762
702 238 945 1187
704 239 945 1123
709 240 945 1538
710 241 945 853
710 242 945 299
716 243 945 1624
718 244 945 1135
719 247 945 369
719 248 945 487
719 245 945 529
719 246 945 271
724 249 945 1500
731 250 945 1730
731 251 945 155
731 252 945 464
731 253 945 326
731 254 945 195
731 255 945 184
744 256 945 1887
745 257 945 680
750 258 945 1543
750 259 945 332
751 260 945 617
751 261 945 328
751 262 945 257
751 263 945 252
752 264 945 821
752 265 945 150
752 266 945 260
766 267 945 1900
777 268 945 1865
780 269 945 1204
782 270 945 883
785 271 945 1175
789 272 945 1467
792 273 945 1151
796 274 945 1469
800 275 945 1362
800 276 945 292
802 277 945 1011
804 278 945 988
804 279 945 373
806 280 945 877
807 281 945 539
811 282 945 1378
811 283 945 387
812 284 945 680
812 285 945 268
813 286 945 519
815 287 945 1114
815 288 945 27
829 289 945 1898
830 290 945 596
831 291 945 730
834 292 945 1144
835 293 945 855
836 294 945 505
839 295 945 1209
840 296 945 596
840 297 945 47
841 298 945 803
843 299 945 985
843 300 945 268
843 301 945 296
843 302 945 428
846 303 945 1207
847 304 945 617
848 305 945 555
849 306 945 612
