1 0 560 629
1 1 560 425
1 2 560 394
2 3 560 698
2 4 560 340
3 5 560 509
5 6 560 1106
6 7 560 832
6 8 560 462
6 9 560 160
6 10 560 207
7 11 560 820
7 12 560 326
10 13 560 1236
17 14 560 1739
23 15 560 1646
24 16 560 622
26 17 560 1024
33 18 560 1694
36 19 560 1163
42 20 560 1660
43 21 560 551
49 22 560 1617
50 24 560 13
50 25 560 37
50 23 560 855
51 26 560 824
54 27 560 1246
57 28 560 1321
58 29 560 707
58 30 560 357
60 35 560 26
60 36 560 144
60 34 560 45
60 37 560 119
60 32 560 126
60 31 560 974
60 33 560 185
63 38 560 1281
68 39 560 1606
68 40 560 438
69 41 560 513
71 42 560 922
77 43 560 1680
89 44 560 1873
92 45 560 1291
93 46 560 519
104 47 560 1869
106 48 560 999
106 49 560 132
109 50 560 1161
111 51 560 1067
111 52 560 296
112 53 560 705
119 55 560 78
119 54 560 1719
120 56 560 732
124 57 560 1463
125 58 560 684
125 59 560 302
131 60 560 1609
139 61 560 1785
143 62 560 1436
149 63 560 1679
156 64 560 1728
159 65 560 1158
160 66 560 694
160 67 560 141
163 68 560 1191
170 69 560 1713
175 70 560 1502
176 71 560 502
182 72 560 1667
182 73 560 88
183 74 560 725
186 75 560 1146
191 76 560 1553
202 77 560 1862
204 78 560 907
205 79 560 647
209 80 560 1443
211 81 560 880
211 82 560 247
214 83 560 1188
218 84 560 1471
221 85 560 1215
222 86 560 678
226 87 560 1345
226 88 560 390
239 89 560 1892
242 90 560 1219
243 91 560 605
247 92 560 1360
249 93 560 979
270 94 560 1922
271 95 560 577
273 96 560 1002
276 97 560 1168
288 98 560 1877
289 99 560 715
290 100 560 596
290 101 560 377
291 102 560 678
294 103 560 1210
295 104 560 555
296 105 560 658
299 106 560 1325
299 107 560 208
314 108 560 1905
315 109 560 572
315 110 560 449
316 111 560 794
317 112 560 556
317 113 560 36
318 114 560 784
319 115 560 729
324 116 560 1537
324 117 560 247
324 118 560 207
325 119 560 512
325 120 560 479
328 121 560 1274
334 122 560 1675
337 124 560 493
337 123 560 1223
339 125 560 896
341 126 560 1067
342 131 560 385
342 127 560 688
342 128 560 91
342 129 560 147
342 130 560 143
358 133 560 192
358 134 560 51
358 132 560 1910
360 135 560 1065
360 136 560 201
362 137 560 961
363 138 560 633
364 139 560 813
373 140 560 1815
373 141 560 470
377 142 560 1364
384 143 560 1743
388 144 560 1443
388 145 560 424
388 146 560 49
391 147 560 1323
391 148 560 195
394 149 560 1192
396 150 560 965
397 151 560 755
399 152 560 960
403 154 560 235
403 153 560 1364
406 155 560 1247
407 156 560 626
411 157 560 1380
412 158 560 717
417 159 560 1583
422 160 560 1515
423 161 560 637
423 162 560 116
431 165 560 63
431 163 560 1757
431 164 560 429
432 166 560 809
432 167 560 363
448 168 560 1910
454 169 560 1643
455 170 560 528
456 171 560 575
461 172 560 1538
464 173 560 1319
465 174 560 622
465 175 560 9
475 176 560 1834
486 177 560 1857
493 178 560 1705
493 179 560 69
494 180 560 847
500 182 560 493
500 181 560 1668
501 183 560 823
503 184 560 1107
506 185 560 1312
510 186 560 1350
511 187 560 545
523 188 560 1881
524 189 560 728
524 190 560 439
525 192 560 244
525 191 560 746
527 193 560 975
530 194 560 1222
533 195 560 1178
533 196 560 353
538 197 560 1532
541 198 560 1313
545 199 560 1379
550 200 560 1539
556 201 560 1610
559 202 560 1337
559 203 560 476
560 204 560 664
560 205 560 389
562 206 560 1141
567 207 560 1565
568 208 560 741
568 209 560 225
571 210 560 1338
572 211 560 693
577 212 560 1599
578 213 560 647
579 214 560 735
587 215 560 1771
587 216 560 143
590 217 560 1218
591 218 560 650
593 219 560 1041
594 222 560 406
594 220 560 637
594 221 560 263
597 223 560 1182
600 224 560 1204
607 225 560 1706
607 226 560 331
608 227 560 563
608 228 560 97
612 229 560 1369
617 231 560 302
617 230 560 1581
618 232 560 544
618 233 560 326
618 234 560 454
621 235 560 1161
621 236 560 330
621 237 560 16
621 238 560 158
622 240 560 171
622 239 560 717
629 241 560 1709
636 242 560 1729
642 243 560 1656
645 244 560 1315
651 245 560 1670
653 246 560 1071
658 248 560 239
658 247 560 1521
662 249 560 1375
664 250 560 1034
666 251 560 1059
668 252 560 881
668 253 560 272
669 254 560 741
672 255 560 1275
675 256 560 1203
675 257 560 155
678 258 560 1197
680 260 560 57
680 259 560 882
681 261 560 578
685 262 560 1468
688 263 560 1296
689 264 560 569
691 265 560 1035
691 266 560 149
694 267 560 1273
694 268 560 193
699 269 560 1498
703 270 560 1441
703 271 560 127
705 272 560 1059
716 273 560 1857
718 274 560 870
719 275 560 853
719 276 560 459
720 277 560 675
728 278 560 1791
732 279 560 1458
733 280 560 635
734 281 560 735
734 282 560 323
735 283 560 646
735 284 560 335
736 285 560 521
740 286 560 1345
740 287 560 271
745 288 560 1509
747 289 560 1103
759 290 560 1883
759 291 560 175
760 292 560 743
763 293 560 1201
764 294 560 659
769 296 560 241
769 297 560 432
769 295 560 1517
771 298 560 1087
771 299 560 279
776 300 560 1520
783 301 560 1723
786 302 560 1328
787 303 560 666
798 304 560 1859
800 305 560 906
800 306 560 0
