1 0 1603 638
2 1 1603 771
3 2 1603 529
7 3 1603 1483
8 4 1603 620
11 5 1603 1177
11 6 1603 365
22 7 1603 1856
23 10 1603 369
23 8 1603 839
23 9 1603 213
28 11 1603 1566
40 12 1603 1883
46 13 1603 1650
48 14 1603 1128
52 15 1603 1488
55 16 1603 1234
57 17 1603 898
58 18 1603 623
59 19 1603 786
66 20 1603 1697
68 21 1603 878
69 22 1603 831
70 23 1603 642
71 24 1603 534
72 25 1603 628
73 26 1603 827
75 27 1603 1067
79 28 1603 1436
80 29 1603 837
82 30 1603 989
84 31 1603 933
85 32 1603 574
85 33 1603 130
88 34 1603 1190
89 36 1603 25
89 35 1603 616
94 37 1603 1575
97 38 1603 1235
105 39 1603 1784
112 40 1603 1715
117 41 1603 1520
117 42 1603 343
118 45 1603 350
118 44 1603 380
118 43 1603 813
120 46 1603 1082
120 47 1603 343
121 48 1603 722
124 49 1603 1276
126 50 1603 929
129 51 1603 1201
129 52 1603 148
132 54 1603 134
132 53 1603 1158
138 55 1603 1684
149 56 1603 1864
158 57 1603 1812
160 58 1603 949
177 59 1603 1916
177 60 1603 350
180 62 1603 420
180 63 1603 2
180 61 1603 1222
183 64 1603 1148
187 65 1603 1361
189 66 1603 991
197 67 1603 1753
197 68 1603 459
198 69 1603 512
202 70 1603 1463
207 71 1603 1584
212 72 1603 1587
213 73 1603 764
215 75 1603 176
215 74 1603 996
216 76 1603 535
216 77 1603 18
216 78 1603 261
216 79 1603 183
220 80 1603 1471
220 81 1603 484
220 82 1603 344
220 83 1603 159
230 84 1603 1832
237 85 1603 1713
238 86 1603 785
241 87 1603 1341
260 88 1603 1920
264 89 1603 1431
265 90 1603 676
265 91 1603 138
266 92 1603 626
269 93 1603 1244
273 95 1603 492
273 94 1603 1434
275 96 1603 1100
275 97 1603 340
280 98 1603 1590
282 99 1603 944
285 100 1603 1283
288 101 1603 1253
297 102 1603 1808
297 103 1603 210
304 104 1603 1738
307 105 1603 1270
312 106 1603 1538
315 107 1603 1308
315 108 1603 162
327 109 1603 1882
330 110 1603 1149
340 111 1603 1846
345 112 1603 1550
346 114 1603 444
346 113 1603 765
354 115 1603 1790
356 116 1603 877
356 117 1603 260
356 118 1603 95
360 119 1603 1360
361 120 1603 575
366 121 1603 1575
374 122 1603 1758
376 123 1603 953
384 124 1603 1760
387 125 1603 1324
389 126 1603 958
389 127 1603 343
392 128 1603 1254
393 129 1603 503
395 131 1603 195
395 132 1603 352
395 130 1603 1001
398 133 1603 1241
399 134 1603 825
399 135 1603 217
400 136 1603 600
400 137 1603 134
400 138 1603 346
401 140 1603 175
401 139 1603 561
405 141 1603 1401
408 142 1603 1179
408 143 1603 37
408 144 1603 281
409 145 1603 755
410 146 1603 513
418 147 1603 1785
419 148 1603 799
424 149 1603 1568
429 150 1603 1539
430 154 1603 368
430 153 1603 229
430 152 1603 245
430 151 1603 840
436 155 1603 1632
440 156 1603 1420
441 157 1603 855
441 158 1603 374
441 159 1603 414
441 160 1603 312
444 162 1603 53
444 161 1603 1194
449 163 1603 1583
451 164 1603 881
453 165 1603 954
457 166 1603 1493
457 167 1603 309
468 168 1603 1865
468 169 1603 227
471 170 1603 1189
472 171 1603 743
482 172 1603 1839
486 173 1603 1458
489 174 1603 1185
491 175 1603 1099
491 176 1603 396
498 177 1603 1721
499 178 1603 671
501 179 1603 1004
502 180 1603 811
504 181 1603 1097
508 182 1603 1468
514 183 1603 1611
516 184 1603 889
516 185 1603 160
528 186 1603 1875
528 187 1603 123
530 188 1603 872
532 189 1603 1117
533 190 1603 722
539 191 1603 1670
545 192 1603 1684
556 193 1603 1856
556 194 1603 249
558 195 1603 905
562 196 1603 1347
567 197 1603 1520
569 198 1603 1080
572 199 1603 1252
575 200 1603 1187
575 201 1603 203
585 202 1603 1845
586 203 1603 572
586 204 1603 378
587 205 1603 796
589 206 1603 926
590 207 1603 711
592 208 1603 969
595 209 1603 1194
598 210 1603 1236
604 211 1603 1623
604 212 1603 183
607 213 1603 1295
612 214 1603 1527
614 215 1603 1139
620 216 1603 1650
620 217 1603 367
621 218 1603 694
622 219 1603 720
624 220 1603 1004
628 221 1603 1370
632 222 1603 1361
633 223 1603 747
637 224 1603 1429
641 225 1603 1444
643 226 1603 983
658 227 1603 1907
661 229 1603 279
661 228 1603 1208
667 230 1603 1677
668 231 1603 800
669 232 1603 640
672 233 1603 1343
679 234 1603 1742
680 235 1603 607
683 236 1603 1177
685 237 1603 896
688 239 1603 92
688 238 1603 1232
691 240 1603 1159
694 241 1603 1163
696 242 1603 1079
701 243 1603 1603
710 244 1603 1806
712 245 1603 1023
716 248 1603 328
716 247 1603 389
716 246 1603 1486
718 249 1603 1034
721 250 1603 1179
723 251 1603 979
724 252 1603 826
724 253 1603 360
724 254 1603 248
731 255 1603 1742
732 256 1603 767
734 257 1603 1097
736 258 1603 1068
737 259 1603 858
744 260 1603 1737
746 261 1603 943
750 262 1603 1427
751 263 1603 689
755 264 1603 1441
755 265 1603 435
757 266 1603 983
758 267 1603 764
762 268 1603 1477
764 269 1603 920
777 270 1603 1887
778 271 1603 754
780 272 1603 1059
781 273 1603 601
785 274 1603 1485
793 276 1603 290
793 275 1603 1765
799 277 1603 1682
800 278 1603 866
800 279 1603 405
812 280 1603 1882
813 281 1603 593
818 282 1603 1578
818 283 1603 174
820 284 1603 1024
821 285 1603 697
835 286 1603 1899
835 287 1603 280
837 288 1603 1095
837 289 1603 0
845 290 1603 1764
845 291 1603 79
853 295 1603 215
853 294 1603 279
853 292 1603 1752
853 293 1603 373
859 296 1603 1660
859 297 1603 389
859 298 1603 161
863 299 1603 1370
863 300 1603 40
864 301 1603 721
865 302 1603 836
868 303 1603 1333
870 305 1603 425
870 304 1603 1072
880 306 1603 1844
