1 0 422 743
4 1 422 1331
12 2 422 1792
14 3 422 969
14 4 422 195
15 5 422 680
24 7 422 429
24 8 422 299
24 6 422 1815
30 9 422 1615
39 10 422 1817
43 11 422 1435
47 12 422 1449
50 13 422 1183
50 14 422 415
58 15 422 1794
59 16 422 677
61 17 422 986
63 18 422 931
65 19 422 1138
73 20 422 1778
100 21 422 1924
103 22 422 1326
104 23 422 712
108 24 422 1437
108 25 422 461
110 26 422 899
115 27 422 1525
116 28 422 771
117 29 422 599
121 30 422 1466
124 31 422 1177
128 32 422 1484
130 33 422 1042
130 34 422 37
134 35 422 1479
135 37 422 291
135 36 422 654
137 38 422 1095
142 39 422 1519
142 40 422 53
143 41 422 583
146 42 422 1165
146 43 422 444
146 44 422 13
154 46 422 70
154 45 422 1773
155 47 422 723
156 48 422 750
157 49 422 819
160 50 422 1331
165 51 422 1558
165 52 422 363
168 53 422 1150
171 54 422 1148
172 56 422 4
172 55 422 743
174 57 422 1079
178 58 422 1456
184 59 422 1658
191 60 422 1705
191 61 422 289
196 62 422 1583
202 63 422 1625
202 64 422 148
203 65 422 639
215 66 422 1875
215 67 422 407
218 68 422 1146
219 69 422 860
221 70 422 1140
221 71 422 386
230 72 422 1816
233 73 422 1336
235 74 422 1085
238 75 422 1195
239 76 422 758
241 77 422 882
242 78 422 699
247 79 422 1589
247 80 422 390
247 81 422 176
248 82 422 775
260 83 422 1877
263 84 422 1192
273 85 422 1833
274 86 422 814
274 87 422 334
283 88 422 1819
286 89 422 1218
290 90 422 1475
295 91 422 1499
296 92 422 759
300 93 422 1361
307 94 422 1738
313 95 422 1688
315 96 422 925
319 97 422 1465
319 98 422 295
322 99 422 1298
331 100 422 1823
336 101 422 1588
341 102 422 1502
350 103 422 1815
355 104 422 1604
357 105 422 944
363 106 422 1667
365 107 422 952
365 108 422 65
377 109 422 1877
393 110 422 1909
395 111 422 1046
395 112 422 380
403 113 422 1792
406 114 422 1268
411 115 422 1529
415 116 422 1439
421 117 422 1631
421 118 422 432
421 119 422 240
429 120 422 1750
434 121 422 1540
435 122 422 513
445 123 422 1852
448 124 422 1310
453 125 422 1565
458 126 422 1552
458 127 422 455
463 128 422 1522
466 129 422 1321
466 130 422 270
469 131 422 1218
470 132 422 586
473 133 422 1325
480 134 422 1690
481 135 422 727
482 136 422 598
484 137 422 885
484 138 422 273
484 139 422 248
484 140 422 165
492 142 422 268
492 141 422 1786
503 143 422 1866
506 144 422 1234
506 145 422 428
508 146 422 1118
510 150 422 249
510 147 422 892
510 148 422 93
510 149 422 209
513 151 422 1219
515 153 422 54
515 152 422 1033
519 154 422 1472
519 155 422 282
521 156 422 1075
526 157 422 1575
527 158 422 504
527 159 422 38
530 160 422 1317
533 161 422 1212
537 162 422 1354
538 163 422 669
544 164 422 1607
545 165 422 691
545 166 422 460
547 167 422 979
547 168 422 101
548 169 422 540
550 170 422 931
551 171 422 554
555 172 422 1358
555 173 422 183
555 174 422 74
568 175 422 1888
571 176 422 1272
572 177 422 571
573 178 422 618
575 180 422 447
575 179 422 882
576 181 422 659
576 182 422 362
579 183 422 1313
581 184 422 1072
583 185 422 976
583 186 422 184
584 187 422 531
592 188 422 1777
596 189 422 1408
601 190 422 1576
603 191 422 948
603 192 422 380
603 193 422 234
604 194 422 855
606 195 422 878
606 196 422 432
611 197 422 1524
611 198 422 258
612 199 422 542
625 200 422 1892
625 201 422 138
626 202 422 791
630 203 422 1477
633 204 422 1202
639 205 422 1620
647 206 422 1785
648 207 422 849
663 208 422 1905
668 209 422 1509
670 210 422 935
671 211 422 503
673 212 422 956
678 213 422 1547
683 214 422 1515
684 215 422 657
685 216 422 850
685 217 422 41
690 218 422 1521
691 219 422 631
692 220 422 506
702 221 422 1853
704 222 422 1127
705 223 422 617
707 224 422 888
722 225 422 1907
722 226 422 173
724 227 422 1123
727 228 422 1253
729 229 422 1121
733 230 422 1456
739 231 422 1672
739 232 422 313
739 233 422 75
741 234 422 914
741 235 422 309
749 236 422 1793
750 237 422 809
750 238 422 110
754 239 422 1377
756 240 422 1115
759 241 422 1260
760 242 422 551
760 243 422 268
760 244 422 473
762 245 422 1073
780 246 422 1916
781 247 422 758
782 252 422 3
782 251 422 391
782 248 422 643
782 249 422 197
782 250 422 28
787 253 422 1551
787 254 422 35
787 255 422 39
789 256 422 936
789 257 422 173
790 258 422 588
793 259 422 1220
797 260 422 1446
798 261 422 662
803 262 422 1521
804 263 422 783
804 264 422 52
807 265 422 1187
807 266 422 190
809 267 422 880
810 268 422 632
813 269 422 1206
814 270 422 789
814 271 422 40
825 272 422 1855
825 273 422 144
829 274 422 1441
832 275 422 1171
835 276 422 1301
836 277 422 858
836 278 422 144
843 279 422 1740
860 280 422 1916
863 281 422 1339
863 282 422 479
865 283 422 1055
867 284 422 1092
869 285 422 1065
875 286 422 1669
876 287 422 686
876 288 422 40
878 289 422 874
881 290 422 1297
887 291 422 1619
887 292 422 221
888 293 422 815
899 295 422 452
899 294 422 1855
905 296 422 1663
912 297 422 1692
912 298 422 215
915 299 422 1210
917 300 422 882
919 301 422 1035
919 302 422 126
923 303 422 1362
926 304 422 1333
942 305 422 1913
942 306 422 460
