0 0 1338 275
0 1 1338 407
1 2 1338 843
12 3 1338 1858
15 4 1338 1152
15 5 1338 401
19 6 1338 1371
20 7 1338 695
21 8 1338 773
23 9 1338 1114
26 10 1338 1219
27 11 1338 858
30 12 1338 1343
30 13 1338 173
30 14 1338 201
34 15 1338 1371
35 16 1338 589
36 17 1338 707
38 18 1338 1141
43 19 1338 1519
49 20 1338 1639
53 21 1338 1464
57 22 1338 1412
59 23 1338 985
59 24 1338 161
59 25 1338 80
60 26 1338 546
64 27 1338 1368
69 28 1338 1591
77 29 1338 1779
81 30 1338 1352
91 31 1338 1835
98 32 1338 1746
101 33 1338 1244
108 34 1338 1745
117 35 1338 1797
118 36 1338 855
119 37 1338 840
121 38 1338 908
121 39 1338 30
121 40 1338 96
126 41 1338 1569
127 42 1338 812
128 43 1338 578
134 44 1338 1652
135 45 1338 698
139 46 1338 1380
147 47 1338 1765
148 48 1338 742
148 49 1338 177
149 50 1338 741
150 51 1338 799
150 52 1338 97
150 53 1338 309
158 54 1338 1770
159 55 1338 735
161 56 1338 919
169 57 1338 1782
176 58 1338 1697
178 59 1338 1072
186 60 1338 1780
186 61 1338 2
188 62 1338 1028
190 63 1338 919
196 64 1338 1686
199 65 1338 1309
201 69 1338 328
201 68 1338 353
201 66 1338 1036
201 67 1338 99
202 70 1338 515
208 71 1338 1673
215 72 1338 1723
217 73 1338 1110
221 74 1338 1422
221 75 1338 69
222 76 1338 652
223 77 1338 834
226 78 1338 1258
230 79 1338 1387
231 80 1338 624
232 81 1338 706
233 82 1338 626
237 83 1338 1413
239 84 1338 1037
240 85 1338 553
247 86 1338 1737
251 87 1338 1437
255 88 1338 1398
257 89 1338 1009
259 90 1338 878
261 91 1338 998
263 92 1338 1068
271 95 1338 94
271 94 1338 175
271 93 1338 1760
272 96 1338 540
281 97 1338 1818
282 98 1338 816
282 99 1338 343
287 100 1338 1586
290 101 1338 1281
294 103 1338 413
294 102 1338 1412
299 104 1338 1587
301 105 1338 993
303 106 1338 1000
305 107 1338 912
306 108 1338 811
313 111 1338 84
313 109 1338 1700
313 110 1338 83
314 113 1338 309
314 114 1338 447
314 112 1338 523
316 115 1338 1074
319 116 1338 1301
324 117 1338 1540
333 118 1338 1806
335 119 1338 1133
340 120 1338 1496
345 121 1338 1524
346 122 1338 625
349 123 1338 1268
353 124 1338 1375
357 125 1338 1441
358 126 1338 605
371 127 1338 1887
373 128 1338 935
376 129 1338 1328
380 130 1338 1454
381 131 1338 758
381 132 1338 18
383 133 1338 915
390 134 1338 1726
393 135 1338 1268
396 136 1338 1218
396 137 1338 212
404 138 1338 1751
404 139 1338 44
408 140 1338 1477
409 141 1338 825
410 142 1338 626
416 143 1338 1623
418 144 1338 926
419 145 1338 793
419 146 1338 475
420 147 1338 758
423 148 1338 1313
425 149 1338 1025
426 150 1338 717
428 151 1338 925
428 152 1338 11
434 153 1338 1607
435 154 1338 771
435 155 1338 62
436 156 1338 655
436 157 1338 143
438 158 1338 963
438 159 1338 146
438 160 1338 387
440 161 1338 1037
454 162 1338 1901
458 163 1338 1407
458 164 1338 246
461 165 1338 1249
461 166 1338 66
466 167 1338 1533
467 168 1338 508
469 169 1338 1104
477 170 1338 1780
479 171 1338 1088
486 172 1338 1713
494 173 1338 1762
499 174 1338 1580
500 175 1338 671
502 176 1338 898
504 177 1338 927
504 178 1338 342
505 179 1338 582
507 180 1338 966
515 181 1338 1772
516 182 1338 574
526 183 1338 1834
527 184 1338 610
528 185 1338 528
529 186 1338 747
529 187 1338 335
529 188 1338 143
535 189 1338 1663
536 190 1338 613
538 191 1338 1075
541 192 1338 1174
546 193 1338 1605
551 194 1338 1581
551 195 1338 439
552 196 1338 848
555 197 1338 1143
559 198 1338 1377
564 199 1338 1601
565 200 1338 726
566 201 1338 867
566 202 1338 249
566 203 1338 208
569 204 1338 1170
574 205 1338 1554
576 206 1338 1137
576 207 1338 173
576 208 1338 27
576 209 1338 100
578 210 1338 1089
584 211 1338 1652
591 212 1338 1726
591 213 1338 380
593 214 1338 1104
594 215 1338 540
594 216 1338 463
594 217 1338 67
595 218 1338 796
601 219 1338 1642
602 220 1338 502
608 221 1338 1656
612 222 1338 1389
613 223 1338 770
613 224 1338 490
614 225 1338 705
624 226 1338 1839
624 227 1338 108
624 228 1338 181
626 229 1338 1141
633 230 1338 1747
639 231 1338 1679
643 232 1338 1474
644 233 1338 666
652 234 1338 1781
652 235 1338 99
657 236 1338 1522
657 237 1338 365
658 238 1338 663
660 239 1338 981
663 240 1338 1316
664 241 1338 573
664 242 1338 307
664 243 1338 43
665 244 1338 573
667 245 1338 886
670 246 1338 1274
671 247 1338 794
672 248 1338 500
674 249 1338 1040
688 250 1338 1901
689 251 1338 780
689 252 1338 346
695 253 1338 1659
697 254 1338 1098
699 255 1338 994
703 256 1338 1402
707 257 1338 1404
713 259 1338 464
713 258 1338 1643
719 260 1338 1639
721 261 1338 1028
739 262 1338 1916
740 263 1338 811
740 264 1338 277
743 265 1338 1335
743 266 1338 177
745 267 1338 1059
746 268 1338 523
748 269 1338 1005
750 270 1338 942
750 271 1338 97
753 272 1338 1328
760 273 1338 1740
760 274 1338 326
771 275 1338 1854
775 276 1338 1348
779 278 1338 196
779 277 1338 1345
784 279 1338 1529
788 280 1338 1356
790 281 1338 1045
795 282 1338 1532
797 283 1338 1065
800 284 1338 1164
802 285 1338 967
805 286 1338 1333
812 287 1338 1740
816 288 1338 1493
817 289 1338 786
818 290 1338 621
818 291 1338 118
819 292 1338 647
819 293 1338 198
822 294 1338 1266
822 295 1338 287
823 296 1338 581
827 297 1338 1421
834 298 1338 1691
837 299 1338 1163
838 300 1338 708
838 301 1338 214
838 302 1338 270
842 303 1338 1419
842 304 1338 98
851 305 1338 1803
855 306 1338 1376
