2 0 474 1011
6 1 474 1482
11 2 474 1519
12 3 474 741
13 4 474 595
17 5 474 1346
20 6 474 1291
22 7 474 883
24 8 474 915
26 9 474 894
26 10 474 166
26 11 474 87
44 12 474 1917
45 13 474 867
45 14 474 407
46 15 474 702
46 16 474 389
47 17 474 601
48 18 474 526
53 19 474 1539
55 20 474 1012
56 21 474 667
57 22 474 673
58 23 474 536
60 24 474 900
61 25 474 549
66 26 474 1606
68 29 474 118
68 28 474 135
68 27 474 1035
69 30 474 860
71 31 474 941
71 32 474 132
71 33 474 98
78 34 474 1741
84 35 474 1609
85 36 474 594
87 37 474 1079
89 38 474 1047
90 39 474 542
92 40 474 972
92 41 474 382
96 42 474 1359
96 43 474 142
101 44 474 1578
101 45 474 405
104 46 474 1285
106 48 474 129
106 47 474 1095
114 49 474 1788
124 50 474 1841
131 51 474 1747
140 52 474 1799
140 53 474 230
143 54 474 1210
143 55 474 344
144 56 474 808
146 57 474 983
154 58 474 1766
154 59 474 46
160 60 474 1664
160 61 474 256
161 62 474 747
162 63 474 797
162 64 474 33
165 65 474 1150
177 66 474 1880
186 67 474 1818
188 68 474 1051
189 69 474 723
189 70 474 108
192 71 474 1234
196 72 474 1478
211 73 474 1909
212 74 474 567
213 75 474 630
216 76 474 1233
217 77 474 531
219 78 474 882
219 79 474 494
222 80 474 1188
223 81 474 510
225 82 474 906
225 83 474 271
225 84 474 201
227 85 474 1037
229 86 474 1066
238 87 474 1827
239 88 474 813
243 89 474 1397
244 90 474 800
249 91 474 1535
252 92 474 1238
254 93 474 1000
255 94 474 802
256 95 474 715
261 96 474 1559
262 100 474 450
262 99 474 427
262 97 474 561
262 98 474 108
266 101 474 1391
266 102 474 44
269 103 474 1330
275 104 474 1680
276 105 474 607
276 106 474 268
285 107 474 1815
290 108 474 1587
291 109 474 579
293 110 474 1035
293 111 474 277
293 112 474 100
296 113 474 1272
297 114 474 782
300 115 474 1153
303 117 474 475
303 116 474 1275
304 118 474 595
306 119 474 921
306 120 474 84
306 121 474 53
308 122 474 1004
313 123 474 1579
323 124 474 1848
323 125 474 497
343 127 474 477
343 126 474 1921
345 128 474 1106
353 129 474 1777
355 130 474 996
356 131 474 671
356 132 474 423
356 133 474 455
356 134 474 43
363 136 474 466
363 135 474 1722
368 137 474 1500
369 138 474 516
374 139 474 1519
375 140 474 769
378 144 474 361
378 141 474 1175
378 142 474 239
378 143 474 234
379 145 474 522
383 146 474 1435
396 147 474 1890
396 148 474 218
401 149 474 1574
405 150 474 1365
407 151 474 1083
420 152 474 1891
422 157 474 389
422 156 474 386
422 153 474 1112
422 154 474 343
422 155 474 397
426 158 474 1407
429 159 474 1183
430 160 474 610
437 161 474 1715
438 162 474 709
445 163 474 1735
450 164 474 1508
450 165 474 363
458 166 474 1778
463 167 474 1570
466 168 474 1228
468 169 474 985
469 170 474 687
476 171 474 1699
488 172 474 1884
490 173 474 1000
490 174 474 151
491 175 474 834
498 176 474 1738
499 177 474 770
502 178 474 1217
505 179 474 1325
507 180 474 987
507 181 474 30
507 182 474 259
511 184 474 411
511 183 474 1456
521 185 474 1838
522 186 474 705
525 187 474 1236
525 188 474 111
530 189 474 1570
533 191 474 76
533 190 474 1335
533 192 474 93
536 193 474 1258
538 194 474 909
540 195 474 978
540 196 474 465
540 197 474 429
541 198 474 650
563 199 474 1922
564 200 474 668
572 201 474 1789
573 202 474 662
576 203 474 1158
578 204 474 886
583 205 474 1590
585 206 474 1123
587 207 474 891
589 208 474 960
593 209 474 1434
594 210 474 584
599 211 474 1540
601 214 474 195
601 212 474 1097
601 213 474 82
602 215 474 580
606 216 474 1456
609 217 474 1177
612 218 474 1323
617 219 474 1595
622 220 474 1583
623 221 474 542
627 222 474 1459
632 223 474 1582
637 224 474 1574
638 225 474 610
644 226 474 1606
645 227 474 626
645 228 474 91
647 230 474 368
647 229 474 1098
650 232 474 120
650 231 474 1308
653 233 474 1219
654 234 474 656
656 235 474 1123
659 236 474 1293
661 237 474 1025
662 238 474 570
663 239 474 746
664 240 474 714
671 242 474 275
671 241 474 1739
672 243 474 602
674 244 474 986
681 245 474 1719
683 246 474 904
683 247 474 11
685 248 474 1062
685 249 474 328
689 250 474 1446
692 251 474 1212
694 252 474 1031
696 253 474 980
696 254 474 338
696 255 474 126
696 256 474 330
698 257 474 1004
703 259 474 275
703 258 474 1508
718 260 474 1908
718 261 474 497
719 262 474 799
727 263 474 1786
729 264 474 1065
732 265 474 1201
736 266 474 1420
745 267 474 1802
749 268 474 1350
751 269 474 997
754 270 474 1212
754 271 474 430
755 272 474 607
756 273 474 576
758 274 474 881
766 275 474 1769
766 276 474 266
767 277 474 857
768 278 474 596
776 279 474 1779
782 280 474 1631
787 281 474 1595
791 282 474 1488
797 283 474 1687
802 284 474 1577
804 285 474 1081
804 286 474 276
806 287 474 1065
808 288 474 881
809 289 474 530
810 290 474 792
810 291 474 288
814 292 474 1442
814 293 474 294
815 294 474 763
815 295 474 217
817 297 474 414
817 296 474 939
821 298 474 1461
828 299 474 1710
828 300 474 299
830 301 474 1026
831 302 474 585
831 303 474 65
833 304 474 1041
835 305 474 1015
836 306 474 604
