1 0 768 516
5 1 768 1443
7 2 768 921
7 3 768 428
7 4 768 485
7 5 768 337
7 6 768 398
10 7 768 1234
11 8 768 625
12 9 768 630
13 10 768 522
13 11 768 206
15 12 768 1129
18 13 768 1289
20 14 768 1139
25 15 768 1498
26 16 768 566
28 17 768 1062
29 18 768 533
32 19 768 1189
37 20 768 1542
39 21 768 1103
54 22 768 1908
56 23 768 999
57 24 768 515
62 25 768 1539
63 26 768 749
65 27 768 967
76 28 768 1871
77 29 768 816
80 30 768 1173
81 31 768 770
82 32 768 692
85 33 768 1252
85 34 768 53
85 35 768 498
90 36 768 1559
102 37 768 1873
106 38 768 1468
113 39 768 1693
114 40 768 823
114 41 768 444
115 42 768 679
117 43 768 991
126 44 768 1808
127 45 768 808
129 46 768 968
131 47 768 1090
134 48 768 1247
138 49 768 1370
140 50 768 990
141 51 768 576
141 52 768 228
141 53 768 261
141 54 768 365
144 55 768 1337
148 56 768 1460
158 57 768 1847
168 58 768 1837
170 59 768 871
175 60 768 1513
179 61 768 1355
182 62 768 1288
189 63 768 1734
193 64 768 1382
199 65 768 1676
203 66 768 1438
212 67 768 1801
215 68 768 1235
216 69 768 640
227 70 768 1864
228 71 768 618
233 72 768 1518
234 73 768 764
234 74 768 366
236 76 768 423
236 75 768 1097
238 77 768 917
240 78 768 1116
246 79 768 1631
247 80 768 571
252 81 768 1584
258 82 768 1644
259 83 768 500
267 84 768 1750
268 85 768 597
269 86 768 542
269 87 768 431
271 88 768 887
272 89 768 640
274 90 768 963
280 91 768 1636
280 92 768 35
281 94 768 180
281 93 768 597
285 95 768 1392
287 96 768 1080
289 97 768 870
294 98 768 1533
294 99 768 132
297 100 768 1295
299 101 768 1091
307 102 768 1779
308 103 768 606
312 104 768 1431
312 105 768 372
314 106 768 982
318 107 768 1388
327 108 768 1820
330 109 768 1192
332 110 768 913
333 111 768 542
334 114 768 300
334 112 768 731
334 113 768 206
345 115 768 1854
351 116 768 1635
352 117 768 788
367 118 768 1908
368 119 768 785
370 120 768 1134
372 121 768 1007
374 122 768 913
375 123 768 594
380 124 768 1601
380 125 768 228
381 126 768 582
383 127 768 921
384 128 768 584
386 129 768 898
386 130 768 17
390 131 768 1478
393 132 768 1308
395 133 768 983
395 134 768 336
399 135 768 1404
406 136 768 1729
408 137 768 1038
410 138 768 994
414 139 768 1378
419 140 768 1539
421 141 768 1078
422 142 768 535
428 143 768 1619
434 144 768 1652
434 145 768 420
436 146 768 905
444 148 768 297
444 147 768 1754
444 149 768 251
450 151 768 292
450 150 768 1681
452 152 768 886
453 153 768 748
455 154 768 922
455 155 768 287
455 156 768 178
458 157 768 1185
460 158 768 930
463 159 768 1203
470 160 768 1714
470 161 768 61
471 162 768 804
473 163 768 921
476 164 768 1175
480 165 768 1360
483 166 768 1159
489 167 768 1672
497 168 768 1794
498 169 768 820
498 170 768 124
499 171 768 597
506 172 768 1719
507 173 768 530
510 174 768 1171
510 175 768 55
510 176 768 471
513 177 768 1219
514 178 768 867
517 179 768 1181
520 180 768 1247
521 181 768 753
522 183 768 333
522 182 768 624
524 184 768 1142
530 185 768 1649
531 186 768 591
532 187 768 559
532 188 768 61
532 189 768 48
535 190 768 1226
536 192 768 108
536 191 768 543
543 193 768 1716
548 194 768 1588
552 195 768 1477
552 196 768 274
557 197 768 1539
557 198 768 444
557 199 768 291
560 200 768 1186
563 201 768 1157
575 202 768 1884
579 203 768 1401
579 204 768 126
581 205 768 1083
581 206 768 497
581 207 768 356
586 208 768 1502
587 209 768 867
594 210 768 1741
596 212 768 317
596 211 768 883
602 213 768 1673
614 214 768 1880
616 215 768 961
620 216 768 1362
620 217 768 470
627 218 768 1704
631 219 768 1450
632 220 768 769
633 221 768 599
639 222 768 1611
646 223 768 1746
651 224 768 1519
656 225 768 1506
656 226 768 489
656 227 768 3
657 228 768 866
663 229 768 1618
670 230 768 1706
671 231 768 857
672 232 768 774
673 233 768 576
692 234 768 1919
692 235 768 89
693 236 768 793
696 237 768 1147
696 238 768 207
696 239 768 58
699 241 768 234
699 240 768 1151
701 242 768 981
703 243 768 1119
703 244 768 232
703 245 768 342
703 246 768 226
703 247 768 359
711 248 768 1760
712 250 768 114
712 249 768 627
719 251 768 1728
727 252 768 1760
729 253 768 918
733 254 768 1447
734 255 768 586
738 256 768 1471
738 257 768 138
747 258 768 1806
748 259 768 545
749 260 768 594
749 261 768 494
753 262 768 1415
762 263 768 1809
764 264 768 1085
766 265 768 884
766 266 768 109
772 267 768 1665
778 268 768 1679
786 269 768 1790
786 270 768 167
786 271 768 215
786 272 768 263
792 273 768 1645
792 274 768 298
793 275 768 534
798 277 768 492
798 276 768 1542
803 278 768 1514
806 279 768 1177
809 280 768 1279
809 281 768 130
809 282 768 167
809 283 768 238
814 284 768 1503
828 285 768 1903
830 286 768 1022
838 287 768 1781
840 288 768 1053
843 289 768 1333
844 290 768 543
845 291 768 655
848 292 768 1265
853 293 768 1586
857 294 768 1389
858 295 768 657
859 296 768 744
861 298 768 33
861 297 768 1097
864 299 768 1273
864 300 768 233
864 301 768 485
865 302 768 604
878 303 768 1895
878 304 768 460
887 305 768 1824
891 306 768 1464
