5 0 206 1513
5 1 206 469
5 2 206 29
15 3 206 1836
17 4 206 968
19 5 206 1091
20 6 206 657
24 7 206 1445
24 8 206 52
26 10 206 80
26 9 206 1060
27 11 206 772
35 12 206 1772
43 13 206 1755
44 14 206 847
44 15 206 193
54 16 206 1844
57 17 206 1218
62 19 206 335
62 18 206 1586
67 20 206 1530
69 21 206 1107
81 22 206 1884
81 23 206 80
81 24 206 172
81 25 206 188
81 26 206 63
81 27 206 491
96 28 206 1906
97 29 206 822
97 30 206 193
98 31 206 759
99 32 206 606
102 33 206 1212
108 34 206 1611
115 35 206 1715
116 36 206 697
118 37 206 1003
125 38 206 1722
127 39 206 1019
127 40 206 118
129 41 206 933
131 42 206 1057
132 43 206 626
132 44 206 389
132 45 206 465
135 46 206 1315
138 47 206 1316
138 48 206 10
146 49 206 1750
146 50 206 290
153 51 206 1727
153 52 206 5
155 53 206 1040
158 54 206 1146
158 55 206 405
159 56 206 509
171 57 206 1874
177 58 206 1663
178 59 206 779
180 60 206 1028
180 61 206 166
184 62 206 1463
187 63 206 1155
188 64 206 866
191 66 206 165
191 65 206 1246
192 67 206 560
192 68 206 143
194 69 206 1056
198 70 206 1421
199 71 206 841
203 72 206 1421
204 73 206 567
204 74 206 217
205 76 206 50
205 75 206 596
208 77 206 1257
214 78 206 1615
220 79 206 1632
221 80 206 797
222 81 206 671
222 82 206 480
222 83 206 155
223 85 206 391
223 84 206 531
224 86 206 753
228 87 206 1491
228 88 206 65
231 89 206 1206
234 90 206 1205
235 91 206 748
238 92 206 1264
240 93 206 942
258 94 206 1916
270 95 206 1877
274 96 206 1394
283 97 206 1827
289 98 206 1684
291 99 206 1068
291 100 206 300
292 101 206 755
295 102 206 1173
297 103 206 878
297 104 206 329
301 106 206 306
301 105 206 1374
305 107 206 1363
306 108 206 823
307 109 206 549
307 110 206 355
310 111 206 1177
310 113 206 31
310 112 206 259
325 115 206 356
325 114 206 1907
331 116 206 1610
334 117 206 1308
335 118 206 623
335 119 206 475
335 120 206 492
336 121 206 599
336 122 206 494
337 123 206 862
345 124 206 1776
346 125 206 672
351 126 206 1502
351 127 206 478
352 128 206 575
352 129 206 265
354 130 206 1127
354 131 206 147
359 132 206 1497
360 133 206 546
363 134 206 1331
363 135 206 42
367 136 206 1423
372 137 206 1526
380 138 206 1751
382 139 206 1082
382 140 206 84
385 141 206 1315
386 142 206 668
390 143 206 1440
391 144 206 850
391 145 206 28
391 146 206 489
394 147 206 1232
396 148 206 960
401 150 206 266
401 151 206 86
401 149 206 1559
404 152 206 1203
407 153 206 1209
408 154 206 576
414 155 206 1625
414 156 206 260
414 157 206 310
416 158 206 1027
421 159 206 1581
430 160 206 1796
438 161 206 1752
439 162 206 787
440 163 206 557
444 164 206 1347
444 165 206 207
449 166 206 1604
455 167 206 1637
456 168 206 624
467 169 206 1864
468 170 206 858
468 171 206 83
472 172 206 1481
476 173 206 1465
476 174 206 390
478 175 206 1102
489 176 206 1856
491 177 206 979
491 178 206 11
498 180 206 183
498 181 206 269
498 179 206 1747
502 182 206 1443
504 183 206 940
528 184 206 1923
530 185 206 1040
532 186 206 869
532 187 206 288
545 188 206 1895
551 189 206 1631
558 190 206 1707
560 191 206 1112
561 192 206 499
561 193 206 169
564 194 206 1210
564 195 206 257
565 196 206 527
565 197 206 110
565 198 206 92
566 200 206 349
566 199 206 642
567 201 206 776
568 202 206 607
570 203 206 1021
571 204 206 701
571 205 206 182
572 206 206 530
578 207 206 1662
579 208 206 818
583 209 206 1398
590 210 206 1694
593 211 206 1206
593 212 206 299
596 213 206 1204
600 214 206 1397
605 215 206 1527
605 216 206 309
613 217 206 1771
614 218 206 559
614 219 206 307
617 220 206 1263
620 221 206 1315
626 222 206 1666
628 223 206 918
628 224 206 156
634 225 206 1670
639 226 206 1509
642 227 206 1312
642 228 206 255
642 229 206 133
643 230 206 574
650 231 206 1746
652 232 206 886
655 233 206 1294
659 234 206 1398
662 235 206 1332
667 236 206 1586
667 237 206 422
667 238 206 239
674 239 206 1740
675 240 206 510
677 241 206 1131
681 242 206 1394
681 243 206 496
692 244 206 1861
693 245 206 501
694 246 206 813
697 247 206 1219
698 248 206 696
704 249 206 1608
716 250 206 1873
717 251 206 681
721 252 206 1476
728 253 206 1710
731 254 206 1304
733 255 206 958
735 256 206 1034
741 257 206 1613
742 258 206 864
744 259 206 955
745 260 206 598
748 261 206 1142
752 262 206 1407
753 263 206 684
754 264 206 823
766 265 206 1873
766 266 206 319
768 267 206 930
775 269 206 65
775 268 206 1731
786 270 206 1865
795 271 206 1811
800 272 206 1532
801 273 206 743
808 274 206 1722
808 275 206 132
818 276 206 1845
821 277 206 1169
823 278 206 981
828 279 206 1580
829 280 206 857
829 281 206 290
830 282 206 615
831 283 206 572
831 284 206 185
840 285 206 1818
840 286 206 270
842 287 206 1100
859 290 206 297
859 288 206 1914
859 289 206 439
873 291 206 1897
877 292 206 1483
880 293 206 1208
882 294 206 1142
885 295 206 1292
891 296 206 1648
892 297 206 710
897 298 206 1598
914 299 206 1913
914 300 206 181
923 301 206 1808
927 302 206 1412
928 303 206 631
934 305 206 61
934 304 206 1667
936 306 206 1073
