3 0 507 1280
9 1 507 1633
12 2 507 1246
13 3 507 514
15 4 507 996
15 5 507 86
16 6 507 767
19 7 507 1337
24 10 507 440
24 8 507 1532
24 9 507 172
25 11 507 665
25 12 507 460
26 13 507 551
26 14 507 399
31 19 507 16
31 20 507 246
31 18 507 122
31 17 507 215
31 16 507 101
31 15 507 1535
34 21 507 1335
34 22 507 20
34 23 507 359
34 24 507 362
35 25 507 637
35 26 507 388
36 27 507 544
40 28 507 1425
45 29 507 1563
45 30 507 253
46 31 507 704
47 32 507 704
49 33 507 1080
54 34 507 1519
61 35 507 1738
62 36 507 534
73 37 507 1868
75 38 507 999
79 39 507 1490
92 40 507 1891
92 41 507 180
97 42 507 1552
105 43 507 1764
108 44 507 1218
110 45 507 963
111 46 507 574
115 47 507 1467
119 48 507 1432
120 49 507 833
120 50 507 427
120 51 507 11
123 52 507 1311
126 53 507 1234
129 54 507 1271
140 55 507 1869
146 56 507 1613
148 57 507 887
148 58 507 151
148 59 507 359
154 60 507 1623
154 61 507 223
164 62 507 1837
177 63 507 1894
187 64 507 1843
193 65 507 1661
205 66 507 1885
208 67 507 1305
210 68 507 956
211 69 507 586
213 70 507 1001
213 71 507 157
215 72 507 1141
216 74 507 50
216 75 507 65
216 73 507 556
223 76 507 1708
223 77 507 180
225 78 507 1066
228 79 507 1324
228 80 507 62
229 81 507 845
231 82 507 1037
232 83 507 591
234 85 507 242
234 84 507 1135
237 86 507 1318
241 87 507 1395
248 88 507 1733
253 89 507 1575
253 90 507 125
258 91 507 1572
265 92 507 1716
266 93 507 640
274 94 507 1792
280 95 507 1667
280 96 507 268
285 97 507 1583
295 98 507 1845
299 99 507 1482
301 100 507 1002
304 101 507 1194
305 102 507 511
306 103 507 846
314 105 507 269
314 104 507 1756
315 106 507 795
316 107 507 754
319 108 507 1184
322 109 507 1206
322 110 507 161
326 111 507 1432
333 112 507 1745
334 114 507 296
334 113 507 752
335 115 507 777
337 116 507 1111
340 117 507 1245
341 118 507 758
346 119 507 1601
346 120 507 343
346 121 507 490
351 122 507 1496
354 123 507 1306
354 124 507 460
358 125 507 1354
358 126 507 365
359 127 507 500
360 128 507 689
360 129 507 307
367 131 507 125
367 132 507 259
367 130 507 1722
372 133 507 1509
372 134 507 321
373 135 507 792
373 136 507 334
373 137 507 190
374 138 507 759
375 139 507 866
379 140 507 1372
380 141 507 563
380 142 507 211
381 143 507 526
385 144 507 1414
386 145 507 617
394 146 507 1751
396 148 507 343
396 147 507 964
398 149 507 1014
399 150 507 556
401 151 507 947
402 153 507 244
402 152 507 824
404 154 507 1139
405 155 507 512
411 156 507 1622
413 157 507 1129
413 158 507 385
413 159 507 402
422 161 507 294
422 162 507 65
422 160 507 1828
424 163 507 876
428 164 507 1409
428 165 507 36
431 166 507 1172
431 167 507 236
431 168 507 431
435 170 507 443
435 169 507 1429
437 172 507 486
437 171 507 920
446 173 507 1817
446 174 507 229
453 175 507 1704
453 176 507 278
455 177 507 969
464 178 507 1816
472 179 507 1768
477 180 507 1527
480 182 507 156
480 181 507 1326
485 183 507 1600
491 184 507 1676
492 185 507 774
495 186 507 1225
495 187 507 15
495 188 507 370
502 189 507 1733
504 190 507 1094
506 191 507 1129
513 192 507 1730
513 193 507 356
515 194 507 962
517 195 507 1077
517 196 507 498
520 197 507 1259
522 198 507 1042
526 199 507 1378
530 200 507 1369
535 201 507 1515
536 202 507 533
537 203 507 839
538 204 507 570
543 205 507 1560
543 206 507 461
545 207 507 932
545 208 507 15
549 210 507 233
549 209 507 1359
550 211 507 652
553 212 507 1237
554 213 507 542
555 214 507 800
556 215 507 502
556 216 507 138
556 217 507 389
558 218 507 1125
559 219 507 634
560 220 507 735
563 221 507 1157
571 222 507 1791
572 223 507 622
572 224 507 334
575 225 507 1239
577 226 507 1115
577 227 507 129
578 228 507 854
580 229 507 1076
583 230 507 1205
585 231 507 944
595 232 507 1852
595 233 507 438
595 234 507 398
595 235 507 12
596 236 507 793
599 237 507 1242
601 241 507 292
601 240 507 313
601 238 507 1029
601 239 507 115
633 242 507 1924
635 243 507 935
640 245 507 441
640 244 507 1499
649 246 507 1816
652 247 507 1188
656 248 507 1481
656 249 507 459
658 250 507 939
658 251 507 108
658 252 507 134
658 253 507 408
659 254 507 642
659 255 507 212
665 256 507 1649
675 257 507 1835
676 258 507 504
679 259 507 1256
679 260 507 445
679 261 507 332
679 262 507 77
680 263 507 864
680 264 507 153
683 265 507 1214
684 266 507 725
685 267 507 798
685 268 507 143
686 269 507 788
692 270 507 1634
693 271 507 820
696 272 507 1284
698 274 507 320
698 275 507 443
698 273 507 1009
701 276 507 1157
702 277 507 855
704 278 507 1048
713 279 507 1818
717 280 507 1347
727 281 507 1852
728 283 507 394
728 282 507 572
728 284 507 136
730 285 507 1097
731 286 507 809
735 287 507 1443
742 288 507 1721
742 289 507 185
742 290 507 287
744 291 507 882
745 292 507 737
752 293 507 1698
757 294 507 1595
772 295 507 1906
772 296 507 214
774 297 507 1060
775 298 507 781
775 299 507 284
781 300 507 1640
783 301 507 1017
785 302 507 1044
786 303 507 693
787 305 507 118
787 304 507 750
788 306 507 749
