3 0 776 1206
4 1 776 856
7 2 776 1275
10 3 776 1227
12 4 776 916
12 5 776 303
13 6 776 723
16 7 776 1286
17 10 776 113
17 8 776 585
17 9 776 438
20 11 776 1152
22 12 776 1127
39 13 776 1913
44 14 776 1523
48 16 776 38
48 15 776 1484
50 17 776 908
54 18 776 1366
59 19 776 1565
67 20 776 1784
69 21 776 959
72 22 776 1339
72 23 776 209
78 24 776 1608
78 25 776 174
78 26 776 280
79 27 776 801
80 28 776 753
81 29 776 596
83 30 776 994
86 31 776 1183
91 32 776 1527
91 33 776 100
94 34 776 1183
104 35 776 1833
104 36 776 122
110 37 776 1688
112 38 776 968
123 39 776 1856
127 40 776 1368
130 41 776 1301
132 42 776 976
133 43 776 626
134 44 776 722
136 45 776 982
145 46 776 1822
150 47 776 1573
150 48 776 406
155 49 776 1591
156 50 776 719
158 51 776 983
162 52 776 1437
163 53 776 761
164 54 776 757
164 55 776 247
168 56 776 1442
170 57 776 1066
175 58 776 1543
176 59 776 742
176 60 776 23
186 61 776 1846
187 62 776 533
204 63 776 1914
208 64 776 1369
209 65 776 854
214 66 776 1549
216 67 776 1027
217 68 776 729
223 69 776 1614
227 70 776 1361
227 71 776 275
238 72 776 1864
242 73 776 1435
242 74 776 196
242 75 776 483
257 76 776 1908
258 77 776 712
262 78 776 1412
263 79 776 626
263 80 776 277
264 81 776 632
264 82 776 394
266 83 776 1086
275 85 776 11
275 84 776 1802
281 86 776 1670
282 87 776 766
285 88 776 1267
287 89 776 936
287 90 776 391
289 92 776 145
289 91 776 980
289 93 776 226
299 94 776 1833
303 95 776 1446
304 96 776 768
306 97 776 987
309 98 776 1182
317 99 776 1792
321 100 776 1358
322 101 776 794
323 102 776 843
324 105 776 443
324 103 776 716
324 104 776 229
326 106 776 1043
326 107 776 2
327 108 776 564
327 109 776 274
327 110 776 263
328 111 776 729
333 112 776 1579
335 114 776 464
335 113 776 916
338 115 776 1316
342 116 776 1452
346 117 776 1371
346 118 776 112
350 119 776 1357
352 120 776 1108
353 121 776 782
359 122 776 1685
366 123 776 1718
369 124 776 1223
369 125 776 380
369 126 776 130
375 127 776 1638
380 128 776 1527
381 129 776 675
387 130 776 1640
389 131 776 920
393 132 776 1454
398 133 776 1544
401 134 776 1193
405 135 776 1408
412 136 776 1713
417 137 776 1603
418 138 776 856
422 139 776 1358
424 140 776 893
430 142 776 202
430 141 776 1668
432 143 776 993
433 144 776 672
438 145 776 1586
441 146 776 1326
444 147 776 1153
450 148 776 1686
451 149 776 517
470 150 776 1919
473 151 776 1321
475 152 776 875
482 153 776 1749
483 154 776 683
484 155 776 575
486 156 776 1034
488 157 776 1049
492 158 776 1418
500 159 776 1773
500 160 776 313
503 162 776 400
503 161 776 1329
512 163 776 1813
513 164 776 559
516 165 776 1268
519 166 776 1200
519 167 776 34
525 168 776 1648
527 169 776 981
532 170 776 1527
540 171 776 1773
541 172 776 514
542 173 776 678
542 174 776 464
546 175 776 1365
547 176 776 579
548 177 776 691
550 178 776 1046
555 179 776 1561
557 180 776 979
559 181 776 901
571 182 776 1877
573 183 776 1009
574 184 776 681
574 185 776 318
574 186 776 45
580 187 776 1630
581 188 776 860
582 189 776 617
582 190 776 373
583 192 776 185
583 191 776 664
585 193 776 1007
587 194 776 1045
591 195 776 1488
594 196 776 1267
594 197 776 314
594 198 776 434
597 199 776 1329
597 200 776 386
600 201 776 1291
604 202 776 1429
605 203 776 704
607 204 776 915
607 205 776 145
608 206 776 807
608 207 776 196
611 208 776 1284
614 209 776 1243
634 212 776 3
634 211 776 342
634 210 776 1921
642 213 776 1781
643 214 776 794
646 215 776 1337
650 216 776 1377
653 217 776 1315
655 218 776 1131
655 219 776 240
658 220 776 1222
662 221 776 1495
664 222 776 1099
666 223 776 1031
667 224 776 607
668 225 776 862
673 226 776 1588
677 227 776 1431
682 228 776 1558
684 232 776 257
684 231 776 265
684 230 776 97
684 229 776 901
690 233 776 1642
693 234 776 1175
699 235 776 1612
703 236 776 1396
706 237 776 1172
706 238 776 94
707 239 776 536
711 240 776 1436
719 241 776 1774
719 242 776 345
724 243 776 1542
725 244 776 620
725 245 776 31
726 246 776 660
726 247 776 328
726 248 776 213
732 250 776 111
732 249 776 1632
744 251 776 1877
746 252 776 1107
746 253 776 193
746 254 776 107
747 259 776 52
747 255 776 816
747 256 776 192
747 257 776 398
747 258 776 97
747 260 776 481
750 261 776 1300
751 262 776 563
751 263 776 383
754 264 776 1146
760 266 776 84
760 267 776 286
760 265 776 1655
761 268 776 606
763 269 776 1106
774 270 776 1865
774 271 776 204
777 272 776 1220
778 273 776 595
779 274 776 729
783 275 776 1372
786 276 776 1149
790 277 776 1482
790 278 776 410
791 280 776 201
791 279 776 576
794 281 776 1259
797 282 776 1217
807 283 776 1850
808 284 776 789
808 285 776 145
810 286 776 1082
810 287 776 64
815 289 776 358
815 288 776 1534
819 290 776 1420
821 291 776 998
823 292 776 1075
823 293 776 42
823 294 776 54
823 295 776 135
826 296 776 1211
839 298 776 396
839 297 776 1886
841 299 776 890
852 300 776 1871
852 301 776 374
858 302 776 1647
860 303 776 1031
867 304 776 1692
877 305 776 1832
878 306 776 656
