7 0 1023 1725
7 1 1023 465
10 2 1023 1216
10 3 1023 354
12 4 1023 929
17 5 1023 1573
17 6 1023 409
21 7 1023 1379
25 8 1023 1432
28 9 1023 1211
36 10 1023 1777
45 11 1023 1823
47 12 1023 1013
50 13 1023 1201
60 14 1023 1842
60 15 1023 362
60 16 1023 340
61 17 1023 752
64 18 1023 1208
67 19 1023 1259
69 20 1023 957
74 21 1023 1593
74 22 1023 395
82 23 1023 1758
82 24 1023 20
82 25 1023 387
85 26 1023 1193
91 27 1023 1654
92 28 1023 512
95 29 1023 1207
96 30 1023 840
104 31 1023 1766
108 32 1023 1494
110 33 1023 1035
110 34 1023 415
113 35 1023 1254
114 36 1023 647
116 37 1023 1116
120 38 1023 1434
121 39 1023 795
121 40 1023 440
123 41 1023 981
123 42 1023 457
132 43 1023 1796
134 44 1023 951
135 45 1023 709
138 46 1023 1262
144 47 1023 1669
144 48 1023 12
146 49 1023 1048
149 50 1023 1246
151 51 1023 1082
153 52 1023 931
153 53 1023 245
159 55 1023 131
159 56 1023 69
159 54 1023 1680
163 57 1023 1383
163 58 1023 333
164 59 1023 542
164 60 1023 380
165 61 1023 679
166 65 1023 10
166 66 1023 328
166 64 1023 370
166 63 1023 224
166 62 1023 866
180 67 1023 1902
181 68 1023 786
182 69 1023 588
188 70 1023 1640
191 71 1023 1149
194 72 1023 1242
194 73 1023 413
195 74 1023 818
209 75 1023 1901
211 76 1023 1136
212 77 1023 524
213 78 1023 806
216 79 1023 1236
218 80 1023 1050
222 81 1023 1449
228 82 1023 1641
232 83 1023 1389
244 84 1023 1885
250 85 1023 1682
251 86 1023 834
254 87 1023 1249
257 88 1023 1280
257 89 1023 284
260 90 1023 1184
263 91 1023 1188
264 92 1023 782
266 93 1023 892
266 94 1023 414
272 97 1023 232
272 95 1023 1686
272 96 1023 114
276 98 1023 1425
278 99 1023 940
278 100 1023 380
281 101 1023 1284
283 102 1023 882
287 103 1023 1349
290 105 1023 97
290 104 1023 1333
298 106 1023 1764
299 107 1023 518
303 108 1023 1351
310 109 1023 1703
312 110 1023 919
316 111 1023 1469
317 112 1023 576
319 113 1023 1022
323 114 1023 1416
324 115 1023 856
326 116 1023 962
330 117 1023 1402
330 118 1023 264
331 119 1023 612
333 120 1023 1101
335 121 1023 1004
336 122 1023 622
337 123 1023 501
340 124 1023 1328
340 125 1023 451
340 126 1023 367
340 127 1023 350
364 128 1023 1923
366 129 1023 1057
374 130 1023 1786
376 131 1023 903
378 132 1023 1024
386 133 1023 1791
387 134 1023 855
394 135 1023 1690
395 136 1023 566
395 137 1023 292
395 138 1023 55
403 139 1023 1788
413 140 1023 1843
413 141 1023 315
422 142 1023 1822
427 143 1023 1501
430 144 1023 1289
436 145 1023 1640
437 146 1023 611
443 147 1023 1684
447 148 1023 1400
451 149 1023 1483
452 150 1023 723
453 151 1023 637
466 152 1023 1893
467 153 1023 812
475 154 1023 1764
478 155 1023 1301
479 156 1023 661
479 157 1023 381
479 158 1023 20
481 159 1023 881
487 160 1023 1655
491 161 1023 1414
492 163 1023 294
492 162 1023 519
502 164 1023 1841
502 165 1023 16
502 166 1023 445
503 167 1023 710
503 168 1023 166
509 169 1023 1651
509 170 1023 289
510 171 1023 670
514 173 1023 401
514 172 1023 1346
515 174 1023 694
516 175 1023 785
518 176 1023 1106
520 177 1023 1045
522 178 1023 1136
528 179 1023 1613
536 180 1023 1764
537 181 1023 607
539 184 1023 334
539 182 1023 874
539 183 1023 440
542 185 1023 1149
544 186 1023 934
544 187 1023 211
544 188 1023 27
548 189 1023 1478
550 192 1023 271
550 191 1023 185
550 190 1023 1028
552 193 1023 1098
552 194 1023 133
552 195 1023 428
559 196 1023 1721
564 197 1023 1528
569 198 1023 1585
572 199 1023 1273
575 200 1023 1194
584 201 1023 1826
589 202 1023 1518
595 203 1023 1674
598 204 1023 1193
598 205 1023 52
601 206 1023 1215
605 207 1023 1492
605 208 1023 118
607 210 1023 195
607 209 1023 978
612 211 1023 1541
615 212 1023 1169
615 213 1023 332
617 214 1023 1042
619 215 1023 1047
620 216 1023 539
620 217 1023 79
632 218 1023 1884
633 219 1023 691
635 220 1023 1006
635 221 1023 233
636 222 1023 683
637 223 1023 612
638 227 1023 248
638 226 1023 399
638 228 1023 268
638 224 1023 622
638 225 1023 104
638 229 1023 265
640 230 1023 989
645 231 1023 1502
649 232 1023 1385
657 233 1023 1788
657 234 1023 418
668 235 1023 1863
670 236 1023 1014
672 237 1023 1125
675 239 1023 282
675 238 1023 1171
686 240 1023 1859
690 241 1023 1367
690 242 1023 93
692 243 1023 973
695 244 1023 1283
699 245 1023 1412
701 246 1023 940
712 247 1023 1864
712 248 1023 56
714 249 1023 1010
723 250 1023 1813
729 251 1023 1641
734 252 1023 1569
736 253 1023 893
736 254 1023 266
738 255 1023 961
741 256 1023 1143
743 257 1023 905
745 258 1023 1052
747 259 1023 1089
752 260 1023 1578
754 261 1023 967
757 262 1023 1223
765 263 1023 1777
782 264 1023 1914
783 265 1023 618
783 266 1023 155
786 267 1023 1305
796 268 1023 1838
798 269 1023 1104
798 270 1023 33
801 271 1023 1339
802 272 1023 833
807 273 1023 1602
808 274 1023 757
813 275 1023 1563
813 276 1023 140
819 277 1023 1634
822 278 1023 1254
824 279 1023 1134
826 280 1023 1088
826 281 1023 460
826 282 1023 191
829 283 1023 1183
829 284 1023 377
832 285 1023 1272
843 287 1023 492
843 286 1023 1858
848 288 1023 1521
852 289 1023 1382
853 290 1023 719
853 291 1023 109
853 292 1023 73
853 293 1023 81
854 294 1023 628
856 296 1023 143
856 297 1023 240
856 295 1023 892
858 298 1023 983
859 299 1023 665
862 300 1023 1257
867 301 1023 1560
867 302 1023 25
869 303 1023 877
871 305 1023 474
871 304 1023 976
872 306 1023 807
