11 0 548 1863
13 1 548 1012
13 2 548 40
22 3 548 1824
32 4 548 1834
33 5 548 543
34 6 548 781
35 7 548 780
36 9 548 353
36 8 548 501
37 10 548 616
46 11 548 1799
46 12 548 328
47 13 548 612
51 14 548 1355
57 15 548 1661
60 16 548 1150
63 17 548 1178
64 18 548 860
65 19 548 787
69 20 548 1418
70 21 548 695
70 22 548 262
76 23 548 1646
77 24 548 845
81 25 548 1402
84 26 548 1294
88 27 548 1412
89 28 548 513
91 29 548 927
92 30 548 537
93 31 548 561
96 32 548 1215
99 33 548 1337
100 34 548 840
101 35 548 616
106 37 548 304
106 36 548 1580
114 38 548 1782
118 39 548 1443
127 40 548 1818
132 41 548 1581
133 42 548 625
133 43 548 119
135 44 548 1034
137 45 548 1117
142 46 548 1590
146 47 548 1387
156 48 548 1840
166 49 548 1836
170 50 548 1432
171 51 548 660
173 52 548 1012
173 53 548 206
176 54 548 1327
179 55 548 1168
180 57 548 319
180 56 548 750
182 58 548 979
182 59 548 431
185 60 548 1174
188 61 548 1293
188 62 548 266
193 63 548 1499
200 64 548 1741
200 65 548 54
201 66 548 583
203 67 548 915
210 68 548 1696
211 69 548 738
211 70 548 80
212 71 548 845
215 72 548 1320
218 73 548 1342
220 74 548 894
228 77 548 142
228 76 548 69
228 75 548 1761
229 78 548 611
235 79 548 1653
242 80 548 1737
252 81 548 1831
257 82 548 1497
258 83 548 602
262 84 548 1419
271 85 548 1801
275 86 548 1474
277 87 548 1009
277 88 548 10
282 89 548 1597
290 90 548 1791
293 91 548 1261
296 92 548 1250
300 93 548 1350
300 94 548 269
301 95 548 524
304 96 548 1315
306 97 548 1051
306 98 548 303
308 99 548 979
309 100 548 533
310 101 548 675
316 102 548 1615
318 103 548 1101
326 104 548 1756
327 105 548 586
330 106 548 1265
335 107 548 1594
338 108 548 1236
342 109 548 1491
344 110 548 1099
345 111 548 607
351 112 548 1633
354 113 548 1251
355 114 548 619
358 115 548 1267
365 116 548 1721
370 117 548 1589
370 118 548 79
381 119 548 1865
382 120 548 505
387 121 548 1499
389 123 548 99
389 122 548 904
391 124 548 872
392 125 548 744
397 126 548 1520
410 127 548 1895
412 128 548 1073
412 129 548 370
412 130 548 445
414 131 548 943
422 132 548 1763
427 133 548 1556
429 134 548 1119
431 135 548 1062
431 136 548 216
431 137 548 396
432 138 548 770
433 139 548 832
434 140 548 536
443 141 548 1804
450 144 548 497
450 143 548 444
450 142 548 1698
453 145 548 1183
458 146 548 1553
485 147 548 1924
486 148 548 730
488 149 548 926
489 150 548 727
495 151 548 1651
497 154 548 474
497 153 548 363
497 152 548 972
499 155 548 959
506 156 548 1695
511 157 548 1515
511 158 548 229
513 159 548 1012
515 160 548 991
518 161 548 1294
519 162 548 520
520 163 548 865
522 164 548 1045
522 165 548 156
523 166 548 769
523 167 548 76
523 168 548 131
527 169 548 1482
529 170 548 1050
532 171 548 1324
533 172 548 818
536 173 548 1171
539 174 548 1329
540 175 548 625
547 176 548 1726
547 177 548 460
552 178 548 1527
558 179 548 1613
560 180 548 1115
565 181 548 1520
568 183 548 147
568 182 548 1164
573 184 548 1567
574 185 548 719
588 186 548 1896
592 187 548 1400
594 188 548 1082
594 189 548 159
597 190 548 1291
598 192 548 167
598 191 548 625
604 193 548 1683
612 194 548 1766
615 195 548 1166
618 196 548 1284
619 197 548 832
622 198 548 1324
622 199 548 341
622 200 548 414
626 201 548 1476
634 202 548 1792
637 203 548 1173
646 204 548 1800
649 205 548 1327
650 206 548 832
657 207 548 1725
659 208 548 959
667 209 548 1774
670 210 548 1158
673 211 548 1235
690 212 548 1913
691 213 548 540
700 214 548 1821
704 215 548 1395
704 216 548 129
704 217 548 373
707 219 548 325
707 220 548 184
707 218 548 1223
710 221 548 1293
712 222 548 918
726 223 548 1896
726 224 548 190
726 225 548 425
729 226 548 1157
731 227 548 1060
734 228 548 1329
734 229 548 162
737 230 548 1265
739 231 548 893
741 232 548 1061
744 233 548 1185
747 234 548 1199
752 235 548 1563
758 236 548 1653
776 238 548 271
776 239 548 239
776 237 548 1916
785 240 548 1811
785 241 548 170
785 242 548 440
788 243 548 1233
790 244 548 926
790 245 548 56
791 246 548 637
796 247 548 1551
804 249 548 370
804 248 548 1786
806 250 548 1036
808 251 548 910
813 252 548 1534
815 253 548 998
815 254 548 156
817 255 548 1045
818 256 548 558
827 257 548 1820
829 258 548 982
833 259 548 1375
833 260 548 170
840 261 548 1697
840 262 548 395
841 263 548 796
842 264 548 508
842 265 548 264
842 266 548 174
843 267 548 728
846 269 548 257
846 268 548 1266
852 270 548 1667
852 271 548 138
852 272 548 101
854 273 548 983
854 274 548 439
854 275 548 14
855 276 548 852
861 277 548 1610
863 279 548 134
863 278 548 970
870 280 548 1712
875 281 548 1530
878 282 548 1198
880 283 548 959
882 284 548 1050
882 285 548 354
885 287 548 63
885 286 548 1284
887 289 548 153
887 288 548 1028
889 290 548 1005
897 291 548 1757
899 292 548 934
900 293 548 820
900 294 548 69
900 295 548 114
907 296 548 1699
912 297 548 1569
913 298 548 724
914 299 548 662
923 300 548 1807
933 301 548 1834
933 302 548 285
938 303 548 1529
939 304 548 627
941 305 548 898
942 306 548 808
