2 0 721 998
8 1 721 1662
18 2 721 1843
20 3 721 1104
20 4 721 70
20 5 721 22
20 6 721 497
22 7 721 981
25 8 721 1299
27 9 721 1088
32 10 721 1552
32 11 721 406
43 12 721 1858
43 13 721 173
60 14 721 1913
60 15 721 127
62 17 721 369
62 18 721 318
62 16 721 975
63 19 721 800
64 20 721 841
65 21 721 841
70 22 721 1557
71 23 721 520
74 24 721 1199
77 25 721 1215
78 27 721 333
78 26 721 631
79 28 721 822
82 29 721 1166
87 30 721 1566
93 31 721 1645
110 32 721 1913
113 33 721 1338
118 34 721 1524
125 36 721 382
125 35 721 1691
130 37 721 1571
131 38 721 780
133 39 721 1137
135 40 721 1053
137 41 721 1079
141 42 721 1396
144 43 721 1324
149 44 721 1569
153 45 721 1405
164 46 721 1859
165 48 721 53
165 47 721 663
166 49 721 775
168 50 721 871
168 51 721 278
169 52 721 831
169 53 721 471
171 54 721 1100
171 55 721 157
171 56 721 104
174 57 721 1323
184 58 721 1829
185 59 721 779
188 60 721 1316
188 61 721 164
188 62 721 159
188 63 721 132
192 64 721 1446
202 65 721 1831
202 66 721 418
203 67 721 519
204 68 721 573
204 69 721 221
210 70 721 1669
213 71 721 1328
218 72 721 1514
220 73 721 1105
226 74 721 1671
232 75 721 1687
236 77 721 232
236 76 721 1369
238 78 721 876
245 79 721 1719
248 80 721 1281
261 81 721 1892
261 82 721 279
261 83 721 47
261 84 721 295
264 85 721 1287
265 86 721 814
269 87 721 1441
269 88 721 237
273 89 721 1366
278 90 721 1587
280 91 721 983
286 92 721 1666
286 93 721 0
293 94 721 1746
295 95 721 889
297 96 721 919
300 97 721 1263
309 98 721 1803
315 99 721 1662
317 100 721 987
320 101 721 1339
320 102 721 89
328 103 721 1756
330 104 721 1031
334 105 721 1467
335 106 721 689
341 107 721 1650
342 108 721 724
345 109 721 1338
346 110 721 713
355 111 721 1796
355 112 721 447
355 113 721 110
359 114 721 1423
363 115 721 1348
372 116 721 1809
372 117 721 112
380 118 721 1762
380 119 721 158
382 120 721 1017
384 121 721 901
384 122 721 282
386 123 721 1132
387 124 721 559
388 125 721 685
393 126 721 1587
398 127 721 1513
401 128 721 1284
402 129 721 782
403 130 721 767
403 131 721 105
403 132 721 354
405 133 721 1139
406 134 721 731
417 135 721 1867
426 136 721 1802
426 137 721 447
428 138 721 941
429 139 721 752
430 140 721 598
432 141 721 1089
433 142 721 716
434 143 721 824
435 144 721 653
442 145 721 1715
443 146 721 536
448 147 721 1555
449 148 721 502
449 149 721 398
451 150 721 1004
452 151 721 807
456 152 721 1426
462 153 721 1644
463 154 721 644
463 155 721 86
465 156 721 1056
467 157 721 882
470 158 721 1196
470 159 721 345
479 160 721 1805
481 162 721 365
481 161 721 1101
492 163 721 1867
493 164 721 570
494 165 721 608
498 166 721 1442
501 167 721 1233
504 168 721 1304
508 169 721 1480
512 170 721 1470
516 171 721 1361
518 172 721 1095
520 173 721 1010
524 174 721 1485
534 175 721 1853
534 176 721 184
538 177 721 1383
538 178 721 478
539 180 721 149
539 181 721 31
539 179 721 769
541 182 721 1011
543 183 721 886
550 184 721 1702
562 185 721 1884
563 186 721 604
564 187 721 634
564 188 721 494
565 189 721 645
566 190 721 810
568 191 721 919
571 192 721 1175
572 193 721 595
574 194 721 871
578 195 721 1421
579 196 721 723
580 199 721 44
580 200 721 273
580 197 721 774
580 198 721 253
583 201 721 1228
583 202 721 251
585 203 721 946
586 204 721 852
591 205 721 1567
597 208 721 159
597 206 721 1636
597 207 721 416
598 209 721 716
607 210 721 1826
612 211 721 1598
612 212 721 403
612 213 721 427
612 214 721 195
620 215 721 1774
620 216 721 89
624 217 721 1404
624 218 721 164
625 220 721 4
625 219 721 611
626 221 721 807
627 222 721 738
628 223 721 658
629 224 721 670
630 225 721 551
630 226 721 185
631 228 721 138
631 227 721 500
631 229 721 63
633 230 721 1130
636 231 721 1335
638 232 721 1129
638 233 721 433
638 234 721 496
639 235 721 846
646 242 721 475
646 241 721 187
646 240 721 247
646 239 721 134
646 238 721 33
646 237 721 64
646 236 721 1704
653 243 721 1703
654 244 721 743
656 245 721 1137
657 246 721 515
658 247 721 748
658 248 721 399
660 249 721 1022
663 250 721 1332
666 251 721 1243
667 252 721 609
672 253 721 1567
672 254 721 40
676 255 721 1390
676 256 721 489
681 259 721 301
681 258 721 276
681 257 721 1517
685 260 721 1381
687 261 721 1136
687 262 721 277
687 263 721 95
692 264 721 1510
692 265 721 491
692 266 721 468
705 267 721 1894
716 268 721 1856
719 269 721 1274
719 270 721 69
719 271 721 25
723 272 721 1371
723 273 721 29
723 274 721 363
730 275 721 1741
730 276 721 331
732 277 721 960
742 278 721 1839
746 279 721 1457
746 280 721 35
750 281 721 1362
750 282 721 100
752 283 721 1041
753 284 721 656
762 285 721 1811
763 286 721 725
767 288 721 393
767 287 721 1487
769 289 721 1030
769 290 721 357
769 291 721 186
776 292 721 1713
782 293 721 1657
783 294 721 677
785 295 721 1036
795 299 721 252
795 298 721 192
795 297 721 380
795 296 721 1835
796 300 721 668
797 301 721 545
798 302 721 816
800 303 721 1050
802 304 721 952
805 305 721 1306
814 306 721 1797
