1 0 1807 501
3 1 1807 890
3 2 1807 255
3 3 1807 159
11 4 1807 1764
12 5 1807 550
12 6 1807 198
12 7 1807 372
21 8 1807 1810
25 9 1807 1448
28 10 1807 1196
35 11 1807 1724
35 12 1807 332
39 16 1807 248
39 15 1807 484
39 17 1807 431
39 13 1807 1465
39 14 1807 157
40 18 1807 828
41 19 1807 562
41 20 1807 456
45 21 1807 1369
46 22 1807 794
46 23 1807 413
50 24 1807 1352
55 25 1807 1573
61 26 1807 1618
67 27 1807 1664
67 28 1807 350
70 29 1807 1260
74 30 1807 1411
76 31 1807 1084
77 32 1807 679
82 33 1807 1499
89 34 1807 1696
91 36 1807 479
91 37 1807 2
91 35 1807 1124
99 38 1807 1793
102 39 1807 1275
107 40 1807 1599
107 41 1807 351
119 42 1807 1880
126 43 1807 1738
134 44 1807 1764
139 45 1807 1517
143 47 1807 213
143 46 1807 1349
146 48 1807 1244
147 49 1807 819
147 50 1807 219
148 51 1807 604
151 52 1807 1205
164 53 1807 1894
166 54 1807 999
168 56 1807 96
168 55 1807 1056
176 57 1807 1766
177 58 1807 731
177 59 1807 190
178 60 1807 856
178 61 1807 459
178 62 1807 22
179 64 1807 36
179 65 1807 111
179 63 1807 550
181 66 1807 1044
182 67 1807 758
189 68 1807 1694
191 69 1807 958
191 70 1807 5
191 71 1807 246
192 72 1807 563
196 73 1807 1477
198 74 1807 888
198 75 1807 105
202 76 1807 1414
204 77 1807 980
205 78 1807 574
213 79 1807 1759
213 80 1807 224
217 81 1807 1405
217 82 1807 419
221 83 1807 1456
223 84 1807 1040
224 85 1807 806
233 86 1807 1803
234 87 1807 710
235 88 1807 499
236 89 1807 639
238 90 1807 1028
239 91 1807 637
242 92 1807 1195
247 93 1807 1602
247 94 1807 418
249 96 1807 329
249 95 1807 1139
252 97 1807 1329
259 98 1807 1702
265 99 1807 1652
265 100 1807 472
266 101 1807 590
266 102 1807 443
266 103 1807 285
267 104 1807 814
281 106 1807 41
281 105 1807 1898
287 107 1807 1653
289 108 1807 1005
291 109 1807 894
296 110 1807 1567
298 111 1807 1040
301 112 1807 1192
303 113 1807 896
316 114 1807 1890
320 115 1807 1376
320 116 1807 39
320 117 1807 491
324 118 1807 1435
327 119 1807 1155
327 120 1807 233
327 121 1807 334
327 122 1807 258
329 123 1807 1054
340 124 1807 1855
343 125 1807 1292
345 126 1807 976
347 127 1807 886
349 128 1807 1058
355 129 1807 1673
362 130 1807 1700
362 131 1807 84
365 132 1807 1203
366 133 1807 846
369 134 1807 1287
374 135 1807 1558
376 136 1807 961
376 137 1807 133
377 138 1807 641
379 139 1807 1067
380 140 1807 765
380 141 1807 150
386 142 1807 1629
391 143 1807 1529
393 144 1807 997
409 145 1807 1912
413 146 1807 1369
413 147 1807 298
419 148 1807 1636
421 149 1807 967
423 150 1807 1100
431 151 1807 1763
440 152 1807 1819
441 153 1807 547
445 154 1807 1419
445 155 1807 138
445 156 1807 331
448 157 1807 1314
448 158 1807 355
452 159 1807 1447
454 160 1807 922
456 161 1807 1079
457 162 1807 594
460 163 1807 1256
462 164 1807 1118
466 165 1807 1482
474 166 1807 1762
474 167 1807 346
479 168 1807 1534
479 169 1807 332
479 170 1807 415
489 171 1807 1830
497 175 1807 82
497 174 1807 389
497 172 1807 1774
497 173 1807 368
498 176 1807 629
499 177 1807 654
499 178 1807 57
510 179 1807 1868
520 180 1807 1847
521 181 1807 677
524 183 1807 91
524 182 1807 1174
525 184 1807 573
536 185 1807 1862
536 186 1807 190
537 187 1807 656
541 188 1807 1352
544 189 1807 1148
547 190 1807 1226
552 191 1807 1571
559 192 1807 1703
561 193 1807 1119
561 194 1807 144
567 195 1807 1610
571 196 1807 1480
571 197 1807 373
571 198 1807 411
575 199 1807 1440
575 200 1807 150
577 201 1807 1023
578 202 1807 688
581 203 1807 1304
582 204 1807 551
585 205 1807 1194
602 206 1807 1913
606 207 1807 1450
606 208 1807 157
609 209 1807 1336
613 210 1807 1433
618 211 1807 1602
621 212 1807 1257
621 213 1807 412
626 214 1807 1524
626 215 1807 244
636 216 1807 1830
637 217 1807 503
638 218 1807 682
641 219 1807 1180
644 220 1807 1291
646 221 1807 1105
648 222 1807 918
648 223 1807 385
650 224 1807 1030
651 225 1807 768
651 226 1807 127
652 227 1807 654
652 228 1807 223
653 229 1807 703
654 232 1807 243
654 230 1807 526
654 231 1807 255
655 233 1807 542
662 234 1807 1717
663 235 1807 823
680 236 1807 1914
688 237 1807 1794
692 238 1807 1464
695 239 1807 1304
707 240 1807 1874
708 241 1807 664
708 242 1807 498
708 243 1807 16
714 244 1807 1639
719 245 1807 1549
719 246 1807 314
722 247 1807 1291
727 248 1807 1520
736 249 1807 1825
743 250 1807 1704
745 251 1807 977
751 252 1807 1615
754 253 1807 1155
754 254 1807 148
756 255 1807 969
756 256 1807 104
756 257 1807 302
756 258 1807 274
763 259 1807 1708
765 260 1807 1066
768 261 1807 1258
771 262 1807 1227
775 263 1807 1378
776 264 1807 809
779 265 1807 1177
783 266 1807 1359
784 267 1807 715
785 268 1807 619
786 271 1807 35
786 269 1807 700
786 270 1807 255
788 272 1807 964
791 273 1807 1302
794 274 1807 1231
795 275 1807 626
796 276 1807 606
798 277 1807 902
799 278 1807 671
803 280 1807 453
803 279 1807 1405
804 281 1807 761
806 282 1807 1059
806 283 1807 322
808 284 1807 923
812 285 1807 1474
813 286 1807 565
815 288 1807 393
815 287 1807 1012
816 289 1807 748
817 290 1807 718
823 291 1807 1611
828 292 1807 1520
834 293 1807 1680
834 294 1807 238
835 295 1807 615
839 296 1807 1362
841 297 1807 1045
843 298 1807 1131
843 299 1807 461
843 300 1807 189
848 301 1807 1524
849 302 1807 671
850 303 1807 819
855 304 1807 1570
861 305 1807 1668
861 306 1807 13
