8 0 297 1775
14 1 297 1672
24 2 297 1844
25 3 297 828
27 4 297 1105
29 5 297 1094
35 6 297 1661
37 7 297 986
46 10 297 84
46 8 297 1823
46 9 297 435
47 11 297 546
50 12 297 1248
50 13 297 129
55 14 297 1592
56 15 297 739
66 16 297 1849
72 19 297 367
72 18 297 115
72 17 297 1679
78 20 297 1641
80 21 297 900
81 22 297 710
90 23 297 1821
91 24 297 747
96 25 297 1571
99 26 297 1244
100 27 297 612
106 28 297 1614
107 29 297 865
118 30 297 1865
120 31 297 874
120 32 297 144
130 33 297 1851
133 34 297 1282
135 35 297 923
139 36 297 1494
141 37 297 1075
142 38 297 578
142 39 297 339
142 40 297 115
142 41 297 118
142 42 297 307
144 43 297 915
146 44 297 987
147 45 297 560
149 46 297 891
153 48 297 314
153 47 297 1472
156 49 297 1251
159 50 297 1278
162 51 297 1182
164 52 297 957
167 53 297 1203
167 54 297 191
169 55 297 875
171 58 297 80
171 56 297 962
171 57 297 23
175 59 297 1459
183 60 297 1775
185 61 297 1049
188 62 297 1296
190 63 297 957
190 64 297 495
192 66 297 402
192 65 297 1135
195 67 297 1322
196 68 297 772
197 69 297 669
200 70 297 1170
201 71 297 773
203 72 297 1101
210 74 297 251
210 73 297 1700
215 75 297 1523
216 76 297 592
223 77 297 1720
224 78 297 833
224 79 297 187
225 80 297 679
232 81 297 1697
232 82 297 298
232 83 297 363
237 84 297 1512
238 85 297 683
248 86 297 1842
249 87 297 866
255 88 297 1659
255 89 297 406
268 90 297 1886
272 91 297 1471
274 92 297 994
276 93 297 1044
276 94 297 489
278 95 297 991
279 96 297 746
282 97 297 1274
282 98 297 420
290 99 297 1777
290 100 297 158
294 101 297 1494
295 102 297 700
300 103 297 1570
300 104 297 81
301 106 297 80
301 105 297 504
304 107 297 1181
306 108 297 951
307 109 297 593
307 110 297 282
310 111 297 1167
312 112 297 1114
321 113 297 1818
322 115 297 77
322 114 297 779
323 116 297 751
325 117 297 933
329 118 297 1370
336 119 297 1737
339 120 297 1218
343 121 297 1460
348 122 297 1587
348 123 297 365
349 124 297 707
355 125 297 1623
362 126 297 1704
362 127 297 56
365 128 297 1210
368 129 297 1185
369 130 297 776
372 131 297 1243
375 132 297 1299
377 134 297 28
377 133 297 980
379 135 297 1110
381 136 297 996
382 137 297 653
382 138 297 281
384 139 297 1007
385 140 297 602
386 141 297 660
396 142 297 1840
398 144 297 123
398 143 297 1066
399 145 297 719
399 146 297 356
401 147 297 1100
401 148 297 265
401 149 297 411
401 150 297 239
408 151 297 1738
418 152 297 1829
419 153 297 607
420 154 297 559
421 155 297 622
431 156 297 1831
431 157 297 334
432 158 297 862
432 159 297 382
433 160 297 725
433 161 297 23
446 162 297 1895
453 163 297 1690
460 164 297 1742
462 165 297 964
470 166 297 1792
470 167 297 134
478 168 297 1790
483 169 297 1593
485 170 297 1006
485 171 297 97
486 173 297 362
486 172 297 651
488 174 297 1134
489 175 297 557
494 176 297 1545
495 177 297 521
495 178 297 241
511 179 297 1912
514 180 297 1267
515 181 297 603
522 182 297 1716
523 183 297 798
525 184 297 945
527 185 297 963
530 186 297 1338
531 187 297 691
531 188 297 420
534 189 297 1330
537 190 297 1203
538 191 297 661
545 192 297 1715
554 193 297 1824
554 194 297 282
555 195 297 578
556 196 297 689
556 197 297 150
559 198 297 1248
561 199 297 1084
562 201 297 221
562 200 297 852
565 202 297 1235
566 203 297 596
569 204 297 1330
569 205 297 142
571 206 297 1087
575 207 297 1466
579 208 297 1398
579 209 297 2
581 210 297 1002
584 211 297 1309
584 212 297 92
586 213 297 875
588 214 297 1040
588 215 297 121
588 216 297 232
590 217 297 1096
591 218 297 744
592 219 297 779
597 220 297 1550
599 221 297 1100
605 222 297 1638
605 223 297 459
605 224 297 389
605 225 297 344
605 226 297 307
606 227 297 752
606 228 297 79
607 229 297 556
615 230 297 1792
619 231 297 1395
622 232 297 1197
624 233 297 1082
626 234 297 1059
628 235 297 1045
631 236 297 1292
633 237 297 1120
637 238 297 1393
638 239 297 803
647 240 297 1801
656 241 297 1797
659 242 297 1218
659 243 297 418
659 244 297 328
668 245 297 1819
669 246 297 568
670 247 297 840
671 250 297 346
671 249 297 160
671 248 297 783
676 251 297 1517
679 252 297 1330
679 253 297 469
683 254 297 1458
689 255 297 1677
690 256 297 508
691 258 297 206
691 257 297 776
693 259 297 986
701 260 297 1759
701 261 297 334
705 262 297 1387
706 263 297 841
706 264 297 134
711 266 297 111
711 265 297 1532
713 267 297 935
720 268 297 1740
739 269 297 1919
740 270 297 754
742 271 297 1036
748 272 297 1628
759 273 297 1865
761 274 297 902
767 275 297 1678
776 276 297 1806
779 279 297 495
779 277 297 1220
779 278 297 130
786 280 297 1700
790 281 297 1392
803 282 297 1893
813 285 297 274
813 283 297 1843
813 284 297 209
813 286 297 64
814 287 297 727
819 288 297 1548
822 289 297 1307
823 290 297 537
824 291 297 516
826 292 297 914
826 293 297 406
828 294 297 969
832 298 297 284
832 297 297 377
832 295 297 1466
832 296 297 410
833 299 297 721
840 300 297 1707
845 301 297 1558
847 302 297 1024
848 303 297 789
851 304 297 1331
854 305 297 1234
863 306 297 1814
