6 0 1157 1613
6 1 1157 226
6 2 1157 294
6 3 1157 229
9 4 1157 1199
15 5 1157 1669
25 6 1157 1831
31 7 1157 1623
37 9 1157 133
37 8 1157 1635
45 10 1157 1757
48 11 1157 1342
53 12 1157 1504
53 13 1157 480
60 14 1157 1710
61 15 1157 509
61 16 1157 108
62 17 1157 749
71 18 1157 1829
72 19 1157 589
72 20 1157 58
79 21 1157 1738
80 22 1157 515
85 23 1157 1560
85 24 1157 240
111 25 1157 1924
111 26 1157 84
118 27 1157 1730
132 28 1157 1902
136 29 1157 1459
144 30 1157 1775
145 31 1157 508
158 32 1157 1886
168 33 1157 1849
172 34 1157 1354
177 35 1157 1597
182 36 1157 1524
182 37 1157 484
183 38 1157 601
185 39 1157 1021
185 40 1157 161
185 41 1157 342
204 42 1157 1919
204 43 1157 355
204 44 1157 428
213 46 1157 381
213 47 1157 478
213 45 1157 1802
214 48 1157 685
215 49 1157 692
216 50 1157 552
221 51 1157 1498
221 52 1157 77
221 53 1157 497
222 54 1157 838
231 55 1157 1800
237 56 1157 1635
238 57 1157 658
255 58 1157 1914
258 59 1157 1199
263 60 1157 1584
263 61 1157 101
269 62 1157 1646
269 63 1157 176
269 64 1157 283
272 65 1157 1248
276 66 1157 1381
281 67 1157 1579
283 68 1157 1051
283 69 1157 112
285 70 1157 909
290 71 1157 1549
290 72 1157 147
291 73 1157 807
291 74 1157 427
297 75 1157 1640
304 77 1157 160
304 76 1157 1743
306 78 1157 1132
306 79 1157 362
311 80 1157 1543
316 81 1157 1531
318 82 1157 1044
321 83 1157 1209
323 84 1157 906
323 85 1157 276
323 86 1157 431
327 87 1157 1389
329 88 1157 1011
333 89 1157 1479
346 90 1157 1887
347 91 1157 866
347 92 1157 495
350 93 1157 1326
354 95 1157 60
354 94 1157 1361
355 96 1157 621
362 97 1157 1743
362 98 1157 72
364 99 1157 1104
364 100 1157 421
365 101 1157 726
369 102 1157 1351
370 103 1157 573
377 104 1157 1708
379 105 1157 928
383 106 1157 1350
386 107 1157 1194
386 108 1157 69
388 109 1157 1122
388 110 1157 56
392 111 1157 1475
396 112 1157 1450
401 113 1157 1551
406 115 1157 52
406 114 1157 1581
408 116 1157 981
408 117 1157 436
411 118 1157 1194
411 119 1157 7
412 120 1157 816
430 121 1157 1916
431 122 1157 568
436 125 1157 43
436 124 1157 150
436 123 1157 1497
438 126 1157 1053
439 127 1157 746
443 128 1157 1370
443 129 1157 366
445 130 1157 1018
445 131 1157 0
445 132 1157 87
445 133 1157 28
456 134 1157 1866
457 135 1157 816
457 136 1157 179
457 137 1157 471
461 138 1157 1426
475 139 1157 1903
476 140 1157 850
479 141 1157 1162
482 142 1157 1320
491 143 1157 1813
495 144 1157 1422
495 145 1157 411
498 146 1157 1340
499 147 1157 868
505 148 1157 1669
508 149 1157 1308
510 150 1157 1004
510 151 1157 185
511 156 1157 158
511 155 1157 430
511 153 1157 65
511 154 1157 287
511 152 1157 548
519 157 1157 1779
519 158 1157 422
525 159 1157 1664
534 160 1157 1799
535 161 1157 604
542 162 1157 1748
548 165 1157 56
548 163 1157 1627
548 164 1157 104
552 166 1157 1387
556 167 1157 1422
562 168 1157 1610
563 169 1157 765
572 170 1157 1798
573 171 1157 509
575 172 1157 934
578 173 1157 1216
580 174 1157 1081
585 175 1157 1579
586 176 1157 596
587 177 1157 679
587 178 1157 74
593 179 1157 1663
594 181 1157 185
594 180 1157 627
596 182 1157 1001
596 183 1157 61
599 184 1157 1287
600 185 1157 833
604 186 1157 1377
604 187 1157 22
610 188 1157 1666
614 189 1157 1436
615 191 1157 325
615 192 1157 49
615 190 1157 658
621 193 1157 1686
621 194 1157 103
621 195 1157 246
624 196 1157 1338
630 197 1157 1617
637 198 1157 1709
641 199 1157 1366
643 200 1157 949
653 201 1157 1843
656 202 1157 1182
658 203 1157 904
662 204 1157 1435
662 205 1157 495
665 206 1157 1176
668 207 1157 1256
670 208 1157 909
671 209 1157 632
679 210 1157 1758
683 211 1157 1404
690 212 1157 1704
691 213 1157 683
693 214 1157 1037
699 215 1157 1614
704 216 1157 1528
710 217 1157 1686
710 218 1157 340
713 219 1157 1195
714 220 1157 603
718 221 1157 1365
724 222 1157 1680
724 223 1157 174
724 224 1157 106
728 225 1157 1473
728 226 1157 459
731 227 1157 1172
733 228 1157 1113
734 230 1157 240
734 229 1157 835
736 231 1157 904
738 232 1157 894
739 233 1157 633
740 234 1157 714
741 235 1157 708
743 236 1157 927
743 237 1157 96
744 238 1157 551
745 239 1157 792
750 240 1157 1582
750 241 1157 121
752 242 1157 1038
754 243 1157 1033
759 244 1157 1602
762 245 1157 1178
763 246 1157 545
766 247 1157 1291
767 249 1157 413
767 248 1157 649
768 250 1157 642
773 251 1157 1577
776 252 1157 1276
777 253 1157 513
778 254 1157 762
783 255 1157 1509
783 256 1157 163
785 257 1157 1008
786 258 1157 797
799 259 1157 1887
799 260 1157 35
799 261 1157 3
799 262 1157 142
799 263 1157 73
799 264 1157 392
800 265 1157 854
801 266 1157 509
803 267 1157 1070
816 268 1157 1894
816 269 1157 329
817 270 1157 687
821 271 1157 1431
823 272 1157 1135
827 273 1157 1472
832 274 1157 1538
832 275 1157 482
832 276 1157 327
833 278 1157 497
833 277 1157 647
834 279 1157 852
836 280 1157 927
838 281 1157 1093
839 282 1157 523
840 283 1157 699
840 284 1157 192
841 285 1157 588
846 287 1157 380
846 286 1157 1552
855 288 1157 1796
857 289 1157 1130
858 290 1157 545
868 291 1157 1844
871 292 1157 1223
872 293 1157 588
873 294 1157 757
878 295 1157 1578
892 296 1157 1903
894 297 1157 964
895 298 1157 641
896 299 1157 747
897 300 1157 669
901 301 1157 1399
904 302 1157 1322
904 303 1157 319
910 304 1157 1651
912 305 1157 1136
912 306 1157 442
