12 0 275 1882
19 1 275 1706
23 2 275 1479
23 3 275 318
24 4 275 697
25 5 275 604
25 6 275 48
30 7 275 1595
32 9 275 62
32 8 275 889
36 10 275 1425
36 11 275 358
40 12 275 1378
41 13 275 691
43 14 275 1021
44 15 275 599
44 16 275 272
45 18 275 210
45 17 275 563
59 19 275 1896
60 20 275 711
64 21 275 1397
73 22 275 1824
79 23 275 1669
83 24 275 1358
87 25 275 1365
95 26 275 1794
100 27 275 1503
104 28 275 1408
107 29 275 1280
111 30 275 1402
115 31 275 1430
115 32 275 468
115 33 275 440
118 34 275 1165
122 35 275 1455
124 36 275 936
125 37 275 530
128 38 275 1220
129 39 275 550
130 40 275 733
135 41 275 1498
140 42 275 1531
140 43 275 271
140 44 275 85
141 45 275 580
142 47 275 110
142 46 275 729
144 48 275 990
144 49 275 468
144 50 275 0
146 51 275 938
147 52 275 540
148 53 275 806
149 54 275 528
149 55 275 485
158 56 275 1806
165 57 275 1734
167 58 275 884
170 59 275 1257
171 60 275 734
171 61 275 469
171 62 275 187
176 63 275 1533
177 64 275 585
196 65 275 1920
205 66 275 1814
207 67 275 938
211 68 275 1450
215 69 275 1490
220 70 275 1588
226 71 275 1667
229 72 275 1267
234 73 275 1584
237 74 275 1163
239 75 275 1137
247 76 275 1790
252 77 275 1553
257 78 275 1584
258 79 275 778
259 80 275 635
265 81 275 1684
266 82 275 512
268 83 275 939
271 85 275 463
271 84 275 1280
273 86 275 889
278 87 275 1587
288 88 275 1837
289 89 275 680
294 90 275 1573
296 91 275 1126
301 92 275 1570
314 93 275 1888
321 95 275 263
321 94 275 1740
324 96 275 1311
347 97 275 1923
353 98 275 1611
353 99 275 90
354 100 275 690
361 101 275 1716
362 102 275 584
366 103 275 1424
367 104 275 805
367 105 275 258
372 106 275 1596
374 107 275 880
379 108 275 1567
382 109 275 1315
383 111 275 253
383 112 275 150
383 110 275 619
383 113 275 105
384 114 275 621
386 115 275 975
398 116 275 1882
401 117 275 1172
401 118 275 253
401 119 275 121
403 120 275 1030
403 121 275 226
405 122 275 1026
406 123 275 770
416 126 275 96
416 124 275 1842
416 125 275 461
419 127 275 1304
427 128 275 1768
429 129 275 900
437 130 275 1751
445 131 275 1792
456 132 275 1867
460 134 275 87
460 133 275 1493
461 135 275 844
463 136 275 1099
465 137 275 1012
465 138 275 133
467 139 275 1021
468 140 275 792
468 141 275 9
468 142 275 20
469 144 275 60
469 143 275 521
472 145 275 1319
474 146 275 976
478 147 275 1464
481 148 275 1267
482 149 275 765
482 150 275 306
482 151 275 139
488 152 275 1669
492 153 275 1489
494 154 275 985
494 155 275 464
495 156 275 690
502 157 275 1738
507 158 275 1507
507 159 275 343
507 160 275 161
507 161 275 291
509 162 275 1036
510 163 275 667
514 164 275 1489
515 165 275 752
515 166 275 311
516 167 275 582
516 168 275 18
523 169 275 1701
532 170 275 1800
534 171 275 869
536 172 275 1038
539 173 275 1156
542 174 275 1253
544 175 275 1021
544 176 275 206
545 177 275 504
546 178 275 710
547 179 275 522
551 180 275 1410
552 182 275 36
552 181 275 556
554 183 275 1003
555 184 275 594
561 185 275 1611
561 186 275 122
561 187 275 377
562 188 275 508
567 189 275 1548
567 190 275 154
570 191 275 1285
574 192 275 1430
581 193 275 1714
582 194 275 859
583 195 275 500
585 196 275 897
588 197 275 1277
590 198 275 957
593 199 275 1233
595 201 275 393
595 200 275 1008
599 202 275 1446
603 203 275 1490
605 204 275 889
609 205 275 1361
611 206 275 1025
612 207 275 513
612 208 275 236
625 211 275 186
625 210 275 257
625 209 275 1889
627 212 275 1028
629 213 275 984
630 214 275 858
635 215 275 1529
635 216 275 254
635 217 275 33
635 218 275 73
644 219 275 1802
645 220 275 629
656 221 275 1859
656 222 275 74
656 223 275 395
661 224 275 1547
662 225 275 515
666 226 275 1363
669 227 275 1249
669 228 275 296
670 230 275 123
670 229 275 752
671 231 275 853
675 232 275 1471
679 233 275 1401
683 234 275 1439
685 235 275 1016
687 237 275 470
687 238 275 113
687 236 275 1035
690 239 275 1157
691 240 275 586
696 241 275 1534
696 242 275 141
697 243 275 543
700 244 275 1290
713 246 275 257
713 245 275 1893
713 247 275 446
714 248 275 856
717 249 275 1255
717 250 275 246
718 251 275 864
721 252 275 1204
723 253 275 1080
724 254 275 603
726 255 275 1073
726 256 275 319
728 257 275 1050
739 258 275 1868
739 259 275 374
761 260 275 1922
768 261 275 1700
768 262 275 216
772 263 275 1408
780 264 275 1765
783 265 275 1329
784 266 275 639
789 267 275 1551
793 268 275 1469
801 269 275 1766
801 270 275 494
808 271 275 1708
818 272 275 1844
819 273 275 840
822 274 275 1215
824 275 275 1020
831 276 275 1718
835 277 275 1455
837 278 275 1030
842 279 275 1579
842 280 275 257
844 281 275 917
844 282 275 392
846 283 275 966
847 284 275 506
850 285 275 1183
855 287 275 391
855 286 275 1574
856 288 275 798
856 289 275 365
857 290 275 696
873 291 275 1909
874 292 275 527
880 293 275 1664
883 294 275 1160
884 295 275 810
887 296 275 1317
888 297 275 657
889 298 275 703
902 299 275 1886
905 300 275 1254
906 301 275 630
908 302 275 901
910 303 275 1015
911 305 275 462
911 304 275 760
913 306 275 945
