1 0 959 717
8 1 959 1690
9 2 959 516
16 3 959 1694
18 4 959 1069
30 5 959 1882
30 6 959 226
31 7 959 626
33 9 959 78
33 8 959 1066
34 10 959 739
34 11 959 148
37 12 959 1331
44 13 959 1719
49 14 959 1502
50 15 959 643
60 16 959 1848
61 17 959 522
62 18 959 515
67 19 959 1584
71 20 959 1437
71 21 959 346
74 22 959 1169
75 23 959 680
75 24 959 111
83 25 959 1794
85 27 959 122
85 28 959 220
85 26 959 874
86 29 959 770
88 30 959 954
89 31 959 661
92 32 959 1197
97 33 959 1596
102 34 959 1529
108 36 959 230
108 35 959 1644
111 37 959 1273
112 38 959 560
113 39 959 784
113 40 959 215
113 41 959 52
116 42 959 1240
118 43 959 884
137 44 959 1919
147 45 959 1847
150 46 959 1218
158 47 959 1784
159 48 959 599
160 49 959 717
163 50 959 1315
164 51 959 546
164 52 959 351
170 53 959 1634
172 54 959 929
172 55 959 371
173 56 959 520
181 57 959 1760
186 58 959 1582
189 59 959 1200
191 60 959 1008
191 61 959 104
191 62 959 405
191 63 959 296
193 64 959 1048
193 65 959 77
195 66 959 875
201 68 959 190
201 67 959 1659
209 69 959 1782
209 70 959 412
210 71 959 574
223 72 959 1887
229 73 959 1655
233 74 959 1368
237 75 959 1384
239 77 959 284
239 76 959 1030
240 78 959 686
240 79 959 188
241 80 959 575
243 81 959 1014
247 82 959 1447
251 83 959 1427
255 85 959 408
255 86 959 310
255 84 959 1379
259 87 959 1488
260 88 959 666
263 89 959 1157
265 90 959 1124
265 91 959 395
271 92 959 1616
274 93 959 1285
281 94 959 1701
281 95 959 110
286 96 959 1571
288 97 959 944
296 98 959 1760
306 99 959 1842
308 100 959 971
312 101 959 1483
317 102 959 1593
318 103 959 742
318 104 959 305
319 105 959 741
320 106 959 584
321 107 959 620
321 108 959 265
325 109 959 1470
328 110 959 1265
328 111 959 235
330 112 959 1074
334 113 959 1393
335 114 959 624
354 115 959 1918
355 116 959 582
357 117 959 903
358 118 959 841
359 119 959 640
366 120 959 1692
369 121 959 1312
371 122 959 992
373 123 959 957
374 125 959 17
374 124 959 658
376 126 959 883
377 127 959 601
389 128 959 1879
392 129 959 1257
399 130 959 1737
399 131 959 85
399 132 959 449
400 133 959 768
402 134 959 1141
404 135 959 1017
408 136 959 1345
409 137 959 704
411 138 959 1122
412 139 959 638
419 140 959 1748
425 141 959 1614
428 142 959 1222
430 143 959 1121
439 144 959 1817
441 145 959 888
444 146 959 1246
444 147 959 222
445 148 959 660
452 149 959 1707
456 150 959 1453
457 151 959 668
457 152 959 102
459 154 959 150
459 153 959 1119
464 155 959 1584
464 156 959 490
465 157 959 635
465 158 959 83
465 159 959 287
473 160 959 1782
488 161 959 1907
489 162 959 666
491 163 959 933
497 164 959 1657
500 165 959 1180
507 166 959 1711
507 167 959 305
507 168 959 252
512 169 959 1531
513 170 959 572
522 171 959 1802
529 173 959 203
529 172 959 1705
530 174 959 817
530 175 959 77
530 176 959 90
539 177 959 1796
541 178 959 1065
548 179 959 1695
549 180 959 696
550 181 959 661
561 183 959 171
561 182 959 1865
568 184 959 1729
570 185 959 1069
585 186 959 1907
588 187 959 1254
589 188 959 618
593 189 959 1482
594 190 959 526
595 191 959 710
596 192 959 621
597 193 959 834
598 194 959 781
606 195 959 1766
608 196 959 947
608 197 959 289
612 198 959 1389
613 199 959 636
615 200 959 1101
617 201 959 940
630 202 959 1895
632 203 959 1053
634 204 959 1134
639 205 959 1575
641 206 959 887
650 207 959 1824
650 208 959 302
650 209 959 72
654 210 959 1494
655 211 959 619
659 212 959 1494
659 213 959 313
664 214 959 1516
666 215 959 1120
666 216 959 41
666 217 959 494
668 218 959 1129
669 219 959 588
672 221 959 457
672 220 959 1197
678 222 959 1611
679 223 959 694
681 224 959 1005
689 225 959 1787
692 226 959 1181
694 227 959 871
698 228 959 1347
700 229 959 975
702 230 959 1054
709 231 959 1726
709 232 959 407
709 233 959 428
710 234 959 593
716 235 959 1680
717 236 959 691
718 237 959 812
720 241 959 83
720 240 959 181
720 239 959 153
720 238 959 962
722 242 959 951
723 243 959 545
739 244 959 1913
749 245 959 1832
751 246 959 1140
751 247 959 308
754 248 959 1242
759 249 959 1585
766 250 959 1724
766 251 959 452
768 252 959 1084
769 253 959 800
773 254 959 1364
774 255 959 644
777 256 959 1254
780 258 959 48
780 257 959 1200
783 259 959 1271
783 260 959 393
783 261 959 15
783 262 959 477
786 263 959 1251
788 264 959 942
795 266 959 212
795 265 959 1693
797 267 959 1066
803 268 959 1644
811 269 959 1761
811 270 959 429
814 271 959 1154
818 272 959 1457
820 273 959 975
820 274 959 406
822 275 959 1114
826 276 959 1430
828 277 959 1065
829 278 959 706
831 279 959 1097
832 280 959 647
834 281 959 873
839 282 959 1553
845 283 959 1687
848 284 959 1176
849 285 959 601
850 286 959 641
855 287 959 1531
857 288 959 989
869 289 959 1874
869 290 959 426
873 291 959 1416
874 292 959 763
880 293 959 1615
886 294 959 1685
886 295 959 166
891 296 959 1530
897 297 959 1624
902 298 959 1528
902 299 959 219
908 300 959 1620
908 301 959 74
909 302 959 588
913 303 959 1406
916 304 959 1155
917 305 959 570
919 306 959 920
