0 0 374 159
0 1 374 27
2 2 374 1073
7 3 374 1584
10 4 374 1281
10 5 374 223
19 6 374 1801
21 7 374 986
24 8 374 1329
28 9 374 1435
34 10 374 1641
34 11 374 300
39 12 374 1581
41 13 374 1122
45 14 374 1384
51 15 374 1668
56 19 374 366
56 18 374 192
56 16 374 1554
56 17 374 23
57 20 374 606
58 21 374 640
60 22 374 1085
64 23 374 1350
66 24 374 955
72 25 374 1620
91 26 374 1918
92 27 374 657
98 28 374 1682
101 29 374 1234
104 30 374 1183
107 31 374 1320
109 32 374 973
110 33 374 784
111 34 374 716
112 35 374 676
117 36 374 1532
128 38 374 312
128 37 374 1855
133 39 374 1567
133 40 374 126
135 41 374 1107
135 42 374 167
135 43 374 164
135 44 374 196
141 45 374 1619
143 46 374 979
144 48 374 343
144 47 374 804
151 49 374 1740
151 50 374 325
153 51 374 908
154 52 374 662
154 53 374 253
156 54 374 1092
160 55 374 1444
161 56 374 867
167 57 374 1647
168 58 374 629
173 59 374 1586
173 60 374 230
176 61 374 1144
179 64 374 251
179 65 374 321
179 62 374 1229
179 63 374 95
182 66 374 1251
183 67 374 796
183 68 374 405
184 69 374 708
184 70 374 136
190 71 374 1623
196 72 374 1636
197 73 374 550
197 74 374 240
201 76 374 472
201 75 374 1424
203 77 374 920
206 78 374 1154
209 79 374 1260
210 80 374 640
212 81 374 1114
212 82 374 314
223 83 374 1866
225 85 374 274
225 84 374 908
226 86 374 657
227 87 374 719
233 88 374 1616
236 89 374 1197
243 90 374 1733
252 91 374 1810
255 92 374 1226
256 93 374 651
259 94 374 1336
261 95 374 907
270 96 374 1802
270 97 374 72
280 98 374 1837
289 99 374 1800
289 100 374 367
289 101 374 183
289 102 374 398
294 103 374 1559
299 104 374 1604
300 105 374 627
303 106 374 1197
303 107 374 112
303 108 374 13
308 109 374 1593
310 110 374 971
321 111 374 1871
321 112 374 493
324 113 374 1293
326 114 374 945
328 115 374 1040
329 116 374 829
332 117 374 1287
334 118 374 1111
348 119 374 1901
353 120 374 1588
354 121 374 531
356 122 374 1105
358 123 374 1133
360 124 374 899
360 125 374 251
360 126 374 397
362 127 374 984
364 128 374 1138
367 129 374 1258
372 130 374 1546
372 131 374 399
374 132 374 1007
377 133 374 1278
379 134 374 892
379 135 374 457
380 136 374 716
381 137 374 679
381 138 374 261
381 139 374 281
383 140 374 1002
384 141 374 545
385 144 374 225
385 142 374 706
385 143 374 23
393 145 374 1787
396 146 374 1316
407 147 374 1857
413 150 374 77
413 148 374 1631
413 149 374 296
414 151 374 515
416 152 374 886
427 154 374 212
427 153 374 1860
435 155 374 1760
437 156 374 1002
440 157 374 1189
441 158 374 660
445 159 374 1353
445 160 374 229
445 161 374 212
447 162 374 899
448 164 374 46
448 163 374 679
449 165 374 571
450 166 374 863
452 167 374 1140
452 168 374 400
452 169 374 487
452 170 374 323
452 171 374 149
454 172 374 1025
455 173 374 829
457 174 374 899
459 175 374 1042
466 176 374 1749
468 177 374 1081
470 178 374 908
472 179 374 1037
473 181 374 464
473 180 374 859
476 182 374 1278
477 183 374 841
480 184 374 1180
482 185 374 1031
486 186 374 1438
488 187 374 1071
490 188 374 1065
492 189 374 1057
496 190 374 1379
500 192 374 18
500 191 374 1452
501 193 374 833
501 194 374 52
502 195 374 789
507 196 374 1571
507 197 374 27
521 198 374 1902
526 199 374 1578
528 201 374 176
528 200 374 923
532 202 374 1456
535 203 374 1143
549 204 374 1897
559 205 374 1852
563 206 374 1414
563 207 374 56
565 208 374 961
567 210 374 10
567 209 374 1094
577 211 374 1846
577 212 374 281
582 213 374 1548
582 214 374 494
589 215 374 1689
590 216 374 858
590 217 374 57
594 218 374 1423
596 219 374 939
598 220 374 1057
605 221 374 1716
605 222 374 74
608 223 374 1268
610 224 374 1033
611 225 374 796
611 226 374 130
611 227 374 192
612 228 374 777
612 229 374 109
616 230 374 1396
623 231 374 1722
625 232 374 1104
628 233 374 1254
628 234 374 113
629 235 374 682
631 236 374 933
631 237 374 135
633 238 374 869
636 239 374 1253
641 240 374 1541
645 241 374 1382
645 242 374 110
658 243 374 1895
660 244 374 1046
664 245 374 1458
667 248 374 338
667 249 374 287
667 246 374 1170
667 247 374 395
678 250 374 1856
683 251 374 1514
684 252 374 528
686 253 374 962
687 254 374 521
689 258 374 110
689 257 374 187
689 255 374 1131
689 256 374 102
691 259 374 1100
698 260 374 1721
701 261 374 1222
704 262 374 1203
705 263 374 851
711 264 374 1623
711 265 374 213
712 266 374 741
714 267 374 951
718 268 374 1435
725 269 374 1737
726 270 374 756
727 271 374 723
729 272 374 1113
729 273 374 170
732 274 374 1322
737 275 374 1599
742 278 374 222
742 277 374 103
742 276 374 1605
747 279 374 1499
752 280 374 1551
758 281 374 1660
766 282 374 1778
766 283 374 490
766 284 374 178
775 285 374 1807
778 287 374 142
778 286 374 1193
779 288 374 733
781 289 374 907
782 290 374 579
783 291 374 745
783 292 374 25
790 293 374 1693
794 296 374 179
794 295 374 319
794 294 374 1456
797 297 374 1184
797 298 374 272
798 299 374 832
799 300 374 716
799 301 374 219
801 302 374 885
802 303 374 526
806 304 374 1455
808 305 374 1132
808 306 374 400
