2 0 1744 896
10 1 1744 1768
12 2 1744 1055
20 3 1744 1765
21 4 1744 619
22 5 1744 786
25 6 1744 1178
25 7 1744 325
37 8 1744 1880
37 9 1744 62
44 10 1744 1694
45 11 1744 672
45 12 1744 56
53 13 1744 1790
56 14 1744 1169
56 15 1744 116
60 17 1744 240
60 16 1744 1355
68 18 1744 1793
74 19 1744 1678
89 20 1744 1904
92 21 1744 1312
94 22 1744 891
94 23 1744 109
94 24 1744 14
98 25 1744 1418
102 28 1744 402
102 26 1744 1450
102 27 1744 229
107 29 1744 1548
110 30 1744 1207
110 31 1744 346
111 32 1744 829
111 33 1744 172
117 34 1744 1683
118 35 1744 699
120 37 1744 471
120 36 1744 1141
129 38 1744 1825
134 39 1744 1541
134 40 1744 126
138 41 1744 1447
138 42 1744 354
140 43 1744 943
144 44 1744 1478
149 45 1744 1557
154 46 1744 1540
163 47 1744 1796
163 48 1744 449
168 49 1744 1563
179 50 1744 1870
180 51 1744 828
188 52 1744 1753
191 53 1744 1176
192 54 1744 599
197 55 1744 1508
199 56 1744 877
201 57 1744 946
209 58 1744 1750
211 59 1744 1126
214 60 1744 1260
216 61 1744 948
226 62 1744 1847
226 63 1744 332
227 64 1744 779
231 65 1744 1347
239 66 1744 1767
248 67 1744 1808
248 68 1744 107
248 69 1744 470
250 70 1744 899
252 71 1744 884
252 72 1744 339
252 73 1744 251
257 74 1744 1551
257 75 1744 456
259 76 1744 958
271 77 1744 1873
272 78 1744 555
272 79 1744 381
281 80 1744 1802
286 81 1744 1579
293 82 1744 1704
294 83 1744 764
299 85 1744 379
299 84 1744 1602
300 86 1744 518
305 87 1744 1578
310 88 1744 1498
310 89 1744 174
317 90 1744 1746
317 91 1744 194
318 92 1744 645
319 93 1744 699
319 94 1744 281
321 95 1744 1103
326 96 1744 1524
326 97 1744 21
326 98 1744 163
326 99 1744 130
333 100 1744 1714
339 101 1744 1657
345 102 1744 1688
360 103 1744 1904
361 104 1744 664
363 105 1744 986
363 106 1744 488
368 107 1744 1501
373 108 1744 1549
373 109 1744 142
374 110 1744 550
376 111 1744 928
376 112 1744 390
380 113 1744 1369
383 114 1744 1248
388 115 1744 1606
391 116 1744 1168
393 117 1744 1083
394 118 1744 655
394 119 1744 400
395 120 1744 829
395 121 1744 189
395 122 1744 310
406 123 1744 1857
407 124 1744 648
408 125 1744 704
408 126 1744 239
413 127 1744 1564
426 128 1744 1895
426 129 1744 447
427 130 1744 857
429 131 1744 936
436 133 1744 425
436 132 1744 1710
437 134 1744 591
437 135 1744 145
446 136 1744 1815
453 137 1744 1725
453 138 1744 99
454 139 1744 615
463 140 1744 1815
465 142 1744 28
465 141 1744 941
469 143 1744 1355
474 144 1744 1549
475 145 1744 818
482 146 1744 1729
485 147 1744 1201
489 148 1744 1376
490 149 1744 599
501 151 1744 440
501 150 1744 1860
504 152 1744 1290
510 153 1744 1687
513 154 1744 1226
518 155 1744 1524
522 156 1744 1346
530 157 1744 1756
533 158 1744 1256
545 159 1744 1884
546 160 1744 746
547 161 1744 848
552 162 1744 1531
554 163 1744 1101
557 164 1744 1210
562 165 1744 1538
565 166 1744 1143
578 167 1744 1890
579 168 1744 777
581 169 1744 1103
588 170 1744 1716
592 171 1744 1367
594 173 1744 39
594 172 1744 983
595 174 1744 509
604 175 1744 1812
604 176 1744 161
606 177 1744 879
606 178 1744 307
614 179 1744 1755
616 180 1744 900
618 182 1744 188
618 181 1744 963
621 183 1744 1295
622 184 1744 512
622 185 1744 416
627 186 1744 1571
627 187 1744 23
629 188 1744 1124
631 189 1744 991
632 193 1744 140
632 192 1744 469
632 191 1744 58
632 190 1744 723
640 194 1744 1794
642 195 1744 966
645 196 1744 1335
646 197 1744 851
646 198 1744 145
646 199 1744 11
651 200 1744 1600
659 203 1744 272
659 201 1744 1763
659 202 1744 423
660 204 1744 808
660 205 1744 492
664 206 1744 1382
667 207 1744 1251
670 208 1744 1177
673 209 1744 1338
677 211 1744 466
677 210 1744 1363
681 212 1744 1448
685 213 1744 1425
687 214 1744 984
694 215 1744 1708
695 216 1744 660
695 217 1744 235
696 218 1744 589
697 219 1744 794
710 220 1744 1892
712 221 1744 1119
713 222 1744 766
720 223 1744 1710
720 224 1744 379
726 225 1744 1657
728 226 1744 898
729 227 1744 843
729 228 1744 170
733 230 1744 477
733 229 1744 1467
736 231 1744 1235
737 232 1744 734
737 233 1744 296
737 234 1744 154
739 235 1744 1061
740 236 1744 539
750 238 1744 487
750 239 1744 20
750 237 1744 1840
752 240 1744 959
752 241 1744 319
753 242 1744 770
760 243 1744 1710
765 244 1744 1553
765 245 1744 256
766 246 1744 535
768 247 1744 968
770 250 1744 306
770 248 1744 1081
770 249 1744 85
772 251 1744 1099
772 252 1744 262
775 253 1744 1275
775 254 1744 43
775 255 1744 480
777 256 1744 997
778 257 1744 637
787 258 1744 1818
789 259 1744 1075
794 260 1744 1518
795 261 1744 538
797 262 1744 1080
803 263 1744 1634
804 264 1744 861
804 265 1744 128
810 266 1744 1656
813 267 1744 1151
816 268 1744 1270
826 269 1744 1847
829 270 1744 1168
830 271 1744 744
836 272 1744 1673
837 273 1744 569
845 274 1744 1760
850 275 1744 1572
850 276 1744 349
852 279 1744 122
852 277 1744 980
852 278 1744 157
854 280 1744 1122
865 281 1744 1855
871 282 1744 1687
871 283 1744 84
874 284 1744 1161
877 285 1744 1302
879 286 1744 973
883 287 1744 1384
883 288 1744 252
888 289 1744 1599
888 290 1744 64
897 291 1744 1826
897 292 1744 22
900 294 1744 426
900 295 1744 420
900 293 1744 1336
903 296 1744 1164
905 297 1744 1060
906 298 1744 849
910 299 1744 1425
911 300 1744 525
914 301 1744 1308
920 302 1744 1622
923 303 1744 1159
924 304 1744 841
928 305 1744 1487
932 306 1744 1350
