5 0 634 1588
22 1 634 1913
22 2 634 475
25 3 634 1270
28 4 634 1171
30 5 634 1140
32 6 634 908
35 7 634 1338
37 8 634 1039
40 9 634 1171
40 10 634 72
40 11 634 419
41 12 634 793
46 13 634 1544
46 14 634 191
47 15 634 540
54 19 634 16
54 18 634 198
54 16 634 1731
54 17 634 484
56 20 634 1136
58 21 634 1076
58 22 634 395
67 23 634 1814
68 24 634 570
69 25 634 685
71 26 634 1062
72 27 634 589
76 28 634 1493
76 29 634 7
81 30 634 1496
84 31 634 1150
89 32 634 1534
89 33 634 13
91 34 634 953
95 35 634 1491
96 36 634 572
97 37 634 723
98 38 634 733
99 39 634 792
113 40 634 1902
116 41 634 1169
120 42 634 1413
122 43 634 1013
122 44 634 427
122 45 634 97
123 46 634 662
124 47 634 799
128 48 634 1461
131 49 634 1323
135 50 634 1399
141 51 634 1662
143 52 634 1016
143 53 634 285
143 54 634 248
144 55 634 512
149 56 634 1518
150 57 634 586
151 58 634 700
151 59 634 485
151 60 634 78
151 61 634 318
159 62 634 1770
161 63 634 1032
166 64 634 1600
167 65 634 847
168 66 634 810
169 67 634 779
170 68 634 590
171 69 634 625
184 70 634 1892
186 71 634 1007
192 72 634 1676
195 73 634 1331
195 74 634 39
208 75 634 1892
213 76 634 1587
216 77 634 1306
220 78 634 1387
220 79 634 472
220 80 634 22
220 81 634 262
222 82 634 1053
222 83 634 170
223 84 634 532
231 86 634 133
231 85 634 1758
234 87 634 1248
241 88 634 1690
241 89 634 441
255 90 634 1897
271 91 634 1911
271 92 634 23
271 93 634 247
272 94 634 714
277 95 634 1583
280 96 634 1324
280 97 634 381
283 98 634 1338
288 99 634 1505
291 100 634 1212
300 101 634 1808
300 102 634 208
301 103 634 836
305 104 634 1355
305 105 634 392
321 106 634 1911
327 107 634 1610
327 108 634 246
327 109 634 281
328 110 634 850
328 111 634 212
330 113 634 227
330 114 634 463
330 112 634 1123
337 115 634 1740
340 116 634 1189
345 117 634 1600
346 118 634 499
354 119 634 1766
355 120 634 713
359 121 634 1486
361 123 634 149
361 122 634 1014
362 124 634 652
377 125 634 1906
379 126 634 983
383 127 634 1428
384 128 634 616
384 129 634 380
385 130 634 567
388 131 634 1206
401 132 634 1892
410 133 634 1807
413 134 634 1185
413 135 634 139
413 136 634 54
413 137 634 217
414 138 634 739
414 139 634 140
422 140 634 1772
422 141 634 448
424 142 634 1002
428 143 634 1409
433 144 634 1515
439 145 634 1685
440 146 634 787
447 147 634 1720
454 148 634 1709
456 149 634 898
456 150 634 393
462 151 634 1649
471 152 634 1806
476 153 634 1497
477 154 634 791
483 155 634 1651
484 156 634 794
484 157 634 59
484 158 634 183
488 159 634 1373
491 160 634 1333
491 161 634 483
493 162 634 993
501 163 634 1790
507 164 634 1638
512 165 634 1568
512 166 634 244
515 167 634 1241
517 168 634 966
517 169 634 323
523 170 634 1686
525 171 634 972
526 173 634 359
526 172 634 860
545 174 634 1918
545 175 634 264
545 176 634 483
550 177 634 1529
551 178 634 558
553 179 634 892
555 180 634 1119
558 181 634 1187
564 182 634 1643
570 183 634 1643
586 184 634 1911
587 185 634 843
590 186 634 1325
590 187 634 395
592 188 634 1015
596 189 634 1459
599 190 634 1270
618 192 634 33
618 191 634 1919
621 193 634 1290
622 194 634 731
625 195 634 1288
629 196 634 1380
631 197 634 1136
638 198 634 1695
650 199 634 1872
654 200 634 1440
658 201 634 1470
659 202 634 754
663 203 634 1386
665 204 634 1137
669 205 634 1346
670 206 634 788
674 207 634 1446
679 208 634 1503
680 209 634 527
683 210 634 1167
686 211 634 1189
690 212 634 1426
693 213 634 1215
693 214 634 254
693 215 634 145
694 216 634 764
697 217 634 1275
706 218 634 1804
707 220 634 243
707 219 634 795
715 221 634 1773
715 222 634 226
719 223 634 1432
721 224 634 978
728 225 634 1691
730 226 634 938
734 227 634 1494
739 228 634 1552
740 229 634 629
741 230 634 809
744 231 634 1271
752 232 634 1758
753 233 634 610
757 234 634 1377
762 235 634 1573
762 236 634 433
762 237 634 257
763 238 634 506
764 240 634 54
764 239 634 564
773 241 634 1803
774 242 634 816
774 243 634 487
774 244 634 292
774 245 634 80
774 246 634 493
775 247 634 743
777 248 634 1036
778 249 634 586
779 250 634 524
779 251 634 105
782 252 634 1257
784 253 634 900
790 254 634 1629
795 255 634 1591
798 256 634 1243
801 258 634 408
801 257 634 1246
805 259 634 1370
805 260 634 407
808 261 634 1219
817 262 634 1819
819 263 634 873
825 264 634 1642
834 265 634 1821
838 266 634 1355
839 267 634 815
847 268 634 1763
848 269 634 605
854 270 634 1636
855 271 634 507
856 272 634 769
859 273 634 1239
860 274 634 740
860 275 634 364
862 276 634 956
868 277 634 1663
870 278 634 1140
872 279 634 897
875 280 634 1198
875 281 634 195
875 282 634 457
877 283 634 966
877 284 634 105
878 285 634 704
878 286 634 14
879 287 634 858
881 288 634 906
888 289 634 1710
888 290 634 330
890 291 634 1112
898 292 634 1773
900 293 634 1060
900 294 634 157
901 295 634 759
917 296 634 1909
928 297 634 1868
929 298 634 770
929 299 634 396
930 300 634 650
935 301 634 1603
937 302 634 904
937 303 634 431
939 304 634 874
939 305 634 16
942 306 634 1260
