0 0 1251 326
6 1 1251 1614
10 2 1251 1470
10 3 1251 408
13 4 1251 1329
23 5 1251 1847
24 6 1251 698
24 7 1251 302
27 9 1251 339
27 8 1251 1164
31 10 1251 1451
36 11 1251 1506
41 12 1251 1579
43 13 1251 1026
55 14 1251 1876
62 15 1251 1748
62 16 1251 173
68 18 1251 48
68 17 1251 1634
69 19 1251 627
69 20 1251 398
70 21 1251 771
77 22 1251 1727
79 23 1251 1048
81 24 1251 888
84 25 1251 1264
85 27 1251 326
85 26 1251 597
86 28 1251 768
90 29 1251 1437
90 30 1251 452
92 31 1251 943
92 32 1251 396
92 33 1251 134
93 34 1251 686
97 35 1251 1466
104 36 1251 1703
105 38 1251 52
105 37 1251 800
110 39 1251 1500
117 40 1251 1696
118 41 1251 706
119 42 1251 662
125 43 1251 1622
131 44 1251 1688
132 45 1251 549
134 46 1251 1010
139 47 1251 1569
141 48 1251 1043
141 49 1251 380
142 50 1251 773
144 51 1251 898
144 52 1251 123
147 53 1251 1267
147 54 1251 281
151 55 1251 1480
160 57 1251 421
160 56 1251 1811
164 58 1251 1445
164 59 1251 64
167 60 1251 1249
167 61 1251 372
171 62 1251 1458
177 63 1251 1652
186 64 1251 1811
187 65 1251 508
189 66 1251 1110
193 67 1251 1444
193 68 1251 339
193 69 1251 409
193 70 1251 45
196 71 1251 1297
201 72 1251 1582
201 73 1251 472
202 74 1251 856
208 77 1251 104
208 76 1251 108
208 75 1251 1616
211 78 1251 1284
211 79 1251 338
211 80 1251 254
213 81 1251 953
216 82 1251 1207
216 83 1251 388
217 84 1251 664
221 85 1251 1478
222 86 1251 819
224 87 1251 1054
232 88 1251 1778
234 89 1251 1131
239 90 1251 1580
242 91 1251 1281
245 92 1251 1280
261 93 1251 1912
261 94 1251 250
264 95 1251 1324
267 96 1251 1172
269 97 1251 935
276 98 1251 1736
279 99 1251 1180
283 100 1251 1364
287 101 1251 1491
290 102 1251 1229
291 103 1251 634
291 104 1251 335
295 105 1251 1400
298 106 1251 1241
303 107 1251 1575
303 108 1251 410
304 109 1251 590
308 110 1251 1371
315 111 1251 1707
317 112 1251 1061
319 113 1251 1106
326 115 1251 296
326 114 1251 1735
328 116 1251 1089
330 117 1251 1070
332 118 1251 987
332 119 1251 333
338 120 1251 1613
338 121 1251 55
343 122 1251 1591
345 123 1251 1132
346 124 1251 754
347 125 1251 688
347 126 1251 17
352 127 1251 1594
352 128 1251 222
356 129 1251 1457
356 130 1251 443
358 131 1251 1098
358 132 1251 293
358 133 1251 104
360 134 1251 899
361 135 1251 688
367 136 1251 1648
368 137 1251 573
368 138 1251 52
371 139 1251 1188
371 140 1251 236
374 141 1251 1169
375 142 1251 643
378 143 1251 1187
384 144 1251 1685
393 145 1251 1797
393 146 1251 219
393 147 1251 174
393 148 1251 177
405 149 1251 1879
405 150 1251 234
405 151 1251 101
416 152 1251 1872
420 153 1251 1403
424 154 1251 1492
427 155 1251 1308
436 156 1251 1824
436 157 1251 97
445 158 1251 1804
450 159 1251 1571
454 160 1251 1382
459 161 1251 1572
463 162 1251 1352
465 163 1251 878
465 164 1251 146
465 165 1251 272
469 166 1251 1413
471 167 1251 957
471 168 1251 206
473 169 1251 1046
474 170 1251 572
475 171 1251 516
477 172 1251 1018
484 173 1251 1724
484 174 1251 96
484 175 1251 443
487 176 1251 1337
487 177 1251 403
491 178 1251 1372
493 179 1251 881
493 180 1251 468
501 181 1251 1768
505 182 1251 1416
505 183 1251 267
508 184 1251 1222
508 185 1251 341
511 186 1251 1151
512 187 1251 815
513 188 1251 537
518 189 1251 1515
519 190 1251 788
524 191 1251 1551
525 192 1251 693
525 193 1251 405
532 194 1251 1730
533 195 1251 589
540 196 1251 1742
547 197 1251 1689
549 198 1251 1041
553 200 1251 383
553 199 1251 1412
556 201 1251 1187
569 202 1251 1892
571 203 1251 1055
574 204 1251 1307
580 205 1251 1643
582 206 1251 1008
582 207 1251 148
585 208 1251 1306
587 209 1251 1048
601 210 1251 1896
605 211 1251 1421
606 212 1251 649
608 213 1251 923
610 214 1251 1102
615 215 1251 1539
615 216 1251 155
617 217 1251 1084
622 218 1251 1581
629 219 1251 1729
631 220 1251 1046
632 221 1251 598
632 222 1251 419
633 223 1251 616
633 224 1251 258
635 225 1251 945
642 226 1251 1747
643 227 1251 612
661 228 1251 1918
665 229 1251 1431
666 230 1251 626
671 231 1251 1572
674 232 1251 1287
686 233 1251 1885
686 234 1251 497
689 235 1251 1206
698 236 1251 1801
698 237 1251 361
700 238 1251 885
705 239 1251 1503
708 240 1251 1257
710 241 1251 1002
714 242 1251 1433
718 243 1251 1413
723 244 1251 1544
726 245 1251 1292
728 246 1251 902
735 247 1251 1695
738 250 1251 433
738 248 1251 1227
738 249 1251 191
739 251 1251 657
739 252 1251 108
742 253 1251 1236
742 254 1251 365
749 255 1251 1710
750 256 1251 767
753 257 1251 1275
754 258 1251 797
754 259 1251 362
763 260 1251 1821
763 261 1251 396
763 262 1251 155
772 264 1251 422
772 265 1251 323
772 263 1251 1800
772 266 1251 134
773 268 1251 425
773 267 1251 689
782 269 1251 1821
788 270 1251 1662
795 271 1251 1719
795 272 1251 199
795 273 1251 77
795 274 1251 471
795 275 1251 43
797 276 1251 1089
799 277 1251 931
801 278 1251 997
803 279 1251 890
803 280 1251 43
803 281 1251 52
806 282 1251 1309
813 283 1251 1726
815 284 1251 997
828 285 1251 1894
832 287 1251 50
832 286 1251 1464
837 288 1251 1520
838 289 1251 712
838 290 1251 439
839 291 1251 525
843 292 1251 1488
844 293 1251 523
850 294 1251 1607
851 295 1251 861
852 296 1251 847
857 297 1251 1558
859 298 1251 991
862 299 1251 1220
865 300 1251 1158
865 301 1251 213
868 302 1251 1269
871 303 1251 1331
871 304 1251 453
872 305 1251 639
872 306 1251 457
