5 0 789 1582
7 1 789 1040
8 2 789 637
8 3 789 489
10 4 789 909
10 5 789 478
11 7 789 424
11 8 789 268
11 6 789 511
14 9 789 1268
21 10 789 1727
26 11 789 1541
33 12 789 1726
33 13 789 234
35 16 789 98
35 14 789 944
35 15 789 252
38 17 789 1331
40 18 789 1057
45 19 789 1571
45 20 789 88
45 21 789 200
54 22 789 1799
63 23 789 1806
69 24 789 1682
69 25 789 56
74 26 789 1537
77 27 789 1201
87 28 789 1836
88 29 789 531
98 30 789 1849
103 31 789 1502
104 32 789 499
109 33 789 1596
110 34 789 845
111 35 789 569
115 36 789 1428
115 37 789 7
120 38 789 1562
122 39 789 1090
124 40 789 980
125 41 789 555
125 42 789 469
130 43 789 1604
134 44 789 1385
139 45 789 1559
141 46 789 949
142 48 789 461
142 47 789 583
150 49 789 1778
162 50 789 1877
164 51 789 928
165 52 789 532
169 53 789 1368
172 54 789 1156
176 55 789 1382
179 56 789 1166
180 57 789 756
181 58 789 731
182 59 789 852
183 60 789 866
186 61 789 1234
187 62 789 513
193 63 789 1662
196 64 789 1343
196 65 789 225
198 66 789 1041
198 67 789 130
201 69 789 374
201 68 789 1313
202 70 789 748
202 71 789 91
209 72 789 1693
222 73 789 1892
223 74 789 591
227 75 789 1458
233 79 789 122
233 78 789 421
233 76 789 1655
233 77 789 194
235 80 789 1031
237 81 789 953
238 82 789 740
238 83 789 57
239 84 789 579
241 85 789 921
243 86 789 970
245 88 789 440
245 87 789 1056
249 89 789 1388
252 90 789 1328
253 91 789 672
256 92 789 1200
257 93 789 710
257 94 789 223
263 96 789 42
263 95 789 1670
264 98 789 261
264 97 789 732
267 99 789 1159
268 100 789 518
269 101 789 819
272 102 789 1194
272 103 789 86
274 104 789 1030
282 105 789 1785
285 106 789 1159
286 107 789 565
287 108 789 777
293 109 789 1623
299 110 789 1651
301 111 789 971
301 112 789 334
302 113 789 609
309 114 789 1745
319 117 789 455
319 115 789 1837
319 116 789 494
321 118 789 1083
321 119 789 422
324 120 789 1179
340 121 789 1910
346 122 789 1615
356 123 789 1850
358 124 789 971
358 125 789 75
359 126 789 816
361 127 789 983
367 128 789 1668
368 129 789 845
372 130 789 1415
374 131 789 923
385 132 789 1858
388 133 789 1186
393 134 789 1529
393 135 789 212
399 136 789 1684
400 137 789 653
402 138 789 952
403 139 789 718
409 140 789 1686
409 141 789 405
409 142 789 278
410 143 789 741
416 144 789 1661
416 145 789 356
416 146 789 337
417 147 789 590
419 149 789 310
419 148 789 889
422 150 789 1176
427 151 789 1511
432 152 789 1573
440 153 789 1763
455 154 789 1905
456 155 789 532
458 156 789 1129
461 157 789 1268
463 158 789 1040
465 159 789 954
467 160 789 968
467 161 789 175
468 162 789 821
479 163 789 1856
479 164 789 207
480 165 789 728
482 166 789 1038
484 167 789 1073
486 168 789 1004
491 169 789 1533
491 170 789 153
499 171 789 1766
503 172 789 1428
503 173 789 364
504 174 789 660
505 175 789 774
511 176 789 1631
513 177 789 873
513 178 789 189
514 179 789 614
520 182 789 94
520 180 789 1662
520 181 789 225
524 183 789 1357
529 184 789 1594
539 185 789 1829
542 186 789 1274
542 187 789 94
545 188 789 1206
547 189 789 996
549 191 789 416
549 190 789 1007
554 192 789 1537
575 193 789 1922
581 194 789 1675
586 195 789 1510
591 196 789 1509
591 197 789 346
592 198 789 534
594 199 789 933
597 200 789 1242
600 201 789 1189
605 202 789 1511
608 203 789 1280
608 204 789 157
611 205 789 1335
611 206 789 83
614 207 789 1209
616 208 789 1103
618 209 789 1130
619 211 789 255
619 210 789 826
621 212 789 1079
621 213 789 425
624 214 789 1217
625 215 789 742
625 216 789 81
629 217 789 1388
629 218 789 262
629 219 789 302
633 220 789 1378
635 221 789 943
643 222 789 1791
643 223 789 7
644 224 789 525
650 225 789 1661
650 226 789 228
654 227 789 1431
655 228 789 613
657 229 789 1074
660 230 789 1190
663 231 789 1284
663 232 789 338
666 233 789 1180
669 234 789 1296
669 235 789 473
670 236 789 639
671 237 789 738
674 239 789 259
674 238 789 1200
681 240 789 1746
681 241 789 65
683 242 789 916
683 243 789 75
683 244 789 170
684 245 789 751
687 246 789 1261
689 247 789 1111
690 248 789 704
692 249 789 933
696 250 789 1429
696 251 789 120
696 252 789 84
696 253 789 231
700 254 789 1480
700 255 789 299
703 256 789 1323
708 257 789 1503
709 259 789 420
709 258 789 754
711 260 789 1106
712 261 789 576
713 262 789 595
713 263 789 28
724 264 789 1865
728 265 789 1466
738 266 789 1842
747 267 789 1824
749 268 789 1054
750 269 789 744
750 270 789 102
753 271 789 1267
753 272 789 188
753 273 789 3
753 274 789 481
756 275 789 1312
756 276 789 26
763 277 789 1715
771 278 789 1761
778 279 789 1698
778 280 789 400
780 281 789 1041
781 282 789 726
786 283 789 1605
791 284 789 1570
793 285 789 1069
796 287 789 106
796 286 789 1200
802 288 789 1624
804 289 789 997
806 290 789 1075
808 291 789 1061
824 292 789 1909
825 293 789 779
827 294 789 1077
830 295 789 1169
834 296 789 1394
836 297 789 888
836 298 789 135
837 299 789 629
838 300 789 834
842 301 789 1362
842 302 789 57
854 303 789 1885
855 305 789 162
855 304 789 830
866 306 789 1857
