0 0 340 327
2 1 340 1018
4 2 340 1003
5 3 340 724
5 4 340 427
5 5 340 116
9 6 340 1363
16 7 340 1745
23 8 340 1726
25 9 340 989
26 10 340 844
37 11 340 1869
39 12 340 985
44 13 340 1553
47 14 340 1195
49 15 340 1005
50 16 340 624
60 17 340 1833
61 18 340 759
66 19 340 1533
75 20 340 1817
81 21 340 1687
89 22 340 1764
92 23 340 1334
93 24 340 619
94 25 340 618
99 26 340 1600
100 27 340 589
102 28 340 909
109 29 340 1739
110 30 340 686
110 31 340 176
110 32 340 331
115 33 340 1594
116 34 340 719
119 35 340 1195
122 37 340 56
122 36 340 1174
123 38 340 718
123 39 340 81
127 40 340 1348
127 41 340 139
127 42 340 80
137 43 340 1840
144 44 340 1706
145 46 340 144
145 45 340 694
146 47 340 829
146 48 340 45
148 49 340 1112
154 50 340 1636
154 51 340 150
156 52 340 1075
157 53 340 571
167 54 340 1835
168 55 340 565
171 56 340 1179
176 57 340 1594
176 58 340 104
183 59 340 1734
183 60 340 441
184 61 340 773
185 62 340 835
201 63 340 1911
201 64 340 303
202 65 340 668
207 66 340 1538
210 67 340 1316
211 68 340 833
241 69 340 1924
249 70 340 1755
250 71 340 568
252 72 340 1114
253 74 340 184
253 73 340 677
259 75 340 1678
264 76 340 1606
274 77 340 1848
279 78 340 1552
289 79 340 1849
289 80 340 473
290 81 340 771
291 82 340 544
298 83 340 1722
298 84 340 103
299 85 340 536
301 86 340 1025
307 87 340 1684
313 88 340 1684
313 89 340 154
313 90 340 16
318 91 340 1504
330 92 340 1877
332 93 340 909
337 94 340 1565
338 95 340 574
341 96 340 1228
341 97 340 94
346 98 340 1537
348 99 340 1037
350 100 340 1081
351 101 340 752
371 102 340 1920
371 103 340 45
374 104 340 1281
376 105 340 1067
378 106 340 960
378 107 340 397
378 108 340 387
378 109 340 156
380 110 340 883
383 111 340 1255
383 112 340 41
383 113 340 180
386 114 340 1260
391 115 340 1594
391 116 340 229
393 117 340 1037
402 118 340 1808
409 119 340 1692
414 120 340 1568
422 121 340 1778
427 122 340 1557
428 123 340 679
443 124 340 1908
443 125 340 250
444 126 340 616
444 127 340 204
446 128 340 1037
451 129 340 1534
451 130 340 450
456 131 340 1512
456 132 340 311
457 133 340 515
458 134 340 767
464 135 340 1646
465 136 340 775
466 137 340 499
466 138 340 441
468 139 340 960
473 140 340 1500
474 141 340 628
477 142 340 1297
482 143 340 1527
485 144 340 1195
486 145 340 685
490 146 340 1463
497 147 340 1696
502 148 340 1574
515 149 340 1896
515 150 340 345
515 151 340 191
515 152 340 211
523 153 340 1770
527 154 340 1394
530 155 340 1227
532 156 340 1120
535 157 340 1241
535 158 340 61
537 159 340 1031
537 160 340 451
538 161 340 755
541 162 340 1285
542 163 340 777
548 164 340 1631
551 165 340 1296
553 166 340 944
557 167 340 1451
560 168 340 1337
565 169 340 1539
566 170 340 818
572 171 340 1655
573 172 340 596
574 173 340 847
574 174 340 191
576 175 340 939
576 176 340 481
576 177 340 29
580 178 340 1408
583 179 340 1222
584 180 340 712
585 181 340 844
586 182 340 555
588 183 340 1066
591 184 340 1189
591 185 340 258
594 186 340 1301
594 187 340 466
596 188 340 1045
600 189 340 1465
601 190 340 525
605 192 340 437
605 191 340 1459
608 193 340 1335
609 194 340 509
610 195 340 744
613 196 340 1267
614 197 340 520
623 198 340 1821
632 199 340 1823
638 203 340 35
638 202 340 359
638 201 340 11
638 200 340 1666
640 204 340 1077
641 205 340 614
646 206 340 1520
649 207 340 1288
654 208 340 1578
654 209 340 454
655 210 340 746
657 211 340 1090
665 212 340 1757
666 213 340 764
666 214 340 318
671 215 340 1532
671 216 340 200
671 217 340 219
676 218 340 1512
680 219 340 1372
700 222 340 406
700 220 340 1920
700 221 340 477
709 223 340 1796
711 224 340 1013
714 225 340 1284
717 226 340 1218
720 228 340 338
720 227 340 1186
724 229 340 1371
729 230 340 1597
742 231 340 1886
742 232 340 132
747 233 340 1509
751 234 340 1481
752 235 340 701
752 236 340 484
753 237 340 519
770 238 340 1913
771 239 340 574
772 240 340 663
772 241 340 12
773 242 340 812
774 243 340 590
775 244 340 718
779 245 340 1359
785 246 340 1626
790 247 340 1597
792 248 340 1016
794 249 340 902
795 250 340 544
797 251 340 1048
799 252 340 932
799 253 340 449
808 254 340 1828
811 255 340 1188
816 256 340 1530
816 257 340 487
818 258 340 947
825 259 340 1718
828 260 340 1321
828 261 340 334
830 262 340 950
830 263 340 207
831 264 340 782
832 265 340 784
834 266 340 958
834 267 340 248
837 268 340 1208
842 269 340 1542
844 270 340 1047
849 271 340 1606
849 272 340 230
851 273 340 938
852 274 340 708
867 275 340 1908
872 276 340 1590
879 277 340 1740
881 278 340 1078
886 279 340 1578
891 280 340 1582
896 281 340 1545
896 282 340 169
900 283 340 1360
901 284 340 827
902 285 340 549
904 286 340 954
910 287 340 1608
915 288 340 1606
915 289 340 292
917 290 340 1095
938 291 340 1921
943 292 340 1497
943 293 340 195
946 294 340 1178
946 295 340 329
948 296 340 986
949 297 340 605
956 298 340 1733
967 299 340 1859
967 300 340 401
971 301 340 1378
971 302 340 389
975 303 340 1398
983 304 340 1779
984 305 340 862
985 306 340 817
