3 0 1370 1234
16 1 1370 1895
18 2 1370 924
19 3 1370 505
19 4 1370 59
21 5 1370 1033
24 6 1370 1172
27 7 1370 1201
31 9 1370 200
31 8 1370 1350
33 10 1370 1084
33 11 1370 457
42 12 1370 1810
42 13 1370 481
43 14 1370 577
43 15 1370 264
50 17 1370 167
50 16 1370 1698
55 19 1370 372
55 18 1370 1570
57 20 1370 1115
57 21 1370 64
57 22 1370 189
57 23 1370 19
58 24 1370 717
59 25 1370 728
60 26 1370 783
61 27 1370 712
69 28 1370 1763
71 29 1370 1078
72 30 1370 566
72 31 1370 86
75 32 1370 1229
77 33 1370 1072
78 34 1370 728
81 35 1370 1336
84 36 1370 1284
88 38 1370 360
88 37 1370 1445
90 39 1370 1141
95 40 1370 1560
95 41 1370 300
98 42 1370 1303
108 43 1370 1836
108 44 1370 206
112 45 1370 1429
117 46 1370 1524
118 47 1370 695
121 48 1370 1205
125 49 1370 1368
127 50 1370 980
131 51 1370 1394
132 52 1370 817
141 53 1370 1813
141 54 1370 299
144 55 1370 1170
151 56 1370 1705
153 57 1370 904
160 58 1370 1713
163 59 1370 1255
163 60 1370 249
163 61 1370 460
167 62 1370 1362
167 63 1370 271
172 64 1370 1558
174 65 1370 998
177 66 1370 1152
178 67 1370 737
184 68 1370 1677
187 69 1370 1165
189 70 1370 905
189 71 1370 253
196 72 1370 1732
196 73 1370 428
197 74 1370 736
198 75 1370 815
199 77 1370 278
199 76 1370 686
206 78 1370 1738
209 79 1370 1212
211 80 1370 1129
211 81 1370 88
215 82 1370 1432
215 83 1370 395
215 84 1370 98
217 85 1370 1097
220 86 1370 1193
223 87 1370 1341
224 88 1370 773
228 89 1370 1483
233 90 1370 1556
233 91 1370 379
239 92 1370 1656
241 93 1370 1029
243 94 1370 892
245 95 1370 1100
246 96 1370 862
248 97 1370 1031
248 98 1370 277
250 99 1370 1133
250 100 1370 277
251 101 1370 786
253 103 1370 39
253 104 1370 462
253 102 1370 942
254 105 1370 727
259 106 1370 1587
259 107 1370 389
261 108 1370 1077
265 109 1370 1408
265 110 1370 484
269 111 1370 1427
271 112 1370 1091
272 114 1370 126
272 115 1370 160
272 113 1370 500
274 116 1370 953
276 117 1370 967
276 118 1370 173
276 119 1370 461
283 120 1370 1729
290 121 1370 1736
303 123 1370 194
303 122 1370 1889
308 124 1370 1534
309 125 1370 526
310 126 1370 522
311 127 1370 702
315 128 1370 1461
320 129 1370 1561
332 130 1370 1878
337 131 1370 1579
337 132 1370 0
338 133 1370 605
340 134 1370 935
340 135 1370 342
342 136 1370 1071
346 137 1370 1392
357 138 1370 1857
360 139 1370 1295
364 140 1370 1434
365 142 1370 264
365 141 1370 803
368 143 1370 1289
370 144 1370 998
370 145 1370 128
373 146 1370 1213
376 147 1370 1155
378 148 1370 902
379 149 1370 732
379 150 1370 146
388 151 1370 1819
389 152 1370 857
396 153 1370 1741
399 154 1370 1328
399 155 1370 466
400 156 1370 822
401 157 1370 748
401 158 1370 429
412 159 1370 1861
412 160 1370 205
414 161 1370 884
415 162 1370 853
419 163 1370 1440
423 164 1370 1455
424 165 1370 829
428 166 1370 1426
428 167 1370 486
432 168 1370 1490
439 169 1370 1709
441 170 1370 1013
445 171 1370 1485
447 172 1370 1035
448 173 1370 802
450 174 1370 951
452 175 1370 926
456 176 1370 1472
457 177 1370 599
459 178 1370 1120
463 179 1370 1406
466 180 1370 1237
469 181 1370 1291
476 182 1370 1725
477 183 1370 729
481 184 1370 1414
481 185 1370 58
482 186 1370 721
482 187 1370 184
485 188 1370 1202
485 189 1370 469
489 191 1370 323
489 190 1370 1444
491 192 1370 963
511 193 1370 1920
513 194 1370 1090
514 195 1370 550
526 196 1370 1875
527 197 1370 748
535 198 1370 1759
535 199 1370 169
536 200 1370 627
537 201 1370 726
542 202 1370 1590
544 203 1370 1118
550 204 1370 1643
551 205 1370 586
552 206 1370 784
552 207 1370 54
553 208 1370 789
553 209 1370 401
555 211 1370 223
555 210 1370 918
560 212 1370 1552
562 213 1370 947
563 214 1370 623
564 215 1370 838
566 216 1370 1084
566 217 1370 124
566 218 1370 25
570 219 1370 1396
570 220 1370 107
573 221 1370 1241
576 222 1370 1209
578 223 1370 1020
578 224 1370 264
579 225 1370 690
580 226 1370 521
582 227 1370 1039
588 228 1370 1637
588 229 1370 401
590 230 1370 975
591 231 1370 723
592 232 1370 764
594 233 1370 951
595 234 1370 778
596 235 1370 511
602 236 1370 1625
603 237 1370 606
605 238 1370 1010
606 239 1370 828
609 240 1370 1199
610 241 1370 667
613 242 1370 1320
614 243 1370 800
618 244 1370 1475
621 245 1370 1221
622 246 1370 695
622 247 1370 15
625 249 1370 251
625 248 1370 1297
629 250 1370 1391
637 251 1370 1750
638 252 1370 722
638 253 1370 362
638 254 1370 61
641 255 1370 1310
645 256 1370 1442
646 257 1370 570
647 258 1370 853
649 259 1370 952
649 260 1370 64
655 261 1370 1669
655 262 1370 342
655 263 1370 388
659 264 1370 1351
659 265 1370 195
663 266 1370 1383
664 269 1370 112
664 268 1370 169
664 267 1370 601
666 270 1370 1138
666 271 1370 477
668 272 1370 1038
670 273 1370 1122
670 274 1370 196
674 275 1370 1365
684 277 1370 409
684 276 1370 1846
688 278 1370 1469
690 279 1370 968
709 280 1370 1919
710 281 1370 505
716 282 1370 1667
720 283 1370 1385
722 284 1370 934
725 286 1370 1
725 287 1370 401
725 285 1370 1149
727 288 1370 890
731 289 1370 1393
733 290 1370 993
735 291 1370 1055
741 292 1370 1677
741 293 1370 58
742 294 1370 764
746 296 1370 324
746 295 1370 1455
748 297 1370 931
752 298 1370 1373
755 299 1370 1280
763 300 1370 1763
763 301 1370 94
771 302 1370 1771
774 303 1370 1184
776 304 1370 1038
778 305 1370 914
779 306 1370 712
