3 0 617 1213
10 1 617 1728
12 2 617 1113
12 3 617 83
15 4 617 1179
17 5 617 965
19 6 617 1120
19 7 617 275
23 12 617 194
23 11 617 29
23 9 617 341
23 8 617 1356
23 10 617 383
26 13 617 1298
27 14 617 770
35 15 617 1771
41 17 617 61
41 16 617 1671
42 19 617 9
42 18 617 508
44 20 617 907
54 21 617 1835
65 22 617 1859
65 23 617 217
65 24 617 496
66 25 617 803
73 29 617 72
73 28 617 410
73 26 617 1730
73 27 617 189
74 30 617 641
75 31 617 831
76 32 617 637
76 33 617 442
79 34 617 1291
80 35 617 829
83 38 617 139
83 37 617 480
83 36 617 1190
88 39 617 1559
88 40 617 364
105 41 617 1915
125 42 617 1920
125 43 617 35
132 44 617 1689
136 45 617 1445
141 46 617 1535
149 47 617 1789
153 48 617 1406
155 49 617 1135
155 50 617 241
162 51 617 1717
183 52 617 1922
188 53 617 1602
196 54 617 1774
199 55 617 1302
207 56 617 1794
209 57 617 896
214 58 617 1511
214 59 617 375
217 60 617 1160
219 61 617 930
227 62 617 1790
230 63 617 1284
236 64 617 1625
240 65 617 1476
243 66 617 1317
249 67 617 1677
249 68 617 6
260 69 617 1865
261 70 617 581
264 71 617 1190
274 72 617 1847
276 73 617 874
281 74 617 1569
283 75 617 917
293 76 617 1840
302 77 617 1824
302 78 617 452
304 79 617 976
307 80 617 1193
318 81 617 1866
319 82 617 708
322 83 617 1199
330 84 617 1755
331 85 617 848
332 86 617 834
334 87 617 959
335 88 617 593
352 89 617 1914
354 90 617 960
354 91 617 294
356 92 617 893
362 93 617 1688
362 94 617 398
366 96 617 125
366 95 617 1359
367 97 617 636
367 98 617 335
367 99 617 212
367 100 617 127
375 101 617 1783
383 102 617 1783
387 103 617 1465
388 104 617 554
390 105 617 975
398 106 617 1795
400 107 617 1047
400 108 617 32
401 109 617 857
405 110 617 1387
418 111 617 1895
418 112 617 443
419 113 617 535
421 114 617 1106
424 115 617 1218
424 116 617 222
425 117 617 590
429 118 617 1453
430 119 617 776
431 120 617 642
431 121 617 358
433 123 617 17
433 122 617 1083
435 124 617 905
435 125 617 286
435 126 617 297
435 127 617 158
435 128 617 475
435 129 617 210
436 130 617 791
439 131 617 1204
443 133 617 239
443 132 617 1489
444 134 617 849
447 135 617 1335
447 136 617 83
450 137 617 1167
451 138 617 644
452 139 617 779
454 140 617 978
461 141 617 1711
463 142 617 926
469 143 617 1660
470 144 617 526
472 145 617 990
480 146 617 1775
480 147 617 358
481 148 617 582
483 149 617 1105
485 150 617 1136
489 151 617 1459
491 152 617 1107
495 153 617 1483
500 154 617 1495
507 155 617 1694
508 156 617 699
516 157 617 1765
517 158 617 560
517 159 617 267
518 160 617 678
524 161 617 1636
525 162 617 572
532 167 617 203
532 166 617 406
532 163 617 1747
532 164 617 65
532 165 617 183
538 168 617 1610
545 169 617 1696
547 170 617 1135
549 171 617 980
560 172 617 1871
561 173 617 673
568 174 617 1723
569 175 617 855
573 176 617 1356
577 177 617 1348
581 178 617 1415
591 179 617 1839
591 180 617 436
602 181 617 1863
607 182 617 1501
610 183 617 1295
612 184 617 998
615 185 617 1257
615 186 617 96
615 187 617 5
616 188 617 669
618 189 617 1079
619 190 617 636
619 191 617 242
620 194 617 101
620 192 617 606
620 193 617 376
623 195 617 1266
625 196 617 1139
627 197 617 1104
632 198 617 1595
632 199 617 343
633 200 617 584
638 201 617 1572
639 202 617 672
640 203 617 810
653 204 617 1894
653 205 617 156
658 206 617 1513
658 207 617 433
664 208 617 1685
665 209 617 640
665 210 617 337
668 212 617 350
668 211 617 1276
669 213 617 646
677 214 617 1756
678 215 617 740
678 216 617 135
681 217 617 1202
682 218 617 748
683 219 617 732
683 220 617 87
683 221 617 400
687 222 617 1459
688 223 617 531
690 224 617 1060
692 226 617 373
692 225 617 892
696 227 617 1494
697 229 617 456
697 228 617 572
703 231 617 252
703 230 617 1641
709 232 617 1677
711 233 617 1072
714 234 617 1255
715 235 617 788
718 236 617 1190
719 237 617 690
722 238 617 1325
723 239 617 842
729 240 617 1669
734 241 617 1587
734 242 617 245
734 243 617 29
735 244 617 742
738 245 617 1285
747 246 617 1817
759 247 617 1885
760 248 617 545
763 249 617 1286
765 250 617 1131
776 251 617 1861
776 252 617 355
777 253 617 862
777 254 617 256
777 255 617 184
777 256 617 112
777 257 617 141
783 258 617 1675
785 259 617 1001
792 260 617 1707
792 261 617 18
800 262 617 1786
803 263 617 1229
805 264 617 923
805 265 617 85
810 266 617 1523
813 267 617 1202
816 268 617 1315
818 269 617 968
822 270 617 1474
826 271 617 1369
835 272 617 1801
845 273 617 1831
847 274 617 988
847 275 617 424
847 276 617 154
851 277 617 1430
858 278 617 1713
865 279 617 1699
867 280 617 1000
867 281 617 413
869 282 617 949
872 283 617 1211
875 284 617 1249
882 285 617 1704
891 286 617 1821
892 287 617 815
893 288 617 816
895 289 617 1071
896 290 617 675
898 291 617 1049
900 292 617 939
900 293 617 323
902 294 617 1059
908 295 617 1650
915 296 617 1725
917 297 617 941
919 298 617 1030
920 299 617 656
926 300 617 1686
927 301 617 615
928 302 617 569
933 303 617 1502
940 304 617 1736
946 305 617 1686
946 306 617 60
