6 0 1226 1667
6 1 1226 310
7 2 1226 751
9 3 1226 1023
9 4 1226 490
13 5 1226 1391
14 6 1226 685
15 9 1226 158
15 8 1226 270
15 7 1226 859
18 10 1226 1275
18 11 1226 372
25 12 1226 1711
27 13 1226 964
29 14 1226 920
35 15 1226 1622
37 16 1226 1049
38 17 1226 671
41 18 1226 1234
49 19 1226 1781
52 20 1226 1151
56 21 1226 1411
60 22 1226 1485
66 23 1226 1687
66 24 1226 405
66 25 1226 498
72 26 1226 1616
76 27 1226 1383
82 30 1226 168
82 28 1226 1679
82 29 1226 147
84 31 1226 1085
93 32 1226 1810
102 33 1226 1802
106 34 1226 1365
107 35 1226 663
108 36 1226 656
108 37 1226 439
111 38 1226 1194
116 39 1226 1547
124 40 1226 1769
127 41 1226 1230
132 42 1226 1589
135 43 1226 1342
147 44 1226 1872
147 45 1226 395
166 46 1226 1919
172 47 1226 1649
173 48 1226 636
176 49 1226 1302
183 50 1226 1692
183 51 1226 248
183 52 1226 422
183 53 1226 370
183 54 1226 226
183 55 1226 255
184 56 1226 749
186 57 1226 989
187 58 1226 617
205 59 1226 1916
212 60 1226 1699
215 61 1226 1226
217 62 1226 1104
217 63 1226 122
234 64 1226 1914
234 65 1226 189
234 66 1226 486
244 67 1226 1834
249 68 1226 1523
249 69 1226 257
251 70 1226 966
252 71 1226 609
256 72 1226 1402
262 73 1226 1611
262 74 1226 12
272 75 1226 1845
279 77 1226 142
279 76 1226 1747
286 78 1226 1739
286 79 1226 10
287 80 1226 504
300 81 1226 1892
301 82 1226 747
301 83 1226 377
301 84 1226 380
311 85 1226 1845
312 86 1226 663
316 87 1226 1440
321 88 1226 1575
323 89 1226 1109
333 90 1226 1838
338 91 1226 1592
345 92 1226 1746
348 93 1226 1203
356 94 1226 1773
357 96 1226 125
357 95 1226 542
361 97 1226 1467
365 98 1226 1353
371 99 1226 1682
381 104 1226 335
381 100 1226 1833
381 101 1226 85
381 102 1226 125
381 103 1226 379
383 105 1226 1083
384 106 1226 771
385 107 1226 735
385 108 1226 358
385 109 1226 305
385 110 1226 433
386 111 1226 606
389 112 1226 1174
390 113 1226 607
394 114 1226 1412
401 116 1226 479
401 115 1226 1731
402 117 1226 727
408 118 1226 1667
408 119 1226 69
412 120 1226 1451
414 121 1226 971
414 122 1226 258
414 123 1226 413
414 124 1226 343
417 125 1226 1298
418 126 1226 787
418 127 1226 199
426 128 1226 1763
430 129 1226 1394
437 130 1226 1720
437 131 1226 280
438 134 1226 101
438 135 1226 418
438 132 1226 714
438 133 1226 56
446 136 1226 1766
446 137 1226 367
446 138 1226 41
449 139 1226 1222
451 140 1226 1073
461 141 1226 1853
463 142 1226 1081
466 143 1226 1270
467 144 1226 676
470 145 1226 1231
470 146 1226 418
472 147 1226 1138
479 148 1226 1715
479 149 1226 41
479 150 1226 63
482 151 1226 1323
489 152 1226 1724
492 154 1226 231
492 153 1226 1284
493 155 1226 862
501 156 1226 1752
507 157 1226 1636
507 158 1226 36
509 159 1226 962
509 160 1226 295
510 161 1226 572
512 162 1226 897
514 163 1226 889
515 164 1226 510
515 165 1226 153
524 166 1226 1817
526 167 1226 1117
527 168 1226 506
529 169 1226 993
542 170 1226 1889
542 171 1226 111
543 173 1226 444
543 172 1226 685
545 174 1226 921
550 175 1226 1522
559 176 1226 1815
561 177 1226 913
567 178 1226 1662
569 179 1226 1036
571 180 1226 880
576 182 1226 408
576 181 1226 1574
583 183 1226 1721
586 184 1226 1330
586 185 1226 397
586 186 1226 480
590 187 1226 1355
597 188 1226 1750
600 189 1226 1164
601 191 1226 130
601 192 1226 331
601 190 1226 591
603 193 1226 1004
605 194 1226 927
606 195 1226 500
608 196 1226 956
608 197 1226 192
609 198 1226 760
610 199 1226 523
613 200 1226 1339
616 201 1226 1225
617 202 1226 632
618 203 1226 721
618 204 1226 77
630 205 1226 1876
631 206 1226 637
634 207 1226 1279
634 208 1226 362
635 209 1226 634
637 210 1226 972
638 211 1226 838
652 212 1226 1899
654 213 1226 924
654 214 1226 81
655 215 1226 646
655 216 1226 164
657 217 1226 1101
661 219 1226 112
661 218 1226 1483
666 220 1226 1597
666 221 1226 462
669 222 1226 1292
672 223 1226 1267
672 224 1226 402
680 225 1226 1759
687 226 1226 1705
692 227 1226 1606
696 228 1226 1442
696 229 1226 420
697 230 1226 566
703 231 1226 1622
703 232 1226 153
705 233 1226 1139
711 234 1226 1621
716 235 1226 1579
718 236 1226 941
724 237 1226 1611
730 238 1226 1643
734 239 1226 1379
740 240 1226 1684
742 241 1226 1125
744 242 1226 992
746 243 1226 1116
746 244 1226 192
752 245 1226 1677
752 246 1226 156
755 247 1226 1331
757 250 1226 336
757 249 1226 281
757 248 1226 922
765 251 1226 1780
766 252 1226 633
767 253 1226 647
768 254 1226 850
770 255 1226 877
781 256 1226 1858
784 260 1226 171
784 259 1226 242
784 257 1226 1290
784 258 1226 319
786 261 1226 956
794 262 1226 1762
805 263 1226 1867
805 264 1226 67
808 265 1226 1274
809 266 1226 685
810 267 1226 759
813 269 1226 427
813 268 1226 1227
819 270 1226 1629
819 271 1226 477
823 272 1226 1382
823 273 1226 104
823 274 1226 353
823 275 1226 472
827 276 1226 1394
827 277 1226 176
829 278 1226 1075
830 279 1226 649
835 280 1226 1603
835 281 1226 373
836 282 1226 683
839 283 1226 1161
839 284 1226 83
840 285 1226 711
842 286 1226 988
846 288 1226 288
846 287 1226 1431
847 289 1226 744
853 290 1226 1646
858 291 1226 1576
861 292 1226 1292
865 293 1226 1401
868 294 1226 1208
869 295 1226 728
872 296 1226 1288
874 297 1226 1049
876 298 1226 1048
877 299 1226 842
879 300 1226 991
882 301 1226 1321
882 302 1226 103
882 303 1226 495
883 304 1226 576
891 305 1226 1784
891 306 1226 398
