2 0 261 923
2 1 261 217
6 2 261 1398
12 3 261 1671
20 4 261 1791
34 5 261 1897
34 6 261 246
36 8 261 312
36 7 261 1089
38 9 261 976
43 10 261 1559
44 11 261 759
46 12 261 912
46 13 261 384
47 14 261 644
54 15 261 1705
56 16 261 1088
58 17 261 1102
65 18 261 1706
67 19 261 1119
70 20 261 1235
72 21 261 872
74 22 261 1122
75 23 261 711
76 24 261 802
77 25 261 717
82 26 261 1557
82 27 261 234
85 30 261 263
85 28 261 1236
85 29 261 56
88 31 261 1254
90 32 261 985
91 33 261 611
91 34 261 257
108 35 261 1916
109 36 261 507
119 37 261 1850
127 38 261 1768
131 39 261 1364
134 40 261 1194
135 41 261 843
137 42 261 1040
139 43 261 937
144 44 261 1531
152 45 261 1774
153 46 261 586
156 47 261 1180
157 48 261 528
160 49 261 1203
166 50 261 1687
166 51 261 343
173 52 261 1745
176 53 261 1226
176 54 261 74
176 55 261 50
178 56 261 1020
179 57 261 687
180 58 261 868
182 59 261 1073
182 60 261 340
182 61 261 11
190 62 261 1778
190 63 261 255
191 64 261 713
191 65 261 305
198 68 261 126
198 67 261 300
198 66 261 1698
199 69 261 653
202 70 261 1198
205 71 261 1162
208 72 261 1258
208 73 261 341
218 74 261 1849
218 75 261 392
226 77 261 184
226 76 261 1756
228 78 261 1104
230 79 261 953
230 80 261 131
230 81 261 376
236 82 261 1631
236 83 261 33
236 84 261 294
246 85 261 1844
250 86 261 1433
256 87 261 1684
257 88 261 537
257 89 261 206
259 90 261 895
266 91 261 1745
268 92 261 982
269 93 261 694
271 94 261 1023
274 95 261 1182
276 96 261 990
277 97 261 785
277 98 261 224
280 99 261 1225
280 100 261 75
280 101 261 285
282 102 261 1054
291 103 261 1799
291 104 261 5
292 105 261 524
294 106 261 1009
298 107 261 1403
301 108 261 1301
307 109 261 1607
307 110 261 218
308 111 261 836
313 112 261 1507
323 113 261 1840
325 114 261 942
338 116 261 305
338 115 261 1889
345 117 261 1744
358 118 261 1886
359 119 261 793
360 120 261 797
360 121 261 14
366 122 261 1688
376 123 261 1845
382 124 261 1683
386 126 261 180
386 125 261 1377
387 127 261 564
390 128 261 1243
391 129 261 667
394 130 261 1327
396 131 261 971
408 132 261 1884
417 133 261 1803
419 134 261 877
427 135 261 1770
430 136 261 1246
438 137 261 1757
438 138 261 27
445 139 261 1694
446 140 261 835
446 141 261 30
446 142 261 382
447 143 261 855
463 146 261 238
463 144 261 1912
463 145 261 59
465 147 261 1067
471 148 261 1677
473 149 261 1059
475 150 261 877
478 151 261 1170
479 152 261 823
483 155 261 60
483 153 261 1356
483 154 261 428
484 156 261 522
486 157 261 1134
486 158 261 116
487 159 261 553
487 160 261 344
487 161 261 445
487 162 261 160
488 164 261 280
488 163 261 634
491 165 261 1172
493 166 261 877
499 167 261 1628
501 168 261 962
503 169 261 1096
504 170 261 642
504 171 261 472
511 173 261 191
511 172 261 1717
523 174 261 1882
524 175 261 766
529 176 261 1557
530 177 261 832
541 178 261 1857
547 179 261 1624
549 180 261 1138
551 181 261 1037
552 183 261 183
552 182 261 811
559 184 261 1715
559 185 261 156
559 186 261 147
560 187 261 527
564 188 261 1374
565 189 261 817
568 190 261 1247
568 191 261 112
574 192 261 1641
578 193 261 1399
582 194 261 1350
582 195 261 390
591 196 261 1795
597 197 261 1672
598 198 261 575
599 199 261 740
601 200 261 1106
602 202 261 105
602 201 261 534
603 203 261 581
603 204 261 416
603 205 261 404
607 206 261 1378
608 207 261 632
612 208 261 1398
617 209 261 1587
617 210 261 428
623 211 261 1615
626 212 261 1201
626 213 261 416
629 214 261 1339
632 215 261 1231
637 216 261 1559
651 217 261 1901
652 218 261 844
652 219 261 123
654 223 261 145
654 222 261 254
654 220 261 1024
654 221 261 349
662 224 261 1773
663 225 261 530
664 226 261 756
664 227 261 318
665 228 261 766
669 229 261 1492
671 230 261 895
680 231 261 1809
680 232 261 257
682 233 261 1117
683 234 261 517
684 235 261 604
686 236 261 932
686 237 261 230
693 238 261 1691
696 239 261 1310
697 240 261 703
701 241 261 1440
703 242 261 1053
710 243 261 1712
710 244 261 388
715 245 261 1557
716 246 261 835
719 249 261 119
719 248 261 59
719 247 261 1224
720 250 261 755
729 251 261 1819
730 252 261 828
730 253 261 452
736 254 261 1640
737 255 261 757
737 256 261 280
749 257 261 1885
750 258 261 732
759 259 261 1811
764 260 261 1572
766 261 261 1059
774 262 261 1790
784 263 261 1831
785 264 261 691
786 265 261 543
790 267 261 84
790 266 261 1358
799 268 261 1824
800 269 261 734
800 270 261 298
803 271 261 1329
803 272 261 209
807 273 261 1458
810 274 261 1344
815 275 261 1508
818 276 261 1220
818 277 261 466
824 278 261 1681
824 279 261 215
830 280 261 1619
834 281 261 1457
834 282 261 258
835 283 261 646
836 284 261 736
838 285 261 1001
840 286 261 981
847 287 261 1729
851 288 261 1401
857 289 261 1684
857 290 261 324
859 291 261 972
863 292 261 1422
872 293 261 1805
878 294 261 1662
883 295 261 1568
888 296 261 1575
891 297 261 1147
893 298 261 1020
901 299 261 1769
901 300 261 199
902 301 261 750
905 302 261 1324
908 303 261 1250
915 304 261 1745
919 305 261 1351
925 306 261 1610
