4 0 1419 1442
6 1 1419 1089
6 2 1419 356
7 3 1419 628
9 4 1419 905
12 5 1419 1315
16 6 1419 1398
21 7 1419 1506
22 8 1419 637
26 9 1419 1475
31 10 1419 1570
34 11 1419 1202
36 12 1419 1079
36 13 1419 296
36 14 1419 187
42 15 1419 1621
43 16 1419 762
44 17 1419 706
45 18 1419 693
47 19 1419 1137
47 20 1419 133
47 21 1419 183
61 22 1419 1896
67 23 1419 1633
69 24 1419 1126
75 25 1419 1612
75 26 1419 433
78 27 1419 1180
85 28 1419 1694
86 29 1419 508
105 30 1419 1919
110 31 1419 1549
111 32 1419 844
119 33 1419 1759
119 34 1419 387
123 35 1419 1478
125 36 1419 1024
130 37 1419 1562
131 38 1419 548
142 39 1419 1860
154 40 1419 1875
155 41 1419 522
157 42 1419 883
159 43 1419 1138
162 44 1419 1284
164 45 1419 1006
168 46 1419 1487
173 47 1419 1604
178 48 1419 1557
178 49 1419 259
179 50 1419 828
179 51 1419 173
183 52 1419 1424
183 53 1419 178
195 54 1419 1880
198 55 1419 1259
200 56 1419 1118
201 57 1419 647
205 58 1419 1426
208 59 1419 1218
210 60 1419 881
210 61 1419 218
217 62 1419 1736
217 63 1419 128
221 65 1419 21
221 66 1419 358
221 64 1419 1481
224 67 1419 1245
234 68 1419 1833
235 69 1419 633
236 70 1419 597
238 71 1419 1125
238 72 1419 158
239 73 1419 757
242 74 1419 1186
247 75 1419 1536
250 76 1419 1224
251 77 1419 757
251 78 1419 349
251 79 1419 120
251 80 1419 124
252 81 1419 753
257 82 1419 1547
261 83 1419 1434
266 84 1419 1605
273 86 1419 124
273 85 1419 1745
274 87 1419 666
283 88 1419 1803
285 89 1419 1052
285 90 1419 360
285 91 1419 376
285 92 1419 135
288 93 1419 1255
290 94 1419 979
296 95 1419 1656
297 96 1419 710
298 97 1419 754
303 98 1419 1581
306 99 1419 1263
307 100 1419 648
307 101 1419 241
314 102 1419 1695
316 103 1419 923
321 104 1419 1586
327 106 1419 15
327 105 1419 1628
328 107 1419 666
330 108 1419 916
330 109 1419 344
330 110 1419 34
330 111 1419 360
330 112 1419 298
333 113 1419 1306
335 115 1419 128
335 114 1419 1093
336 116 1419 595
336 117 1419 302
336 118 1419 448
342 119 1419 1660
351 120 1419 1821
357 121 1419 1617
361 122 1419 1366
362 125 1419 221
362 124 1419 273
362 123 1419 780
364 126 1419 989
365 127 1419 828
372 128 1419 1703
376 129 1419 1454
377 130 1419 825
377 131 1419 470
379 132 1419 1101
381 133 1419 1010
385 134 1419 1397
394 135 1419 1807
396 136 1419 982
397 137 1419 623
405 138 1419 1773
419 139 1419 1902
426 140 1419 1729
430 141 1419 1383
436 142 1419 1674
440 143 1419 1458
442 144 1419 1018
477 145 1419 1924
477 146 1419 78
478 147 1419 753
478 148 1419 161
479 149 1419 851
481 150 1419 1060
481 151 1419 408
481 152 1419 306
491 153 1419 1846
495 154 1419 1367
497 155 1419 955
498 156 1419 800
500 157 1419 914
501 158 1419 650
505 159 1419 1365
506 160 1419 638
508 161 1419 1112
510 162 1419 887
514 163 1419 1386
518 164 1419 1443
522 165 1419 1489
525 166 1419 1184
528 167 1419 1212
538 168 1419 1834
541 169 1419 1210
543 170 1419 1070
557 173 1419 471
557 171 1419 1897
557 172 1419 453
568 174 1419 1856
568 175 1419 438
579 176 1419 1867
589 177 1419 1832
595 181 1419 236
595 178 1419 1687
595 179 1419 273
595 180 1419 142
596 182 1419 666
597 183 1419 852
597 184 1419 393
597 185 1419 417
597 186 1419 163
600 187 1419 1179
605 188 1419 1568
605 189 1419 441
607 191 1419 67
607 190 1419 1007
621 192 1419 1898
621 193 1419 408
624 194 1419 1264
625 195 1419 617
625 196 1419 495
625 197 1419 288
625 198 1419 15
629 199 1419 1453
630 200 1419 740
631 201 1419 790
632 202 1419 843
634 203 1419 876
641 204 1419 1705
643 205 1419 1088
655 206 1419 1879
663 207 1419 1760
680 208 1419 1915
682 209 1419 929
684 210 1419 1013
686 211 1419 892
689 212 1419 1152
689 213 1419 376
692 214 1419 1222
692 215 1419 401
692 216 1419 446
692 217 1419 35
694 218 1419 992
696 219 1419 1026
699 220 1419 1325
699 221 1419 4
704 222 1419 1569
708 223 1419 1393
708 224 1419 202
710 225 1419 1002
735 226 1419 1924
735 227 1419 45
737 228 1419 1132
740 229 1419 1238
751 230 1419 1867
756 231 1419 1579
765 232 1419 1817
765 233 1419 234
769 234 1419 1458
772 235 1419 1277
775 236 1419 1317
782 237 1419 1714
784 238 1419 1072
787 241 1419 328
787 240 1419 463
787 239 1419 1230
790 242 1419 1189
791 243 1419 638
795 244 1419 1352
795 245 1419 115
796 246 1419 840
801 247 1419 1521
803 248 1419 1110
804 251 1419 459
804 249 1419 862
804 250 1419 171
807 252 1419 1220
809 253 1419 913
809 254 1419 127
810 255 1419 736
813 256 1419 1145
817 257 1419 1375
818 258 1419 674
819 259 1419 703
821 260 1419 1089
831 261 1419 1833
832 262 1419 628
833 263 1419 676
835 264 1419 986
839 265 1419 1359
841 266 1419 999
843 267 1419 917
844 268 1419 843
855 269 1419 1869
857 270 1419 1009
858 271 1419 656
860 272 1419 888
866 273 1419 1687
867 274 1419 563
869 275 1419 997
870 276 1419 739
872 281 1419 402
872 280 1419 161
872 278 1419 40
872 277 1419 930
872 279 1419 86
873 282 1419 859
873 283 1419 269
875 284 1419 1067
879 286 1419 359
879 285 1419 1407
881 288 1419 106
881 287 1419 903
882 289 1419 721
882 290 1419 131
893 291 1419 1866
895 292 1419 1040
895 293 1419 368
895 294 1419 140
896 295 1419 554
902 296 1419 1625
903 297 1419 513
908 298 1419 1577
927 299 1419 1918
929 300 1419 1041
939 301 1419 1848
940 302 1419 677
943 303 1419 1166
951 304 1419 1778
955 305 1419 1439
960 306 1419 1496
