8 0 755 1750
8 1 755 106
9 2 755 568
14 3 755 1553
14 4 755 55
14 5 755 371
14 6 755 72
17 7 755 1183
18 8 755 665
19 9 755 823
21 10 755 930
24 11 755 1185
26 12 755 1130
27 13 755 665
28 14 755 755
33 15 755 1513
35 16 755 1094
38 17 755 1216
44 18 755 1624
45 19 755 813
48 20 755 1299
51 21 755 1247
52 22 755 553
60 23 755 1789
64 24 755 1346
66 25 755 979
69 26 755 1219
71 27 755 1133
73 28 755 1063
75 29 755 1036
79 30 755 1352
79 31 755 357
87 32 755 1782
87 33 755 480
88 34 755 848
90 35 755 1089
92 38 755 44
92 37 755 133
92 36 755 1070
97 39 755 1529
97 40 755 278
102 41 755 1512
102 42 755 382
106 43 755 1355
108 44 755 969
109 46 755 114
109 45 755 635
110 47 755 608
110 48 755 163
113 49 755 1150
116 50 755 1262
116 51 755 169
118 52 755 944
124 53 755 1686
138 54 755 1898
139 55 755 503
143 56 755 1478
144 57 755 703
144 58 755 207
146 59 755 1000
148 60 755 1077
149 61 755 864
149 62 755 119
154 63 755 1553
158 64 755 1395
159 65 755 573
162 66 755 1327
163 67 755 650
170 68 755 1741
175 69 755 1591
175 70 755 442
177 71 755 961
180 72 755 1172
180 73 755 94
181 74 755 535
188 75 755 1712
189 76 755 864
191 77 755 1122
192 78 755 820
193 79 755 711
194 80 755 865
195 81 755 610
197 82 755 969
207 83 755 1838
214 84 755 1698
217 85 755 1183
220 86 755 1338
220 87 755 95
221 88 755 507
221 89 755 345
226 90 755 1535
226 91 755 367
236 92 755 1850
238 93 755 968
238 94 755 452
241 95 755 1338
245 96 755 1393
246 97 755 753
258 98 755 1885
258 99 755 396
261 100 755 1232
265 101 755 1389
266 102 755 791
266 103 755 497
267 105 755 300
267 104 755 707
269 106 755 922
270 107 755 850
273 108 755 1151
273 109 755 186
278 110 755 1563
278 111 755 355
287 112 755 1808
291 115 755 466
291 114 755 135
291 113 755 1420
300 116 755 1819
300 117 755 205
308 118 755 1779
308 119 755 212
311 120 755 1159
314 121 755 1232
314 122 755 142
318 125 755 75
318 123 755 1396
318 124 755 55
320 126 755 1035
320 127 755 203
325 128 755 1567
327 130 755 319
327 129 755 1121
327 131 755 110
330 133 755 423
330 132 755 1162
334 134 755 1404
338 135 755 1400
345 136 755 1744
345 137 755 472
347 138 755 1131
351 141 755 488
351 139 755 1398
351 140 755 260
353 143 755 321
353 142 755 869
354 144 755 706
357 145 755 1179
357 146 755 484
357 147 755 430
358 148 755 832
374 149 755 1910
378 150 755 1444
381 151 755 1187
383 152 755 898
389 153 755 1672
392 154 755 1161
420 155 755 1924
423 156 755 1246
426 157 755 1320
426 158 755 441
427 159 755 632
430 160 755 1190
431 161 755 719
434 163 755 29
434 162 755 1207
442 164 755 1791
446 165 755 1452
448 166 755 1118
452 167 755 1384
452 168 755 16
453 169 755 660
454 170 755 647
458 171 755 1346
460 172 755 999
460 173 755 381
472 174 755 1877
473 175 755 671
473 176 755 363
480 177 755 1746
481 178 755 689
482 179 755 800
487 180 755 1516
488 181 755 605
491 182 755 1295
496 183 755 1582
501 184 755 1602
503 185 755 1056
505 186 755 1136
509 187 755 1414
512 188 755 1186
516 192 755 30
516 191 755 423
516 189 755 1404
516 190 755 153
517 193 755 499
517 194 755 207
521 195 755 1466
524 196 755 1205
525 197 755 839
525 198 755 454
528 200 755 61
528 199 755 1178
530 201 755 1024
530 202 755 414
530 203 755 172
533 204 755 1262
533 205 755 97
533 206 755 188
534 207 755 517
541 208 755 1720
541 209 755 490
546 210 755 1561
550 211 755 1425
551 212 755 631
556 213 755 1566
558 214 755 1041
559 215 755 584
563 216 755 1348
568 217 755 1550
568 218 755 351
569 219 755 735
569 220 755 316
575 221 755 1629
575 222 755 198
576 223 755 536
577 224 755 506
577 225 755 224
580 226 755 1315
581 228 755 174
581 227 755 500
581 229 755 411
585 230 755 1391
589 231 755 1448
592 232 755 1291
596 233 755 1435
597 234 755 739
597 235 755 491
597 236 755 190
599 237 755 1122
599 238 755 319
604 239 755 1505
605 240 755 867
606 241 755 619
612 242 755 1618
613 243 755 695
621 244 755 1768
622 245 755 653
629 246 755 1717
629 247 755 389
633 248 755 1382
638 250 755 117
638 249 755 1547
643 251 755 1579
643 252 755 487
649 253 755 1644
650 254 755 862
650 255 755 356
651 256 755 825
660 257 755 1803
665 258 755 1591
667 259 755 1038
668 260 755 706
674 261 755 1613
674 262 755 342
677 263 755 1309
679 264 755 1024
679 265 755 112
679 266 755 133
681 267 755 1120
682 268 755 827
683 269 755 549
683 270 755 394
683 271 755 225
686 272 755 1231
687 273 755 771
695 274 755 1792
701 275 755 1621
701 276 755 11
705 277 755 1427
706 278 755 692
714 279 755 1777
714 280 755 431
716 281 755 926
718 282 755 1042
719 283 755 551
719 284 755 293
726 285 755 1736
728 286 755 961
733 287 755 1572
734 288 755 572
734 289 755 382
739 290 755 1590
739 291 755 312
743 292 755 1456
746 293 755 1206
747 294 755 799
750 296 755 276
750 297 755 308
750 295 755 1179
755 298 755 1596
761 299 755 1656
762 300 755 519
763 301 755 596
767 302 755 1487
768 303 755 833
771 304 755 1153
780 305 755 1817
780 306 755 348
