0 0 1626 470
7 1 1626 1705
8 2 1626 599
8 3 1626 419
12 4 1626 1473
15 5 1626 1284
16 6 1626 803
18 8 1626 443
18 7 1626 1098
19 9 1626 658
22 10 1626 1166
44 11 1626 1922
45 12 1626 554
48 13 1626 1219
51 15 1626 227
51 14 1626 1317
51 16 1626 238
53 18 1626 56
53 17 1626 1014
58 19 1626 1544
58 20 1626 486
66 21 1626 1756
66 22 1626 153
67 23 1626 659
69 24 1626 869
75 25 1626 1630
78 26 1626 1145
80 27 1626 1135
80 28 1626 284
80 29 1626 332
84 30 1626 1486
84 31 1626 152
87 32 1626 1217
90 33 1626 1245
93 35 1626 97
93 34 1626 1187
93 36 1626 383
97 37 1626 1449
98 38 1626 829
101 39 1626 1344
101 40 1626 492
102 41 1626 563
102 42 1626 430
104 43 1626 1062
105 44 1626 796
108 45 1626 1274
126 47 1626 318
126 46 1626 1917
128 48 1626 1020
143 49 1626 1905
148 50 1626 1544
148 51 1626 34
154 52 1626 1660
155 53 1626 840
158 54 1626 1317
159 55 1626 638
164 56 1626 1552
175 57 1626 1864
179 58 1626 1474
187 59 1626 1768
187 60 1626 139
192 61 1626 1592
193 62 1626 814
193 63 1626 111
195 64 1626 1097
197 65 1626 1013
198 66 1626 705
201 67 1626 1233
201 68 1626 31
204 69 1626 1220
212 70 1626 1768
213 71 1626 714
213 72 1626 184
214 73 1626 636
216 74 1626 1052
226 75 1626 1847
229 76 1626 1326
231 77 1626 1015
239 78 1626 1787
244 79 1626 1520
250 80 1626 1638
251 81 1626 827
251 82 1626 115
251 83 1626 303
252 84 1626 712
256 85 1626 1451
256 86 1626 417
256 87 1626 376
266 88 1626 1852
267 89 1626 548
267 90 1626 469
267 91 1626 443
281 92 1626 1900
283 93 1626 986
286 94 1626 1205
287 95 1626 824
293 96 1626 1674
293 97 1626 318
306 98 1626 1890
313 99 1626 1708
314 100 1626 569
315 101 1626 683
315 102 1626 286
322 104 1626 136
322 103 1626 1724
323 105 1626 829
331 106 1626 1774
333 107 1626 1023
340 108 1626 1713
344 109 1626 1394
347 110 1626 1237
348 112 1626 77
348 111 1626 537
360 114 1626 130
360 113 1626 1879
363 115 1626 1236
367 116 1626 1477
368 117 1626 510
371 118 1626 1323
376 119 1626 1570
377 120 1626 596
377 121 1626 328
380 122 1626 1306
384 123 1626 1408
385 124 1626 750
388 125 1626 1324
389 126 1626 739
391 127 1626 1123
395 128 1626 1356
395 129 1626 227
395 130 1626 173
397 131 1626 1007
399 133 1626 79
399 132 1626 1049
401 134 1626 950
403 135 1626 954
404 136 1626 541
404 137 1626 315
404 138 1626 166
413 139 1626 1807
418 140 1626 1601
421 141 1626 1318
422 143 1626 457
422 142 1626 588
425 144 1626 1236
436 145 1626 1856
436 146 1626 366
436 147 1626 20
437 148 1626 856
450 149 1626 1894
453 150 1626 1271
456 151 1626 1164
458 153 1626 320
458 152 1626 919
460 154 1626 1111
460 155 1626 240
463 156 1626 1302
464 157 1626 803
466 158 1626 973
467 159 1626 736
467 160 1626 90
468 161 1626 651
473 162 1626 1592
477 163 1626 1485
480 164 1626 1221
480 165 1626 229
484 166 1626 1413
506 167 1626 1922
508 168 1626 928
510 169 1626 1100
511 170 1626 695
514 172 1626 343
514 171 1626 1162
518 173 1626 1440
531 174 1626 1893
534 175 1626 1202
540 176 1626 1664
541 177 1626 848
541 178 1626 171
542 179 1626 819
544 180 1626 958
545 182 1626 267
545 181 1626 718
549 183 1626 1387
551 184 1626 880
553 185 1626 933
553 186 1626 88
554 187 1626 728
556 188 1626 892
557 189 1626 709
562 190 1626 1576
568 191 1626 1662
571 192 1626 1266
575 193 1626 1354
582 194 1626 1717
584 195 1626 950
590 196 1626 1651
592 197 1626 1027
595 198 1626 1161
597 201 1626 369
597 199 1626 1007
597 200 1626 443
599 202 1626 1017
605 203 1626 1680
608 204 1626 1198
608 205 1626 109
609 206 1626 820
613 207 1626 1404
613 208 1626 351
623 209 1626 1834
624 210 1626 501
624 211 1626 454
625 212 1626 632
625 213 1626 154
632 214 1626 1703
635 215 1626 1297
635 216 1626 383
635 217 1626 205
636 220 1626 141
636 219 1626 288
636 218 1626 605
637 221 1626 684
639 222 1626 1029
639 223 1626 218
643 224 1626 1449
645 225 1626 957
654 226 1626 1821
656 227 1626 913
662 228 1626 1648
664 229 1626 943
668 230 1626 1476
669 231 1626 636
675 232 1626 1612
677 233 1626 1088
677 234 1626 375
678 235 1626 588
684 236 1626 1626
685 237 1626 512
685 238 1626 188
686 240 1626 113
686 239 1626 771
687 241 1626 609
687 242 1626 377
689 243 1626 983
689 244 1626 208
691 245 1626 1122
693 246 1626 1030
695 247 1626 1111
700 249 1626 419
700 248 1626 1576
701 250 1626 566
705 251 1626 1445
705 252 1626 422
707 253 1626 873
708 254 1626 866
714 255 1626 1684
717 256 1626 1264
718 260 1626 213
718 259 1626 241
718 258 1626 231
718 257 1626 798
728 261 1626 1832
734 262 1626 1680
737 263 1626 1333
737 264 1626 357
745 265 1626 1789
746 266 1626 767
750 267 1626 1468
757 268 1626 1704
759 269 1626 1115
764 270 1626 1595
773 271 1626 1796
773 272 1626 17
781 273 1626 1758
781 274 1626 174
785 275 1626 1457
785 276 1626 306
785 277 1626 45
785 278 1626 10
785 279 1626 326
795 280 1626 1851
796 281 1626 709
799 282 1626 1262
802 285 1626 30
802 286 1626 214
802 283 1626 1228
802 284 1626 376
803 287 1626 739
803 288 1626 222
804 289 1626 615
807 290 1626 1248
808 291 1626 828
808 292 1626 280
819 293 1626 1871
820 295 1626 206
820 294 1626 558
821 296 1626 853
823 297 1626 969
824 298 1626 625
824 299 1626 344
824 300 1626 355
828 301 1626 1487
831 302 1626 1332
831 303 1626 460
832 304 1626 749
833 305 1626 695
837 306 1626 1428
