1 0 385 535
1 1 385 212
1 2 385 435
2 3 385 846
5 4 385 1273
5 5 385 398
10 6 385 1589
10 7 385 124
12 8 385 1012
12 9 385 340
15 10 385 1331
16 11 385 689
16 12 385 255
20 13 385 1368
21 14 385 805
21 15 385 437
27 17 385 447
27 16 385 1613
36 18 385 1807
36 19 385 373
37 20 385 835
46 21 385 1805
51 22 385 1545
53 23 385 1023
55 24 385 1028
60 25 385 1502
63 26 385 1250
65 27 385 1057
66 28 385 840
69 29 385 1169
69 30 385 114
75 31 385 1639
86 33 385 355
86 34 385 378
86 32 385 1870
89 35 385 1337
91 37 385 173
91 36 385 914
93 38 385 906
94 39 385 800
100 40 385 1663
100 41 385 361
105 42 385 1585
108 43 385 1142
109 45 385 271
109 46 385 107
109 44 385 859
116 47 385 1738
116 48 385 397
116 49 385 3
120 50 385 1483
121 51 385 854
127 52 385 1682
128 53 385 861
132 54 385 1491
133 55 385 654
134 56 385 591
137 57 385 1337
144 58 385 1742
151 59 385 1696
153 60 385 1073
154 61 385 531
157 62 385 1209
165 63 385 1768
165 64 385 226
171 65 385 1616
172 66 385 744
181 67 385 1824
183 68 385 989
187 69 385 1392
191 70 385 1447
195 71 385 1440
199 72 385 1465
201 73 385 1007
202 78 385 163
202 77 385 403
202 76 385 220
202 75 385 474
202 74 385 634
203 79 385 756
207 80 385 1394
211 81 385 1436
212 82 385 659
213 83 385 837
219 84 385 1610
222 85 385 1184
234 86 385 1882
236 87 385 1009
237 88 385 789
243 89 385 1649
244 90 385 745
249 91 385 1502
249 92 385 355
251 93 385 1135
257 94 385 1652
259 95 385 1131
261 96 385 1077
268 97 385 1742
270 98 385 916
273 99 385 1168
277 100 385 1452
277 101 385 208
278 102 385 749
280 105 385 43
280 103 385 930
280 104 385 480
283 106 385 1313
284 107 385 674
284 108 385 226
286 111 385 188
286 109 385 1016
286 110 385 434
289 112 385 1173
291 114 385 301
291 113 385 986
296 115 385 1562
305 116 385 1796
305 117 385 371
305 118 385 157
307 119 385 966
313 120 385 1659
319 121 385 1659
321 122 385 1035
324 123 385 1265
325 124 385 647
336 125 385 1870
338 126 385 1084
338 127 385 329
341 128 385 1279
345 129 385 1428
348 130 385 1322
348 131 385 402
352 132 385 1411
354 133 385 920
357 134 385 1229
360 135 385 1186
361 136 385 687
367 137 385 1654
367 138 385 357
372 139 385 1567
381 140 385 1795
384 141 385 1207
385 142 385 782
392 143 385 1697
395 144 385 1214
396 145 385 556
396 146 385 328
399 147 385 1294
400 148 385 833
400 149 385 90
403 150 385 1259
404 151 385 705
409 152 385 1584
421 153 385 1875
425 154 385 1433
432 155 385 1717
434 156 385 1097
438 157 385 1408
438 158 385 283
439 159 385 534
441 160 385 884
443 161 385 984
446 162 385 1320
447 163 385 723
453 164 385 1619
453 165 385 31
454 166 385 702
454 167 385 253
460 168 385 1681
462 169 385 1039
464 171 385 142
464 172 385 14
464 170 385 874
465 173 385 515
467 174 385 1095
467 175 385 451
469 176 385 876
472 177 385 1263
472 178 385 50
472 179 385 90
477 180 385 1542
484 181 385 1714
488 182 385 1421
491 183 385 1189
491 184 385 168
492 185 385 617
493 186 385 742
497 187 385 1461
501 188 385 1411
505 189 385 1436
505 190 385 88
508 191 385 1203
512 192 385 1371
519 193 385 1747
520 194 385 682
521 195 385 811
530 196 385 1812
530 197 385 59
530 198 385 77
533 199 385 1183
541 201 385 74
541 200 385 1779
546 202 385 1538
553 203 385 1718
555 204 385 1140
557 205 385 1117
558 206 385 690
560 207 385 1069
561 208 385 779
563 209 385 981
564 210 385 840
572 211 385 1759
576 212 385 1357
576 213 385 193
578 214 385 917
580 215 385 1095
584 216 385 1487
584 217 385 130
585 218 385 554
587 219 385 1002
590 220 385 1213
593 221 385 1165
594 222 385 766
594 223 385 244
596 224 385 951
601 225 385 1595
602 226 385 695
602 227 385 192
610 228 385 1758
610 229 385 283
611 230 385 564
612 231 385 817
615 232 385 1185
616 233 385 792
616 234 385 235
620 235 385 1467
620 236 385 176
626 237 385 1627
626 238 385 49
628 239 385 975
638 240 385 1851
643 241 385 1598
644 242 385 682
644 243 385 429
645 244 385 596
645 245 385 254
653 246 385 1771
656 247 385 1178
657 248 385 830
662 249 385 1512
665 250 385 1248
671 251 385 1682
675 252 385 1430
677 253 385 1000
690 254 385 1894
691 255 385 614
694 256 385 1233
697 257 385 1293
698 258 385 767
702 259 385 1469
702 260 385 421
702 261 385 498
705 262 385 1236
705 263 385 495
705 264 385 417
705 265 385 23
706 266 385 574
707 267 385 564
719 268 385 1882
723 269 385 1374
725 270 385 918
733 271 385 1785
733 272 385 80
738 273 385 1503
740 274 385 1075
745 276 385 483
745 277 385 336
745 275 385 1539
750 278 385 1573
751 279 385 697
758 280 385 1749
762 281 385 1442
765 282 385 1286
765 283 385 245
767 284 385 959
768 285 385 807
771 287 385 184
771 286 385 1311
772 288 385 823
777 289 385 1545
777 290 385 234
778 291 385 808
779 292 385 859
780 293 385 505
781 294 385 554
785 296 385 362
785 298 385 12
785 295 385 1353
785 297 385 186
786 299 385 572
791 300 385 1604
794 301 385 1207
797 302 385 1220
801 303 385 1380
802 304 385 593
806 305 385 1387
811 306 385 1601
