4 0 1571 1436
4 1 1571 217
5 2 1571 518
13 3 1571 1772
14 4 1571 642
15 5 1571 653
17 6 1571 1001
18 7 1571 592
26 8 1571 1791
31 9 1571 1572
34 10 1571 1301
34 11 1571 399
34 12 1571 87
36 13 1571 911
38 14 1571 940
41 15 1571 1334
43 16 1571 1055
48 17 1571 1553
53 18 1571 1552
54 19 1571 767
56 20 1571 1010
59 21 1571 1232
63 22 1571 1375
69 23 1571 1625
69 24 1571 313
71 25 1571 983
73 26 1571 908
81 28 1571 112
81 27 1571 1791
83 29 1571 1032
83 30 1571 347
97 31 1571 1901
104 32 1571 1734
108 33 1571 1416
108 34 1571 279
109 35 1571 557
121 36 1571 1880
122 37 1571 845
126 38 1571 1377
126 39 1571 233
128 40 1571 953
138 41 1571 1833
149 42 1571 1864
156 43 1571 1729
156 44 1571 317
157 45 1571 543
165 46 1571 1774
169 47 1571 1388
170 48 1571 557
171 49 1571 715
174 50 1571 1305
178 51 1571 1364
180 52 1571 940
183 53 1571 1261
184 54 1571 863
184 55 1571 204
185 56 1571 766
186 57 1571 817
190 58 1571 1458
195 59 1571 1584
201 60 1571 1669
203 61 1571 1134
203 62 1571 480
204 63 1571 758
207 64 1571 1225
210 65 1571 1324
211 66 1571 589
212 67 1571 596
213 68 1571 632
213 69 1571 383
217 70 1571 1378
217 71 1571 209
217 72 1571 175
220 73 1571 1318
227 74 1571 1738
229 75 1571 1102
232 76 1571 1292
237 77 1571 1571
240 78 1571 1308
247 79 1571 1695
249 80 1571 1133
253 81 1571 1444
256 82 1571 1234
259 83 1571 1322
265 84 1571 1651
267 85 1571 907
269 86 1571 961
269 87 1571 473
270 88 1571 553
270 89 1571 75
277 90 1571 1716
279 91 1571 1063
282 92 1571 1311
289 94 1571 488
289 93 1571 1717
296 95 1571 1743
300 96 1571 1353
302 97 1571 1105
303 98 1571 504
305 99 1571 918
317 100 1571 1878
320 101 1571 1178
321 103 1571 174
321 102 1571 756
324 104 1571 1261
326 105 1571 1095
329 106 1571 1188
334 107 1571 1546
338 108 1571 1447
344 109 1571 1686
345 110 1571 836
347 111 1571 1120
351 112 1571 1434
357 115 1571 225
357 113 1571 1688
357 114 1571 451
366 116 1571 1825
368 117 1571 1082
370 118 1571 1031
370 119 1571 317
370 120 1571 362
370 121 1571 116
370 122 1571 43
371 123 1571 557
372 124 1571 591
372 125 1571 315
373 126 1571 822
373 127 1571 383
374 128 1571 830
393 129 1571 1919
399 130 1571 1673
399 131 1571 186
401 133 1571 390
401 132 1571 1066
408 134 1571 1741
420 135 1571 1880
421 136 1571 688
423 137 1571 1059
423 138 1571 60
424 139 1571 555
430 140 1571 1644
433 141 1571 1340
435 142 1571 950
436 143 1571 791
439 144 1571 1163
440 145 1571 596
445 146 1571 1553
450 147 1571 1548
453 149 1571 263
453 148 1571 1266
463 152 1571 73
463 153 1571 187
463 150 1571 1843
463 151 1571 270
464 154 1571 555
472 155 1571 1762
474 156 1571 1135
474 157 1571 198
479 158 1571 1507
481 159 1571 946
481 160 1571 273
482 161 1571 805
483 162 1571 716
487 163 1571 1452
487 164 1571 12
488 165 1571 649
488 166 1571 53
490 167 1571 1044
501 168 1571 1872
501 169 1571 495
505 170 1571 1461
506 171 1571 765
508 172 1571 1021
508 173 1571 475
509 174 1571 597
511 175 1571 947
513 176 1571 1090
516 177 1571 1176
519 178 1571 1318
539 179 1571 1920
540 180 1571 686
543 181 1571 1199
545 182 1571 1042
546 183 1571 567
546 184 1571 76
550 185 1571 1403
550 186 1571 113
552 187 1571 879
560 188 1571 1759
574 189 1571 1903
575 191 1571 489
575 190 1571 745
579 192 1571 1477
581 193 1571 1039
581 194 1571 282
582 195 1571 839
583 196 1571 624
587 197 1571 1422
588 198 1571 779
589 199 1571 514
590 200 1571 542
591 201 1571 509
596 202 1571 1601
597 203 1571 770
598 204 1571 726
600 205 1571 1077
603 206 1571 1173
608 207 1571 1522
613 208 1571 1514
618 209 1571 1532
619 210 1571 671
631 211 1571 1883
632 212 1571 805
637 213 1571 1512
637 214 1571 260
639 215 1571 998
645 216 1571 1687
645 217 1571 148
649 218 1571 1376
650 219 1571 534
651 220 1571 536
653 221 1571 1099
656 222 1571 1209
669 223 1571 1893
675 224 1571 1675
677 225 1571 972
680 226 1571 1213
695 227 1571 1907
695 228 1571 193
701 230 1571 323
701 229 1571 1683
706 231 1571 1592
706 232 1571 397
707 233 1571 803
711 234 1571 1377
711 235 1571 176
716 236 1571 1523
716 237 1571 271
724 238 1571 1766
726 240 1571 229
726 239 1571 924
727 241 1571 515
730 242 1571 1289
730 243 1571 227
733 244 1571 1231
734 245 1571 786
740 246 1571 1609
753 247 1571 1889
754 248 1571 779
757 249 1571 1209
759 250 1571 1076
759 251 1571 475
759 252 1571 46
759 253 1571 245
773 254 1571 1903
777 255 1571 1368
780 256 1571 1225
786 257 1571 1632
788 258 1571 1020
794 259 1571 1678
802 260 1571 1788
805 261 1571 1191
808 262 1571 1329
816 263 1571 1756
819 264 1571 1208
821 265 1571 1004
825 269 1571 83
825 268 1571 134
825 267 1571 1
825 266 1571 1486
829 270 1571 1400
833 271 1571 1416
833 272 1571 307
833 273 1571 451
833 274 1571 304
833 275 1571 20
840 276 1571 1734
842 277 1571 982
843 278 1571 662
845 279 1571 888
848 280 1571 1288
851 281 1571 1248
853 282 1571 1128
855 283 1571 909
856 284 1571 606
864 285 1571 1773
869 287 1571 152
869 286 1571 1545
870 288 1571 825
870 289 1571 9
872 290 1571 876
881 291 1571 1816
884 292 1571 1175
884 293 1571 87
886 294 1571 1060
888 295 1571 963
890 296 1571 1110
894 297 1571 1458
896 298 1571 943
896 299 1571 227
899 300 1571 1225
905 301 1571 1607
913 302 1571 1755
914 303 1571 696
921 304 1571 1733
926 305 1571 1584
926 306 1571 167
