0 0 1811 186
6 1 1811 1663
9 2 1811 1188
10 3 1811 547
13 4 1811 1325
14 5 1811 759
19 6 1811 1586
23 7 1811 1383
28 8 1811 1533
29 9 1811 546
32 10 1811 1294
35 11 1811 1167
37 12 1811 932
39 13 1811 1088
41 14 1811 1119
44 15 1811 1192
45 16 1811 836
47 17 1811 1009
53 18 1811 1609
53 19 1811 193
53 20 1811 443
54 21 1811 753
63 22 1811 1824
65 23 1811 875
65 24 1811 332
67 25 1811 895
71 27 1811 305
71 26 1811 1419
72 28 1811 626
76 29 1811 1414
77 30 1811 521
79 31 1811 990
80 32 1811 741
80 33 1811 297
80 34 1811 228
80 35 1811 450
83 37 1811 430
83 36 1811 1298
85 38 1811 962
85 39 1811 346
86 40 1811 666
87 41 1811 673
89 42 1811 1076
92 43 1811 1156
97 44 1811 1588
117 45 1811 1921
122 46 1811 1547
123 48 1811 215
123 47 1811 665
124 49 1811 785
130 50 1811 1649
130 51 1811 143
132 52 1811 1015
132 53 1811 76
134 54 1811 1006
138 55 1811 1357
146 59 1811 430
146 58 1811 215
146 56 1811 1763
146 57 1811 312
149 60 1811 1264
152 61 1811 1280
153 62 1811 757
153 63 1811 118
153 64 1811 24
153 65 1811 304
153 66 1811 426
154 67 1811 634
155 68 1811 859
156 69 1811 668
165 72 1811 46
165 70 1811 1819
165 71 1811 406
168 73 1811 1263
172 74 1811 1451
179 75 1811 1694
184 76 1811 1602
185 77 1811 668
188 78 1811 1212
188 79 1811 336
191 80 1811 1272
192 81 1811 753
192 82 1811 90
200 83 1811 1765
207 85 1811 377
207 84 1811 1690
221 86 1811 1899
222 87 1811 664
225 88 1811 1216
226 89 1811 796
227 90 1811 612
229 91 1811 985
229 92 1811 215
230 93 1811 532
232 94 1811 1006
235 95 1811 1310
245 96 1811 1840
247 97 1811 957
249 98 1811 1132
252 99 1811 1284
256 100 1811 1494
258 101 1811 913
265 102 1811 1731
269 103 1811 1471
271 104 1811 891
274 105 1811 1243
274 106 1811 97
280 107 1811 1676
281 108 1811 549
284 109 1811 1236
290 110 1811 1679
292 111 1811 1095
294 112 1811 1025
303 113 1811 1803
305 114 1811 1082
306 115 1811 511
309 116 1811 1190
311 117 1811 917
311 118 1811 352
316 119 1811 1571
316 120 1811 329
322 121 1811 1687
325 124 1811 56
325 123 1811 62
325 122 1811 1342
326 125 1811 834
326 126 1811 190
330 127 1811 1438
330 128 1811 257
330 129 1811 141
338 130 1811 1778
339 131 1811 645
343 132 1811 1460
353 133 1811 1853
354 134 1811 766
354 135 1811 359
356 136 1811 947
357 137 1811 543
359 138 1811 874
359 139 1811 446
359 140 1811 280
359 141 1811 222
359 142 1811 114
374 143 1811 1904
376 144 1811 1041
380 145 1811 1441
392 146 1811 1885
392 147 1811 336
396 148 1811 1375
396 149 1811 494
396 150 1811 119
398 151 1811 923
399 152 1811 604
403 153 1811 1485
405 154 1811 954
412 155 1811 1731
417 156 1811 1495
423 157 1811 1668
427 158 1811 1414
427 159 1811 57
429 160 1811 1052
430 161 1811 583
434 163 1811 408
434 162 1811 1419
438 164 1811 1383
440 165 1811 1034
445 166 1811 1559
447 167 1811 1096
449 168 1811 1036
450 169 1811 723
454 170 1811 1489
455 172 1811 43
455 171 1811 647
465 173 1811 1830
468 174 1811 1291
468 175 1811 107
473 176 1811 1573
477 177 1811 1363
479 178 1811 946
480 179 1811 540
482 180 1811 874
490 182 1811 63
490 181 1811 1779
496 183 1811 1687
496 184 1811 21
497 185 1811 855
497 186 1811 40
511 187 1811 1900
513 188 1811 898
515 189 1811 960
516 190 1811 788
519 191 1811 1203
521 192 1811 1053
522 193 1811 816
525 194 1811 1319
531 195 1811 1621
532 196 1811 728
538 197 1811 1631
539 198 1811 521
539 199 1811 6
548 200 1811 1806
549 201 1811 788
552 202 1811 1224
553 203 1811 651
555 204 1811 930
559 205 1811 1397
561 206 1811 880
562 207 1811 699
562 208 1811 193
563 211 1811 132
563 210 1811 158
563 209 1811 847
564 212 1811 722
566 213 1811 874
568 214 1811 1108
571 215 1811 1198
572 216 1811 520
578 217 1811 1656
578 218 1811 386
579 219 1811 527
581 220 1811 994
586 221 1811 1584
586 222 1811 198
586 223 1811 76
597 224 1811 1859
597 225 1811 285
602 226 1811 1518
605 227 1811 1151
606 228 1811 511
611 229 1811 1595
614 230 1811 1304
625 231 1811 1866
626 232 1811 841
628 233 1811 939
629 234 1811 658
629 235 1811 86
630 236 1811 554
633 237 1811 1336
634 238 1811 757
635 239 1811 549
649 240 1811 1899
652 241 1811 1266
659 242 1811 1706
659 243 1811 51
660 244 1811 801
661 245 1811 656
661 246 1811 481
661 247 1811 179
667 249 1811 120
667 248 1811 1633
669 250 1811 1100
671 251 1811 996
674 252 1811 1244
693 253 1811 1918
695 254 1811 937
695 255 1811 222
696 256 1811 589
699 257 1811 1148
700 258 1811 716
701 259 1811 644
710 260 1811 1803
716 261 1811 1653
716 262 1811 187
717 263 1811 523
721 264 1811 1468
721 265 1811 216
724 266 1811 1216
731 268 1811 215
731 267 1811 1707
733 269 1811 1022
734 270 1811 644
736 271 1811 1109
738 272 1811 899
746 273 1811 1761
747 274 1811 552
753 275 1811 1653
762 277 1811 146
762 276 1811 1802
765 278 1811 1200
768 279 1811 1203
775 280 1811 1729
778 281 1811 1338
782 282 1811 1442
782 283 1811 390
782 284 1811 494
782 285 1811 307
783 286 1811 622
784 289 1811 436
784 287 1811 847
784 288 1811 2
788 290 1811 1421
791 291 1811 1331
792 292 1811 619
792 293 1811 112
793 294 1811 670
793 295 1811 246
795 296 1811 1078
798 297 1811 1183
799 298 1811 508
800 299 1811 584
804 300 1811 1364
805 301 1811 698
818 302 1811 1889
819 303 1811 611
823 304 1811 1401
841 305 1811 1916
841 306 1811 97
