1 0 525 797
5 1 525 1415
5 2 525 324
13 3 525 1763
17 4 525 1411
17 5 525 402
18 6 525 668
23 7 525 1590
24 8 525 858
30 9 525 1640
33 10 525 1335
33 11 525 464
39 12 525 1656
45 13 525 1667
50 14 525 1550
52 15 525 982
58 16 525 1618
60 19 525 405
60 17 525 908
60 18 525 336
62 20 525 946
67 21 525 1598
67 22 525 371
68 23 525 839
73 24 525 1603
75 25 525 960
76 26 525 506
79 27 525 1178
80 28 525 548
83 29 525 1212
91 30 525 1785
99 31 525 1754
103 32 525 1408
105 34 525 48
105 33 525 994
106 35 525 545
113 37 525 245
113 36 525 1711
119 38 525 1688
119 39 525 121
125 40 525 1660
129 41 525 1470
130 42 525 835
134 43 525 1431
138 44 525 1457
138 45 525 366
144 46 525 1609
157 47 525 1894
158 48 525 701
162 49 525 1428
163 50 525 546
163 51 525 308
164 52 525 708
166 53 525 1024
167 54 525 536
169 55 525 1124
171 56 525 1044
175 57 525 1410
175 58 525 159
175 59 525 450
184 60 525 1820
188 61 525 1415
190 62 525 1041
195 63 525 1570
203 64 525 1779
208 65 525 1505
210 66 525 980
211 67 525 661
217 68 525 1618
219 69 525 1004
222 70 525 1196
226 71 525 1372
229 72 525 1145
229 73 525 215
230 74 525 669
234 75 525 1400
235 76 525 762
236 77 525 865
239 78 525 1306
242 79 525 1236
245 80 525 1276
246 81 525 536
246 82 525 477
248 83 525 1044
249 84 525 666
253 85 525 1476
255 86 525 1046
255 87 525 384
255 88 525 458
256 89 525 849
260 90 525 1426
260 91 525 300
260 92 525 86
263 96 525 428
263 95 525 245
263 93 525 1237
263 94 525 225
266 97 525 1189
271 98 525 1576
283 99 525 1877
286 100 525 1310
288 101 525 947
288 102 525 276
294 104 525 232
294 103 525 1621
296 105 525 1099
298 106 525 1088
298 107 525 493
298 108 525 354
300 111 525 178
300 112 525 104
300 109 525 1060
300 110 525 361
301 113 525 848
303 114 525 1098
306 115 525 1283
308 116 525 937
329 117 525 1922
331 118 525 904
331 119 525 303
331 120 525 459
332 121 525 596
332 122 525 203
333 123 525 769
338 124 525 1502
340 125 525 896
343 126 525 1286
353 127 525 1832
370 128 525 1914
370 129 525 423
372 130 525 971
377 131 525 1497
380 132 525 1213
384 133 525 1354
394 134 525 1851
394 135 525 329
394 136 525 260
395 137 525 781
396 138 525 812
400 139 525 1492
400 140 525 388
401 141 525 552
401 142 525 30
404 144 525 488
404 143 525 1322
407 145 525 1248
407 146 525 195
410 147 525 1163
410 148 525 138
411 149 525 867
414 150 525 1233
414 151 525 431
414 152 525 285
417 153 525 1273
421 154 525 1417
422 155 525 714
423 156 525 744
427 157 525 1432
427 158 525 118
430 159 525 1260
437 160 525 1737
440 161 525 1180
441 162 525 503
452 163 525 1855
452 164 525 88
453 165 525 788
455 166 525 890
456 167 525 675
458 168 525 921
459 169 525 769
461 170 525 1022
461 171 525 156
463 172 525 1109
466 173 525 1337
476 174 525 1839
486 175 525 1831
487 176 525 565
488 177 525 805
488 178 525 280
488 179 525 254
489 180 525 700
489 181 525 123
496 182 525 1694
498 183 525 1047
500 184 525 1115
501 185 525 540
504 186 525 1212
515 187 525 1865
526 188 525 1861
528 189 525 1136
533 190 525 1510
534 191 525 753
535 192 525 662
539 193 525 1477
545 194 525 1679
547 195 525 1133
547 196 525 49
547 197 525 99
550 198 525 1233
556 199 525 1624
556 200 525 357
560 202 525 241
560 201 525 1445
563 203 525 1294
571 204 525 1769
573 205 525 1076
576 206 525 1247
578 207 525 873
582 208 525 1359
587 209 525 1510
587 210 525 148
598 211 525 1863
601 212 525 1151
609 213 525 1788
610 214 525 559
616 215 525 1614
620 216 525 1411
624 217 525 1380
625 218 525 739
629 219 525 1473
634 220 525 1500
636 221 525 949
637 222 525 738
644 223 525 1710
647 224 525 1184
647 225 525 269
651 226 525 1418
656 227 525 1557
661 228 525 1582
662 229 525 706
670 231 525 466
670 230 525 1782
675 232 525 1497
676 233 525 581
685 234 525 1821
688 235 525 1180
697 236 525 1807
697 237 525 400
700 238 525 1203
700 239 525 39
703 241 525 339
703 240 525 1217
704 242 525 506
704 243 525 351
706 244 525 987
711 245 525 1571
716 246 525 1527
717 247 525 799
719 248 525 917
719 249 525 65
725 250 525 1647
726 251 525 593
729 252 525 1285
735 253 525 1685
735 254 525 123
738 255 525 1333
739 256 525 706
739 257 525 455
739 258 525 109
744 259 525 1500
749 260 525 1582
755 261 525 1615
758 262 525 1215
759 263 525 652
765 264 525 1653
771 265 525 1607
771 266 525 366
772 267 525 569
785 268 525 1891
788 269 525 1304
795 270 525 1732
797 271 525 1010
797 272 525 177
798 273 525 700
798 274 525 255
801 275 525 1161
801 276 525 443
801 277 525 387
802 278 525 722
807 279 525 1537
808 280 525 666
809 281 525 619
810 282 525 639
815 283 525 1517
817 284 525 984
820 285 525 1188
822 286 525 1106
829 290 525 474
829 289 525 488
829 288 525 457
829 287 525 1737
833 291 525 1351
833 292 525 290
839 293 525 1628
839 294 525 381
844 295 525 1527
846 296 525 1048
854 297 525 1778
855 298 525 623
858 299 525 1305
861 300 525 1205
863 301 525 957
864 302 525 832
869 303 525 1538
869 304 525 258
870 305 525 636
870 306 525 416
