5 0 792 1582
7 1 792 1040
8 2 792 637
8 3 792 489
10 4 792 909
10 5 792 478
11 7 792 424
11 8 792 268
11 6 792 511
14 9 792 1268
21 10 792 1727
26 11 792 1541
33 12 792 1726
33 13 792 234
35 16 792 98
35 14 792 944
35 15 792 252
38 17 792 1331
40 18 792 1057
45 19 792 1571
45 20 792 88
45 21 792 200
54 22 792 1799
63 23 792 1806
69 24 792 1682
69 25 792 56
74 26 792 1537
77 27 792 1201
87 28 792 1836
88 29 792 531
98 30 792 1849
103 31 792 1502
104 32 792 499
109 33 792 1596
110 34 792 845
111 35 792 569
115 36 792 1428
115 37 792 7
120 38 792 1562
122 39 792 1090
124 40 792 980
125 41 792 555
125 42 792 469
130 43 792 1604
134 44 792 1385
139 45 792 1559
141 46 792 949
142 48 792 461
142 47 792 583
150 49 792 1778
162 50 792 1877
164 51 792 928
165 52 792 532
169 53 792 1368
172 54 792 1156
176 55 792 1382
179 56 792 1166
180 57 792 756
181 58 792 731
182 59 792 852
183 60 792 866
186 61 792 1234
187 62 792 513
193 63 792 1662
196 64 792 1343
196 65 792 225
198 66 792 1041
198 67 792 130
201 69 792 374
201 68 792 1313
202 70 792 748
202 71 792 91
209 72 792 1693
222 73 792 1892
223 74 792 591
227 75 792 1458
233 79 792 122
233 78 792 421
233 76 792 1655
233 77 792 194
235 80 792 1031
237 81 792 953
238 82 792 740
238 83 792 57
239 84 792 579
241 85 792 921
243 86 792 970
245 88 792 440
245 87 792 1056
249 89 792 1388
252 90 792 1328
253 91 792 672
256 92 792 1200
257 93 792 710
257 94 792 223
263 96 792 42
263 95 792 1670
264 98 792 261
264 97 792 732
267 99 792 1159
268 100 792 518
269 101 792 819
272 102 792 1194
272 103 792 86
274 104 792 1030
282 105 792 1785
285 106 792 1159
286 107 792 565
287 108 792 777
293 109 792 1623
299 110 792 1651
301 111 792 971
301 112 792 334
302 113 792 609
309 114 792 1745
319 117 792 455
319 115 792 1837
319 116 792 494
321 118 792 1083
321 119 792 422
324 120 792 1179
340 121 792 1910
346 122 792 1615
356 123 792 1850
358 124 792 971
358 125 792 75
359 126 792 816
361 127 792 983
367 128 792 1668
368 129 792 845
372 130 792 1415
374 131 792 923
385 132 792 1858
388 133 792 1186
393 134 792 1529
393 135 792 212
399 136 792 1684
400 137 792 653
402 138 792 952
403 139 792 718
409 140 792 1686
409 141 792 405
409 142 792 278
410 143 792 741
416 144 792 1661
416 145 792 356
416 146 792 337
417 147 792 590
419 149 792 310
419 148 792 889
422 150 792 1176
427 151 792 1511
432 152 792 1573
440 153 792 1763
455 154 792 1905
456 155 792 532
458 156 792 1129
461 157 792 1268
463 158 792 1040
465 159 792 954
467 160 792 968
467 161 792 175
468 162 792 821
479 163 792 1856
479 164 792 207
480 165 792 728
482 166 792 1038
484 167 792 1073
486 168 792 1004
491 169 792 1533
491 170 792 153
499 171 792 1766
503 172 792 1428
503 173 792 364
504 174 792 660
505 175 792 774
511 176 792 1631
513 177 792 873
513 178 792 189
514 179 792 614
520 182 792 94
520 180 792 1662
520 181 792 225
524 183 792 1357
529 184 792 1594
539 185 792 1829
542 186 792 1274
542 187 792 94
545 188 792 1206
547 189 792 996
549 191 792 416
549 190 792 1007
554 192 792 1537
575 193 792 1922
581 194 792 1675
586 195 792 1510
591 196 792 1509
591 197 792 346
592 198 792 534
594 199 792 933
597 200 792 1242
600 201 792 1189
605 202 792 1511
608 203 792 1280
608 204 792 157
611 205 792 1335
611 206 792 83
614 207 792 1209
616 208 792 1103
618 209 792 1130
619 211 792 255
619 210 792 826
621 212 792 1079
621 213 792 425
624 214 792 1217
625 215 792 742
625 216 792 81
629 217 792 1388
629 218 792 262
629 219 792 302
633 220 792 1378
635 221 792 943
643 222 792 1791
643 223 792 7
644 224 792 525
650 225 792 1661
650 226 792 228
654 227 792 1431
655 228 792 613
657 229 792 1074
660 230 792 1190
663 231 792 1284
663 232 792 338
666 233 792 1180
669 234 792 1296
669 235 792 473
670 236 792 639
671 237 792 738
674 239 792 259
674 238 792 1200
681 240 792 1746
681 241 792 65
683 242 792 916
683 243 792 75
683 244 792 170
684 245 792 751
687 246 792 1261
689 247 792 1111
690 248 792 704
692 249 792 933
696 250 792 1429
696 251 792 120
696 252 792 84
696 253 792 231
700 254 792 1480
700 255 792 299
703 256 792 1323
708 257 792 1503
709 259 792 420
709 258 792 754
711 260 792 1106
712 261 792 576
713 262 792 595
713 263 792 28
724 264 792 1865
728 265 792 1466
738 266 792 1842
747 267 792 1824
749 268 792 1054
750 269 792 744
750 270 792 102
753 271 792 1267
753 272 792 188
753 273 792 3
753 274 792 481
756 275 792 1312
756 276 792 26
763 277 792 1715
771 278 792 1761
778 279 792 1698
778 280 792 400
780 281 792 1041
781 282 792 726
786 283 792 1605
791 284 792 1570
793 285 792 1069
796 287 792 106
796 286 792 1200
802 288 792 1624
804 289 792 997
806 290 792 1075
808 291 792 1061
824 292 792 1909
825 293 792 779
827 294 792 1077
830 295 792 1169
834 296 792 1394
836 297 792 888
836 298 792 135
837 299 792 629
838 300 792 834
842 301 792 1362
842 302 792 57
854 303 792 1885
855 305 792 162
855 304 792 830
866 306 792 1857
