0 0 451 260
2 1 451 1113
4 2 451 870
4 3 451 292
5 4 451 610
7 5 451 996
14 6 451 1716
15 7 451 682
20 8 451 1550
23 9 451 1158
24 10 451 787
27 11 451 1234
28 12 451 720
28 13 451 375
33 14 451 1565
36 15 451 1240
36 16 451 269
42 17 451 1679
45 18 451 1145
50 19 451 1526
51 20 451 554
51 21 451 261
57 22 451 1678
60 23 451 1191
61 24 451 753
62 25 451 785
64 27 451 234
64 26 451 1018
73 28 451 1819
73 29 451 249
75 30 451 1073
75 31 451 303
75 32 451 263
77 35 451 286
77 33 451 956
77 34 451 491
87 36 451 1830
88 37 451 593
96 38 451 1783
96 39 451 150
103 40 451 1747
115 41 451 1873
115 42 451 448
115 43 451 111
115 44 451 252
118 45 451 1176
120 46 451 1104
123 47 451 1150
123 48 451 19
127 49 451 1414
131 50 451 1450
142 51 451 1856
148 52 451 1686
150 53 451 940
150 54 451 412
173 55 451 1923
177 56 451 1360
182 57 451 1603
186 58 451 1464
194 59 451 1750
208 60 451 1902
212 61 451 1481
213 62 451 787
216 63 451 1301
216 64 451 84
216 65 451 484
218 66 451 970
224 67 451 1688
233 68 451 1808
236 69 451 1279
239 70 451 1335
244 71 451 1601
253 72 451 1820
255 73 451 995
262 74 451 1704
263 75 451 605
270 76 451 1738
275 77 451 1566
277 78 451 939
282 79 451 1501
287 80 451 1605
295 81 451 1792
295 82 451 215
295 83 451 405
296 84 451 723
299 85 451 1142
300 86 451 542
303 87 451 1248
304 88 451 543
304 89 451 493
305 90 451 851
305 91 451 227
307 94 451 172
307 95 451 266
307 92 451 1053
307 93 451 32
309 96 451 1085
311 97 451 1072
311 98 451 26
318 99 451 1693
318 100 451 206
321 101 451 1341
324 102 451 1267
325 104 451 79
325 103 451 665
333 105 451 1774
333 106 451 35
334 107 451 690
337 108 451 1160
344 109 451 1732
344 110 451 185
351 111 451 1718
352 112 451 664
365 115 451 110
365 114 451 145
365 113 451 1887
368 116 451 1265
368 117 451 382
369 118 451 578
370 119 451 867
381 120 451 1867
387 121 451 1646
390 122 451 1144
393 124 451 427
393 123 451 1315
395 125 451 1108
396 126 451 547
404 127 451 1787
405 128 451 823
409 129 451 1437
413 130 451 1444
414 131 451 666
419 132 451 1540
422 133 451 1170
425 134 451 1295
425 135 451 264
426 136 451 524
430 137 451 1475
430 138 451 326
432 139 451 874
434 140 451 1106
442 141 451 1776
442 142 451 87
443 144 451 307
443 143 451 736
445 145 451 1058
449 146 451 1487
451 147 451 1091
460 148 451 1812
460 149 451 62
462 150 451 925
463 151 451 703
463 152 451 494
465 153 451 1083
473 154 451 1751
473 155 451 484
473 156 451 196
485 157 451 1877
485 158 451 237
487 159 451 896
490 160 451 1226
490 161 451 172
498 162 451 1792
504 163 451 1648
504 164 451 287
508 165 451 1444
508 166 451 177
512 167 451 1419
513 168 451 591
522 169 451 1805
527 170 451 1510
534 172 451 56
534 171 451 1714
540 173 451 1628
546 174 451 1685
546 175 451 91
551 176 451 1559
551 177 451 407
553 178 451 1007
556 179 451 1294
561 180 451 1545
565 181 451 1381
579 182 451 1899
580 183 451 760
581 184 451 511
582 185 451 741
582 186 451 172
582 187 451 456
585 188 451 1344
586 189 451 811
586 190 451 67
587 191 451 572
590 192 451 1237
594 193 451 1355
599 194 451 1573
601 195 451 934
616 196 451 1908
616 197 451 364
616 198 451 449
617 199 451 788
619 201 451 68
619 200 451 881
620 202 451 499
620 203 451 7
620 204 451 476
622 205 451 1135
623 206 451 646
624 207 451 790
627 208 451 1323
633 209 451 1660
634 210 451 849
641 211 451 1713
643 212 451 870
644 213 451 868
647 214 451 1275
655 215 451 1769
655 216 451 198
657 217 451 1031
659 218 451 1136
663 219 451 1471
666 220 451 1271
672 221 451 1645
672 222 451 74
679 223 451 1705
686 224 451 1738
688 225 451 937
688 226 451 477
689 227 451 626
689 228 451 55
690 230 451 107
690 229 451 751
693 231 451 1194
705 232 451 1883
705 233 451 218
705 234 451 413
709 235 451 1477
711 236 451 882
724 238 451 284
724 237 451 1892
727 239 451 1300
727 240 451 94
730 241 451 1306
732 242 451 1058
738 243 451 1609
751 245 451 278
751 244 451 1886
757 247 451 369
757 248 451 79
757 246 451 1627
764 249 451 1728
765 250 451 735
767 251 451 876
770 252 451 1153
772 253 451 903
776 254 451 1442
779 255 451 1160
798 256 451 1918
799 258 451 193
799 257 451 719
803 259 451 1463
804 260 451 658
804 261 451 20
805 262 451 734
806 263 451 572
811 264 451 1552
816 265 451 1580
824 266 451 1755
825 268 451 455
825 267 451 651
832 269 451 1722
834 270 451 887
834 271 451 230
835 272 451 747
843 273 451 1760
847 274 451 1376
860 275 451 1889
861 276 451 587
861 277 451 390
868 278 451 1743
872 279 451 1459
875 280 451 1235
875 281 451 107
876 282 451 546
876 283 451 252
876 284 451 15
879 286 451 41
879 285 451 1156
881 287 451 979
882 288 451 701
885 289 451 1177
889 290 451 1483
889 291 451 163
896 292 451 1699
897 293 451 745
898 295 451 73
898 294 451 641
899 296 451 572
899 297 451 485
899 298 451 57
899 299 451 306
899 300 451 447
901 301 451 975
911 303 451 282
911 302 451 1839
912 304 451 840
913 305 451 505
913 306 451 128
