2 0 1559 1060
2 1 1559 32
5 2 1559 1156
6 3 1559 585
7 4 1559 650
7 5 1559 478
10 6 1559 1213
14 8 1559 183
14 7 1559 1454
15 9 1559 742
21 10 1559 1611
21 11 1559 10
25 12 1559 1414
26 13 1559 665
31 14 1559 1519
32 15 1559 640
34 16 1559 995
36 17 1559 1129
47 18 1559 1861
48 19 1559 760
49 20 1559 781
49 21 1559 66
51 22 1559 915
51 23 1559 28
51 24 1559 240
53 25 1559 1101
58 26 1559 1576
62 27 1559 1391
64 28 1559 954
66 29 1559 1097
70 30 1559 1416
75 31 1559 1582
76 32 1559 837
86 33 1559 1845
87 34 1559 617
96 35 1559 1821
97 36 1559 573
98 37 1559 601
99 38 1559 782
101 39 1559 999
104 40 1559 1341
105 41 1559 654
105 42 1559 446
106 43 1559 751
111 44 1559 1579
124 45 1559 1891
125 46 1559 721
125 47 1559 453
126 48 1559 502
127 49 1559 528
127 50 1559 147
131 51 1559 1418
141 52 1559 1846
142 53 1559 653
142 54 1559 464
144 55 1559 993
146 56 1559 1041
148 57 1559 1127
148 58 1559 344
152 59 1559 1474
153 60 1559 826
160 61 1559 1747
161 62 1559 500
163 63 1559 1010
166 65 1559 28
166 64 1559 1250
168 66 1559 1097
172 67 1559 1493
172 68 1559 48
178 69 1559 1623
178 70 1559 66
178 71 1559 393
178 72 1559 346
179 73 1559 862
182 75 1559 127
182 74 1559 1344
187 76 1559 1545
187 77 1559 163
187 78 1559 373
187 79 1559 273
187 80 1559 379
189 81 1559 1122
191 82 1559 888
191 83 1559 426
193 84 1559 950
215 85 1559 1922
221 86 1559 1661
221 87 1559 183
225 88 1559 1380
230 89 1559 1548
231 90 1559 779
235 91 1559 1371
235 92 1559 257
238 94 1559 173
238 93 1559 1233
243 95 1559 1519
243 96 1559 154
247 97 1559 1360
251 98 1559 1426
256 99 1559 1550
257 100 1559 794
260 101 1559 1153
260 102 1559 405
261 104 1559 461
261 103 1559 804
267 105 1559 1679
269 106 1559 1071
271 107 1559 983
274 108 1559 1234
274 109 1559 337
278 110 1559 1373
280 111 1559 878
281 113 1559 71
281 112 1559 753
283 114 1559 1094
289 115 1559 1628
290 116 1559 858
290 117 1559 73
290 118 1559 60
293 119 1559 1252
293 120 1559 291
295 121 1559 913
295 122 1559 112
295 123 1559 425
296 124 1559 843
297 125 1559 620
297 126 1559 136
299 127 1559 1038
300 128 1559 688
307 129 1559 1750
321 131 1559 184
321 130 1559 1898
322 132 1559 662
323 133 1559 747
327 134 1559 1404
330 135 1559 1151
331 136 1559 717
331 137 1559 84
344 138 1559 1890
347 139 1559 1195
348 140 1559 850
349 141 1559 678
351 142 1559 874
353 143 1559 1042
353 144 1559 174
362 145 1559 1826
363 147 1559 186
363 148 1559 138
363 146 1559 617
363 149 1559 469
364 150 1559 661
364 151 1559 80
367 153 1559 173
367 152 1559 1299
370 154 1559 1259
379 155 1559 1805
381 156 1559 1040
396 157 1559 1904
408 158 1559 1885
416 159 1559 1765
421 162 1559 295
421 161 1559 33
421 160 1559 1543
425 163 1559 1409
425 164 1559 364
428 165 1559 1189
428 166 1559 215
428 167 1559 5
429 168 1559 591
440 169 1559 1868
442 170 1559 910
443 171 1559 773
443 172 1559 107
444 173 1559 790
444 174 1559 402
449 175 1559 1538
449 176 1559 38
451 177 1559 994
451 178 1559 250
453 180 1559 3
453 179 1559 942
465 181 1559 1874
467 182 1559 899
467 183 1559 219
469 184 1559 1089
478 185 1559 1817
479 186 1559 809
479 187 1559 489
483 188 1559 1413
488 190 1559 111
488 189 1559 1523
489 191 1559 737
489 192 1559 124
489 193 1559 125
494 194 1559 1577
495 195 1559 817
495 196 1559 382
499 197 1559 1390
500 198 1559 678
502 199 1559 910
508 200 1559 1611
509 201 1559 611
514 202 1559 1519
514 203 1559 195
518 204 1559 1483
527 205 1559 1812
541 206 1559 1897
542 207 1559 509
549 208 1559 1696
555 209 1559 1645
563 210 1559 1767
563 211 1559 45
569 212 1559 1654
571 213 1559 942
579 214 1559 1762
584 215 1559 1593
586 220 1559 380
586 219 1559 471
586 218 1559 319
586 217 1559 75
586 216 1559 1058
592 221 1559 1650
593 222 1559 517
595 223 1559 992
603 224 1559 1757
603 225 1559 173
604 226 1559 648
619 227 1559 1907
621 228 1559 1137
626 229 1559 1509
629 230 1559 1155
630 231 1559 573
630 232 1559 316
633 233 1559 1265
636 234 1559 1256
639 235 1559 1316
639 236 1559 355
640 237 1559 704
641 238 1559 660
644 239 1559 1201
654 240 1559 1844
654 241 1559 299
655 242 1559 718
662 243 1559 1693
668 244 1559 1681
668 245 1559 66
670 246 1559 1008
672 248 1559 287
672 247 1559 1106
687 249 1559 1908
693 250 1559 1683
693 251 1559 307
695 252 1559 1070
695 253 1559 206
696 254 1559 530
708 255 1559 1885
708 256 1559 94
709 258 1559 363
709 257 1559 527
712 259 1559 1310
715 260 1559 1163
732 261 1559 1915
735 262 1559 1296
735 263 1559 186
735 264 1559 489
738 265 1559 1193
744 267 1559 388
744 266 1559 1653
750 268 1559 1611
750 269 1559 445
753 270 1559 1238
753 271 1559 354
756 272 1559 1340
758 273 1559 1043
759 275 1559 80
759 274 1559 552
761 276 1559 932
762 277 1559 749
765 278 1559 1235
772 279 1559 1690
774 280 1559 1089
778 281 1559 1467
784 282 1559 1619
787 283 1559 1154
795 284 1559 1750
796 285 1559 848
800 286 1559 1427
800 287 1559 109
801 288 1559 735
804 289 1559 1295
807 290 1559 1222
815 291 1559 1753
815 292 1559 341
818 294 1559 37
818 293 1559 1275
829 295 1559 1854
831 296 1559 927
832 297 1559 532
835 298 1559 1203
835 299 1559 487
835 300 1559 337
836 301 1559 619
840 302 1559 1420
848 303 1559 1766
849 304 1559 670
852 305 1559 1329
854 306 1559 892
