8 0 600 1756
10 1 600 979
10 2 600 405
10 3 600 410
10 4 600 317
12 5 600 1033
12 6 600 470
12 7 600 171
16 8 600 1435
17 9 600 726
20 10 600 1200
20 11 600 62
20 12 600 197
20 13 600 50
20 14 600 2
29 15 600 1801
30 16 600 802
30 17 600 369
31 18 600 765
34 19 600 1182
34 20 600 422
34 21 600 197
36 22 600 1073
45 23 600 1797
45 24 600 234
51 25 600 1608
52 26 600 744
53 27 600 521
54 28 600 720
55 29 600 512
57 30 600 999
57 31 600 5
59 32 600 891
60 33 600 823
62 34 600 957
62 35 600 85
62 36 600 214
63 37 600 850
65 38 600 1140
68 39 600 1232
71 40 600 1199
71 41 600 201
74 42 600 1326
75 43 600 764
75 44 600 11
77 45 600 1097
85 46 600 1752
86 47 600 824
89 48 600 1163
90 49 600 694
91 50 600 785
93 51 600 904
97 52 600 1429
98 53 600 603
100 54 600 990
105 55 600 1558
115 56 600 1830
116 58 600 175
116 57 600 533
117 59 600 634
117 60 600 289
129 61 600 1873
133 62 600 1376
135 63 600 923
141 64 600 1651
144 65 600 1194
146 66 600 1096
149 67 600 1299
151 68 600 1018
161 69 600 1841
166 70 600 1587
178 71 600 1877
181 72 600 1154
185 73 600 1458
200 74 600 1908
200 75 600 221
201 77 600 309
201 76 600 796
209 78 600 1785
211 79 600 1061
219 80 600 1781
229 81 600 1844
232 82 600 1283
232 83 600 26
238 84 600 1652
238 85 600 95
239 87 600 288
239 86 600 501
247 88 600 1757
250 89 600 1323
250 90 600 179
255 91 600 1605
256 92 600 674
257 93 600 506
259 94 600 942
262 95 600 1251
263 96 600 750
263 97 600 402
265 98 600 1037
266 99 600 741
266 100 600 1
266 101 600 453
273 102 600 1731
276 103 600 1246
278 104 600 1032
279 105 600 832
285 106 600 1674
298 107 600 1895
299 108 600 620
300 109 600 769
301 110 600 762
306 111 600 1521
307 112 600 672
309 113 600 1038
310 115 600 369
310 114 600 777
311 116 600 589
315 117 600 1349
318 118 600 1196
323 119 600 1556
324 120 600 693
325 121 600 808
329 122 600 1466
335 123 600 1619
341 124 600 1662
356 125 600 1906
359 126 600 1202
360 127 600 648
361 128 600 515
362 129 600 656
366 130 600 1395
366 131 600 393
369 132 600 1196
371 133 600 1043
373 134 600 1060
376 135 600 1328
376 136 600 113
376 137 600 36
378 138 600 918
379 139 600 819
379 140 600 345
380 141 600 531
385 142 600 1593
387 143 600 988
388 144 600 561
389 145 600 583
391 146 600 933
396 147 600 1560
402 148 600 1653
403 149 600 573
404 150 600 661
407 151 600 1325
409 152 600 1131
413 154 600 48
413 153 600 1406
415 155 600 1117
417 156 600 911
417 157 600 111
422 158 600 1509
424 159 600 1051
429 160 600 1555
431 161 600 1026
435 162 600 1379
448 163 600 1888
451 164 600 1298
451 165 600 368
451 166 600 324
456 167 600 1553
470 168 600 1903
474 169 600 1374
474 170 600 256
475 173 600 377
475 172 600 430
475 171 600 553
478 174 600 1210
478 175 600 161
480 176 600 1140
480 177 600 477
482 178 600 1058
484 179 600 1078
486 180 600 972
491 181 600 1567
493 182 600 919
504 183 600 1867
523 184 600 1919
523 185 600 70
526 186 600 1187
533 187 600 1714
535 188 600 995
546 191 600 1
546 192 600 452
546 189 600 1867
546 190 600 416
554 193 600 1792
557 194 600 1189
560 195 600 1244
562 196 600 1076
568 197 600 1629
574 199 600 192
574 200 600 259
574 198 600 1615
577 201 600 1304
582 202 600 1582
582 203 600 278
582 204 600 316
582 205 600 108
584 206 600 894
585 207 600 754
585 208 600 196
594 209 600 1812
608 211 600 434
608 210 600 1902
610 212 600 977
610 213 600 431
610 214 600 78
626 215 600 1912
626 216 600 106
630 217 600 1437
643 218 600 1893
646 219 600 1227
648 220 600 1105
649 221 600 534
650 222 600 558
650 223 600 35
652 224 600 958
652 225 600 254
652 226 600 101
653 227 600 563
655 228 600 1112
668 229 600 1891
670 230 600 1010
674 231 600 1435
675 232 600 787
676 233 600 866
677 234 600 819
682 235 600 1592
698 236 600 1910
699 237 600 641
704 238 600 1550
713 239 600 1811
715 240 600 1101
715 241 600 432
720 242 600 1518
722 243 600 1107
735 244 600 1889
750 245 600 1907
752 246 600 949
752 247 600 20
759 248 600 1714
762 249 600 1201
764 250 600 1137
769 251 600 1564
775 252 600 1660
775 253 600 388
777 254 600 1011
783 255 600 1649
784 256 600 746
789 257 600 1546
792 261 600 331
792 260 600 7
792 259 600 62
792 258 600 1245
797 262 600 1566
797 263 600 230
798 264 600 801
798 265 600 467
803 266 600 1572
803 267 600 111
808 270 600 2
808 268 600 1536
808 269 600 410
812 271 600 1390
821 272 600 1811
821 273 600 82
821 274 600 126
822 275 600 672
824 276 600 941
828 278 600 70
828 277 600 1375
830 279 600 976
833 280 600 1230
833 281 600 80
834 282 600 773
844 283 600 1836
845 284 600 753
849 285 600 1371
856 286 600 1699
856 287 600 399
864 288 600 1779
866 289 600 1095
867 290 600 846
867 291 600 363
870 292 600 1320
874 293 600 1487
883 294 600 1804
884 295 600 769
885 296 600 791
888 297 600 1288
888 298 600 305
892 299 600 1422
892 300 600 335
893 301 600 837
893 302 600 409
896 303 600 1303
899 304 600 1198
905 305 600 1671
911 306 600 1677
