6 0 1280 1661
10 1 1280 1362
12 2 1280 913
12 3 1280 242
12 4 1280 227
13 5 1280 729
13 6 1280 287
24 7 1280 1871
28 9 1280 255
28 8 1280 1424
30 10 1280 1005
34 11 1280 1494
35 12 1280 719
40 13 1280 1580
46 14 1280 1673
49 15 1280 1335
52 16 1280 1342
57 18 1280 168
57 17 1280 1518
61 19 1280 1411
61 20 1280 103
62 21 1280 536
64 22 1280 965
70 23 1280 1679
75 24 1280 1517
83 27 1280 70
83 28 1280 98
83 26 1280 166
83 25 1280 1794
84 29 1280 671
85 30 1280 522
89 31 1280 1437
90 32 1280 776
94 33 1280 1459
97 34 1280 1257
103 35 1280 1667
108 36 1280 1513
114 38 1280 98
114 37 1280 1647
124 39 1280 1845
125 40 1280 847
126 41 1280 616
127 42 1280 645
127 43 1280 9
129 44 1280 905
140 45 1280 1857
140 46 1280 281
144 47 1280 1433
149 48 1280 1561
157 49 1280 1758
157 50 1280 245
161 51 1280 1439
172 52 1280 1862
176 53 1280 1453
178 54 1280 1134
180 55 1280 1125
180 56 1280 397
183 57 1280 1159
184 58 1280 649
184 59 1280 358
185 60 1280 562
185 61 1280 217
193 62 1280 1772
194 63 1280 752
200 64 1280 1658
204 65 1280 1493
205 66 1280 718
208 67 1280 1184
208 68 1280 322
208 69 1280 6
215 70 1280 1746
221 71 1280 1619
225 72 1280 1419
225 73 1280 247
226 74 1280 564
230 75 1280 1411
239 76 1280 1815
241 77 1280 955
242 78 1280 773
247 79 1280 1585
252 80 1280 1512
253 81 1280 658
253 82 1280 433
253 83 1280 265
253 84 1280 426
255 85 1280 1007
260 86 1280 1500
263 87 1280 1247
263 88 1280 325
263 89 1280 132
266 90 1280 1269
266 91 1280 354
268 92 1280 998
274 93 1280 1665
277 94 1280 1283
278 95 1280 629
279 96 1280 768
288 97 1280 1818
288 98 1280 275
291 99 1280 1337
293 100 1280 1139
295 101 1280 1021
297 102 1280 1110
302 104 1280 11
302 103 1280 1554
303 105 1280 550
303 106 1280 19
309 107 1280 1614
311 108 1280 889
317 109 1280 1647
320 110 1280 1234
324 112 1280 385
324 111 1280 1366
326 113 1280 989
327 114 1280 770
336 115 1280 1828
343 116 1280 1709
348 117 1280 1507
348 118 1280 325
349 119 1280 650
367 120 1280 1917
371 121 1280 1395
372 122 1280 859
372 123 1280 190
373 124 1280 661
377 125 1280 1392
378 126 1280 620
384 127 1280 1679
386 128 1280 889
397 129 1280 1859
398 130 1280 643
419 131 1280 1922
420 132 1280 680
424 135 1280 491
424 133 1280 1361
424 134 1280 445
428 136 1280 1472
429 137 1280 803
429 138 1280 253
438 139 1280 1800
440 140 1280 987
449 141 1280 1810
449 142 1280 357
450 143 1280 602
451 144 1280 822
460 145 1280 1828
473 146 1280 1893
473 147 1280 8
475 148 1280 895
479 149 1280 1379
480 150 1280 845
483 151 1280 1185
487 152 1280 1492
492 153 1280 1550
495 154 1280 1344
501 155 1280 1668
501 156 1280 162
503 157 1280 920
505 158 1280 893
506 159 1280 543
517 160 1280 1855
517 161 1280 265
518 162 1280 725
520 163 1280 955
522 164 1280 1003
525 165 1280 1237
526 166 1280 686
528 167 1280 948
529 168 1280 544
529 169 1280 279
529 170 1280 356
531 171 1280 905
534 173 1280 449
534 172 1280 1253
539 174 1280 1587
539 175 1280 107
541 176 1280 1038
541 177 1280 256
544 178 1280 1293
545 179 1280 758
549 180 1280 1423
550 181 1280 611
551 182 1280 784
555 183 1280 1435
557 184 1280 1013
561 185 1280 1383
561 186 1280 429
563 187 1280 1054
563 188 1280 16
564 189 1280 701
564 190 1280 328
565 191 1280 552
575 192 1280 1835
581 193 1280 1635
592 194 1280 1870
593 195 1280 722
595 196 1280 1085
598 197 1280 1327
603 198 1280 1523
608 199 1280 1509
610 200 1280 1141
612 201 1280 945
616 202 1280 1389
617 203 1280 615
619 204 1280 1022
630 205 1280 1865
641 206 1280 1856
643 207 1280 1042
656 208 1280 1887
659 209 1280 1237
660 210 1280 630
670 211 1280 1830
675 212 1280 1552
675 213 1280 135
677 214 1280 1044
680 215 1280 1243
684 216 1280 1405
687 217 1280 1214
698 218 1280 1866
703 219 1280 1545
704 220 1280 807
709 221 1280 1556
711 222 1280 932
719 223 1280 1767
731 224 1280 1875
738 225 1280 1729
740 226 1280 994
745 227 1280 1543
746 228 1280 503
747 229 1280 865
749 230 1280 947
755 231 1280 1636
756 232 1280 657
763 233 1280 1708
768 234 1280 1541
768 235 1280 478
771 236 1280 1147
771 237 1280 168
771 238 1280 413
773 239 1280 1073
777 240 1280 1451
780 241 1280 1312
782 242 1280 1092
783 243 1280 704
783 244 1280 70
783 245 1280 423
785 246 1280 924
792 247 1280 1700
793 248 1280 591
794 249 1280 627
797 250 1280 1241
806 251 1280 1795
810 252 1280 1385
824 253 1280 1903
825 254 1280 701
830 255 1280 1509
830 256 1280 12
835 257 1280 1546
836 258 1280 665
839 259 1280 1218
841 260 1280 870
841 261 1280 313
842 262 1280 538
844 263 1280 1022
844 264 1280 290
846 265 1280 919
849 266 1280 1172
857 267 1280 1768
858 268 1280 518
859 269 1280 565
859 270 1280 95
862 271 1280 1237
863 272 1280 801
864 273 1280 793
864 274 1280 94
868 276 1280 464
868 277 1280 228
868 275 1280 1420
875 278 1280 1696
879 279 1280 1451
880 280 1280 804
883 281 1280 1219
885 282 1280 952
894 283 1280 1801
899 284 1280 1548
901 285 1280 1076
901 286 1280 250
902 287 1280 679
904 288 1280 1006
904 289 1280 32
904 290 1280 465
909 291 1280 1525
913 292 1280 1428
915 293 1280 1119
915 294 1280 203
917 295 1280 1137
918 298 1280 414
918 297 1280 70
918 296 1280 773
920 299 1280 1076
923 300 1280 1176
925 301 1280 1080
928 302 1280 1181
928 303 1280 25
929 304 1280 532
929 305 1280 4
931 306 1280 994
