2 0 168 930
4 1 168 1090
7 2 168 1235
8 3 168 527
8 4 168 129
9 5 168 634
10 6 168 643
10 7 168 78
12 8 168 1082
14 9 168 879
24 10 168 1829
29 11 168 1562
44 12 168 1904
51 13 168 1693
60 14 168 1816
60 15 168 68
61 16 168 795
61 17 168 256
62 18 168 847
66 19 168 1489
66 20 168 358
73 21 168 1748
79 22 168 1642
80 23 168 718
86 24 168 1615
90 25 168 1347
92 26 168 1082
97 27 168 1548
99 28 168 893
103 29 168 1457
113 30 168 1835
115 31 168 901
115 32 168 95
117 33 168 954
117 34 168 365
119 35 168 912
124 36 168 1576
125 37 168 642
127 38 168 939
129 39 168 1066
129 40 168 191
133 41 168 1457
133 42 168 59
133 43 168 346
134 45 168 311
134 46 168 299
134 44 168 573
138 47 168 1397
143 48 168 1528
144 49 168 747
147 50 168 1209
149 51 168 1077
149 52 168 304
149 53 168 143
151 54 168 1091
153 55 168 1106
157 56 168 1372
158 57 168 516
159 58 168 836
160 59 168 707
164 60 168 1477
166 61 168 1020
168 62 168 1109
173 63 168 1550
175 64 168 969
177 65 168 927
181 66 168 1467
183 67 168 949
186 68 168 1328
188 69 168 904
188 70 168 417
188 71 168 153
191 72 168 1241
198 73 168 1706
201 74 168 1297
202 75 168 826
208 76 168 1688
211 77 168 1295
211 78 168 145
214 79 168 1303
216 80 168 1047
222 81 168 1610
222 82 168 19
222 83 168 145
222 84 168 247
223 85 168 757
224 86 168 597
236 87 168 1876
244 88 168 1788
247 89 168 1184
251 90 168 1464
253 91 168 1059
260 92 168 1730
260 93 168 232
265 94 168 1514
267 97 168 434
267 95 168 1095
267 96 168 347
270 98 168 1302
275 99 168 1571
276 100 168 769
279 101 168 1274
279 102 168 69
280 103 168 623
280 104 168 330
282 105 168 1056
290 106 168 1761
291 107 168 523
292 108 168 770
292 109 168 265
295 111 168 76
295 112 168 371
295 110 168 1342
299 113 168 1458
304 114 168 1584
312 115 168 1792
314 116 168 1000
316 117 168 964
319 118 168 1302
319 119 168 211
319 120 168 330
324 121 168 1515
326 123 168 143
326 122 168 1086
330 124 168 1364
333 125 168 1283
333 126 168 347
335 127 168 1008
335 128 168 191
335 129 168 202
335 130 168 478
338 131 168 1254
357 132 168 1918
358 133 168 499
359 134 168 533
366 135 168 1698
371 136 168 1541
374 137 168 1321
381 138 168 1740
383 139 168 1115
385 140 168 920
385 141 168 73
387 142 168 1106
392 143 168 1522
400 144 168 1766
404 145 168 1387
405 146 168 687
405 147 168 272
406 148 168 573
412 149 168 1647
412 150 168 95
415 151 168 1308
417 152 168 1056
419 153 168 1090
422 154 168 1240
425 155 168 1179
425 156 168 187
435 157 168 1850
438 158 168 1183
440 159 168 972
441 160 168 709
442 161 168 752
442 162 168 331
443 163 168 568
450 164 168 1711
450 165 168 87
450 166 168 82
459 167 168 1797
461 168 168 924
470 169 168 1811
470 170 168 250
475 171 168 1604
478 173 168 186
478 172 168 1149
481 174 168 1215
481 175 168 256
481 176 168 409
485 177 168 1488
485 178 168 301
499 179 168 1902
500 184 168 107
500 183 168 469
500 182 168 435
500 181 168 74
500 180 168 595
502 185 168 1095
502 186 168 198
503 187 168 828
506 188 168 1183
509 189 168 1279
514 190 168 1510
520 192 168 137
520 191 168 1615
521 193 168 768
521 194 168 406
521 195 168 168
527 196 168 1666
528 197 168 537
535 198 168 1736
541 199 168 1679
544 200 168 1304
545 201 168 814
548 202 168 1273
549 203 168 687
553 204 168 1396
553 205 168 415
553 206 168 158
555 207 168 869
564 208 168 1799
566 209 168 984
567 210 168 770
568 211 168 623
573 212 168 1548
576 213 168 1206
576 214 168 376
577 215 168 634
577 216 168 317
585 217 168 1787
585 218 168 461
586 219 168 615
595 220 168 1814
598 221 168 1179
599 222 168 614
604 223 168 1569
604 224 168 300
605 225 168 560
609 226 168 1467
609 227 168 381
616 228 168 1705
618 229 168 1047
619 230 168 514
628 231 168 1796
634 232 168 1677
635 233 168 547
636 234 168 597
643 235 168 1705
644 236 168 726
650 237 168 1673
652 238 168 997
658 239 168 1616
660 240 168 936
663 241 168 1253
665 242 168 953
665 243 168 199
666 244 168 509
668 245 168 886
668 246 168 67
669 247 168 855
669 248 168 391
676 249 168 1697
684 250 168 1775
693 251 168 1803
693 252 168 76
695 253 168 1121
703 254 168 1789
703 255 168 125
703 256 168 200
709 258 168 386
709 257 168 1628
710 259 168 836
712 260 168 873
719 261 168 1702
721 262 168 1089
722 263 168 751
722 264 168 469
724 265 168 898
726 266 168 871
728 267 168 1000
729 268 168 609
730 269 168 596
740 270 168 1832
741 271 168 569
742 272 168 790
743 273 168 769
748 274 168 1603
749 276 168 225
749 277 168 414
749 275 168 560
751 278 168 1059
754 279 168 1339
754 280 168 492
755 281 168 611
772 282 168 1914
772 283 168 7
775 284 168 1197
776 285 168 635
783 286 168 1719
784 287 168 556
785 288 168 682
785 289 168 472
790 290 168 1504
792 291 168 1023
795 292 168 1286
795 293 168 161
796 294 168 742
799 296 168 164
799 297 168 202
799 295 168 1159
805 298 168 1654
810 299 168 1535
810 300 168 14
812 301 168 991
812 302 168 246
819 303 168 1720
827 304 168 1790
830 305 168 1206
832 306 168 1013
