0 0 178 71
1 1 178 687
3 2 178 951
4 3 178 588
5 4 178 552
6 5 178 775
7 6 178 756
10 7 178 1192
11 8 178 726
16 9 178 1517
18 10 178 1110
20 11 178 972
21 12 178 576
22 13 178 638
28 14 178 1621
29 15 178 747
29 16 178 327
30 17 178 525
34 18 178 1371
45 19 178 1871
46 20 178 830
47 21 178 845
52 22 178 1533
57 23 178 1526
58 24 178 857
66 25 178 1789
77 26 178 1869
85 27 178 1782
86 28 178 858
89 29 178 1172
90 30 178 586
96 31 178 1633
105 32 178 1827
108 33 178 1297
111 34 178 1157
113 35 178 983
117 36 178 1446
118 37 178 701
120 38 178 1033
120 39 178 463
120 40 178 348
125 41 178 1568
133 42 178 1774
135 43 178 960
135 44 178 150
137 46 178 280
137 45 178 1062
139 47 178 889
140 48 178 742
143 49 178 1155
143 50 178 171
147 51 178 1429
148 52 178 607
151 53 178 1250
163 54 178 1882
166 55 178 1151
168 56 178 1079
172 57 178 1350
178 58 178 1656
179 59 178 688
180 60 178 830
182 61 178 899
182 62 178 334
186 63 178 1478
188 64 178 930
192 65 178 1401
194 66 178 1070
197 67 178 1203
201 68 178 1406
202 69 178 638
205 70 178 1225
210 71 178 1551
214 72 178 1416
216 73 178 908
221 74 178 1522
224 75 178 1186
226 76 178 995
227 77 178 573
231 78 178 1375
238 79 178 1719
243 80 178 1508
245 81 178 980
247 82 178 1040
253 83 178 1627
255 84 178 1001
257 85 178 1081
259 86 178 1025
260 87 178 576
263 88 178 1340
263 89 178 6
273 90 178 1829
273 91 178 95
275 92 178 970
275 93 178 345
280 94 178 1557
284 95 178 1374
287 96 178 1234
287 97 178 295
287 98 178 29
288 99 178 673
306 100 178 1917
308 101 178 1002
312 102 178 1408
312 103 178 103
323 104 178 1854
324 105 178 544
324 106 178 13
330 107 178 1624
336 108 178 1652
337 109 178 695
337 110 178 155
338 111 178 505
352 112 178 1900
363 113 178 1861
365 114 178 1105
373 115 178 1775
381 116 178 1784
382 117 178 631
382 118 178 477
390 119 178 1774
390 120 178 375
390 121 178 493
398 122 178 1788
402 123 178 1399
403 124 178 734
405 125 178 1130
406 126 178 581
408 127 178 1071
411 128 178 1275
411 129 178 148
423 130 178 1877
424 131 178 700
425 132 178 543
426 133 178 701
433 134 178 1727
434 135 178 505
439 136 178 1496
441 137 178 936
448 138 178 1698
448 139 178 456
450 140 178 1068
453 141 178 1325
454 142 178 849
455 143 178 644
463 144 178 1776
466 145 178 1323
466 146 178 120
468 147 178 1033
471 148 178 1165
478 149 178 1706
483 150 178 1514
484 151 178 602
491 154 178 297
491 153 178 180
491 152 178 1743
495 155 178 1424
497 156 178 1139
497 157 178 8
500 158 178 1294
501 159 178 723
514 160 178 1888
515 161 178 866
515 162 178 349
520 163 178 1503
521 164 178 742
525 165 178 1380
538 166 178 1886
541 167 178 1198
541 168 178 134
542 169 178 599
542 170 178 279
543 171 178 847
544 173 178 21
544 172 178 858
545 174 178 705
547 175 178 975
552 176 178 1569
555 177 178 1143
560 178 178 1547
563 179 178 1335
565 180 178 1010
569 181 178 1472
579 182 178 1830
583 183 178 1493
584 184 178 559
587 185 178 1275
589 186 178 881
589 187 178 363
589 188 178 403
589 189 178 303
592 190 178 1291
596 191 178 1488
601 192 178 1566
603 193 178 974
603 194 178 493
603 195 178 201
605 196 178 976
608 197 178 1270
617 198 178 1826
617 199 178 396
621 200 178 1361
622 201 178 846
624 202 178 899
625 203 178 566
629 204 178 1427
630 205 178 667
636 206 178 1669
643 207 178 1722
647 208 178 1399
650 209 178 1247
658 210 178 1779
678 212 178 385
678 211 178 1920
690 213 178 1883
696 214 178 1638
696 215 178 415
698 216 178 961
699 217 178 780
701 218 178 944
705 219 178 1392
705 220 178 498
710 221 178 1523
711 222 178 794
719 223 178 1756
722 224 178 1232
723 225 178 715
726 226 178 1205
735 227 178 1809
739 228 178 1452
740 229 178 503
763 231 178 298
763 230 178 1923
766 232 178 1241
769 233 178 1151
783 234 178 1899
783 235 178 163
784 236 178 572
787 237 178 1264
787 238 178 65
796 239 178 1817
801 240 178 1531
803 241 178 1084
805 242 178 888
807 243 178 1081
807 244 178 448
810 245 178 1296
812 246 178 1102
818 247 178 1608
821 248 178 1260
821 249 178 77
824 253 178 434
824 252 178 325
824 250 178 1165
824 251 178 195
833 254 178 1822
841 255 178 1762
841 256 178 52
843 257 178 1068
846 258 178 1259
847 259 178 711
851 260 178 1386
859 261 178 1784
859 262 178 269
861 263 178 895
864 264 178 1249
868 265 178 1480
869 266 178 679
872 267 178 1159
887 268 178 1909
891 269 178 1474
899 270 178 1767
905 271 178 1621
906 272 178 714
908 273 178 1052
916 274 178 1786
919 275 178 1338
920 276 178 634
926 277 178 1638
929 278 178 1307
940 279 178 1861
945 280 178 1538
950 281 178 1522
951 282 178 548
955 283 178 1375
958 284 178 1263
965 285 178 1727
979 286 178 1898
980 287 178 807
983 290 178 111
983 288 178 1253
983 289 178 136
987 291 178 1429
987 292 178 5
990 293 178 1278
990 294 178 430
996 295 178 1671
997 296 178 815
1015 297 178 1917
1023 298 178 1756
1025 299 178 892
1026 300 178 616
1037 301 178 1868
1043 302 178 1624
1050 303 178 1711
1050 304 178 234
1054 305 178 1468
1058 306 178 1406
