9 0 1696 1805
13 1 1696 1454
13 2 1696 42
13 3 1696 253
13 4 1696 372
13 5 1696 166
13 6 1696 392
14 7 1696 742
15 8 1696 703
16 9 1696 574
17 10 1696 720
33 11 1696 1910
39 12 1696 1619
47 13 1696 1773
49 14 1696 1114
56 15 1696 1739
60 16 1696 1407
62 20 1696 191
62 19 1696 404
62 17 1696 898
62 18 1696 176
67 21 1696 1522
70 22 1696 1315
73 23 1696 1290
78 24 1696 1499
78 25 1696 235
79 26 1696 714
81 27 1696 878
86 28 1696 1539
90 29 1696 1491
95 30 1696 1556
96 31 1696 647
101 32 1696 1597
102 33 1696 645
110 36 1696 193
110 37 1696 372
110 34 1696 1758
110 35 1696 297
112 38 1696 875
119 39 1696 1689
124 40 1696 1569
124 41 1696 473
124 42 1696 413
128 43 1696 1374
128 44 1696 13
129 45 1696 658
132 46 1696 1188
132 47 1696 182
137 48 1696 1537
141 49 1696 1358
143 50 1696 1015
144 51 1696 575
148 52 1696 1475
150 56 1696 138
150 55 1696 283
150 53 1696 1027
150 54 1696 245
151 57 1696 677
152 58 1696 678
152 59 1696 136
156 60 1696 1376
160 61 1696 1438
162 62 1696 1128
164 63 1696 1137
166 66 1696 313
166 64 1696 943
166 65 1696 73
168 67 1696 974
168 68 1696 15
169 69 1696 817
174 70 1696 1545
176 73 1696 411
176 71 1696 1035
176 72 1696 22
177 74 1696 759
183 75 1696 1643
185 76 1696 1108
196 77 1696 1866
199 78 1696 1276
200 79 1696 841
202 80 1696 971
203 81 1696 532
206 83 1696 180
206 84 1696 475
206 82 1696 1266
208 85 1696 980
210 86 1696 1097
211 87 1696 569
211 88 1696 399
215 89 1696 1474
215 90 1696 159
219 91 1696 1441
225 92 1696 1618
226 95 1696 130
226 94 1696 313
226 93 1696 738
229 96 1696 1270
232 97 1696 1201
232 98 1696 430
243 99 1696 1865
243 100 1696 344
243 101 1696 214
243 102 1696 167
244 103 1696 720
251 104 1696 1737
266 105 1696 1905
267 106 1696 553
269 107 1696 1063
269 108 1696 267
270 109 1696 527
272 110 1696 1100
272 111 1696 196
275 112 1696 1325
283 113 1696 1762
285 114 1696 1090
286 115 1696 844
286 116 1696 172
288 117 1696 947
289 118 1696 661
302 119 1696 1887
304 120 1696 900
310 121 1696 1668
311 123 1696 465
311 122 1696 574
312 124 1696 657
312 125 1696 104
315 126 1696 1342
318 127 1696 1208
318 128 1696 98
319 129 1696 629
319 130 1696 372
329 131 1696 1831
333 132 1696 1435
336 133 1696 1336
336 134 1696 496
337 135 1696 757
337 136 1696 364
338 141 1696 34
338 140 1696 427
338 142 1696 302
338 138 1696 368
338 137 1696 545
338 139 1696 495
347 143 1696 1797
347 144 1696 373
360 145 1696 1887
360 146 1696 115
368 147 1696 1780
373 148 1696 1573
377 149 1696 1393
389 150 1696 1882
389 151 1696 322
390 153 1696 467
390 152 1696 539
392 154 1696 964
393 155 1696 601
398 156 1696 1565
404 157 1696 1626
404 158 1696 62
410 159 1696 1633
411 160 1696 562
414 161 1696 1269
416 162 1696 965
421 163 1696 1562
421 164 1696 154
424 165 1696 1193
425 166 1696 685
442 167 1696 1913
445 168 1696 1265
445 169 1696 333
445 170 1696 479
450 171 1696 1551
451 172 1696 579
451 173 1696 166
455 174 1696 1460
456 175 1696 866
460 176 1696 1365
461 177 1696 701
461 178 1696 91
462 179 1696 695
478 180 1696 1913
482 181 1696 1486
487 182 1696 1560
488 183 1696 629
489 184 1696 672
489 185 1696 50
492 186 1696 1291
494 187 1696 968
494 188 1696 372
503 189 1696 1820
505 190 1696 1117
506 191 1696 663
506 192 1696 483
507 193 1696 659
518 194 1696 1857
520 195 1696 1083
522 196 1696 994
523 197 1696 665
529 198 1696 1643
531 199 1696 1105
534 200 1696 1201
534 201 1696 127
535 202 1696 514
538 203 1696 1240
540 204 1696 914
540 205 1696 330
546 206 1696 1668
546 207 1696 373
548 209 1696 98
548 208 1696 932
551 210 1696 1160
552 211 1696 863
557 212 1696 1534
560 213 1696 1291
566 214 1696 1645
568 215 1696 1001
574 217 1696 335
574 216 1696 1633
576 219 1696 104
576 218 1696 890
585 220 1696 1827
591 221 1696 1642
596 222 1696 1541
600 223 1696 1370
602 224 1696 1141
609 225 1696 1741
611 226 1696 1068
621 229 1696 377
621 228 1696 234
621 227 1696 1844
630 230 1696 1797
631 231 1696 700
633 232 1696 983
635 233 1696 911
639 234 1696 1419
647 235 1696 1786
649 237 1696 319
649 236 1696 972
655 238 1696 1640
655 239 1696 341
655 240 1696 306
657 241 1696 918
657 242 1696 36
657 243 1696 274
658 245 1696 253
658 244 1696 660
660 246 1696 1053
662 247 1696 1116
664 248 1696 939
665 249 1696 856
669 250 1696 1374
670 251 1696 658
677 252 1696 1700
682 253 1696 1539
685 254 1696 1202
689 255 1696 1483
690 256 1696 510
692 257 1696 1069
692 258 1696 99
694 259 1696 1097
697 260 1696 1187
704 261 1696 1749
704 262 1696 138
705 263 1696 554
705 264 1696 225
705 265 1696 459
714 266 1696 1805
715 267 1696 623
724 268 1696 1797
732 269 1696 1784
732 270 1696 28
735 271 1696 1314
736 272 1696 619
737 273 1696 548
744 274 1696 1722
746 275 1696 908
751 276 1696 1606
754 277 1696 1267
755 278 1696 710
757 279 1696 887
758 280 1696 687
770 281 1696 1876
772 282 1696 905
775 283 1696 1303
777 284 1696 927
779 285 1696 1138
781 286 1696 925
785 287 1696 1368
791 288 1696 1633
802 289 1696 1860
805 290 1696 1275
814 291 1696 1828
814 292 1696 220
815 293 1696 543
817 295 1696 482
817 294 1696 1078
818 296 1696 779
822 297 1696 1406
822 298 1696 48
822 299 1696 200
822 300 1696 373
822 301 1696 430
825 302 1696 1244
827 303 1696 1079
828 305 1696 60
828 304 1696 827
828 306 1696 39
