8 0 754 1750
8 1 754 106
9 2 754 568
14 3 754 1553
14 4 754 55
14 5 754 371
14 6 754 72
17 7 754 1183
18 8 754 665
19 9 754 823
21 10 754 930
24 11 754 1185
26 12 754 1130
27 13 754 665
28 14 754 755
33 15 754 1513
35 16 754 1094
38 17 754 1216
44 18 754 1624
45 19 754 813
48 20 754 1299
51 21 754 1247
52 22 754 553
60 23 754 1789
64 24 754 1346
66 25 754 979
69 26 754 1219
71 27 754 1133
73 28 754 1063
75 29 754 1036
79 30 754 1352
79 31 754 357
87 32 754 1782
87 33 754 480
88 34 754 848
90 35 754 1089
92 38 754 44
92 37 754 133
92 36 754 1070
97 39 754 1529
97 40 754 278
102 41 754 1512
102 42 754 382
106 43 754 1355
108 44 754 969
109 46 754 114
109 45 754 635
110 47 754 608
110 48 754 163
113 49 754 1150
116 50 754 1262
116 51 754 169
118 52 754 944
124 53 754 1686
138 54 754 1898
139 55 754 503
143 56 754 1478
144 57 754 703
144 58 754 207
146 59 754 1000
148 60 754 1077
149 61 754 864
149 62 754 119
154 63 754 1553
158 64 754 1395
159 65 754 573
162 66 754 1327
163 67 754 650
170 68 754 1741
175 69 754 1591
175 70 754 442
177 71 754 961
180 72 754 1172
180 73 754 94
181 74 754 535
188 75 754 1712
189 76 754 864
191 77 754 1122
192 78 754 820
193 79 754 711
194 80 754 865
195 81 754 610
197 82 754 969
207 83 754 1838
214 84 754 1698
217 85 754 1183
220 86 754 1338
220 87 754 95
221 88 754 507
221 89 754 345
226 90 754 1535
226 91 754 367
236 92 754 1850
238 93 754 968
238 94 754 452
241 95 754 1338
245 96 754 1393
246 97 754 753
258 98 754 1885
258 99 754 396
261 100 754 1232
265 101 754 1389
266 102 754 791
266 103 754 497
267 105 754 300
267 104 754 707
269 106 754 922
270 107 754 850
273 108 754 1151
273 109 754 186
278 110 754 1563
278 111 754 355
287 112 754 1808
291 115 754 466
291 114 754 135
291 113 754 1420
300 116 754 1819
300 117 754 205
308 118 754 1779
308 119 754 212
311 120 754 1159
314 121 754 1232
314 122 754 142
318 125 754 75
318 123 754 1396
318 124 754 55
320 126 754 1035
320 127 754 203
325 128 754 1567
327 130 754 319
327 129 754 1121
327 131 754 110
330 133 754 423
330 132 754 1162
334 134 754 1404
338 135 754 1400
345 136 754 1744
345 137 754 472
347 138 754 1131
351 141 754 488
351 139 754 1398
351 140 754 260
353 143 754 321
353 142 754 869
354 144 754 706
357 145 754 1179
357 146 754 484
357 147 754 430
358 148 754 832
374 149 754 1910
378 150 754 1444
381 151 754 1187
383 152 754 898
389 153 754 1672
392 154 754 1161
420 155 754 1924
423 156 754 1246
426 157 754 1320
426 158 754 441
427 159 754 632
430 160 754 1190
431 161 754 719
434 163 754 29
434 162 754 1207
442 164 754 1791
446 165 754 1452
448 166 754 1118
452 167 754 1384
452 168 754 16
453 169 754 660
454 170 754 647
458 171 754 1346
460 172 754 999
460 173 754 381
472 174 754 1877
473 175 754 671
473 176 754 363
480 177 754 1746
481 178 754 689
482 179 754 800
487 180 754 1516
488 181 754 605
491 182 754 1295
496 183 754 1582
501 184 754 1602
503 185 754 1056
505 186 754 1136
509 187 754 1414
512 188 754 1186
516 192 754 30
516 191 754 423
516 189 754 1404
516 190 754 153
517 193 754 499
517 194 754 207
521 195 754 1466
524 196 754 1205
525 197 754 839
525 198 754 454
528 200 754 61
528 199 754 1178
530 201 754 1024
530 202 754 414
530 203 754 172
533 204 754 1262
533 205 754 97
533 206 754 188
534 207 754 517
541 208 754 1720
541 209 754 490
546 210 754 1561
550 211 754 1425
551 212 754 631
556 213 754 1566
558 214 754 1041
559 215 754 584
563 216 754 1348
568 217 754 1550
568 218 754 351
569 219 754 735
569 220 754 316
575 221 754 1629
575 222 754 198
576 223 754 536
577 224 754 506
577 225 754 224
580 226 754 1315
581 228 754 174
581 227 754 500
581 229 754 411
585 230 754 1391
589 231 754 1448
592 232 754 1291
596 233 754 1435
597 234 754 739
597 235 754 491
597 236 754 190
599 237 754 1122
599 238 754 319
604 239 754 1505
605 240 754 867
606 241 754 619
612 242 754 1618
613 243 754 695
621 244 754 1768
622 245 754 653
629 246 754 1717
629 247 754 389
633 248 754 1382
638 250 754 117
638 249 754 1547
643 251 754 1579
643 252 754 487
649 253 754 1644
650 254 754 862
650 255 754 356
651 256 754 825
660 257 754 1803
665 258 754 1591
667 259 754 1038
668 260 754 706
674 261 754 1613
674 262 754 342
677 263 754 1309
679 264 754 1024
679 265 754 112
679 266 754 133
681 267 754 1120
682 268 754 827
683 269 754 549
683 270 754 394
683 271 754 225
686 272 754 1231
687 273 754 771
695 274 754 1792
701 275 754 1621
701 276 754 11
705 277 754 1427
706 278 754 692
714 279 754 1777
714 280 754 431
716 281 754 926
718 282 754 1042
719 283 754 551
719 284 754 293
726 285 754 1736
728 286 754 961
733 287 754 1572
734 288 754 572
734 289 754 382
739 290 754 1590
739 291 754 312
743 292 754 1456
746 293 754 1206
747 294 754 799
750 296 754 276
750 297 754 308
750 295 754 1179
755 298 754 1596
761 299 754 1656
762 300 754 519
763 301 754 596
767 302 754 1487
768 303 754 833
771 304 754 1153
780 305 754 1817
780 306 754 348
