5 0 315 1500
6 1 315 648
6 2 315 354
6 3 315 274
6 4 315 442
13 5 315 1692
21 6 315 1788
26 8 315 435
26 7 315 1544
29 9 315 1254
33 10 315 1466
35 11 315 1091
42 12 315 1713
44 13 315 1060
44 14 315 428
49 15 315 1543
50 16 315 505
52 17 315 986
56 18 315 1378
61 19 315 1520
65 20 315 1359
68 21 315 1281
69 22 315 843
69 23 315 64
69 24 315 472
70 25 315 854
72 26 315 1012
79 27 315 1714
80 28 315 668
91 29 315 1869
93 30 315 900
97 31 315 1463
97 32 315 462
98 33 315 526
102 34 315 1395
111 35 315 1798
111 36 315 486
115 37 315 1494
119 38 315 1455
125 39 315 1614
125 40 315 199
131 41 315 1630
133 42 315 1095
142 43 315 1809
142 44 315 380
146 45 315 1465
159 46 315 1889
161 47 315 884
172 48 315 1860
173 49 315 737
176 50 315 1245
176 51 315 259
178 52 315 961
181 53 315 1282
183 54 315 1037
183 55 315 219
190 57 315 289
190 56 315 1730
197 58 315 1727
202 59 315 1513
203 60 315 679
203 61 315 73
205 62 315 875
205 63 315 490
205 64 315 354
205 65 315 2
206 66 315 628
209 67 315 1186
214 68 315 1590
215 69 315 555
217 70 315 1057
219 71 315 935
223 72 315 1456
229 73 315 1689
232 74 315 1321
238 76 315 186
238 75 315 1654
240 77 315 958
246 78 315 1608
248 79 315 931
250 80 315 890
250 81 315 128
258 82 315 1779
269 83 315 1856
270 84 315 624
271 85 315 641
272 86 315 501
274 87 315 1105
278 88 315 1414
281 89 315 1175
281 90 315 67
281 91 315 196
288 92 315 1692
299 93 315 1866
301 95 315 125
301 94 315 935
302 96 315 755
303 97 315 604
307 98 315 1455
307 99 315 378
308 100 315 837
309 101 315 702
312 102 315 1218
315 103 315 1304
320 105 315 309
320 104 315 1605
321 106 315 727
324 107 315 1197
336 108 315 1885
339 109 315 1308
339 110 315 33
340 111 315 771
341 112 315 605
342 113 315 795
343 114 315 622
344 115 315 551
344 116 315 219
346 117 315 944
354 118 315 1790
360 119 315 1638
364 120 315 1425
368 121 315 1447
375 124 315 487
375 123 315 415
375 122 315 1697
376 125 315 861
379 126 315 1167
384 127 315 1514
385 128 315 754
388 129 315 1195
390 130 315 898
395 131 315 1506
399 132 315 1428
402 133 315 1230
402 134 315 94
402 135 315 187
403 136 315 834
403 137 315 474
403 138 315 250
403 139 315 315
413 140 315 1838
416 141 315 1229
419 142 315 1145
419 143 315 105
421 144 315 1141
424 145 315 1221
429 146 315 1515
431 147 315 897
434 148 315 1244
434 149 315 384
444 150 315 1831
451 151 315 1736
452 152 315 738
459 153 315 1741
461 154 315 877
464 155 315 1314
466 156 315 930
467 157 315 803
468 158 315 817
469 159 315 744
471 160 315 1066
473 162 315 443
473 161 315 1137
474 163 315 690
474 164 315 410
474 165 315 451
477 166 315 1267
480 167 315 1300
481 169 315 434
481 168 315 700
487 170 315 1641
493 171 315 1670
494 172 315 693
498 173 315 1475
505 174 315 1724
505 175 315 196
505 176 315 302
510 177 315 1591
513 178 315 1198
516 179 315 1191
519 183 315 370
519 182 315 270
519 180 315 1270
519 181 315 270
522 184 315 1289
524 185 315 1086
525 186 315 768
531 188 315 353
531 187 315 1612
532 189 315 705
535 191 315 30
535 190 315 1182
540 192 315 1581
544 193 315 1431
547 194 315 1173
548 195 315 700
549 196 315 785
549 197 315 454
555 198 315 1620
556 199 315 690
568 200 315 1878
568 201 315 215
568 202 315 197
569 203 315 809
570 204 315 667
570 205 315 160
572 206 315 1043
575 208 315 17
575 207 315 1187
576 209 315 680
578 210 315 1011
581 211 315 1264
586 212 315 1530
591 213 315 1550
595 214 315 1398
596 215 315 796
597 216 315 867
597 217 315 73
600 218 315 1325
603 219 315 1248
609 220 315 1608
614 221 315 1580
616 222 315 946
635 223 315 1919
638 224 315 1177
644 225 315 1610
644 226 315 88
647 228 315 302
647 227 315 1186
649 229 315 1023
652 230 315 1336
660 231 315 1772
673 232 315 1895
674 233 315 508
677 234 315 1237
679 235 315 1055
679 236 315 73
683 237 315 1386
689 238 315 1627
691 239 315 1128
691 240 315 43
696 241 315 1505
701 242 315 1594
706 243 315 1598
712 244 315 1619
722 248 315 33
722 247 315 31
722 249 315 376
722 245 315 1843
722 246 315 424
730 250 315 1758
731 251 315 711
733 252 315 1054
733 253 315 372
735 254 315 1006
735 255 315 298
738 257 315 202
738 256 315 1193
743 258 315 1557
745 259 315 981
745 260 315 71
753 261 315 1782
755 262 315 885
757 263 315 918
760 264 315 1268
763 265 315 1163
766 266 315 1293
768 269 315 342
768 268 315 312
768 267 315 1022
769 270 315 723
773 271 315 1405
773 272 315 370
773 273 315 196
776 274 315 1204
776 275 315 103
792 276 315 1910
795 278 315 300
795 277 315 1273
798 279 315 1258
801 280 315 1186
801 281 315 57
804 282 315 1152
814 283 315 1850
817 284 315 1190
818 285 315 624
819 286 315 718
824 287 315 1522
828 288 315 1426
830 289 315 939
838 290 315 1787
847 291 315 1796
855 292 315 1754
856 293 315 646
858 294 315 1056
858 295 315 186
859 296 315 619
860 299 315 455
860 297 315 676
860 298 315 329
861 300 315 550
864 301 315 1327
870 302 315 1643
876 303 315 1615
881 305 315 352
881 304 315 1578
881 306 315 341
