2 0 1067 1067
2 1 1067 308
3 2 1067 526
9 3 1067 1681
9 4 1067 11
12 5 1067 1334
12 6 1067 351
24 7 1067 1885
29 8 1067 1516
32 9 1067 1296
35 10 1067 1274
38 11 1067 1175
47 12 1067 1812
48 13 1067 577
48 14 1067 85
48 15 1067 185
51 16 1067 1154
51 17 1067 482
58 19 1067 111
58 18 1067 1714
61 20 1067 1324
72 21 1067 1858
76 22 1067 1472
76 23 1067 321
77 24 1067 784
79 25 1067 1084
79 26 1067 179
81 27 1067 1043
82 28 1067 752
84 29 1067 875
87 30 1067 1297
87 31 1067 463
96 32 1067 1806
103 33 1067 1722
104 34 1067 758
105 35 1067 546
107 36 1067 1113
108 37 1067 575
109 38 1067 620
112 39 1067 1208
129 40 1067 1915
130 41 1067 700
131 42 1067 808
131 43 1067 377
132 44 1067 639
133 45 1067 574
137 46 1067 1493
148 47 1067 1855
149 48 1067 504
150 49 1067 803
151 50 1067 533
155 51 1067 1404
159 52 1067 1357
160 53 1067 800
162 54 1067 1110
164 55 1067 1134
165 57 1067 205
165 56 1067 761
167 58 1067 897
168 59 1067 852
171 60 1067 1154
174 61 1067 1232
176 62 1067 1133
177 63 1067 640
200 64 1067 1923
201 65 1067 811
204 67 1067 90
204 66 1067 1294
211 68 1067 1744
215 69 1067 1464
217 70 1067 996
218 71 1067 579
226 72 1067 1786
227 73 1067 505
227 74 1067 120
228 75 1067 623
230 76 1067 1049
232 77 1067 1094
238 78 1067 1607
238 79 1067 209
243 80 1067 1515
243 81 1067 249
244 82 1067 539
256 83 1067 1873
256 84 1067 342
265 85 1067 1818
267 86 1067 1031
269 87 1067 1006
270 88 1067 612
275 89 1067 1548
282 90 1067 1709
284 91 1067 908
289 92 1067 1602
296 93 1067 1693
296 94 1067 53
297 95 1067 683
301 96 1067 1492
301 97 1067 168
301 98 1067 379
309 99 1067 1753
312 100 1067 1205
316 101 1067 1403
316 102 1067 110
318 103 1067 964
325 104 1067 1731
337 105 1067 1878
342 106 1067 1542
343 107 1067 851
344 108 1067 679
344 109 1067 486
344 110 1067 84
349 111 1067 1591
350 112 1067 523
351 113 1067 688
354 114 1067 1261
356 115 1067 904
357 116 1067 693
360 117 1067 1184
360 118 1067 297
360 119 1067 105
367 120 1067 1704
367 121 1067 287
371 123 1067 195
371 122 1067 1402
377 124 1067 1679
377 125 1067 88
379 126 1067 901
379 127 1067 93
379 128 1067 451
383 129 1067 1362
385 130 1067 1056
387 131 1067 881
388 132 1067 715
396 133 1067 1778
398 134 1067 929
398 135 1067 111
398 136 1067 139
403 142 1067 327
403 141 1067 179
403 140 1067 275
403 143 1067 125
403 138 1067 141
403 137 1067 1499
403 139 1067 388
407 144 1067 1464
407 145 1067 118
407 146 1067 385
409 147 1067 914
409 148 1067 431
411 149 1067 1074
428 151 1067 307
428 150 1067 1914
437 154 1067 48
437 153 1067 273
437 152 1067 1796
439 155 1067 918
439 156 1067 0
449 157 1067 1840
452 158 1067 1210
458 159 1067 1643
460 160 1067 977
464 162 1067 399
464 161 1067 1449
467 163 1067 1241
471 164 1067 1355
473 165 1067 1128
475 166 1067 876
476 167 1067 669
482 168 1067 1683
485 169 1067 1150
486 170 1067 765
488 171 1067 1119
490 172 1067 1042
500 173 1067 1833
508 174 1067 1755
513 175 1067 1525
525 176 1067 1884
528 177 1067 1277
529 178 1067 656
534 179 1067 1561
540 180 1067 1628
556 181 1067 1912
561 182 1067 1587
564 183 1067 1302
568 184 1067 1373
569 185 1067 748
571 186 1067 1009
571 187 1067 441
578 193 1067 423
578 192 1067 289
578 191 1067 223
578 189 1067 11
578 188 1067 1730
578 190 1067 110
581 194 1067 1336
582 195 1067 750
589 196 1067 1704
591 197 1067 1010
592 198 1067 695
592 199 1067 335
595 200 1067 1166
601 201 1067 1641
604 202 1067 1155
607 203 1067 1206
607 204 1067 308
608 205 1067 795
611 206 1067 1189
624 208 1067 443
624 207 1067 1887
624 209 1067 448
626 210 1067 958
627 211 1067 648
630 212 1067 1184
635 213 1067 1573
635 214 1067 15
637 215 1067 989
645 216 1067 1787
647 217 1067 1021
655 218 1067 1793
656 219 1067 606
656 220 1067 118
656 221 1067 435
657 222 1067 863
663 223 1067 1672
665 224 1067 1039
666 225 1067 541
667 226 1067 829
668 228 1067 496
668 227 1067 619
670 229 1067 1004
677 230 1067 1745
679 231 1067 873
680 232 1067 582
680 233 1067 320
680 234 1067 394
696 235 1067 1911
697 236 1067 757
697 237 1067 381
699 238 1067 994
700 239 1067 578
704 240 1067 1483
706 241 1067 1046
728 242 1067 1922
731 243 1067 1282
733 244 1067 977
737 245 1067 1387
739 246 1067 964
740 248 1067 408
740 249 1067 347
740 247 1067 640
742 250 1067 888
743 251 1067 682
746 252 1067 1142
746 253 1067 88
746 254 1067 216
747 255 1067 731
748 256 1067 777
752 258 1067 166
752 257 1067 1407
759 259 1067 1691
772 260 1067 1890
773 261 1067 570
777 262 1067 1390
781 263 1067 1364
782 264 1067 627
782 265 1067 84
782 266 1067 66
783 267 1067 864
786 270 1067 231
786 268 1067 1178
786 269 1067 28
790 271 1067 1406
790 272 1067 27
793 273 1067 1214
795 274 1067 1048
797 275 1067 996
797 276 1067 437
802 277 1067 1506
803 278 1067 694
808 279 1067 1576
813 280 1067 1502
813 281 1067 189
813 282 1067 211
813 283 1067 149
813 284 1067 115
815 285 1067 1063
821 288 1067 103
821 287 1067 493
821 286 1067 1656
826 289 1067 1588
828 290 1067 1134
831 291 1067 1275
831 292 1067 214
834 293 1067 1228
835 294 1067 613
837 295 1067 913
842 296 1067 1581
843 297 1067 558
844 298 1067 654
846 299 1067 893
849 300 1067 1321
849 301 1067 100
853 302 1067 1386
853 303 1067 379
853 304 1067 115
857 305 1067 1407
858 306 1067 655
