0 0 1853 167
2 1 1853 969
8 2 1853 1675
8 3 1853 128
9 4 1853 537
10 5 1853 698
10 6 1853 395
11 7 1853 568
14 8 1853 1145
15 9 1853 836
15 10 1853 485
16 11 1853 684
25 12 1853 1806
27 13 1853 1009
31 14 1853 1453
31 15 1853 329
38 16 1853 1714
44 18 1853 335
44 17 1853 1624
46 19 1853 1009
49 20 1853 1149
49 21 1853 51
49 22 1853 262
50 23 1853 852
57 24 1853 1744
59 25 1853 932
61 27 1853 215
61 26 1853 918
67 28 1853 1656
69 29 1853 1061
74 30 1853 1581
74 31 1853 121
78 32 1853 1488
81 33 1853 1195
90 34 1853 1828
95 36 1853 18
95 37 1853 205
95 35 1853 1537
100 38 1853 1524
103 39 1853 1238
111 40 1853 1750
112 41 1853 756
112 42 1853 169
114 43 1853 1005
115 44 1853 612
116 47 1853 17
116 46 1853 483
116 45 1853 533
118 48 1853 1065
118 49 1853 228
121 50 1853 1156
129 51 1853 1790
133 52 1853 1487
137 53 1853 1401
146 54 1853 1805
146 55 1853 115
147 56 1853 707
148 57 1853 823
148 58 1853 309
153 59 1853 1530
160 60 1853 1704
160 61 1853 179
161 62 1853 837
161 63 1853 84
164 65 1853 363
164 64 1853 1180
166 66 1853 1121
167 67 1853 611
169 68 1853 1105
179 69 1853 1841
179 70 1853 311
184 72 1853 99
184 71 1853 1509
186 73 1853 1021
189 74 1853 1183
189 75 1853 392
198 76 1853 1806
201 77 1853 1182
201 78 1853 240
204 79 1853 1210
204 80 1853 448
206 81 1853 901
208 82 1853 1075
212 83 1853 1428
222 84 1853 1830
229 85 1853 1715
230 86 1853 559
230 87 1853 86
233 88 1853 1315
240 89 1853 1713
241 90 1853 830
243 91 1853 1119
252 92 1853 1820
271 93 1853 1919
275 94 1853 1459
280 95 1853 1571
290 96 1853 1844
290 97 1853 85
297 98 1853 1749
297 99 1853 248
300 100 1853 1337
309 101 1853 1797
310 102 1853 837
313 103 1853 1148
323 104 1853 1842
328 105 1853 1571
335 106 1853 1691
335 107 1853 465
335 108 1853 218
339 109 1853 1412
339 110 1853 234
343 111 1853 1449
344 112 1853 582
346 113 1853 1023
348 114 1853 1081
349 115 1853 803
351 116 1853 1029
354 117 1853 1333
354 118 1853 178
358 119 1853 1390
365 120 1853 1729
367 121 1853 1034
370 122 1853 1221
373 123 1853 1317
375 124 1853 1011
377 125 1853 1116
383 126 1853 1614
383 127 1853 104
387 128 1853 1487
392 129 1853 1537
392 130 1853 473
399 131 1853 1720
403 132 1853 1357
421 133 1853 1916
430 134 1853 1798
431 135 1853 576
431 136 1853 63
441 137 1853 1851
446 138 1853 1511
446 139 1853 258
446 140 1853 23
446 141 1853 93
454 142 1853 1792
463 143 1853 1827
467 144 1853 1478
470 145 1853 1305
471 146 1853 537
472 147 1853 796
473 148 1853 838
474 149 1853 655
475 150 1853 541
476 151 1853 510
486 155 1853 302
486 154 1853 443
486 153 1853 359
486 152 1853 1832
487 156 1853 575
491 157 1853 1445
491 158 1853 136
492 159 1853 725
504 160 1853 1882
509 161 1853 1586
511 162 1853 903
512 163 1853 606
514 164 1853 939
514 165 1853 438
514 166 1853 92
515 167 1853 591
518 168 1853 1150
519 169 1853 504
520 170 1853 739
522 171 1853 1102
529 172 1853 1747
539 173 1853 1845
543 174 1853 1366
549 175 1853 1636
552 176 1853 1167
555 177 1853 1318
563 178 1853 1763
569 179 1853 1631
570 180 1853 579
571 181 1853 818
574 182 1853 1191
575 183 1853 831
577 184 1853 995
590 185 1853 1887
599 186 1853 1813
601 187 1853 998
605 188 1853 1473
610 189 1853 1496
610 190 1853 1
611 191 1853 543
618 192 1853 1715
619 193 1853 785
619 194 1853 300
619 195 1853 361
621 196 1853 1114
624 197 1853 1185
626 198 1853 888
628 199 1853 1040
631 200 1853 1213
642 201 1853 1871
647 202 1853 1571
647 203 1853 334
657 204 1853 1841
661 205 1853 1363
662 206 1853 687
678 207 1853 1911
680 208 1853 917
681 209 1853 732
683 210 1853 1059
686 211 1853 1181
692 212 1853 1607
692 213 1853 429
692 214 1853 146
694 215 1853 1064
694 216 1853 395
694 217 1853 71
699 218 1853 1536
701 219 1853 976
702 220 1853 549
704 221 1853 1018
706 222 1853 1042
711 223 1853 1578
712 224 1853 503
712 225 1853 195
715 226 1853 1312
717 227 1853 962
722 228 1853 1544
724 229 1853 1005
725 230 1853 521
740 231 1853 1907
740 232 1853 430
741 233 1853 723
741 234 1853 418
742 235 1853 633
745 236 1853 1171
746 237 1853 857
748 238 1853 914
753 239 1853 1557
756 240 1853 1200
765 241 1853 1826
765 242 1853 81
766 243 1853 741
766 244 1853 437
767 245 1853 744
768 246 1853 861
771 247 1853 1285
772 248 1853 639
775 249 1853 1161
788 250 1853 1891
790 251 1853 1043
795 252 1853 1574
805 253 1853 1837
805 254 1853 490
805 255 1853 194
806 256 1853 828
824 257 1853 1918
832 258 1853 1756
838 259 1853 1645
838 260 1853 51
844 261 1853 1650
844 262 1853 366
854 263 1853 1837
854 264 1853 210
856 265 1853 1077
857 266 1853 751
859 268 1853 11
859 267 1853 884
863 269 1853 1438
872 270 1853 1817
876 271 1853 1463
878 272 1853 1082
893 273 1853 1903
900 274 1853 1701
901 275 1853 647
903 277 1853 301
903 276 1853 937
905 278 1853 1140
911 279 1853 1683
914 280 1853 1259
914 281 1853 26
914 282 1853 323
914 283 1853 383
916 284 1853 1038
920 286 1853 332
920 285 1853 1403
921 289 1853 223
921 287 1853 518
921 288 1853 232
928 290 1853 1729
931 291 1853 1178
933 292 1853 1026
936 293 1853 1193
941 294 1853 1505
945 295 1853 1474
949 296 1853 1460
949 297 1853 169
950 298 1853 530
953 299 1853 1284
971 300 1853 1918
985 301 1853 1902
988 302 1853 1274
990 303 1853 1126
993 305 1853 428
993 304 1853 1268
1005 306 1853 1885
