1 0 602 522
1 1 602 391
2 2 602 759
5 3 602 1209
6 4 602 748
8 5 602 999
9 6 602 795
9 7 602 223
13 8 602 1396
14 9 602 534
15 10 602 791
17 11 602 1008
17 12 602 196
18 13 602 674
18 14 602 386
26 15 602 1786
26 16 602 274
26 17 602 215
31 18 602 1599
36 19 602 1558
37 20 602 665
37 21 602 54
38 22 602 504
40 23 602 1007
43 24 602 1328
43 25 602 243
43 26 602 274
43 27 602 355
48 29 602 292
48 28 602 1527
49 30 602 820
49 31 602 418
56 32 602 1726
61 33 602 1595
61 34 602 161
65 35 602 1420
66 36 602 702
67 37 602 665
68 38 602 639
72 39 602 1395
79 40 602 1744
81 41 602 1058
87 42 602 1623
87 43 602 400
88 44 602 850
91 45 602 1271
92 46 602 681
95 48 602 322
95 47 602 1306
97 49 602 915
98 50 602 513
101 51 602 1310
102 52 602 713
104 53 602 1102
108 54 602 1382
108 55 602 468
117 56 602 1812
123 57 602 1677
132 58 602 1806
133 59 602 504
134 60 602 724
134 61 602 439
135 62 602 620
137 63 602 1103
143 64 602 1638
143 65 602 373
146 66 602 1207
147 67 602 525
148 68 602 512
150 69 602 891
152 70 602 1084
157 71 602 1534
162 72 602 1500
162 73 602 203
169 74 602 1739
174 79 602 56
174 78 602 156
174 75 602 1531
174 76 602 355
174 77 602 104
178 80 602 1487
180 81 602 893
180 82 602 33
181 83 602 612
188 84 602 1703
192 85 602 1434
198 86 602 1630
199 87 602 623
199 88 602 213
205 89 602 1618
210 90 602 1532
212 91 602 950
213 92 602 784
213 93 602 135
214 94 602 670
217 96 602 437
217 95 602 1305
218 97 602 519
219 98 602 686
219 99 602 477
219 100 602 64
219 101 602 155
220 102 602 794
224 103 602 1356
232 104 602 1755
234 105 602 904
241 106 602 1734
242 107 602 509
245 108 602 1288
253 109 602 1775
253 110 602 112
260 111 602 1708
265 112 602 1520
272 113 602 1749
274 114 602 942
282 115 602 1756
282 116 602 406
282 117 602 7
285 118 602 1324
285 119 602 203
286 120 602 667
287 121 602 583
287 122 602 312
288 123 602 818
291 124 602 1283
291 125 602 133
292 126 602 749
296 127 602 1365
300 128 602 1458
300 129 602 433
302 130 602 1093
310 131 602 1761
313 132 602 1342
318 133 602 1604
336 134 602 1917
339 135 602 1331
339 136 602 98
340 137 602 601
341 138 602 781
342 139 602 799
348 140 602 1624
350 141 602 1121
353 143 602 362
353 142 602 1259
358 144 602 1506
365 145 602 1749
369 146 602 1354
371 147 602 959
373 148 602 1117
374 149 602 839
376 150 602 899
376 151 602 429
378 153 602 482
378 152 602 1119
385 154 602 1734
389 155 602 1406
397 156 602 1767
411 157 602 1901
411 158 602 72
417 160 602 154
417 161 602 369
417 159 602 1621
419 162 602 976
420 163 602 855
421 164 602 681
421 165 602 275
421 166 602 365
431 167 602 1841
439 168 602 1757
444 169 602 1535
450 170 602 1658
457 171 602 1729
460 172 602 1151
461 173 602 525
462 174 602 504
466 175 602 1471
469 176 602 1248
481 177 602 1875
484 178 602 1237
488 179 602 1459
489 180 602 704
496 182 602 248
496 181 602 1715
497 183 602 618
501 184 602 1459
502 185 602 664
503 186 602 641
504 187 602 860
512 188 602 1794
513 189 602 511
517 191 602 122
517 190 602 1488
518 192 602 529
520 193 602 1084
521 194 602 645
524 195 602 1255
524 196 602 145
524 197 602 404
529 198 602 1605
532 199 602 1230
536 200 602 1384
540 201 602 1438
542 202 602 1127
547 203 602 1507
549 204 602 1105
551 205 602 1095
554 206 602 1203
555 207 602 594
569 209 602 263
569 210 602 157
569 208 602 1903
578 211 602 1817
579 212 602 663
580 213 602 538
582 214 602 917
582 215 602 364
582 216 602 121
582 217 602 357
585 219 602 17
585 218 602 1321
590 220 602 1558
594 221 602 1430
594 222 602 46
597 223 602 1245
597 224 602 46
602 225 602 1535
605 227 602 66
605 226 602 1200
614 228 602 1805
617 229 602 1173
620 230 602 1325
621 231 602 843
621 232 602 269
621 233 602 6
621 234 602 74
624 235 602 1190
625 236 602 587
626 237 602 665
630 239 602 364
630 238 602 1438
634 240 602 1385
634 241 602 47
636 242 602 882
641 243 602 1530
641 244 602 353
646 245 602 1596
650 246 602 1383
667 249 602 281
667 248 602 167
667 247 602 1915
669 250 602 1134
676 251 602 1713
678 252 602 1008
683 253 602 1587
688 254 602 1596
700 255 602 1879
704 256 602 1392
713 257 602 1806
717 258 602 1460
721 259 602 1494
730 260 602 1820
732 261 602 1137
733 262 602 714
734 263 602 729
735 264 602 862
738 265 602 1238
743 266 602 1547
744 268 602 463
744 267 602 657
750 269 602 1651
757 270 602 1701
761 271 602 1380
762 272 602 844
764 273 602 956
765 274 602 557
770 275 602 1511
771 277 602 440
771 276 602 547
773 278 602 892
773 279 602 375
773 280 602 152
776 281 602 1209
785 282 602 1824
790 284 602 39
790 283 602 1524
795 285 602 1537
803 286 602 1760
804 287 602 607
804 288 602 335
804 289 602 120
811 290 602 1723
812 291 602 706
814 292 602 1130
825 294 602 469
825 295 602 247
825 293 602 1868
828 296 602 1258
828 297 602 152
829 298 602 668
831 299 602 1039
831 300 602 48
832 301 602 726
836 303 602 440
836 302 602 1451
837 304 602 505
843 305 602 1679
845 306 602 868
