3 0 1165 1298
5 1 1165 998
8 2 1165 1227
9 3 1165 617
10 4 1165 760
22 5 1165 1878
25 6 1165 1294
26 7 1165 709
30 8 1165 1358
33 9 1165 1156
44 10 1165 1855
45 11 1165 786
45 12 1165 179
45 13 1165 103
46 14 1165 746
49 15 1165 1217
50 16 1165 696
53 17 1165 1326
54 20 1165 45
54 18 1165 685
54 19 1165 219
56 21 1165 1122
61 22 1165 1545
61 23 1165 98
64 24 1165 1144
67 25 1165 1246
76 28 1165 253
76 26 1165 1810
76 27 1165 371
82 29 1165 1614
84 30 1165 885
84 31 1165 414
84 32 1165 23
85 33 1165 648
94 34 1165 1811
96 35 1165 923
96 36 1165 418
98 37 1165 913
105 38 1165 1696
105 39 1165 91
108 40 1165 1153
109 41 1165 665
111 42 1165 1115
118 43 1165 1698
118 44 1165 252
118 45 1165 280
119 46 1165 579
121 47 1165 930
126 48 1165 1581
127 49 1165 659
127 50 1165 57
129 51 1165 1037
138 52 1165 1812
139 53 1165 604
140 54 1165 844
140 55 1165 176
144 56 1165 1377
146 57 1165 1129
150 58 1165 1397
154 59 1165 1439
154 60 1165 67
156 61 1165 922
156 62 1165 456
162 63 1165 1669
162 64 1165 271
166 65 1165 1441
167 66 1165 762
171 67 1165 1455
171 68 1165 216
178 69 1165 1748
179 70 1165 799
186 71 1165 1708
191 72 1165 1555
192 73 1165 594
194 74 1165 990
197 76 1165 6
197 75 1165 1304
205 77 1165 1772
213 78 1165 1771
214 79 1165 864
215 80 1165 666
217 81 1165 879
218 82 1165 715
223 83 1165 1519
228 84 1165 1556
236 85 1165 1772
237 86 1165 527
240 87 1165 1343
247 88 1165 1728
253 89 1165 1635
257 90 1165 1471
260 91 1165 1214
264 96 1165 208
264 95 1165 231
264 94 1165 24
264 93 1165 256
264 92 1165 1440
268 97 1165 1371
272 98 1165 1427
273 99 1165 735
277 100 1165 1443
279 101 1165 1049
280 102 1165 714
288 103 1165 1758
296 105 1165 273
296 104 1165 1784
300 106 1165 1407
303 107 1165 1218
308 108 1165 1538
312 109 1165 1464
312 110 1165 169
317 111 1165 1530
320 112 1165 1283
321 113 1165 533
322 114 1165 773
324 115 1165 1112
324 116 1165 207
325 117 1165 862
325 118 1165 112
325 119 1165 423
327 120 1165 913
330 121 1165 1344
336 122 1165 1652
337 123 1165 505
337 124 1165 277
342 125 1165 1509
342 126 1165 268
345 127 1165 1298
346 128 1165 569
347 129 1165 759
349 130 1165 1096
350 132 1165 345
350 131 1165 560
352 133 1165 1035
356 134 1165 1345
361 135 1165 1541
361 136 1165 165
363 137 1165 881
369 138 1165 1659
372 140 1165 365
372 139 1165 1283
375 141 1165 1234
382 142 1165 1729
382 143 1165 263
386 144 1165 1466
397 145 1165 1865
408 146 1165 1856
410 147 1165 906
414 148 1165 1408
415 149 1165 836
415 150 1165 23
418 151 1165 1270
421 152 1165 1258
423 153 1165 1003
430 154 1165 1747
430 155 1165 98
433 156 1165 1322
433 157 1165 208
437 158 1165 1481
437 159 1165 275
437 160 1165 5
437 161 1165 108
438 162 1165 648
439 163 1165 779
439 164 1165 368
444 165 1165 1533
447 166 1165 1185
447 167 1165 247
449 168 1165 1112
452 169 1165 1156
454 170 1165 947
457 171 1165 1250
459 172 1165 1128
460 173 1165 754
460 174 1165 58
465 175 1165 1604
470 176 1165 1539
474 177 1165 1388
476 178 1165 964
476 179 1165 336
481 180 1165 1578
484 181 1165 1286
493 182 1165 1815
499 183 1165 1658
500 184 1165 735
508 185 1165 1750
511 186 1165 1226
514 187 1165 1266
517 188 1165 1212
520 189 1165 1247
520 190 1165 219
532 191 1165 1881
535 192 1165 1325
539 193 1165 1384
542 194 1165 1277
542 195 1165 256
543 196 1165 586
545 197 1165 949
554 198 1165 1820
565 199 1165 1857
566 200 1165 680
572 201 1165 1608
579 202 1165 1718
579 203 1165 251
588 204 1165 1814
589 205 1165 698
589 206 1165 142
590 207 1165 504
592 209 1165 143
592 210 1165 483
592 208 1165 945
603 211 1165 1859
606 212 1165 1169
609 213 1165 1145
610 214 1165 621
611 215 1165 643
611 216 1165 218
613 218 1165 44
613 217 1165 914
614 220 1165 306
614 219 1165 542
624 221 1165 1843
626 222 1165 960
634 223 1165 1790
636 224 1165 936
638 225 1165 990
648 226 1165 1850
654 227 1165 1669
658 228 1165 1401
665 229 1165 1726
667 230 1165 1017
668 231 1165 590
672 232 1165 1492
674 233 1165 1031
679 234 1165 1580
692 235 1165 1895
696 236 1165 1492
701 237 1165 1563
709 238 1165 1769
709 239 1165 37
715 240 1165 1607
716 241 1165 722
716 242 1165 321
718 243 1165 1069
719 244 1165 763
719 245 1165 285
720 246 1165 712
720 247 1165 179
721 248 1165 762
722 250 1165 38
722 249 1165 634
727 251 1165 1596
729 252 1165 905
732 253 1165 1277
737 254 1165 1551
738 255 1165 762
739 256 1165 648
749 257 1165 1853
752 258 1165 1240
753 259 1165 824
754 260 1165 772
754 261 1165 398
756 262 1165 1027
759 263 1165 1143
761 264 1165 1050
770 265 1165 1818
770 266 1165 366
770 267 1165 138
774 268 1165 1489
775 269 1165 651
777 270 1165 1076
778 271 1165 579
780 272 1165 1070
780 273 1165 6
781 274 1165 859
786 275 1165 1509
791 276 1165 1522
800 277 1165 1815
802 278 1165 1027
803 279 1165 650
803 280 1165 278
809 281 1165 1671
811 282 1165 906
812 283 1165 767
818 284 1165 1688
822 285 1165 1346
828 287 1165 214
828 286 1165 1609
832 288 1165 1404
833 289 1165 818
836 290 1165 1247
841 291 1165 1564
841 292 1165 323
843 293 1165 945
846 294 1165 1190
849 295 1165 1209
855 296 1165 1619
857 297 1165 1102
857 298 1165 18
859 299 1165 869
869 300 1165 1844
870 301 1165 573
871 302 1165 615
871 303 1165 111
875 304 1165 1482
879 305 1165 1383
880 306 1165 526
