1 0 916 509
2 1 916 571
4 2 916 1084
9 3 916 1571
9 4 916 223
14 5 916 1600
14 6 916 0
14 7 916 321
22 8 916 1779
23 9 916 727
23 10 916 252
26 11 916 1328
26 12 916 137
41 13 916 1904
54 14 916 1892
57 15 916 1211
58 16 916 859
73 17 916 1908
77 18 916 1391
78 19 916 819
78 20 916 494
78 21 916 227
82 22 916 1388
84 23 916 991
90 24 916 1627
92 25 916 910
95 26 916 1224
100 28 916 289
100 27 916 1578
103 29 916 1340
108 30 916 1526
110 31 916 1123
115 32 916 1583
117 33 916 910
128 34 916 1870
133 36 916 490
133 35 916 1502
136 39 916 65
136 37 916 1156
136 38 916 372
145 40 916 1826
153 41 916 1755
159 42 916 1660
164 43 916 1582
165 44 916 841
165 45 916 346
168 46 916 1255
170 48 916 247
170 47 916 874
179 49 916 1826
183 50 916 1468
191 51 916 1767
197 52 916 1669
200 53 916 1344
203 54 916 1273
203 55 916 282
205 57 916 92
205 56 916 1108
216 58 916 1869
219 59 916 1237
219 60 916 376
219 61 916 347
219 62 916 31
219 63 916 439
221 64 916 1126
223 65 916 1054
229 66 916 1669
232 67 916 1152
232 68 916 34
232 69 916 389
233 70 916 720
239 71 916 1627
244 72 916 1536
247 73 916 1325
249 74 916 918
250 76 916 491
250 75 916 663
257 77 916 1730
257 78 916 150
260 79 916 1281
265 80 916 1580
265 81 916 349
268 82 916 1331
268 83 916 387
277 84 916 1797
283 85 916 1684
287 86 916 1378
287 87 916 238
292 88 916 1561
297 89 916 1588
297 90 916 394
297 91 916 398
300 92 916 1212
302 93 916 1059
308 94 916 1614
312 95 916 1479
319 96 916 1723
322 97 916 1221
322 98 916 456
329 99 916 1711
330 100 916 601
330 101 916 103
331 102 916 840
339 103 916 1782
341 104 916 1106
349 108 916 426
349 107 916 343
349 105 916 1765
349 106 916 230
350 109 916 609
357 110 916 1715
360 111 916 1302
371 112 916 1867
372 113 916 587
377 115 916 26
377 114 916 1582
379 116 916 940
384 117 916 1568
385 118 916 567
389 119 916 1366
394 120 916 1600
398 121 916 1431
403 122 916 1515
403 123 916 371
422 124 916 1920
422 125 916 322
422 126 916 415
422 127 916 476
428 128 916 1636
432 129 916 1363
433 130 916 865
436 131 916 1195
439 133 916 363
439 132 916 1273
440 134 916 680
444 135 916 1476
448 136 916 1434
452 137 916 1474
455 138 916 1206
455 139 916 32
459 140 916 1453
461 141 916 1035
468 142 916 1736
470 143 916 952
479 144 916 1797
481 145 916 1017
481 146 916 456
482 147 916 624
486 148 916 1401
491 149 916 1588
492 150 916 538
492 151 916 154
493 152 916 654
495 154 916 110
495 153 916 1014
497 155 916 1094
498 156 916 513
498 157 916 469
506 158 916 1787
507 159 916 784
511 160 916 1349
517 161 916 1679
518 162 916 632
520 163 916 987
526 164 916 1669
527 165 916 520
527 166 916 28
532 167 916 1503
542 168 916 1832
542 169 916 106
543 170 916 516
547 172 916 362
547 171 916 1391
548 173 916 535
558 174 916 1837
559 175 916 565
565 176 916 1619
566 177 916 562
566 178 916 498
568 179 916 903
576 180 916 1791
583 181 916 1716
585 182 916 999
585 183 916 47
586 184 916 825
587 185 916 710
588 186 916 540
588 187 916 258
588 188 916 252
593 189 916 1510
595 190 916 963
597 191 916 965
603 192 916 1611
603 193 916 422
604 194 916 607
611 195 916 1699
611 196 916 403
612 197 916 749
615 198 916 1208
618 199 916 1277
620 200 916 988
622 201 916 877
623 202 916 716
626 203 916 1295
628 204 916 1071
630 205 916 1072
637 206 916 1717
637 207 916 119
639 208 916 1102
643 209 916 1470
647 210 916 1399
659 211 916 1875
672 212 916 1895
674 213 916 884
676 214 916 918
681 215 916 1558
682 216 916 679
683 217 916 584
683 218 916 162
685 219 916 958
700 220 916 1904
707 221 916 1694
710 222 916 1251
710 223 916 321
712 224 916 1067
716 225 916 1476
723 226 916 1704
734 227 916 1865
744 229 916 138
744 230 916 162
744 228 916 1852
746 231 916 870
749 232 916 1279
752 233 916 1145
762 234 916 1839
764 235 916 913
766 236 916 999
772 237 916 1629
774 238 916 901
780 239 916 1677
782 240 916 918
782 241 916 421
784 242 916 1081
785 243 916 707
785 244 916 110
787 245 916 1013
789 246 916 995
790 247 916 727
794 248 916 1429
796 249 916 974
798 250 916 1019
805 251 916 1743
806 252 916 586
806 253 916 249
809 254 916 1298
812 255 916 1218
817 256 916 1550
817 257 916 394
817 258 916 228
822 259 916 1520
825 260 916 1293
833 261 916 1776
833 262 916 191
835 263 916 963
838 264 916 1307
839 265 916 529
840 266 916 595
841 267 916 749
843 269 916 4
843 268 916 969
844 270 916 558
846 271 916 974
852 272 916 1607
852 273 916 409
852 274 916 39
856 275 916 1482
857 276 916 612
858 277 916 544
858 278 916 210
858 279 916 53
858 280 916 480
860 281 916 976
860 282 916 436
862 283 916 877
864 285 916 343
864 286 916 283
864 284 916 1043
866 287 916 1029
874 288 916 1772
875 289 916 620
878 290 916 1287
879 291 916 604
883 292 916 1401
886 294 916 384
886 293 916 1305
888 295 916 1066
888 296 916 229
888 297 916 118
891 298 916 1324
896 299 916 1506
896 300 916 417
896 301 916 245
902 302 916 1683
906 304 916 416
906 305 916 45
906 303 916 1424
906 306 916 136
