1 0 1604 638
2 1 1604 771
3 2 1604 529
7 3 1604 1483
8 4 1604 620
11 5 1604 1177
11 6 1604 365
22 7 1604 1856
23 10 1604 369
23 8 1604 839
23 9 1604 213
28 11 1604 1566
40 12 1604 1883
46 13 1604 1650
48 14 1604 1128
52 15 1604 1488
55 16 1604 1234
57 17 1604 898
58 18 1604 623
59 19 1604 786
66 20 1604 1697
68 21 1604 878
69 22 1604 831
70 23 1604 642
71 24 1604 534
72 25 1604 628
73 26 1604 827
75 27 1604 1067
79 28 1604 1436
80 29 1604 837
82 30 1604 989
84 31 1604 933
85 32 1604 574
85 33 1604 130
88 34 1604 1190
89 36 1604 25
89 35 1604 616
94 37 1604 1575
97 38 1604 1235
105 39 1604 1784
112 40 1604 1715
117 41 1604 1520
117 42 1604 343
118 45 1604 350
118 44 1604 380
118 43 1604 813
120 46 1604 1082
120 47 1604 343
121 48 1604 722
124 49 1604 1276
126 50 1604 929
129 51 1604 1201
129 52 1604 148
132 54 1604 134
132 53 1604 1158
138 55 1604 1684
149 56 1604 1864
158 57 1604 1812
160 58 1604 949
177 59 1604 1916
177 60 1604 350
180 62 1604 420
180 63 1604 2
180 61 1604 1222
183 64 1604 1148
187 65 1604 1361
189 66 1604 991
197 67 1604 1753
197 68 1604 459
198 69 1604 512
202 70 1604 1463
207 71 1604 1584
212 72 1604 1587
213 73 1604 764
215 75 1604 176
215 74 1604 996
216 76 1604 535
216 77 1604 18
216 78 1604 261
216 79 1604 183
220 80 1604 1471
220 81 1604 484
220 82 1604 344
220 83 1604 159
230 84 1604 1832
237 85 1604 1713
238 86 1604 785
241 87 1604 1341
260 88 1604 1920
264 89 1604 1431
265 90 1604 676
265 91 1604 138
266 92 1604 626
269 93 1604 1244
273 95 1604 492
273 94 1604 1434
275 96 1604 1100
275 97 1604 340
280 98 1604 1590
282 99 1604 944
285 100 1604 1283
288 101 1604 1253
297 102 1604 1808
297 103 1604 210
304 104 1604 1738
307 105 1604 1270
312 106 1604 1538
315 107 1604 1308
315 108 1604 162
327 109 1604 1882
330 110 1604 1149
340 111 1604 1846
345 112 1604 1550
346 114 1604 444
346 113 1604 765
354 115 1604 1790
356 116 1604 877
356 117 1604 260
356 118 1604 95
360 119 1604 1360
361 120 1604 575
366 121 1604 1575
374 122 1604 1758
376 123 1604 953
384 124 1604 1760
387 125 1604 1324
389 126 1604 958
389 127 1604 343
392 128 1604 1254
393 129 1604 503
395 131 1604 195
395 132 1604 352
395 130 1604 1001
398 133 1604 1241
399 134 1604 825
399 135 1604 217
400 136 1604 600
400 137 1604 134
400 138 1604 346
401 140 1604 175
401 139 1604 561
405 141 1604 1401
408 142 1604 1179
408 143 1604 37
408 144 1604 281
409 145 1604 755
410 146 1604 513
418 147 1604 1785
419 148 1604 799
424 149 1604 1568
429 150 1604 1539
430 154 1604 368
430 153 1604 229
430 152 1604 245
430 151 1604 840
436 155 1604 1632
440 156 1604 1420
441 157 1604 855
441 158 1604 374
441 159 1604 414
441 160 1604 312
444 162 1604 53
444 161 1604 1194
449 163 1604 1583
451 164 1604 881
453 165 1604 954
457 166 1604 1493
457 167 1604 309
468 168 1604 1865
468 169 1604 227
471 170 1604 1189
472 171 1604 743
482 172 1604 1839
486 173 1604 1458
489 174 1604 1185
491 175 1604 1099
491 176 1604 396
498 177 1604 1721
499 178 1604 671
501 179 1604 1004
502 180 1604 811
504 181 1604 1097
508 182 1604 1468
514 183 1604 1611
516 184 1604 889
516 185 1604 160
528 186 1604 1875
528 187 1604 123
530 188 1604 872
532 189 1604 1117
533 190 1604 722
539 191 1604 1670
545 192 1604 1684
556 193 1604 1856
556 194 1604 249
558 195 1604 905
562 196 1604 1347
567 197 1604 1520
569 198 1604 1080
572 199 1604 1252
575 200 1604 1187
575 201 1604 203
585 202 1604 1845
586 203 1604 572
586 204 1604 378
587 205 1604 796
589 206 1604 926
590 207 1604 711
592 208 1604 969
595 209 1604 1194
598 210 1604 1236
604 211 1604 1623
604 212 1604 183
607 213 1604 1295
612 214 1604 1527
614 215 1604 1139
620 216 1604 1650
620 217 1604 367
621 218 1604 694
622 219 1604 720
624 220 1604 1004
628 221 1604 1370
632 222 1604 1361
633 223 1604 747
637 224 1604 1429
641 225 1604 1444
643 226 1604 983
658 227 1604 1907
661 229 1604 279
661 228 1604 1208
667 230 1604 1677
668 231 1604 800
669 232 1604 640
672 233 1604 1343
679 234 1604 1742
680 235 1604 607
683 236 1604 1177
685 237 1604 896
688 239 1604 92
688 238 1604 1232
691 240 1604 1159
694 241 1604 1163
696 242 1604 1079
701 243 1604 1603
710 244 1604 1806
712 245 1604 1023
716 248 1604 328
716 247 1604 389
716 246 1604 1486
718 249 1604 1034
721 250 1604 1179
723 251 1604 979
724 252 1604 826
724 253 1604 360
724 254 1604 248
731 255 1604 1742
732 256 1604 767
734 257 1604 1097
736 258 1604 1068
737 259 1604 858
744 260 1604 1737
746 261 1604 943
750 262 1604 1427
751 263 1604 689
755 264 1604 1441
755 265 1604 435
757 266 1604 983
758 267 1604 764
762 268 1604 1477
764 269 1604 920
777 270 1604 1887
778 271 1604 754
780 272 1604 1059
781 273 1604 601
785 274 1604 1485
793 276 1604 290
793 275 1604 1765
799 277 1604 1682
800 278 1604 866
800 279 1604 405
812 280 1604 1882
813 281 1604 593
818 282 1604 1578
818 283 1604 174
820 284 1604 1024
821 285 1604 697
835 286 1604 1899
835 287 1604 280
837 288 1604 1095
837 289 1604 0
845 290 1604 1764
845 291 1604 79
853 295 1604 215
853 294 1604 279
853 292 1604 1752
853 293 1604 373
859 296 1604 1660
859 297 1604 389
859 298 1604 161
863 299 1604 1370
863 300 1604 40
864 301 1604 721
865 302 1604 836
868 303 1604 1333
870 305 1604 425
870 304 1604 1072
880 306 1604 1844
