6 0 1159 1613
6 1 1159 226
6 2 1159 294
6 3 1159 229
9 4 1159 1199
15 5 1159 1669
25 6 1159 1831
31 7 1159 1623
37 9 1159 133
37 8 1159 1635
45 10 1159 1757
48 11 1159 1342
53 12 1159 1504
53 13 1159 480
60 14 1159 1710
61 15 1159 509
61 16 1159 108
62 17 1159 749
71 18 1159 1829
72 19 1159 589
72 20 1159 58
79 21 1159 1738
80 22 1159 515
85 23 1159 1560
85 24 1159 240
111 25 1159 1924
111 26 1159 84
118 27 1159 1730
132 28 1159 1902
136 29 1159 1459
144 30 1159 1775
145 31 1159 508
158 32 1159 1886
168 33 1159 1849
172 34 1159 1354
177 35 1159 1597
182 36 1159 1524
182 37 1159 484
183 38 1159 601
185 39 1159 1021
185 40 1159 161
185 41 1159 342
204 42 1159 1919
204 43 1159 355
204 44 1159 428
213 46 1159 381
213 47 1159 478
213 45 1159 1802
214 48 1159 685
215 49 1159 692
216 50 1159 552
221 51 1159 1498
221 52 1159 77
221 53 1159 497
222 54 1159 838
231 55 1159 1800
237 56 1159 1635
238 57 1159 658
255 58 1159 1914
258 59 1159 1199
263 60 1159 1584
263 61 1159 101
269 62 1159 1646
269 63 1159 176
269 64 1159 283
272 65 1159 1248
276 66 1159 1381
281 67 1159 1579
283 68 1159 1051
283 69 1159 112
285 70 1159 909
290 71 1159 1549
290 72 1159 147
291 73 1159 807
291 74 1159 427
297 75 1159 1640
304 77 1159 160
304 76 1159 1743
306 78 1159 1132
306 79 1159 362
311 80 1159 1543
316 81 1159 1531
318 82 1159 1044
321 83 1159 1209
323 84 1159 906
323 85 1159 276
323 86 1159 431
327 87 1159 1389
329 88 1159 1011
333 89 1159 1479
346 90 1159 1887
347 91 1159 866
347 92 1159 495
350 93 1159 1326
354 95 1159 60
354 94 1159 1361
355 96 1159 621
362 97 1159 1743
362 98 1159 72
364 99 1159 1104
364 100 1159 421
365 101 1159 726
369 102 1159 1351
370 103 1159 573
377 104 1159 1708
379 105 1159 928
383 106 1159 1350
386 107 1159 1194
386 108 1159 69
388 109 1159 1122
388 110 1159 56
392 111 1159 1475
396 112 1159 1450
401 113 1159 1551
406 115 1159 52
406 114 1159 1581
408 116 1159 981
408 117 1159 436
411 118 1159 1194
411 119 1159 7
412 120 1159 816
430 121 1159 1916
431 122 1159 568
436 125 1159 43
436 124 1159 150
436 123 1159 1497
438 126 1159 1053
439 127 1159 746
443 128 1159 1370
443 129 1159 366
445 130 1159 1018
445 131 1159 0
445 132 1159 87
445 133 1159 28
456 134 1159 1866
457 135 1159 816
457 136 1159 179
457 137 1159 471
461 138 1159 1426
475 139 1159 1903
476 140 1159 850
479 141 1159 1162
482 142 1159 1320
491 143 1159 1813
495 144 1159 1422
495 145 1159 411
498 146 1159 1340
499 147 1159 868
505 148 1159 1669
508 149 1159 1308
510 150 1159 1004
510 151 1159 185
511 156 1159 158
511 155 1159 430
511 153 1159 65
511 154 1159 287
511 152 1159 548
519 157 1159 1779
519 158 1159 422
525 159 1159 1664
534 160 1159 1799
535 161 1159 604
542 162 1159 1748
548 165 1159 56
548 163 1159 1627
548 164 1159 104
552 166 1159 1387
556 167 1159 1422
562 168 1159 1610
563 169 1159 765
572 170 1159 1798
573 171 1159 509
575 172 1159 934
578 173 1159 1216
580 174 1159 1081
585 175 1159 1579
586 176 1159 596
587 177 1159 679
587 178 1159 74
593 179 1159 1663
594 181 1159 185
594 180 1159 627
596 182 1159 1001
596 183 1159 61
599 184 1159 1287
600 185 1159 833
604 186 1159 1377
604 187 1159 22
610 188 1159 1666
614 189 1159 1436
615 191 1159 325
615 192 1159 49
615 190 1159 658
621 193 1159 1686
621 194 1159 103
621 195 1159 246
624 196 1159 1338
630 197 1159 1617
637 198 1159 1709
641 199 1159 1366
643 200 1159 949
653 201 1159 1843
656 202 1159 1182
658 203 1159 904
662 204 1159 1435
662 205 1159 495
665 206 1159 1176
668 207 1159 1256
670 208 1159 909
671 209 1159 632
679 210 1159 1758
683 211 1159 1404
690 212 1159 1704
691 213 1159 683
693 214 1159 1037
699 215 1159 1614
704 216 1159 1528
710 217 1159 1686
710 218 1159 340
713 219 1159 1195
714 220 1159 603
718 221 1159 1365
724 222 1159 1680
724 223 1159 174
724 224 1159 106
728 225 1159 1473
728 226 1159 459
731 227 1159 1172
733 228 1159 1113
734 230 1159 240
734 229 1159 835
736 231 1159 904
738 232 1159 894
739 233 1159 633
740 234 1159 714
741 235 1159 708
743 236 1159 927
743 237 1159 96
744 238 1159 551
745 239 1159 792
750 240 1159 1582
750 241 1159 121
752 242 1159 1038
754 243 1159 1033
759 244 1159 1602
762 245 1159 1178
763 246 1159 545
766 247 1159 1291
767 249 1159 413
767 248 1159 649
768 250 1159 642
773 251 1159 1577
776 252 1159 1276
777 253 1159 513
778 254 1159 762
783 255 1159 1509
783 256 1159 163
785 257 1159 1008
786 258 1159 797
799 259 1159 1887
799 260 1159 35
799 261 1159 3
799 262 1159 142
799 263 1159 73
799 264 1159 392
800 265 1159 854
801 266 1159 509
803 267 1159 1070
816 268 1159 1894
816 269 1159 329
817 270 1159 687
821 271 1159 1431
823 272 1159 1135
827 273 1159 1472
832 274 1159 1538
832 275 1159 482
832 276 1159 327
833 278 1159 497
833 277 1159 647
834 279 1159 852
836 280 1159 927
838 281 1159 1093
839 282 1159 523
840 283 1159 699
840 284 1159 192
841 285 1159 588
846 287 1159 380
846 286 1159 1552
855 288 1159 1796
857 289 1159 1130
858 290 1159 545
868 291 1159 1844
871 292 1159 1223
872 293 1159 588
873 294 1159 757
878 295 1159 1578
892 296 1159 1903
894 297 1159 964
895 298 1159 641
896 299 1159 747
897 300 1159 669
901 301 1159 1399
904 302 1159 1322
904 303 1159 319
910 304 1159 1651
912 305 1159 1136
912 306 1159 442
