5 0 1514 1543
5 1 1514 250
5 2 1514 153
8 3 1514 1261
8 4 1514 234
8 5 1514 162
11 6 1514 1313
14 7 1514 1201
15 8 1514 857
18 9 1514 1199
19 10 1514 716
19 11 1514 210
19 12 1514 218
23 13 1514 1474
23 14 1514 369
26 15 1514 1194
30 16 1514 1403
30 17 1514 436
36 20 1514 80
36 18 1514 1647
36 19 1514 372
43 21 1514 1729
44 22 1514 564
48 23 1514 1474
50 24 1514 924
51 25 1514 777
55 26 1514 1458
56 27 1514 757
66 28 1514 1831
70 29 1514 1448
79 30 1514 1809
80 31 1514 532
80 32 1514 134
80 33 1514 6
80 34 1514 162
82 35 1514 1089
85 39 1514 444
85 38 1514 94
85 37 1514 299
85 36 1514 1322
90 40 1514 1571
93 41 1514 1288
96 42 1514 1163
98 43 1514 1085
101 44 1514 1340
102 45 1514 563
108 46 1514 1612
108 47 1514 26
111 48 1514 1234
122 49 1514 1857
122 50 1514 28
124 51 1514 1121
125 52 1514 523
126 53 1514 864
129 54 1514 1200
136 55 1514 1738
142 56 1514 1611
143 58 1514 336
143 57 1514 603
147 59 1514 1382
148 60 1514 629
149 61 1514 555
152 62 1514 1295
155 63 1514 1334
158 66 1514 76
158 67 1514 212
158 64 1514 1314
158 65 1514 184
161 68 1514 1311
164 69 1514 1204
173 70 1514 1796
175 71 1514 1103
175 72 1514 342
178 73 1514 1203
179 74 1514 725
180 75 1514 717
181 76 1514 565
185 77 1514 1404
185 78 1514 134
185 79 1514 361
187 80 1514 1089
191 81 1514 1431
195 82 1514 1448
209 83 1514 1898
213 84 1514 1419
214 86 1514 9
214 85 1514 688
217 87 1514 1194
218 88 1514 730
218 89 1514 348
222 90 1514 1403
223 91 1514 718
236 92 1514 1887
237 93 1514 636
244 94 1514 1739
246 95 1514 1016
264 96 1514 1918
272 97 1514 1754
279 98 1514 1695
282 99 1514 1156
282 100 1514 486
286 101 1514 1400
287 104 1514 60
287 103 1514 29
287 102 1514 640
288 105 1514 850
289 106 1514 778
292 107 1514 1245
292 108 1514 139
292 109 1514 483
295 110 1514 1173
295 111 1514 206
295 112 1514 469
309 114 1514 292
309 113 1514 1900
311 115 1514 1123
313 116 1514 1031
316 117 1514 1322
326 118 1514 1839
327 119 1514 626
327 120 1514 175
328 121 1514 807
332 122 1514 1406
334 123 1514 962
341 124 1514 1726
343 125 1514 1078
345 126 1514 1140
351 127 1514 1630
355 128 1514 1388
361 129 1514 1634
362 130 1514 723
363 131 1514 736
369 132 1514 1633
371 133 1514 902
380 134 1514 1799
386 135 1514 1614
387 136 1514 791
391 137 1514 1419
401 138 1514 1837
402 139 1514 569
412 140 1514 1834
413 141 1514 688
415 143 1514 247
415 142 1514 1055
417 144 1514 1100
420 145 1514 1196
420 146 1514 248
436 147 1514 1912
436 148 1514 343
437 149 1514 616
453 150 1514 1909
454 151 1514 596
464 152 1514 1839
466 153 1514 1069
468 154 1514 980
473 155 1514 1604
492 156 1514 1918
497 157 1514 1602
497 158 1514 227
499 159 1514 907
505 160 1514 1634
507 161 1514 1072
515 163 1514 430
515 162 1514 1781
521 164 1514 1684
521 165 1514 437
521 166 1514 497
525 167 1514 1491
525 168 1514 100
526 169 1514 603
526 170 1514 331
531 171 1514 1537
535 172 1514 1409
538 173 1514 1270
539 174 1514 716
543 175 1514 1411
549 176 1514 1676
552 177 1514 1159
560 178 1514 1786
561 179 1514 530
562 180 1514 829
565 181 1514 1153
568 182 1514 1287
569 183 1514 771
575 184 1514 1649
575 185 1514 127
576 186 1514 821
577 187 1514 564
587 188 1514 1847
587 189 1514 195
593 190 1514 1620
595 191 1514 1113
598 192 1514 1192
600 193 1514 929
601 194 1514 860
602 195 1514 761
603 196 1514 832
604 197 1514 625
604 198 1514 487
605 199 1514 663
606 200 1514 698
607 201 1514 681
616 202 1514 1811
622 203 1514 1665
622 204 1514 284
622 205 1514 371
624 206 1514 1111
625 207 1514 569
625 208 1514 352
629 209 1514 1494
639 210 1514 1852
640 211 1514 759
647 212 1514 1740
653 213 1514 1621
653 214 1514 77
653 215 1514 481
660 216 1514 1710
662 217 1514 1009
663 218 1514 705
668 219 1514 1557
673 220 1514 1540
684 221 1514 1858
689 222 1514 1569
699 223 1514 1829
701 224 1514 907
704 225 1514 1143
704 226 1514 345
704 227 1514 479
704 228 1514 410
716 229 1514 1879
717 230 1514 579
719 231 1514 1051
720 232 1514 671
722 233 1514 1123
730 234 1514 1757
730 235 1514 147
733 236 1514 1266
738 237 1514 1546
738 238 1514 487
741 239 1514 1277
743 240 1514 940
743 241 1514 252
743 242 1514 212
743 243 1514 352
743 244 1514 268
744 245 1514 860
747 246 1514 1297
752 247 1514 1495
753 249 1514 378
753 248 1514 851
755 250 1514 976
762 251 1514 1747
772 252 1514 1845
773 253 1514 855
775 254 1514 1048
776 255 1514 765
778 256 1514 1036
793 257 1514 1906
794 258 1514 757
796 259 1514 1066
796 260 1514 26
797 261 1514 632
797 262 1514 158
797 263 1514 397
799 264 1514 915
800 266 1514 88
800 265 1514 801
801 267 1514 617
809 268 1514 1788
820 269 1514 1854
822 270 1514 1140
822 271 1514 164
823 272 1514 522
827 273 1514 1352
828 274 1514 616
831 275 1514 1287
837 276 1514 1645
840 277 1514 1217
845 279 1514 46
845 278 1514 1561
853 280 1514 1770
854 281 1514 774
859 282 1514 1552
859 283 1514 31
861 284 1514 903
862 285 1514 757
864 286 1514 1131
871 288 1514 74
871 287 1514 1741
873 289 1514 992
875 290 1514 1035
878 291 1514 1284
879 292 1514 788
883 293 1514 1345
886 294 1514 1251
886 295 1514 308
886 296 1514 93
893 297 1514 1739
897 298 1514 1362
901 299 1514 1391
902 300 1514 772
903 301 1514 679
909 302 1514 1631
911 303 1514 922
914 304 1514 1163
915 305 1514 812
918 306 1514 1224
