1 0 981 778
2 1 981 722
3 2 981 811
6 3 981 1344
7 4 981 623
7 5 981 341
11 6 981 1402
12 9 981 6
12 8 981 471
12 7 981 775
13 10 981 526
28 11 981 1905
29 12 981 605
34 13 981 1588
46 14 981 1884
46 15 981 119
47 16 981 571
52 17 981 1523
54 18 981 987
57 19 981 1221
63 20 981 1652
65 21 981 895
66 22 981 734
67 23 981 815
69 24 981 1090
71 25 981 998
71 26 981 6
73 27 981 1088
78 28 981 1579
79 29 981 859
81 30 981 920
83 31 981 886
83 32 981 230
96 33 981 1891
102 34 981 1648
108 38 981 324
108 37 981 20
108 36 981 430
108 35 981 1632
110 39 981 1013
111 40 981 820
116 41 981 1553
127 42 981 1854
130 43 981 1280
130 44 981 481
132 45 981 903
133 46 981 544
136 47 981 1246
141 48 981 1550
143 49 981 871
143 50 981 53
143 51 981 30
146 52 981 1180
146 53 981 424
149 54 981 1335
158 55 981 1807
174 56 981 1912
194 57 981 1920
194 58 981 254
199 59 981 1550
199 60 981 335
199 61 981 313
201 62 981 1121
206 63 981 1536
208 64 981 1011
213 65 981 1565
219 66 981 1675
220 67 981 638
231 68 981 1864
231 69 981 252
237 70 981 1613
238 71 981 550
241 72 981 1198
255 74 981 400
255 75 981 98
255 73 981 1898
257 76 981 966
261 77 981 1379
261 78 981 333
261 79 981 186
261 80 981 453
262 81 981 684
266 82 981 1462
267 83 981 707
268 84 981 806
270 85 981 889
276 86 981 1630
283 87 981 1731
284 88 981 556
292 89 981 1766
298 90 981 1644
298 91 981 434
305 92 981 1690
306 93 981 699
307 94 981 678
308 95 981 506
308 96 981 432
308 97 981 317
308 98 981 269
309 99 981 841
312 100 981 1153
322 101 981 1831
325 102 981 1307
328 103 981 1298
331 104 981 1182
335 105 981 1427
336 106 981 757
339 107 981 1207
339 108 981 23
342 109 981 1236
343 110 981 841
344 111 981 532
349 113 981 68
349 112 981 1587
351 114 981 1097
356 115 981 1575
357 116 981 776
357 117 981 413
358 118 981 730
358 119 981 121
369 120 981 1859
380 123 981 98
380 122 981 81
380 121 981 1868
381 124 981 532
384 125 981 1178
385 126 981 784
386 127 981 499
389 128 981 1219
398 129 981 1819
403 130 981 1591
404 131 981 648
406 132 981 1110
410 133 981 1417
412 134 981 958
413 135 981 546
416 136 981 1302
416 137 981 164
420 138 981 1449
423 141 981 423
423 140 981 131
423 139 981 1303
430 142 981 1708
433 143 981 1245
435 144 981 925
437 145 981 1111
438 146 981 772
444 147 981 1622
449 148 981 1527
451 149 981 1028
457 150 981 1654
457 151 981 18
462 153 981 147
462 152 981 1512
464 154 981 906
467 155 981 1209
474 156 981 1749
477 157 981 1208
478 158 981 765
478 159 981 4
479 161 981 258
479 160 981 642
495 162 981 1912
495 163 981 128
500 164 981 1569
500 165 981 192
504 166 981 1347
504 167 981 169
506 168 981 1035
507 169 981 550
507 170 981 272
508 171 981 611
510 172 981 888
514 173 981 1351
531 174 981 1914
535 175 981 1436
535 176 981 160
536 177 981 761
538 178 981 1097
542 179 981 1345
542 180 981 406
544 181 981 1087
546 182 981 897
546 183 981 191
546 184 981 164
551 185 981 1572
553 186 981 1061
555 187 981 963
556 188 981 511
562 189 981 1673
563 191 981 93
563 190 981 722
566 192 981 1324
570 193 981 1445
571 194 981 661
580 195 981 1798
580 196 981 436
585 197 981 1579
590 198 981 1600
591 199 981 732
598 200 981 1689
599 201 981 603
600 202 981 587
602 203 981 976
603 204 981 755
605 205 981 1042
607 206 981 1054
607 207 981 160
607 208 981 157
611 209 981 1395
613 210 981 1049
615 211 981 987
615 212 981 111
618 213 981 1344
623 214 981 1522
627 215 981 1480
630 216 981 1285
637 217 981 1721
650 218 981 1889
671 219 981 1922
673 220 981 1056
673 221 981 384
678 222 981 1583
681 223 981 1286
689 224 981 1752
689 225 981 179
692 226 981 1212
696 227 981 1368
697 229 981 116
697 228 981 690
699 230 981 999
700 231 981 506
702 232 981 1086
702 233 981 364
707 234 981 1581
714 235 981 1727
715 236 981 499
725 237 981 1845
729 238 981 1360
731 239 981 1046
732 240 981 517
734 241 981 900
735 242 981 805
737 243 981 1040
738 244 981 624
744 245 981 1660
759 246 981 1907
774 247 981 1905
784 248 981 1847
786 249 981 1105
787 250 981 513
788 251 981 640
794 252 981 1615
799 253 981 1603
804 254 981 1601
807 255 981 1305
809 256 981 944
812 257 981 1225
815 258 981 1148
816 259 981 576
824 260 981 1755
830 261 981 1611
834 262 981 1395
834 263 981 41
834 264 981 395
835 265 981 542
844 266 981 1826
850 267 981 1671
856 268 981 1687
863 269 981 1720
865 270 981 980
869 271 981 1365
869 272 981 360
870 273 981 842
874 274 981 1404
874 275 981 155
879 276 981 1503
880 277 981 542
881 278 981 662
881 279 981 92
881 280 981 196
884 281 981 1232
888 282 981 1445
893 283 981 1510
898 284 981 1527
898 285 981 359
899 286 981 816
903 287 981 1408
904 288 981 688
904 289 981 276
905 290 981 782
908 291 981 1198
909 292 981 696
910 293 981 784
913 294 981 1216
914 295 981 831
918 296 981 1430
919 297 981 764
920 298 981 644
920 299 981 81
928 300 981 1758
928 301 981 236
928 302 981 217
928 303 981 127
928 304 981 124
930 305 981 1072
930 306 981 280
