16 0 1668 1912
20 1 1668 1487
25 2 1668 1602
31 3 1668 1667
44 4 1668 1889
49 5 1668 1600
50 6 1668 703
54 7 1668 1351
61 10 1668 136
61 8 1668 1694
61 9 1668 201
68 11 1668 1722
75 12 1668 1750
75 13 1668 410
76 14 1668 543
81 15 1668 1599
89 16 1668 1755
96 19 1668 8
96 18 1668 271
96 17 1668 1706
99 20 1668 1187
99 21 1668 94
100 22 1668 504
102 23 1668 1138
102 24 1668 185
102 25 1668 29
105 26 1668 1264
113 27 1668 1769
116 28 1668 1332
131 29 1668 1906
133 30 1668 1093
136 31 1668 1203
157 32 1668 1921
160 33 1668 1159
166 34 1668 1641
167 35 1668 829
172 36 1668 1560
180 37 1668 1751
185 38 1668 1517
199 39 1668 1900
199 40 1668 262
210 41 1668 1854
216 42 1668 1638
217 43 1668 729
219 44 1668 1036
220 45 1668 677
222 46 1668 1027
223 48 1668 288
223 47 1668 745
224 49 1668 575
230 50 1668 1663
230 51 1668 332
232 52 1668 1058
233 53 1668 630
234 54 1668 582
243 55 1668 1818
245 57 1668 463
245 56 1668 983
249 58 1668 1482
260 59 1668 1859
260 60 1668 336
261 61 1668 859
261 62 1668 18
268 63 1668 1712
270 64 1668 1033
271 65 1668 858
278 66 1668 1725
279 67 1668 590
280 68 1668 694
286 69 1668 1638
286 70 1668 38
286 71 1668 4
286 72 1668 189
286 73 1668 295
292 74 1668 1671
295 76 1668 381
295 75 1668 1257
302 77 1668 1699
302 78 1668 102
306 79 1668 1432
308 80 1668 927
309 81 1668 519
313 82 1668 1480
314 84 1668 243
314 83 1668 756
315 85 1668 761
315 86 1668 145
318 87 1668 1291
319 88 1668 577
326 89 1668 1748
334 90 1668 1770
336 92 1668 269
336 91 1668 1096
341 93 1668 1582
346 94 1668 1564
349 95 1668 1327
359 96 1668 1835
369 97 1668 1850
375 98 1668 1621
375 99 1668 177
377 100 1668 877
377 101 1668 436
377 102 1668 51
378 103 1668 574
379 104 1668 536
385 105 1668 1659
385 106 1668 143
386 107 1668 762
388 108 1668 883
391 109 1668 1249
395 110 1668 1437
398 111 1668 1208
398 112 1668 361
398 113 1668 49
400 114 1668 931
407 115 1668 1742
410 116 1668 1304
413 117 1668 1186
417 118 1668 1469
417 119 1668 271
418 120 1668 712
418 121 1668 434
418 122 1668 12
420 123 1668 870
428 124 1668 1793
429 125 1668 867
435 126 1668 1659
436 127 1668 531
437 128 1668 656
437 129 1668 343
441 131 1668 455
441 132 1668 78
441 130 1668 1347
451 133 1668 1849
452 134 1668 555
452 135 1668 491
452 136 1668 467
454 137 1668 905
454 138 1668 219
455 139 1668 508
456 140 1668 617
459 142 1668 407
459 141 1668 1307
462 143 1668 1253
462 144 1668 310
463 145 1668 562
464 146 1668 735
464 147 1668 219
465 148 1668 650
472 149 1668 1747
472 150 1668 23
473 151 1668 648
473 152 1668 380
477 153 1668 1349
481 154 1668 1390
481 155 1668 442
481 156 1668 423
483 157 1668 1105
484 158 1668 706
489 159 1668 1594
516 160 1668 1924
521 162 1668 105
521 161 1668 1536
522 163 1668 539
531 164 1668 1826
533 165 1668 981
535 166 1668 1130
535 167 1668 436
539 168 1668 1419
539 169 1668 440
542 170 1668 1274
542 171 1668 398
544 172 1668 966
546 173 1668 960
551 174 1668 1579
554 175 1668 1330
554 176 1668 26
555 177 1668 684
556 178 1668 560
559 179 1668 1230
559 180 1668 131
563 181 1668 1440
572 182 1668 1805
573 183 1668 834
573 184 1668 320
574 185 1668 699
574 186 1668 75
575 187 1668 653
575 188 1668 459
575 189 1668 112
575 190 1668 67
578 192 1668 198
578 191 1668 1287
579 193 1668 550
580 194 1668 509
582 195 1668 1005
585 196 1668 1202
593 197 1668 1792
597 198 1668 1351
600 199 1668 1254
604 201 1668 299
604 200 1668 1356
605 202 1668 725
605 203 1668 210
605 204 1668 472
610 205 1668 1550
615 206 1668 1606
618 207 1668 1344
625 209 1668 60
625 208 1668 1695
625 210 1668 415
631 211 1668 1664
632 212 1668 545
636 213 1668 1401
640 214 1668 1463
640 215 1668 483
646 216 1668 1656
649 217 1668 1196
649 218 1668 219
651 219 1668 1127
653 221 1668 476
653 220 1668 906
667 222 1668 1901
670 223 1668 1306
670 224 1668 373
686 225 1668 1912
686 226 1668 199
686 227 1668 416
686 228 1668 451
687 231 1668 158
687 230 1668 128
687 229 1668 573
690 232 1668 1257
693 233 1668 1231
702 234 1668 1798
710 235 1668 1757
711 236 1668 715
716 237 1668 1595
716 238 1668 361
717 239 1668 694
719 240 1668 1017
720 241 1668 655
722 242 1668 883
722 243 1668 399
728 244 1668 1621
728 245 1668 327
729 246 1668 741
730 247 1668 722
732 249 1668 25
732 248 1668 1011
735 250 1668 1274
735 251 1668 5
740 252 1668 1573
740 253 1668 224
740 254 1668 347
742 255 1668 880
742 256 1668 322
745 257 1668 1343
753 258 1668 1761
753 259 1668 485
757 260 1668 1350
760 261 1668 1190
762 262 1668 893
764 263 1668 1121
775 265 1668 256
775 266 1668 407
775 264 1668 1857
778 267 1668 1239
783 268 1668 1527
789 269 1668 1631
796 270 1668 1693
796 271 1668 61
797 272 1668 834
801 273 1668 1449
801 274 1668 110
801 275 1668 250
806 276 1668 1517
811 277 1668 1502
817 278 1668 1609
817 279 1668 45
820 280 1668 1170
824 281 1668 1402
827 282 1668 1329
827 283 1668 426
830 284 1668 1224
830 285 1668 122
831 286 1668 510
833 287 1668 1032
835 288 1668 883
837 289 1668 918
841 290 1668 1435
844 291 1668 1296
852 292 1668 1758
861 293 1668 1801
864 294 1668 1269
872 295 1668 1752
878 296 1668 1687
884 298 1668 467
884 297 1668 1686
888 299 1668 1364
898 300 1668 1845
902 301 1668 1427
904 302 1668 1120
907 303 1668 1305
907 304 1668 256
910 305 1668 1212
912 306 1668 1096
