1 0 607 522
1 1 607 391
2 2 607 759
5 3 607 1209
6 4 607 748
8 5 607 999
9 6 607 795
9 7 607 223
13 8 607 1396
14 9 607 534
15 10 607 791
17 11 607 1008
17 12 607 196
18 13 607 674
18 14 607 386
26 15 607 1786
26 16 607 274
26 17 607 215
31 18 607 1599
36 19 607 1558
37 20 607 665
37 21 607 54
38 22 607 504
40 23 607 1007
43 24 607 1328
43 25 607 243
43 26 607 274
43 27 607 355
48 29 607 292
48 28 607 1527
49 30 607 820
49 31 607 418
56 32 607 1726
61 33 607 1595
61 34 607 161
65 35 607 1420
66 36 607 702
67 37 607 665
68 38 607 639
72 39 607 1395
79 40 607 1744
81 41 607 1058
87 42 607 1623
87 43 607 400
88 44 607 850
91 45 607 1271
92 46 607 681
95 48 607 322
95 47 607 1306
97 49 607 915
98 50 607 513
101 51 607 1310
102 52 607 713
104 53 607 1102
108 54 607 1382
108 55 607 468
117 56 607 1812
123 57 607 1677
132 58 607 1806
133 59 607 504
134 60 607 724
134 61 607 439
135 62 607 620
137 63 607 1103
143 64 607 1638
143 65 607 373
146 66 607 1207
147 67 607 525
148 68 607 512
150 69 607 891
152 70 607 1084
157 71 607 1534
162 72 607 1500
162 73 607 203
169 74 607 1739
174 79 607 56
174 78 607 156
174 75 607 1531
174 76 607 355
174 77 607 104
178 80 607 1487
180 81 607 893
180 82 607 33
181 83 607 612
188 84 607 1703
192 85 607 1434
198 86 607 1630
199 87 607 623
199 88 607 213
205 89 607 1618
210 90 607 1532
212 91 607 950
213 92 607 784
213 93 607 135
214 94 607 670
217 96 607 437
217 95 607 1305
218 97 607 519
219 98 607 686
219 99 607 477
219 100 607 64
219 101 607 155
220 102 607 794
224 103 607 1356
232 104 607 1755
234 105 607 904
241 106 607 1734
242 107 607 509
245 108 607 1288
253 109 607 1775
253 110 607 112
260 111 607 1708
265 112 607 1520
272 113 607 1749
274 114 607 942
282 115 607 1756
282 116 607 406
282 117 607 7
285 118 607 1324
285 119 607 203
286 120 607 667
287 121 607 583
287 122 607 312
288 123 607 818
291 124 607 1283
291 125 607 133
292 126 607 749
296 127 607 1365
300 128 607 1458
300 129 607 433
302 130 607 1093
310 131 607 1761
313 132 607 1342
318 133 607 1604
336 134 607 1917
339 135 607 1331
339 136 607 98
340 137 607 601
341 138 607 781
342 139 607 799
348 140 607 1624
350 141 607 1121
353 143 607 362
353 142 607 1259
358 144 607 1506
365 145 607 1749
369 146 607 1354
371 147 607 959
373 148 607 1117
374 149 607 839
376 150 607 899
376 151 607 429
378 153 607 482
378 152 607 1119
385 154 607 1734
389 155 607 1406
397 156 607 1767
411 157 607 1901
411 158 607 72
417 160 607 154
417 161 607 369
417 159 607 1621
419 162 607 976
420 163 607 855
421 164 607 681
421 165 607 275
421 166 607 365
431 167 607 1841
439 168 607 1757
444 169 607 1535
450 170 607 1658
457 171 607 1729
460 172 607 1151
461 173 607 525
462 174 607 504
466 175 607 1471
469 176 607 1248
481 177 607 1875
484 178 607 1237
488 179 607 1459
489 180 607 704
496 182 607 248
496 181 607 1715
497 183 607 618
501 184 607 1459
502 185 607 664
503 186 607 641
504 187 607 860
512 188 607 1794
513 189 607 511
517 191 607 122
517 190 607 1488
518 192 607 529
520 193 607 1084
521 194 607 645
524 195 607 1255
524 196 607 145
524 197 607 404
529 198 607 1605
532 199 607 1230
536 200 607 1384
540 201 607 1438
542 202 607 1127
547 203 607 1507
549 204 607 1105
551 205 607 1095
554 206 607 1203
555 207 607 594
569 209 607 263
569 210 607 157
569 208 607 1903
578 211 607 1817
579 212 607 663
580 213 607 538
582 214 607 917
582 215 607 364
582 216 607 121
582 217 607 357
585 219 607 17
585 218 607 1321
590 220 607 1558
594 221 607 1430
594 222 607 46
597 223 607 1245
597 224 607 46
602 225 607 1535
605 227 607 66
605 226 607 1200
614 228 607 1805
617 229 607 1173
620 230 607 1325
621 231 607 843
621 232 607 269
621 233 607 6
621 234 607 74
624 235 607 1190
625 236 607 587
626 237 607 665
630 239 607 364
630 238 607 1438
634 240 607 1385
634 241 607 47
636 242 607 882
641 243 607 1530
641 244 607 353
646 245 607 1596
650 246 607 1383
667 249 607 281
667 248 607 167
667 247 607 1915
669 250 607 1134
676 251 607 1713
678 252 607 1008
683 253 607 1587
688 254 607 1596
700 255 607 1879
704 256 607 1392
713 257 607 1806
717 258 607 1460
721 259 607 1494
730 260 607 1820
732 261 607 1137
733 262 607 714
734 263 607 729
735 264 607 862
738 265 607 1238
743 266 607 1547
744 268 607 463
744 267 607 657
750 269 607 1651
757 270 607 1701
761 271 607 1380
762 272 607 844
764 273 607 956
765 274 607 557
770 275 607 1511
771 277 607 440
771 276 607 547
773 278 607 892
773 279 607 375
773 280 607 152
776 281 607 1209
785 282 607 1824
790 284 607 39
790 283 607 1524
795 285 607 1537
803 286 607 1760
804 287 607 607
804 288 607 335
804 289 607 120
811 290 607 1723
812 291 607 706
814 292 607 1130
825 294 607 469
825 295 607 247
825 293 607 1868
828 296 607 1258
828 297 607 152
829 298 607 668
831 299 607 1039
831 300 607 48
832 301 607 726
836 303 607 440
836 302 607 1451
837 304 607 505
843 305 607 1679
845 306 607 868
