1 0 1562 745
2 1 1562 804
2 2 1562 164
4 3 1562 973
4 4 1562 212
5 5 1562 687
6 6 1562 676
7 7 1562 540
17 8 1562 1831
25 9 1562 1765
32 10 1562 1709
36 11 1562 1378
36 12 1562 89
36 13 1562 287
37 14 1562 556
41 15 1562 1348
46 16 1562 1582
53 17 1562 1707
54 19 1562 391
54 18 1562 718
55 20 1562 768
59 21 1562 1375
59 22 1562 20
59 23 1562 490
62 24 1562 1145
62 25 1562 422
66 26 1562 1377
66 27 1562 32
69 28 1562 1230
72 29 1562 1252
73 30 1562 526
77 31 1562 1488
79 32 1562 899
80 33 1562 644
82 34 1562 1074
85 35 1562 1147
89 36 1562 1392
91 37 1562 1030
103 38 1562 1877
103 39 1562 70
103 40 1562 408
105 41 1562 976
110 42 1562 1567
110 43 1562 169
114 44 1562 1403
114 45 1562 369
116 46 1562 920
118 47 1562 906
122 48 1562 1398
122 49 1562 494
127 50 1562 1577
129 51 1562 957
135 52 1562 1656
136 53 1562 761
136 54 1562 471
139 55 1562 1294
140 56 1562 784
145 57 1562 1598
153 58 1562 1753
160 59 1562 1714
163 60 1562 1234
164 61 1562 643
167 62 1562 1235
168 63 1562 578
171 65 1562 220
171 66 1562 479
171 64 1562 1238
175 67 1562 1369
177 68 1562 1138
180 69 1562 1333
192 70 1562 1881
193 71 1562 552
201 72 1562 1754
202 73 1562 648
217 74 1562 1907
224 75 1562 1716
231 76 1562 1733
239 77 1562 1776
241 78 1562 1012
242 79 1562 775
246 80 1562 1427
246 81 1562 471
247 82 1562 559
248 83 1562 735
253 84 1562 1600
257 85 1562 1493
265 86 1562 1757
265 87 1562 137
265 88 1562 172
272 89 1562 1704
272 90 1562 363
279 91 1562 1718
282 92 1562 1202
282 93 1562 163
283 94 1562 760
290 95 1562 1689
296 96 1562 1665
298 97 1562 988
299 98 1562 855
302 99 1562 1182
311 100 1562 1815
315 101 1562 1475
322 103 1562 64
322 102 1562 1692
323 104 1562 537
325 105 1562 1024
327 106 1562 1128
329 107 1562 1007
330 108 1562 778
331 109 1562 679
335 110 1562 1486
337 111 1562 933
338 112 1562 586
340 114 1562 286
340 113 1562 977
341 115 1562 763
341 116 1562 84
342 117 1562 499
344 118 1562 903
350 119 1562 1669
350 120 1562 388
350 121 1562 341
353 122 1562 1196
357 123 1562 1358
359 124 1562 970
359 125 1562 162
362 126 1562 1275
367 127 1562 1590
376 128 1562 1813
376 129 1562 217
376 130 1562 51
377 131 1562 744
379 132 1562 920
387 133 1562 1754
389 134 1562 884
401 135 1562 1876
402 136 1562 703
402 137 1562 494
402 138 1562 197
403 139 1562 575
403 140 1562 365
404 141 1562 750
407 142 1562 1283
411 143 1562 1418
411 144 1562 218
415 145 1562 1355
417 146 1562 1132
417 147 1562 224
426 148 1562 1802
447 149 1562 1922
452 150 1562 1605
455 151 1562 1166
455 152 1562 85
457 153 1562 1111
458 154 1562 794
462 155 1562 1474
462 156 1562 278
462 157 1562 334
464 158 1562 1019
464 159 1562 375
470 160 1562 1673
474 161 1562 1462
476 162 1562 1119
477 163 1562 560
478 164 1562 628
479 165 1562 741
479 166 1562 12
480 167 1562 756
480 168 1562 93
480 169 1562 334
480 170 1562 59
485 173 1562 327
485 171 1562 1514
485 172 1562 301
488 174 1562 1304
493 175 1562 1563
495 176 1562 982
502 177 1562 1703
504 178 1562 1139
509 179 1562 1539
511 180 1562 954
513 181 1562 1051
520 182 1562 1713
529 183 1562 1815
530 184 1562 537
531 185 1562 809
532 186 1562 658
539 187 1562 1733
541 188 1562 960
544 189 1562 1334
549 191 1562 369
549 190 1562 1597
553 192 1562 1399
560 193 1562 1747
561 194 1562 826
562 195 1562 828
567 196 1562 1555
568 197 1562 723
569 198 1562 789
573 199 1562 1401
576 202 1562 130
576 200 1562 1342
576 201 1562 376
580 203 1562 1467
591 204 1562 1862
591 205 1562 90
592 206 1562 864
598 207 1562 1682
605 208 1562 1732
608 210 1562 492
608 209 1562 1156
609 211 1562 500
611 212 1562 1119
615 213 1562 1404
619 214 1562 1345
620 215 1562 622
626 216 1562 1673
629 217 1562 1228
629 218 1562 23
636 219 1562 1743
636 220 1562 83
636 221 1562 203
643 222 1562 1721
644 223 1562 683
645 224 1562 661
651 226 1562 114
651 227 1562 479
651 225 1562 1615
655 231 1562 259
655 230 1562 7
655 229 1562 475
655 228 1562 1425
657 232 1562 914
663 233 1562 1663
663 234 1562 197
664 235 1562 578
666 236 1562 920
666 237 1562 246
678 239 1562 446
678 238 1562 1878
689 240 1562 1870
691 241 1562 900
691 242 1562 1
698 243 1562 1728
699 244 1562 842
701 245 1562 1097
704 246 1562 1174
724 249 1562 204
724 248 1562 401
724 247 1562 1920
726 250 1562 1079
726 251 1562 326
727 252 1562 699
729 253 1562 970
732 254 1562 1318
734 255 1562 1138
735 256 1562 579
739 257 1562 1372
740 259 1562 246
740 258 1562 805
754 260 1562 1900
754 261 1562 384
754 262 1562 257
757 263 1562 1256
760 264 1562 1148
760 265 1562 232
765 266 1562 1510
769 267 1562 1381
772 268 1562 1207
773 269 1562 767
779 270 1562 1627
783 271 1562 1427
786 272 1562 1275
791 273 1562 1502
800 274 1562 1798
802 275 1562 1107
802 276 1562 202
820 277 1562 1917
828 278 1562 1765
832 279 1562 1488
832 280 1562 440
832 281 1562 119
832 282 1562 77
835 283 1562 1221
838 284 1562 1321
843 285 1562 1606
847 286 1562 1484
858 287 1562 1869
858 288 1562 344
860 289 1562 983
886 290 1562 1924
890 291 1562 1473
894 292 1562 1366
900 293 1562 1631
900 294 1562 470
904 295 1562 1485
905 296 1562 643
906 297 1562 670
907 298 1562 580
908 299 1562 610
913 300 1562 1512
920 301 1562 1718
921 302 1562 713
926 303 1562 1559
927 304 1562 502
932 305 1562 1577
934 306 1562 976
