0 0 346 327
2 1 346 1018
4 2 346 1003
5 3 346 724
5 4 346 427
5 5 346 116
9 6 346 1363
16 7 346 1745
23 8 346 1726
25 9 346 989
26 10 346 844
37 11 346 1869
39 12 346 985
44 13 346 1553
47 14 346 1195
49 15 346 1005
50 16 346 624
60 17 346 1833
61 18 346 759
66 19 346 1533
75 20 346 1817
81 21 346 1687
89 22 346 1764
92 23 346 1334
93 24 346 619
94 25 346 618
99 26 346 1600
100 27 346 589
102 28 346 909
109 29 346 1739
110 30 346 686
110 31 346 176
110 32 346 331
115 33 346 1594
116 34 346 719
119 35 346 1195
122 37 346 56
122 36 346 1174
123 38 346 718
123 39 346 81
127 40 346 1348
127 41 346 139
127 42 346 80
137 43 346 1840
144 44 346 1706
145 46 346 144
145 45 346 694
146 47 346 829
146 48 346 45
148 49 346 1112
154 50 346 1636
154 51 346 150
156 52 346 1075
157 53 346 571
167 54 346 1835
168 55 346 565
171 56 346 1179
176 57 346 1594
176 58 346 104
183 59 346 1734
183 60 346 441
184 61 346 773
185 62 346 835
201 63 346 1911
201 64 346 303
202 65 346 668
207 66 346 1538
210 67 346 1316
211 68 346 833
241 69 346 1924
249 70 346 1755
250 71 346 568
252 72 346 1114
253 74 346 184
253 73 346 677
259 75 346 1678
264 76 346 1606
274 77 346 1848
279 78 346 1552
289 79 346 1849
289 80 346 473
290 81 346 771
291 82 346 544
298 83 346 1722
298 84 346 103
299 85 346 536
301 86 346 1025
307 87 346 1684
313 88 346 1684
313 89 346 154
313 90 346 16
318 91 346 1504
330 92 346 1877
332 93 346 909
337 94 346 1565
338 95 346 574
341 96 346 1228
341 97 346 94
346 98 346 1537
348 99 346 1037
350 100 346 1081
351 101 346 752
371 102 346 1920
371 103 346 45
374 104 346 1281
376 105 346 1067
378 106 346 960
378 107 346 397
378 108 346 387
378 109 346 156
380 110 346 883
383 111 346 1255
383 112 346 41
383 113 346 180
386 114 346 1260
391 115 346 1594
391 116 346 229
393 117 346 1037
402 118 346 1808
409 119 346 1692
414 120 346 1568
422 121 346 1778
427 122 346 1557
428 123 346 679
443 124 346 1908
443 125 346 250
444 126 346 616
444 127 346 204
446 128 346 1037
451 129 346 1534
451 130 346 450
456 131 346 1512
456 132 346 311
457 133 346 515
458 134 346 767
464 135 346 1646
465 136 346 775
466 137 346 499
466 138 346 441
468 139 346 960
473 140 346 1500
474 141 346 628
477 142 346 1297
482 143 346 1527
485 144 346 1195
486 145 346 685
490 146 346 1463
497 147 346 1696
502 148 346 1574
515 149 346 1896
515 150 346 345
515 151 346 191
515 152 346 211
523 153 346 1770
527 154 346 1394
530 155 346 1227
532 156 346 1120
535 157 346 1241
535 158 346 61
537 159 346 1031
537 160 346 451
538 161 346 755
541 162 346 1285
542 163 346 777
548 164 346 1631
551 165 346 1296
553 166 346 944
557 167 346 1451
560 168 346 1337
565 169 346 1539
566 170 346 818
572 171 346 1655
573 172 346 596
574 173 346 847
574 174 346 191
576 175 346 939
576 176 346 481
576 177 346 29
580 178 346 1408
583 179 346 1222
584 180 346 712
585 181 346 844
586 182 346 555
588 183 346 1066
591 184 346 1189
591 185 346 258
594 186 346 1301
594 187 346 466
596 188 346 1045
600 189 346 1465
601 190 346 525
605 192 346 437
605 191 346 1459
608 193 346 1335
609 194 346 509
610 195 346 744
613 196 346 1267
614 197 346 520
623 198 346 1821
632 199 346 1823
638 203 346 35
638 202 346 359
638 201 346 11
638 200 346 1666
640 204 346 1077
641 205 346 614
646 206 346 1520
649 207 346 1288
654 208 346 1578
654 209 346 454
655 210 346 746
657 211 346 1090
665 212 346 1757
666 213 346 764
666 214 346 318
671 215 346 1532
671 216 346 200
671 217 346 219
676 218 346 1512
680 219 346 1372
700 222 346 406
700 220 346 1920
700 221 346 477
709 223 346 1796
711 224 346 1013
714 225 346 1284
717 226 346 1218
720 228 346 338
720 227 346 1186
724 229 346 1371
729 230 346 1597
742 231 346 1886
742 232 346 132
747 233 346 1509
751 234 346 1481
752 235 346 701
752 236 346 484
753 237 346 519
770 238 346 1913
771 239 346 574
772 240 346 663
772 241 346 12
773 242 346 812
774 243 346 590
775 244 346 718
779 245 346 1359
785 246 346 1626
790 247 346 1597
792 248 346 1016
794 249 346 902
795 250 346 544
797 251 346 1048
799 252 346 932
799 253 346 449
808 254 346 1828
811 255 346 1188
816 256 346 1530
816 257 346 487
818 258 346 947
825 259 346 1718
828 260 346 1321
828 261 346 334
830 262 346 950
830 263 346 207
831 264 346 782
832 265 346 784
834 266 346 958
834 267 346 248
837 268 346 1208
842 269 346 1542
844 270 346 1047
849 271 346 1606
849 272 346 230
851 273 346 938
852 274 346 708
867 275 346 1908
872 276 346 1590
879 277 346 1740
881 278 346 1078
886 279 346 1578
891 280 346 1582
896 281 346 1545
896 282 346 169
900 283 346 1360
901 284 346 827
902 285 346 549
904 286 346 954
910 287 346 1608
915 288 346 1606
915 289 346 292
917 290 346 1095
938 291 346 1921
943 292 346 1497
943 293 346 195
946 294 346 1178
946 295 346 329
948 296 346 986
949 297 346 605
956 298 346 1733
967 299 346 1859
967 300 346 401
971 301 346 1378
971 302 346 389
975 303 346 1398
983 304 346 1779
984 305 346 862
985 306 346 817
