4 0 1334 1449
4 1 1334 37
4 2 1334 193
8 3 1334 1409
11 4 1334 1168
11 5 1334 52
20 6 1334 1795
20 7 1334 494
24 8 1334 1408
28 9 1334 1378
38 10 1334 1840
38 11 1334 80
38 12 1334 146
43 13 1334 1606
47 14 1334 1359
63 15 1334 1909
63 16 1334 469
71 17 1334 1785
79 18 1334 1760
84 19 1334 1506
87 20 1334 1181
89 21 1334 1058
89 22 1334 492
95 23 1334 1641
95 24 1334 14
95 25 1334 316
107 26 1334 1883
108 27 1334 568
112 28 1334 1350
128 29 1334 1909
133 30 1334 1566
136 31 1334 1197
148 32 1334 1878
148 33 1334 176
148 34 1334 495
148 35 1334 474
148 36 1334 167
148 37 1334 354
154 38 1334 1644
159 39 1334 1563
161 40 1334 872
163 41 1334 1136
172 42 1334 1827
173 43 1334 547
173 44 1334 326
177 45 1334 1468
180 46 1334 1200
189 47 1334 1820
190 48 1334 632
197 49 1334 1728
197 50 1334 350
199 51 1334 908
214 52 1334 1909
216 53 1334 1019
218 54 1334 972
218 55 1334 390
222 57 1334 477
222 56 1334 1470
226 58 1334 1395
227 59 1334 851
227 60 1334 93
230 61 1334 1227
232 62 1334 1068
236 63 1334 1423
243 64 1334 1737
244 66 1334 126
244 65 1334 642
257 67 1334 1894
259 68 1334 1110
261 69 1334 884
268 70 1334 1742
268 71 1334 115
268 72 1334 140
268 73 1334 196
269 75 1334 45
269 74 1334 634
272 76 1334 1156
283 77 1334 1869
286 78 1334 1314
286 79 1334 470
288 80 1334 1041
288 81 1334 62
299 82 1334 1860
304 83 1334 1547
309 84 1334 1558
310 85 1334 658
313 86 1334 1213
314 87 1334 858
316 88 1334 1129
316 89 1334 105
318 90 1334 929
324 91 1334 1615
326 92 1334 883
327 93 1334 792
331 94 1334 1469
336 97 1334 403
336 96 1334 67
336 95 1334 1570
337 98 1334 734
343 99 1334 1608
346 100 1334 1342
349 101 1334 1230
350 102 1334 710
356 103 1334 1673
372 104 1334 1911
372 105 1334 235
373 106 1334 767
380 107 1334 1712
380 108 1334 385
382 109 1334 927
385 110 1334 1158
390 111 1334 1525
392 112 1334 1087
394 113 1334 925
401 114 1334 1735
401 115 1334 30
404 116 1334 1291
408 117 1334 1446
416 118 1334 1789
418 119 1334 1079
422 120 1334 1354
425 121 1334 1192
426 122 1334 765
428 123 1334 1004
440 125 1334 127
440 124 1334 1880
443 126 1334 1157
446 127 1334 1272
447 128 1334 652
449 129 1334 989
463 130 1334 1902
464 131 1334 753
466 132 1334 1135
472 133 1334 1631
474 134 1334 1053
481 135 1334 1735
484 136 1334 1277
484 137 1334 187
489 138 1334 1561
492 139 1334 1323
501 140 1334 1815
505 141 1334 1426
505 142 1334 473
505 143 1334 201
507 144 1334 872
510 145 1334 1328
511 146 1334 527
523 147 1334 1883
525 148 1334 982
529 149 1334 1438
529 150 1334 278
530 151 1334 545
531 152 1334 538
536 156 1334 465
536 155 1334 149
536 153 1334 1579
536 154 1334 254
542 157 1334 1630
549 158 1334 1718
557 159 1334 1784
559 160 1334 1003
563 161 1334 1419
565 162 1334 1059
568 163 1334 1320
570 166 1334 390
570 165 1334 405
570 164 1334 950
574 167 1334 1381
583 168 1334 1796
620 169 1334 1924
621 170 1334 678
623 171 1334 1103
632 172 1334 1810
632 173 1334 466
635 174 1334 1189
645 175 1334 1853
646 176 1334 719
647 177 1334 564
647 178 1334 132
648 179 1334 551
653 180 1334 1524
656 181 1334 1198
656 182 1334 290
658 183 1334 1138
659 184 1334 710
663 186 1334 214
663 185 1334 1356
667 187 1334 1480
671 188 1334 1376
673 189 1334 904
676 190 1334 1270
681 191 1334 1571
681 192 1334 394
688 196 1334 366
688 195 1334 395
688 193 1334 1701
688 194 1334 320
690 197 1334 1078
693 198 1334 1176
693 199 1334 467
695 200 1334 938
697 201 1334 1070
697 202 1334 86
699 203 1334 982
700 204 1334 760
702 205 1334 1099
703 206 1334 660
703 207 1334 72
703 208 1334 390
703 209 1334 325
707 210 1334 1354
716 211 1334 1825
721 212 1334 1498
724 214 1334 259
724 213 1334 1166
731 215 1334 1729
733 216 1334 1129
743 217 1334 1846
744 218 1334 609
749 219 1334 1518
749 220 1334 190
750 221 1334 834
750 222 1334 4
752 223 1334 892
753 224 1334 654
755 225 1334 1032
756 226 1334 709
756 227 1334 108
756 228 1334 146
757 229 1334 793
761 230 1334 1487
766 231 1334 1565
769 232 1334 1312
774 233 1334 1589
779 234 1334 1538
779 235 1334 453
781 236 1334 1111
784 237 1334 1232
784 238 1334 377
789 239 1334 1536
790 241 1334 141
790 240 1334 696
792 242 1334 1090
794 243 1334 1050
798 244 1334 1474
802 245 1334 1369
802 246 1334 72
805 247 1334 1152
809 248 1334 1442
810 249 1334 515
813 250 1334 1190
813 251 1334 444
813 252 1334 468
818 253 1334 1582
818 254 1334 276
818 255 1334 103
820 256 1334 1066
822 258 1334 327
822 257 1334 1118
828 259 1334 1653
828 260 1334 390
829 261 1334 551
839 262 1334 1851
844 263 1334 1522
845 264 1334 763
852 265 1334 1714
853 266 1334 512
863 267 1334 1833
868 268 1334 1553
875 269 1334 1730
876 270 1334 617
885 271 1334 1822
889 272 1334 1468
891 273 1334 998
892 274 1334 821
892 275 1334 49
898 276 1334 1669
900 277 1334 878
903 278 1334 1343
906 279 1334 1209
908 280 1334 959
912 281 1334 1481
913 282 1334 591
918 283 1334 1555
923 284 1334 1527
925 285 1334 1042
927 286 1334 1097
933 287 1334 1654
936 288 1334 1313
940 289 1334 1434
943 290 1334 1312
961 291 1334 1917
963 292 1334 904
964 293 1334 649
967 296 1334 215
967 295 1334 144
967 294 1334 1145
971 297 1334 1492
971 298 1334 287
977 299 1334 1685
978 300 1334 856
978 301 1334 163
983 302 1334 1524
989 303 1334 1636
998 304 1334 1822
1001 305 1334 1293
1003 306 1334 900
