0 0 65 352
1 1 65 659
1 2 65 354
25 3 65 1923
29 4 65 1478
30 5 65 839
32 6 65 1027
37 7 65 1548
39 8 65 959
40 9 65 602
63 10 65 1923
66 11 65 1231
68 12 65 1103
70 13 65 1017
70 14 65 107
70 15 65 231
74 16 65 1379
74 17 65 372
77 18 65 1175
79 19 65 1087
79 20 65 234
82 21 65 1340
102 22 65 1921
106 23 65 1365
106 24 65 20
109 25 65 1210
115 27 65 68
115 26 65 1626
119 28 65 1460
124 29 65 1568
127 30 65 1198
128 31 65 692
129 32 65 618
131 33 65 1039
134 34 65 1153
136 35 65 1030
141 36 65 1598
143 37 65 998
146 38 65 1253
147 39 65 816
150 40 65 1186
151 41 65 670
151 42 65 5
155 43 65 1400
162 44 65 1724
163 45 65 620
165 46 65 921
172 47 65 1693
172 48 65 195
175 49 65 1213
181 50 65 1651
184 51 65 1162
186 52 65 1087
186 53 65 88
186 54 65 128
188 55 65 937
189 56 65 662
191 57 65 914
205 58 65 1903
205 59 65 267
207 60 65 1138
209 61 65 958
209 62 65 87
212 63 65 1315
215 64 65 1328
218 65 65 1230
219 67 65 63
219 66 65 612
227 68 65 1789
229 69 65 1002
230 70 65 557
230 71 65 380
232 72 65 1043
232 73 65 358
241 74 65 1826
245 75 65 1489
248 76 65 1334
249 77 65 521
254 78 65 1565
257 79 65 1325
257 80 65 288
268 81 65 1857
277 82 65 1797
277 83 65 247
287 85 65 36
287 84 65 1841
292 86 65 1529
293 87 65 530
295 88 65 911
295 89 65 215
295 90 65 367
296 91 65 683
298 92 65 1020
300 93 65 985
305 95 65 227
305 94 65 1603
306 96 65 582
307 97 65 615
307 98 65 71
307 99 65 493
307 100 65 8
308 101 65 857
318 102 65 1829
320 103 65 1118
321 104 65 655
324 105 65 1271
324 106 65 118
325 107 65 729
325 108 65 186
326 109 65 563
331 110 65 1527
331 111 65 141
334 112 65 1273
335 113 65 578
350 114 65 1903
353 115 65 1205
355 116 65 1086
363 117 65 1765
367 118 65 1398
370 119 65 1291
376 120 65 1626
376 121 65 82
378 122 65 1077
383 123 65 1573
384 124 65 635
393 125 65 1799
396 126 65 1284
396 127 65 58
397 128 65 680
402 129 65 1599
404 130 65 907
405 131 65 719
405 132 65 449
407 133 65 1072
410 134 65 1316
414 135 65 1355
414 136 65 28
415 137 65 679
420 138 65 1516
421 139 65 570
431 140 65 1842
432 142 65 343
432 143 65 347
432 141 65 800
433 144 65 612
433 145 65 225
436 146 65 1335
436 147 65 442
438 148 65 1006
438 149 65 397
440 150 65 1066
441 151 65 742
443 152 65 1141
444 153 65 705
445 154 65 792
455 155 65 1850
462 156 65 1705
462 157 65 255
462 158 65 482
463 159 65 781
479 161 65 60
479 162 65 48
479 160 65 1911
480 163 65 512
485 164 65 1581
486 165 65 808
492 166 65 1617
492 167 65 201
495 168 65 1186
496 169 65 547
499 171 65 406
499 172 65 248
499 170 65 1176
500 173 65 827
504 174 65 1373
505 175 65 826
511 176 65 1663
512 177 65 730
514 180 65 463
514 178 65 961
514 179 65 409
515 181 65 842
517 182 65 976
517 183 65 282
518 184 65 532
518 185 65 165
523 186 65 1503
529 187 65 1669
529 188 65 279
533 189 65 1391
538 190 65 1575
545 192 65 196
545 191 65 1697
546 193 65 735
547 194 65 584
555 195 65 1782
556 196 65 752
564 197 65 1755
565 198 65 691
572 199 65 1729
573 200 65 533
575 201 65 1133
578 202 65 1181
578 203 65 459
581 204 65 1145
582 205 65 659
582 206 65 493
582 207 65 313
585 208 65 1256
598 210 65 187
598 209 65 1891
600 211 65 975
603 212 65 1219
603 213 65 73
603 214 65 317
605 215 65 1069
607 216 65 1009
614 217 65 1690
629 218 65 1905
633 219 65 1415
636 220 65 1230
648 221 65 1873
658 222 65 1846
665 223 65 1720
667 224 65 897
671 225 65 1404
671 226 65 210
675 227 65 1438
675 228 65 243
680 230 65 74
680 229 65 1516
690 231 65 1833
690 232 65 38
693 233 65 1156
702 234 65 1801
705 235 65 1254
710 236 65 1586
711 237 65 517
713 238 65 1061
722 239 65 1797
727 240 65 1596
730 241 65 1189
730 242 65 412
730 243 65 313
733 244 65 1204
734 247 65 123
734 248 65 417
734 245 65 600
734 246 65 478
738 249 65 1440
739 250 65 772
741 251 65 986
749 252 65 1775
752 253 65 1200
753 254 65 499
754 255 65 584
757 256 65 1212
761 257 65 1386
765 258 65 1486
771 259 65 1666
771 260 65 449
773 261 65 980
773 262 65 69
779 263 65 1664
788 264 65 1817
788 265 65 279
790 268 65 196
790 266 65 936
790 267 65 63
792 269 65 987
796 270 65 1407
796 271 65 492
797 272 65 628
797 273 65 107
804 274 65 1744
804 275 65 40
808 276 65 1460
813 277 65 1533
814 278 65 516
814 279 65 296
816 280 65 926
816 281 65 86
818 282 65 1020
819 283 65 728
820 284 65 743
822 286 65 57
822 285 65 1012
823 287 65 763
824 288 65 657
827 289 65 1217
827 290 65 42
827 291 65 200
829 292 65 955
832 293 65 1320
836 294 65 1348
837 295 65 616
839 296 65 1119
840 297 65 673
840 298 65 421
842 299 65 924
847 300 65 1589
847 301 65 414
857 302 65 1851
861 304 65 32
861 305 65 280
861 303 65 1354
861 306 65 357
