11 0 546 1863
13 1 546 1012
13 2 546 40
22 3 546 1824
32 4 546 1834
33 5 546 543
34 6 546 781
35 7 546 780
36 9 546 353
36 8 546 501
37 10 546 616
46 11 546 1799
46 12 546 328
47 13 546 612
51 14 546 1355
57 15 546 1661
60 16 546 1150
63 17 546 1178
64 18 546 860
65 19 546 787
69 20 546 1418
70 21 546 695
70 22 546 262
76 23 546 1646
77 24 546 845
81 25 546 1402
84 26 546 1294
88 27 546 1412
89 28 546 513
91 29 546 927
92 30 546 537
93 31 546 561
96 32 546 1215
99 33 546 1337
100 34 546 840
101 35 546 616
106 37 546 304
106 36 546 1580
114 38 546 1782
118 39 546 1443
127 40 546 1818
132 41 546 1581
133 42 546 625
133 43 546 119
135 44 546 1034
137 45 546 1117
142 46 546 1590
146 47 546 1387
156 48 546 1840
166 49 546 1836
170 50 546 1432
171 51 546 660
173 52 546 1012
173 53 546 206
176 54 546 1327
179 55 546 1168
180 57 546 319
180 56 546 750
182 58 546 979
182 59 546 431
185 60 546 1174
188 61 546 1293
188 62 546 266
193 63 546 1499
200 64 546 1741
200 65 546 54
201 66 546 583
203 67 546 915
210 68 546 1696
211 69 546 738
211 70 546 80
212 71 546 845
215 72 546 1320
218 73 546 1342
220 74 546 894
228 77 546 142
228 76 546 69
228 75 546 1761
229 78 546 611
235 79 546 1653
242 80 546 1737
252 81 546 1831
257 82 546 1497
258 83 546 602
262 84 546 1419
271 85 546 1801
275 86 546 1474
277 87 546 1009
277 88 546 10
282 89 546 1597
290 90 546 1791
293 91 546 1261
296 92 546 1250
300 93 546 1350
300 94 546 269
301 95 546 524
304 96 546 1315
306 97 546 1051
306 98 546 303
308 99 546 979
309 100 546 533
310 101 546 675
316 102 546 1615
318 103 546 1101
326 104 546 1756
327 105 546 586
330 106 546 1265
335 107 546 1594
338 108 546 1236
342 109 546 1491
344 110 546 1099
345 111 546 607
351 112 546 1633
354 113 546 1251
355 114 546 619
358 115 546 1267
365 116 546 1721
370 117 546 1589
370 118 546 79
381 119 546 1865
382 120 546 505
387 121 546 1499
389 123 546 99
389 122 546 904
391 124 546 872
392 125 546 744
397 126 546 1520
410 127 546 1895
412 128 546 1073
412 129 546 370
412 130 546 445
414 131 546 943
422 132 546 1763
427 133 546 1556
429 134 546 1119
431 135 546 1062
431 136 546 216
431 137 546 396
432 138 546 770
433 139 546 832
434 140 546 536
443 141 546 1804
450 144 546 497
450 143 546 444
450 142 546 1698
453 145 546 1183
458 146 546 1553
485 147 546 1924
486 148 546 730
488 149 546 926
489 150 546 727
495 151 546 1651
497 154 546 474
497 153 546 363
497 152 546 972
499 155 546 959
506 156 546 1695
511 157 546 1515
511 158 546 229
513 159 546 1012
515 160 546 991
518 161 546 1294
519 162 546 520
520 163 546 865
522 164 546 1045
522 165 546 156
523 166 546 769
523 167 546 76
523 168 546 131
527 169 546 1482
529 170 546 1050
532 171 546 1324
533 172 546 818
536 173 546 1171
539 174 546 1329
540 175 546 625
547 176 546 1726
547 177 546 460
552 178 546 1527
558 179 546 1613
560 180 546 1115
565 181 546 1520
568 183 546 147
568 182 546 1164
573 184 546 1567
574 185 546 719
588 186 546 1896
592 187 546 1400
594 188 546 1082
594 189 546 159
597 190 546 1291
598 192 546 167
598 191 546 625
604 193 546 1683
612 194 546 1766
615 195 546 1166
618 196 546 1284
619 197 546 832
622 198 546 1324
622 199 546 341
622 200 546 414
626 201 546 1476
634 202 546 1792
637 203 546 1173
646 204 546 1800
649 205 546 1327
650 206 546 832
657 207 546 1725
659 208 546 959
667 209 546 1774
670 210 546 1158
673 211 546 1235
690 212 546 1913
691 213 546 540
700 214 546 1821
704 215 546 1395
704 216 546 129
704 217 546 373
707 219 546 325
707 220 546 184
707 218 546 1223
710 221 546 1293
712 222 546 918
726 223 546 1896
726 224 546 190
726 225 546 425
729 226 546 1157
731 227 546 1060
734 228 546 1329
734 229 546 162
737 230 546 1265
739 231 546 893
741 232 546 1061
744 233 546 1185
747 234 546 1199
752 235 546 1563
758 236 546 1653
776 238 546 271
776 239 546 239
776 237 546 1916
785 240 546 1811
785 241 546 170
785 242 546 440
788 243 546 1233
790 244 546 926
790 245 546 56
791 246 546 637
796 247 546 1551
804 249 546 370
804 248 546 1786
806 250 546 1036
808 251 546 910
813 252 546 1534
815 253 546 998
815 254 546 156
817 255 546 1045
818 256 546 558
827 257 546 1820
829 258 546 982
833 259 546 1375
833 260 546 170
840 261 546 1697
840 262 546 395
841 263 546 796
842 264 546 508
842 265 546 264
842 266 546 174
843 267 546 728
846 269 546 257
846 268 546 1266
852 270 546 1667
852 271 546 138
852 272 546 101
854 273 546 983
854 274 546 439
854 275 546 14
855 276 546 852
861 277 546 1610
863 279 546 134
863 278 546 970
870 280 546 1712
875 281 546 1530
878 282 546 1198
880 283 546 959
882 284 546 1050
882 285 546 354
885 287 546 63
885 286 546 1284
887 289 546 153
887 288 546 1028
889 290 546 1005
897 291 546 1757
899 292 546 934
900 293 546 820
900 294 546 69
900 295 546 114
907 296 546 1699
912 297 546 1569
913 298 546 724
914 299 546 662
923 300 546 1807
933 301 546 1834
933 302 546 285
938 303 546 1529
939 304 546 627
941 305 546 898
942 306 546 808
