0 0 1830 79
6 1 1830 1629
11 2 1830 1553
13 3 1830 1058
20 4 1830 1733
23 5 1830 1249
26 6 1830 1274
27 7 1830 774
28 8 1830 541
30 9 1830 919
42 10 1830 1878
46 11 1830 1356
47 12 1830 801
48 13 1830 525
55 14 1830 1691
58 15 1830 1332
58 16 1830 488
58 17 1830 200
63 18 1830 1514
64 19 1830 588
68 20 1830 1372
68 21 1830 256
69 22 1830 710
71 23 1830 1027
77 24 1830 1646
79 25 1830 1101
81 26 1830 869
84 27 1830 1339
85 28 1830 832
87 29 1830 999
89 30 1830 984
89 31 1830 434
89 32 1830 416
96 33 1830 1708
96 34 1830 345
106 35 1830 1844
117 36 1830 1856
119 40 1830 48
119 39 1830 135
119 37 1830 976
119 38 1830 320
122 41 1830 1217
130 42 1830 1776
139 43 1830 1801
140 44 1830 565
154 45 1830 1901
161 46 1830 1709
161 47 1830 102
165 48 1830 1464
170 49 1830 1568
172 50 1830 1001
172 51 1830 387
176 52 1830 1432
176 53 1830 473
177 54 1830 669
184 55 1830 1747
186 56 1830 918
187 57 1830 526
190 58 1830 1336
191 59 1830 632
191 60 1830 380
202 61 1830 1860
213 62 1830 1867
217 63 1830 1467
228 64 1830 1859
232 65 1830 1444
234 66 1830 939
236 67 1830 1018
236 68 1830 180
244 69 1830 1772
248 70 1830 1401
252 71 1830 1437
261 72 1830 1804
265 73 1830 1379
266 75 1830 154
266 76 1830 404
266 74 1830 540
267 77 1830 834
267 78 1830 461
273 79 1830 1670
276 80 1830 1316
277 81 1830 766
286 82 1830 1800
289 83 1830 1189
311 84 1830 1922
312 85 1830 597
314 86 1830 926
325 87 1830 1867
327 88 1830 1038
328 89 1830 522
330 90 1830 925
333 91 1830 1330
338 92 1830 1564
344 93 1830 1613
350 95 1830 112
350 94 1830 1679
353 96 1830 1275
353 97 1830 309
364 98 1830 1866
366 99 1830 1046
368 100 1830 961
369 101 1830 691
379 102 1830 1847
385 104 1830 166
385 103 1830 1616
389 105 1830 1489
390 106 1830 507
390 107 1830 53
401 108 1830 1858
402 109 1830 514
405 112 1830 64
405 110 1830 1342
405 111 1830 83
410 113 1830 1591
413 114 1830 1240
418 115 1830 1538
418 116 1830 59
419 117 1830 677
423 118 1830 1469
426 119 1830 1262
427 120 1830 517
429 121 1830 996
444 122 1830 1904
449 123 1830 1582
450 124 1830 846
450 125 1830 71
459 126 1830 1798
459 127 1830 191
465 128 1830 1624
465 129 1830 427
466 130 1830 804
466 131 1830 95
468 132 1830 893
471 133 1830 1340
472 134 1830 708
473 135 1830 625
474 136 1830 844
474 137 1830 183
476 138 1830 1022
476 139 1830 433
476 140 1830 89
478 142 1830 9
478 141 1830 873
479 143 1830 524
481 144 1830 1104
482 145 1830 841
485 146 1830 1265
499 147 1830 1897
499 148 1830 372
499 149 1830 141
499 150 1830 53
500 151 1830 597
501 152 1830 764
502 153 1830 603
503 154 1830 528
516 155 1830 1890
517 156 1830 711
517 157 1830 264
518 158 1830 770
518 159 1830 95
524 161 1830 316
524 162 1830 353
524 160 1830 1616
528 163 1830 1430
534 164 1830 1635
537 165 1830 1247
539 166 1830 1115
540 167 1830 649
542 168 1830 883
543 169 1830 615
544 170 1830 694
553 171 1830 1800
558 172 1830 1580
560 173 1830 1036
563 174 1830 1172
568 175 1830 1568
570 176 1830 986
574 177 1830 1380
574 178 1830 477
574 179 1830 5
575 180 1830 730
584 181 1830 1825
591 182 1830 1743
595 183 1830 1483
595 184 1830 373
595 185 1830 206
598 186 1830 1256
598 187 1830 290
599 188 1830 811
600 189 1830 742
610 190 1830 1838
611 191 1830 579
614 192 1830 1338
616 193 1830 926
617 194 1830 742
624 195 1830 1698
625 196 1830 520
626 197 1830 503
627 198 1830 813
635 199 1830 1782
641 200 1830 1651
642 201 1830 615
644 202 1830 1014
650 203 1830 1682
654 204 1830 1371
654 205 1830 177
656 206 1830 942
662 207 1830 1652
666 208 1830 1355
668 209 1830 885
670 210 1830 903
673 211 1830 1256
680 212 1830 1711
681 213 1830 764
684 214 1830 1290
691 215 1830 1715
691 216 1830 497
692 217 1830 795
694 218 1830 1057
698 219 1830 1429
715 220 1830 1915
716 221 1830 825
724 222 1830 1762
724 223 1830 140
725 224 1830 702
725 225 1830 114
725 226 1830 462
726 227 1830 654
726 228 1830 294
730 229 1830 1398
732 231 1830 483
732 230 1830 1048
733 232 1830 567
734 233 1830 620
734 234 1830 279
734 235 1830 114
735 236 1830 811
735 237 1830 61
735 238 1830 111
735 239 1830 196
738 240 1830 1189
743 241 1830 1528
744 242 1830 859
754 243 1830 1851
762 244 1830 1764
763 245 1830 582
764 246 1830 792
765 247 1830 573
770 248 1830 1561
772 249 1830 951
775 250 1830 1200
781 251 1830 1650
785 252 1830 1371
788 253 1830 1308
796 254 1830 1792
797 255 1830 825
798 256 1830 778
800 257 1830 873
802 258 1830 979
805 259 1830 1257
811 260 1830 1640
811 261 1830 287
815 262 1830 1358
827 263 1830 1881
835 264 1830 1761
835 265 1830 419
836 266 1830 689
838 267 1830 1091
838 268 1830 485
841 269 1830 1175
843 270 1830 904
843 271 1830 436
844 272 1830 683
845 273 1830 861
845 274 1830 240
845 275 1830 386
858 276 1830 1890
868 279 1830 120
868 278 1830 301
868 277 1830 1836
871 280 1830 1246
880 281 1830 1813
882 282 1830 1018
885 283 1830 1267
885 284 1830 198
888 285 1830 1323
890 286 1830 1036
893 287 1830 1183
894 288 1830 753
898 289 1830 1378
901 290 1830 1261
912 291 1830 1862
914 292 1830 1006
915 293 1830 779
915 294 1830 480
917 295 1830 901
917 296 1830 170
919 298 1830 89
919 297 1830 902
922 299 1830 1344
931 300 1830 1818
937 301 1830 1626
937 302 1830 88
937 303 1830 385
937 304 1830 47
938 305 1830 764
940 306 1830 966
