7 0 1625 1705
7 1 1625 368
7 2 1625 245
12 3 1625 1545
14 4 1625 1043
17 5 1625 1318
17 6 1625 477
19 8 1625 483
19 7 1625 1046
20 9 1625 851
25 10 1625 1575
27 11 1625 976
28 12 1625 555
29 13 1625 595
31 14 1625 933
31 15 1625 242
32 16 1625 766
35 17 1625 1168
38 18 1625 1147
41 19 1625 1169
41 20 1625 244
55 21 1625 1900
56 22 1625 722
60 23 1625 1449
67 24 1625 1701
69 25 1625 1070
75 26 1625 1614
78 27 1625 1301
82 28 1625 1402
83 29 1625 552
89 30 1625 1665
95 31 1625 1664
95 32 1625 382
95 33 1625 473
95 34 1625 57
96 35 1625 687
105 36 1625 1820
111 37 1625 1634
114 38 1625 1329
117 39 1625 1181
129 40 1625 1872
135 41 1625 1631
135 42 1625 133
139 43 1625 1427
151 44 1625 1882
153 45 1625 1101
155 46 1625 1063
163 47 1625 1760
174 48 1625 1861
180 49 1625 1684
189 50 1625 1815
194 51 1625 1553
194 52 1625 451
194 53 1625 340
196 54 1625 925
203 55 1625 1729
208 56 1625 1570
209 57 1625 721
217 58 1625 1768
231 59 1625 1897
237 60 1625 1628
239 61 1625 1101
244 62 1625 1569
255 63 1625 1856
257 64 1625 1110
267 65 1625 1835
268 67 1625 82
268 66 1625 594
269 68 1625 537
269 69 1625 246
269 70 1625 346
271 71 1625 1057
279 72 1625 1763
292 73 1625 1891
295 74 1625 1221
296 75 1625 537
304 76 1625 1767
307 77 1625 1220
311 78 1625 1491
312 79 1625 600
312 80 1625 6
320 81 1625 1779
324 82 1625 1365
330 83 1625 1642
331 84 1625 661
331 85 1625 112
334 87 1625 41
334 86 1625 1213
338 88 1625 1472
338 89 1625 253
340 90 1625 1041
342 91 1625 1099
350 92 1625 1790
354 93 1625 1357
358 94 1625 1477
359 99 1625 47
359 98 1625 317
359 95 1625 770
359 96 1625 62
359 97 1625 201
360 100 1625 506
362 101 1625 981
365 102 1625 1222
371 103 1625 1615
374 104 1625 1338
375 105 1625 758
382 106 1625 1714
382 107 1625 485
384 108 1625 1044
384 109 1625 388
397 110 1625 1887
397 111 1625 350
400 112 1625 1154
403 113 1625 1168
416 114 1625 1890
424 115 1625 1774
430 116 1625 1661
440 117 1625 1852
443 118 1625 1195
445 119 1625 997
446 120 1625 621
447 121 1625 553
448 122 1625 534
448 123 1625 284
450 124 1625 1129
453 125 1625 1171
456 126 1625 1192
456 127 1625 406
456 128 1625 413
456 129 1625 450
456 130 1625 475
461 131 1625 1565
463 132 1625 903
467 134 1625 93
467 133 1625 1444
469 135 1625 950
470 136 1625 556
476 137 1625 1675
476 138 1625 304
485 139 1625 1827
485 140 1625 322
486 141 1625 728
488 142 1625 921
490 144 1625 291
490 143 1625 1084
491 145 1625 691
502 146 1625 1870
503 147 1625 621
507 148 1625 1391
513 149 1625 1628
515 150 1625 1034
515 151 1625 134
517 152 1625 931
520 153 1625 1244
524 154 1625 1350
536 155 1625 1877
536 156 1625 446
538 157 1625 938
538 158 1625 485
538 159 1625 166
542 160 1625 1491
545 162 1625 71
545 161 1625 1308
546 163 1625 593
556 164 1625 1838
556 165 1625 321
560 166 1625 1372
566 167 1625 1634
568 168 1625 1074
570 169 1625 939
573 170 1625 1218
589 171 1625 1911
594 172 1625 1548
597 173 1625 1292
598 174 1625 674
607 175 1625 1818
612 176 1625 1556
616 177 1625 1375
634 178 1625 1917
634 179 1625 438
637 180 1625 1226
638 181 1625 570
640 182 1625 939
641 183 1625 710
644 184 1625 1341
644 185 1625 340
645 186 1625 633
650 187 1625 1583
650 188 1625 93
650 189 1625 141
651 190 1625 504
656 191 1625 1542
659 192 1625 1189
659 193 1625 137
659 194 1625 336
661 195 1625 938
662 196 1625 657
662 197 1625 328
665 198 1625 1171
678 199 1625 1894
681 201 1625 235
681 200 1625 1243
685 202 1625 1471
685 203 1625 451
685 204 1625 409
687 205 1625 1047
688 206 1625 511
693 207 1625 1564
694 208 1625 569
698 210 1625 321
698 209 1625 1457
700 211 1625 995
702 212 1625 945
702 213 1625 47
703 214 1625 864
705 215 1625 921
705 216 1625 369
708 217 1625 1285
711 218 1625 1177
716 219 1625 1497
722 220 1625 1613
729 221 1625 1713
734 222 1625 1541
736 223 1625 933
736 224 1625 435
741 225 1625 1600
742 226 1625 722
746 227 1625 1410
748 228 1625 956
754 229 1625 1660
757 230 1625 1160
760 231 1625 1228
760 232 1625 204
760 233 1625 22
762 234 1625 1119
764 235 1625 990
766 238 1625 300
766 239 1625 293
766 236 1625 1023
766 237 1625 487
774 240 1625 1753
776 241 1625 994
778 242 1625 1013
779 243 1625 560
786 244 1625 1744
790 245 1625 1433
791 246 1625 596
793 247 1625 1142
796 248 1625 1198
799 249 1625 1339
800 250 1625 569
803 251 1625 1296
805 252 1625 1075
810 253 1625 1598
810 254 1625 281
814 255 1625 1454
815 256 1625 619
816 258 1625 16
816 257 1625 538
817 259 1625 734
817 260 1625 325
819 261 1625 1025
820 262 1625 607
821 263 1625 833
821 264 1625 296
823 265 1625 1017
824 266 1625 791
826 267 1625 923
827 268 1625 852
836 269 1625 1799
845 270 1625 1822
854 271 1625 1806
856 272 1625 984
858 273 1625 884
864 274 1625 1668
865 275 1625 618
866 276 1625 699
868 277 1625 981
870 278 1625 1113
872 279 1625 927
874 280 1625 1003
879 281 1625 1505
879 282 1625 212
884 283 1625 1541
886 284 1625 1091
894 285 1625 1789
894 286 1625 153
895 287 1625 531
901 288 1625 1666
906 289 1625 1589
906 290 1625 371
906 291 1625 485
906 292 1625 471
910 293 1625 1491
923 294 1625 1893
924 298 1625 263
924 297 1625 180
924 295 1625 728
924 296 1625 386
925 299 1625 726
926 300 1625 642
931 301 1625 1598
931 302 1625 289
934 303 1625 1324
938 304 1625 1442
939 305 1625 687
939 306 1625 311
