1 0 1463 644
7 1 1463 1644
7 2 1463 367
7 3 1463 340
9 4 1463 882
19 5 1463 1839
20 6 1463 762
21 7 1463 845
27 9 1463 116
27 8 1463 1610
28 10 1463 638
28 11 1463 444
30 12 1463 950
32 13 1463 1035
32 14 1463 375
40 15 1463 1776
42 16 1463 942
42 17 1463 52
49 18 1463 1690
52 19 1463 1156
53 20 1463 820
61 21 1463 1754
65 22 1463 1352
66 23 1463 650
70 24 1463 1346
73 26 1463 352
73 27 1463 455
73 25 1463 1258
75 28 1463 1093
75 29 1463 313
76 30 1463 636
77 31 1463 581
83 32 1463 1609
83 33 1463 472
86 34 1463 1299
91 35 1463 1537
93 38 1463 406
93 37 1463 367
93 36 1463 1094
97 39 1463 1486
98 40 1463 712
98 41 1463 209
101 42 1463 1286
101 43 1463 222
105 44 1463 1348
106 45 1463 812
107 46 1463 795
108 47 1463 559
115 48 1463 1722
116 49 1463 820
116 50 1463 452
116 51 1463 10
117 52 1463 632
117 53 1463 75
120 54 1463 1151
121 56 1463 291
121 55 1463 815
127 57 1463 1642
129 58 1463 918
134 59 1463 1549
138 60 1463 1486
138 61 1463 306
144 62 1463 1677
147 63 1463 1297
151 65 1463 57
151 64 1463 1405
152 66 1463 760
152 67 1463 478
158 68 1463 1660
159 69 1463 762
160 70 1463 682
161 71 1463 574
166 73 1463 203
166 72 1463 1570
166 74 1463 444
167 76 1463 467
167 75 1463 610
169 77 1463 1129
172 78 1463 1227
173 79 1463 534
173 80 1463 462
180 81 1463 1718
181 82 1463 658
181 83 1463 272
189 84 1463 1785
190 85 1463 625
202 86 1463 1873
207 87 1463 1534
210 88 1463 1245
210 89 1463 483
213 90 1463 1245
217 91 1463 1377
221 92 1463 1374
222 93 1463 782
256 96 1463 457
256 94 1463 1924
256 95 1463 405
273 97 1463 1914
274 98 1463 742
277 99 1463 1290
277 100 1463 52
277 101 1463 317
278 102 1463 823
280 104 1463 138
280 103 1463 959
289 105 1463 1802
289 106 1463 365
289 107 1463 429
294 108 1463 1555
295 109 1463 540
295 110 1463 347
297 112 1463 414
297 111 1463 1086
297 113 1463 384
299 114 1463 1086
306 115 1463 1693
311 116 1463 1573
315 117 1463 1404
319 118 1463 1436
320 119 1463 779
320 120 1463 109
323 121 1463 1151
326 122 1463 1157
329 123 1463 1177
333 124 1463 1441
336 125 1463 1230
338 126 1463 1125
339 131 1463 478
339 130 1463 153
339 132 1463 387
339 128 1463 203
339 127 1463 788
339 129 1463 38
350 133 1463 1862
350 134 1463 481
350 135 1463 145
352 136 1463 895
358 137 1463 1623
358 138 1463 133
373 140 1463 260
373 139 1463 1908
377 141 1463 1444
391 142 1463 1903
392 143 1463 704
392 144 1463 136
392 145 1463 159
394 146 1463 962
396 147 1463 990
402 149 1463 231
402 148 1463 1620
403 150 1463 757
405 151 1463 977
405 152 1463 477
418 153 1463 1888
421 154 1463 1180
422 155 1463 826
424 156 1463 1085
429 157 1463 1571
433 158 1463 1442
434 159 1463 833
435 160 1463 677
440 162 1463 225
440 161 1463 1502
445 163 1463 1517
445 164 1463 387
453 165 1463 1794
454 166 1463 699
454 167 1463 477
463 168 1463 1827
465 169 1463 941
466 170 1463 798
478 171 1463 1874
481 172 1463 1270
485 173 1463 1453
486 174 1463 518
487 175 1463 589
490 176 1463 1173
490 177 1463 452
492 178 1463 1040
495 179 1463 1282
495 180 1463 267
495 181 1463 134
497 182 1463 1092
511 183 1463 1896
514 184 1463 1206
516 185 1463 1100
516 186 1463 0
516 187 1463 424
517 188 1463 681
522 189 1463 1580
524 190 1463 985
527 192 1463 180
527 191 1463 1248
530 193 1463 1225
533 194 1463 1230
534 195 1463 683
537 196 1463 1218
537 197 1463 385
537 198 1463 316
537 199 1463 266
541 201 1463 484
541 200 1463 1384
543 202 1463 1088
544 203 1463 678
548 204 1463 1358
549 205 1463 807
555 206 1463 1632
557 207 1463 949
561 208 1463 1369
562 209 1463 590
567 210 1463 1578
568 211 1463 632
569 212 1463 530
569 213 1463 159
570 214 1463 565
571 215 1463 542
571 216 1463 409
571 217 1463 254
571 218 1463 311
574 219 1463 1212
582 221 1463 275
582 220 1463 1793
589 222 1463 1721
589 223 1463 246
601 224 1463 1881
605 225 1463 1474
612 226 1463 1693
612 227 1463 45
612 228 1463 222
620 229 1463 1759
623 230 1463 1296
624 231 1463 787
624 232 1463 135
625 233 1463 774
634 234 1463 1822
641 235 1463 1708
643 236 1463 971
643 237 1463 414
644 239 1463 398
644 238 1463 538
648 240 1463 1393
650 241 1463 976
652 242 1463 979
652 243 1463 90
652 244 1463 2
652 245 1463 352
653 246 1463 718
653 247 1463 20
654 248 1463 660
655 249 1463 688
655 250 1463 274
657 251 1463 964
657 252 1463 74
659 253 1463 1029
659 254 1463 397
661 255 1463 1109
662 256 1463 688
663 257 1463 841
664 258 1463 722
673 259 1463 1808
675 260 1463 1038
680 261 1463 1586
681 262 1463 726
686 263 1463 1535
689 264 1463 1219
690 265 1463 790
690 266 1463 496
696 268 1463 262
696 267 1463 1681
697 269 1463 781
702 270 1463 1495
721 271 1463 1919
727 272 1463 1640
737 273 1463 1837
744 274 1463 1744
745 275 1463 817
748 276 1463 1221
754 278 1463 244
754 277 1463 1630
759 279 1463 1528
760 280 1463 756
766 281 1463 1673
769 282 1463 1309
773 283 1463 1459
777 284 1463 1485
777 285 1463 332
778 286 1463 712
780 288 1463 376
780 287 1463 1031
781 289 1463 713
783 290 1463 1020
783 291 1463 130
789 292 1463 1617
790 293 1463 654
793 294 1463 1284
800 295 1463 1731
800 296 1463 250
804 297 1463 1369
805 298 1463 796
807 299 1463 1136
815 300 1463 1781
817 301 1463 962
823 302 1463 1683
832 303 1463 1803
834 305 1463 279
834 304 1463 1117
837 306 1463 1248
