1 0 1767 782
2 1 1767 862
7 2 1767 1583
11 3 1767 1494
12 4 1767 764
13 5 1767 614
13 6 1767 469
14 8 1767 118
14 7 1767 728
15 9 1767 532
15 10 1767 84
15 11 1767 58
16 12 1767 859
26 13 1767 1843
27 14 1767 569
40 15 1767 1893
43 16 1767 1300
43 17 1767 278
44 18 1767 631
51 19 1767 1703
59 20 1767 1786
70 21 1767 1864
73 22 1767 1182
73 23 1767 252
74 24 1767 515
76 25 1767 994
80 26 1767 1375
92 27 1767 1875
94 28 1767 952
100 29 1767 1656
100 30 1767 98
100 31 1767 143
104 32 1767 1395
107 33 1767 1240
114 34 1767 1691
117 35 1767 1171
118 38 1767 87
118 37 1767 299
118 36 1767 631
124 39 1767 1628
125 40 1767 511
129 41 1767 1377
129 42 1767 111
129 43 1767 253
133 44 1767 1413
135 46 1767 64
135 45 1767 1075
137 47 1767 1017
138 48 1767 698
140 49 1767 877
147 50 1767 1700
147 51 1767 337
153 52 1767 1685
154 53 1767 731
157 54 1767 1170
158 55 1767 843
163 56 1767 1605
166 57 1767 1330
168 58 1767 979
175 59 1767 1694
178 60 1767 1164
179 61 1767 518
186 62 1767 1700
186 63 1767 387
186 64 1767 434
197 65 1767 1866
198 66 1767 587
203 67 1767 1543
203 68 1767 152
206 69 1767 1322
209 70 1767 1261
211 71 1767 1000
211 72 1767 190
213 73 1767 928
216 74 1767 1192
216 75 1767 408
224 76 1767 1753
226 77 1767 928
227 78 1767 764
231 79 1767 1365
233 80 1767 930
233 81 1767 358
236 82 1767 1177
236 83 1767 75
248 84 1767 1881
254 86 1767 382
254 85 1767 1686
255 87 1767 664
255 88 1767 69
256 89 1767 848
260 90 1767 1491
263 91 1767 1226
266 92 1767 1245
266 93 1767 317
266 94 1767 464
284 95 1767 1918
289 96 1767 1602
295 97 1767 1648
302 98 1767 1744
306 99 1767 1472
306 100 1767 488
306 101 1767 446
307 102 1767 865
310 103 1767 1300
315 104 1767 1540
316 105 1767 700
316 106 1767 146
317 107 1767 757
321 108 1767 1464
322 109 1767 762
324 110 1767 1014
325 111 1767 676
326 112 1767 566
331 113 1767 1538
332 114 1767 764
333 115 1767 806
336 116 1767 1266
342 117 1767 1624
342 118 1767 431
343 119 1767 672
347 120 1767 1483
357 121 1767 1848
361 122 1767 1473
364 123 1767 1228
372 124 1767 1756
372 125 1767 35
378 126 1767 1679
387 127 1767 1797
387 128 1767 463
390 129 1767 1199
391 130 1767 730
391 131 1767 104
393 132 1767 1108
396 133 1767 1216
398 134 1767 876
398 135 1767 483
402 136 1767 1417
411 137 1767 1801
411 138 1767 460
414 139 1767 1181
419 140 1767 1539
424 141 1767 1550
426 142 1767 1124
429 143 1767 1232
437 144 1767 1758
438 145 1767 814
439 146 1767 660
445 147 1767 1632
449 148 1767 1478
454 149 1767 1583
455 150 1767 651
469 151 1767 1902
472 152 1767 1217
474 153 1767 1071
491 154 1767 1913
492 155 1767 565
494 156 1767 897
499 157 1767 1561
503 158 1767 1468
508 159 1767 1504
510 164 1767 31
510 163 1767 265
510 162 1767 293
510 161 1767 273
510 160 1767 945
512 165 1767 910
516 166 1767 1492
519 167 1767 1274
520 168 1767 661
520 169 1767 280
523 170 1767 1313
527 171 1767 1389
530 172 1767 1164
533 173 1767 1175
535 174 1767 1057
546 175 1767 1858
547 176 1767 723
547 177 1767 241
551 178 1767 1395
553 179 1767 942
556 181 1767 47
556 182 1767 319
556 180 1767 1300
557 183 1767 805
558 184 1767 547
559 185 1767 753
560 186 1767 811
560 187 1767 36
563 188 1767 1228
563 189 1767 311
568 190 1767 1510
576 192 1767 332
576 191 1767 1781
578 193 1767 880
578 194 1767 235
581 195 1767 1266
584 196 1767 1256
585 197 1767 858
588 198 1767 1200
589 199 1767 848
592 200 1767 1246
595 201 1767 1310
597 202 1767 970
600 203 1767 1197
600 204 1767 270
603 205 1767 1186
604 206 1767 738
604 207 1767 42
604 208 1767 14
604 209 1767 54
612 210 1767 1766
613 212 1767 166
613 211 1767 656
614 213 1767 526
614 214 1767 203
616 215 1767 897
628 216 1767 1878
632 217 1767 1413
638 218 1767 1643
641 219 1767 1203
641 220 1767 98
645 223 1767 349
645 221 1767 1455
645 222 1767 45
646 224 1767 695
650 225 1767 1456
652 226 1767 1056
652 227 1767 283
654 228 1767 939
661 229 1767 1716
662 230 1767 602
670 231 1767 1790
672 232 1767 965
673 233 1767 547
679 234 1767 1620
696 235 1767 1914
698 236 1767 1002
700 237 1767 1047
701 238 1767 535
704 240 1767 14
704 239 1767 1285
705 241 1767 769
705 242 1767 22
708 243 1767 1173
708 244 1767 470
709 245 1767 853
715 246 1767 1615
722 247 1767 1731
723 248 1767 677
726 249 1767 1263
729 250 1767 1312
737 251 1767 1768
739 252 1767 1140
760 253 1767 1921
761 254 1767 749
768 255 1767 1716
771 256 1767 1265
772 257 1767 620
773 258 1767 502
774 261 1767 454
774 259 1767 738
774 260 1767 130
776 262 1767 1027
776 263 1767 222
780 264 1767 1377
794 265 1767 1901
800 266 1767 1616
805 267 1767 1544
806 269 1767 214
806 268 1767 831
815 270 1767 1820
816 271 1767 831
818 272 1767 877
818 273 1767 357
821 274 1767 1188
824 275 1767 1253
828 276 1767 1432
829 277 1767 797
838 278 1767 1804
846 279 1767 1766
854 280 1767 1766
857 281 1767 1250
862 282 1767 1531
867 283 1767 1601
867 284 1767 404
868 285 1767 759
869 286 1767 649
871 287 1767 969
878 288 1767 1722
887 289 1767 1828
888 290 1767 649
888 291 1767 382
889 292 1767 544
896 293 1767 1722
899 294 1767 1155
903 295 1767 1485
909 296 1767 1666
916 297 1767 1725
923 298 1767 1720
923 299 1767 494
926 300 1767 1162
926 301 1767 71
928 302 1767 899
928 303 1767 462
932 304 1767 1367
932 305 1767 480
934 306 1767 890
