1 0 1361 859
8 1 1361 1710
13 2 1361 1562
16 3 1361 1243
16 4 1361 66
17 5 1361 858
21 6 1361 1385
21 7 1361 138
27 8 1361 1667
30 9 1361 1295
34 10 1361 1395
34 11 1361 67
37 12 1361 1211
37 13 1361 235
40 14 1361 1156
45 15 1361 1496
51 16 1361 1638
57 17 1361 1669
69 19 1361 365
69 18 1361 1880
71 20 1361 886
72 21 1361 823
78 22 1361 1654
78 23 1361 347
79 24 1361 643
80 25 1361 846
84 26 1361 1452
84 27 1361 312
85 28 1361 680
88 29 1361 1143
94 30 1361 1635
101 31 1361 1692
101 32 1361 333
106 33 1361 1501
108 34 1361 1066
109 35 1361 675
123 36 1361 1902
126 37 1361 1201
133 38 1361 1690
148 39 1361 1908
148 40 1361 23
150 41 1361 1045
159 42 1361 1810
160 43 1361 858
164 44 1361 1468
165 46 1361 471
165 45 1361 852
171 47 1361 1685
174 48 1361 1150
177 49 1361 1181
184 50 1361 1747
188 51 1361 1449
195 52 1361 1723
198 53 1361 1206
207 55 1361 35
207 56 1361 56
207 54 1361 1825
210 57 1361 1214
211 58 1361 599
214 59 1361 1145
217 60 1361 1331
219 61 1361 1073
223 62 1361 1382
224 63 1361 523
229 64 1361 1584
235 65 1361 1627
241 66 1361 1659
247 67 1361 1635
249 68 1361 1093
249 69 1361 481
254 70 1361 1519
254 71 1361 436
268 72 1361 1903
282 74 1361 342
282 73 1361 1896
290 75 1361 1765
292 76 1361 938
293 77 1361 796
294 78 1361 803
301 79 1361 1716
301 80 1361 374
308 81 1361 1692
310 82 1361 1086
314 83 1361 1424
317 85 1361 186
317 84 1361 1321
330 86 1361 1893
332 87 1361 1051
337 88 1361 1601
339 89 1361 1031
340 90 1361 619
341 91 1361 687
342 92 1361 601
343 93 1361 545
344 94 1361 577
346 95 1361 875
351 96 1361 1588
354 97 1361 1286
357 98 1361 1199
365 99 1361 1765
367 100 1361 1117
368 101 1361 761
369 102 1361 591
370 103 1361 668
375 104 1361 1586
378 105 1361 1310
382 106 1361 1470
390 107 1361 1751
391 108 1361 863
391 109 1361 59
393 110 1361 1021
396 111 1361 1185
396 112 1361 410
397 113 1361 808
398 114 1361 770
403 115 1361 1563
419 116 1361 1911
431 117 1361 1883
433 118 1361 1127
437 119 1361 1397
443 120 1361 1658
444 121 1361 608
444 122 1361 33
444 123 1361 62
452 124 1361 1787
453 125 1361 831
461 126 1361 1760
465 127 1361 1357
468 128 1361 1319
472 129 1361 1391
472 130 1361 177
477 131 1361 1576
482 132 1361 1522
484 133 1361 962
485 134 1361 599
490 135 1361 1538
492 136 1361 1100
492 137 1361 418
500 138 1361 1762
500 139 1361 10
501 140 1361 641
501 141 1361 141
501 142 1361 187
506 144 1361 9
506 143 1361 1541
510 145 1361 1359
510 146 1361 276
517 147 1361 1718
524 148 1361 1700
526 149 1361 938
528 150 1361 889
534 152 1361 158
534 151 1361 1629
541 154 1361 106
541 153 1361 1727
542 155 1361 509
543 156 1361 727
544 157 1361 529
545 158 1361 806
546 159 1361 755
550 160 1361 1475
550 161 1361 112
550 162 1361 432
554 163 1361 1397
563 164 1361 1807
567 165 1361 1369
572 166 1361 1588
576 167 1361 1373
576 168 1361 209
579 169 1361 1157
579 170 1361 462
583 171 1361 1493
583 172 1361 121
585 173 1361 1117
586 174 1361 755
591 175 1361 1517
591 176 1361 420
591 177 1361 417
591 178 1361 52
591 179 1361 428
592 180 1361 554
592 181 1361 41
597 183 1361 381
597 182 1361 1582
598 184 1361 502
598 185 1361 473
602 186 1361 1417
609 187 1361 1720
610 188 1361 856
610 189 1361 89
611 190 1361 810
612 191 1361 571
617 192 1361 1536
619 193 1361 1006
619 194 1361 460
620 195 1361 528
626 196 1361 1634
627 197 1361 715
633 198 1361 1658
634 199 1361 564
641 200 1361 1695
642 201 1361 828
647 202 1361 1509
648 203 1361 542
648 204 1361 475
651 205 1361 1321
656 206 1361 1508
658 207 1361 966
660 208 1361 971
661 214 1361 201
661 213 1361 378
661 212 1361 476
661 211 1361 309
661 210 1361 89
661 209 1361 514
665 215 1361 1433
665 216 1361 454
665 217 1361 51
667 218 1361 894
670 219 1361 1334
682 220 1361 1876
690 221 1361 1793
691 222 1361 516
691 223 1361 119
691 224 1361 346
700 225 1361 1816
712 226 1361 1881
714 227 1361 1039
715 228 1361 656
715 229 1361 227
724 230 1361 1807
730 231 1361 1629
731 232 1361 683
735 233 1361 1412
736 234 1361 657
742 235 1361 1650
742 236 1361 457
744 237 1361 1040
754 238 1361 1830
756 239 1361 1105
758 241 1361 451
758 240 1361 889
759 242 1361 748
759 243 1361 341
759 244 1361 0
760 245 1361 500
760 246 1361 94
763 247 1361 1157
764 248 1361 805
766 250 1361 73
766 249 1361 951
771 251 1361 1582
778 252 1361 1745
778 253 1361 324
779 254 1361 612
788 255 1361 1827
788 256 1361 311
792 257 1361 1389
792 258 1361 196
793 259 1361 584
797 260 1361 1364
797 261 1361 468
797 262 1361 310
798 263 1361 743
799 264 1361 631
799 265 1361 384
804 266 1361 1551
806 267 1361 988
812 269 1361 475
812 268 1361 1646
814 270 1361 975
817 271 1361 1339
817 272 1361 146
824 273 1361 1713
824 274 1361 444
828 275 1361 1425
830 277 1361 175
830 278 1361 118
830 276 1361 1044
838 279 1361 1770
845 280 1361 1721
846 281 1361 724
846 282 1361 233
852 283 1361 1630
852 284 1361 153
852 285 1361 225
861 286 1361 1808
861 287 1361 359
862 288 1361 800
863 289 1361 754
866 290 1361 1339
868 291 1361 992
869 292 1361 843
872 293 1361 1246
878 296 1361 141
878 297 1361 5
878 294 1361 1666
878 295 1361 421
884 298 1361 1634
889 299 1361 1541
891 300 1361 874
893 301 1361 1031
897 302 1361 1436
897 303 1361 330
911 304 1361 1900
912 305 1361 659
916 306 1361 1436
