1 0 1072 752
3 1 1072 1081
7 2 1072 1460
7 3 1072 145
12 4 1072 1498
17 5 1072 1543
24 6 1072 1738
26 7 1072 972
29 9 1072 393
29 8 1072 1238
33 10 1072 1372
34 11 1072 619
34 12 1072 487
34 13 1072 199
36 14 1072 1047
38 15 1072 893
45 16 1072 1741
47 17 1072 1059
48 18 1072 571
54 19 1072 1667
57 20 1072 1310
60 21 1072 1242
61 22 1072 577
62 23 1072 783
68 24 1072 1688
68 25 1072 405
83 26 1072 1905
89 27 1072 1609
91 28 1072 1028
93 29 1072 1030
93 30 1072 407
93 31 1072 369
104 32 1072 1868
105 33 1072 521
108 34 1072 1215
117 35 1072 1797
117 36 1072 7
119 37 1072 1003
126 38 1072 1715
126 39 1072 278
128 40 1072 983
130 41 1072 1022
130 42 1072 4
137 43 1072 1720
137 44 1072 463
139 45 1072 977
146 47 1072 382
146 46 1072 1692
150 48 1072 1400
151 49 1072 770
151 50 1072 37
153 51 1072 943
156 52 1072 1167
158 53 1072 907
160 54 1072 1116
164 55 1072 1435
165 56 1072 503
166 57 1072 676
166 58 1072 381
168 59 1072 1092
173 60 1072 1562
173 61 1072 129
184 62 1072 1868
184 63 1072 207
200 64 1072 1911
202 65 1072 1003
203 66 1072 675
216 67 1072 1891
218 68 1072 909
221 69 1072 1174
223 70 1072 886
224 71 1072 738
227 72 1072 1269
227 73 1072 292
228 74 1072 684
228 75 1072 288
231 76 1072 1238
232 77 1072 782
232 78 1072 320
233 79 1072 711
234 80 1072 638
239 81 1072 1523
239 82 1072 209
239 83 1072 258
241 84 1072 992
245 85 1072 1389
247 86 1072 1126
249 87 1072 960
252 88 1072 1329
259 89 1072 1705
262 90 1072 1293
265 91 1072 1255
266 92 1072 622
267 93 1072 623
268 94 1072 641
269 95 1072 853
271 96 1072 1078
278 97 1072 1721
285 98 1072 1734
289 99 1072 1385
289 100 1072 302
296 101 1072 1726
300 102 1072 1398
300 103 1072 225
309 104 1072 1808
312 105 1072 1224
317 106 1072 1599
319 107 1072 875
319 108 1072 223
320 109 1072 828
320 110 1072 197
326 111 1072 1646
326 112 1072 355
331 115 1072 39
331 114 1072 453
331 113 1072 1594
341 116 1072 1844
347 117 1072 1610
349 118 1072 1139
350 119 1072 522
359 120 1072 1801
365 121 1072 1640
366 122 1072 561
368 123 1072 1128
377 124 1072 1806
382 125 1072 1555
382 126 1072 116
383 127 1072 645
388 128 1072 1576
396 129 1072 1755
398 130 1072 1134
402 131 1072 1441
404 132 1072 972
405 134 1072 409
405 133 1072 860
406 135 1072 837
406 136 1072 124
421 137 1072 1909
421 138 1072 374
428 139 1072 1693
435 140 1072 1714
435 141 1072 251
436 142 1072 736
437 143 1072 500
442 144 1072 1508
447 145 1072 1572
449 146 1072 900
451 147 1072 952
451 148 1072 169
452 149 1072 601
454 150 1072 933
458 151 1072 1393
459 152 1072 582
462 153 1072 1212
467 154 1072 1508
468 155 1072 586
471 156 1072 1164
471 157 1072 269
471 158 1072 344
471 159 1072 253
473 160 1072 1107
475 161 1072 953
478 163 1072 393
478 162 1072 1224
484 164 1072 1619
485 165 1072 680
486 166 1072 673
490 167 1072 1419
493 168 1072 1185
498 169 1072 1541
508 170 1072 1839
519 171 1072 1860
522 172 1072 1236
526 173 1072 1371
527 174 1072 732
532 175 1072 1549
534 176 1072 903
534 177 1072 61
539 178 1072 1545
539 179 1072 233
540 180 1072 654
542 182 1072 476
542 181 1072 1089
544 183 1072 974
545 184 1072 821
551 185 1072 1665
552 186 1072 859
558 187 1072 1685
561 188 1072 1276
568 189 1072 1747
573 190 1072 1597
581 191 1072 1780
586 192 1072 1564
586 193 1072 120
587 194 1072 586
588 195 1072 761
590 196 1072 951
590 197 1072 343
591 198 1072 805
592 199 1072 827
594 200 1072 898
598 201 1072 1405
605 202 1072 1691
606 203 1072 553
607 204 1072 686
609 205 1072 998
609 206 1072 156
611 207 1072 1135
611 208 1072 479
623 209 1072 1883
629 210 1072 1608
631 211 1072 1103
632 212 1072 649
632 213 1072 110
637 214 1072 1523
637 215 1072 18
637 216 1072 477
637 217 1072 249
642 218 1072 1496
654 219 1072 1878
661 220 1072 1746
663 221 1072 913
663 222 1072 142
667 223 1072 1363
678 224 1072 1869
678 225 1072 59
678 226 1072 296
680 227 1072 1116
681 228 1072 784
694 229 1072 1895
695 230 1072 597
696 231 1072 559
699 232 1072 1180
700 233 1072 717
703 234 1072 1260
706 235 1072 1174
709 236 1072 1322
719 237 1072 1848
719 238 1072 287
726 239 1072 1748
731 240 1072 1509
737 241 1072 1648
740 242 1072 1205
743 243 1072 1317
743 244 1072 139
743 245 1072 494
745 246 1072 1130
749 247 1072 1454
750 248 1072 521
751 250 1072 284
751 249 1072 567
752 251 1072 701
753 252 1072 771
754 253 1072 852
756 254 1072 1005
772 255 1072 1909
775 256 1072 1262
775 257 1072 327
776 258 1072 609
777 259 1072 627
778 260 1072 702
780 261 1072 965
780 262 1072 351
781 263 1072 509
784 264 1072 1286
786 265 1072 1048
796 266 1072 1847
807 267 1072 1856
808 269 1072 349
808 268 1072 774
809 270 1072 620
810 271 1072 554
823 272 1072 1887
829 273 1072 1673
829 274 1072 369
829 275 1072 98
835 276 1072 1632
836 277 1072 750
839 278 1072 1224
843 279 1072 1374
844 280 1072 853
845 281 1072 766
846 282 1072 594
846 283 1072 217
852 284 1072 1611
861 285 1072 1820
868 286 1072 1713
868 287 1072 328
874 288 1072 1637
877 289 1072 1276
887 290 1072 1836
889 291 1072 995
892 292 1072 1238
897 293 1072 1585
899 294 1072 1046
900 295 1072 544
903 296 1072 1297
904 298 1072 31
904 297 1072 696
906 299 1072 1015
907 300 1072 571
910 301 1072 1199
911 302 1072 679
911 303 1072 172
922 304 1072 1872
928 305 1072 1655
929 306 1072 739
