0 0 898 134
0 1 898 386
7 2 898 1722
7 3 898 384
7 4 898 230
11 5 898 1426
11 6 898 213
14 8 898 171
14 7 898 1183
23 9 898 1822
24 10 898 563
26 11 898 939
30 12 898 1463
36 13 898 1658
37 14 898 546
38 15 898 517
39 16 898 799
43 17 898 1485
50 18 898 1701
51 19 898 812
51 20 898 265
53 21 898 987
55 22 898 927
58 23 898 1319
63 24 898 1554
65 25 898 1028
78 26 898 1893
81 27 898 1178
83 28 898 1131
87 29 898 1405
88 30 898 671
89 31 898 804
90 32 898 686
93 33 898 1339
93 34 898 283
94 35 898 841
96 36 898 1108
98 37 898 913
105 38 898 1703
106 39 898 832
106 40 898 288
107 41 898 576
107 42 898 243
108 43 898 604
108 44 898 178
115 45 898 1693
115 46 898 202
126 48 898 192
126 47 898 1864
132 49 898 1639
132 50 898 310
141 51 898 1821
142 52 898 650
143 53 898 737
145 54 898 874
147 55 898 1071
151 57 898 402
151 56 898 1383
152 58 898 755
154 59 898 1127
158 60 898 1457
160 61 898 959
160 62 898 51
161 63 898 691
164 64 898 1151
170 66 898 252
170 67 898 124
170 65 898 1684
174 68 898 1375
180 69 898 1630
183 70 898 1333
192 71 898 1811
199 72 898 1707
201 73 898 869
202 74 898 523
208 75 898 1613
209 77 898 323
209 76 898 744
211 78 898 1140
219 79 898 1785
220 80 898 825
220 81 898 28
222 82 898 986
226 83 898 1417
228 84 898 1095
229 86 898 154
229 85 898 774
241 87 898 1874
241 88 898 464
243 89 898 1136
247 90 898 1382
248 91 898 706
248 92 898 157
249 93 898 575
252 94 898 1299
255 95 898 1254
256 96 898 524
260 97 898 1476
264 98 898 1377
264 99 898 419
268 106 898 114
268 104 898 305
268 103 898 487
268 105 898 423
268 101 898 78
268 100 898 1441
268 102 898 489
275 107 898 1705
275 108 898 213
278 109 898 1185
278 110 898 327
280 111 898 1060
283 112 898 1186
285 113 898 895
285 114 898 301
289 115 898 1429
303 116 898 1897
304 117 898 559
309 118 898 1521
309 119 898 377
314 120 898 1529
314 121 898 303
319 123 898 239
319 124 898 247
319 122 898 1584
320 125 898 627
326 126 898 1653
328 127 898 1131
332 128 898 1494
335 129 898 1194
337 130 898 1089
340 131 898 1192
342 132 898 870
343 134 898 343
343 133 898 721
344 135 898 747
348 136 898 1463
349 137 898 499
351 138 898 1111
352 139 898 671
353 140 898 660
353 141 898 373
359 142 898 1660
362 143 898 1203
363 144 898 808
363 145 898 322
367 146 898 1444
370 147 898 1187
370 148 898 273
378 149 898 1794
381 150 898 1281
394 151 898 1889
406 152 898 1880
408 153 898 1000
409 154 898 814
411 155 898 1137
411 156 898 418
411 157 898 250
411 158 898 239
416 159 898 1603
417 160 898 694
419 162 898 211
419 161 898 907
421 163 898 944
421 164 898 96
423 165 898 1060
423 166 898 190
423 167 898 465
424 168 898 551
428 169 898 1478
441 170 898 1890
445 171 898 1398
449 172 898 1373
450 173 898 849
456 174 898 1642
459 175 898 1156
460 176 898 567
460 177 898 381
464 178 898 1355
474 179 898 1849
476 180 898 1107
476 181 898 466
477 182 898 857
483 183 898 1624
493 184 898 1837
495 185 898 1124
498 186 898 1236
506 187 898 1794
516 188 898 1831
518 189 898 1131
518 190 898 329
521 192 898 259
521 191 898 1213
525 193 898 1433
539 194 898 1902
545 195 898 1677
545 196 898 161
546 197 898 716
548 198 898 1107
554 199 898 1673
554 200 898 132
556 201 898 979
557 202 898 635
558 203 898 719
567 204 898 1829
576 205 898 1807
577 206 898 516
579 207 898 1031
582 208 898 1283
587 209 898 1583
588 211 898 37
588 210 898 569
589 212 898 819
589 213 898 314
589 214 898 495
589 215 898 227
589 216 898 50
590 217 898 511
592 218 898 1031
594 219 898 896
601 221 898 321
601 220 898 1748
602 222 898 559
606 223 898 1345
609 224 898 1149
610 225 898 676
612 226 898 1139
623 227 898 1865
625 228 898 872
638 229 898 1889
640 230 898 994
648 231 898 1776
651 232 898 1198
657 233 898 1607
664 234 898 1717
664 235 898 128
672 236 898 1756
672 237 898 137
679 239 898 29
679 238 898 1720
680 240 898 608
680 241 898 205
681 242 898 510
681 243 898 248
682 244 898 561
682 245 898 292
682 246 898 394
693 247 898 1869
695 248 898 937
701 249 898 1674
707 250 898 1627
712 251 898 1575
718 252 898 1610
718 253 898 211
728 254 898 1849
735 255 898 1736
735 256 898 420
738 257 898 1214
743 258 898 1495
746 259 898 1152
747 260 898 668
748 261 898 575
748 262 898 159
751 263 898 1319
752 264 898 588
753 265 898 718
754 266 898 763
756 267 898 1136
757 270 898 396
757 268 898 521
757 269 898 366
767 271 898 1837
768 272 898 715
770 273 898 1001
770 274 898 287
775 275 898 1542
782 276 898 1735
782 277 898 310
783 278 898 784
784 279 898 856
784 280 898 282
787 281 898 1194
789 282 898 927
791 283 898 1122
791 284 898 262
794 285 898 1343
794 286 898 165
796 287 898 987
802 288 898 1682
817 289 898 1906
823 290 898 1633
824 291 898 541
825 292 898 567
826 293 898 568
829 294 898 1286
829 295 898 32
829 296 898 46
831 297 898 1116
836 298 898 1584
844 299 898 1767
848 300 898 1454
851 301 898 1182
855 302 898 1347
856 303 898 570
859 304 898 1278
866 305 898 1715
867 306 898 860
