1 0 1008 765
3 1 1008 901
5 2 1008 1135
12 3 1008 1707
12 4 1008 98
14 5 1008 942
15 6 1008 607
17 7 1008 873
18 9 1008 200
18 8 1008 854
34 10 1008 1912
34 11 1008 299
35 12 1008 546
37 13 1008 894
41 14 1008 1466
45 15 1008 1468
48 16 1008 1156
51 17 1008 1291
52 19 1008 481
52 18 1008 779
56 20 1008 1481
58 21 1008 1069
64 22 1008 1618
65 23 1008 799
69 24 1008 1389
75 25 1008 1664
77 27 1008 386
77 28 1008 341
77 26 1008 955
92 29 1008 1907
98 30 1008 1626
103 31 1008 1590
103 32 1008 86
106 33 1008 1206
110 34 1008 1432
117 36 1008 219
117 35 1008 1714
118 38 1008 57
118 37 1008 511
124 39 1008 1608
126 40 1008 901
126 41 1008 325
139 42 1008 1892
140 43 1008 537
140 44 1008 472
154 45 1008 1903
156 46 1008 1118
157 47 1008 814
161 48 1008 1475
169 49 1008 1783
171 50 1008 1008
171 51 1008 487
171 52 1008 211
172 53 1008 665
175 54 1008 1226
181 55 1008 1621
184 59 1008 358
184 58 1008 317
184 57 1008 336
184 56 1008 1208
200 60 1008 1911
200 61 1008 221
201 62 1008 532
203 63 1008 872
203 64 1008 498
203 65 1008 321
203 66 1008 212
206 67 1008 1265
210 68 1008 1386
216 69 1008 1676
219 70 1008 1249
220 71 1008 644
223 72 1008 1234
225 73 1008 1095
230 74 1008 1504
233 75 1008 1155
235 76 1008 1102
237 77 1008 1080
237 78 1008 327
241 79 1008 1411
242 80 1008 545
242 81 1008 141
243 82 1008 835
243 83 1008 482
245 84 1008 899
247 85 1008 1139
251 86 1008 1378
255 87 1008 1345
270 88 1008 1905
277 89 1008 1735
278 90 1008 506
287 91 1008 1807
287 92 1008 194
293 93 1008 1623
299 94 1008 1622
300 95 1008 680
307 96 1008 1718
309 97 1008 1019
309 98 1008 39
309 99 1008 150
316 100 1008 1690
324 101 1008 1778
328 102 1008 1352
335 103 1008 1724
336 105 1008 363
336 104 1008 533
339 106 1008 1178
341 107 1008 1041
343 108 1008 1085
343 109 1008 70
344 110 1008 519
344 111 1008 127
344 112 1008 8
345 113 1008 831
352 114 1008 1738
360 115 1008 1769
363 116 1008 1310
363 117 1008 49
377 118 1008 1897
380 119 1008 1284
381 120 1008 867
382 121 1008 792
385 122 1008 1284
390 123 1008 1575
393 124 1008 1169
397 125 1008 1367
397 126 1008 450
402 127 1008 1535
406 128 1008 1397
407 129 1008 824
411 130 1008 1362
411 131 1008 82
413 133 1008 176
413 132 1008 1041
419 134 1008 1646
420 135 1008 691
421 136 1008 713
423 137 1008 1036
435 138 1008 1874
436 139 1008 536
448 142 1008 259
448 141 1008 337
448 140 1008 1885
458 143 1008 1835
461 144 1008 1216
461 145 1008 379
470 146 1008 1799
473 147 1008 1287
482 148 1008 1810
490 149 1008 1777
493 150 1008 1294
499 151 1008 1668
501 152 1008 1047
502 153 1008 679
505 154 1008 1207
507 155 1008 898
507 156 1008 494
514 157 1008 1701
515 158 1008 554
517 159 1008 1091
527 160 1008 1837
532 161 1008 1568
537 163 1008 261
537 162 1008 1568
538 164 1008 632
538 165 1008 436
540 166 1008 1010
548 167 1008 1757
550 168 1008 1110
552 169 1008 1046
554 171 1008 273
554 172 1008 100
554 170 1008 1056
558 173 1008 1361
561 174 1008 1323
562 175 1008 530
563 176 1008 532
567 177 1008 1373
567 178 1008 359
568 179 1008 789
572 180 1008 1492
574 181 1008 1088
580 182 1008 1649
585 183 1008 1545
589 184 1008 1455
595 185 1008 1619
597 186 1008 960
597 187 1008 361
599 188 1008 893
600 190 1008 197
600 189 1008 747
602 192 1008 482
602 191 1008 936
603 193 1008 783
604 194 1008 623
604 195 1008 317
605 196 1008 694
629 197 1008 1923
632 198 1008 1203
633 199 1008 780
636 202 1008 176
636 201 1008 41
636 200 1008 1293
637 203 1008 764
638 204 1008 721
640 205 1008 1020
645 206 1008 1568
651 207 1008 1610
654 208 1008 1281
655 209 1008 677
655 210 1008 366
657 211 1008 1045
660 212 1008 1342
667 213 1008 1689
672 214 1008 1523
673 215 1008 749
683 216 1008 1844
683 217 1008 22
684 218 1008 730
686 219 1008 938
690 220 1008 1401
691 221 1008 648
692 222 1008 863
692 223 1008 362
693 224 1008 848
693 225 1008 119
700 226 1008 1716
703 227 1008 1242
704 228 1008 737
706 229 1008 1005
714 230 1008 1761
715 231 1008 533
715 232 1008 170
720 233 1008 1503
724 234 1008 1421
728 235 1008 1451
730 236 1008 911
732 237 1008 884
733 239 1008 434
733 240 1008 51
733 238 1008 824
736 241 1008 1274
738 242 1008 1005
738 243 1008 216
738 244 1008 381
740 245 1008 1077
745 246 1008 1519
746 247 1008 717
749 248 1008 1184
758 250 1008 398
758 249 1008 1799
759 251 1008 671
762 252 1008 1193
762 253 1008 265
765 254 1008 1303
766 255 1008 644
768 256 1008 1103
775 257 1008 1739
785 258 1008 1841
786 259 1008 601
789 260 1008 1228
789 261 1008 326
791 262 1008 873
791 263 1008 275
792 264 1008 840
800 265 1008 1758
802 266 1008 874
810 269 1008 72
810 268 1008 268
810 267 1008 1763
818 270 1008 1763
820 271 1008 959
822 272 1008 1123
822 273 1008 295
824 274 1008 886
824 275 1008 127
829 276 1008 1568
830 277 1008 646
845 278 1008 1906
852 279 1008 1696
853 280 1008 525
855 281 1008 999
855 282 1008 57
856 283 1008 863
857 284 1008 607
859 285 1008 1090
862 286 1008 1264
872 288 1008 200
872 287 1008 1830
873 289 1008 776
873 290 1008 347
875 291 1008 1097
877 292 1008 967
877 293 1008 222
879 294 1008 1131
885 295 1008 1650
885 296 1008 401
886 297 1008 730
889 298 1008 1300
890 299 1008 548
890 300 1008 202
896 301 1008 1680
896 302 1008 448
898 303 1008 1112
898 304 1008 35
902 305 1008 1364
906 306 1008 1472
