2 0 1691 1115
2 1 1691 116
8 2 1691 1613
12 3 1691 1379
23 4 1691 1866
23 5 1691 200
23 6 1691 67
24 7 1691 690
25 8 1691 743
26 9 1691 767
28 10 1691 1129
30 11 1691 964
36 12 1691 1621
39 13 1691 1149
40 14 1691 730
48 15 1691 1754
48 16 1691 10
50 17 1691 1052
53 19 1691 28
53 18 1691 1267
65 20 1691 1874
71 21 1691 1665
83 22 1691 1885
83 23 1691 155
83 24 1691 405
88 25 1691 1600
91 26 1691 1183
93 27 1691 1044
94 28 1691 731
101 29 1691 1711
108 30 1691 1735
108 31 1691 234
109 32 1691 761
118 33 1691 1798
119 34 1691 628
121 35 1691 887
127 36 1691 1630
128 37 1691 556
132 38 1691 1376
137 39 1691 1526
139 40 1691 1024
144 41 1691 1541
144 42 1691 116
151 43 1691 1738
153 44 1691 1099
153 45 1691 484
153 46 1691 335
159 48 1691 453
159 47 1691 1624
161 49 1691 1137
164 50 1691 1287
164 51 1691 169
164 52 1691 265
165 53 1691 527
173 54 1691 1778
177 55 1691 1374
177 56 1691 156
181 57 1691 1458
183 58 1691 973
183 59 1691 266
185 60 1691 941
187 61 1691 947
199 62 1691 1883
201 63 1691 956
203 64 1691 956
205 65 1691 894
205 66 1691 202
212 67 1691 1748
213 68 1691 521
221 69 1691 1767
221 70 1691 123
225 71 1691 1378
230 72 1691 1601
236 73 1691 1666
238 74 1691 929
238 75 1691 332
243 77 1691 146
243 76 1691 1548
245 78 1691 980
255 79 1691 1846
258 80 1691 1265
262 81 1691 1483
263 82 1691 591
268 83 1691 1519
268 84 1691 423
273 85 1691 1566
286 88 1691 19
286 86 1691 1893
286 87 1691 234
289 89 1691 1179
290 90 1691 731
290 91 1691 172
295 92 1691 1508
297 93 1691 1109
298 94 1691 585
298 95 1691 76
303 96 1691 1582
305 97 1691 1084
306 98 1691 781
306 99 1691 204
306 100 1691 281
307 101 1691 512
309 102 1691 1103
310 103 1691 610
312 104 1691 1013
322 106 1691 492
322 105 1691 1833
323 107 1691 524
328 108 1691 1523
332 109 1691 1445
340 110 1691 1750
340 111 1691 9
340 112 1691 477
342 113 1691 1052
344 114 1691 925
348 117 1691 364
348 115 1691 1382
348 116 1691 356
349 118 1691 533
352 119 1691 1315
354 120 1691 925
367 121 1691 1893
374 122 1691 1728
377 123 1691 1266
379 124 1691 1036
391 125 1691 1876
399 126 1691 1795
399 127 1691 491
401 128 1691 1081
402 129 1691 852
403 130 1691 674
403 131 1691 464
406 132 1691 1289
407 133 1691 776
412 134 1691 1564
413 135 1691 753
413 136 1691 379
428 137 1691 1905
429 138 1691 505
430 139 1691 514
432 140 1691 1073
436 141 1691 1369
437 142 1691 636
438 143 1691 499
442 144 1691 1353
443 145 1691 721
449 146 1691 1619
449 147 1691 456
449 148 1691 184
451 149 1691 1127
457 150 1691 1645
460 151 1691 1218
461 152 1691 551
465 153 1691 1391
468 154 1691 1203
468 155 1691 312
469 156 1691 708
477 157 1691 1762
482 158 1691 1499
484 159 1691 1062
484 160 1691 38
484 161 1691 1
488 162 1691 1368
489 163 1691 670
490 164 1691 770
493 165 1691 1286
494 166 1691 645
500 167 1691 1626
504 168 1691 1412
504 169 1691 172
506 170 1691 1002
506 171 1691 375
514 174 1691 241
514 172 1691 1784
514 173 1691 18
518 175 1691 1481
521 176 1691 1257
524 177 1691 1228
534 178 1691 1838
534 179 1691 314
534 180 1691 256
537 182 1691 307
537 181 1691 1338
549 183 1691 1878
551 184 1691 1132
555 185 1691 1381
565 186 1691 1837
574 187 1691 1822
579 188 1691 1497
582 190 1691 44
582 189 1691 1251
583 192 1691 406
583 191 1691 542
587 193 1691 1367
587 194 1691 476
589 195 1691 1071
589 196 1691 0
602 197 1691 1890
608 198 1691 1653
608 199 1691 67
608 200 1691 76
626 201 1691 1918
628 202 1691 969
628 203 1691 12
628 204 1691 125
631 205 1691 1269
635 206 1691 1359
636 207 1691 533
639 208 1691 1150
645 209 1691 1646
647 210 1691 980
651 211 1691 1404
661 212 1691 1848
664 213 1691 1184
665 214 1691 806
666 215 1691 624
672 216 1691 1619
676 217 1691 1415
680 218 1691 1462
683 219 1691 1313
687 220 1691 1374
688 221 1691 747
688 222 1691 128
688 223 1691 160
688 224 1691 127
688 225 1691 459
701 226 1691 1894
701 227 1691 416
705 228 1691 1467
707 229 1691 1094
711 230 1691 1481
714 231 1691 1292
719 232 1691 1500
727 233 1691 1770
727 234 1691 238
727 235 1691 262
727 236 1691 369
727 237 1691 295
735 238 1691 1753
743 240 1691 22
743 239 1691 1788
746 241 1691 1303
747 242 1691 672
755 243 1691 1775
755 244 1691 271
756 245 1691 564
757 246 1691 619
760 247 1691 1147
761 248 1691 561
769 249 1691 1776
773 250 1691 1377
774 251 1691 510
774 252 1691 427
774 253 1691 339
775 254 1691 618
778 255 1691 1253
786 256 1691 1789
787 257 1691 809
796 258 1691 1809
801 259 1691 1590
804 260 1691 1299
806 261 1691 942
808 262 1691 991
808 263 1691 55
808 264 1691 164
814 265 1691 1613
824 266 1691 1829
824 267 1691 77
826 268 1691 945
827 269 1691 543
827 270 1691 255
830 271 1691 1324
835 272 1691 1586
840 273 1691 1599
843 276 1691 74
843 277 1691 277
843 274 1691 1291
843 275 1691 70
852 278 1691 1813
856 279 1691 1487
864 280 1691 1765
865 281 1691 747
873 282 1691 1779
879 283 1691 1616
885 284 1691 1642
887 285 1691 971
888 286 1691 864
891 287 1691 1160
894 288 1691 1152
896 289 1691 909
896 290 1691 398
900 291 1691 1485
900 292 1691 410
900 293 1691 162
900 294 1691 488
902 295 1691 1004
902 296 1691 312
903 297 1691 617
909 298 1691 1610
910 299 1691 583
911 300 1691 659
912 301 1691 541
912 302 1691 201
912 303 1691 18
917 304 1691 1520
917 305 1691 52
918 306 1691 848
