0 0 715 308
0 1 715 324
4 2 715 1490
4 3 715 305
9 4 715 1564
9 5 715 56
9 6 715 172
11 7 715 930
14 8 715 1338
17 10 715 35
17 9 715 1280
21 11 715 1385
32 12 715 1860
36 13 715 1474
41 14 715 1529
41 15 715 141
46 16 715 1502
47 17 715 523
51 19 715 424
51 18 715 1409
52 20 715 599
54 21 715 984
54 22 715 202
57 23 715 1310
57 24 715 106
58 25 715 655
60 26 715 1100
61 28 715 15
61 27 715 499
65 29 715 1386
72 30 715 1745
75 31 715 1232
77 32 715 1078
78 33 715 566
78 34 715 394
78 35 715 356
87 36 715 1819
95 37 715 1756
98 38 715 1280
100 39 715 974
101 40 715 508
101 41 715 222
103 42 715 1099
110 43 715 1689
111 44 715 730
114 45 715 1231
116 47 715 181
116 46 715 1005
118 48 715 894
119 49 715 554
122 50 715 1143
131 51 715 1797
136 52 715 1546
150 53 715 1896
151 54 715 708
154 58 715 199
154 57 715 179
154 55 715 1248
154 56 715 122
156 59 715 908
158 60 715 880
163 61 715 1597
165 62 715 914
177 63 715 1877
181 64 715 1459
182 66 715 307
182 65 715 728
185 67 715 1293
187 68 715 1079
190 69 715 1172
190 70 715 247
196 71 715 1671
199 72 715 1167
199 73 715 435
209 75 715 377
209 74 715 1840
218 77 715 437
218 76 715 1810
219 78 715 580
220 79 715 799
225 80 715 1575
227 81 715 919
232 82 715 1529
236 83 715 1385
236 84 715 243
248 85 715 1873
254 86 715 1610
256 87 715 1106
264 88 715 1782
266 89 715 1071
266 90 715 234
272 91 715 1639
277 92 715 1556
277 93 715 371
277 94 715 93
278 95 715 835
281 96 715 1232
284 97 715 1147
284 98 715 229
284 99 715 1
286 100 715 924
292 101 715 1636
294 102 715 1026
300 103 715 1647
300 104 715 307
304 105 715 1396
305 106 715 629
307 107 715 1111
307 108 715 56
307 109 715 331
311 110 715 1363
317 111 715 1609
322 112 715 1524
325 113 715 1325
328 114 715 1258
341 116 715 68
341 115 715 1886
345 117 715 1454
351 118 715 1633
356 119 715 1510
358 120 715 1043
360 121 715 1126
364 122 715 1436
364 123 715 8
366 124 715 938
367 126 715 114
367 125 715 532
368 127 715 795
368 128 715 341
370 129 715 1005
372 130 715 1069
373 131 715 662
373 132 715 208
374 133 715 578
383 134 715 1799
394 135 715 1863
403 136 715 1817
412 137 715 1807
414 138 715 1078
415 139 715 772
418 140 715 1244
419 141 715 499
421 142 715 1050
425 143 715 1450
431 144 715 1632
432 145 715 549
432 146 715 115
432 147 715 231
434 148 715 1037
434 149 715 132
435 150 715 767
442 151 715 1703
446 152 715 1438
447 153 715 643
449 154 715 883
456 155 715 1722
456 156 715 200
458 157 715 1018
459 158 715 708
466 159 715 1699
469 160 715 1281
477 161 715 1758
478 162 715 769
480 163 715 975
483 164 715 1187
484 165 715 700
488 166 715 1401
490 167 715 945
494 168 715 1450
497 171 715 185
497 172 715 375
497 169 715 1319
497 170 715 68
498 173 715 861
498 174 715 266
499 175 715 544
499 176 715 76
515 177 715 1910
515 178 715 300
515 179 715 388
515 180 715 417
524 181 715 1808
530 182 715 1683
530 183 715 209
530 184 715 238
533 185 715 1291
536 186 715 1149
540 187 715 1489
546 188 715 1619
546 189 715 76
552 190 715 1663
553 191 715 799
555 192 715 1098
558 193 715 1303
562 194 715 1415
566 195 715 1410
572 196 715 1654
572 197 715 74
572 198 715 263
574 199 715 932
576 200 715 1073
578 201 715 1094
579 202 715 706
585 203 715 1643
585 204 715 63
586 205 715 581
589 206 715 1327
590 207 715 576
590 208 715 377
590 209 715 339
596 211 715 215
596 210 715 1646
597 212 715 717
597 213 715 320
600 214 715 1281
604 215 715 1398
604 216 715 75
605 217 715 559
606 218 715 737
615 219 715 1821
619 220 715 1475
629 221 715 1837
632 222 715 1250
636 223 715 1373
641 224 715 1581
644 225 715 1194
646 226 715 1012
648 227 715 997
652 228 715 1371
653 229 715 781
654 231 715 1
654 230 715 814
660 232 715 1646
663 233 715 1293
666 234 715 1240
669 235 715 1248
671 236 715 1101
671 237 715 39
671 238 715 146
676 239 715 1581
689 240 715 1888
690 241 715 573
692 242 715 1112
695 243 715 1280
695 244 715 355
699 245 715 1448
699 246 715 81
700 247 715 778
700 248 715 21
700 249 715 17
703 250 715 1335
705 251 715 1094
708 252 715 1262
708 253 715 367
712 254 715 1381
715 255 715 1161
723 256 715 1768
726 257 715 1257
726 258 715 61
727 259 715 794
731 261 715 330
731 260 715 1494
733 262 715 1130
738 263 715 1520
742 264 715 1450
748 265 715 1645
748 266 715 493
752 267 715 1349
754 272 715 413
754 271 715 35
754 269 715 33
754 270 715 296
754 268 715 1004
756 273 715 1080
767 274 715 1857
769 275 715 902
770 276 715 724
783 277 715 1895
785 279 715 133
785 278 715 1018
787 280 715 1112
787 281 715 233
789 282 715 975
793 283 715 1353
797 284 715 1371
803 285 715 1645
804 286 715 664
807 287 715 1279
817 289 715 79
817 288 715 1836
821 290 715 1404
829 291 715 1769
843 292 715 1903
846 293 715 1276
846 294 715 87
851 295 715 1558
855 296 715 1368
860 297 715 1516
868 298 715 1755
869 299 715 635
871 300 715 954
872 301 715 656
879 302 715 1699
896 303 715 1913
902 304 715 1646
905 305 715 1299
906 306 715 680
