4 0 836 1475
6 1 836 1007
8 2 836 1003
10 3 836 999
13 4 836 1317
15 5 836 969
15 6 836 199
22 7 836 1740
25 8 836 1202
31 10 836 387
31 9 836 1641
38 11 836 1729
43 12 836 1595
48 13 836 1597
53 14 836 1516
53 15 836 392
59 16 836 1675
60 17 836 522
62 19 836 41
62 18 836 962
64 20 836 1018
70 21 836 1628
71 22 836 685
71 23 836 33
73 24 836 1071
73 25 836 262
75 30 836 387
75 29 836 115
75 28 836 117
75 27 836 310
75 26 836 987
77 31 836 946
77 32 836 175
79 33 836 1081
81 34 836 962
81 35 836 38
81 36 836 62
82 37 836 552
84 38 836 920
86 39 836 879
86 40 836 362
88 41 836 1099
91 42 836 1170
91 43 836 324
91 44 836 362
96 45 836 1539
98 47 836 20
98 46 836 1111
105 48 836 1709
106 49 836 636
109 50 836 1229
112 51 836 1171
114 52 836 949
122 53 836 1765
123 54 836 819
131 56 836 321
131 55 836 1772
133 57 836 969
143 58 836 1853
145 59 836 1054
160 60 836 1907
169 61 836 1813
175 62 836 1622
177 63 836 1086
180 64 836 1254
184 65 836 1365
189 66 836 1554
190 67 836 514
191 68 836 635
195 69 836 1477
195 70 836 330
197 71 836 1123
202 72 836 1527
202 73 836 82
207 74 836 1604
217 77 836 361
217 76 836 457
217 75 836 1843
222 78 836 1595
226 79 836 1456
228 80 836 1075
230 81 836 966
231 82 836 525
235 83 836 1406
236 84 836 811
238 85 836 1140
260 86 836 1922
260 87 836 334
260 88 836 262
262 89 836 1114
268 90 836 1641
270 91 836 1017
271 92 836 623
279 93 836 1790
281 95 836 473
281 94 836 897
285 96 836 1402
285 97 836 83
287 98 836 995
289 99 836 921
305 100 836 1910
306 101 836 597
309 104 836 306
309 105 836 106
309 103 836 232
309 102 836 1310
314 106 836 1569
315 107 836 866
315 108 836 160
317 109 836 901
320 110 836 1314
332 111 836 1885
335 112 836 1299
335 113 836 397
350 114 836 1904
352 115 836 940
355 116 836 1288
355 117 836 216
355 118 836 275
355 119 836 113
359 120 836 1367
362 121 836 1219
362 122 836 251
366 123 836 1445
374 124 836 1761
377 125 836 1237
378 126 836 499
384 127 836 1661
386 128 836 1110
388 129 836 1131
388 130 836 441
388 131 836 374
391 132 836 1291
392 133 836 673
396 134 836 1470
396 135 836 478
401 136 836 1581
401 137 836 293
403 138 836 1100
404 139 836 705
409 140 836 1496
411 141 836 1056
411 142 836 173
414 143 836 1286
421 144 836 1724
427 145 836 1681
433 146 836 1643
433 147 836 226
442 148 836 1811
454 149 836 1882
456 150 836 1110
459 151 836 1185
466 152 836 1733
468 153 836 881
472 154 836 1479
473 155 836 691
473 156 836 345
481 157 836 1789
481 158 836 396
483 159 836 993
488 160 836 1531
498 161 836 1833
504 162 836 1680
506 163 836 954
506 164 836 459
508 165 836 940
509 166 836 594
510 167 836 625
511 168 836 851
515 169 836 1425
518 170 836 1283
520 171 836 994
522 172 836 1040
526 173 836 1495
527 174 836 541
527 175 836 310
529 176 836 1045
531 177 836 890
537 178 836 1645
537 179 836 79
542 181 836 272
542 180 836 1519
550 182 836 1774
553 183 836 1153
553 184 836 21
556 185 836 1180
557 186 836 566
557 187 836 409
559 188 836 1119
560 189 836 779
560 190 836 132
567 191 836 1717
576 192 836 1822
576 193 836 106
578 194 836 1098
583 195 836 1588
586 196 836 1301
589 197 836 1144
590 198 836 826
591 199 836 784
593 200 836 1087
595 201 836 1017
598 202 836 1300
598 203 836 385
599 204 836 598
599 205 836 115
599 206 836 145
599 207 836 238
599 208 836 339
602 209 836 1168
607 210 836 1570
611 211 836 1379
611 212 836 143
611 213 836 316
615 214 836 1399
618 215 836 1259
618 216 836 58
619 217 836 527
621 218 836 933
624 221 836 184
624 220 836 374
624 219 836 1204
628 222 836 1431
628 223 836 71
631 224 836 1293
635 225 836 1491
637 226 836 1096
639 227 836 934
639 228 836 396
641 229 836 878
643 230 836 934
652 231 836 1826
652 232 836 64
653 233 836 861
655 234 836 917
656 235 836 501
658 236 836 896
662 237 836 1388
663 238 836 554
673 239 836 1830
675 240 836 1035
675 241 836 328
675 242 836 69
687 243 836 1875
689 244 836 1134
690 245 836 677
695 246 836 1573
700 247 836 1505
701 248 836 632
709 249 836 1763
714 250 836 1529
715 251 836 773
715 252 836 210
720 253 836 1546
720 254 836 410
722 255 836 902
727 256 836 1511
730 257 836 1229
732 258 836 1017
734 259 836 1032
736 260 836 943
738 261 836 1135
746 262 836 1766
750 263 836 1386
750 264 836 234
756 265 836 1669
759 266 836 1315
762 267 836 1207
765 268 836 1324
767 269 836 897
767 270 836 362
768 271 836 594
782 272 836 1898
784 273 836 1027
784 274 836 169
784 275 836 46
784 276 836 115
788 277 836 1480
789 278 836 862
790 279 836 615
800 280 836 1842
805 281 836 1515
805 282 836 301
806 283 836 558
809 284 836 1273
809 285 836 160
815 289 836 14
815 288 836 450
815 287 836 442
815 286 836 1615
817 290 836 915
822 291 836 1592
822 292 836 370
826 293 836 1446
828 294 836 886
837 295 836 1824
837 296 836 486
838 297 836 608
844 298 836 1641
848 299 836 1389
851 300 836 1287
851 301 836 365
851 302 836 181
857 303 836 1659
861 304 836 1400
863 305 836 934
864 306 836 800
