3 0 1297 1159
3 1 1297 451
3 2 1297 478
5 3 1297 1072
13 4 1297 1780
15 5 1297 983
17 6 1297 922
20 9 1297 88
20 8 1297 363
20 7 1297 1309
22 10 1297 1092
23 11 1297 809
24 12 1297 864
25 13 1297 692
28 14 1297 1233
38 15 1297 1843
47 16 1297 1811
49 17 1297 901
51 18 1297 1033
52 19 1297 691
57 20 1297 1509
57 21 1297 96
63 22 1297 1679
63 23 1297 210
63 24 1297 320
63 25 1297 230
70 26 1297 1709
71 28 1297 252
71 27 1297 613
84 29 1297 1893
87 30 1297 1188
93 31 1297 1619
93 32 1297 302
93 33 1297 346
97 34 1297 1386
102 35 1297 1561
106 36 1297 1409
113 37 1297 1724
117 38 1297 1348
121 39 1297 1368
128 40 1297 1701
128 41 1297 64
130 42 1297 947
134 43 1297 1449
134 44 1297 168
143 45 1297 1797
143 46 1297 251
146 47 1297 1212
152 48 1297 1679
161 49 1297 1796
170 50 1297 1796
174 51 1297 1459
181 52 1297 1731
182 53 1297 643
185 54 1297 1197
187 55 1297 1063
188 56 1297 696
188 57 1297 268
189 58 1297 752
194 59 1297 1549
197 60 1297 1198
197 61 1297 308
199 62 1297 1056
199 63 1297 394
200 64 1297 825
204 65 1297 1397
205 66 1297 507
206 67 1297 518
209 68 1297 1230
214 69 1297 1597
214 70 1297 434
214 71 1297 87
218 72 1297 1477
223 73 1297 1589
225 74 1297 914
229 75 1297 1445
231 79 1297 447
231 78 1297 41
231 76 1297 1073
231 77 1297 229
246 80 1297 1904
246 81 1297 497
247 82 1297 859
247 83 1297 381
247 84 1297 97
253 85 1297 1654
262 86 1297 1812
267 87 1297 1583
269 88 1297 1073
269 89 1297 323
270 90 1297 864
272 91 1297 1141
274 92 1297 972
281 93 1297 1723
281 94 1297 169
285 95 1297 1393
287 96 1297 932
288 97 1297 552
289 98 1297 624
290 99 1297 696
293 100 1297 1290
299 101 1297 1658
314 102 1297 1906
314 103 1297 81
318 104 1297 1362
325 105 1297 1708
340 106 1297 1906
340 107 1297 142
346 108 1297 1654
352 109 1297 1677
369 110 1297 1914
369 111 1297 466
369 112 1297 226
369 113 1297 305
374 114 1297 1570
375 115 1297 701
379 116 1297 1374
380 117 1297 675
380 118 1297 297
382 119 1297 1096
387 120 1297 1509
388 121 1297 849
392 122 1297 1369
394 123 1297 907
395 124 1297 733
398 125 1297 1217
400 126 1297 1040
406 127 1297 1678
410 128 1297 1419
414 129 1297 1446
415 130 1297 512
416 131 1297 520
421 132 1297 1530
424 133 1297 1269
426 134 1297 1082
426 135 1297 245
427 136 1297 515
428 137 1297 777
430 138 1297 944
430 139 1297 313
436 140 1297 1672
442 141 1297 1670
453 142 1297 1854
456 143 1297 1321
456 144 1297 333
456 145 1297 397
458 146 1297 914
459 147 1297 667
459 148 1297 153
463 150 1297 19
463 151 1297 256
463 149 1297 1393
463 152 1297 255
467 153 1297 1453
469 154 1297 1112
469 155 1297 440
469 156 1297 288
471 157 1297 999
474 158 1297 1273
474 159 1297 144
475 160 1297 668
475 161 1297 228
476 163 1297 207
476 162 1297 647
479 164 1297 1164
483 165 1297 1393
484 166 1297 861
486 167 1297 881
489 168 1297 1148
492 169 1297 1325
492 170 1297 185
493 171 1297 596
499 172 1297 1656
515 173 1297 1909
519 174 1297 1348
527 175 1297 1763
529 176 1297 919
529 177 1297 48
530 180 1297 302
530 181 1297 372
530 178 1297 573
530 179 1297 336
535 182 1297 1525
535 183 1297 26
539 184 1297 1427
539 185 1297 255
539 186 1297 265
539 187 1297 77
539 188 1297 157
540 189 1297 641
552 190 1297 1882
556 191 1297 1441
560 192 1297 1429
561 193 1297 799
566 194 1297 1569
570 195 1297 1443
572 196 1297 1022
578 197 1297 1646
578 198 1297 156
579 199 1297 864
583 201 1297 32
583 200 1297 1461
587 202 1297 1444
588 203 1297 753
591 204 1297 1207
595 205 1297 1347
596 206 1297 525
596 207 1297 270
596 208 1297 104
599 209 1297 1273
603 212 1297 425
603 210 1297 1445
603 211 1297 239
605 213 1297 937
613 214 1297 1767
613 215 1297 295
614 216 1297 628
615 217 1297 620
616 218 1297 705
618 219 1297 908
620 220 1297 1128
621 221 1297 783
622 222 1297 724
623 223 1297 506
627 224 1297 1368
628 225 1297 669
630 226 1297 1092
631 228 1297 339
631 227 1297 857
641 229 1297 1830
642 230 1297 741
645 231 1297 1198
654 232 1297 1817
660 233 1297 1634
661 234 1297 799
661 235 1297 269
662 236 1297 853
663 237 1297 772
664 239 1297 79
664 238 1297 744
670 240 1297 1655
689 241 1297 1920
703 242 1297 1898
704 243 1297 809
706 244 1297 1120
712 245 1297 1642
714 246 1297 1015
714 247 1297 491
716 248 1297 957
719 249 1297 1273
720 250 1297 815
720 251 1297 402
722 252 1297 940
725 253 1297 1172
731 254 1297 1661
732 255 1297 677
735 256 1297 1233
737 257 1297 937
740 258 1297 1309
741 259 1297 538
741 260 1297 255
746 261 1297 1592
757 262 1297 1855
757 263 1297 199
758 264 1297 532
758 265 1297 247
758 266 1297 347
759 268 1297 137
759 267 1297 716
764 269 1297 1497
768 270 1297 1367
776 271 1297 1781
785 272 1297 1801
786 273 1297 626
789 274 1297 1178
791 275 1297 1133
792 276 1297 810
802 277 1297 1840
805 278 1297 1311
811 279 1297 1650
816 280 1297 1578
817 281 1297 600
826 282 1297 1825
828 283 1297 991
830 284 1297 1014
830 285 1297 339
830 286 1297 257
831 287 1297 644
845 288 1297 1898
845 289 1297 122
847 290 1297 960
857 291 1297 1841
861 292 1297 1387
861 293 1297 206
868 295 1297 62
868 296 1297 64
868 294 1297 1749
875 297 1297 1699
875 298 1297 277
877 299 1297 873
880 300 1297 1294
880 301 1297 299
880 302 1297 354
884 303 1297 1384
894 304 1297 1831
896 305 1297 959
897 306 1297 525
