9 0 1582 1812
9 1 1582 401
18 2 1582 1805
20 3 1582 1034
21 4 1582 635
22 5 1582 828
23 6 1582 789
29 7 1582 1655
33 8 1582 1474
33 9 1582 477
35 10 1582 990
36 11 1582 788
37 12 1582 686
40 13 1582 1158
40 14 1582 361
40 15 1582 102
42 17 1582 51
42 16 1582 1114
45 18 1582 1242
46 19 1582 773
49 20 1582 1239
49 21 1582 472
59 22 1582 1836
62 23 1582 1297
62 24 1582 387
63 26 1582 239
63 27 1582 266
63 25 1582 864
66 28 1582 1195
68 29 1582 967
71 30 1582 1203
71 31 1582 295
72 32 1582 706
74 33 1582 987
85 34 1582 1866
88 35 1582 1218
91 36 1582 1262
93 37 1582 1088
93 38 1582 46
97 39 1582 1392
98 40 1582 565
100 41 1582 1087
104 42 1582 1357
105 43 1582 782
107 44 1582 980
109 45 1582 1120
111 47 1582 398
111 46 1582 902
112 48 1582 612
114 49 1582 902
115 50 1582 538
118 51 1582 1310
118 52 1582 34
129 53 1582 1868
132 54 1582 1262
135 56 1582 490
135 55 1582 1339
136 57 1582 507
137 58 1582 647
144 59 1582 1695
145 60 1582 588
146 61 1582 522
146 62 1582 460
147 63 1582 506
150 64 1582 1199
151 66 1582 82
151 65 1582 694
157 67 1582 1623
160 68 1582 1216
162 69 1582 1067
163 70 1582 765
163 71 1582 26
163 72 1582 4
171 74 1582 207
171 75 1582 152
171 73 1582 1775
173 76 1582 1040
175 77 1582 1053
175 78 1582 317
178 79 1582 1191
191 80 1582 1887
199 81 1582 1766
204 84 1582 428
204 83 1582 293
204 82 1582 1579
213 85 1582 1818
213 86 1582 261
214 87 1582 762
220 88 1582 1650
221 89 1582 527
222 90 1582 728
223 92 1582 441
223 93 1582 276
223 91 1582 755
224 94 1582 803
224 95 1582 43
225 96 1582 627
226 97 1582 850
231 98 1582 1508
231 99 1582 285
233 100 1582 1038
236 101 1582 1203
238 102 1582 1107
242 103 1582 1469
242 104 1582 137
243 105 1582 512
246 106 1582 1305
246 107 1582 183
252 108 1582 1660
254 109 1582 1110
254 110 1582 298
258 111 1582 1362
258 112 1582 189
262 113 1582 1380
269 114 1582 1732
270 115 1582 747
271 116 1582 868
271 117 1582 166
271 118 1582 78
274 119 1582 1306
274 120 1582 433
277 121 1582 1244
291 122 1582 1898
292 123 1582 689
292 124 1582 339
292 125 1582 10
297 126 1582 1509
303 127 1582 1653
305 128 1582 971
305 129 1582 164
309 131 1582 189
309 130 1582 1449
313 132 1582 1470
313 133 1582 32
313 134 1582 152
314 135 1582 684
315 136 1582 659
315 137 1582 109
315 138 1582 155
325 139 1582 1841
326 140 1582 513
326 141 1582 77
328 142 1582 1026
329 143 1582 540
329 144 1582 228
332 145 1582 1291
333 146 1582 565
335 148 1582 469
335 147 1582 985
335 149 1582 56
337 150 1582 1100
337 151 1582 460
338 153 1582 201
338 152 1582 772
346 154 1582 1776
353 155 1582 1719
356 156 1582 1230
356 157 1582 417
358 158 1582 1130
358 159 1582 127
360 160 1582 927
365 161 1582 1576
367 162 1582 1136
372 163 1582 1496
377 164 1582 1585
377 165 1582 109
386 166 1582 1816
386 167 1582 157
389 168 1582 1228
391 169 1582 1047
391 170 1582 87
392 173 1582 161
392 171 1582 758
392 172 1582 10
393 174 1582 793
393 175 1582 356
393 176 1582 217
397 177 1582 1358
397 178 1582 461
399 179 1582 973
403 180 1582 1369
404 181 1582 523
407 182 1582 1184
409 183 1582 915
411 184 1582 989
413 185 1582 989
416 186 1582 1342
419 188 1582 180
419 189 1582 358
419 187 1582 1269
423 191 1582 241
423 190 1582 1379
425 192 1582 904
425 193 1582 28
427 194 1582 913
428 195 1582 861
429 196 1582 865
433 197 1582 1455
435 198 1582 879
435 199 1582 118
439 201 1582 407
439 200 1582 1399
445 202 1582 1682
449 203 1582 1346
462 204 1582 1893
462 205 1582 342
462 206 1582 449
463 207 1582 610
466 208 1582 1332
470 209 1582 1419
475 210 1582 1501
484 211 1582 1797
496 212 1582 1881
496 213 1582 156
497 214 1582 682
497 215 1582 404
497 216 1582 392
497 217 1582 221
498 218 1582 507
499 219 1582 596
500 220 1582 692
501 221 1582 547
515 222 1582 1901
517 223 1582 869
522 224 1582 1593
530 225 1582 1771
538 226 1582 1778
553 227 1582 1907
556 228 1582 1173
567 229 1582 1857
571 230 1582 1416
572 231 1582 687
572 232 1582 478
572 233 1582 342
577 234 1582 1499
579 235 1582 961
580 236 1582 766
588 237 1582 1762
590 238 1582 946
591 239 1582 647
592 240 1582 539
593 241 1582 731
604 242 1582 1861
605 243 1582 685
606 244 1582 781
611 245 1582 1507
611 246 1582 285
612 247 1582 748
615 248 1582 1270
616 249 1582 509
616 250 1582 469
617 251 1582 643
619 252 1582 948
619 253 1582 283
623 254 1582 1351
624 255 1582 851
624 256 1582 430
625 257 1582 812
631 258 1582 1678
631 259 1582 122
631 260 1582 488
631 261 1582 466
635 262 1582 1362
639 263 1582 1400
639 264 1582 3
640 265 1582 814
643 266 1582 1318
648 267 1582 1539
649 268 1582 582
655 269 1582 1645
660 270 1582 1562
661 271 1582 554
664 272 1582 1199
672 273 1582 1784
672 274 1582 56
684 275 1582 1885
685 276 1582 611
688 279 1582 85
688 277 1582 1215
688 278 1582 88
692 280 1582 1486
694 281 1582 1030
695 282 1582 636
696 283 1582 664
700 284 1582 1387
701 285 1582 773
707 287 1582 194
707 286 1582 1663
709 288 1582 915
710 289 1582 648
711 290 1582 531
723 291 1582 1878
723 292 1582 84
724 293 1582 824
724 294 1582 158
724 295 1582 72
727 297 1582 460
727 296 1582 1294
728 298 1582 682
741 299 1582 1891
741 300 1582 188
742 301 1582 670
742 302 1582 166
747 303 1582 1550
749 304 1582 871
759 305 1582 1839
763 306 1582 1368
