4 0 445 1494
11 1 445 1700
12 2 445 516
16 3 445 1418
16 4 445 180
18 5 445 1030
22 6 445 1390
23 7 445 630
28 8 445 1589
32 9 445 1351
35 10 445 1196
35 11 445 288
36 12 445 721
42 13 445 1676
45 14 445 1181
48 15 445 1255
49 16 445 797
59 18 445 312
59 17 445 1833
62 19 445 1151
62 20 445 311
62 21 445 405
62 22 445 322
62 23 445 56
67 24 445 1584
67 25 445 225
71 27 445 401
71 26 445 1487
73 28 445 1012
73 29 445 468
76 30 445 1253
85 31 445 1815
89 32 445 1353
89 33 445 184
92 34 445 1286
94 35 445 876
97 36 445 1342
98 38 445 358
98 37 445 777
114 39 445 1911
117 40 445 1202
119 41 445 1016
119 42 445 151
119 43 445 475
122 44 445 1338
124 45 445 1002
124 46 445 250
125 47 445 668
126 48 445 860
129 49 445 1193
136 50 445 1722
140 51 445 1449
140 52 445 477
140 53 445 440
140 54 445 20
142 55 445 1089
146 57 445 459
146 56 445 1378
154 58 445 1758
166 59 445 1879
170 60 445 1467
172 61 445 989
177 62 445 1543
179 63 445 1120
179 64 445 97
182 65 445 1305
183 66 445 859
184 67 445 537
184 68 445 389
184 69 445 304
194 70 445 1838
194 71 445 19
198 72 445 1474
198 73 445 325
210 74 445 1873
213 76 445 254
213 75 445 1220
221 77 445 1772
222 78 445 643
223 79 445 581
237 80 445 1899
238 81 445 819
242 82 445 1465
249 83 445 1743
250 84 445 671
257 85 445 1728
260 86 445 1338
262 87 445 912
262 88 445 163
262 89 445 197
266 90 445 1423
268 91 445 882
270 95 445 212
270 94 445 444
270 92 445 944
270 93 445 404
274 96 445 1398
276 97 445 955
276 98 445 377
276 99 445 32
276 100 445 142
282 102 445 279
282 101 445 1638
283 103 445 555
286 104 445 1280
293 105 445 1702
307 106 445 1900
307 107 445 152
307 108 445 491
308 109 445 725
309 110 445 835
314 111 445 1531
321 112 445 1741
324 113 445 1176
339 114 445 1905
340 115 445 648
344 116 445 1449
351 117 445 1724
351 118 445 449
351 119 445 294
364 120 445 1892
375 121 445 1871
375 122 445 373
375 123 445 191
376 124 445 806
378 125 445 955
380 126 445 1000
382 127 445 1070
391 128 445 1805
397 129 445 1660
404 130 445 1746
407 131 445 1223
411 132 445 1394
412 135 445 260
412 133 445 610
412 134 445 438
413 136 445 540
415 137 445 910
415 138 445 463
417 139 445 893
425 140 445 1753
428 141 445 1185
428 142 445 420
432 143 445 1363
435 144 445 1287
444 145 445 1817
446 146 445 1066
453 147 445 1692
453 148 445 423
460 149 445 1721
461 150 445 688
466 151 445 1598
467 155 445 195
467 154 445 65
467 153 445 83
467 152 445 505
470 156 445 1265
470 157 445 87
476 158 445 1674
476 159 445 325
477 160 445 701
478 161 445 830
478 162 445 271
479 163 445 756
481 164 445 903
486 165 445 1536
486 166 445 136
488 167 445 1131
489 168 445 738
495 169 445 1645
495 170 445 108
496 171 445 539
499 172 445 1261
503 174 445 466
503 173 445 1480
504 175 445 706
508 176 445 1450
510 177 445 934
511 178 445 828
513 179 445 913
522 180 445 1814
525 181 445 1233
526 183 445 84
526 182 445 646
528 184 445 972
528 185 445 147
529 186 445 717
532 187 445 1311
533 188 445 544
533 189 445 242
535 191 445 452
535 190 445 920
538 194 445 191
538 192 445 1160
538 193 445 138
540 195 445 922
542 196 445 914
547 197 445 1589
547 198 445 459
553 199 445 1676
559 200 445 1680
570 201 445 1859
572 202 445 954
573 203 445 703
579 204 445 1612
579 205 445 149
579 206 445 337
581 207 445 950
586 208 445 1541
589 209 445 1283
590 211 445 330
590 210 445 669
593 212 445 1183
594 213 445 760
594 214 445 436
598 215 445 1393
598 216 445 183
598 217 445 187
605 218 445 1708
606 219 445 755
607 220 445 818
608 221 445 750
609 222 445 586
609 223 445 495
610 224 445 724
615 225 445 1580
618 226 445 1303
620 227 445 1123
623 228 445 1288
627 229 445 1468
634 230 445 1717
642 231 445 1786
642 232 445 475
644 233 445 1077
647 234 445 1157
659 235 445 1879
659 236 445 279
670 237 445 1868
670 238 445 396
671 239 445 823
678 240 445 1735
685 241 445 1692
692 242 445 1694
695 243 445 1186
700 244 445 1497
701 245 445 589
704 246 445 1193
704 247 445 400
710 248 445 1626
711 249 445 723
712 250 445 738
713 251 445 727
722 252 445 1805
728 253 445 1628
729 254 445 857
731 255 445 930
734 256 445 1272
734 257 445 459
748 259 445 31
748 258 445 1903
749 260 445 771
751 261 445 1139
756 262 445 1586
756 263 445 72
760 264 445 1491
761 265 445 808
769 267 445 106
769 266 445 1780
774 269 445 481
774 268 445 1528
776 270 445 1114
776 271 445 240
783 272 445 1715
785 273 445 885
787 274 445 945
789 275 445 1051
791 276 445 980
794 277 445 1325
796 280 445 387
796 278 445 922
796 279 445 135
798 281 445 903
802 282 445 1421
803 283 445 565
804 284 445 729
806 285 445 989
821 286 445 1905
822 289 445 227
822 288 445 220
822 287 445 771
823 290 445 606
830 291 445 1745
843 292 445 1889
843 293 445 364
843 294 445 51
844 295 445 595
844 296 445 105
850 297 445 1621
856 298 445 1619
857 299 445 689
858 300 445 734
860 301 445 1086
861 302 445 796
864 303 445 1145
869 304 445 1534
869 305 445 498
871 306 445 937
