7 0 728 1689
9 1 728 1074
9 2 728 272
23 3 728 1903
24 4 728 501
40 5 728 1913
41 6 728 822
43 7 728 1033
46 8 728 1259
48 9 728 895
51 10 728 1143
55 11 728 1352
66 12 728 1857
67 13 728 797
67 14 728 372
67 15 728 112
67 16 728 447
67 17 728 215
70 18 728 1152
73 19 728 1176
75 20 728 1083
76 21 728 697
78 22 728 987
84 23 728 1655
84 24 728 368
92 26 728 161
92 27 728 167
92 25 728 1775
98 28 728 1630
100 29 728 946
104 30 728 1387
104 31 728 133
105 32 728 824
105 33 728 185
106 34 728 729
108 35 728 1101
110 36 728 870
114 38 728 279
114 37 728 1386
117 39 728 1301
122 40 728 1598
122 41 728 11
129 42 728 1693
131 43 728 960
131 44 728 482
136 45 728 1579
137 46 728 787
140 47 728 1146
142 48 728 1137
144 49 728 996
145 50 728 599
146 51 728 685
146 52 728 115
148 53 728 971
152 54 728 1492
154 55 728 992
154 56 728 86
155 57 728 542
160 58 728 1535
161 59 728 650
169 60 728 1751
170 61 728 655
173 62 728 1328
173 63 728 313
177 64 728 1433
179 65 728 1010
180 66 728 528
186 67 728 1671
186 68 728 67
189 69 728 1196
192 70 728 1166
194 71 728 985
205 72 728 1860
213 73 728 1776
218 74 728 1502
220 75 728 1072
222 77 728 27
222 76 728 928
225 78 728 1172
226 79 728 713
228 80 728 987
230 81 728 940
232 82 728 954
233 83 728 633
233 84 728 346
234 86 728 18
234 85 728 701
242 87 728 1777
243 88 728 617
249 89 728 1662
251 90 728 1015
251 91 728 327
259 92 728 1776
264 93 728 1554
268 94 728 1474
270 95 728 943
271 96 728 607
275 97 728 1380
279 98 728 1451
283 99 728 1397
285 100 728 1050
287 101 728 1041
289 102 728 1078
300 103 728 1866
308 104 728 1754
313 105 728 1539
314 106 728 749
314 107 728 263
318 108 728 1393
318 109 728 420
318 110 728 63
318 111 728 58
321 112 728 1295
322 113 728 821
327 114 728 1587
328 115 728 810
334 116 728 1625
335 117 728 694
348 118 728 1891
349 119 728 731
351 120 728 992
352 121 728 676
354 123 728 330
354 124 728 181
354 122 728 1053
355 125 728 838
357 126 728 1134
357 127 728 306
357 128 728 301
358 129 728 559
358 130 728 465
362 131 728 1472
363 132 728 500
370 133 728 1699
375 134 728 1588
386 135 728 1871
394 136 728 1787
396 137 728 1013
397 138 728 803
398 139 728 732
410 140 728 1877
416 141 728 1679
416 142 728 383
416 143 728 197
421 144 728 1598
423 145 728 956
425 146 728 957
427 147 728 954
440 148 728 1891
441 149 728 664
444 150 728 1242
454 151 728 1837
458 152 728 1414
459 155 728 374
459 153 728 720
459 154 728 405
475 156 728 1913
476 157 728 747
482 158 728 1685
484 159 728 916
484 160 728 404
484 161 728 443
497 162 728 1887
498 163 728 834
510 164 728 1879
511 165 728 515
515 166 728 1482
520 167 728 1520
523 168 728 1158
529 169 728 1641
531 170 728 947
532 171 728 612
541 172 728 1816
544 173 728 1158
545 174 728 779
548 175 728 1237
548 176 728 292
549 177 728 855
550 178 728 657
553 179 728 1149
562 181 728 179
562 182 728 339
562 180 728 1806
567 183 728 1562
570 184 728 1242
571 185 728 553
571 186 728 58
578 187 728 1705
581 188 728 1293
584 189 728 1214
596 190 728 1883
598 191 728 1040
601 192 728 1252
610 193 728 1812
610 194 728 327
614 195 728 1433
621 196 728 1716
625 197 728 1474
625 198 728 243
627 199 728 1082
631 200 728 1398
635 201 728 1361
642 203 728 250
642 202 728 1721
648 204 728 1641
649 205 728 629
649 206 728 21
649 207 728 255
660 208 728 1866
662 209 728 1092
662 210 728 81
664 212 728 89
664 211 728 1057
665 213 728 535
667 214 728 1035
667 215 728 225
667 216 728 104
667 217 728 324
672 218 728 1517
675 219 728 1326
675 220 728 457
682 222 728 226
682 221 728 1702
693 223 728 1868
699 224 728 1683
709 225 728 1832
712 226 728 1284
712 227 728 3
713 228 728 830
716 229 728 1271
720 230 728 1445
721 231 728 743
722 232 728 612
727 233 728 1499
733 234 728 1676
733 235 728 444
733 236 728 382
733 237 728 89
743 238 728 1846
744 239 728 612
745 240 728 531
752 241 728 1727
760 242 728 1764
760 243 728 201
762 244 728 1132
763 245 728 825
765 246 728 950
766 247 728 717
767 249 728 102
767 248 728 777
770 250 728 1329
774 251 728 1392
786 252 728 1882
787 253 728 841
788 254 728 625
794 255 728 1620
796 256 728 1134
804 258 728 491
804 257 728 1777
811 259 728 1733
814 260 728 1269
814 261 728 17
818 262 728 1350
819 263 728 595
824 264 728 1571
827 265 728 1263
827 266 728 444
828 267 728 515
829 268 728 783
830 269 728 590
838 270 728 1767
838 271 728 14
838 272 728 403
840 273 728 904
841 274 728 794
842 275 728 654
853 277 728 25
853 276 728 1863
854 278 728 736
855 279 728 857
857 280 728 882
858 281 728 567
861 282 728 1150
862 283 728 728
873 284 728 1866
873 285 728 53
874 286 728 786
881 287 728 1695
883 288 728 874
883 289 728 55
886 290 728 1234
887 291 728 529
892 292 728 1522
892 293 728 112
895 294 728 1268
896 296 728 377
896 295 728 514
899 297 728 1169
900 298 728 554
908 299 728 1794
908 300 728 381
908 301 728 434
919 302 728 1859
919 303 728 186
919 304 728 259
922 305 728 1314
924 306 728 988
