0 0 1175 439
1 1 1175 595
3 2 1175 943
4 3 1175 678
7 4 1175 1183
7 5 1175 94
11 6 1175 1407
20 7 1175 1824
22 8 1175 1001
30 9 1175 1793
32 10 1175 1136
32 11 1175 196
33 12 1175 776
35 13 1175 973
36 14 1175 551
49 15 1175 1895
49 16 1175 228
54 17 1175 1596
57 18 1175 1209
58 19 1175 602
59 20 1175 516
59 21 1175 219
63 22 1175 1436
65 23 1175 905
65 24 1175 387
71 25 1175 1688
72 26 1175 672
73 28 1175 218
73 27 1175 605
76 29 1175 1329
81 30 1175 1561
84 31 1175 1146
92 32 1175 1755
94 33 1175 991
95 34 1175 678
97 35 1175 994
97 36 1175 288
99 37 1175 971
107 38 1175 1790
111 39 1175 1413
114 40 1175 1311
115 41 1175 776
117 42 1175 905
117 43 1175 386
125 44 1175 1753
127 45 1175 1031
128 47 1175 423
128 46 1175 561
129 48 1175 795
131 49 1175 1067
133 50 1175 943
137 51 1175 1389
137 52 1175 190
144 53 1175 1711
150 55 1175 220
150 54 1175 1635
152 58 1175 291
152 56 1175 1083
152 57 1175 38
156 59 1175 1420
160 60 1175 1346
161 61 1175 801
166 62 1175 1606
171 63 1175 1597
171 64 1175 232
188 66 1175 365
188 65 1175 1915
195 67 1175 1709
195 68 1175 294
199 69 1175 1482
205 70 1175 1607
208 71 1175 1182
215 72 1175 1730
222 73 1175 1721
225 74 1175 1215
231 75 1175 1665
234 76 1175 1238
236 77 1175 1049
238 78 1175 1076
241 79 1175 1280
243 80 1175 1126
243 81 1175 249
250 82 1175 1735
252 85 1175 171
252 84 1175 385
252 83 1175 1076
254 86 1175 955
254 87 1175 43
257 88 1175 1281
257 89 1175 458
267 90 1175 1835
267 91 1175 250
268 93 1175 369
268 94 1175 67
268 92 1175 679
269 95 1175 509
271 96 1175 1095
274 97 1175 1232
274 98 1175 154
282 99 1175 1763
283 100 1175 666
284 102 1175 128
284 101 1175 776
287 103 1175 1238
291 104 1175 1384
297 105 1175 1686
302 106 1175 1583
302 107 1175 394
302 108 1175 496
315 109 1175 1895
317 110 1175 907
317 111 1175 34
319 112 1175 886
321 114 1175 294
321 113 1175 936
323 115 1175 1096
325 116 1175 991
326 117 1175 529
329 118 1175 1212
329 119 1175 60
331 120 1175 959
331 121 1175 322
331 122 1175 428
339 123 1175 1761
344 124 1175 1571
348 125 1175 1357
349 126 1175 502
353 127 1175 1361
359 128 1175 1653
360 129 1175 706
361 130 1175 570
361 131 1175 5
363 132 1175 895
366 133 1175 1237
367 134 1175 614
367 135 1175 349
367 136 1175 121
367 137 1175 496
373 138 1175 1617
374 139 1175 623
375 140 1175 512
376 141 1175 561
380 142 1175 1472
383 143 1175 1310
387 144 1175 1476
396 145 1175 1801
399 146 1175 1288
405 147 1175 1668
405 148 1175 75
407 149 1175 895
411 150 1175 1443
412 152 1175 20
412 153 1175 93
412 151 1175 565
413 154 1175 804
413 155 1175 343
413 156 1175 348
413 157 1175 292
418 158 1175 1592
418 159 1175 26
421 161 1175 222
421 160 1175 1184
422 162 1175 665
429 163 1175 1714
432 164 1175 1325
434 165 1175 901
436 166 1175 1064
441 167 1175 1573
441 168 1175 322
452 169 1175 1869
454 171 1175 494
454 170 1175 975
455 172 1175 837
456 173 1175 588
460 174 1175 1473
460 175 1175 397
461 176 1175 775
463 177 1175 1042
463 178 1175 285
470 179 1175 1694
470 180 1175 68
471 181 1175 759
474 182 1175 1285
475 183 1175 757
478 184 1175 1187
478 185 1175 4
494 186 1175 1910
495 189 1175 270
495 190 1175 1
495 187 1175 801
495 188 1175 433
503 191 1175 1754
504 192 1175 829
509 193 1175 1590
513 194 1175 1364
513 195 1175 290
522 196 1175 1821
528 197 1175 1682
544 198 1175 1910
545 199 1175 575
546 200 1175 737
552 201 1175 1640
556 202 1175 1345
556 203 1175 131
566 204 1175 1845
568 205 1175 949
574 206 1175 1652
578 207 1175 1357
579 209 1175 407
579 208 1175 545
583 210 1175 1493
586 211 1175 1231
586 212 1175 6
595 213 1175 1822
607 214 1175 1883
607 215 1175 425
608 216 1175 861
618 217 1175 1832
619 218 1175 527
622 219 1175 1320
624 220 1175 915
624 221 1175 262
626 222 1175 1140
626 223 1175 52
637 224 1175 1868
640 225 1175 1146
645 226 1175 1589
648 227 1175 1172
651 228 1175 1149
654 229 1175 1182
655 230 1175 501
657 231 1175 1017
659 232 1175 1056
665 233 1175 1635
667 234 1175 957
667 235 1175 353
670 236 1175 1338
673 237 1175 1154
674 240 1175 277
674 238 1175 837
674 239 1175 238
675 241 1175 553
675 242 1175 255
675 243 1175 26
676 244 1175 702
677 245 1175 695
684 246 1175 1747
686 247 1175 932
692 248 1175 1632
694 249 1175 939
698 250 1175 1353
715 251 1175 1913
718 252 1175 1154
719 253 1175 590
724 254 1175 1584
724 255 1175 474
725 256 1175 499
728 257 1175 1293
728 258 1175 188
729 259 1175 699
732 260 1175 1284
732 261 1175 480
732 262 1175 208
735 263 1175 1287
745 266 1175 174
745 267 1175 296
745 264 1175 1830
745 265 1175 475
746 268 1175 864
751 269 1175 1529
753 270 1175 1011
759 271 1175 1632
761 272 1175 995
761 273 1175 289
763 276 1175 6
763 275 1175 362
763 274 1175 1043
765 277 1175 1114
768 278 1175 1275
771 279 1175 1172
774 280 1175 1324
775 281 1175 657
779 282 1175 1465
779 283 1175 209
787 284 1175 1754
788 285 1175 512
796 286 1175 1787
796 287 1175 465
796 288 1175 50
796 289 1175 482
804 290 1175 1778
804 291 1175 45
806 292 1175 966
806 293 1175 137
808 294 1175 878
815 296 1175 345
815 295 1175 1721
817 297 1175 893
817 298 1175 120
817 299 1175 226
818 300 1175 520
822 301 1175 1450
822 302 1175 67
822 303 1175 102
832 304 1175 1852
838 305 1175 1646
840 306 1175 918
