2 0 308 1125
2 1 308 463
4 2 308 992
6 3 308 1012
6 4 308 450
11 5 308 1517
11 6 308 75
11 7 308 481
12 9 308 424
12 8 308 752
20 10 308 1776
21 11 308 702
23 12 308 1114
24 13 308 814
26 14 308 1007
27 15 308 850
27 16 308 445
28 17 308 563
34 18 308 1688
39 19 308 1514
41 20 308 1130
41 21 308 115
41 22 308 382
41 23 308 392
41 24 308 398
43 25 308 972
49 26 308 1681
52 27 308 1314
57 28 308 1510
57 29 308 10
57 30 308 44
60 31 308 1144
64 32 308 1490
66 33 308 955
73 34 308 1733
75 35 308 1136
77 36 308 1104
80 37 308 1251
81 38 308 860
81 39 308 455
82 40 308 587
82 41 308 451
87 42 308 1602
88 43 308 831
94 44 308 1642
96 45 308 888
97 46 308 836
109 47 308 1874
118 48 308 1805
119 49 308 550
119 50 308 87
119 51 308 313
130 52 308 1867
131 53 308 674
132 54 308 638
134 56 308 80
134 55 308 1009
135 57 308 599
136 58 308 613
140 59 308 1402
148 60 308 1761
149 61 308 685
151 62 308 895
152 64 308 379
152 63 308 742
153 65 308 632
155 66 308 1136
155 67 308 158
157 68 308 1006
166 69 308 1795
172 70 308 1670
174 71 308 1118
180 72 308 1627
183 73 308 1232
185 74 308 927
186 76 308 438
186 75 308 679
190 77 308 1476
191 78 308 674
195 79 308 1435
195 80 308 136
202 81 308 1731
206 82 308 1433
208 83 308 960
218 84 308 1848
224 85 308 1655
227 86 308 1202
228 87 308 816
228 88 308 316
229 89 308 723
231 90 308 1055
232 91 308 504
233 92 308 637
237 93 308 1382
238 94 308 619
247 95 308 1826
251 96 308 1481
252 97 308 859
252 98 308 451
254 99 308 1010
260 100 308 1677
261 101 308 677
262 102 308 868
262 103 308 9
263 104 308 804
265 105 308 893
266 106 308 610
267 107 308 635
273 108 308 1672
285 109 308 1884
286 110 308 570
287 111 308 529
297 112 308 1850
299 113 308 1102
302 115 308 29
302 114 308 1266
305 116 308 1177
316 117 308 1859
317 118 308 819
318 119 308 648
322 120 308 1354
322 121 308 319
330 122 308 1766
330 123 308 283
331 124 308 740
334 125 308 1166
334 126 308 481
334 127 308 244
335 128 308 612
337 129 308 1025
339 130 308 1122
344 131 308 1504
346 132 308 1025
351 133 308 1588
357 134 308 1683
361 135 308 1383
362 136 308 863
366 137 308 1424
366 138 308 155
368 139 308 954
370 140 308 1044
371 141 308 566
373 144 308 152
373 142 308 1068
373 143 308 357
374 145 308 526
375 146 308 579
379 147 308 1460
379 148 308 116
380 149 308 590
381 150 308 649
386 151 308 1546
386 152 308 39
393 153 308 1727
398 154 308 1581
402 155 308 1357
403 156 308 835
404 157 308 584
407 158 308 1194
412 161 308 366
412 162 308 22
412 159 308 1563
412 160 308 412
413 163 308 646
414 164 308 762
416 165 308 991
420 166 308 1429
420 167 308 261
423 168 308 1344
432 169 308 1807
434 170 308 1090
440 171 308 1678
447 172 308 1704
455 173 308 1789
460 174 308 1528
461 175 308 787
464 176 308 1175
468 177 308 1409
468 178 308 130
468 179 308 213
469 180 308 587
471 184 308 376
471 183 308 22
471 181 308 945
471 182 308 128
476 185 308 1501
480 186 308 1464
483 189 308 325
483 187 308 1222
483 188 308 7
484 192 308 229
484 191 308 278
484 190 308 548
485 193 308 517
486 194 308 542
487 195 308 678
488 196 308 544
488 197 308 422
493 198 308 1520
495 199 308 1085
497 203 308 233
497 202 308 115
497 200 308 1022
497 201 308 317
501 204 308 1424
503 205 308 895
511 207 308 174
511 206 308 1767
511 208 308 198
512 210 308 181
512 209 308 793
516 211 308 1350
516 212 308 454
518 213 308 981
520 214 308 975
524 218 308 269
524 215 308 1391
524 216 308 237
524 217 308 0
527 219 308 1185
531 220 308 1452
531 221 308 206
531 222 308 254
533 223 308 1018
536 224 308 1259
537 225 308 811
541 226 308 1448
544 227 308 1186
547 228 308 1247
548 230 308 243
548 229 308 850
549 231 308 753
558 232 308 1814
560 233 308 969
562 234 308 1116
562 235 308 270
563 236 308 830
572 237 308 1819
573 238 308 522
577 239 308 1406
583 240 308 1658
586 241 308 1289
588 242 308 1023
590 243 308 1139
590 244 308 144
592 245 308 1122
599 246 308 1749
602 247 308 1173
606 248 308 1467
608 249 308 1076
608 250 308 440
609 251 308 543
609 252 308 152
609 253 308 334
614 254 308 1558
615 255 308 815
615 256 308 62
617 257 308 1022
619 258 308 899
620 259 308 613
624 260 308 1372
625 261 308 581
626 262 308 852
629 263 308 1273
630 264 308 549
634 265 308 1353
638 266 308 1460
642 267 308 1409
650 268 308 1789
651 269 308 705
652 270 308 560
652 271 308 343
656 272 308 1403
657 273 308 788
661 274 308 1452
661 275 308 163
663 276 308 1108
665 277 308 1040
667 278 308 874
667 279 308 136
669 280 308 987
669 281 308 275
675 282 308 1644
675 283 308 170
675 284 308 409
681 285 308 1624
682 286 308 600
686 287 308 1480
689 288 308 1336
689 289 308 300
689 290 308 207
696 291 308 1733
698 292 308 919
708 293 308 1834
708 294 308 33
710 296 308 436
710 295 308 1077
716 297 308 1674
717 298 308 589
718 299 308 716
723 300 308 1586
723 301 308 339
726 302 308 1308
727 303 308 761
728 305 308 97
728 304 308 515
730 306 308 1065
