2 0 1412 1067
4 1 1412 905
6 2 1412 993
10 3 1412 1366
12 4 1412 913
14 5 1412 1140
20 6 1412 1611
20 7 1412 443
22 8 1412 954
23 9 1412 645
35 10 1412 1881
36 11 1412 813
36 12 1412 481
36 13 1412 50
37 14 1412 766
39 15 1412 928
40 16 1412 702
40 17 1412 283
42 18 1412 1003
44 19 1412 1130
54 20 1412 1829
56 21 1412 942
60 22 1412 1436
60 23 1412 36
62 24 1412 1052
69 25 1412 1730
71 26 1412 1101
72 27 1412 780
73 28 1412 611
74 29 1412 573
76 30 1412 1063
79 31 1412 1230
90 32 1412 1872
90 33 1412 263
91 34 1412 725
92 35 1412 817
98 36 1412 1642
101 37 1412 1318
113 38 1412 1878
114 39 1412 702
114 40 1412 338
117 41 1412 1268
121 42 1412 1390
121 43 1412 160
122 45 1412 429
122 46 1412 434
122 44 1412 621
123 47 1412 669
128 48 1412 1502
128 49 1412 72
133 50 1412 1595
133 51 1412 228
133 52 1412 405
138 53 1412 1495
142 54 1412 1482
142 55 1412 124
146 56 1412 1394
148 57 1412 957
148 58 1412 313
150 59 1412 1107
150 60 1412 38
151 61 1412 830
159 62 1412 1756
159 63 1412 380
164 64 1412 1506
165 65 1412 650
166 67 1412 217
166 66 1412 865
169 68 1412 1249
181 69 1412 1874
184 70 1412 1211
187 71 1412 1308
187 72 1412 329
187 73 1412 301
188 74 1412 792
189 75 1412 561
193 76 1412 1477
196 77 1412 1275
199 78 1412 1339
200 79 1412 623
203 80 1412 1295
203 81 1412 432
206 82 1412 1202
207 83 1412 539
209 84 1412 903
210 85 1412 835
211 86 1412 825
211 87 1412 376
212 88 1412 706
213 89 1412 600
217 90 1412 1348
218 91 1412 684
220 92 1412 1005
221 93 1412 771
222 94 1412 663
226 95 1412 1432
230 96 1412 1436
232 97 1412 1009
233 98 1412 578
247 99 1412 1896
251 100 1412 1488
251 101 1412 216
254 102 1412 1344
259 103 1412 1553
260 105 1412 286
260 104 1412 785
269 106 1412 1823
269 107 1412 104
270 108 1412 703
272 109 1412 920
273 110 1412 572
273 111 1412 118
278 112 1412 1542
284 113 1412 1614
291 114 1412 1737
296 115 1412 1531
301 116 1412 1553
304 117 1412 1217
308 118 1412 1402
309 119 1412 671
316 120 1412 1750
316 121 1412 489
320 122 1412 1436
321 123 1412 648
322 124 1412 525
323 125 1412 526
323 126 1412 303
327 127 1412 1483
332 128 1412 1562
335 129 1412 1285
337 130 1412 1050
337 131 1412 467
338 132 1412 697
342 133 1412 1368
344 134 1412 1060
346 135 1412 1078
348 136 1412 1012
353 137 1412 1573
359 138 1412 1678
360 139 1412 616
362 140 1412 936
363 141 1412 721
368 142 1412 1598
375 144 1412 28
375 143 1412 1710
378 145 1412 1230
380 146 1412 1066
383 147 1412 1316
385 148 1412 959
387 149 1412 1057
396 150 1412 1803
396 151 1412 218
401 152 1412 1532
411 154 1412 146
411 153 1412 1831
413 155 1412 999
414 156 1412 705
415 157 1412 696
417 158 1412 1027
417 159 1412 259
432 160 1412 1908
432 161 1412 340
432 162 1412 467
435 163 1412 1343
444 164 1412 1795
444 165 1412 104
448 166 1412 1346
448 167 1412 174
449 168 1412 553
450 169 1412 658
451 170 1412 519
466 171 1412 1904
470 172 1412 1464
471 173 1412 785
477 174 1412 1660
479 175 1412 1029
480 176 1412 815
486 177 1412 1651
487 178 1412 620
490 179 1412 1220
494 180 1412 1384
496 181 1412 912
497 182 1412 523
498 183 1412 504
502 184 1412 1406
503 185 1412 831
504 186 1412 859
505 187 1412 790
508 188 1412 1222
508 189 1412 61
508 190 1412 373
508 191 1412 316
509 192 1412 545
513 193 1412 1418
514 194 1412 633
515 195 1412 595
515 196 1412 254
515 197 1412 255
525 198 1412 1839
535 199 1412 1849
544 200 1412 1809
546 201 1412 892
547 203 1412 301
547 202 1412 762
548 204 1412 538
557 205 1412 1823
558 206 1412 678
559 207 1412 747
559 208 1412 171
561 209 1412 1042
561 210 1412 183
563 212 1412 75
563 211 1412 978
570 213 1412 1732
571 214 1412 799
573 215 1412 996
580 216 1412 1742
593 217 1412 1887
604 218 1412 1861
606 219 1412 964
609 220 1412 1169
610 221 1412 555
612 222 1412 877
612 223 1412 492
612 224 1412 284
612 225 1412 203
616 226 1412 1359
616 227 1412 45
616 228 1412 151
618 229 1412 1064
619 230 1412 774
620 231 1412 559
627 232 1412 1736
628 233 1412 696
631 234 1412 1336
631 235 1412 492
631 236 1412 149
631 237 1412 222
644 238 1412 1891
649 241 1412 112
649 239 1412 1507
649 240 1412 153
650 242 1412 618
650 243 1412 180
659 244 1412 1802
662 245 1412 1320
662 246 1412 240
663 247 1412 738
664 248 1412 619
669 249 1412 1562
670 250 1412 778
670 251 1412 291
670 252 1412 318
672 253 1412 875
673 254 1412 679
676 260 1412 464
676 259 1412 335
676 258 1412 16
676 256 1412 14
676 255 1412 1253
676 257 1412 270
677 261 1412 632
678 262 1412 595
680 263 1412 1032
680 264 1412 267
685 265 1412 1548
688 266 1412 1167
691 269 1412 307
691 268 1412 396
691 267 1412 1304
692 270 1412 846
697 271 1412 1519
717 272 1412 1920
717 273 1412 354
718 274 1412 810
720 275 1412 1057
731 276 1412 1862
732 277 1412 697
733 278 1412 614
735 279 1412 889
748 280 1412 1888
749 281 1412 621
753 282 1412 1351
754 283 1412 514
754 284 1412 286
754 285 1412 483
754 286 1412 241
755 290 1412 477
755 289 1412 83
755 287 1412 861
755 288 1412 17
764 291 1412 1804
764 292 1412 206
769 293 1412 1556
771 294 1412 1042
775 295 1412 1445
779 296 1412 1442
784 297 1412 1511
794 298 1412 1838
794 299 1412 254
794 300 1412 152
795 301 1412 860
795 302 1412 342
795 303 1412 312
796 304 1412 715
799 305 1412 1184
799 306 1412 296
