2 0 1068 1067
2 1 1068 308
3 2 1068 526
9 3 1068 1681
9 4 1068 11
12 5 1068 1334
12 6 1068 351
24 7 1068 1885
29 8 1068 1516
32 9 1068 1296
35 10 1068 1274
38 11 1068 1175
47 12 1068 1812
48 13 1068 577
48 14 1068 85
48 15 1068 185
51 16 1068 1154
51 17 1068 482
58 19 1068 111
58 18 1068 1714
61 20 1068 1324
72 21 1068 1858
76 22 1068 1472
76 23 1068 321
77 24 1068 784
79 25 1068 1084
79 26 1068 179
81 27 1068 1043
82 28 1068 752
84 29 1068 875
87 30 1068 1297
87 31 1068 463
96 32 1068 1806
103 33 1068 1722
104 34 1068 758
105 35 1068 546
107 36 1068 1113
108 37 1068 575
109 38 1068 620
112 39 1068 1208
129 40 1068 1915
130 41 1068 700
131 42 1068 808
131 43 1068 377
132 44 1068 639
133 45 1068 574
137 46 1068 1493
148 47 1068 1855
149 48 1068 504
150 49 1068 803
151 50 1068 533
155 51 1068 1404
159 52 1068 1357
160 53 1068 800
162 54 1068 1110
164 55 1068 1134
165 57 1068 205
165 56 1068 761
167 58 1068 897
168 59 1068 852
171 60 1068 1154
174 61 1068 1232
176 62 1068 1133
177 63 1068 640
200 64 1068 1923
201 65 1068 811
204 67 1068 90
204 66 1068 1294
211 68 1068 1744
215 69 1068 1464
217 70 1068 996
218 71 1068 579
226 72 1068 1786
227 73 1068 505
227 74 1068 120
228 75 1068 623
230 76 1068 1049
232 77 1068 1094
238 78 1068 1607
238 79 1068 209
243 80 1068 1515
243 81 1068 249
244 82 1068 539
256 83 1068 1873
256 84 1068 342
265 85 1068 1818
267 86 1068 1031
269 87 1068 1006
270 88 1068 612
275 89 1068 1548
282 90 1068 1709
284 91 1068 908
289 92 1068 1602
296 93 1068 1693
296 94 1068 53
297 95 1068 683
301 96 1068 1492
301 97 1068 168
301 98 1068 379
309 99 1068 1753
312 100 1068 1205
316 101 1068 1403
316 102 1068 110
318 103 1068 964
325 104 1068 1731
337 105 1068 1878
342 106 1068 1542
343 107 1068 851
344 108 1068 679
344 109 1068 486
344 110 1068 84
349 111 1068 1591
350 112 1068 523
351 113 1068 688
354 114 1068 1261
356 115 1068 904
357 116 1068 693
360 117 1068 1184
360 118 1068 297
360 119 1068 105
367 120 1068 1704
367 121 1068 287
371 123 1068 195
371 122 1068 1402
377 124 1068 1679
377 125 1068 88
379 126 1068 901
379 127 1068 93
379 128 1068 451
383 129 1068 1362
385 130 1068 1056
387 131 1068 881
388 132 1068 715
396 133 1068 1778
398 134 1068 929
398 135 1068 111
398 136 1068 139
403 142 1068 327
403 141 1068 179
403 140 1068 275
403 143 1068 125
403 138 1068 141
403 137 1068 1499
403 139 1068 388
407 144 1068 1464
407 145 1068 118
407 146 1068 385
409 147 1068 914
409 148 1068 431
411 149 1068 1074
428 151 1068 307
428 150 1068 1914
437 154 1068 48
437 153 1068 273
437 152 1068 1796
439 155 1068 918
439 156 1068 0
449 157 1068 1840
452 158 1068 1210
458 159 1068 1643
460 160 1068 977
464 162 1068 399
464 161 1068 1449
467 163 1068 1241
471 164 1068 1355
473 165 1068 1128
475 166 1068 876
476 167 1068 669
482 168 1068 1683
485 169 1068 1150
486 170 1068 765
488 171 1068 1119
490 172 1068 1042
500 173 1068 1833
508 174 1068 1755
513 175 1068 1525
525 176 1068 1884
528 177 1068 1277
529 178 1068 656
534 179 1068 1561
540 180 1068 1628
556 181 1068 1912
561 182 1068 1587
564 183 1068 1302
568 184 1068 1373
569 185 1068 748
571 186 1068 1009
571 187 1068 441
578 193 1068 423
578 192 1068 289
578 191 1068 223
578 189 1068 11
578 188 1068 1730
578 190 1068 110
581 194 1068 1336
582 195 1068 750
589 196 1068 1704
591 197 1068 1010
592 198 1068 695
592 199 1068 335
595 200 1068 1166
601 201 1068 1641
604 202 1068 1155
607 203 1068 1206
607 204 1068 308
608 205 1068 795
611 206 1068 1189
624 208 1068 443
624 207 1068 1887
624 209 1068 448
626 210 1068 958
627 211 1068 648
630 212 1068 1184
635 213 1068 1573
635 214 1068 15
637 215 1068 989
645 216 1068 1787
647 217 1068 1021
655 218 1068 1793
656 219 1068 606
656 220 1068 118
656 221 1068 435
657 222 1068 863
663 223 1068 1672
665 224 1068 1039
666 225 1068 541
667 226 1068 829
668 228 1068 496
668 227 1068 619
670 229 1068 1004
677 230 1068 1745
679 231 1068 873
680 232 1068 582
680 233 1068 320
680 234 1068 394
696 235 1068 1911
697 236 1068 757
697 237 1068 381
699 238 1068 994
700 239 1068 578
704 240 1068 1483
706 241 1068 1046
728 242 1068 1922
731 243 1068 1282
733 244 1068 977
737 245 1068 1387
739 246 1068 964
740 248 1068 408
740 249 1068 347
740 247 1068 640
742 250 1068 888
743 251 1068 682
746 252 1068 1142
746 253 1068 88
746 254 1068 216
747 255 1068 731
748 256 1068 777
752 258 1068 166
752 257 1068 1407
759 259 1068 1691
772 260 1068 1890
773 261 1068 570
777 262 1068 1390
781 263 1068 1364
782 264 1068 627
782 265 1068 84
782 266 1068 66
783 267 1068 864
786 270 1068 231
786 268 1068 1178
786 269 1068 28
790 271 1068 1406
790 272 1068 27
793 273 1068 1214
795 274 1068 1048
797 275 1068 996
797 276 1068 437
802 277 1068 1506
803 278 1068 694
808 279 1068 1576
813 280 1068 1502
813 281 1068 189
813 282 1068 211
813 283 1068 149
813 284 1068 115
815 285 1068 1063
821 288 1068 103
821 287 1068 493
821 286 1068 1656
826 289 1068 1588
828 290 1068 1134
831 291 1068 1275
831 292 1068 214
834 293 1068 1228
835 294 1068 613
837 295 1068 913
842 296 1068 1581
843 297 1068 558
844 298 1068 654
846 299 1068 893
849 300 1068 1321
849 301 1068 100
853 302 1068 1386
853 303 1068 379
853 304 1068 115
857 305 1068 1407
858 306 1068 655
