6 0 1172 1674
9 1 1172 1183
10 2 1172 589
19 3 1172 1804
20 4 1172 753
20 5 1172 128
22 6 1172 1082
30 7 1172 1772
32 9 1172 61
32 8 1172 1041
37 10 1172 1545
40 11 1172 1175
41 12 1172 778
41 13 1172 349
41 14 1172 167
57 15 1172 1910
58 16 1172 756
65 21 1172 362
65 22 1172 81
65 20 1172 274
65 18 1172 376
65 17 1172 1750
65 19 1172 226
72 23 1172 1695
75 24 1172 1218
77 25 1172 1128
79 26 1172 1142
80 27 1172 771
83 28 1172 1336
88 29 1172 1548
95 30 1172 1740
96 31 1172 733
98 32 1172 919
98 33 1172 219
102 34 1172 1474
107 35 1172 1584
114 36 1172 1725
117 38 1172 365
117 37 1172 1156
120 39 1172 1250
121 40 1172 766
131 41 1172 1844
132 42 1172 608
133 43 1172 751
135 44 1172 914
136 45 1172 858
142 46 1172 1632
153 47 1172 1865
159 48 1172 1636
160 49 1172 846
163 50 1172 1215
165 51 1172 983
167 52 1172 906
170 53 1172 1212
173 54 1172 1243
176 55 1172 1311
178 56 1172 1102
179 57 1172 819
180 58 1172 586
185 59 1172 1550
187 60 1172 910
187 61 1172 310
187 62 1172 436
191 63 1172 1417
191 64 1172 245
192 66 1172 255
192 65 1172 811
193 67 1172 558
194 68 1172 800
195 69 1172 507
195 70 1172 185
200 71 1172 1525
204 72 1172 1384
206 73 1172 1050
210 74 1172 1385
210 75 1172 354
216 76 1172 1679
219 77 1172 1254
220 78 1172 780
220 79 1172 360
224 80 1172 1420
227 81 1172 1201
229 82 1172 1060
229 83 1172 489
229 84 1172 333
230 85 1172 757
238 86 1172 1752
244 87 1172 1632
246 88 1172 901
246 89 1172 162
246 90 1172 482
248 91 1172 906
249 92 1172 570
250 95 1172 455
250 94 1172 339
250 93 1172 740
254 96 1172 1407
256 97 1172 1116
257 98 1172 505
257 99 1172 103
258 100 1172 602
260 101 1172 1074
262 102 1172 1065
264 103 1172 1128
265 104 1172 660
271 105 1172 1615
276 106 1172 1523
284 107 1172 1780
292 108 1172 1752
294 109 1172 888
299 110 1172 1556
307 113 1172 226
307 114 1172 129
307 111 1172 1772
307 112 1172 38
313 115 1172 1634
316 116 1172 1174
327 117 1172 1871
329 118 1172 1083
333 119 1172 1413
335 120 1172 984
336 121 1172 547
341 122 1172 1582
342 123 1172 637
342 124 1172 24
345 125 1172 1204
347 126 1172 955
348 127 1172 643
349 128 1172 711
351 129 1172 929
353 130 1172 872
354 131 1172 563
355 132 1172 748
356 133 1172 677
362 134 1172 1682
362 135 1172 346
362 136 1172 136
373 137 1172 1856
381 138 1172 1754
382 139 1172 643
385 140 1172 1158
399 141 1172 1896
408 143 1172 12
408 142 1172 1805
409 144 1172 530
410 145 1172 635
411 146 1172 867
411 147 1172 344
412 148 1172 611
413 149 1172 629
416 150 1172 1206
420 151 1172 1460
420 152 1172 32
422 153 1172 1017
424 154 1172 1043
424 155 1172 55
428 156 1172 1417
428 157 1172 427
430 158 1172 1103
434 159 1172 1381
435 160 1172 660
437 161 1172 880
439 162 1172 1069
440 164 1172 16
440 163 1172 823
442 165 1172 993
444 166 1172 1023
447 167 1172 1286
447 168 1172 468
454 169 1172 1708
459 170 1172 1498
462 174 1172 254
462 173 1172 440
462 172 1172 117
462 171 1172 1243
464 175 1172 1012
465 176 1172 666
470 177 1172 1569
470 178 1172 106
473 179 1172 1314
473 180 1172 337
474 183 1172 81
474 182 1172 32
474 181 1172 611
480 184 1172 1647
483 185 1172 1336
484 186 1172 530
490 187 1172 1656
495 188 1172 1558
501 189 1172 1626
502 190 1172 853
508 191 1172 1633
509 192 1172 752
509 193 1172 373
524 194 1172 1908
524 195 1172 278
525 196 1172 827
527 197 1172 982
547 198 1172 1921
551 199 1172 1462
556 200 1172 1537
561 201 1172 1506
570 202 1172 1800
571 203 1172 827
573 204 1172 1056
586 205 1172 1887
589 206 1172 1343
594 207 1172 1517
595 208 1172 763
595 209 1172 30
598 210 1172 1313
606 211 1172 1772
606 212 1172 320
613 213 1172 1714
615 214 1172 1044
615 215 1172 49
616 216 1172 847
618 217 1172 987
620 218 1172 1100
621 220 1172 462
621 219 1172 604
624 221 1172 1292
630 222 1172 1652
631 223 1172 766
632 224 1172 854
640 225 1172 1789
640 226 1172 490
646 227 1172 1669
646 228 1172 456
660 230 1172 185
660 229 1172 1900
666 231 1172 1609
671 232 1172 1573
672 233 1172 569
679 234 1172 1702
680 235 1172 755
681 236 1172 735
683 237 1172 1129
685 238 1172 949
691 239 1172 1685
709 240 1172 1917
711 241 1172 938
713 242 1172 892
718 243 1172 1528
718 244 1172 313
720 245 1172 1006
723 246 1172 1312
725 247 1172 962
728 248 1172 1254
739 249 1172 1859
743 250 1172 1356
751 251 1172 1764
760 252 1172 1807
763 253 1172 1316
765 254 1172 999
765 255 1172 244
773 256 1172 1779
775 257 1172 1033
789 258 1172 1897
792 259 1172 1192
796 260 1172 1396
801 261 1172 1599
803 262 1172 1060
804 263 1172 788
812 264 1172 1770
818 265 1172 1629
818 266 1172 198
824 269 1172 288
824 268 1172 12
824 267 1172 1676
827 270 1172 1238
833 271 1172 1642
833 272 1172 37
836 273 1172 1340
837 274 1172 612
841 275 1172 1449
841 276 1172 399
841 277 1172 124
841 278 1172 453
849 279 1172 1773
849 280 1172 476
853 281 1172 1452
853 282 1172 415
854 283 1172 522
855 284 1172 544
855 285 1172 345
862 287 1172 257
862 286 1172 1727
866 288 1172 1494
870 289 1172 1457
872 290 1172 901
878 291 1172 1627
881 292 1172 1157
887 295 1172 318
887 293 1172 1682
887 294 1172 288
896 296 1172 1802
896 297 1172 104
902 298 1172 1682
903 299 1172 609
904 300 1172 807
909 301 1172 1561
911 302 1172 950
913 303 1172 965
914 304 1172 620
920 305 1172 1638
927 306 1172 1726
