13 0 226 1889
14 1 226 653
17 2 226 1317
19 3 226 1099
21 4 226 960
24 5 226 1266
24 6 226 445
25 7 226 583
31 8 226 1659
44 9 226 1890
51 10 226 1694
54 11 226 1161
54 12 226 445
54 13 226 76
54 14 226 268
56 15 226 887
71 16 226 1904
77 17 226 1641
80 19 226 341
80 18 226 1277
88 20 226 1759
88 21 226 348
88 22 226 419
94 23 226 1677
94 24 226 246
94 25 226 70
97 26 226 1319
99 27 226 891
101 28 226 1064
102 29 226 756
104 30 226 1049
106 31 226 1077
111 32 226 1503
112 33 226 783
115 34 226 1274
115 35 226 451
115 36 226 79
118 39 226 253
118 37 226 1246
118 38 226 391
124 40 226 1655
124 41 226 187
125 42 226 550
130 43 226 1604
132 44 226 1052
134 49 226 13
134 48 226 65
134 47 226 326
134 46 226 442
134 45 226 1043
138 50 226 1448
144 51 226 1673
146 52 226 1024
152 53 226 1647
157 54 226 1545
162 55 226 1541
162 56 226 234
167 57 226 1564
168 58 226 852
170 59 226 890
181 60 226 1871
185 61 226 1478
189 62 226 1443
191 63 226 903
192 64 226 841
193 65 226 616
198 66 226 1582
203 67 226 1587
204 68 226 727
211 69 226 1741
212 70 226 807
213 71 226 657
216 72 226 1250
218 73 226 1023
219 74 226 611
224 75 226 1571
231 76 226 1722
232 77 226 740
233 78 226 624
235 79 226 1128
240 80 226 1552
242 81 226 993
243 82 226 825
245 83 226 1051
248 84 226 1233
251 86 226 53
251 85 226 1301
259 87 226 1780
262 88 226 1162
268 89 226 1657
268 90 226 217
268 91 226 440
268 92 226 394
272 94 226 306
272 95 226 176
272 93 226 1426
273 96 226 668
278 97 226 1572
279 98 226 763
279 99 226 435
283 100 226 1385
284 101 226 780
289 103 226 249
289 102 226 1524
291 104 226 1130
292 105 226 790
292 106 226 423
292 107 226 0
294 108 226 1036
308 109 226 1898
315 110 226 1743
319 111 226 1419
321 112 226 939
327 113 226 1649
330 114 226 1263
332 115 226 878
333 116 226 652
333 117 226 392
338 118 226 1594
342 119 226 1465
343 120 226 563
350 121 226 1727
350 122 226 424
352 123 226 994
357 124 226 1524
357 125 226 367
357 126 226 263
364 127 226 1748
365 128 226 717
365 129 226 434
367 130 226 902
367 131 226 150
381 133 226 188
381 132 226 1901
387 134 226 1668
388 135 226 771
392 136 226 1394
393 137 226 576
403 138 226 1846
403 139 226 442
405 141 226 52
405 140 226 878
406 142 226 744
409 143 226 1189
419 144 226 1839
420 145 226 723
424 146 226 1425
425 147 226 669
425 148 226 163
429 149 226 1353
433 151 226 276
433 150 226 1448
447 152 226 1902
450 153 226 1223
459 154 226 1797
464 155 226 1582
464 156 226 355
465 157 226 529
466 158 226 649
467 159 226 762
468 160 226 526
469 161 226 599
472 162 226 1208
473 163 226 601
475 164 226 995
480 165 226 1592
484 166 226 1442
485 167 226 750
500 168 226 1905
500 169 226 491
504 171 226 76
504 172 226 470
504 170 226 1409
507 173 226 1151
508 174 226 586
509 175 226 511
511 176 226 983
514 177 226 1160
516 178 226 1079
517 179 226 800
518 180 226 867
523 181 226 1518
528 182 226 1585
531 183 226 1288
533 184 226 911
534 185 226 626
534 186 226 173
535 188 226 316
535 189 226 85
535 187 226 678
535 190 226 416
536 191 226 864
546 192 226 1851
548 193 226 1083
558 194 226 1841
558 195 226 279
559 196 226 768
559 197 226 142
559 198 226 193
559 199 226 247
562 200 226 1205
563 201 226 674
564 202 226 689
569 203 226 1596
580 204 226 1869
584 205 226 1372
591 206 226 1730
592 207 226 750
593 208 226 636
596 209 226 1285
597 210 226 599
599 211 226 1119
603 212 226 1375
611 213 226 1774
620 214 226 1820
622 215 226 932
624 216 226 938
634 217 226 1844
640 218 226 1615
640 219 226 369
644 220 226 1419
645 221 226 764
645 222 226 434
654 223 226 1819
654 224 226 74
655 225 226 545
655 226 226 149
658 227 226 1312
661 228 226 1235
661 229 226 307
667 230 226 1667
668 231 226 840
670 232 226 967
671 233 226 832
676 234 226 1519
676 235 226 192
677 236 226 829
694 237 226 1914
697 238 226 1344
701 239 226 1463
702 240 226 820
706 241 226 1347
706 242 226 41
708 243 226 955
712 244 226 1411
715 245 226 1222
719 246 226 1413
719 247 226 77
722 248 226 1188
724 249 226 908
727 250 226 1265
728 251 226 849
728 252 226 452
735 253 226 1749
736 254 226 752
736 255 226 441
736 256 226 240
737 257 226 794
742 258 226 1522
745 259 226 1324
748 260 226 1223
748 261 226 418
752 262 226 1440
752 263 226 329
757 264 226 1543
763 265 226 1683
763 266 226 152
764 268 226 254
764 267 226 542
770 269 226 1627
770 270 226 102
772 271 226 949
773 272 226 499
773 273 226 151
777 274 226 1474
777 275 226 71
778 276 226 723
782 278 226 408
782 277 226 1403
783 279 226 777
785 280 226 1056
785 281 226 71
785 282 226 124
785 283 226 327
787 284 226 966
788 286 226 387
788 285 226 818
791 288 226 79
791 287 226 1143
793 289 226 1078
805 290 226 1877
805 291 226 35
805 292 226 392
805 293 226 20
805 294 226 240
805 295 226 401
815 296 226 1832
821 297 226 1637
824 298 226 1337
830 299 226 1652
832 300 226 1069
834 301 226 871
841 302 226 1747
845 303 226 1485
846 305 226 316
846 304 226 805
846 306 226 349
