3 0 801 1267
12 1 801 1813
17 2 801 1571
19 3 801 877
19 4 801 470
20 5 801 687
34 6 801 1898
38 7 801 1435
55 9 801 366
55 8 801 1916
64 10 801 1826
66 11 801 984
66 12 801 401
74 13 801 1781
89 14 801 1906
91 15 801 960
92 16 801 686
107 17 801 1909
117 18 801 1839
120 19 801 1202
120 20 801 75
125 21 801 1509
127 22 801 904
127 23 801 344
128 24 801 662
131 25 801 1303
134 26 801 1337
142 27 801 1767
142 28 801 187
143 29 801 686
145 30 801 959
149 31 801 1408
150 32 801 561
150 33 801 395
153 34 801 1303
162 36 801 322
162 37 801 435
162 35 801 1821
163 38 801 732
163 39 801 160
163 40 801 47
165 41 801 877
170 42 801 1590
172 43 801 1022
175 44 801 1209
175 45 801 38
178 46 801 1148
180 47 801 1035
184 48 801 1357
191 49 801 1745
195 50 801 1381
195 51 801 467
195 52 801 342
199 53 801 1476
202 54 801 1162
208 55 801 1683
210 56 801 908
213 57 801 1227
213 58 801 215
215 59 801 1092
218 60 801 1274
218 61 801 131
221 62 801 1248
224 63 801 1230
227 69 801 84
227 68 801 478
227 67 801 6
227 65 801 417
227 64 801 1331
227 66 801 423
228 70 801 637
228 71 801 251
231 72 801 1176
237 73 801 1678
240 74 801 1154
242 75 801 1122
252 76 801 1844
261 77 801 1806
263 78 801 1059
264 79 801 624
264 80 801 154
264 81 801 302
264 82 801 410
264 83 801 366
267 85 801 492
267 84 801 1229
269 86 801 1066
271 87 801 1009
274 88 801 1157
279 89 801 1544
281 90 801 912
283 91 801 1020
283 92 801 220
288 93 801 1565
289 94 801 810
299 95 801 1841
304 96 801 1553
304 97 801 360
310 98 801 1616
311 99 801 791
316 100 801 1539
318 101 801 1142
319 102 801 556
322 103 801 1272
324 104 801 1107
326 105 801 1130
329 106 801 1216
330 107 801 588
330 108 801 321
330 109 801 40
338 110 801 1764
340 111 801 1027
340 112 801 167
345 113 801 1516
347 114 801 937
349 115 801 972
355 116 801 1645
357 117 801 881
357 118 801 0
358 119 801 839
361 120 801 1276
364 121 801 1338
365 122 801 774
366 123 801 858
368 124 801 1097
373 125 801 1542
373 126 801 31
378 127 801 1536
379 128 801 867
382 129 801 1238
386 130 801 1493
390 132 801 190
390 133 801 268
390 131 801 1483
392 134 801 1009
394 135 801 937
400 136 801 1670
402 137 801 1063
405 138 801 1184
405 139 801 98
408 141 801 477
408 140 801 1201
409 142 801 688
411 143 801 1117
418 144 801 1705
427 145 801 1810
428 146 801 853
429 147 801 629
430 148 801 627
438 149 801 1763
438 150 801 195
439 151 801 672
439 152 801 359
440 153 801 776
444 154 801 1440
444 155 801 201
444 156 801 367
450 157 801 1622
450 158 801 174
454 159 801 1490
456 160 801 1098
461 161 801 1604
467 162 801 1646
469 163 801 1008
469 164 801 471
469 165 801 280
470 166 801 836
479 167 801 1824
480 168 801 506
480 169 801 0
483 170 801 1227
484 171 801 582
490 172 801 1622
499 173 801 1826
504 174 801 1562
505 175 801 798
506 176 801 650
511 177 801 1582
513 178 801 1078
516 179 801 1212
517 180 801 689
520 181 801 1327
522 182 801 908
524 183 801 1029
526 184 801 1042
527 185 801 821
529 186 801 1124
532 187 801 1339
533 188 801 753
534 189 801 808
535 191 801 47
535 190 801 569
537 192 801 888
543 193 801 1619
545 194 801 925
550 195 801 1521
551 196 801 756
556 197 801 1604
557 198 801 645
561 199 801 1425
563 200 801 974
565 201 801 954
565 202 801 122
566 203 801 627
567 204 801 536
572 205 801 1538
574 206 801 974
574 207 801 457
576 208 801 1139
577 209 801 641
581 210 801 1475
582 211 801 710
583 212 801 544
585 213 801 887
586 214 801 800
593 215 801 1696
594 216 801 696
595 217 801 616
608 218 801 1891
613 219 801 1574
615 220 801 1081
619 221 801 1422
621 222 801 1070
627 223 801 1623
631 224 801 1355
634 225 801 1179
640 227 801 3
640 226 801 1619
642 229 801 41
642 230 801 42
642 228 801 901
644 231 801 970
646 232 801 936
651 233 801 1577
651 234 801 237
657 235 801 1660
660 237 801 280
660 238 801 493
660 236 801 1204
664 239 801 1429
672 240 801 1771
673 241 801 666
673 242 801 199
673 243 801 111
676 244 801 1257
684 245 801 1783
688 246 801 1428
688 247 801 0
689 248 801 818
692 249 801 1153
693 250 801 825
693 251 801 139
699 252 801 1637
701 253 801 995
701 254 801 344
705 255 801 1477
714 257 801 423
714 256 801 1808
717 258 801 1197
720 259 801 1281
730 260 801 1843
732 261 801 971
736 262 801 1480
738 263 801 1098
739 264 801 598
740 265 801 505
747 266 801 1699
749 267 801 891
750 268 801 649
752 269 801 1065
752 270 801 491
752 271 801 415
752 272 801 123
752 273 801 462
759 274 801 1728
759 275 801 414
762 276 801 1222
764 278 801 366
764 277 801 959
769 279 801 1496
775 280 801 1675
781 281 801 1618
783 282 801 1109
789 283 801 1673
791 284 801 1140
800 285 801 1827
803 286 801 1257
814 287 801 1866
817 288 801 1233
818 289 801 685
826 290 801 1777
827 291 801 781
829 292 801 1008
831 293 801 1136
836 294 801 1510
837 295 801 800
839 296 801 1110
841 297 801 1026
845 298 801 1437
846 299 801 751
846 300 801 84
847 301 801 536
850 302 801 1275
856 303 801 1678
857 305 801 409
857 304 801 661
857 306 801 16
