4 0 988 1469
4 1 988 134
7 2 988 1165
7 3 988 218
9 4 988 1054
9 5 988 307
16 6 988 1727
17 8 988 431
17 7 988 827
24 9 988 1738
24 10 988 117
26 11 988 926
27 16 988 43
27 12 988 603
27 13 988 287
27 14 988 344
27 15 988 104
31 17 988 1369
40 18 988 1820
45 19 988 1597
58 20 988 1895
59 21 988 752
59 22 988 165
59 23 988 25
59 24 988 258
64 25 988 1558
68 26 988 1462
70 28 988 461
70 27 988 922
71 29 988 639
72 30 988 740
75 31 988 1299
77 32 988 1066
78 33 988 739
79 34 988 853
81 35 988 1042
83 36 988 918
91 37 988 1760
98 38 988 1749
101 39 988 1177
105 40 988 1365
105 41 988 485
105 42 988 226
107 43 988 915
110 44 988 1320
112 45 988 1077
116 46 988 1398
123 47 988 1729
124 48 988 709
126 49 988 1092
133 50 988 1706
133 51 988 437
133 52 988 464
135 53 988 923
142 54 988 1727
143 55 988 716
156 56 988 1894
158 57 988 1139
170 58 988 1885
174 59 988 1421
175 60 988 770
176 61 988 805
176 62 988 365
183 63 988 1717
185 64 988 998
186 65 988 743
194 66 988 1785
202 67 988 1789
206 68 988 1358
209 69 988 1227
211 70 988 1110
211 71 988 207
216 72 988 1545
217 73 988 643
217 74 988 231
221 75 988 1409
222 76 988 525
225 77 988 1174
226 78 988 629
228 79 988 1106
228 80 988 159
234 81 988 1657
234 82 988 212
237 83 988 1294
238 84 988 858
238 85 988 303
239 87 988 142
239 86 988 834
241 88 988 936
241 89 988 136
243 90 988 1072
250 91 988 1704
259 92 988 1800
259 93 988 328
259 94 988 406
260 97 988 434
260 95 988 560
260 96 988 119
270 98 988 1842
271 99 988 576
274 100 988 1216
279 101 988 1533
279 102 988 370
283 103 988 1407
298 104 988 1906
303 105 988 1499
304 106 988 817
311 107 988 1745
312 108 988 692
312 109 988 317
312 110 988 191
313 111 988 719
314 112 988 510
315 113 988 778
318 114 988 1261
320 115 988 1037
321 116 988 592
323 117 988 996
324 118 988 858
325 119 988 694
335 120 988 1834
341 121 988 1643
342 122 988 853
345 124 988 154
345 123 988 1221
348 125 988 1331
348 126 988 332
351 127 988 1216
351 128 988 237
356 129 988 1596
359 130 988 1289
359 131 988 91
362 133 988 53
362 132 988 1256
371 134 988 1814
372 135 988 550
375 136 988 1287
376 137 988 729
379 138 988 1312
382 139 988 1284
386 140 988 1410
388 141 988 1013
392 142 988 1374
393 143 988 618
404 144 988 1870
404 145 988 352
407 146 988 1193
409 147 988 1021
411 148 988 991
414 149 988 1294
427 150 988 1892
429 151 988 1048
434 152 988 1500
437 153 988 1148
438 154 988 667
443 155 988 1497
444 156 988 680
446 157 988 1073
449 158 988 1253
450 159 988 574
453 160 988 1166
458 161 988 1525
463 162 988 1508
465 163 988 1020
467 164 988 953
467 165 988 99
471 166 988 1388
471 167 988 456
473 168 988 888
474 169 988 711
480 170 988 1675
488 171 988 1787
494 172 988 1609
499 173 988 1499
502 174 988 1208
503 175 988 820
503 176 988 268
503 177 988 234
506 178 988 1276
513 180 988 137
513 179 988 1726
516 181 988 1235
516 182 988 225
517 183 988 867
523 184 988 1629
523 185 988 241
524 186 988 515
524 187 988 108
527 188 988 1310
527 189 988 316
535 191 988 213
535 190 988 1795
539 192 988 1401
540 193 988 737
540 194 988 117
549 195 988 1810
553 196 988 1430
553 197 988 354
558 198 988 1590
566 199 988 1770
568 200 988 889
569 201 988 736
569 202 988 132
569 203 988 280
574 204 988 1544
574 205 988 104
578 206 988 1364
578 207 988 0
589 208 988 1864
597 209 988 1772
600 211 988 446
600 210 988 1229
607 212 988 1722
611 213 988 1451
611 214 988 436
622 215 988 1856
625 216 988 1300
626 217 988 640
629 218 988 1316
630 219 988 712
635 220 988 1509
638 221 988 1279
640 222 988 1071
641 223 988 572
642 224 988 841
646 225 988 1461
646 226 988 386
648 227 988 871
652 228 988 1382
655 229 988 1323
658 230 988 1315
668 231 988 1839
669 232 988 569
673 233 988 1430
674 234 988 836
677 235 988 1325
679 236 988 1102
690 237 988 1870
693 238 988 1248
698 239 988 1524
699 240 988 801
700 241 988 515
700 242 988 169
704 243 988 1463
706 244 988 1012
710 245 988 1348
710 246 988 416
722 248 988 300
722 249 988 185
722 247 988 1874
723 250 988 510
724 251 988 789
726 252 988 962
728 253 988 877
728 254 988 261
733 255 988 1535
738 256 988 1590
742 257 988 1485
746 259 988 83
746 258 988 1363
752 260 988 1643
752 261 988 492
753 262 988 542
754 263 988 540
754 264 988 456
757 265 988 1314
766 266 988 1801
766 267 988 291
767 268 988 614
769 269 988 1036
770 270 988 754
774 271 988 1354
777 272 988 1317
784 273 988 1716
794 274 988 1835
796 275 988 994
798 276 988 1110
803 277 988 1532
807 278 988 1484
811 279 988 1417
813 280 988 1044
813 281 988 436
814 282 988 570
817 283 988 1197
818 284 988 813
819 285 988 526
821 286 988 877
827 287 988 1616
830 288 988 1169
833 289 988 1226
839 290 988 1660
844 291 988 1541
845 292 988 506
848 293 988 1165
857 294 988 1806
857 295 988 309
871 296 988 1897
876 297 988 1553
878 298 988 1007
884 299 988 1623
888 300 988 1472
888 301 988 125
891 302 988 1259
894 303 988 1189
898 304 988 1356
900 305 988 1080
904 306 988 1396
