5 0 395 1601
12 1 395 1734
12 2 395 151
14 3 395 907
21 4 395 1697
22 5 395 539
29 6 395 1702
32 7 395 1239
33 8 395 656
35 9 395 978
36 10 395 611
36 11 395 99
37 12 395 852
37 13 395 313
38 14 395 610
40 15 395 1115
43 16 395 1145
44 17 395 716
44 18 395 406
45 19 395 755
48 20 395 1307
50 21 395 902
54 22 395 1436
64 23 395 1830
64 24 395 270
64 25 395 19
64 26 395 112
67 27 395 1291
68 28 395 806
70 29 395 884
71 30 395 790
71 31 395 446
77 32 395 1677
78 33 395 698
81 34 395 1170
85 35 395 1408
86 36 395 784
86 37 395 232
88 39 395 197
88 38 395 1000
97 40 395 1820
97 41 395 472
101 42 395 1375
109 43 395 1755
109 44 395 436
111 45 395 1022
111 46 395 89
114 47 395 1231
119 50 395 445
119 48 395 1536
119 49 395 411
122 51 395 1206
122 52 395 60
122 53 395 43
122 54 395 357
123 56 395 298
123 55 395 699
123 57 395 246
124 58 395 637
130 59 395 1677
130 60 395 427
130 61 395 410
130 62 395 433
137 66 395 347
137 65 395 165
137 67 395 153
137 63 395 1696
137 64 395 187
139 68 395 1068
141 69 395 1126
141 70 395 331
143 71 395 913
149 72 395 1640
149 73 395 209
150 74 395 859
151 75 395 834
155 76 395 1451
160 77 395 1605
164 78 395 1393
167 79 395 1173
178 80 395 1855
179 81 395 806
185 82 395 1680
185 83 395 394
185 84 395 439
190 85 395 1509
190 86 395 385
196 89 395 471
196 87 395 1634
196 88 395 341
198 90 395 1110
199 91 395 538
204 92 395 1520
207 93 395 1248
214 94 395 1695
218 95 395 1410
218 96 395 38
223 97 395 1603
228 98 395 1568
228 99 395 270
229 100 395 675
240 101 395 1860
240 102 395 163
240 103 395 410
240 104 395 79
244 105 395 1456
248 106 395 1490
256 107 395 1776
258 108 395 1108
262 109 395 1447
265 110 395 1172
266 111 395 617
267 112 395 777
271 113 395 1389
278 114 395 1747
283 115 395 1545
284 117 395 38
284 116 395 655
287 118 395 1257
288 119 395 603
295 120 395 1704
296 121 395 637
303 122 395 1736
304 123 395 596
304 124 395 16
311 125 395 1718
314 128 395 438
314 126 395 1318
314 127 395 392
318 129 395 1374
319 130 395 796
327 131 395 1772
327 132 395 36
329 134 395 497
329 133 395 1123
348 135 395 1919
349 136 395 642
352 137 395 1269
352 138 395 315
354 139 395 907
354 140 395 18
355 141 395 534
356 142 395 525
357 143 395 819
360 145 395 492
360 144 395 1224
366 146 395 1685
366 147 395 131
370 148 395 1425
370 149 395 149
371 150 395 754
399 151 395 1924
399 152 395 346
401 156 395 124
401 155 395 37
401 153 395 964
401 154 395 490
405 157 395 1491
405 158 395 393
405 159 395 286
405 160 395 138
407 161 395 1098
410 162 395 1337
416 163 395 1658
417 164 395 651
420 165 395 1324
421 166 395 581
426 167 395 1579
428 168 395 891
436 169 395 1752
438 170 395 903
441 171 395 1310
447 173 395 349
447 172 395 1648
448 174 395 585
451 175 395 1170
451 176 395 112
453 177 395 917
456 178 395 1297
460 179 395 1448
460 180 395 32
463 181 395 1186
465 183 395 289
465 182 395 891
466 184 395 620
467 185 395 796
471 186 395 1426
473 187 395 996
474 188 395 632
474 189 395 460
482 190 395 1795
484 191 395 1076
486 193 395 28
486 192 395 876
487 194 395 769
488 195 395 845
490 196 395 1122
491 197 395 792
491 198 395 168
500 199 395 1825
510 200 395 1836
510 201 395 106
513 202 395 1164
518 203 395 1598
521 204 395 1171
525 205 395 1368
525 206 395 275
546 207 395 1921
546 208 395 379
549 209 395 1245
559 210 395 1850
561 212 395 194
561 211 395 1131
563 213 395 870
563 214 395 253
565 215 395 876
565 216 395 206
567 217 395 1048
569 218 395 1038
577 219 395 1779
586 220 395 1822
591 221 395 1509
593 222 395 946
593 223 395 431
605 224 395 1882
613 225 395 1751
613 226 395 434
619 227 395 1620
624 228 395 1505
630 229 395 1664
630 230 395 47
633 231 395 1244
634 232 395 749
638 233 395 1396
643 234 395 1537
653 235 395 1850
653 236 395 22
656 237 395 1218
658 238 395 1042
661 239 395 1176
662 240 395 521
666 241 395 1429
667 242 395 617
670 243 395 1311
671 244 395 534
672 245 395 663
674 246 395 881
674 247 395 6
681 248 395 1699
690 249 395 1817
691 251 395 74
691 250 395 638
697 252 395 1679
697 253 395 313
697 254 395 2
697 255 395 327
699 256 395 1084
700 257 395 733
706 258 395 1640
709 259 395 1344
711 260 395 934
712 261 395 580
712 262 395 416
713 263 395 639
716 264 395 1197
717 265 395 605
717 266 395 382
718 267 395 722
721 269 395 328
721 268 395 1257
722 270 395 854
724 271 395 913
724 272 395 5
732 273 395 1786
735 274 395 1258
735 275 395 393
737 276 395 892
742 277 395 1560
751 278 395 1821
754 279 395 1218
756 280 395 870
756 281 395 428
766 282 395 1845
772 283 395 1612
774 284 395 1026
788 285 395 1898
792 287 395 435
792 286 395 1490
796 288 395 1394
799 289 395 1210
800 290 395 766
803 291 395 1213
808 292 395 1502
814 293 395 1623
814 294 395 242
825 295 395 1865
827 296 395 1013
841 297 395 1902
841 298 395 113
851 299 395 1853
851 300 395 281
851 301 395 158
852 302 395 673
856 303 395 1371
858 304 395 963
864 305 395 1650
864 306 395 68
