0 0 1103 446
4 1 1103 1468
5 2 1103 781
9 3 1103 1460
13 4 1103 1446
14 5 1103 756
23 6 1103 1804
24 7 1103 813
32 8 1103 1772
39 9 1103 1696
43 10 1103 1406
45 11 1103 999
53 12 1103 1768
53 13 1103 357
60 14 1103 1723
60 15 1103 258
71 16 1103 1861
72 18 1103 351
72 17 1103 749
74 19 1103 971
79 20 1103 1564
81 21 1103 1094
81 22 1103 32
83 23 1103 913
86 26 1103 198
86 24 1103 1199
86 25 1103 392
105 27 1103 1919
114 28 1103 1800
115 29 1103 805
118 30 1103 1208
119 31 1103 794
120 32 1103 864
123 33 1103 1334
124 34 1103 787
141 35 1103 1915
145 36 1103 1356
151 37 1103 1688
153 38 1103 961
155 39 1103 1116
155 40 1103 308
159 41 1103 1390
169 42 1103 1848
176 43 1103 1720
177 44 1103 795
181 45 1103 1494
181 46 1103 274
182 47 1103 639
191 48 1103 1795
192 49 1103 611
192 50 1103 466
192 51 1103 199
193 52 1103 675
194 53 1103 628
195 54 1103 727
198 55 1103 1276
202 56 1103 1436
210 58 1103 260
210 57 1103 1792
212 59 1103 1054
213 60 1103 558
222 61 1103 1810
224 62 1103 938
226 63 1103 967
226 64 1103 488
227 66 1103 134
227 67 1103 433
227 65 1103 611
232 68 1103 1495
239 69 1103 1732
240 70 1103 826
240 71 1103 172
247 72 1103 1713
250 73 1103 1160
251 75 1103 174
251 74 1103 663
254 78 1103 117
254 76 1103 1170
254 77 1103 236
260 79 1103 1630
260 80 1103 117
264 81 1103 1483
264 82 1103 123
267 83 1103 1188
267 84 1103 338
269 87 1103 236
269 86 1103 119
269 85 1103 1009
270 88 1103 606
274 89 1103 1435
274 90 1103 479
278 91 1103 1488
282 92 1103 1428
292 93 1103 1832
293 95 1103 422
293 96 1103 452
293 94 1103 558
295 97 1103 881
298 98 1103 1231
298 99 1103 183
302 100 1103 1360
310 101 1103 1765
312 102 1103 1068
312 103 1103 62
319 105 1103 293
319 106 1103 410
319 104 1103 1709
323 107 1103 1439
336 108 1103 1889
337 109 1103 553
337 110 1103 105
340 111 1103 1199
346 112 1103 1675
347 113 1103 554
349 114 1103 936
351 115 1103 999
357 116 1103 1686
363 117 1103 1674
364 118 1103 628
368 119 1103 1404
368 120 1103 492
377 121 1103 1823
385 122 1103 1752
385 123 1103 60
388 124 1103 1253
391 125 1103 1263
392 126 1103 669
401 127 1103 1805
402 128 1103 602
402 129 1103 240
408 130 1103 1647
408 131 1103 289
410 132 1103 929
421 137 1103 60
421 136 1103 415
421 133 1103 1858
421 134 1103 270
421 135 1103 277
425 138 1103 1404
425 139 1103 44
426 140 1103 598
427 141 1103 604
427 142 1103 271
427 143 1103 53
430 144 1103 1330
433 145 1103 1205
440 146 1103 1738
442 147 1103 873
444 148 1103 896
448 149 1103 1483
449 150 1103 661
450 151 1103 703
450 152 1103 253
458 153 1103 1752
464 154 1103 1616
468 155 1103 1461
468 156 1103 13
470 157 1103 1008
471 158 1103 734
471 159 1103 445
476 160 1103 1549
477 161 1103 530
478 162 1103 837
484 163 1103 1648
485 164 1103 831
492 165 1103 1741
492 166 1103 269
499 167 1103 1742
499 168 1103 284
500 169 1103 659
501 170 1103 583
507 172 1103 269
507 171 1103 1625
508 173 1103 583
509 174 1103 806
518 175 1103 1812
523 176 1103 1551
530 177 1103 1698
531 178 1103 654
531 179 1103 47
535 180 1103 1450
542 181 1103 1721
544 182 1103 909
546 183 1103 1043
551 184 1103 1504
553 185 1103 944
553 186 1103 35
555 187 1103 1102
555 188 1103 241
556 189 1103 733
556 190 1103 263
559 191 1103 1332
562 192 1103 1250
564 193 1103 959
564 194 1103 420
564 195 1103 68
571 196 1103 1692
572 197 1103 547
575 198 1103 1147
580 199 1103 1513
582 200 1103 935
602 201 1103 1920
603 202 1103 588
603 203 1103 236
605 204 1103 900
607 205 1103 960
607 206 1103 433
612 207 1103 1594
614 208 1103 946
621 209 1103 1728
631 212 1103 353
631 210 1103 1834
631 211 1103 239
632 213 1103 686
634 214 1103 920
642 215 1103 1753
647 216 1103 1545
654 217 1103 1719
654 218 1103 144
663 219 1103 1812
670 220 1103 1705
672 221 1103 1092
677 222 1103 1500
681 223 1103 1476
681 224 1103 395
684 225 1103 1176
684 226 1103 375
687 227 1103 1235
687 228 1103 162
688 230 1103 120
688 229 1103 737
690 231 1103 1004
691 232 1103 551
693 233 1103 1065
695 234 1103 1037
699 235 1103 1454
701 236 1103 1132
702 238 1103 143
702 237 1103 672
703 239 1103 543
704 240 1103 510
704 241 1103 366
704 242 1103 156
704 243 1103 438
705 245 1103 24
705 244 1103 823
707 246 1103 978
708 248 1103 38
708 247 1103 563
709 249 1103 592
709 250 1103 448
723 251 1103 1898
723 252 1103 403
726 253 1103 1259
733 254 1103 1733
741 256 1103 420
741 255 1103 1767
743 257 1103 1036
751 258 1103 1766
757 259 1103 1649
758 260 1103 585
760 261 1103 1123
764 262 1103 1431
764 263 1103 208
770 264 1103 1608
771 265 1103 830
777 266 1103 1612
780 267 1103 1212
785 268 1103 1574
789 269 1103 1390
790 270 1103 620
792 271 1103 872
797 272 1103 1575
802 273 1103 1525
805 274 1103 1301
808 275 1103 1339
810 276 1103 936
812 277 1103 1062
813 278 1103 653
813 279 1103 370
813 280 1103 197
820 281 1103 1736
823 282 1103 1196
827 283 1103 1495
827 284 1103 289
827 285 1103 147
828 286 1103 601
831 287 1103 1216
834 288 1103 1257
837 289 1103 1195
839 290 1103 1034
839 291 1103 95
840 292 1103 831
840 293 1103 418
852 294 1103 1883
855 295 1103 1312
856 296 1103 859
868 297 1103 1872
869 298 1103 754
887 299 1103 1917
887 300 1103 336
894 301 1103 1691
896 302 1103 914
897 303 1103 572
911 304 1103 1897
916 305 1103 1500
916 306 1103 322
