6 0 884 1683
6 1 884 201
6 2 884 434
8 3 884 1122
8 4 884 238
11 7 884 120
11 8 884 489
11 5 884 1251
11 6 884 425
13 9 884 992
15 10 884 873
16 11 884 549
17 12 884 865
21 13 884 1412
23 14 884 1125
30 15 884 1749
31 16 884 739
33 18 884 85
33 17 884 1061
34 19 884 806
34 20 884 35
41 21 884 1746
41 22 884 467
47 23 884 1647
51 24 884 1480
54 25 884 1146
55 26 884 636
56 27 884 778
56 28 884 48
60 29 884 1470
67 30 884 1740
67 31 884 485
74 32 884 1714
82 33 884 1768
83 35 884 180
83 34 884 620
90 36 884 1727
91 37 884 669
93 38 884 1108
98 39 884 1598
99 40 884 676
102 41 884 1322
103 42 884 750
108 43 884 1551
112 44 884 1440
114 45 884 1116
116 46 884 1074
118 47 884 930
118 48 884 137
122 49 884 1452
124 50 884 1077
136 51 884 1876
141 52 884 1555
141 53 884 129
141 54 884 475
152 55 884 1861
158 56 884 1659
159 57 884 712
164 58 884 1566
166 59 884 1017
167 60 884 614
172 61 884 1571
172 62 884 71
174 63 884 943
177 64 884 1177
177 65 884 388
178 66 884 760
180 67 884 1021
181 68 884 791
183 69 884 945
183 70 884 22
183 71 884 70
195 72 884 1878
195 73 884 412
195 74 884 129
196 75 884 638
198 76 884 996
199 77 884 840
199 78 884 206
199 79 884 363
199 80 884 71
205 81 884 1631
206 82 884 641
207 83 884 521
207 84 884 393
215 85 884 1789
216 86 884 854
221 87 884 1584
224 88 884 1292
225 89 884 684
225 90 884 446
227 91 884 1014
229 92 884 1027
229 93 884 91
231 94 884 984
233 95 884 1030
236 96 884 1250
243 97 884 1731
243 98 884 374
245 99 884 1052
245 100 884 356
245 101 884 52
245 102 884 138
247 103 884 1116
251 104 884 1430
253 105 884 1007
275 106 884 1922
278 107 884 1143
278 108 884 0
286 109 884 1761
287 110 884 865
288 111 884 818
289 112 884 506
292 113 884 1203
294 114 884 945
296 115 884 907
298 116 884 930
302 117 884 1475
303 118 884 549
306 119 884 1312
310 120 884 1458
312 121 884 1100
318 122 884 1654
318 123 884 107
319 124 884 499
321 125 884 932
323 126 884 967
331 127 884 1786
335 128 884 1353
337 129 884 1024
340 130 884 1313
343 131 884 1189
343 132 884 466
345 135 884 18
345 133 884 1079
345 134 884 7
349 136 884 1493
353 137 884 1449
355 138 884 1016
358 139 884 1311
366 140 884 1791
372 141 884 1636
377 142 884 1584
381 143 884 1455
388 144 884 1744
393 145 884 1552
394 146 884 508
401 147 884 1749
403 148 884 1071
403 149 884 76
403 150 884 99
410 151 884 1699
413 152 884 1181
415 153 884 986
420 154 884 1518
423 155 884 1181
423 156 884 323
423 157 884 31
424 158 884 617
424 159 884 497
424 160 884 39
424 161 884 136
431 162 884 1715
433 163 884 900
433 164 884 448
438 165 884 1600
438 166 884 352
442 167 884 1352
445 168 884 1195
447 169 884 926
450 170 884 1339
454 172 884 459
454 171 884 1406
457 173 884 1163
461 174 884 1446
468 175 884 1747
472 176 884 1440
472 177 884 199
472 178 884 288
474 180 884 424
474 179 884 871
477 181 884 1142
478 182 884 715
481 183 884 1276
483 184 884 925
488 185 884 1539
488 186 884 8
492 187 884 1404
496 188 884 1485
497 189 884 751
503 190 884 1620
507 191 884 1461
508 192 884 831
509 193 884 518
512 194 884 1271
518 195 884 1655
528 196 884 1845
529 197 884 684
531 198 884 1007
531 199 884 143
534 200 884 1200
536 201 884 1081
537 202 884 553
537 203 884 144
538 204 884 661
539 205 884 618
542 206 884 1240
542 207 884 18
546 208 884 1465
553 209 884 1695
559 211 884 123
559 210 884 1665
565 212 884 1668
571 213 884 1670
571 214 884 72
572 215 884 822
576 216 884 1345
576 217 884 438
590 218 884 1900
591 219 884 834
596 220 884 1592
598 221 884 872
606 222 884 1791
606 223 884 444
609 224 884 1231
618 225 884 1802
619 226 884 574
630 227 884 1865
639 228 884 1816
646 229 884 1715
655 230 884 1826
656 231 884 756
658 232 884 1117
658 233 884 144
663 234 884 1596
666 235 884 1268
667 236 884 588
668 237 884 571
669 240 884 298
669 239 884 306
669 238 884 615
686 241 884 1914
697 242 884 1864
704 243 884 1714
706 244 884 1011
711 245 884 1497
718 246 884 1718
720 250 884 309
720 249 884 449
720 248 884 446
720 247 884 1086
724 251 884 1407
725 252 884 708
725 253 884 172
725 254 884 476
725 255 884 328
728 256 884 1214
728 257 884 109
729 258 884 838
730 259 884 783
730 260 884 43
733 261 884 1299
733 262 884 126
739 263 884 1674
747 264 884 1794
749 265 884 908
751 266 884 931
756 268 884 74
756 267 884 1524
757 269 884 729
757 270 884 233
758 271 884 774
765 272 884 1747
770 273 884 1593
771 274 884 535
776 275 884 1602
778 277 884 77
778 276 884 933
782 278 884 1358
788 279 884 1659
788 280 884 84
792 281 884 1413
796 282 884 1419
800 283 884 1367
804 285 884 419
804 284 884 1406
804 286 884 47
806 287 884 944
811 288 884 1592
814 289 884 1268
814 290 884 54
814 291 884 479
820 292 884 1658
828 293 884 1756
828 294 884 262
830 295 884 923
838 297 884 189
838 296 884 1787
848 298 884 1845
848 299 884 102
849 300 884 565
849 301 884 194
851 302 884 1012
857 303 884 1641
857 304 884 215
861 305 884 1459
866 306 884 1584
