5 0 1515 1543
5 1 1515 250
5 2 1515 153
8 3 1515 1261
8 4 1515 234
8 5 1515 162
11 6 1515 1313
14 7 1515 1201
15 8 1515 857
18 9 1515 1199
19 10 1515 716
19 11 1515 210
19 12 1515 218
23 13 1515 1474
23 14 1515 369
26 15 1515 1194
30 16 1515 1403
30 17 1515 436
36 20 1515 80
36 18 1515 1647
36 19 1515 372
43 21 1515 1729
44 22 1515 564
48 23 1515 1474
50 24 1515 924
51 25 1515 777
55 26 1515 1458
56 27 1515 757
66 28 1515 1831
70 29 1515 1448
79 30 1515 1809
80 31 1515 532
80 32 1515 134
80 33 1515 6
80 34 1515 162
82 35 1515 1089
85 39 1515 444
85 38 1515 94
85 37 1515 299
85 36 1515 1322
90 40 1515 1571
93 41 1515 1288
96 42 1515 1163
98 43 1515 1085
101 44 1515 1340
102 45 1515 563
108 46 1515 1612
108 47 1515 26
111 48 1515 1234
122 49 1515 1857
122 50 1515 28
124 51 1515 1121
125 52 1515 523
126 53 1515 864
129 54 1515 1200
136 55 1515 1738
142 56 1515 1611
143 58 1515 336
143 57 1515 603
147 59 1515 1382
148 60 1515 629
149 61 1515 555
152 62 1515 1295
155 63 1515 1334
158 66 1515 76
158 67 1515 212
158 64 1515 1314
158 65 1515 184
161 68 1515 1311
164 69 1515 1204
173 70 1515 1796
175 71 1515 1103
175 72 1515 342
178 73 1515 1203
179 74 1515 725
180 75 1515 717
181 76 1515 565
185 77 1515 1404
185 78 1515 134
185 79 1515 361
187 80 1515 1089
191 81 1515 1431
195 82 1515 1448
209 83 1515 1898
213 84 1515 1419
214 86 1515 9
214 85 1515 688
217 87 1515 1194
218 88 1515 730
218 89 1515 348
222 90 1515 1403
223 91 1515 718
236 92 1515 1887
237 93 1515 636
244 94 1515 1739
246 95 1515 1016
264 96 1515 1918
272 97 1515 1754
279 98 1515 1695
282 99 1515 1156
282 100 1515 486
286 101 1515 1400
287 104 1515 60
287 103 1515 29
287 102 1515 640
288 105 1515 850
289 106 1515 778
292 107 1515 1245
292 108 1515 139
292 109 1515 483
295 110 1515 1173
295 111 1515 206
295 112 1515 469
309 114 1515 292
309 113 1515 1900
311 115 1515 1123
313 116 1515 1031
316 117 1515 1322
326 118 1515 1839
327 119 1515 626
327 120 1515 175
328 121 1515 807
332 122 1515 1406
334 123 1515 962
341 124 1515 1726
343 125 1515 1078
345 126 1515 1140
351 127 1515 1630
355 128 1515 1388
361 129 1515 1634
362 130 1515 723
363 131 1515 736
369 132 1515 1633
371 133 1515 902
380 134 1515 1799
386 135 1515 1614
387 136 1515 791
391 137 1515 1419
401 138 1515 1837
402 139 1515 569
412 140 1515 1834
413 141 1515 688
415 143 1515 247
415 142 1515 1055
417 144 1515 1100
420 145 1515 1196
420 146 1515 248
436 147 1515 1912
436 148 1515 343
437 149 1515 616
453 150 1515 1909
454 151 1515 596
464 152 1515 1839
466 153 1515 1069
468 154 1515 980
473 155 1515 1604
492 156 1515 1918
497 157 1515 1602
497 158 1515 227
499 159 1515 907
505 160 1515 1634
507 161 1515 1072
515 163 1515 430
515 162 1515 1781
521 164 1515 1684
521 165 1515 437
521 166 1515 497
525 167 1515 1491
525 168 1515 100
526 169 1515 603
526 170 1515 331
531 171 1515 1537
535 172 1515 1409
538 173 1515 1270
539 174 1515 716
543 175 1515 1411
549 176 1515 1676
552 177 1515 1159
560 178 1515 1786
561 179 1515 530
562 180 1515 829
565 181 1515 1153
568 182 1515 1287
569 183 1515 771
575 184 1515 1649
575 185 1515 127
576 186 1515 821
577 187 1515 564
587 188 1515 1847
587 189 1515 195
593 190 1515 1620
595 191 1515 1113
598 192 1515 1192
600 193 1515 929
601 194 1515 860
602 195 1515 761
603 196 1515 832
604 197 1515 625
604 198 1515 487
605 199 1515 663
606 200 1515 698
607 201 1515 681
616 202 1515 1811
622 203 1515 1665
622 204 1515 284
622 205 1515 371
624 206 1515 1111
625 207 1515 569
625 208 1515 352
629 209 1515 1494
639 210 1515 1852
640 211 1515 759
647 212 1515 1740
653 213 1515 1621
653 214 1515 77
653 215 1515 481
660 216 1515 1710
662 217 1515 1009
663 218 1515 705
668 219 1515 1557
673 220 1515 1540
684 221 1515 1858
689 222 1515 1569
699 223 1515 1829
701 224 1515 907
704 225 1515 1143
704 226 1515 345
704 227 1515 479
704 228 1515 410
716 229 1515 1879
717 230 1515 579
719 231 1515 1051
720 232 1515 671
722 233 1515 1123
730 234 1515 1757
730 235 1515 147
733 236 1515 1266
738 237 1515 1546
738 238 1515 487
741 239 1515 1277
743 240 1515 940
743 241 1515 252
743 242 1515 212
743 243 1515 352
743 244 1515 268
744 245 1515 860
747 246 1515 1297
752 247 1515 1495
753 249 1515 378
753 248 1515 851
755 250 1515 976
762 251 1515 1747
772 252 1515 1845
773 253 1515 855
775 254 1515 1048
776 255 1515 765
778 256 1515 1036
793 257 1515 1906
794 258 1515 757
796 259 1515 1066
796 260 1515 26
797 261 1515 632
797 262 1515 158
797 263 1515 397
799 264 1515 915
800 266 1515 88
800 265 1515 801
801 267 1515 617
809 268 1515 1788
820 269 1515 1854
822 270 1515 1140
822 271 1515 164
823 272 1515 522
827 273 1515 1352
828 274 1515 616
831 275 1515 1287
837 276 1515 1645
840 277 1515 1217
845 279 1515 46
845 278 1515 1561
853 280 1515 1770
854 281 1515 774
859 282 1515 1552
859 283 1515 31
861 284 1515 903
862 285 1515 757
864 286 1515 1131
871 288 1515 74
871 287 1515 1741
873 289 1515 992
875 290 1515 1035
878 291 1515 1284
879 292 1515 788
883 293 1515 1345
886 294 1515 1251
886 295 1515 308
886 296 1515 93
893 297 1515 1739
897 298 1515 1362
901 299 1515 1391
902 300 1515 772
903 301 1515 679
909 302 1515 1631
911 303 1515 922
914 304 1515 1163
915 305 1515 812
918 306 1515 1224
