1 0 1445 584
2 1 1445 686
2 2 1445 71
3 3 1445 689
6 4 1445 1328
10 5 1445 1456
15 6 1445 1511
16 9 1445 188
16 8 1445 280
16 7 1445 696
17 10 1445 851
18 11 1445 612
24 12 1445 1676
27 13 1445 1166
45 14 1445 1917
45 15 1445 375
45 16 1445 294
47 17 1445 976
50 18 1445 1218
55 19 1445 1519
56 20 1445 604
59 21 1445 1204
67 22 1445 1787
68 23 1445 515
68 24 1445 368
68 25 1445 129
71 26 1445 1220
75 27 1445 1414
81 29 1445 223
81 28 1445 1659
82 30 1445 670
82 31 1445 356
83 32 1445 651
83 33 1445 177
86 34 1445 1179
91 35 1445 1549
93 36 1445 893
99 37 1445 1620
100 38 1445 642
103 39 1445 1257
103 40 1445 107
104 41 1445 633
105 42 1445 673
113 43 1445 1751
114 44 1445 861
122 45 1445 1757
126 46 1445 1468
128 47 1445 1097
129 48 1445 771
130 49 1445 667
137 50 1445 1714
138 51 1445 525
145 52 1445 1728
148 53 1445 1285
149 54 1445 746
152 55 1445 1304
153 56 1445 824
157 58 1445 321
157 57 1445 1481
160 59 1445 1199
160 60 1445 235
160 61 1445 97
162 62 1445 961
162 63 1445 57
166 64 1445 1442
166 65 1445 495
179 66 1445 1886
184 67 1445 1499
200 68 1445 1912
200 69 1445 367
204 70 1445 1406
205 71 1445 598
205 72 1445 333
217 73 1445 1885
221 74 1445 1411
235 75 1445 1896
236 77 1445 35
236 76 1445 531
241 78 1445 1579
242 79 1445 536
243 80 1445 585
243 81 1445 123
244 82 1445 642
246 83 1445 992
246 84 1445 433
246 85 1445 144
247 86 1445 553
250 87 1445 1291
254 88 1445 1356
263 89 1445 1800
264 90 1445 725
267 91 1445 1337
270 92 1445 1299
274 93 1445 1368
276 95 1445 10
276 94 1445 1022
281 96 1445 1596
282 97 1445 616
282 98 1445 309
282 99 1445 366
291 100 1445 1795
304 101 1445 1894
306 103 1445 403
306 102 1445 1110
309 104 1445 1185
311 105 1445 1116
311 106 1445 192
319 107 1445 1767
328 108 1445 1798
329 109 1445 775
330 110 1445 772
331 111 1445 789
340 112 1445 1826
347 113 1445 1709
348 115 1445 111
348 114 1445 613
352 116 1445 1379
365 117 1445 1894
370 118 1445 1548
373 119 1445 1298
384 120 1445 1866
385 121 1445 595
385 122 1445 143
385 123 1445 111
390 125 1445 68
390 124 1445 1567
393 126 1445 1223
395 127 1445 890
396 128 1445 862
400 129 1445 1401
400 130 1445 299
410 131 1445 1840
416 132 1445 1651
419 133 1445 1213
420 134 1445 665
421 135 1445 615
423 136 1445 938
423 137 1445 238
430 138 1445 1731
433 139 1445 1242
445 140 1445 1877
446 141 1445 710
450 142 1445 1417
451 143 1445 581
453 144 1445 1027
464 145 1445 1860
468 146 1445 1435
473 147 1445 1514
474 148 1445 754
476 149 1445 910
477 150 1445 555
483 151 1445 1627
485 152 1445 993
487 154 1445 424
487 153 1445 935
490 155 1445 1200
498 156 1445 1751
500 157 1445 998
501 158 1445 761
503 159 1445 1117
512 160 1445 1817
515 161 1445 1226
517 164 1445 475
517 163 1445 397
517 162 1445 905
518 165 1445 857
520 166 1445 1063
521 167 1445 613
523 168 1445 1044
546 169 1445 1923
548 170 1445 1098
550 172 1445 162
550 173 1445 305
550 171 1445 1140
554 174 1445 1345
557 175 1445 1156
559 176 1445 1102
563 177 1445 1487
565 178 1445 1009
571 179 1445 1632
572 180 1445 558
578 182 1445 136
578 181 1445 1634
590 183 1445 1877
591 184 1445 845
592 185 1445 596
593 186 1445 847
594 187 1445 715
595 188 1445 788
599 189 1445 1389
600 190 1445 789
611 191 1445 1865
615 192 1445 1402
616 193 1445 614
620 194 1445 1350
621 195 1445 650
628 196 1445 1730
630 197 1445 1020
630 198 1445 105
630 199 1445 170
631 200 1445 797
632 202 1445 470
632 201 1445 822
633 203 1445 755
640 204 1445 1737
643 205 1445 1339
647 206 1445 1464
648 207 1445 687
653 208 1445 1515
656 210 1445 98
656 211 1445 264
656 209 1445 1192
673 212 1445 1914
675 213 1445 1053
676 214 1445 559
676 215 1445 183
678 216 1445 1089
680 217 1445 953
684 218 1445 1476
693 220 1445 10
693 221 1445 348
693 219 1445 1803
700 222 1445 1749
705 223 1445 1579
707 224 1445 1133
710 225 1445 1158
716 226 1445 1662
720 227 1445 1473
722 228 1445 879
723 229 1445 694
727 231 1445 82
727 230 1445 1351
731 232 1445 1381
732 233 1445 838
733 234 1445 835
739 235 1445 1660
742 236 1445 1163
745 237 1445 1305
745 238 1445 140
749 239 1445 1430
751 241 1445 159
751 240 1445 1057
753 242 1445 1124
758 243 1445 1520
761 244 1445 1291
762 245 1445 525
774 246 1445 1875
774 247 1445 349
774 248 1445 55
777 249 1445 1167
781 250 1445 1486
782 251 1445 776
786 252 1445 1469
786 253 1445 227
786 254 1445 160
786 255 1445 448
788 256 1445 997
789 257 1445 815
794 258 1445 1547
795 259 1445 578
800 260 1445 1601
817 261 1445 1915
824 262 1445 1733
825 263 1445 820
833 264 1445 1766
833 265 1445 16
834 266 1445 807
836 267 1445 1075
836 268 1445 218
837 269 1445 823
839 270 1445 944
846 271 1445 1709
847 272 1445 813
847 273 1445 45
848 274 1445 746
856 275 1445 1775
859 276 1445 1148
859 277 1445 228
859 278 1445 288
860 279 1445 608
863 280 1445 1207
866 281 1445 1313
870 282 1445 1418
876 283 1445 1637
878 284 1445 1133
879 285 1445 574
880 286 1445 537
883 287 1445 1154
884 289 1445 386
884 288 1445 677
885 290 1445 663
885 291 1445 347
891 292 1445 1683
895 293 1445 1486
903 294 1445 1753
905 295 1445 1066
905 296 1445 351
905 297 1445 304
911 298 1445 1679
914 299 1445 1275
920 300 1445 1642
921 301 1445 800
921 302 1445 130
924 303 1445 1157
924 304 1445 222
931 305 1445 1701
944 306 1445 1888
