0 0 452 260
2 1 452 1113
4 2 452 870
4 3 452 292
5 4 452 610
7 5 452 996
14 6 452 1716
15 7 452 682
20 8 452 1550
23 9 452 1158
24 10 452 787
27 11 452 1234
28 12 452 720
28 13 452 375
33 14 452 1565
36 15 452 1240
36 16 452 269
42 17 452 1679
45 18 452 1145
50 19 452 1526
51 20 452 554
51 21 452 261
57 22 452 1678
60 23 452 1191
61 24 452 753
62 25 452 785
64 27 452 234
64 26 452 1018
73 28 452 1819
73 29 452 249
75 30 452 1073
75 31 452 303
75 32 452 263
77 35 452 286
77 33 452 956
77 34 452 491
87 36 452 1830
88 37 452 593
96 38 452 1783
96 39 452 150
103 40 452 1747
115 41 452 1873
115 42 452 448
115 43 452 111
115 44 452 252
118 45 452 1176
120 46 452 1104
123 47 452 1150
123 48 452 19
127 49 452 1414
131 50 452 1450
142 51 452 1856
148 52 452 1686
150 53 452 940
150 54 452 412
173 55 452 1923
177 56 452 1360
182 57 452 1603
186 58 452 1464
194 59 452 1750
208 60 452 1902
212 61 452 1481
213 62 452 787
216 63 452 1301
216 64 452 84
216 65 452 484
218 66 452 970
224 67 452 1688
233 68 452 1808
236 69 452 1279
239 70 452 1335
244 71 452 1601
253 72 452 1820
255 73 452 995
262 74 452 1704
263 75 452 605
270 76 452 1738
275 77 452 1566
277 78 452 939
282 79 452 1501
287 80 452 1605
295 81 452 1792
295 82 452 215
295 83 452 405
296 84 452 723
299 85 452 1142
300 86 452 542
303 87 452 1248
304 88 452 543
304 89 452 493
305 90 452 851
305 91 452 227
307 94 452 172
307 95 452 266
307 92 452 1053
307 93 452 32
309 96 452 1085
311 97 452 1072
311 98 452 26
318 99 452 1693
318 100 452 206
321 101 452 1341
324 102 452 1267
325 104 452 79
325 103 452 665
333 105 452 1774
333 106 452 35
334 107 452 690
337 108 452 1160
344 109 452 1732
344 110 452 185
351 111 452 1718
352 112 452 664
365 115 452 110
365 114 452 145
365 113 452 1887
368 116 452 1265
368 117 452 382
369 118 452 578
370 119 452 867
381 120 452 1867
387 121 452 1646
390 122 452 1144
393 124 452 427
393 123 452 1315
395 125 452 1108
396 126 452 547
404 127 452 1787
405 128 452 823
409 129 452 1437
413 130 452 1444
414 131 452 666
419 132 452 1540
422 133 452 1170
425 134 452 1295
425 135 452 264
426 136 452 524
430 137 452 1475
430 138 452 326
432 139 452 874
434 140 452 1106
442 141 452 1776
442 142 452 87
443 144 452 307
443 143 452 736
445 145 452 1058
449 146 452 1487
451 147 452 1091
460 148 452 1812
460 149 452 62
462 150 452 925
463 151 452 703
463 152 452 494
465 153 452 1083
473 154 452 1751
473 155 452 484
473 156 452 196
485 157 452 1877
485 158 452 237
487 159 452 896
490 160 452 1226
490 161 452 172
498 162 452 1792
504 163 452 1648
504 164 452 287
508 165 452 1444
508 166 452 177
512 167 452 1419
513 168 452 591
522 169 452 1805
527 170 452 1510
534 172 452 56
534 171 452 1714
540 173 452 1628
546 174 452 1685
546 175 452 91
551 176 452 1559
551 177 452 407
553 178 452 1007
556 179 452 1294
561 180 452 1545
565 181 452 1381
579 182 452 1899
580 183 452 760
581 184 452 511
582 185 452 741
582 186 452 172
582 187 452 456
585 188 452 1344
586 189 452 811
586 190 452 67
587 191 452 572
590 192 452 1237
594 193 452 1355
599 194 452 1573
601 195 452 934
616 196 452 1908
616 197 452 364
616 198 452 449
617 199 452 788
619 201 452 68
619 200 452 881
620 202 452 499
620 203 452 7
620 204 452 476
622 205 452 1135
623 206 452 646
624 207 452 790
627 208 452 1323
633 209 452 1660
634 210 452 849
641 211 452 1713
643 212 452 870
644 213 452 868
647 214 452 1275
655 215 452 1769
655 216 452 198
657 217 452 1031
659 218 452 1136
663 219 452 1471
666 220 452 1271
672 221 452 1645
672 222 452 74
679 223 452 1705
686 224 452 1738
688 225 452 937
688 226 452 477
689 227 452 626
689 228 452 55
690 230 452 107
690 229 452 751
693 231 452 1194
705 232 452 1883
705 233 452 218
705 234 452 413
709 235 452 1477
711 236 452 882
724 238 452 284
724 237 452 1892
727 239 452 1300
727 240 452 94
730 241 452 1306
732 242 452 1058
738 243 452 1609
751 245 452 278
751 244 452 1886
757 247 452 369
757 248 452 79
757 246 452 1627
764 249 452 1728
765 250 452 735
767 251 452 876
770 252 452 1153
772 253 452 903
776 254 452 1442
779 255 452 1160
798 256 452 1918
799 258 452 193
799 257 452 719
803 259 452 1463
804 260 452 658
804 261 452 20
805 262 452 734
806 263 452 572
811 264 452 1552
816 265 452 1580
824 266 452 1755
825 268 452 455
825 267 452 651
832 269 452 1722
834 270 452 887
834 271 452 230
835 272 452 747
843 273 452 1760
847 274 452 1376
860 275 452 1889
861 276 452 587
861 277 452 390
868 278 452 1743
872 279 452 1459
875 280 452 1235
875 281 452 107
876 282 452 546
876 283 452 252
876 284 452 15
879 286 452 41
879 285 452 1156
881 287 452 979
882 288 452 701
885 289 452 1177
889 290 452 1483
889 291 452 163
896 292 452 1699
897 293 452 745
898 295 452 73
898 294 452 641
899 296 452 572
899 297 452 485
899 298 452 57
899 299 452 306
899 300 452 447
901 301 452 975
911 303 452 282
911 302 452 1839
912 304 452 840
913 305 452 505
913 306 452 128
