1 0 128 661
3 1 128 939
8 2 128 1508
9 3 128 754
15 4 128 1653
28 5 128 1894
31 6 128 1167
36 8 128 466
36 7 128 1549
41 9 128 1601
46 10 128 1555
48 11 128 985
52 12 128 1436
52 13 128 85
61 14 128 1824
64 15 128 1160
66 16 128 1084
67 17 128 641
70 18 128 1252
72 19 128 1087
74 20 128 1125
76 21 128 1080
76 22 128 370
78 23 128 895
78 24 128 227
81 26 128 375
81 27 128 113
81 25 128 1259
86 28 128 1528
86 29 128 12
87 30 128 516
89 31 128 1138
93 32 128 1447
107 33 128 1897
108 34 128 587
109 35 128 782
115 36 128 1636
123 37 128 1778
125 38 128 987
125 39 128 118
128 40 128 1197
134 41 128 1658
142 42 128 1791
143 43 128 648
145 44 128 933
151 45 128 1679
153 46 128 1009
155 47 128 1025
155 48 128 224
162 49 128 1702
163 50 128 699
165 51 128 889
166 52 128 793
168 53 128 1064
170 54 128 1029
175 55 128 1506
176 56 128 568
177 57 128 613
178 58 128 526
178 59 128 394
183 60 128 1518
185 61 128 1053
185 62 128 20
185 63 128 453
187 65 128 416
187 64 128 1084
191 66 128 1462
195 67 128 1463
199 68 128 1422
201 69 128 1041
205 70 128 1449
208 71 128 1230
213 72 128 1578
215 73 128 1133
224 74 128 1815
228 75 128 1391
231 76 128 1214
237 77 128 1646
250 78 128 1886
250 79 128 473
250 80 128 249
253 81 128 1275
262 82 128 1814
270 83 128 1750
273 84 128 1238
278 87 128 383
278 85 128 1552
278 86 128 345
279 88 128 868
281 89 128 1006
281 90 128 214
283 91 128 1022
286 92 128 1252
287 93 128 592
288 95 128 143
288 94 128 525
294 96 128 1638
297 97 128 1337
301 98 128 1489
302 99 128 516
302 100 128 217
306 101 128 1471
311 102 128 1527
313 104 128 253
313 103 128 1108
317 105 128 1394
320 106 128 1235
325 107 128 1584
328 108 128 1173
333 109 128 1563
333 110 128 291
334 111 128 846
335 115 128 242
335 114 128 144
335 113 128 53
335 112 128 651
338 116 128 1164
338 117 128 194
340 118 128 1139
344 119 128 1456
344 120 128 71
346 121 128 1078
347 122 128 594
347 123 128 416
348 125 128 426
348 124 128 827
362 126 128 1903
364 127 128 986
365 128 128 608
371 129 128 1671
377 130 128 1677
386 131 128 1801
386 132 128 157
390 134 128 256
390 133 128 1369
391 135 128 703
397 136 128 1673
398 137 128 705
403 138 128 1496
411 139 128 1769
411 140 128 317
412 141 128 685
414 142 128 1135
417 143 128 1230
418 144 128 714
421 145 128 1292
421 146 128 370
424 147 128 1199
424 148 128 447
424 149 128 282
426 150 128 904
430 154 128 445
430 153 128 33
430 152 128 198
430 151 128 1443
432 155 128 1063
434 156 128 876
436 157 128 1110
436 158 128 280
444 159 128 1752
448 161 128 249
448 160 128 1415
450 162 128 976
454 163 128 1427
463 164 128 1810
463 165 128 415
464 166 128 689
467 167 128 1206
474 168 128 1721
478 170 128 494
478 171 128 458
478 169 128 1366
479 172 128 622
482 173 128 1295
484 174 128 1138
487 175 128 1311
498 176 128 1868
501 177 128 1289
507 178 128 1627
511 180 128 55
511 179 128 1459
512 181 128 704
513 182 128 538
513 183 128 325
514 184 128 767
514 185 128 233
519 186 128 1603
519 187 128 124
521 188 128 924
523 189 128 1117
531 190 128 1751
532 191 128 562
532 192 128 424
538 193 128 1669
538 194 128 353
538 195 128 68
544 196 128 1633
550 197 128 1632
553 199 128 298
553 198 128 1344
554 200 128 603
556 201 128 1088
560 202 128 1402
562 203 128 1006
569 204 128 1712
569 205 128 445
570 206 128 821
571 207 128 827
572 208 128 819
574 209 128 1058
576 210 128 1120
581 211 128 1511
585 212 128 1407
586 213 128 746
593 214 128 1696
594 215 128 711
600 216 128 1636
601 217 128 650
602 218 128 659
607 219 128 1576
608 220 128 737
609 221 128 564
609 222 128 282
610 223 128 604
615 224 128 1540
626 225 128 1856
626 226 128 33
628 227 128 878
630 228 128 941
632 229 128 1070
637 230 128 1602
637 231 128 235
648 232 128 1870
651 233 128 1328
652 234 128 855
654 235 128 891
657 236 128 1226
661 237 128 1457
662 239 128 322
662 238 128 538
665 240 128 1337
666 241 128 775
669 242 128 1229
677 243 128 1790
698 244 128 1921
698 245 128 239
700 246 128 1079
705 247 128 1603
719 248 128 1897
724 249 128 1566
724 250 128 357
726 251 128 982
728 252 128 973
735 253 128 1692
739 254 128 1486
739 255 128 38
740 256 128 806
741 257 128 797
745 258 128 1390
753 259 128 1780
753 260 128 411
764 261 128 1867
773 262 128 1811
779 263 128 1674
783 264 128 1381
785 265 128 885
790 267 128 79
790 266 128 1566
799 268 128 1816
800 269 128 805
804 270 128 1410
804 271 128 179
804 272 128 112
804 273 128 337
804 274 128 239
817 275 128 1887
820 277 128 416
820 276 128 1260
821 278 128 608
824 279 128 1300
825 280 128 776
825 281 128 355
827 282 128 905
830 283 128 1300
831 284 128 712
832 285 128 619
835 286 128 1187
835 287 128 177
843 288 128 1767
844 289 128 816
844 290 128 84
844 291 128 429
844 292 128 66
845 293 128 682
855 294 128 1835
859 295 128 1394
861 296 128 889
865 297 128 1480
865 298 128 409
867 299 128 1036
868 300 128 598
870 301 128 1000
877 302 128 1712
879 304 128 156
879 305 128 178
879 303 128 1092
881 306 128 869
