2 0 1001 1087
4 1 1001 1002
4 2 1001 40
4 3 1001 175
5 4 1001 799
9 5 1001 1395
14 6 1001 1542
15 7 1001 776
29 8 1001 1903
31 9 1001 1005
31 10 1001 158
37 11 1001 1659
39 12 1001 938
40 13 1001 656
46 14 1001 1676
48 15 1001 1048
48 16 1001 276
56 17 1001 1792
58 18 1001 1063
61 19 1001 1220
62 20 1001 618
63 21 1001 636
65 22 1001 1109
65 23 1001 345
68 24 1001 1297
70 25 1001 1046
71 26 1001 680
73 27 1001 1133
79 28 1001 1647
82 29 1001 1228
82 30 1001 238
85 31 1001 1332
87 32 1001 1059
88 33 1001 825
90 34 1001 1083
94 35 1001 1384
94 36 1001 468
95 39 1001 315
95 37 1001 800
95 38 1001 58
96 40 1001 831
97 41 1001 617
104 42 1001 1715
105 43 1001 529
111 44 1001 1615
111 45 1001 37
112 46 1001 632
113 47 1001 578
118 48 1001 1579
122 49 1001 1361
124 50 1001 1026
130 51 1001 1682
132 52 1001 885
136 54 1001 311
136 55 1001 451
136 53 1001 1399
145 56 1001 1817
151 57 1001 1620
152 58 1001 803
158 59 1001 1677
159 60 1001 715
159 61 1001 408
161 62 1001 1053
162 63 1001 674
163 64 1001 767
164 65 1001 751
165 66 1001 599
165 67 1001 113
170 68 1001 1498
170 69 1001 291
171 70 1001 579
175 71 1001 1400
182 72 1001 1733
183 74 1001 389
183 73 1001 747
183 75 1001 0
184 76 1001 845
185 77 1001 580
186 78 1001 654
189 79 1001 1259
189 80 1001 413
189 81 1001 102
193 86 1001 446
193 84 1001 202
193 85 1001 480
193 82 1001 1478
193 83 1001 285
198 87 1001 1584
199 88 1001 513
200 89 1001 632
204 90 1001 1491
205 91 1001 773
227 92 1001 1922
227 93 1001 306
232 95 1001 422
232 94 1001 1525
236 96 1001 1488
238 97 1001 1040
244 98 1001 1686
245 99 1001 864
249 100 1001 1362
250 101 1001 519
252 102 1001 1004
255 103 1001 1288
256 104 1001 781
261 105 1001 1550
273 106 1001 1873
273 107 1001 137
275 108 1001 1010
275 109 1001 311
280 110 1001 1530
283 111 1001 1237
285 112 1001 965
289 113 1001 1468
292 114 1001 1263
293 115 1001 612
294 116 1001 854
295 117 1001 768
295 118 1001 471
295 119 1001 286
295 120 1001 304
297 121 1001 939
302 122 1001 1524
303 123 1001 866
304 124 1001 724
311 125 1001 1731
315 126 1001 1403
319 127 1001 1427
322 128 1001 1147
335 129 1001 1892
335 130 1001 436
342 131 1001 1730
343 132 1001 818
350 133 1001 1715
359 134 1001 1822
368 135 1001 1819
370 136 1001 1022
370 137 1001 190
374 138 1001 1429
375 139 1001 577
376 140 1001 531
376 141 1001 308
377 143 1001 202
377 142 1001 574
379 144 1001 1027
379 145 1001 254
386 146 1001 1733
386 147 1001 454
388 148 1001 968
390 149 1001 912
394 150 1001 1492
395 151 1001 720
396 152 1001 569
400 153 1001 1400
401 154 1001 559
401 155 1001 422
403 156 1001 920
403 157 1001 138
404 158 1001 563
406 159 1001 975
406 160 1001 147
406 161 1001 446
408 162 1001 915
410 163 1001 1043
419 164 1001 1799
426 165 1001 1724
426 166 1001 419
429 167 1001 1175
434 168 1001 1570
438 169 1001 1369
443 170 1001 1515
444 171 1001 663
447 172 1001 1263
456 173 1001 1819
462 174 1001 1679
482 175 1001 1921
482 176 1001 365
485 177 1001 1321
493 178 1001 1764
493 179 1001 470
515 180 1001 1922
517 184 1001 399
517 183 1001 234
517 181 1001 948
517 182 1001 459
523 185 1001 1641
526 186 1001 1161
529 187 1001 1343
532 188 1001 1156
536 189 1001 1399
538 190 1001 898
540 191 1001 883
545 192 1001 1552
545 193 1001 454
545 194 1001 430
545 195 1001 85
548 196 1001 1317
552 197 1001 1456
552 198 1001 328
555 199 1001 1227
563 200 1001 1760
564 201 1001 558
565 202 1001 808
570 203 1001 1523
573 204 1001 1322
574 205 1001 828
578 206 1001 1382
579 207 1001 675
585 208 1001 1645
586 210 1001 57
586 209 1001 563
591 211 1001 1524
591 212 1001 299
591 213 1001 92
593 214 1001 977
595 215 1001 1123
611 216 1001 1912
612 217 1001 681
613 219 1001 158
613 218 1001 643
614 220 1001 563
616 221 1001 1000
616 222 1001 18
616 223 1001 171
616 224 1001 470
617 225 1001 631
619 226 1001 1036
620 227 1001 808
624 228 1001 1388
629 229 1001 1594
630 230 1001 603
631 231 1001 833
633 232 1001 993
634 233 1001 536
635 234 1001 635
639 235 1001 1364
639 236 1001 140
640 237 1001 860
641 238 1001 837
646 241 1001 486
646 240 1001 258
646 239 1001 1495
652 242 1001 1622
653 243 1001 592
656 244 1001 1341
659 245 1001 1299
660 246 1001 584
664 247 1001 1459
668 248 1001 1402
671 250 1001 97
671 249 1001 1232
672 251 1001 636
673 252 1001 812
673 253 1001 170
674 254 1001 663
675 255 1001 759
676 256 1001 539
677 257 1001 637
679 258 1001 1052
680 259 1001 690
687 260 1001 1717
688 261 1001 574
691 262 1001 1211
691 263 1001 50
703 264 1001 1884
706 265 1001 1148
707 266 1001 531
713 267 1001 1687
717 268 1001 1382
722 269 1001 1537
724 270 1001 982
726 271 1001 1051
734 272 1001 1769
736 273 1001 1072
745 274 1001 1824
745 275 1001 77
748 276 1001 1302
752 277 1001 1351
753 278 1001 754
755 279 1001 1096
755 280 1001 47
760 281 1001 1501
763 282 1001 1330
763 283 1001 156
768 284 1001 1496
781 285 1001 1891
781 286 1001 20
782 287 1001 822
791 288 1001 1797
800 289 1001 1800
801 290 1001 825
805 291 1001 1428
812 292 1001 1732
812 293 1001 146
819 294 1001 1703
825 295 1001 1609
828 296 1001 1199
833 297 1001 1572
834 298 1001 633
834 299 1001 192
835 300 1001 768
836 301 1001 821
836 302 1001 77
844 303 1001 1790
844 304 1001 249
846 305 1001 970
847 306 1001 792
