1 0 258 547
1 1 258 32
1 2 258 111
1 3 258 483
10 4 258 1799
17 5 258 1722
17 6 258 458
17 7 258 26
18 9 258 146
18 8 258 629
29 10 258 1870
29 11 258 370
29 12 258 313
29 13 258 137
32 14 258 1223
34 15 258 1012
36 16 258 1028
37 18 258 90
37 17 258 679
39 19 258 1112
41 20 258 1006
47 21 258 1632
48 22 258 661
50 23 258 1038
51 24 258 729
52 26 258 300
52 25 258 835
60 29 258 121
60 27 258 1759
60 28 258 153
63 30 258 1332
65 31 258 935
65 32 258 89
67 33 258 1040
68 34 258 595
71 35 258 1254
73 36 258 1126
79 37 258 1607
82 38 258 1174
82 39 258 205
87 40 258 1582
92 41 258 1589
97 42 258 1548
109 43 258 1884
111 44 258 868
114 45 258 1196
118 48 258 473
118 46 258 1458
118 47 258 246
120 49 258 1016
121 50 258 529
121 51 258 397
122 52 258 725
123 53 258 619
128 54 258 1600
129 55 258 840
132 56 258 1296
134 57 258 997
140 58 258 1679
142 59 258 963
146 60 258 1422
147 61 258 624
156 62 258 1798
157 63 258 507
158 64 258 738
160 66 258 281
160 65 258 935
163 67 258 1197
167 68 258 1467
180 69 258 1894
189 70 258 1811
193 71 258 1346
197 72 258 1429
206 73 258 1810
210 74 258 1455
213 76 258 84
213 75 258 1342
214 77 258 701
214 78 258 170
218 79 258 1457
221 80 258 1302
221 81 258 54
224 82 258 1286
226 83 258 1062
231 84 258 1517
233 85 258 934
233 86 258 209
237 87 258 1394
241 88 258 1365
247 89 258 1679
259 90 258 1883
259 91 258 128
269 92 258 1852
269 93 258 210
270 94 258 708
272 95 258 957
279 96 258 1716
281 97 258 1040
284 98 258 1146
295 99 258 1858
297 100 258 915
297 101 258 260
298 102 258 703
299 103 258 504
301 104 258 1129
303 105 258 1107
305 106 258 892
306 107 258 840
308 108 258 1088
308 109 258 258
309 110 258 756
310 111 258 594
311 112 258 827
311 113 258 222
316 114 258 1585
320 115 258 1367
323 116 258 1262
324 117 258 735
326 118 258 915
333 119 258 1728
334 120 258 725
335 121 258 811
343 122 258 1757
350 124 258 10
350 123 258 1713
356 125 258 1682
360 126 258 1418
363 127 258 1219
365 128 258 1101
365 129 258 497
370 130 258 1551
372 131 258 968
376 133 258 236
376 132 258 1480
377 134 258 541
379 135 258 1041
382 136 258 1276
383 137 258 782
394 138 258 1857
394 139 258 409
394 140 258 41
397 142 258 306
397 141 258 1293
399 143 258 1106
401 144 258 923
404 145 258 1289
407 146 258 1226
413 147 258 1630
414 148 258 549
417 149 258 1265
423 150 258 1620
425 151 258 980
425 152 258 124
428 153 258 1342
430 154 258 1132
430 155 258 104
430 156 258 427
432 157 258 915
432 158 258 493
436 159 258 1372
442 160 258 1614
447 161 258 1598
453 162 258 1664
454 163 258 590
455 164 258 631
462 165 258 1712
464 166 258 1038
465 167 258 590
470 168 258 1606
471 169 258 544
471 170 258 91
471 171 258 480
472 172 258 803
473 173 258 505
479 174 258 1686
483 175 258 1357
484 176 258 505
485 177 258 650
486 178 258 789
487 179 258 646
487 180 258 455
494 181 258 1713
495 182 258 669
503 183 258 1760
504 184 258 802
505 185 258 570
506 186 258 843
506 187 258 138
508 188 258 1028
508 189 258 437
509 193 258 485
509 192 258 288
509 191 258 360
509 190 258 613
510 194 258 719
510 195 258 367
515 196 258 1554
521 197 258 1640
521 198 258 474
523 199 258 1135
523 200 258 250
524 203 258 5
524 202 258 23
524 201 258 636
527 204 258 1174
529 205 258 1139
529 206 258 177
534 207 258 1544
539 208 258 1580
546 209 258 1700
551 210 258 1523
558 212 258 125
558 211 258 1701
566 213 258 1772
568 214 258 916
577 215 258 1825
579 216 258 929
588 217 258 1828
595 218 258 1713
595 219 258 61
596 220 258 868
598 221 258 900
602 222 258 1486
605 223 258 1168
616 224 258 1855
622 225 258 1655
622 226 258 191
622 227 258 318
629 228 258 1710
632 229 258 1318
639 230 258 1727
640 231 258 790
640 232 258 176
645 233 258 1578
645 234 258 395
652 235 258 1744
659 236 258 1689
660 237 258 663
661 238 258 586
666 240 258 393
666 239 258 1587
669 241 258 1224
669 242 258 482
672 243 258 1253
673 244 258 838
674 245 258 836
674 246 258 234
674 247 258 441
678 248 258 1493
679 249 258 818
683 250 258 1363
689 251 258 1651
699 252 258 1851
699 253 258 413
699 254 258 267
702 255 258 1274
704 256 258 1074
705 258 258 75
705 257 258 779
709 259 258 1443
711 260 258 948
719 261 258 1783
727 262 258 1758
727 263 258 261
741 264 258 1897
742 265 258 733
747 266 258 1525
747 267 258 471
751 268 258 1376
753 269 258 1097
753 270 258 136
753 271 258 266
756 272 258 1241
756 273 258 125
761 274 258 1592
766 278 258 330
766 277 258 233
766 275 258 1568
766 276 258 418
768 279 258 1018
772 280 258 1421
778 281 258 1675
779 282 258 749
781 283 258 891
793 285 258 76
793 284 258 1880
794 286 258 863
800 287 258 1687
803 288 258 1311
805 289 258 1045
806 290 258 670
808 291 258 909
809 292 258 588
811 293 258 1067
812 294 258 639
813 295 258 534
817 297 258 220
817 296 258 1391
820 298 258 1281
820 299 258 105
823 300 258 1236
829 301 258 1687
831 302 258 989
831 303 258 396
832 304 258 682
834 305 258 1096
834 306 258 409
