0 0 417 52
19 1 417 1919
23 2 417 1438
23 3 417 169
30 4 417 1689
31 5 417 714
35 7 417 377
35 8 417 338
35 6 417 1490
44 9 417 1808
44 10 417 301
44 11 417 489
48 12 417 1450
49 13 417 559
49 14 417 30
58 15 417 1808
61 16 417 1205
63 18 417 97
63 17 417 1140
64 19 417 762
69 20 417 1536
69 21 417 143
83 22 417 1896
88 23 417 1502
88 24 417 344
97 25 417 1826
101 26 417 1369
108 27 417 1691
121 28 417 1889
122 29 417 819
128 30 417 1646
129 31 417 765
130 32 417 649
130 33 417 270
131 36 417 165
131 37 417 475
131 34 417 832
131 35 417 144
136 38 417 1595
140 39 417 1356
144 40 417 1433
150 41 417 1651
151 42 417 868
152 43 417 809
154 44 417 1099
159 45 417 1599
161 47 417 241
161 46 417 1141
166 48 417 1591
167 49 417 598
172 50 417 1603
175 51 417 1152
177 52 417 1079
178 53 417 650
179 54 417 756
189 56 417 22
189 55 417 1834
200 57 417 1861
208 58 417 1750
216 59 417 1788
219 60 417 1270
226 61 417 1723
226 62 417 413
230 63 417 1444
230 64 417 162
234 65 417 1461
242 66 417 1764
245 67 417 1180
251 68 417 1652
260 69 417 1811
266 70 417 1642
267 71 417 729
271 72 417 1469
272 73 417 666
275 74 417 1254
284 75 417 1809
287 76 417 1199
289 77 417 1087
289 78 417 403
290 79 417 669
291 80 417 684
293 81 417 1127
293 82 417 100
296 83 417 1290
298 85 417 494
298 84 417 1141
304 86 417 1610
328 87 417 1923
332 88 417 1438
334 89 417 923
334 90 417 122
334 91 417 229
335 92 417 650
342 93 417 1732
342 94 417 85
348 95 417 1634
351 96 417 1237
355 97 417 1348
356 98 417 646
361 99 417 1562
369 100 417 1760
381 101 417 1885
382 102 417 514
389 103 417 1705
391 104 417 880
393 105 417 873
399 106 417 1607
399 107 417 413
402 108 417 1321
404 109 417 871
405 110 417 634
406 111 417 859
410 112 417 1457
412 113 417 1081
414 115 417 142
414 114 417 1103
420 116 417 1623
422 117 417 1048
422 118 417 303
427 119 417 1592
435 120 417 1775
443 121 417 1765
449 122 417 1666
450 123 417 728
456 124 417 1689
460 125 417 1413
460 126 417 79
466 127 417 1662
467 128 417 580
472 129 417 1544
473 130 417 572
481 131 417 1775
481 132 417 440
482 133 417 765
483 134 417 834
484 135 417 723
485 136 417 613
485 137 417 319
485 138 417 410
485 139 417 267
486 140 417 811
489 141 417 1196
490 142 417 601
491 144 417 288
491 143 417 567
494 145 417 1187
495 146 417 697
499 147 417 1493
500 148 417 628
511 149 417 1868
511 150 417 11
511 151 417 189
513 152 417 1045
515 153 417 979
522 154 417 1711
541 155 417 1919
541 156 417 219
548 157 417 1710
548 158 417 16
552 159 417 1392
553 160 417 793
564 161 417 1869
572 162 417 1758
579 164 417 299
579 163 417 1702
580 165 417 784
580 166 417 419
581 167 417 692
581 168 417 247
581 169 417 379
585 170 417 1454
588 171 417 1303
589 173 417 35
589 172 417 638
590 174 417 780
591 175 417 579
594 176 417 1163
596 177 417 1099
596 178 417 439
597 179 417 501
598 180 417 715
599 181 417 511
601 182 417 1033
602 183 417 637
607 184 417 1532
607 185 417 382
608 186 417 730
612 187 417 1386
614 188 417 978
615 189 417 839
616 190 417 504
617 192 417 303
617 191 417 828
619 193 417 942
623 194 417 1399
624 195 417 867
628 196 417 1363
629 197 417 824
629 198 417 268
633 199 417 1429
634 201 417 4
634 200 417 767
637 202 417 1246
637 203 417 248
637 204 417 413
638 205 417 633
642 206 417 1476
644 207 417 1009
644 208 417 198
646 209 417 1132
647 210 417 755
649 211 417 1045
652 212 417 1270
656 213 417 1439
657 214 417 676
657 215 417 281
658 216 417 835
660 217 417 1121
660 218 417 169
670 220 417 53
670 219 417 1841
672 221 417 957
678 222 417 1639
681 223 417 1332
690 224 417 1800
691 225 417 625
693 226 417 999
699 227 417 1620
700 228 417 560
710 229 417 1838
712 231 417 339
712 230 417 1140
713 232 417 830
715 233 417 935
721 234 417 1658
722 235 417 711
725 236 417 1190
726 237 417 785
726 238 417 223
728 239 417 899
729 240 417 831
735 241 417 1645
738 242 417 1188
746 243 417 1770
746 244 417 84
750 245 417 1384
754 246 417 1482
755 247 417 789
755 248 417 266
757 251 417 242
757 250 417 31
757 249 417 1117
758 252 417 655
758 253 417 352
762 254 417 1375
769 255 417 1735
769 256 417 290
779 257 417 1838
779 258 417 373
786 259 417 1712
791 260 417 1558
799 261 417 1781
799 262 417 448
799 263 417 284
817 264 417 1917
817 265 417 416
817 266 417 214
817 267 417 335
824 268 417 1705
837 269 417 1890
839 270 417 1016
839 271 417 50
841 272 417 897
844 273 417 1194
846 274 417 1010
846 275 417 333
853 276 417 1694
861 277 417 1793
864 279 417 416
864 278 417 1248
866 280 417 1068
866 281 417 210
870 282 417 1354
874 283 417 1367
883 284 417 1807
885 285 417 898
891 286 417 1608
891 287 417 478
895 288 417 1484
905 289 417 1848
905 290 417 420
908 291 417 1276
908 292 417 411
908 293 417 435
911 294 417 1265
913 295 417 974
916 296 417 1196
918 297 417 904
926 298 417 1778
931 299 417 1593
934 300 417 1169
937 301 417 1146
939 302 417 1008
939 303 417 300
939 304 417 101
954 305 417 1905
957 306 417 1269
