5 0 791 1582
7 1 791 1040
8 2 791 637
8 3 791 489
10 4 791 909
10 5 791 478
11 7 791 424
11 8 791 268
11 6 791 511
14 9 791 1268
21 10 791 1727
26 11 791 1541
33 12 791 1726
33 13 791 234
35 16 791 98
35 14 791 944
35 15 791 252
38 17 791 1331
40 18 791 1057
45 19 791 1571
45 20 791 88
45 21 791 200
54 22 791 1799
63 23 791 1806
69 24 791 1682
69 25 791 56
74 26 791 1537
77 27 791 1201
87 28 791 1836
88 29 791 531
98 30 791 1849
103 31 791 1502
104 32 791 499
109 33 791 1596
110 34 791 845
111 35 791 569
115 36 791 1428
115 37 791 7
120 38 791 1562
122 39 791 1090
124 40 791 980
125 41 791 555
125 42 791 469
130 43 791 1604
134 44 791 1385
139 45 791 1559
141 46 791 949
142 48 791 461
142 47 791 583
150 49 791 1778
162 50 791 1877
164 51 791 928
165 52 791 532
169 53 791 1368
172 54 791 1156
176 55 791 1382
179 56 791 1166
180 57 791 756
181 58 791 731
182 59 791 852
183 60 791 866
186 61 791 1234
187 62 791 513
193 63 791 1662
196 64 791 1343
196 65 791 225
198 66 791 1041
198 67 791 130
201 69 791 374
201 68 791 1313
202 70 791 748
202 71 791 91
209 72 791 1693
222 73 791 1892
223 74 791 591
227 75 791 1458
233 79 791 122
233 78 791 421
233 76 791 1655
233 77 791 194
235 80 791 1031
237 81 791 953
238 82 791 740
238 83 791 57
239 84 791 579
241 85 791 921
243 86 791 970
245 88 791 440
245 87 791 1056
249 89 791 1388
252 90 791 1328
253 91 791 672
256 92 791 1200
257 93 791 710
257 94 791 223
263 96 791 42
263 95 791 1670
264 98 791 261
264 97 791 732
267 99 791 1159
268 100 791 518
269 101 791 819
272 102 791 1194
272 103 791 86
274 104 791 1030
282 105 791 1785
285 106 791 1159
286 107 791 565
287 108 791 777
293 109 791 1623
299 110 791 1651
301 111 791 971
301 112 791 334
302 113 791 609
309 114 791 1745
319 117 791 455
319 115 791 1837
319 116 791 494
321 118 791 1083
321 119 791 422
324 120 791 1179
340 121 791 1910
346 122 791 1615
356 123 791 1850
358 124 791 971
358 125 791 75
359 126 791 816
361 127 791 983
367 128 791 1668
368 129 791 845
372 130 791 1415
374 131 791 923
385 132 791 1858
388 133 791 1186
393 134 791 1529
393 135 791 212
399 136 791 1684
400 137 791 653
402 138 791 952
403 139 791 718
409 140 791 1686
409 141 791 405
409 142 791 278
410 143 791 741
416 144 791 1661
416 145 791 356
416 146 791 337
417 147 791 590
419 149 791 310
419 148 791 889
422 150 791 1176
427 151 791 1511
432 152 791 1573
440 153 791 1763
455 154 791 1905
456 155 791 532
458 156 791 1129
461 157 791 1268
463 158 791 1040
465 159 791 954
467 160 791 968
467 161 791 175
468 162 791 821
479 163 791 1856
479 164 791 207
480 165 791 728
482 166 791 1038
484 167 791 1073
486 168 791 1004
491 169 791 1533
491 170 791 153
499 171 791 1766
503 172 791 1428
503 173 791 364
504 174 791 660
505 175 791 774
511 176 791 1631
513 177 791 873
513 178 791 189
514 179 791 614
520 182 791 94
520 180 791 1662
520 181 791 225
524 183 791 1357
529 184 791 1594
539 185 791 1829
542 186 791 1274
542 187 791 94
545 188 791 1206
547 189 791 996
549 191 791 416
549 190 791 1007
554 192 791 1537
575 193 791 1922
581 194 791 1675
586 195 791 1510
591 196 791 1509
591 197 791 346
592 198 791 534
594 199 791 933
597 200 791 1242
600 201 791 1189
605 202 791 1511
608 203 791 1280
608 204 791 157
611 205 791 1335
611 206 791 83
614 207 791 1209
616 208 791 1103
618 209 791 1130
619 211 791 255
619 210 791 826
621 212 791 1079
621 213 791 425
624 214 791 1217
625 215 791 742
625 216 791 81
629 217 791 1388
629 218 791 262
629 219 791 302
633 220 791 1378
635 221 791 943
643 222 791 1791
643 223 791 7
644 224 791 525
650 225 791 1661
650 226 791 228
654 227 791 1431
655 228 791 613
657 229 791 1074
660 230 791 1190
663 231 791 1284
663 232 791 338
666 233 791 1180
669 234 791 1296
669 235 791 473
670 236 791 639
671 237 791 738
674 239 791 259
674 238 791 1200
681 240 791 1746
681 241 791 65
683 242 791 916
683 243 791 75
683 244 791 170
684 245 791 751
687 246 791 1261
689 247 791 1111
690 248 791 704
692 249 791 933
696 250 791 1429
696 251 791 120
696 252 791 84
696 253 791 231
700 254 791 1480
700 255 791 299
703 256 791 1323
708 257 791 1503
709 259 791 420
709 258 791 754
711 260 791 1106
712 261 791 576
713 262 791 595
713 263 791 28
724 264 791 1865
728 265 791 1466
738 266 791 1842
747 267 791 1824
749 268 791 1054
750 269 791 744
750 270 791 102
753 271 791 1267
753 272 791 188
753 273 791 3
753 274 791 481
756 275 791 1312
756 276 791 26
763 277 791 1715
771 278 791 1761
778 279 791 1698
778 280 791 400
780 281 791 1041
781 282 791 726
786 283 791 1605
791 284 791 1570
793 285 791 1069
796 287 791 106
796 286 791 1200
802 288 791 1624
804 289 791 997
806 290 791 1075
808 291 791 1061
824 292 791 1909
825 293 791 779
827 294 791 1077
830 295 791 1169
834 296 791 1394
836 297 791 888
836 298 791 135
837 299 791 629
838 300 791 834
842 301 791 1362
842 302 791 57
854 303 791 1885
855 305 791 162
855 304 791 830
866 306 791 1857
