0 0 1703 256
6 1 1703 1638
9 2 1703 1329
13 3 1703 1440
13 4 1703 364
13 5 1703 341
13 6 1703 180
22 7 1703 1805
22 8 1703 386
26 13 1703 94
26 12 1703 293
26 9 1703 1405
26 10 1703 410
26 11 1703 374
27 14 1703 535
28 15 1703 507
32 16 1703 1467
35 17 1703 1321
43 20 1703 420
43 18 1703 1791
43 19 1703 410
44 21 1703 762
52 22 1703 1775
54 23 1703 962
59 24 1703 1572
59 25 1703 117
59 26 1703 46
62 27 1703 1278
63 28 1703 697
67 29 1703 1426
67 30 1703 486
69 31 1703 966
70 32 1703 568
70 33 1703 216
74 34 1703 1420
76 35 1703 958
81 36 1703 1500
82 37 1703 615
86 38 1703 1470
88 39 1703 923
91 40 1703 1181
97 41 1703 1652
107 42 1703 1831
107 43 1703 427
108 44 1703 676
111 45 1703 1235
111 46 1703 316
113 47 1703 1117
118 48 1703 1592
123 49 1703 1545
123 50 1703 248
124 51 1703 521
125 52 1703 569
131 53 1703 1634
132 54 1703 644
136 55 1703 1418
144 57 1703 367
144 56 1703 1787
152 58 1703 1792
152 59 1703 247
152 60 1703 294
153 61 1703 826
155 62 1703 1108
157 63 1703 885
159 64 1703 918
163 65 1703 1368
170 67 1703 76
170 66 1703 1730
171 68 1703 599
176 69 1703 1501
178 70 1703 932
179 71 1703 852
187 72 1703 1776
188 73 1703 868
191 74 1703 1154
192 75 1703 693
193 76 1703 855
197 77 1703 1348
197 78 1703 286
197 79 1703 337
204 80 1703 1725
205 81 1703 853
211 82 1703 1611
213 83 1703 1076
216 84 1703 1177
229 86 1703 397
229 85 1703 1890
230 87 1703 859
235 88 1703 1497
235 89 1703 1
237 90 1703 1096
239 91 1703 1133
240 92 1703 747
243 93 1703 1222
244 95 1703 354
244 94 1703 628
245 96 1703 544
247 97 1703 946
251 98 1703 1434
254 99 1703 1232
258 100 1703 1429
258 101 1703 239
259 102 1703 518
259 103 1703 90
260 104 1703 613
263 105 1703 1321
264 106 1703 669
270 107 1703 1625
270 108 1703 480
282 109 1703 1875
283 110 1703 563
283 111 1703 438
283 112 1703 81
287 114 1703 446
287 113 1703 1455
291 115 1703 1366
293 116 1703 1140
293 117 1703 31
299 118 1703 1632
301 119 1703 952
303 120 1703 971
305 121 1703 871
306 122 1703 504
307 124 1703 405
307 123 1703 597
314 125 1703 1723
314 126 1703 104
315 127 1703 553
315 128 1703 240
316 129 1703 799
316 130 1703 148
326 131 1703 1834
336 132 1703 1839
338 133 1703 978
339 134 1703 833
343 135 1703 1486
343 136 1703 335
348 137 1703 1520
348 138 1703 463
356 139 1703 1780
359 140 1703 1221
360 142 1703 378
360 141 1703 696
365 143 1703 1546
369 144 1703 1363
370 145 1703 657
372 146 1703 1052
375 147 1703 1217
376 148 1703 776
379 149 1703 1187
381 150 1703 1139
382 151 1703 512
385 154 1703 260
385 153 1703 481
385 152 1703 1238
386 155 1703 557
392 156 1703 1660
402 157 1703 1845
408 158 1703 1609
409 159 1703 814
412 160 1703 1217
412 161 1703 115
416 162 1703 1385
421 163 1703 1606
428 164 1703 1727
429 165 1703 653
430 166 1703 524
432 167 1703 1027
433 168 1703 621
435 169 1703 885
437 170 1703 1030
442 171 1703 1544
446 172 1703 1493
454 173 1703 1777
460 174 1703 1656
460 175 1703 275
460 176 1703 492
462 177 1703 883
465 178 1703 1159
471 179 1703 1673
472 180 1703 671
473 181 1703 811
480 182 1703 1702
482 183 1703 977
487 184 1703 1584
492 185 1703 1560
493 186 1703 595
497 187 1703 1358
498 188 1703 718
498 189 1703 275
506 191 1703 415
506 190 1703 1751
516 192 1703 1836
521 193 1703 1573
522 194 1703 562
524 195 1703 1105
527 196 1703 1235
528 197 1703 697
535 198 1703 1744
536 201 1703 25
536 200 1703 132
536 199 1703 709
537 202 1703 596
546 203 1703 1816
546 204 1703 156
551 205 1703 1520
553 206 1703 944
557 207 1703 1386
558 208 1703 750
574 210 1703 65
574 209 1703 1910
575 211 1703 776
576 212 1703 685
587 220 1703 58
587 218 1703 21
587 217 1703 408
587 219 1703 166
587 215 1703 406
587 214 1703 143
587 213 1703 1861
587 216 1703 338
589 221 1703 1091
589 222 1703 309
589 223 1703 346
591 224 1703 1059
592 225 1703 615
598 226 1703 1633
608 227 1703 1844
611 228 1703 1214
612 229 1703 550
614 230 1703 965
621 231 1703 1719
623 232 1703 1064
623 233 1703 450
628 234 1703 1540
629 235 1703 646
629 236 1703 215
638 237 1703 1811
639 239 1703 64
639 238 1703 821
640 240 1703 616
642 241 1703 1134
643 242 1703 607
644 243 1703 732
644 244 1703 210
646 245 1703 974
652 246 1703 1654
666 247 1703 1899
670 249 1703 156
670 248 1703 1430
671 250 1703 767
672 251 1703 827
673 252 1703 676
678 253 1703 1577
679 254 1703 651
681 255 1703 966
687 256 1703 1641
687 257 1703 249
688 258 1703 757
692 259 1703 1465
701 260 1703 1812
703 261 1703 1025
703 262 1703 171
703 263 1703 199
705 264 1703 945
705 265 1703 270
711 267 1703 235
711 268 1703 320
711 266 1703 1637
715 269 1703 1421
715 270 1703 191
715 271 1703 451
720 272 1703 1511
732 273 1703 1882
736 274 1703 1474
737 275 1703 848
737 276 1703 483
742 277 1703 1501
742 278 1703 136
742 279 1703 84
744 280 1703 886
750 281 1703 1658
750 282 1703 413
752 283 1703 1058
759 285 1703 138
759 284 1703 1708
761 286 1703 1043
765 287 1703 1411
772 288 1703 1723
773 289 1703 574
775 290 1703 930
788 291 1703 1890
790 292 1703 1054
793 293 1703 1280
793 294 1703 176
798 295 1703 1516
800 296 1703 963
800 297 1703 408
807 298 1703 1712
818 299 1703 1864
821 300 1703 1261
825 301 1703 1418
830 302 1703 1579
830 303 1703 8
843 305 1703 315
843 304 1703 1890
846 306 1703 1240
