13 0 120 1895
18 1 120 1526
21 2 120 1154
33 3 120 1880
36 4 120 1223
36 5 120 3
37 6 120 842
42 7 120 1497
43 8 120 505
51 9 120 1793
51 10 120 39
51 11 120 39
55 12 120 1437
59 13 120 1386
63 14 120 1440
66 15 120 1175
72 16 120 1612
73 18 120 418
73 17 120 795
74 19 120 711
76 20 120 882
79 21 120 1223
81 22 120 940
87 23 120 1685
89 24 120 1059
90 25 120 699
91 27 120 279
91 26 120 844
92 28 120 721
92 29 120 232
93 30 120 696
94 31 120 725
95 32 120 612
97 33 120 1125
101 34 120 1382
105 35 120 1372
108 37 120 38
108 36 120 1147
112 38 120 1487
124 39 120 1880
125 40 120 652
126 41 120 801
130 42 120 1493
132 43 120 1013
132 44 120 94
137 46 120 155
137 45 120 1505
138 47 120 542
140 48 120 1065
144 49 120 1482
146 50 120 971
146 51 120 482
151 52 120 1509
152 53 120 564
153 54 120 637
154 55 120 671
155 56 120 586
159 57 120 1394
160 58 120 821
161 59 120 523
163 60 120 1083
164 61 120 562
165 62 120 775
165 63 120 272
167 64 120 1097
170 65 120 1238
174 66 120 1351
174 67 120 311
174 68 120 3
174 69 120 67
174 70 120 27
179 71 120 1573
182 73 120 463
182 74 120 59
182 72 120 1232
182 75 120 80
188 76 120 1655
198 77 120 1851
203 78 120 1590
207 79 120 1478
208 80 120 543
208 81 120 302
210 82 120 1139
213 83 120 1164
216 85 120 213
216 84 120 1186
218 86 120 1141
218 87 120 48
218 88 120 488
219 89 120 710
220 90 120 786
226 91 120 1678
229 92 120 1142
231 93 120 963
232 96 120 26
232 95 120 89
232 94 120 797
235 97 120 1221
245 98 120 1840
246 99 120 781
246 100 120 154
254 101 120 1768
255 102 120 538
257 103 120 998
261 104 120 1455
264 105 120 1322
267 106 120 1175
269 107 120 1046
270 108 120 504
271 109 120 556
273 110 120 941
274 111 120 659
281 112 120 1728
284 113 120 1267
299 114 120 1905
300 115 120 780
304 116 120 1348
309 117 120 1536
311 118 120 1011
313 119 120 883
313 120 120 97
316 121 120 1303
323 122 120 1748
326 123 120 1217
329 124 120 1205
329 125 120 273
329 126 120 430
329 127 120 268
334 128 120 1590
347 129 120 1894
347 130 120 54
347 131 120 433
347 132 120 10
348 133 120 809
351 134 120 1324
352 135 120 699
358 136 120 1688
358 137 120 140
364 138 120 1634
372 139 120 1789
374 140 120 963
374 141 120 95
378 142 120 1468
389 143 120 1856
396 144 120 1694
396 145 120 127
408 146 120 1874
417 147 120 1799
419 148 120 983
419 149 120 16
420 150 120 666
420 151 120 414
420 152 120 210
422 153 120 957
423 154 120 684
424 155 120 775
424 156 120 20
427 157 120 1245
434 158 120 1717
437 159 120 1181
439 160 120 891
441 161 120 906
445 162 120 1380
446 163 120 535
447 164 120 501
448 165 120 507
449 166 120 648
451 167 120 919
462 168 120 1868
465 169 120 1206
467 170 120 1017
470 171 120 1207
479 172 120 1827
482 173 120 1146
492 174 120 1844
492 175 120 1
500 176 120 1760
509 177 120 1817
513 178 120 1448
515 179 120 1078
515 180 120 323
516 181 120 555
519 182 120 1209
524 183 120 1574
527 184 120 1228
532 185 120 1565
532 186 120 223
534 187 120 978
534 188 120 125
535 189 120 548
536 193 120 452
536 192 120 347
536 191 120 442
536 190 120 679
538 194 120 897
538 195 120 57
539 196 120 639
541 197 120 932
545 198 120 1354
548 199 120 1186
552 200 120 1403
554 201 120 955
565 202 120 1856
572 203 120 1702
574 204 120 923
578 205 120 1383
579 206 120 511
581 207 120 988
583 208 120 1037
584 209 120 682
586 211 120 128
586 210 120 940
593 212 120 1721
594 213 120 639
595 214 120 857
595 215 120 335
601 216 120 1621
608 217 120 1731
611 218 120 1232
612 220 120 284
612 219 120 861
617 221 120 1594
618 222 120 794
621 223 120 1319
622 224 120 526
623 225 120 575
624 226 120 859
628 228 120 249
628 227 120 1375
636 229 120 1787
639 230 120 1286
640 231 120 827
640 232 120 462
640 233 120 262
645 234 120 1599
648 235 120 1293
649 236 120 624
653 237 120 1432
654 238 120 650
662 239 120 1769
664 240 120 1053
667 241 120 1160
678 242 120 1866
682 243 120 1367
687 244 120 1532
688 245 120 550
689 246 120 645
695 247 120 1633
700 248 120 1519
701 250 120 360
701 249 120 561
702 251 120 833
708 252 120 1625
708 253 120 493
710 254 120 901
717 255 120 1734
717 256 120 160
718 257 120 537
721 259 120 348
721 258 120 1175
722 260 120 524
724 261 120 1061
725 262 120 738
728 263 120 1174
731 264 120 1320
731 265 120 113
736 266 120 1590
740 267 120 1459
742 268 120 964
746 269 120 1489
752 270 120 1636
752 271 120 189
754 272 120 1080
758 273 120 1387
765 274 120 1733
767 275 120 1048
773 276 120 1653
777 277 120 1351
784 278 120 1711
798 279 120 1900
809 280 120 1854
812 281 120 1150
820 282 120 1780
826 283 120 1613
830 284 120 1427
830 285 120 453
832 286 120 1126
845 287 120 1894
848 288 120 1286
856 289 120 1790
858 290 120 1132
858 291 120 86
858 292 120 256
858 293 120 301
861 294 120 1245
879 295 120 1916
879 296 120 421
880 298 120 47
880 297 120 691
884 299 120 1419
886 300 120 885
888 301 120 1111
889 302 120 669
889 303 120 30
890 304 120 849
890 305 120 171
896 306 120 1678
