0 0 1192 332
1 1 1192 562
4 2 1192 1308
7 3 1192 1189
12 4 1192 1591
13 5 1192 584
15 6 1192 1095
18 9 1192 242
18 8 1192 10
18 7 1192 1215
25 10 1192 1721
25 11 1192 384
26 12 1192 646
26 13 1192 410
28 14 1192 1123
28 15 1192 110
37 16 1192 1805
38 17 1192 787
40 18 1192 1114
42 19 1192 997
46 20 1192 1446
52 21 1192 1646
52 22 1192 323
54 23 1192 1056
61 24 1192 1701
74 26 1192 123
74 25 1192 1894
80 27 1192 1640
80 28 1192 424
82 29 1192 913
82 30 1192 99
83 31 1192 590
87 32 1192 1431
87 33 1192 477
88 34 1192 795
88 35 1192 463
89 36 1192 846
94 37 1192 1517
97 38 1192 1148
100 39 1192 1202
101 40 1192 693
104 41 1192 1320
109 42 1192 1605
111 43 1192 1031
112 44 1192 730
114 45 1192 1012
115 46 1192 723
123 47 1192 1785
123 48 1192 119
133 49 1192 1849
133 50 1192 296
139 51 1192 1632
140 52 1192 607
140 53 1192 183
143 54 1192 1298
144 57 1192 251
144 55 1192 610
144 56 1192 239
148 58 1192 1413
154 59 1192 1622
154 60 1192 461
158 61 1192 1380
159 62 1192 790
161 63 1192 1021
161 64 1192 142
163 65 1192 1130
165 66 1192 878
165 67 1192 168
170 68 1192 1540
171 69 1192 660
174 70 1192 1189
174 71 1192 288
179 72 1192 1564
189 75 1192 125
189 76 1192 40
189 73 1192 1837
189 74 1192 304
192 77 1192 1216
192 78 1192 325
193 79 1192 688
196 80 1192 1170
196 81 1192 262
201 82 1192 1520
202 83 1192 500
203 85 1192 391
203 84 1192 617
218 86 1192 1908
221 87 1192 1247
223 88 1192 1103
223 89 1192 184
223 90 1192 224
224 92 1192 103
224 91 1192 594
228 93 1192 1450
229 94 1192 741
232 95 1192 1237
233 96 1192 529
234 97 1192 584
236 98 1192 888
241 99 1192 1525
241 100 1192 133
242 101 1192 554
242 102 1192 244
246 103 1192 1383
247 106 1192 68
247 104 1192 660
247 105 1192 7
248 107 1192 695
257 108 1192 1804
260 109 1192 1173
261 110 1192 570
263 111 1192 947
273 112 1192 1850
274 115 1192 198
274 114 1192 452
274 113 1192 724
282 116 1192 1784
282 117 1192 290
282 118 1192 404
288 119 1192 1676
291 120 1192 1146
296 121 1192 1556
298 122 1192 990
302 124 1192 436
302 123 1192 1356
303 125 1192 594
303 126 1192 184
303 127 1192 113
305 128 1192 1095
307 129 1192 992
312 130 1192 1520
316 132 1192 327
316 131 1192 1381
317 133 1192 724
318 134 1192 555
319 135 1192 615
319 136 1192 18
319 137 1192 137
327 138 1192 1765
328 139 1192 609
328 140 1192 322
331 141 1192 1212
335 142 1192 1367
346 143 1192 1855
351 144 1192 1539
354 145 1192 1201
355 146 1192 668
358 147 1192 1304
360 148 1192 998
361 149 1192 542
365 151 1192 239
365 152 1192 179
365 150 1192 1377
367 154 1192 379
367 153 1192 1136
368 155 1192 502
372 156 1192 1489
373 157 1192 813
375 158 1192 947
375 159 1192 65
382 160 1192 1747
394 161 1192 1879
399 162 1192 1524
400 163 1192 812
405 164 1192 1577
407 165 1192 1113
408 166 1192 619
410 167 1192 1125
410 168 1192 169
418 169 1192 1761
418 170 1192 180
424 172 1192 449
424 171 1192 1647
431 173 1192 1719
435 174 1192 1354
446 175 1192 1858
446 176 1192 189
448 177 1192 1059
455 178 1192 1741
458 179 1192 1159
468 180 1192 1850
469 181 1192 805
471 182 1192 1040
472 183 1192 553
477 184 1192 1539
480 185 1192 1280
483 186 1192 1201
485 188 1192 345
485 189 1192 53
485 187 1192 1116
487 190 1192 1051
489 191 1192 1130
491 192 1192 1114
498 193 1192 1699
499 194 1192 787
499 195 1192 367
505 196 1192 1613
506 197 1192 554
506 198 1192 277
506 199 1192 425
507 200 1192 581
511 201 1192 1468
513 202 1192 1135
516 203 1192 1161
516 204 1192 362
522 205 1192 1654
529 206 1192 1714
529 207 1192 385
536 211 1192 429
536 210 1192 312
536 208 1192 1707
536 209 1192 445
538 212 1192 996
545 213 1192 1712
545 214 1192 140
547 215 1192 942
548 216 1192 839
550 217 1192 971
553 219 1192 296
553 218 1192 1198
563 220 1192 1836
567 221 1192 1428
568 222 1192 780
568 223 1192 115
569 224 1192 710
571 225 1192 975
572 226 1192 533
573 227 1192 675
575 228 1192 932
577 230 1192 245
577 229 1192 986
582 231 1192 1559
583 232 1192 782
586 233 1192 1316
587 234 1192 577
587 235 1192 382
592 236 1192 1595
601 238 1192 191
601 237 1192 1804
610 239 1192 1809
614 240 1192 1491
615 241 1192 815
618 242 1192 1333
627 243 1192 1825
633 244 1192 1665
634 246 1192 133
634 245 1192 621
637 247 1192 1326
642 248 1192 1559
650 249 1192 1769
654 250 1192 1453
655 251 1192 641
658 252 1192 1281
673 253 1192 1905
674 254 1192 514
676 255 1192 1078
677 256 1192 687
679 258 1192 450
679 257 1192 1019
682 259 1192 1311
684 260 1192 1121
686 261 1192 1039
690 262 1192 1378
691 263 1192 720
691 264 1192 199
692 265 1192 678
697 266 1192 1572
702 267 1192 1605
704 268 1192 1134
710 269 1192 1682
713 270 1192 1271
715 271 1192 959
716 272 1192 780
719 273 1192 1313
720 274 1192 730
722 275 1192 1020
722 276 1192 94
724 277 1192 879
724 278 1192 375
724 279 1192 89
725 280 1192 841
727 281 1192 1131
729 282 1192 1040
731 283 1192 1087
735 284 1192 1457
740 286 1192 277
740 285 1192 1528
741 287 1192 801
742 288 1192 801
746 289 1192 1424
752 290 1192 1619
753 291 1192 576
757 292 1192 1353
758 293 1192 804
759 294 1192 687
759 295 1192 451
763 296 1192 1362
764 297 1192 612
770 298 1192 1626
772 299 1192 986
774 301 1192 453
774 302 1192 191
774 300 1192 973
783 304 1192 498
783 305 1192 493
783 303 1192 1801
791 306 1192 1786
