6 0 888 1683
6 1 888 201
6 2 888 434
8 3 888 1122
8 4 888 238
11 7 888 120
11 8 888 489
11 5 888 1251
11 6 888 425
13 9 888 992
15 10 888 873
16 11 888 549
17 12 888 865
21 13 888 1412
23 14 888 1125
30 15 888 1749
31 16 888 739
33 18 888 85
33 17 888 1061
34 19 888 806
34 20 888 35
41 21 888 1746
41 22 888 467
47 23 888 1647
51 24 888 1480
54 25 888 1146
55 26 888 636
56 27 888 778
56 28 888 48
60 29 888 1470
67 30 888 1740
67 31 888 485
74 32 888 1714
82 33 888 1768
83 35 888 180
83 34 888 620
90 36 888 1727
91 37 888 669
93 38 888 1108
98 39 888 1598
99 40 888 676
102 41 888 1322
103 42 888 750
108 43 888 1551
112 44 888 1440
114 45 888 1116
116 46 888 1074
118 47 888 930
118 48 888 137
122 49 888 1452
124 50 888 1077
136 51 888 1876
141 52 888 1555
141 53 888 129
141 54 888 475
152 55 888 1861
158 56 888 1659
159 57 888 712
164 58 888 1566
166 59 888 1017
167 60 888 614
172 61 888 1571
172 62 888 71
174 63 888 943
177 64 888 1177
177 65 888 388
178 66 888 760
180 67 888 1021
181 68 888 791
183 69 888 945
183 70 888 22
183 71 888 70
195 72 888 1878
195 73 888 412
195 74 888 129
196 75 888 638
198 76 888 996
199 77 888 840
199 78 888 206
199 79 888 363
199 80 888 71
205 81 888 1631
206 82 888 641
207 83 888 521
207 84 888 393
215 85 888 1789
216 86 888 854
221 87 888 1584
224 88 888 1292
225 89 888 684
225 90 888 446
227 91 888 1014
229 92 888 1027
229 93 888 91
231 94 888 984
233 95 888 1030
236 96 888 1250
243 97 888 1731
243 98 888 374
245 99 888 1052
245 100 888 356
245 101 888 52
245 102 888 138
247 103 888 1116
251 104 888 1430
253 105 888 1007
275 106 888 1922
278 107 888 1143
278 108 888 0
286 109 888 1761
287 110 888 865
288 111 888 818
289 112 888 506
292 113 888 1203
294 114 888 945
296 115 888 907
298 116 888 930
302 117 888 1475
303 118 888 549
306 119 888 1312
310 120 888 1458
312 121 888 1100
318 122 888 1654
318 123 888 107
319 124 888 499
321 125 888 932
323 126 888 967
331 127 888 1786
335 128 888 1353
337 129 888 1024
340 130 888 1313
343 131 888 1189
343 132 888 466
345 135 888 18
345 133 888 1079
345 134 888 7
349 136 888 1493
353 137 888 1449
355 138 888 1016
358 139 888 1311
366 140 888 1791
372 141 888 1636
377 142 888 1584
381 143 888 1455
388 144 888 1744
393 145 888 1552
394 146 888 508
401 147 888 1749
403 148 888 1071
403 149 888 76
403 150 888 99
410 151 888 1699
413 152 888 1181
415 153 888 986
420 154 888 1518
423 155 888 1181
423 156 888 323
423 157 888 31
424 158 888 617
424 159 888 497
424 160 888 39
424 161 888 136
431 162 888 1715
433 163 888 900
433 164 888 448
438 165 888 1600
438 166 888 352
442 167 888 1352
445 168 888 1195
447 169 888 926
450 170 888 1339
454 172 888 459
454 171 888 1406
457 173 888 1163
461 174 888 1446
468 175 888 1747
472 176 888 1440
472 177 888 199
472 178 888 288
474 180 888 424
474 179 888 871
477 181 888 1142
478 182 888 715
481 183 888 1276
483 184 888 925
488 185 888 1539
488 186 888 8
492 187 888 1404
496 188 888 1485
497 189 888 751
503 190 888 1620
507 191 888 1461
508 192 888 831
509 193 888 518
512 194 888 1271
518 195 888 1655
528 196 888 1845
529 197 888 684
531 198 888 1007
531 199 888 143
534 200 888 1200
536 201 888 1081
537 202 888 553
537 203 888 144
538 204 888 661
539 205 888 618
542 206 888 1240
542 207 888 18
546 208 888 1465
553 209 888 1695
559 211 888 123
559 210 888 1665
565 212 888 1668
571 213 888 1670
571 214 888 72
572 215 888 822
576 216 888 1345
576 217 888 438
590 218 888 1900
591 219 888 834
596 220 888 1592
598 221 888 872
606 222 888 1791
606 223 888 444
609 224 888 1231
618 225 888 1802
619 226 888 574
630 227 888 1865
639 228 888 1816
646 229 888 1715
655 230 888 1826
656 231 888 756
658 232 888 1117
658 233 888 144
663 234 888 1596
666 235 888 1268
667 236 888 588
668 237 888 571
669 240 888 298
669 239 888 306
669 238 888 615
686 241 888 1914
697 242 888 1864
704 243 888 1714
706 244 888 1011
711 245 888 1497
718 246 888 1718
720 250 888 309
720 249 888 449
720 248 888 446
720 247 888 1086
724 251 888 1407
725 252 888 708
725 253 888 172
725 254 888 476
725 255 888 328
728 256 888 1214
728 257 888 109
729 258 888 838
730 259 888 783
730 260 888 43
733 261 888 1299
733 262 888 126
739 263 888 1674
747 264 888 1794
749 265 888 908
751 266 888 931
756 268 888 74
756 267 888 1524
757 269 888 729
757 270 888 233
758 271 888 774
765 272 888 1747
770 273 888 1593
771 274 888 535
776 275 888 1602
778 277 888 77
778 276 888 933
782 278 888 1358
788 279 888 1659
788 280 888 84
792 281 888 1413
796 282 888 1419
800 283 888 1367
804 285 888 419
804 284 888 1406
804 286 888 47
806 287 888 944
811 288 888 1592
814 289 888 1268
814 290 888 54
814 291 888 479
820 292 888 1658
828 293 888 1756
828 294 888 262
830 295 888 923
838 297 888 189
838 296 888 1787
848 298 888 1845
848 299 888 102
849 300 888 565
849 301 888 194
851 302 888 1012
857 303 888 1641
857 304 888 215
861 305 888 1459
866 306 888 1584
