1 0 1308 615
4 1 1308 1200
7 2 1308 1186
8 3 1308 745
9 4 1308 716
11 5 1308 916
16 6 1308 1572
20 8 1308 284
20 7 1308 1412
26 9 1308 1628
26 10 1308 274
27 11 1308 776
28 12 1308 861
28 13 1308 15
28 14 1308 77
37 15 1308 1814
38 16 1308 756
39 17 1308 593
40 18 1308 775
44 19 1308 1443
44 20 1308 69
51 21 1308 1733
52 22 1308 540
53 23 1308 555
54 24 1308 582
58 25 1308 1350
59 26 1308 771
59 27 1308 281
70 28 1308 1866
74 29 1308 1453
75 30 1308 829
76 31 1308 520
76 32 1308 47
89 33 1308 1890
96 34 1308 1721
96 35 1308 380
96 36 1308 460
100 38 1308 347
100 37 1308 1354
107 39 1308 1695
108 40 1308 866
116 41 1308 1778
121 42 1308 1541
122 43 1308 720
132 46 1308 34
132 47 1308 252
132 44 1308 1846
132 45 1308 220
154 48 1308 1922
154 49 1308 312
157 50 1308 1252
157 51 1308 347
157 52 1308 300
163 54 1308 56
163 53 1308 1643
164 55 1308 807
165 56 1308 660
166 57 1308 631
166 58 1308 163
169 59 1308 1291
169 60 1308 144
172 61 1308 1290
176 62 1308 1470
177 63 1308 755
178 64 1308 799
184 65 1308 1679
185 66 1308 728
187 67 1308 895
187 68 1308 218
193 69 1308 1621
197 70 1308 1353
200 71 1308 1326
200 72 1308 245
202 73 1308 1005
203 75 1308 216
203 76 1308 192
203 74 1308 576
210 77 1308 1744
211 78 1308 633
211 79 1308 361
214 80 1308 1316
215 81 1308 519
215 82 1308 284
220 87 1308 329
220 86 1308 220
220 84 1308 200
220 83 1308 1554
220 85 1308 482
230 88 1308 1833
232 89 1308 914
238 90 1308 1645
246 91 1308 1754
249 92 1308 1191
251 93 1308 981
256 94 1308 1550
261 95 1308 1500
261 96 1308 307
262 97 1308 786
272 98 1308 1846
272 99 1308 167
276 100 1308 1416
278 102 1308 33
278 103 1308 301
278 101 1308 1063
280 104 1308 884
290 105 1308 1851
290 106 1308 102
293 107 1308 1219
295 108 1308 1066
303 109 1308 1765
304 110 1308 615
305 111 1308 841
327 112 1308 1922
334 113 1308 1726
348 114 1308 1899
353 115 1308 1550
355 116 1308 1006
365 117 1308 1841
366 118 1308 554
366 119 1308 316
370 120 1308 1458
370 121 1308 399
372 122 1308 987
375 123 1308 1229
389 124 1308 1901
394 125 1308 1523
394 126 1308 134
397 127 1308 1188
401 128 1308 1379
403 129 1308 1000
413 130 1308 1833
416 131 1308 1330
425 132 1308 1823
425 133 1308 465
427 134 1308 870
427 135 1308 253
427 136 1308 485
442 137 1308 1908
443 139 1308 273
443 140 1308 380
443 138 1308 669
445 141 1308 925
448 142 1308 1187
448 143 1308 68
448 144 1308 299
449 145 1308 804
457 146 1308 1757
461 147 1308 1390
463 150 1308 494
463 151 1308 390
463 148 1308 1006
463 149 1308 0
463 152 1308 231
468 153 1308 1529
469 154 1308 634
471 155 1308 1017
471 156 1308 76
472 157 1308 728
472 158 1308 324
475 159 1308 1286
482 160 1308 1717
483 161 1308 838
491 163 1308 66
491 162 1308 1765
502 164 1308 1856
505 165 1308 1209
507 166 1308 942
511 167 1308 1456
512 168 1308 855
518 169 1308 1646
520 170 1308 1064
522 171 1308 1023
525 173 1308 281
525 172 1308 1172
536 174 1308 1861
537 175 1308 532
539 176 1308 1136
541 177 1308 919
543 178 1308 930
545 179 1308 1097
552 180 1308 1690
553 182 1308 181
553 181 1308 669
557 183 1308 1379
558 184 1308 506
562 185 1308 1442
564 186 1308 1099
564 187 1308 293
572 188 1308 1756
580 190 1308 176
580 189 1308 1778
586 191 1308 1681
591 192 1308 1583
594 193 1308 1308
594 194 1308 481
598 195 1308 1466
600 196 1308 1085
602 197 1308 1121
602 198 1308 136
604 199 1308 1014
612 201 1308 300
612 200 1308 1786
613 202 1308 534
616 203 1308 1285
617 204 1308 860
621 205 1308 1395
624 206 1308 1143
636 207 1308 1875
641 209 1308 101
641 208 1308 1593
650 210 1308 1805
652 211 1308 1082
659 212 1308 1722
662 213 1308 1152
667 214 1308 1520
669 215 1308 1048
670 216 1308 656
670 217 1308 385
674 218 1308 1485
674 219 1308 414
674 220 1308 109
675 221 1308 649
681 222 1308 1625
683 223 1308 1002
687 224 1308 1469
690 225 1308 1308
694 226 1308 1364
702 227 1308 1788
709 228 1308 1724
709 229 1308 394
713 231 1308 15
713 230 1308 1372
714 232 1308 782
724 233 1308 1840
727 234 1308 1235
731 235 1308 1390
731 236 1308 134
732 237 1308 821
733 238 1308 519
735 240 1308 298
735 239 1308 1035
738 241 1308 1149
739 242 1308 625
745 243 1308 1655
759 244 1308 1897
761 245 1308 1019
773 247 1308 431
773 246 1308 1884
780 248 1308 1712
784 249 1308 1358
785 250 1308 809
786 251 1308 699
791 252 1308 1561
797 253 1308 1647
799 254 1308 905
801 255 1308 1137
802 256 1308 600
806 257 1308 1457
813 258 1308 1740
817 259 1308 1477
817 260 1308 30
820 261 1308 1280
820 262 1308 150
823 263 1308 1198
824 264 1308 653
832 265 1308 1790
832 266 1308 299
841 267 1308 1806
851 269 1308 129
851 268 1308 1841
853 270 1308 913
861 271 1308 1760
869 272 1308 1791
869 273 1308 450
869 274 1308 115
871 275 1308 884
871 276 1308 23
884 277 1308 1894
886 278 1308 1029
886 279 1308 449
890 280 1308 1348
892 281 1308 933
892 282 1308 75
892 283 1308 365
897 284 1308 1510
898 285 1308 672
898 286 1308 379
900 287 1308 1060
902 288 1308 935
902 289 1308 98
903 290 1308 790
904 291 1308 602
906 292 1308 1006
908 293 1308 967
910 294 1308 1004
912 295 1308 943
914 296 1308 998
918 297 1308 1351
920 298 1308 1001
920 299 1308 107
921 300 1308 720
921 301 1308 77
922 302 1308 514
927 303 1308 1583
927 304 1308 444
929 305 1308 974
930 306 1308 833
