2 0 782 891
8 1 782 1628
8 2 782 284
14 3 782 1615
14 4 782 478
15 7 782 372
15 8 782 308
15 5 782 512
15 6 782 185
19 9 782 1461
19 10 782 211
20 11 782 595
27 12 782 1727
32 13 782 1535
33 15 782 267
33 14 782 560
34 16 782 626
38 18 782 223
38 17 782 1485
41 19 782 1195
49 20 782 1771
49 21 782 343
49 22 782 444
50 23 782 671
51 24 782 588
55 26 782 81
55 25 782 1421
59 27 782 1367
61 28 782 1029
62 29 782 751
62 30 782 104
64 31 782 1089
69 32 782 1589
70 33 782 824
76 34 782 1640
79 35 782 1160
81 38 782 138
81 37 782 191
81 36 782 940
83 39 782 926
83 40 782 435
89 41 782 1623
89 42 782 172
89 43 782 44
90 44 782 546
94 47 782 100
94 46 782 96
94 45 782 1385
97 48 782 1302
102 49 782 1558
102 50 782 223
103 51 782 521
106 52 782 1247
108 53 782 868
109 54 782 764
110 55 782 547
113 56 782 1184
118 57 782 1537
120 58 782 1026
122 59 782 981
122 60 782 431
123 61 782 743
126 62 782 1268
130 63 782 1482
134 64 782 1356
136 65 782 1046
138 66 782 930
140 67 782 903
149 68 782 1819
152 69 782 1325
155 70 782 1251
155 71 782 434
159 72 782 1347
162 73 782 1221
163 78 782 125
163 76 782 171
163 77 782 399
163 75 782 147
163 74 782 760
165 79 782 1127
168 80 782 1325
183 81 782 1905
183 82 782 65
187 83 782 1396
188 84 782 527
193 85 782 1507
201 86 782 1766
202 87 782 720
202 88 782 59
204 89 782 1092
218 90 782 1900
221 91 782 1328
223 92 782 1090
225 93 782 1081
225 94 782 495
231 96 782 354
231 95 782 1616
232 97 782 615
233 98 782 612
237 99 782 1424
237 100 782 454
239 101 782 1117
239 102 782 205
253 103 782 1902
253 104 782 306
260 105 782 1713
262 106 782 1099
262 107 782 26
262 108 782 108
263 109 782 616
263 110 782 376
264 111 782 784
268 112 782 1411
277 113 782 1823
282 115 782 450
282 114 782 1581
283 116 782 678
292 117 782 1797
294 118 782 954
302 119 782 1774
305 120 782 1205
305 121 782 210
306 122 782 844
307 123 782 726
311 124 782 1349
321 125 782 1847
324 126 782 1269
324 127 782 266
325 128 782 726
327 129 782 1068
334 130 782 1717
338 131 782 1481
345 132 782 1712
346 133 782 626
347 135 782 208
347 134 782 672
354 136 782 1699
354 137 782 88
356 138 782 1089
357 139 782 738
357 140 782 407
364 141 782 1740
365 142 782 612
369 143 782 1368
370 144 782 716
372 145 782 1115
382 146 782 1841
385 147 782 1191
389 148 782 1424
389 149 782 44
391 150 782 938
391 151 782 482
396 152 782 1585
397 156 782 273
397 155 782 244
397 153 782 762
397 154 782 219
401 157 782 1403
402 158 782 552
402 159 782 384
402 160 782 444
403 161 782 833
406 162 782 1225
408 163 782 965
409 164 782 823
410 165 782 820
412 166 782 997
413 167 782 785
416 168 782 1150
420 169 782 1372
421 170 782 675
422 171 782 590
423 172 782 708
423 173 782 216
427 174 782 1366
431 175 782 1389
436 176 782 1523
440 177 782 1400
440 178 782 10
440 179 782 234
440 180 782 6
440 181 782 77
441 182 782 766
442 184 782 129
442 183 782 681
445 185 782 1235
454 186 782 1820
456 187 782 949
456 188 782 407
456 189 782 428
467 190 782 1860
467 191 782 295
471 192 782 1460
472 194 782 294
472 193 782 705
477 195 782 1499
478 196 782 515
483 197 782 1571
484 198 782 544
493 199 782 1820
493 200 782 117
495 201 782 1056
495 202 782 40
495 203 782 52
498 204 782 1293
498 205 782 348
505 206 782 1698
509 207 782 1369
512 208 782 1320
513 209 782 754
514 210 782 646
515 211 782 797
519 212 782 1393
519 213 782 318
519 214 782 378
519 215 782 366
519 216 782 67
520 217 782 543
521 218 782 835
526 219 782 1512
528 222 782 378
528 220 782 925
528 221 782 48
529 223 782 722
533 224 782 1437
533 225 782 380
535 227 782 3
535 226 782 1054
545 228 782 1846
553 229 782 1792
555 230 782 874
567 231 782 1876
568 232 782 855
568 233 782 114
568 234 782 116
570 235 782 875
570 236 782 36
571 237 782 714
574 238 782 1312
581 239 782 1706
585 241 782 450
585 240 782 1461
590 242 782 1553
595 243 782 1577
602 244 782 1707
604 245 782 1063
605 246 782 827
607 247 782 1142
607 248 782 327
617 249 782 1853
621 250 782 1432
635 251 782 1896
636 252 782 736
638 253 782 957
640 254 782 895
640 255 782 69
641 256 782 677
644 257 782 1243
645 258 782 539
647 259 782 913
650 260 782 1218
657 261 782 1695
661 262 782 1448
665 263 782 1453
674 264 782 1804
675 265 782 694
686 266 782 1866
689 268 782 201
689 267 782 1278
693 269 782 1428
693 270 782 329
696 271 782 1277
699 272 782 1155
701 273 782 1054
701 274 782 50
701 275 782 474
701 276 782 420
702 277 782 725
704 278 782 940
704 279 782 374
708 280 782 1477
718 281 782 1837
723 282 782 1601
741 283 782 1918
741 284 782 359
743 285 782 903
745 286 782 1139
754 287 782 1823
757 288 782 1143
757 289 782 46
757 290 782 197
758 291 782 718
758 292 782 174
758 293 782 399
758 294 782 487
765 295 782 1691
767 296 782 927
767 297 782 99
774 298 782 1698
776 299 782 1012
778 300 782 1121
782 301 782 1473
784 302 782 940
785 303 782 824
790 305 782 154
790 304 782 1523
791 306 782 740
