0 0 1855 167
2 1 1855 969
8 2 1855 1675
8 3 1855 128
9 4 1855 537
10 5 1855 698
10 6 1855 395
11 7 1855 568
14 8 1855 1145
15 9 1855 836
15 10 1855 485
16 11 1855 684
25 12 1855 1806
27 13 1855 1009
31 14 1855 1453
31 15 1855 329
38 16 1855 1714
44 18 1855 335
44 17 1855 1624
46 19 1855 1009
49 20 1855 1149
49 21 1855 51
49 22 1855 262
50 23 1855 852
57 24 1855 1744
59 25 1855 932
61 27 1855 215
61 26 1855 918
67 28 1855 1656
69 29 1855 1061
74 30 1855 1581
74 31 1855 121
78 32 1855 1488
81 33 1855 1195
90 34 1855 1828
95 36 1855 18
95 37 1855 205
95 35 1855 1537
100 38 1855 1524
103 39 1855 1238
111 40 1855 1750
112 41 1855 756
112 42 1855 169
114 43 1855 1005
115 44 1855 612
116 47 1855 17
116 46 1855 483
116 45 1855 533
118 48 1855 1065
118 49 1855 228
121 50 1855 1156
129 51 1855 1790
133 52 1855 1487
137 53 1855 1401
146 54 1855 1805
146 55 1855 115
147 56 1855 707
148 57 1855 823
148 58 1855 309
153 59 1855 1530
160 60 1855 1704
160 61 1855 179
161 62 1855 837
161 63 1855 84
164 65 1855 363
164 64 1855 1180
166 66 1855 1121
167 67 1855 611
169 68 1855 1105
179 69 1855 1841
179 70 1855 311
184 72 1855 99
184 71 1855 1509
186 73 1855 1021
189 74 1855 1183
189 75 1855 392
198 76 1855 1806
201 77 1855 1182
201 78 1855 240
204 79 1855 1210
204 80 1855 448
206 81 1855 901
208 82 1855 1075
212 83 1855 1428
222 84 1855 1830
229 85 1855 1715
230 86 1855 559
230 87 1855 86
233 88 1855 1315
240 89 1855 1713
241 90 1855 830
243 91 1855 1119
252 92 1855 1820
271 93 1855 1919
275 94 1855 1459
280 95 1855 1571
290 96 1855 1844
290 97 1855 85
297 98 1855 1749
297 99 1855 248
300 100 1855 1337
309 101 1855 1797
310 102 1855 837
313 103 1855 1148
323 104 1855 1842
328 105 1855 1571
335 106 1855 1691
335 107 1855 465
335 108 1855 218
339 109 1855 1412
339 110 1855 234
343 111 1855 1449
344 112 1855 582
346 113 1855 1023
348 114 1855 1081
349 115 1855 803
351 116 1855 1029
354 117 1855 1333
354 118 1855 178
358 119 1855 1390
365 120 1855 1729
367 121 1855 1034
370 122 1855 1221
373 123 1855 1317
375 124 1855 1011
377 125 1855 1116
383 126 1855 1614
383 127 1855 104
387 128 1855 1487
392 129 1855 1537
392 130 1855 473
399 131 1855 1720
403 132 1855 1357
421 133 1855 1916
430 134 1855 1798
431 135 1855 576
431 136 1855 63
441 137 1855 1851
446 138 1855 1511
446 139 1855 258
446 140 1855 23
446 141 1855 93
454 142 1855 1792
463 143 1855 1827
467 144 1855 1478
470 145 1855 1305
471 146 1855 537
472 147 1855 796
473 148 1855 838
474 149 1855 655
475 150 1855 541
476 151 1855 510
486 155 1855 302
486 154 1855 443
486 153 1855 359
486 152 1855 1832
487 156 1855 575
491 157 1855 1445
491 158 1855 136
492 159 1855 725
504 160 1855 1882
509 161 1855 1586
511 162 1855 903
512 163 1855 606
514 164 1855 939
514 165 1855 438
514 166 1855 92
515 167 1855 591
518 168 1855 1150
519 169 1855 504
520 170 1855 739
522 171 1855 1102
529 172 1855 1747
539 173 1855 1845
543 174 1855 1366
549 175 1855 1636
552 176 1855 1167
555 177 1855 1318
563 178 1855 1763
569 179 1855 1631
570 180 1855 579
571 181 1855 818
574 182 1855 1191
575 183 1855 831
577 184 1855 995
590 185 1855 1887
599 186 1855 1813
601 187 1855 998
605 188 1855 1473
610 189 1855 1496
610 190 1855 1
611 191 1855 543
618 192 1855 1715
619 193 1855 785
619 194 1855 300
619 195 1855 361
621 196 1855 1114
624 197 1855 1185
626 198 1855 888
628 199 1855 1040
631 200 1855 1213
642 201 1855 1871
647 202 1855 1571
647 203 1855 334
657 204 1855 1841
661 205 1855 1363
662 206 1855 687
678 207 1855 1911
680 208 1855 917
681 209 1855 732
683 210 1855 1059
686 211 1855 1181
692 212 1855 1607
692 213 1855 429
692 214 1855 146
694 215 1855 1064
694 216 1855 395
694 217 1855 71
699 218 1855 1536
701 219 1855 976
702 220 1855 549
704 221 1855 1018
706 222 1855 1042
711 223 1855 1578
712 224 1855 503
712 225 1855 195
715 226 1855 1312
717 227 1855 962
722 228 1855 1544
724 229 1855 1005
725 230 1855 521
740 231 1855 1907
740 232 1855 430
741 233 1855 723
741 234 1855 418
742 235 1855 633
745 236 1855 1171
746 237 1855 857
748 238 1855 914
753 239 1855 1557
756 240 1855 1200
765 241 1855 1826
765 242 1855 81
766 243 1855 741
766 244 1855 437
767 245 1855 744
768 246 1855 861
771 247 1855 1285
772 248 1855 639
775 249 1855 1161
788 250 1855 1891
790 251 1855 1043
795 252 1855 1574
805 253 1855 1837
805 254 1855 490
805 255 1855 194
806 256 1855 828
824 257 1855 1918
832 258 1855 1756
838 259 1855 1645
838 260 1855 51
844 261 1855 1650
844 262 1855 366
854 263 1855 1837
854 264 1855 210
856 265 1855 1077
857 266 1855 751
859 268 1855 11
859 267 1855 884
863 269 1855 1438
872 270 1855 1817
876 271 1855 1463
878 272 1855 1082
893 273 1855 1903
900 274 1855 1701
901 275 1855 647
903 277 1855 301
903 276 1855 937
905 278 1855 1140
911 279 1855 1683
914 280 1855 1259
914 281 1855 26
914 282 1855 323
914 283 1855 383
916 284 1855 1038
920 286 1855 332
920 285 1855 1403
921 289 1855 223
921 287 1855 518
921 288 1855 232
928 290 1855 1729
931 291 1855 1178
933 292 1855 1026
936 293 1855 1193
941 294 1855 1505
945 295 1855 1474
949 296 1855 1460
949 297 1855 169
950 298 1855 530
953 299 1855 1284
971 300 1855 1918
985 301 1855 1902
988 302 1855 1274
990 303 1855 1126
993 305 1855 428
993 304 1855 1268
1005 306 1855 1885
