1 0 814 724
2 1 814 638
2 2 814 353
3 3 814 550
6 4 814 1332
7 5 814 619
8 6 814 623
13 7 814 1539
23 8 814 1837
38 9 814 1906
40 10 814 1008
42 11 814 951
42 12 814 398
44 13 814 1104
45 14 814 749
47 15 814 930
52 16 814 1555
57 17 814 1601
62 18 814 1581
62 19 814 28
63 20 814 559
66 21 814 1222
73 22 814 1690
74 23 814 688
76 25 814 498
76 26 814 399
76 24 814 924
80 27 814 1435
89 28 814 1801
89 29 814 246
90 30 814 601
90 31 814 309
90 32 814 306
90 33 814 14
96 34 814 1637
97 35 814 640
100 37 814 65
100 36 814 1298
106 38 814 1656
106 39 814 487
108 40 814 1137
109 41 814 666
109 42 814 259
109 43 814 293
111 44 814 961
111 45 814 385
113 47 814 75
113 46 814 931
118 48 814 1600
118 49 814 261
119 50 814 838
122 51 814 1280
123 52 814 835
124 53 814 550
124 54 814 21
128 55 814 1426
130 56 814 872
135 57 814 1590
140 58 814 1551
141 59 814 833
141 60 814 220
143 61 814 1113
149 62 814 1662
154 63 814 1590
157 64 814 1305
158 65 814 699
159 66 814 644
159 67 814 384
163 68 814 1392
163 69 814 108
168 70 814 1557
172 71 814 1490
183 72 814 1869
185 73 814 1094
186 74 814 816
195 75 814 1818
197 76 814 962
201 77 814 1396
207 78 814 1651
208 79 814 538
212 80 814 1492
212 81 814 323
220 82 814 1760
225 83 814 1539
228 84 814 1332
231 85 814 1245
235 86 814 1398
241 87 814 1681
259 88 814 1917
259 89 814 210
266 90 814 1693
272 91 814 1633
272 92 814 439
273 94 814 266
273 95 814 24
273 93 814 822
275 96 814 928
276 97 814 593
278 98 814 913
278 99 814 262
284 100 814 1666
285 101 814 547
286 102 814 608
290 103 814 1491
291 104 814 629
294 105 814 1273
297 106 814 1336
303 107 814 1666
309 108 814 1659
309 109 814 128
309 110 814 464
313 111 814 1401
324 112 814 1863
326 113 814 1012
329 114 814 1266
338 115 814 1821
341 116 814 1278
341 117 814 122
341 118 814 258
341 119 814 59
344 120 814 1225
346 121 814 888
346 122 814 391
349 124 814 340
349 123 814 1181
359 125 814 1848
361 126 814 1050
363 127 814 1046
364 128 814 827
365 129 814 792
367 130 814 889
367 131 814 368
367 132 814 483
371 133 814 1389
372 134 814 797
374 135 814 944
380 136 814 1640
380 137 814 268
382 138 814 910
382 139 814 59
392 140 814 1834
398 141 814 1657
398 142 814 21
406 143 814 1788
412 144 814 1671
412 145 814 291
419 146 814 1695
423 147 814 1352
427 148 814 1481
427 149 814 370
428 150 814 670
429 151 814 806
429 152 814 335
430 153 814 853
432 154 814 962
433 155 814 777
433 156 814 155
437 157 814 1351
440 158 814 1151
441 159 814 706
441 160 814 222
441 161 814 289
442 162 814 838
443 163 814 867
446 164 814 1163
446 165 814 95
448 166 814 917
448 167 814 474
448 168 814 214
448 169 814 321
448 170 814 181
450 171 814 1009
452 172 814 1137
452 173 814 198
452 174 814 150
456 175 814 1492
457 176 814 866
458 177 814 527
462 179 814 48
462 180 814 152
462 178 814 1435
468 181 814 1623
472 182 814 1490
472 183 814 457
472 184 814 121
472 185 814 83
472 186 814 33
477 188 814 427
477 187 814 1554
477 189 814 20
478 191 814 288
478 190 814 789
480 192 814 1042
480 193 814 203
488 194 814 1762
493 195 814 1544
494 196 814 818
496 197 814 1079
497 198 814 625
502 199 814 1575
505 200 814 1299
508 201 814 1221
510 202 814 1137
513 203 814 1159
513 204 814 188
518 205 814 1586
523 206 814 1593
523 207 814 137
524 208 814 703
528 209 814 1394
538 210 814 1835
543 211 814 1552
553 212 814 1841
555 213 814 1102
556 214 814 553
557 215 814 523
558 216 814 724
558 217 814 381
559 218 814 746
561 219 814 1080
561 220 814 62
564 221 814 1287
564 222 814 46
564 223 814 194
568 224 814 1457
577 225 814 1817
590 226 814 1892
592 228 814 361
592 227 814 934
593 229 814 531
594 230 814 673
601 231 814 1712
610 232 814 1827
618 233 814 1784
619 234 814 673
620 240 814 415
620 238 814 268
620 239 814 459
620 236 814 485
620 235 814 856
620 237 814 330
629 241 814 1821
630 242 814 851
632 243 814 957
632 244 814 109
635 246 814 371
635 245 814 1161
646 247 814 1864
651 248 814 1574
654 249 814 1238
655 250 814 819
655 251 814 437
655 252 814 333
659 253 814 1469
664 254 814 1513
664 255 814 11
667 256 814 1174
669 257 814 943
675 258 814 1627
675 259 814 296
681 260 814 1619
682 261 814 658
689 262 814 1700
689 263 814 172
690 264 814 720
690 265 814 123
696 267 814 57
696 268 814 428
696 266 814 1650
702 269 814 1622
702 270 814 38
702 271 814 394
702 272 814 113
702 273 814 286
703 274 814 664
703 275 814 166
703 276 814 435
705 279 814 295
705 277 814 1013
705 278 814 84
709 280 814 1445
709 281 814 27
712 282 814 1285
714 283 814 1047
720 284 814 1636
720 285 814 236
724 288 814 270
724 287 814 357
724 286 814 1379
725 289 814 661
730 290 814 1606
734 291 814 1466
735 292 814 627
749 293 814 1897
750 294 814 765
756 295 814 1681
756 296 814 120
757 297 814 679
757 298 814 237
773 299 814 1911
777 300 814 1436
777 301 814 314
781 302 814 1435
793 303 814 1876
796 305 814 424
796 304 814 1199
796 306 814 324
