4 0 677 1481
16 1 677 1880
17 2 677 840
25 3 677 1781
30 4 677 1579
36 5 677 1631
37 6 677 596
38 7 677 729
38 8 677 48
43 9 677 1545
44 10 677 657
45 11 677 607
46 12 677 662
48 13 677 981
49 14 677 762
50 15 677 680
54 16 677 1383
59 20 677 141
59 19 677 411
59 18 677 103
59 17 677 1601
60 21 677 578
63 22 677 1206
63 23 677 41
75 24 677 1884
77 25 677 891
78 26 677 512
84 27 677 1624
91 28 677 1699
96 29 677 1516
96 30 677 34
97 31 677 594
100 32 677 1209
104 33 677 1424
106 34 677 1070
108 35 677 959
110 36 677 1130
113 38 677 91
113 37 677 1269
114 39 677 582
117 40 677 1283
124 41 677 1713
124 42 677 188
130 43 677 1658
133 44 677 1329
133 45 677 77
134 47 677 236
134 46 677 824
135 48 677 785
135 49 677 180
136 50 677 752
151 51 677 1906
155 52 677 1433
156 53 677 682
166 54 677 1836
168 55 677 903
169 56 677 673
170 57 677 799
179 58 677 1821
180 59 677 688
182 60 677 1118
184 61 677 897
186 62 677 954
186 63 677 456
191 65 677 62
191 64 677 1510
194 66 677 1322
197 67 677 1163
207 68 677 1836
214 69 677 1728
218 70 677 1474
218 71 677 113
223 72 677 1509
227 73 677 1446
229 75 677 352
229 76 677 389
229 74 677 1052
233 77 677 1473
234 78 677 636
243 79 677 1806
243 80 677 66
243 81 677 276
244 82 677 839
249 83 677 1518
250 85 677 53
250 84 677 764
252 86 677 1086
253 87 677 527
258 88 677 1512
258 89 677 167
258 90 677 285
258 91 677 330
262 92 677 1372
265 93 677 1328
269 95 677 386
269 94 677 1388
270 96 677 759
276 97 677 1657
276 98 677 147
279 99 677 1267
280 100 677 679
285 101 677 1586
285 102 677 324
287 103 677 981
288 104 677 631
289 105 677 638
289 106 677 396
305 107 677 1911
310 108 677 1554
314 109 677 1484
315 110 677 513
317 111 677 1125
317 112 677 163
317 113 677 15
318 114 677 621
319 115 677 842
319 116 677 58
323 117 677 1360
329 118 677 1616
333 119 677 1457
335 120 677 900
336 121 677 795
341 122 677 1575
347 123 677 1669
351 124 677 1442
354 125 677 1143
355 126 677 666
355 127 677 180
355 128 677 58
356 129 677 666
361 130 677 1518
362 131 677 657
365 132 677 1325
368 133 677 1294
370 134 677 1126
370 135 677 405
382 136 677 1876
390 137 677 1782
392 138 677 887
392 139 677 126
397 140 677 1581
399 141 677 1099
401 142 677 897
401 143 677 28
406 144 677 1579
408 145 677 1085
408 146 677 167
412 147 677 1357
413 148 677 707
414 149 677 545
414 150 677 327
417 152 677 40
417 151 677 1323
418 154 677 366
418 153 677 615
427 155 677 1809
427 156 677 10
428 157 677 580
432 158 677 1463
436 159 677 1412
450 160 677 1896
450 161 677 215
460 162 677 1852
462 163 677 888
475 164 677 1891
483 165 677 1780
490 166 677 1724
491 167 677 794
492 168 677 813
492 169 677 215
494 171 677 200
494 172 677 472
494 170 677 891
498 173 677 1490
507 174 677 1800
514 175 677 1726
523 176 677 1822
528 177 677 1547
528 178 677 90
528 179 677 357
530 180 677 976
533 181 677 1234
537 182 677 1398
541 183 677 1438
541 184 677 338
541 185 677 194
542 186 677 616
543 187 677 709
545 188 677 927
548 189 677 1242
548 190 677 395
551 192 677 318
551 191 677 1295
555 193 677 1400
555 194 677 154
559 195 677 1366
562 196 677 1172
562 197 677 9
562 198 677 62
569 199 677 1723
572 200 677 1285
575 201 677 1298
576 202 677 543
576 203 677 491
581 204 677 1578
581 205 677 126
582 206 677 850
582 207 677 475
583 208 677 740
584 209 677 565
600 212 677 490
600 210 677 1912
600 211 677 388
602 213 677 1106
602 214 677 436
603 215 677 662
604 216 677 741
604 217 677 413
605 218 677 550
612 219 677 1696
615 220 677 1164
617 221 677 1014
625 222 677 1791
630 223 677 1496
637 224 677 1745
642 225 677 1521
651 226 677 1807
653 227 677 997
656 228 677 1335
656 229 677 433
657 230 677 553
666 231 677 1812
670 232 677 1484
670 233 677 291
672 234 677 997
677 235 677 1602
678 236 677 690
680 237 677 906
688 239 677 211
688 238 677 1785
691 240 677 1268
691 241 677 141
704 242 677 1894
704 243 677 362
707 244 677 1255
707 245 677 6
708 246 677 805
710 247 677 1137
712 248 677 963
716 249 677 1416
717 250 677 624
718 251 677 758
722 252 677 1384
722 253 677 290
723 254 677 559
723 255 677 270
727 256 677 1431
729 257 677 972
730 258 677 671
730 259 677 57
730 260 677 244
738 261 677 1778
740 262 677 1064
740 263 677 306
740 264 677 11
740 265 677 99
741 267 677 199
741 268 677 108
741 266 677 828
742 269 677 758
756 270 677 1896
764 271 677 1760
765 272 677 553
765 273 677 338
765 274 677 428
767 275 677 1022
769 276 677 1045
773 278 677 240
773 277 677 1428
780 279 677 1738
781 280 677 715
782 281 677 670
782 282 677 33
792 283 677 1843
799 284 677 1734
806 285 677 1720
806 286 677 428
809 287 677 1194
815 288 677 1657
816 289 677 726
816 290 677 170
822 291 677 1643
822 292 677 235
829 293 677 1727
842 294 677 1891
846 295 677 1415
848 296 677 1001
853 297 677 1587
853 298 677 350
856 299 677 1156
858 300 677 1103
859 301 677 606
861 302 677 1028
861 303 677 205
865 304 677 1445
866 305 677 789
866 306 677 204
