3 0 642 1273
4 1 642 761
8 2 642 1409
14 3 642 1658
15 4 642 733
19 5 642 1349
19 6 642 370
19 7 642 424
20 10 642 170
20 8 642 761
20 9 642 269
28 11 642 1787
32 12 642 1393
35 13 642 1166
38 14 642 1153
41 16 642 394
41 15 642 1248
43 17 642 1062
45 18 642 980
50 19 642 1571
52 20 642 1123
52 21 642 460
56 22 642 1425
56 23 642 351
60 24 642 1475
60 25 642 7
61 26 642 862
64 27 642 1156
72 28 642 1768
72 29 642 162
73 30 642 606
75 31 642 1056
80 32 642 1595
81 33 642 737
85 34 642 1411
86 35 642 817
90 36 642 1390
93 37 642 1152
102 38 642 1828
110 39 642 1788
112 40 642 969
116 41 642 1491
117 42 642 609
117 43 642 431
117 44 642 251
118 45 642 500
119 46 642 861
122 47 642 1251
122 48 642 432
125 49 642 1289
127 50 642 904
130 51 642 1201
131 52 642 826
131 53 642 392
131 54 642 254
132 55 642 813
135 56 642 1261
137 57 642 1057
137 58 642 183
138 59 642 725
138 60 642 486
140 61 642 1139
141 62 642 580
142 63 642 599
147 64 642 1587
149 66 642 191
149 65 642 1039
150 67 642 655
156 68 642 1680
156 69 642 335
164 70 642 1782
167 71 642 1167
170 72 642 1158
172 73 642 1117
173 74 642 602
178 75 642 1556
186 76 642 1776
188 77 642 993
188 78 642 100
190 79 642 974
192 80 642 1070
197 81 642 1536
198 82 642 723
198 83 642 479
201 84 642 1182
204 86 642 229
204 85 642 1329
207 87 642 1202
207 88 642 482
208 89 642 597
212 90 642 1481
212 91 642 333
214 92 642 968
216 93 642 1103
219 94 642 1301
227 95 642 1754
229 97 642 9
229 96 642 911
230 98 642 768
232 99 642 1136
232 100 642 308
232 101 642 205
237 102 642 1496
237 103 642 96
241 104 642 1432
247 106 642 43
247 105 642 1662
253 107 642 1634
260 108 642 1715
261 109 642 623
263 110 642 962
263 111 642 267
265 112 642 956
267 113 642 1134
272 114 642 1579
274 117 642 101
274 115 642 875
274 116 642 416
277 118 642 1342
277 119 642 257
278 120 642 809
280 121 642 914
280 122 642 173
282 123 642 1082
283 124 642 779
287 127 642 55
287 126 642 198
287 125 642 1448
294 128 642 1741
295 129 642 772
296 130 642 645
304 131 642 1766
304 132 642 225
306 133 642 888
307 134 642 665
308 136 642 39
308 135 642 864
309 137 642 626
311 138 642 972
315 139 642 1445
318 140 642 1286
319 141 642 520
323 142 642 1412
331 143 642 1784
336 144 642 1559
339 145 642 1214
342 146 642 1302
350 147 642 1759
354 148 642 1448
354 149 642 426
357 150 642 1338
358 151 642 809
359 152 642 592
360 154 642 327
360 153 642 510
363 155 642 1319
363 156 642 32
363 157 642 413
366 158 642 1242
381 159 642 1908
385 160 642 1463
401 161 642 1912
410 162 642 1818
412 163 642 942
426 164 642 1902
428 165 642 1120
428 166 642 41
428 167 642 67
428 168 642 468
429 169 642 714
430 170 642 835
437 171 642 1714
439 172 642 1054
448 173 642 1821
450 174 642 895
450 175 642 289
454 176 642 1427
454 177 642 313
458 178 642 1447
462 179 642 1490
462 180 642 145
462 181 642 364
463 182 642 532
466 183 642 1314
470 184 642 1359
478 185 642 1760
481 186 642 1174
487 187 642 1639
488 188 642 561
491 189 642 1270
492 190 642 831
497 191 642 1551
500 192 642 1309
502 193 642 988
517 194 642 1906
520 195 642 1299
521 196 642 627
521 197 642 469
530 198 642 1806
530 199 642 439
533 200 642 1172
536 201 642 1234
539 202 642 1290
540 203 642 733
545 204 642 1515
550 205 642 1549
556 206 642 1680
557 207 642 695
562 208 642 1539
562 209 642 38
571 210 642 1817
577 211 642 1644
579 212 642 891
585 213 642 1677
593 214 642 1762
595 215 642 1099
599 216 642 1379
600 217 642 503
605 218 642 1508
605 219 642 142
616 221 642 327
616 220 642 1870
620 222 642 1431
622 223 642 1123
631 224 642 1807
634 225 642 1209
634 226 642 404
634 227 642 66
644 228 642 1840
649 229 642 1521
654 230 642 1586
656 231 642 957
656 232 642 431
658 233 642 1008
658 234 642 318
659 235 642 836
661 236 642 999
668 237 642 1724
675 238 642 1724
682 242 642 99
682 241 642 479
682 239 642 1734
682 240 642 80
683 243 642 523
687 244 642 1378
689 245 642 1112
690 246 642 659
695 247 642 1556
698 248 642 1150
699 249 642 806
709 250 642 1844
709 251 642 124
711 252 642 886
717 253 642 1664
717 254 642 493
718 255 642 844
725 256 642 1728
725 257 642 167
726 259 642 306
726 258 642 850
729 260 642 1144
735 261 642 1614
736 262 642 779
736 263 642 18
736 264 642 376
737 265 642 859
740 266 642 1212
749 267 642 1807
753 268 642 1359
755 269 642 926
755 270 642 100
760 271 642 1580
761 272 642 704
768 273 642 1698
768 274 642 61
772 275 642 1391
772 276 642 227
774 277 642 907
780 278 642 1669
781 279 642 695
782 280 642 549
783 281 642 772
784 282 642 840
786 283 642 1034
791 284 642 1601
795 285 642 1462
795 286 642 71
796 287 642 692
797 288 642 515
801 289 642 1398
803 290 642 1032
804 291 642 832
806 292 642 873
810 293 642 1417
811 294 642 590
811 295 642 390
817 298 642 147
817 297 642 81
817 296 642 1625
818 299 642 518
827 300 642 1825
828 301 642 777
828 302 642 197
828 303 642 223
829 304 642 705
829 305 642 264
832 306 642 1345
