0 0 1377 0
3 1 1377 1308
6 2 1377 1277
9 3 1377 1304
9 4 1377 489
11 5 1377 999
16 6 1377 1498
19 7 1377 1253
22 9 1377 7
22 8 1377 1311
23 10 1377 675
27 11 1377 1403
36 12 1377 1809
38 13 1377 1105
40 14 1377 961
40 15 1377 250
43 17 1377 13
43 18 1377 479
43 16 1377 1170
44 19 1377 748
48 20 1377 1357
58 21 1377 1845
63 22 1377 1545
66 23 1377 1154
75 24 1377 1810
78 26 1377 314
78 25 1377 1288
79 27 1377 546
80 28 1377 645
81 29 1377 858
81 30 1377 387
82 31 1377 499
82 32 1377 140
92 33 1377 1844
103 34 1377 1858
104 35 1377 746
112 36 1377 1772
115 37 1377 1260
123 38 1377 1784
126 39 1377 1305
126 40 1377 180
129 41 1377 1157
134 42 1377 1600
138 43 1377 1471
140 44 1377 1045
145 45 1377 1603
145 46 1377 453
148 48 1377 364
148 47 1377 1177
153 49 1377 1589
154 50 1377 708
163 51 1377 1801
163 52 1377 102
163 53 1377 388
164 54 1377 691
164 55 1377 79
170 57 1377 123
170 56 1377 1687
174 58 1377 1419
176 59 1377 1126
177 60 1377 684
179 61 1377 951
180 62 1377 607
180 63 1377 452
185 65 1377 176
185 64 1377 1545
188 66 1377 1262
201 67 1377 1889
204 68 1377 1171
204 69 1377 215
204 70 1377 402
214 71 1377 1835
214 72 1377 153
216 73 1377 1098
217 78 1377 109
217 79 1377 207
217 77 1377 73
217 76 1377 245
217 75 1377 200
217 74 1377 567
218 80 1377 835
220 81 1377 1062
220 82 1377 182
222 83 1377 981
222 84 1377 149
223 86 1377 397
223 85 1377 511
229 87 1377 1676
232 88 1377 1153
240 89 1377 1778
242 90 1377 983
248 91 1377 1648
256 92 1377 1766
257 93 1377 658
258 94 1377 620
261 95 1377 1153
262 96 1377 549
265 97 1377 1148
275 98 1377 1851
277 99 1377 868
277 100 1377 340
277 101 1377 489
277 102 1377 5
277 103 1377 148
280 104 1377 1186
281 105 1377 798
287 106 1377 1647
289 107 1377 928
296 108 1377 1746
296 109 1377 490
304 110 1377 1759
310 111 1377 1614
310 112 1377 14
313 113 1377 1211
313 114 1377 291
318 115 1377 1547
319 116 1377 769
324 117 1377 1550
324 118 1377 302
326 119 1377 1034
333 120 1377 1704
338 121 1377 1511
339 122 1377 735
342 123 1377 1318
345 124 1377 1156
346 126 1377 69
346 125 1377 678
350 127 1377 1420
350 128 1377 478
353 129 1377 1338
358 130 1377 1576
360 131 1377 1022
360 132 1377 147
363 133 1377 1165
371 135 1377 346
371 134 1377 1792
373 136 1377 1056
373 137 1377 33
380 138 1377 1720
383 139 1377 1276
384 140 1377 788
388 141 1377 1393
399 142 1377 1855
400 144 1377 19
400 143 1377 663
403 145 1377 1294
409 146 1377 1634
410 147 1377 554
410 148 1377 367
412 149 1377 998
412 150 1377 384
414 151 1377 923
415 152 1377 845
416 153 1377 816
418 154 1377 1089
419 155 1377 754
425 156 1377 1678
426 157 1377 612
428 158 1377 917
429 159 1377 507
430 162 1377 449
430 163 1377 407
430 160 1377 729
430 161 1377 226
431 164 1377 839
432 165 1377 737
436 166 1377 1467
437 167 1377 773
440 168 1377 1343
451 169 1377 1870
451 170 1377 491
452 171 1377 736
460 172 1377 1755
462 175 1377 310
462 173 1377 951
462 174 1377 245
467 176 1377 1580
467 177 1377 71
470 178 1377 1298
478 179 1377 1786
480 180 1377 969
484 181 1377 1439
486 182 1377 1053
490 183 1377 1405
492 184 1377 954
493 185 1377 652
493 186 1377 176
496 187 1377 1255
496 188 1377 76
498 189 1377 1038
499 191 1377 443
499 190 1377 592
501 192 1377 1040
504 193 1377 1212
505 194 1377 546
506 195 1377 562
508 196 1377 944
512 197 1377 1448
519 198 1377 1749
522 199 1377 1206
530 200 1377 1752
531 201 1377 860
533 203 1377 421
533 202 1377 1135
534 204 1377 506
539 205 1377 1572
541 206 1377 1093
550 207 1377 1819
551 208 1377 571
552 209 1377 778
554 210 1377 1098
560 211 1377 1606
563 212 1377 1238
565 213 1377 1055
569 214 1377 1462
572 215 1377 1214
574 216 1377 1098
576 217 1377 969
580 218 1377 1378
580 219 1377 186
581 220 1377 560
581 221 1377 211
582 223 1377 305
582 222 1377 697
585 224 1377 1277
585 225 1377 47
591 226 1377 1620
592 227 1377 542
592 228 1377 404
598 229 1377 1608
601 235 1377 109
601 236 1377 303
601 234 1377 34
601 230 1377 1291
601 232 1377 247
601 231 1377 132
601 233 1377 92
602 237 1377 631
604 238 1377 898
607 239 1377 1306
611 240 1377 1483
611 241 1377 281
612 242 1377 683
615 243 1377 1223
626 244 1377 1864
628 245 1377 910
630 246 1377 1130
646 247 1377 1910
652 248 1377 1675
655 249 1377 1256
659 250 1377 1388
673 252 1377 69
673 251 1377 1899
678 253 1377 1562
679 254 1377 645
684 255 1377 1540
684 256 1377 163
685 257 1377 830
687 258 1377 1068
687 259 1377 459
699 260 1377 1877
700 261 1377 550
704 262 1377 1415
706 263 1377 887
710 264 1377 1411
712 265 1377 966
716 266 1377 1359
719 267 1377 1146
721 268 1377 1021
725 269 1377 1353
727 273 1377 71
727 272 1377 70
727 270 1377 911
727 271 1377 466
728 274 1377 627
728 275 1377 279
732 276 1377 1453
736 277 1377 1398
736 278 1377 366
736 279 1377 367
737 280 1377 842
743 281 1377 1635
744 282 1377 792
746 283 1377 1072
746 284 1377 219
749 285 1377 1316
749 286 1377 62
750 287 1377 610
754 289 1377 418
754 288 1377 1371
765 290 1377 1870
769 291 1377 1398
773 292 1377 1487
773 293 1377 438
777 294 1377 1354
779 295 1377 933
780 296 1377 791
787 297 1377 1720
794 298 1377 1736
796 299 1377 897
800 300 1377 1476
815 301 1377 1908
817 302 1377 889
817 303 1377 321
817 304 1377 345
819 305 1377 921
828 306 1377 1828
