1 0 1467 644
7 1 1467 1644
7 2 1467 367
7 3 1467 340
9 4 1467 882
19 5 1467 1839
20 6 1467 762
21 7 1467 845
27 9 1467 116
27 8 1467 1610
28 10 1467 638
28 11 1467 444
30 12 1467 950
32 13 1467 1035
32 14 1467 375
40 15 1467 1776
42 16 1467 942
42 17 1467 52
49 18 1467 1690
52 19 1467 1156
53 20 1467 820
61 21 1467 1754
65 22 1467 1352
66 23 1467 650
70 24 1467 1346
73 26 1467 352
73 27 1467 455
73 25 1467 1258
75 28 1467 1093
75 29 1467 313
76 30 1467 636
77 31 1467 581
83 32 1467 1609
83 33 1467 472
86 34 1467 1299
91 35 1467 1537
93 38 1467 406
93 37 1467 367
93 36 1467 1094
97 39 1467 1486
98 40 1467 712
98 41 1467 209
101 42 1467 1286
101 43 1467 222
105 44 1467 1348
106 45 1467 812
107 46 1467 795
108 47 1467 559
115 48 1467 1722
116 49 1467 820
116 50 1467 452
116 51 1467 10
117 52 1467 632
117 53 1467 75
120 54 1467 1151
121 56 1467 291
121 55 1467 815
127 57 1467 1642
129 58 1467 918
134 59 1467 1549
138 60 1467 1486
138 61 1467 306
144 62 1467 1677
147 63 1467 1297
151 65 1467 57
151 64 1467 1405
152 66 1467 760
152 67 1467 478
158 68 1467 1660
159 69 1467 762
160 70 1467 682
161 71 1467 574
166 73 1467 203
166 72 1467 1570
166 74 1467 444
167 76 1467 467
167 75 1467 610
169 77 1467 1129
172 78 1467 1227
173 79 1467 534
173 80 1467 462
180 81 1467 1718
181 82 1467 658
181 83 1467 272
189 84 1467 1785
190 85 1467 625
202 86 1467 1873
207 87 1467 1534
210 88 1467 1245
210 89 1467 483
213 90 1467 1245
217 91 1467 1377
221 92 1467 1374
222 93 1467 782
256 96 1467 457
256 94 1467 1924
256 95 1467 405
273 97 1467 1914
274 98 1467 742
277 99 1467 1290
277 100 1467 52
277 101 1467 317
278 102 1467 823
280 104 1467 138
280 103 1467 959
289 105 1467 1802
289 106 1467 365
289 107 1467 429
294 108 1467 1555
295 109 1467 540
295 110 1467 347
297 112 1467 414
297 111 1467 1086
297 113 1467 384
299 114 1467 1086
306 115 1467 1693
311 116 1467 1573
315 117 1467 1404
319 118 1467 1436
320 119 1467 779
320 120 1467 109
323 121 1467 1151
326 122 1467 1157
329 123 1467 1177
333 124 1467 1441
336 125 1467 1230
338 126 1467 1125
339 131 1467 478
339 130 1467 153
339 132 1467 387
339 128 1467 203
339 127 1467 788
339 129 1467 38
350 133 1467 1862
350 134 1467 481
350 135 1467 145
352 136 1467 895
358 137 1467 1623
358 138 1467 133
373 140 1467 260
373 139 1467 1908
377 141 1467 1444
391 142 1467 1903
392 143 1467 704
392 144 1467 136
392 145 1467 159
394 146 1467 962
396 147 1467 990
402 149 1467 231
402 148 1467 1620
403 150 1467 757
405 151 1467 977
405 152 1467 477
418 153 1467 1888
421 154 1467 1180
422 155 1467 826
424 156 1467 1085
429 157 1467 1571
433 158 1467 1442
434 159 1467 833
435 160 1467 677
440 162 1467 225
440 161 1467 1502
445 163 1467 1517
445 164 1467 387
453 165 1467 1794
454 166 1467 699
454 167 1467 477
463 168 1467 1827
465 169 1467 941
466 170 1467 798
478 171 1467 1874
481 172 1467 1270
485 173 1467 1453
486 174 1467 518
487 175 1467 589
490 176 1467 1173
490 177 1467 452
492 178 1467 1040
495 179 1467 1282
495 180 1467 267
495 181 1467 134
497 182 1467 1092
511 183 1467 1896
514 184 1467 1206
516 185 1467 1100
516 186 1467 0
516 187 1467 424
517 188 1467 681
522 189 1467 1580
524 190 1467 985
527 192 1467 180
527 191 1467 1248
530 193 1467 1225
533 194 1467 1230
534 195 1467 683
537 196 1467 1218
537 197 1467 385
537 198 1467 316
537 199 1467 266
541 201 1467 484
541 200 1467 1384
543 202 1467 1088
544 203 1467 678
548 204 1467 1358
549 205 1467 807
555 206 1467 1632
557 207 1467 949
561 208 1467 1369
562 209 1467 590
567 210 1467 1578
568 211 1467 632
569 212 1467 530
569 213 1467 159
570 214 1467 565
571 215 1467 542
571 216 1467 409
571 217 1467 254
571 218 1467 311
574 219 1467 1212
582 221 1467 275
582 220 1467 1793
589 222 1467 1721
589 223 1467 246
601 224 1467 1881
605 225 1467 1474
612 226 1467 1693
612 227 1467 45
612 228 1467 222
620 229 1467 1759
623 230 1467 1296
624 231 1467 787
624 232 1467 135
625 233 1467 774
634 234 1467 1822
641 235 1467 1708
643 236 1467 971
643 237 1467 414
644 239 1467 398
644 238 1467 538
648 240 1467 1393
650 241 1467 976
652 242 1467 979
652 243 1467 90
652 244 1467 2
652 245 1467 352
653 246 1467 718
653 247 1467 20
654 248 1467 660
655 249 1467 688
655 250 1467 274
657 251 1467 964
657 252 1467 74
659 253 1467 1029
659 254 1467 397
661 255 1467 1109
662 256 1467 688
663 257 1467 841
664 258 1467 722
673 259 1467 1808
675 260 1467 1038
680 261 1467 1586
681 262 1467 726
686 263 1467 1535
689 264 1467 1219
690 265 1467 790
690 266 1467 496
696 268 1467 262
696 267 1467 1681
697 269 1467 781
702 270 1467 1495
721 271 1467 1919
727 272 1467 1640
737 273 1467 1837
744 274 1467 1744
745 275 1467 817
748 276 1467 1221
754 278 1467 244
754 277 1467 1630
759 279 1467 1528
760 280 1467 756
766 281 1467 1673
769 282 1467 1309
773 283 1467 1459
777 284 1467 1485
777 285 1467 332
778 286 1467 712
780 288 1467 376
780 287 1467 1031
781 289 1467 713
783 290 1467 1020
783 291 1467 130
789 292 1467 1617
790 293 1467 654
793 294 1467 1284
800 295 1467 1731
800 296 1467 250
804 297 1467 1369
805 298 1467 796
807 299 1467 1136
815 300 1467 1781
817 301 1467 962
823 302 1467 1683
832 303 1467 1803
834 305 1467 279
834 304 1467 1117
837 306 1467 1248
