0 0 430 428
0 1 430 178
1 2 430 800
5 3 430 1357
11 4 430 1681
13 5 430 889
16 6 430 1278
20 8 430 21
20 7 430 1440
21 9 430 713
38 10 430 1915
40 11 430 878
40 12 430 124
41 13 430 806
45 14 430 1376
46 15 430 577
49 16 430 1265
54 17 430 1563
61 18 430 1712
62 19 430 768
70 20 430 1765
73 21 430 1308
73 22 430 431
76 23 430 1174
76 24 430 417
83 25 430 1708
84 26 430 700
84 27 430 167
86 28 430 1047
87 29 430 754
88 30 430 576
90 31 430 1083
95 32 430 1546
103 33 430 1766
103 34 430 495
104 35 430 805
108 36 430 1472
109 38 430 264
109 37 430 719
110 39 430 589
112 40 430 1045
114 41 430 905
114 42 430 361
122 43 430 1787
130 44 430 1762
130 45 430 251
130 46 430 269
133 47 430 1176
139 48 430 1646
140 49 430 785
141 50 430 836
143 51 430 1097
143 52 430 173
146 53 430 1258
149 54 430 1154
151 55 430 1044
157 56 430 1671
162 57 430 1550
164 58 430 939
178 59 430 1898
178 60 430 188
180 61 430 1111
180 62 430 393
183 63 430 1192
183 64 430 136
184 65 430 831
187 68 430 311
187 66 430 1256
187 67 430 283
188 69 430 570
190 70 430 1029
191 71 430 546
194 72 430 1298
196 73 430 1122
202 74 430 1648
203 75 430 859
205 76 430 947
206 77 430 569
209 78 430 1337
209 79 430 165
213 80 430 1438
217 81 430 1449
217 82 430 445
217 83 430 261
227 84 430 1842
231 85 430 1404
233 86 430 909
233 87 430 287
234 88 430 611
238 89 430 1375
240 90 430 1058
250 91 430 1846
257 93 430 291
257 94 430 401
257 92 430 1704
268 95 430 1859
269 96 430 511
271 97 430 1093
277 98 430 1650
279 99 430 930
281 100 430 920
297 101 430 1911
298 102 430 864
300 103 430 1075
306 104 430 1681
306 105 430 289
313 106 430 1723
315 107 430 976
320 108 430 1534
320 109 430 295
320 110 430 97
322 111 430 1102
322 112 430 213
323 114 430 459
323 113 430 773
324 115 430 664
325 116 430 665
325 117 430 132
328 118 430 1274
329 119 430 657
339 120 430 1846
341 121 430 968
346 122 430 1596
347 123 430 860
351 124 430 1436
353 125 430 1107
354 126 430 766
356 127 430 1007
357 128 430 721
364 129 430 1714
364 130 430 347
372 131 430 1778
373 133 430 407
373 132 430 844
376 134 430 1170
380 135 430 1452
381 136 430 584
384 137 430 1294
385 138 430 505
390 139 430 1553
395 140 430 1605
406 141 430 1858
407 142 430 678
407 143 430 316
410 144 430 1278
422 145 430 1881
428 146 430 1633
430 147 430 930
438 148 430 1756
444 149 430 1661
447 151 430 379
447 150 430 1193
454 152 430 1744
456 153 430 993
458 154 430 1008
470 155 430 1876
470 156 430 314
470 157 430 4
475 158 430 1563
476 159 430 573
480 160 430 1447
481 162 430 254
481 161 430 716
488 163 430 1745
499 164 430 1872
499 165 430 243
499 166 430 257
506 167 430 1730
511 168 430 1528
513 170 430 80
513 169 430 932
516 171 430 1295
521 172 430 1552
527 173 430 1646
529 174 430 976
545 175 430 1913
545 176 430 290
548 177 430 1280
553 178 430 1507
557 179 430 1479
561 180 430 1399
569 181 430 1760
572 182 430 1176
574 183 430 985
575 184 430 520
588 185 430 1893
588 186 430 34
596 187 430 1776
599 188 430 1324
602 189 430 1219
604 190 430 1138
605 191 430 580
611 192 430 1656
622 193 430 1856
622 194 430 105
624 195 430 889
629 196 430 1604
630 197 430 857
630 198 430 369
632 199 430 1034
638 200 430 1624
647 201 430 1827
650 202 430 1327
651 203 430 824
656 204 430 1581
665 205 430 1823
666 206 430 752
666 207 430 97
666 208 430 16
668 209 430 1019
673 210 430 1585
675 211 430 958
675 212 430 421
675 213 430 83
677 214 430 1099
683 215 430 1612
687 216 430 1465
690 217 430 1194
693 218 430 1225
708 223 430 308
708 222 430 406
708 219 430 1903
708 220 430 209
708 221 430 406
715 224 430 1718
719 225 430 1425
724 226 430 1564
730 227 430 1620
735 229 430 87
735 230 430 308
735 228 430 1541
739 231 430 1358
741 232 430 911
741 233 430 473
749 234 430 1780
754 235 430 1496
754 236 430 433
754 237 430 351
757 238 430 1328
758 239 430 622
760 240 430 1141
771 241 430 1861
779 242 430 1759
779 243 430 304
784 244 430 1559
784 245 430 180
784 246 430 158
789 247 430 1572
790 249 430 418
790 248 430 757
794 250 430 1349
794 251 430 410
799 252 430 1557
799 253 430 390
800 254 430 824
803 255 430 1217
807 256 430 1421
809 257 430 1018
811 260 430 258
811 258 430 1030
811 259 430 156
813 261 430 1057
813 262 430 481
823 263 430 1853
824 265 430 226
824 264 430 711
824 266 430 47
836 268 430 228
836 267 430 1873
841 269 430 1527
844 270 430 1178
846 271 430 1113
854 272 430 1790
855 273 430 603
856 274 430 762
856 275 430 273
857 277 430 102
857 276 430 571
858 278 430 674
863 279 430 1538
866 280 430 1266
884 281 430 1917
885 282 430 862
887 283 430 1122
888 284 430 663
897 285 430 1823
904 286 430 1726
905 287 430 520
910 288 430 1574
911 289 430 562
911 290 430 74
914 291 430 1339
917 292 430 1245
920 293 430 1172
920 294 430 363
920 295 430 83
924 296 430 1379
934 297 430 1830
939 298 430 1518
942 299 430 1332
942 300 430 132
942 301 430 209
945 302 430 1344
948 303 430 1154
951 305 430 235
951 304 430 1164
952 306 430 545
