8 0 756 1750
8 1 756 106
9 2 756 568
14 3 756 1553
14 4 756 55
14 5 756 371
14 6 756 72
17 7 756 1183
18 8 756 665
19 9 756 823
21 10 756 930
24 11 756 1185
26 12 756 1130
27 13 756 665
28 14 756 755
33 15 756 1513
35 16 756 1094
38 17 756 1216
44 18 756 1624
45 19 756 813
48 20 756 1299
51 21 756 1247
52 22 756 553
60 23 756 1789
64 24 756 1346
66 25 756 979
69 26 756 1219
71 27 756 1133
73 28 756 1063
75 29 756 1036
79 30 756 1352
79 31 756 357
87 32 756 1782
87 33 756 480
88 34 756 848
90 35 756 1089
92 38 756 44
92 37 756 133
92 36 756 1070
97 39 756 1529
97 40 756 278
102 41 756 1512
102 42 756 382
106 43 756 1355
108 44 756 969
109 46 756 114
109 45 756 635
110 47 756 608
110 48 756 163
113 49 756 1150
116 50 756 1262
116 51 756 169
118 52 756 944
124 53 756 1686
138 54 756 1898
139 55 756 503
143 56 756 1478
144 57 756 703
144 58 756 207
146 59 756 1000
148 60 756 1077
149 61 756 864
149 62 756 119
154 63 756 1553
158 64 756 1395
159 65 756 573
162 66 756 1327
163 67 756 650
170 68 756 1741
175 69 756 1591
175 70 756 442
177 71 756 961
180 72 756 1172
180 73 756 94
181 74 756 535
188 75 756 1712
189 76 756 864
191 77 756 1122
192 78 756 820
193 79 756 711
194 80 756 865
195 81 756 610
197 82 756 969
207 83 756 1838
214 84 756 1698
217 85 756 1183
220 86 756 1338
220 87 756 95
221 88 756 507
221 89 756 345
226 90 756 1535
226 91 756 367
236 92 756 1850
238 93 756 968
238 94 756 452
241 95 756 1338
245 96 756 1393
246 97 756 753
258 98 756 1885
258 99 756 396
261 100 756 1232
265 101 756 1389
266 102 756 791
266 103 756 497
267 105 756 300
267 104 756 707
269 106 756 922
270 107 756 850
273 108 756 1151
273 109 756 186
278 110 756 1563
278 111 756 355
287 112 756 1808
291 115 756 466
291 114 756 135
291 113 756 1420
300 116 756 1819
300 117 756 205
308 118 756 1779
308 119 756 212
311 120 756 1159
314 121 756 1232
314 122 756 142
318 125 756 75
318 123 756 1396
318 124 756 55
320 126 756 1035
320 127 756 203
325 128 756 1567
327 130 756 319
327 129 756 1121
327 131 756 110
330 133 756 423
330 132 756 1162
334 134 756 1404
338 135 756 1400
345 136 756 1744
345 137 756 472
347 138 756 1131
351 141 756 488
351 139 756 1398
351 140 756 260
353 143 756 321
353 142 756 869
354 144 756 706
357 145 756 1179
357 146 756 484
357 147 756 430
358 148 756 832
374 149 756 1910
378 150 756 1444
381 151 756 1187
383 152 756 898
389 153 756 1672
392 154 756 1161
420 155 756 1924
423 156 756 1246
426 157 756 1320
426 158 756 441
427 159 756 632
430 160 756 1190
431 161 756 719
434 163 756 29
434 162 756 1207
442 164 756 1791
446 165 756 1452
448 166 756 1118
452 167 756 1384
452 168 756 16
453 169 756 660
454 170 756 647
458 171 756 1346
460 172 756 999
460 173 756 381
472 174 756 1877
473 175 756 671
473 176 756 363
480 177 756 1746
481 178 756 689
482 179 756 800
487 180 756 1516
488 181 756 605
491 182 756 1295
496 183 756 1582
501 184 756 1602
503 185 756 1056
505 186 756 1136
509 187 756 1414
512 188 756 1186
516 192 756 30
516 191 756 423
516 189 756 1404
516 190 756 153
517 193 756 499
517 194 756 207
521 195 756 1466
524 196 756 1205
525 197 756 839
525 198 756 454
528 200 756 61
528 199 756 1178
530 201 756 1024
530 202 756 414
530 203 756 172
533 204 756 1262
533 205 756 97
533 206 756 188
534 207 756 517
541 208 756 1720
541 209 756 490
546 210 756 1561
550 211 756 1425
551 212 756 631
556 213 756 1566
558 214 756 1041
559 215 756 584
563 216 756 1348
568 217 756 1550
568 218 756 351
569 219 756 735
569 220 756 316
575 221 756 1629
575 222 756 198
576 223 756 536
577 224 756 506
577 225 756 224
580 226 756 1315
581 228 756 174
581 227 756 500
581 229 756 411
585 230 756 1391
589 231 756 1448
592 232 756 1291
596 233 756 1435
597 234 756 739
597 235 756 491
597 236 756 190
599 237 756 1122
599 238 756 319
604 239 756 1505
605 240 756 867
606 241 756 619
612 242 756 1618
613 243 756 695
621 244 756 1768
622 245 756 653
629 246 756 1717
629 247 756 389
633 248 756 1382
638 250 756 117
638 249 756 1547
643 251 756 1579
643 252 756 487
649 253 756 1644
650 254 756 862
650 255 756 356
651 256 756 825
660 257 756 1803
665 258 756 1591
667 259 756 1038
668 260 756 706
674 261 756 1613
674 262 756 342
677 263 756 1309
679 264 756 1024
679 265 756 112
679 266 756 133
681 267 756 1120
682 268 756 827
683 269 756 549
683 270 756 394
683 271 756 225
686 272 756 1231
687 273 756 771
695 274 756 1792
701 275 756 1621
701 276 756 11
705 277 756 1427
706 278 756 692
714 279 756 1777
714 280 756 431
716 281 756 926
718 282 756 1042
719 283 756 551
719 284 756 293
726 285 756 1736
728 286 756 961
733 287 756 1572
734 288 756 572
734 289 756 382
739 290 756 1590
739 291 756 312
743 292 756 1456
746 293 756 1206
747 294 756 799
750 296 756 276
750 297 756 308
750 295 756 1179
755 298 756 1596
761 299 756 1656
762 300 756 519
763 301 756 596
767 302 756 1487
768 303 756 833
771 304 756 1153
780 305 756 1817
780 306 756 348
