3 0 1756 1164
22 1 1756 1920
23 2 1756 783
28 3 1756 1537
30 4 1756 1019
34 5 1756 1451
35 6 1756 654
36 7 1756 779
37 8 1756 572
40 10 1756 43
40 9 1756 1266
43 11 1756 1250
44 12 1756 524
48 13 1756 1474
51 14 1756 1161
53 15 1756 949
55 16 1756 1067
63 17 1756 1780
67 19 1756 155
67 18 1756 1388
69 20 1756 1138
69 21 1756 55
69 22 1756 238
80 23 1756 1857
84 24 1756 1401
89 25 1756 1506
89 26 1756 232
95 27 1756 1664
102 28 1756 1692
104 29 1756 1067
105 30 1756 601
105 31 1756 109
109 32 1756 1401
112 33 1756 1154
116 34 1756 1462
117 35 1756 828
119 36 1756 1081
122 37 1756 1260
130 38 1756 1778
131 39 1756 564
133 40 1756 1045
136 41 1756 1246
137 42 1756 547
138 43 1756 640
140 44 1756 1118
140 45 1756 190
141 47 1756 243
141 46 1756 830
149 48 1756 1753
150 49 1756 608
150 50 1756 456
152 51 1756 1017
155 52 1756 1264
155 53 1756 255
156 54 1756 661
158 55 1756 1109
164 56 1756 1681
165 57 1756 850
165 58 1756 136
169 59 1756 1438
172 60 1756 1219
174 61 1756 915
176 62 1756 1012
180 63 1756 1430
181 64 1756 664
192 65 1756 1858
200 66 1756 1773
203 67 1756 1295
203 68 1756 12
203 69 1756 333
211 70 1756 1792
218 71 1756 1732
218 72 1756 2
219 73 1756 823
221 74 1756 1034
230 75 1756 1816
234 76 1756 1433
239 77 1756 1522
240 78 1756 739
243 79 1756 1211
244 80 1756 675
261 81 1756 1913
271 82 1756 1835
273 83 1756 1083
274 84 1756 611
279 85 1756 1509
280 86 1756 770
283 87 1756 1146
283 88 1756 492
283 89 1756 353
285 90 1756 1072
285 91 1756 231
287 92 1756 1123
287 93 1756 339
290 96 1756 233
290 95 1756 130
290 94 1756 1270
292 97 1756 1042
306 98 1756 1900
309 99 1756 1184
309 100 1756 342
313 101 1756 1460
313 102 1756 230
317 103 1756 1420
318 104 1756 740
319 105 1756 648
321 106 1756 1015
321 107 1756 440
324 108 1756 1146
325 109 1756 769
330 110 1756 1600
330 111 1756 158
330 112 1756 110
331 113 1756 849
332 114 1756 762
335 115 1756 1230
337 116 1756 1004
347 117 1756 1853
348 118 1756 818
350 119 1756 1080
352 120 1756 1088
353 121 1756 627
354 122 1756 802
359 123 1756 1584
362 124 1756 1186
367 125 1756 1561
368 126 1756 608
373 127 1756 1587
377 128 1756 1478
379 129 1756 903
384 130 1756 1583
384 131 1756 390
389 132 1756 1547
393 133 1756 1479
395 134 1756 869
397 135 1756 1140
403 136 1756 1683
403 137 1756 415
403 138 1756 343
416 139 1756 1887
416 140 1756 494
416 141 1756 330
443 142 1756 1924
449 143 1756 1648
450 144 1756 677
452 145 1756 913
452 146 1756 120
452 147 1756 274
457 148 1756 1501
457 149 1756 39
459 150 1756 1051
459 151 1756 305
459 152 1756 223
460 154 1756 96
460 153 1756 819
466 155 1756 1640
467 156 1756 657
468 157 1756 571
468 158 1756 234
470 159 1756 1104
470 160 1756 40
474 161 1756 1352
476 163 1756 243
476 162 1756 886
478 164 1756 1111
481 165 1756 1210
482 166 1756 536
483 167 1756 556
498 168 1756 1905
503 169 1756 1547
507 170 1756 1472
508 171 1756 588
513 172 1756 1510
514 173 1756 856
515 174 1756 586
516 175 1756 757
517 176 1756 627
519 177 1756 1078
521 178 1756 907
521 179 1756 273
525 182 1756 85
525 181 1756 334
525 180 1756 1440
529 183 1756 1438
537 184 1756 1777
540 185 1756 1278
540 186 1756 166
541 187 1756 727
545 188 1756 1382
548 189 1756 1154
548 190 1756 482
550 192 1756 181
550 191 1756 1111
553 193 1756 1163
563 194 1756 1847
565 195 1756 1066
569 196 1756 1368
575 197 1756 1681
576 198 1756 537
580 200 1756 376
580 199 1756 1391
584 201 1756 1489
584 202 1756 294
596 203 1756 1878
596 204 1756 492
596 205 1756 462
597 206 1756 719
600 208 1756 232
600 207 1756 1292
603 209 1756 1263
605 210 1756 1012
610 211 1756 1503
615 212 1756 1588
627 213 1756 1885
632 214 1756 1588
638 215 1756 1630
641 216 1756 1266
645 217 1756 1372
645 218 1756 390
653 219 1756 1758
655 220 1756 1044
662 221 1756 1734
664 222 1756 1098
665 223 1756 750
667 224 1756 1065
667 225 1756 360
667 226 1756 407
667 227 1756 346
669 228 1756 933
673 229 1756 1445
676 230 1756 1314
678 231 1756 871
679 232 1756 541
683 233 1756 1440
692 234 1756 1821
704 235 1756 1875
704 236 1756 39
704 237 1756 131
706 238 1756 946
709 239 1756 1314
710 240 1756 558
711 241 1756 798
711 242 1756 494
711 243 1756 119
711 244 1756 141
713 245 1756 903
717 246 1756 1447
717 247 1756 220
722 249 1756 216
722 248 1756 1500
729 250 1756 1724
749 251 1756 1920
752 252 1756 1290
753 253 1756 703
753 254 1756 347
754 255 1756 566
754 256 1756 391
758 257 1756 1468
759 262 1756 358
759 261 1756 373
759 258 1756 813
759 259 1756 131
759 260 1756 55
760 263 1756 712
772 265 1756 141
772 264 1756 1874
774 267 1756 148
774 268 1756 64
774 266 1756 962
780 269 1756 1637
785 270 1756 1591
787 271 1756 1134
787 272 1756 425
789 273 1756 1001
792 274 1756 1199
792 275 1756 245
795 276 1756 1240
797 277 1756 979
798 278 1756 608
798 279 1756 161
799 280 1756 837
799 281 1756 186
800 282 1756 771
801 283 1756 717
807 284 1756 1645
810 285 1756 1318
815 286 1756 1505
823 287 1756 1762
825 288 1756 1093
828 289 1756 1255
832 290 1756 1484
832 291 1756 495
835 292 1756 1243
836 293 1756 815
839 295 1756 184
839 296 1756 439
839 294 1756 1258
846 297 1756 1706
846 298 1756 169
846 299 1756 0
857 300 1756 1866
860 301 1756 1299
860 302 1756 156
868 303 1756 1787
869 304 1756 550
870 305 1756 590
874 306 1756 1494
