8 0 487 1763
18 1 487 1852
18 2 487 243
21 3 487 1191
22 4 487 580
29 5 487 1695
30 6 487 867
32 8 487 281
32 7 487 1084
33 9 487 629
37 10 487 1470
38 11 487 865
41 12 487 1189
45 13 487 1360
48 14 487 1174
48 15 487 164
49 16 487 509
53 17 487 1447
63 18 487 1832
68 19 487 1552
72 20 487 1470
74 21 487 1073
79 22 487 1594
88 23 487 1805
90 24 487 1047
90 25 487 313
90 26 487 269
100 28 487 376
100 27 487 1835
117 29 487 1913
118 30 487 646
123 31 487 1578
123 32 487 0
126 33 487 1165
128 34 487 1065
130 35 487 1006
133 36 487 1282
138 38 487 311
138 37 487 1566
140 39 487 934
140 40 487 196
141 41 487 815
141 42 487 344
141 43 487 173
143 44 487 978
148 45 487 1560
152 46 487 1465
154 50 487 307
154 49 487 238
154 47 487 1040
154 48 487 238
160 51 487 1638
177 52 487 1913
181 53 487 1444
181 54 487 82
182 59 487 267
182 58 487 144
182 57 487 363
182 56 487 257
182 55 487 689
186 60 487 1426
188 61 487 956
189 62 487 707
189 63 487 293
204 64 487 1908
213 65 487 1816
214 69 487 167
214 68 487 294
214 66 487 865
214 67 487 23
215 70 487 806
216 71 487 867
218 72 487 1136
220 73 487 897
224 74 487 1356
225 75 487 655
226 76 487 728
230 77 487 1421
231 78 487 826
235 79 487 1411
236 80 487 772
239 81 487 1153
244 82 487 1596
244 83 487 138
249 84 487 1605
251 85 487 933
256 87 487 480
256 86 487 1590
258 88 487 1083
258 89 487 376
259 90 487 748
261 91 487 919
265 92 487 1422
265 93 487 43
269 94 487 1433
272 98 487 190
272 97 487 51
272 95 487 1164
272 96 487 107
274 99 487 1087
275 100 487 695
279 101 487 1441
280 102 487 746
280 103 487 71
284 104 487 1356
288 105 487 1365
289 106 487 501
291 107 487 1015
291 108 487 88
295 109 487 1352
307 110 487 1885
308 111 487 761
312 112 487 1461
313 113 487 657
317 115 487 272
317 114 487 1419
320 116 487 1285
321 117 487 569
322 118 487 612
324 119 487 974
324 120 487 226
324 121 487 384
325 122 487 865
335 123 487 1843
338 124 487 1343
347 125 487 1811
351 126 487 1369
353 127 487 1092
357 128 487 1389
357 129 487 191
358 130 487 547
359 131 487 677
362 132 487 1230
368 133 487 1664
369 134 487 716
372 135 487 1255
372 136 487 407
377 137 487 1525
378 138 487 706
378 139 487 240
378 140 487 431
379 141 487 574
379 142 487 392
385 144 487 415
385 143 487 1656
401 145 487 1912
405 146 487 1382
406 147 487 765
407 148 487 548
410 149 487 1161
419 150 487 1804
423 151 487 1463
427 152 487 1364
429 153 487 1140
430 154 487 860
430 155 487 311
431 156 487 576
432 157 487 827
433 158 487 652
437 159 487 1469
456 160 487 1920
459 161 487 1334
464 162 487 1551
473 163 487 1822
474 164 487 804
477 165 487 1208
481 166 487 1455
488 167 487 1722
499 168 487 1865
499 169 487 164
507 170 487 1789
513 171 487 1684
521 173 487 372
521 172 487 1787
522 174 487 543
527 175 487 1577
545 176 487 1916
547 177 487 1134
551 178 487 1428
555 179 487 1356
555 180 487 429
556 181 487 604
557 184 487 311
557 182 487 543
557 183 487 227
559 185 487 1009
562 186 487 1237
562 187 487 90
563 189 487 405
563 188 487 803
564 190 487 678
569 191 487 1505
571 192 487 873
574 193 487 1161
574 194 487 245
576 195 487 1022
578 196 487 947
578 197 487 494
579 198 487 851
581 200 487 456
581 199 487 1131
586 201 487 1585
587 202 487 825
587 203 487 384
590 204 487 1296
590 205 487 119
595 206 487 1600
597 207 487 991
598 208 487 596
601 210 487 319
601 209 487 1208
605 211 487 1367
608 212 487 1324
611 213 487 1220
613 214 487 1040
616 215 487 1315
617 216 487 790
620 217 487 1323
625 218 487 1510
632 219 487 1719
645 220 487 1895
649 221 487 1364
651 222 487 918
655 223 487 1460
659 224 487 1410
659 225 487 284
660 226 487 811
661 228 487 126
661 227 487 626
665 229 487 1446
666 230 487 629
670 231 487 1422
670 232 487 282
670 233 487 296
672 234 487 899
673 235 487 768
680 236 487 1704
680 237 487 159
681 238 487 856
681 239 487 192
684 241 487 246
684 240 487 1334
688 242 487 1418
693 243 487 1519
693 244 487 86
696 245 487 1236
696 246 487 180
701 247 487 1577
701 248 487 120
702 250 487 232
702 249 487 854
707 251 487 1548
709 252 487 909
711 253 487 1056
714 254 487 1160
716 255 487 1016
717 256 487 666
720 257 487 1289
722 258 487 899
724 259 487 1012
727 260 487 1233
729 261 487 974
730 262 487 865
732 263 487 1075
733 264 487 579
734 265 487 822
736 266 487 1085
738 269 487 272
738 268 487 321
738 267 487 1028
743 270 487 1536
744 271 487 631
744 272 487 467
747 273 487 1318
747 274 487 385
753 275 487 1649
764 276 487 1871
767 277 487 1323
771 278 487 1373
771 279 487 174
771 280 487 103
774 281 487 1159
775 282 487 505
778 283 487 1197
781 284 487 1214
783 285 487 1005
784 286 487 512
787 287 487 1150
789 288 487 1060
798 289 487 1807
798 290 487 101
798 291 487 414
801 292 487 1185
809 293 487 1768
811 294 487 884
811 295 487 360
814 297 487 343
814 296 487 1305
816 298 487 940
819 299 487 1188
819 300 487 150
821 301 487 1077
824 302 487 1256
832 303 487 1773
835 304 487 1242
840 305 487 1525
842 306 487 1081
