0 0 76 184
5 1 76 1593
5 2 76 424
6 3 76 859
6 4 76 407
8 5 76 946
12 6 76 1465
13 7 76 790
14 8 76 562
16 9 76 1047
17 10 76 795
22 11 76 1587
29 12 76 1698
30 13 76 586
30 14 76 296
32 15 76 894
32 16 76 383
32 17 76 487
33 18 76 608
43 19 76 1845
45 20 76 948
45 21 76 293
48 22 76 1242
52 28 76 308
52 26 76 19
52 27 76 136
52 24 76 356
52 23 76 1382
52 25 76 287
54 29 76 1063
61 30 76 1695
71 31 76 1837
74 32 76 1261
74 33 76 229
77 34 76 1149
78 35 76 511
78 36 76 31
80 37 76 872
81 38 76 846
81 39 76 376
94 40 76 1888
100 41 76 1638
100 42 76 92
106 43 76 1649
106 44 76 215
111 45 76 1545
119 46 76 1757
125 47 76 1668
125 48 76 493
135 49 76 1842
135 50 76 341
155 51 76 1921
156 52 76 675
163 53 76 1695
166 54 76 1311
175 56 76 351
175 55 76 1816
177 57 76 967
178 58 76 502
178 59 76 119
180 60 76 927
183 61 76 1328
183 62 76 481
187 63 76 1424
190 64 76 1276
192 65 76 883
192 66 76 326
196 67 76 1469
200 68 76 1361
207 69 76 1710
208 70 76 863
212 71 76 1435
217 73 76 231
217 72 76 1565
229 74 76 1882
232 76 76 200
232 75 76 1235
237 77 76 1518
240 78 76 1167
241 79 76 736
241 80 76 455
241 81 76 276
246 82 76 1567
246 83 76 391
247 84 76 722
254 85 76 1699
257 86 76 1161
261 87 76 1490
262 88 76 843
265 89 76 1258
265 90 76 159
267 91 76 989
267 92 76 369
268 93 76 727
272 94 76 1374
273 95 76 559
276 96 76 1156
277 97 76 593
277 98 76 372
280 99 76 1256
283 100 76 1219
283 101 76 288
283 102 76 306
284 103 76 707
286 104 76 978
287 105 76 830
287 106 76 355
287 107 76 443
294 108 76 1737
294 109 76 75
300 110 76 1615
301 111 76 757
308 112 76 1724
315 113 76 1691
320 114 76 1589
321 115 76 651
327 116 76 1686
327 117 76 90
328 118 76 701
333 119 76 1501
339 120 76 1646
340 121 76 760
341 123 76 103
341 122 76 625
346 124 76 1551
355 125 76 1799
357 126 76 1065
358 127 76 838
359 128 76 781
362 130 76 79
362 129 76 1322
367 131 76 1532
370 132 76 1145
380 133 76 1835
384 134 76 1441
384 135 76 167
397 136 76 1894
398 137 76 860
401 138 76 1337
410 139 76 1816
413 140 76 1344
414 141 76 717
420 142 76 1678
421 143 76 768
426 144 76 1567
429 145 76 1326
432 146 76 1189
433 147 76 602
435 148 76 1063
436 149 76 723
437 150 76 798
439 151 76 1065
448 152 76 1816
449 153 76 795
454 154 76 1535
454 155 76 458
459 156 76 1587
459 157 76 203
461 158 76 1081
463 159 76 1104
470 160 76 1689
474 161 76 1442
479 163 76 415
479 162 76 1587
500 164 76 1921
500 165 76 83
505 166 76 1537
514 167 76 1814
514 168 76 249
518 169 76 1421
519 170 76 682
520 171 76 825
521 172 76 677
522 173 76 810
522 174 76 157
524 175 76 928
526 176 76 1007
534 177 76 1782
534 178 76 460
534 179 76 224
535 181 76 463
535 180 76 610
542 182 76 1699
542 183 76 58
543 184 76 524
545 185 76 938
551 186 76 1640
551 187 76 349
551 188 76 299
553 189 76 983
554 190 76 504
561 191 76 1690
568 192 76 1703
568 193 76 233
568 194 76 126
577 195 76 1827
579 196 76 1055
582 197 76 1262
583 198 76 771
587 199 76 1484
594 200 76 1714
597 201 76 1299
597 202 76 353
602 203 76 1566
602 204 76 41
616 205 76 1897
616 206 76 388
618 207 76 1006
619 208 76 638
620 209 76 606
624 210 76 1376
631 211 76 1730
637 212 76 1668
638 213 76 857
638 214 76 493
641 215 76 1226
647 216 76 1667
652 217 76 1528
661 218 76 1815
663 220 76 367
663 219 76 983
666 221 76 1187
671 222 76 1514
674 223 76 1191
676 224 76 916
678 225 76 916
680 226 76 1047
680 227 76 444
681 228 76 683
681 229 76 255
690 230 76 1798
696 231 76 1669
698 232 76 1010
700 233 76 901
700 234 76 434
703 235 76 1236
703 236 76 110
703 237 76 133
703 238 76 17
704 239 76 551
705 240 76 550
706 241 76 634
712 242 76 1636
718 243 76 1618
723 244 76 1531
724 245 76 699
724 246 76 22
725 247 76 845
731 248 76 1664
732 249 76 825
732 250 76 159
736 251 76 1452
740 252 76 1372
747 253 76 1713
749 254 76 1117
750 255 76 527
757 256 76 1709
759 257 76 1086
760 258 76 649
762 259 76 1049
763 260 76 849
774 261 76 1868
774 262 76 322
774 263 76 383
775 264 76 733
781 265 76 1632
782 266 76 720
783 268 76 423
783 267 76 766
786 269 76 1182
788 270 76 1116
793 271 76 1534
798 272 76 1510
801 273 76 1264
801 274 76 433
807 275 76 1657
811 276 76 1476
820 277 76 1821
825 278 76 1585
825 279 76 217
827 280 76 894
827 281 76 201
828 282 76 704
836 283 76 1783
836 284 76 95
836 285 76 345
836 286 76 297
839 287 76 1222
846 288 76 1709
856 289 76 1832
860 290 76 1451
862 291 76 948
866 292 76 1408
868 293 76 893
874 294 76 1626
875 296 76 312
875 295 76 606
878 297 76 1252
880 298 76 885
889 299 76 1823
904 300 76 1904
907 303 76 482
907 301 76 1180
907 302 76 422
913 304 76 1633
914 305 76 550
925 306 76 1866
