5 0 1673 1597
5 1 1673 334
6 2 1673 610
6 3 1673 130
10 4 1673 1451
19 5 1673 1809
19 6 1673 166
19 7 1673 437
23 8 1673 1417
26 9 1673 1224
26 10 1673 234
29 11 1673 1165
29 12 1673 425
29 13 1673 33
34 16 1673 418
34 17 1673 359
34 14 1673 1504
34 15 1673 382
36 18 1673 1052
41 19 1673 1564
44 20 1673 1173
48 21 1673 1403
53 22 1673 1534
58 23 1673 1600
60 24 1673 1090
63 25 1673 1276
65 26 1673 1065
65 27 1673 410
71 28 1673 1608
71 29 1673 136
71 30 1673 203
73 31 1673 1109
73 32 1673 57
85 36 1673 454
85 35 1673 155
85 37 1673 254
85 33 1673 1883
85 34 1673 174
86 38 1673 687
88 39 1673 970
91 40 1673 1254
91 41 1673 251
92 42 1673 833
92 43 1673 147
93 44 1673 859
95 45 1673 1081
98 46 1673 1225
101 47 1673 1197
104 48 1673 1184
105 49 1673 542
108 50 1673 1168
117 51 1673 1796
118 52 1673 868
119 53 1673 737
120 55 1673 194
120 54 1673 588
121 56 1673 725
123 57 1673 934
125 58 1673 965
125 59 1673 174
126 60 1673 744
132 61 1673 1680
133 62 1673 754
136 63 1673 1280
138 64 1673 1020
140 65 1673 1050
142 66 1673 1107
142 67 1673 466
150 68 1673 1783
154 69 1673 1349
164 70 1673 1853
164 71 1673 163
169 73 1673 82
169 72 1673 1596
169 74 1673 309
171 75 1673 922
172 76 1673 569
176 77 1673 1387
177 78 1673 741
177 79 1673 8
177 80 1673 50
185 81 1673 1792
188 82 1673 1150
190 83 1673 1066
192 86 1673 240
192 84 1673 893
192 85 1673 332
195 87 1673 1245
198 88 1673 1294
213 89 1673 1904
217 90 1673 1354
221 91 1673 1444
224 92 1673 1214
225 94 1673 226
225 93 1673 513
230 95 1673 1498
234 96 1673 1422
238 97 1673 1478
240 98 1673 1051
247 99 1673 1734
261 100 1673 1898
262 101 1673 759
265 102 1673 1338
273 103 1673 1760
274 104 1673 613
276 105 1673 1004
276 106 1673 199
277 107 1673 786
277 108 1673 427
282 109 1673 1591
287 110 1673 1550
290 112 1673 193
290 111 1673 1263
292 114 1673 123
292 113 1673 956
294 115 1673 876
295 116 1673 530
301 117 1673 1613
301 118 1673 387
302 119 1673 688
303 120 1673 809
311 121 1673 1787
313 122 1673 1096
322 123 1673 1804
341 125 1673 408
341 124 1673 1919
343 126 1673 874
345 127 1673 1083
353 128 1673 1780
354 129 1673 736
358 130 1673 1425
360 131 1673 1016
360 132 1673 335
362 134 1673 35
362 133 1673 931
365 135 1673 1216
365 136 1673 453
368 137 1673 1315
368 138 1673 452
377 139 1673 1813
377 140 1673 132
381 141 1673 1379
382 142 1673 817
388 145 1673 91
388 143 1673 1628
388 144 1673 354
391 146 1673 1250
391 147 1673 257
391 148 1673 389
394 149 1673 1274
396 150 1673 968
403 151 1673 1734
405 153 1673 362
405 152 1673 1091
407 154 1673 925
407 155 1673 111
412 156 1673 1587
416 157 1673 1459
424 158 1673 1766
424 159 1673 204
424 160 1673 129
426 161 1673 1040
428 162 1673 930
434 163 1673 1616
434 164 1673 165
435 165 1673 533
437 166 1673 927
440 167 1673 1187
442 168 1673 921
443 169 1673 832
443 170 1673 423
445 171 1673 1139
448 172 1673 1160
448 173 1673 498
449 174 1673 556
453 175 1673 1354
455 176 1673 970
459 177 1673 1393
463 178 1673 1449
472 179 1673 1828
474 180 1673 1083
475 181 1673 616
476 182 1673 694
477 183 1673 506
484 184 1673 1693
490 185 1673 1616
500 186 1673 1849
514 187 1673 1898
514 188 1673 5
524 189 1673 1848
529 190 1673 1553
531 191 1673 918
535 192 1673 1474
535 193 1673 247
541 194 1673 1683
543 195 1673 1016
543 196 1673 449
545 197 1673 1125
549 198 1673 1462
556 199 1673 1745
558 200 1673 1088
558 201 1673 63
561 202 1673 1261
565 203 1673 1482
566 204 1673 851
574 205 1673 1753
575 206 1673 573
576 207 1673 592
583 208 1673 1731
588 209 1673 1495
590 210 1673 1065
590 211 1673 194
590 212 1673 10
601 213 1673 1862
603 214 1673 1046
607 215 1673 1438
607 216 1673 346
607 217 1673 424
617 219 1673 474
617 218 1673 1848
618 220 1673 609
620 221 1673 954
623 222 1673 1181
625 223 1673 997
628 224 1673 1203
632 225 1673 1429
637 226 1673 1590
639 227 1673 913
640 228 1673 739
644 229 1673 1464
646 230 1673 905
654 231 1673 1769
665 232 1673 1855
671 233 1673 1628
672 234 1673 740
674 235 1673 1019
677 236 1673 1280
679 237 1673 1137
684 238 1673 1579
695 239 1673 1864
697 240 1673 1043
700 241 1673 1257
700 242 1673 166
700 243 1673 435
701 244 1673 783
705 245 1673 1359
707 246 1673 908
712 247 1673 1536
714 248 1673 1125
714 249 1673 245
715 250 1673 669
715 251 1673 24
718 252 1673 1202
720 253 1673 988
722 254 1673 1136
722 255 1673 133
723 258 1673 279
723 256 1673 807
723 257 1673 263
727 259 1673 1346
727 260 1673 162
732 261 1673 1584
740 262 1673 1778
740 263 1673 266
741 264 1673 590
744 266 1673 264
744 267 1673 306
744 265 1673 1220
746 268 1673 1122
746 269 1673 27
746 270 1673 157
748 271 1673 1134
749 272 1673 769
764 273 1673 1908
768 274 1673 1356
771 275 1673 1277
772 276 1673 788
773 277 1673 746
773 278 1673 214
781 279 1673 1768
782 280 1673 521
782 281 1673 54
789 282 1673 1712
789 283 1673 493
790 284 1673 794
792 285 1673 880
793 286 1673 567
794 287 1673 867
794 288 1673 491
795 289 1673 606
795 290 1673 212
797 291 1673 1016
798 292 1673 857
798 293 1673 233
805 294 1673 1702
809 295 1673 1383
813 296 1673 1403
822 297 1673 1824
830 298 1673 1769
834 299 1673 1487
836 300 1673 1095
837 301 1673 601
837 302 1673 413
839 303 1673 1098
839 304 1673 87
843 305 1673 1460
846 306 1673 1180
