11 0 698 1857
11 1 698 140
11 2 698 203
13 3 698 1043
18 4 698 1572
27 5 698 1806
27 6 698 384
35 7 698 1792
41 10 698 346
41 9 698 450
41 8 698 1656
43 11 698 996
46 12 698 1261
49 13 698 1228
49 14 698 183
53 15 698 1373
57 16 698 1443
57 17 698 99
64 20 698 370
64 18 698 1719
64 19 698 417
71 21 698 1744
77 22 698 1666
83 23 698 1638
83 24 698 32
84 25 698 773
92 26 698 1768
92 27 698 99
93 28 698 857
97 29 698 1451
99 30 698 890
101 31 698 913
101 32 698 181
103 33 698 995
104 34 698 732
110 35 698 1620
111 36 698 512
116 37 698 1512
117 38 698 686
124 39 698 1740
126 40 698 896
128 41 698 967
134 42 698 1606
135 43 698 711
135 44 698 67
136 45 698 654
148 46 698 1877
151 47 698 1171
152 48 698 839
152 49 698 367
168 50 698 1910
178 51 698 1851
179 52 698 527
182 57 698 489
182 55 698 113
182 56 698 398
182 53 698 1289
182 54 698 310
184 58 698 1010
185 59 698 798
185 60 698 37
185 61 698 285
187 62 698 934
187 63 698 204
191 64 698 1485
195 65 698 1357
196 66 698 815
196 67 698 266
196 68 698 495
196 69 698 488
197 70 698 860
208 71 698 1855
211 72 698 1338
226 73 698 1903
230 74 698 1446
233 76 698 137
233 75 698 1327
235 77 698 955
240 78 698 1570
243 79 698 1302
244 80 698 821
245 81 698 597
248 82 698 1184
248 83 698 489
252 84 698 1466
254 85 698 963
254 86 698 385
255 87 698 816
256 88 698 685
257 89 698 619
260 90 698 1222
260 91 698 22
261 92 698 502
270 93 698 1812
277 94 698 1703
278 95 698 610
278 96 698 33
282 97 698 1402
285 98 698 1151
286 99 698 634
294 100 698 1764
300 101 698 1611
301 102 698 675
301 103 698 351
305 105 698 54
305 104 698 1431
306 106 698 513
307 107 698 548
315 108 698 1767
317 109 698 908
331 110 698 1900
335 111 698 1367
336 112 698 843
342 113 698 1632
356 114 698 1902
360 115 698 1364
362 116 698 1025
362 117 698 444
363 118 698 662
364 119 698 521
366 120 698 971
389 121 698 1923
394 122 698 1505
403 123 698 1801
406 124 698 1190
407 125 698 838
411 126 698 1353
415 127 698 1450
415 128 698 200
416 129 698 835
419 130 698 1293
420 131 698 660
427 132 698 1729
429 133 698 936
433 134 698 1463
435 135 698 1134
445 136 698 1847
446 137 698 832
448 138 698 983
452 139 698 1411
452 140 698 450
460 141 698 1761
462 142 698 974
469 143 698 1702
470 144 698 643
478 145 698 1779
480 146 698 1103
481 147 698 794
491 148 698 1835
491 149 698 338
496 150 698 1510
501 151 698 1513
502 152 698 739
503 153 698 629
508 154 698 1587
516 155 698 1766
516 156 698 105
517 157 698 799
519 158 698 1086
520 159 698 593
521 160 698 626
523 162 698 348
523 161 698 987
525 163 698 932
530 164 698 1539
533 165 698 1240
538 166 698 1563
548 167 698 1832
548 168 698 169
549 169 698 767
553 170 698 1442
553 171 698 193
557 172 698 1386
560 173 698 1176
560 174 698 70
562 175 698 1135
564 176 698 949
571 177 698 1728
574 178 698 1157
577 179 698 1335
583 180 698 1659
584 181 698 558
589 182 698 1540
597 183 698 1786
600 184 698 1250
607 185 698 1705
617 186 698 1845
619 187 698 1099
622 188 698 1273
628 189 698 1622
630 190 698 1029
632 191 698 1047
638 192 698 1671
638 193 698 389
639 194 698 785
643 195 698 1388
647 196 698 1413
647 197 698 41
647 198 698 162
650 199 698 1327
650 200 698 216
653 201 698 1196
654 202 698 624
656 203 698 1067
657 204 698 821
660 205 698 1316
660 206 698 126
664 207 698 1488
665 208 698 558
665 209 698 452
666 211 698 301
666 210 698 816
671 212 698 1566
677 213 698 1675
678 214 698 859
678 215 698 67
682 216 698 1371
682 217 698 486
687 218 698 1606
695 219 698 1758
698 221 698 463
698 220 698 1320
699 222 698 558
699 223 698 472
705 224 698 1663
705 225 698 395
705 226 698 447
707 227 698 997
707 228 698 390
708 229 698 607
714 230 698 1646
716 231 698 907
721 232 698 1565
729 233 698 1754
731 234 698 1118
731 235 698 463
742 236 698 1858
742 237 698 473
744 238 698 965
755 239 698 1859
760 241 698 357
760 240 698 1578
761 242 698 540
762 243 698 821
763 244 698 805
764 245 698 727
768 246 698 1405
788 247 698 1920
792 248 698 1455
793 250 698 17
793 249 698 717
795 251 698 926
795 252 698 360
795 253 698 329
795 254 698 7
801 255 698 1678
802 256 698 637
802 257 698 152
805 259 698 425
805 258 698 1328
807 260 698 869
809 261 698 1054
811 262 698 1097
823 263 698 1876
824 264 698 730
834 265 698 1834
835 266 698 660
842 267 698 1736
843 270 698 133
843 268 698 556
843 269 698 396
845 271 698 897
849 272 698 1446
855 273 698 1672
855 274 698 180
857 275 698 962
867 276 698 1847
873 277 698 1662
878 278 698 1591
880 279 698 936
882 280 698 914
882 281 698 451
886 282 698 1466
891 283 698 1598
892 284 698 590
893 285 698 720
894 286 698 546
897 287 698 1236
904 288 698 1747
908 289 698 1365
916 290 698 1750
923 291 698 1706
925 292 698 1069
926 293 698 539
928 294 698 989
929 295 698 524
932 296 698 1184
933 297 698 589
933 298 698 90
935 299 698 895
935 300 698 66
940 301 698 1593
944 302 698 1363
946 303 698 1059
947 304 698 583
949 305 698 1044
953 306 698 1405
