0 0 965 402
1 1 965 537
5 2 965 1449
5 3 965 157
6 4 965 631
6 5 965 166
12 6 965 1614
18 7 965 1637
19 8 965 788
21 9 965 1101
22 10 965 837
27 11 965 1516
27 12 965 6
30 13 965 1342
31 14 965 539
35 15 965 1351
36 16 965 511
38 17 965 1100
41 18 965 1296
44 19 965 1214
48 20 965 1423
54 21 965 1655
54 22 965 274
57 23 965 1143
59 24 965 1016
61 25 965 1116
62 26 965 674
63 28 965 496
63 27 965 688
65 29 965 924
65 30 965 64
66 31 965 567
69 32 965 1258
69 33 965 395
69 34 965 61
71 35 965 971
73 36 965 1049
80 37 965 1702
86 38 965 1655
94 39 965 1780
97 40 965 1208
97 41 965 374
97 42 965 436
97 43 965 302
104 44 965 1743
104 45 965 326
108 47 965 311
108 46 965 1417
113 48 965 1495
114 49 965 684
115 50 965 820
115 51 965 85
115 52 965 161
122 53 965 1741
124 54 965 936
125 57 965 306
125 56 965 263
125 55 965 672
127 58 965 1065
131 59 965 1440
135 60 965 1416
137 61 965 926
139 62 965 1141
147 63 965 1788
149 66 965 257
149 65 965 269
149 64 965 1036
154 67 965 1536
157 68 965 1280
161 69 965 1493
161 70 965 302
162 71 965 734
166 72 965 1369
170 73 965 1441
170 74 965 6
172 75 965 1048
175 76 965 1218
189 77 965 1897
192 78 965 1324
193 79 965 690
199 80 965 1623
199 81 965 363
201 82 965 1117
208 84 965 104
208 83 965 1736
223 85 965 1904
223 86 965 406
227 87 965 1442
231 88 965 1384
234 89 965 1314
235 90 965 707
236 91 965 742
237 95 965 281
237 94 965 363
237 93 965 215
237 92 965 636
240 96 965 1158
241 97 965 572
244 98 965 1190
248 99 965 1473
248 100 965 68
257 101 965 1806
259 105 965 86
259 104 965 382
259 103 965 2
259 102 965 956
260 106 965 640
261 107 965 644
268 108 965 1735
277 109 965 1812
281 110 965 1378
281 111 965 290
283 113 965 375
283 112 965 906
290 114 965 1741
292 115 965 1053
299 116 965 1733
302 117 965 1329
308 118 965 1684
310 119 965 1057
318 120 965 1788
319 122 965 151
319 121 965 740
332 123 965 1891
333 124 965 785
337 125 965 1484
337 126 965 98
340 127 965 1154
342 128 965 1078
348 129 965 1649
357 130 965 1815
358 131 965 645
359 132 965 706
367 133 965 1775
368 134 965 621
375 135 965 1742
378 136 965 1331
380 137 965 1114
384 138 965 1354
384 139 965 18
387 140 965 1263
393 141 965 1686
399 142 965 1631
404 143 965 1496
415 144 965 1861
415 145 965 417
423 146 965 1761
423 147 965 260
423 148 965 399
426 150 965 472
426 149 965 1234
434 151 965 1753
435 153 965 133
435 152 965 813
441 154 965 1610
444 155 965 1252
450 156 965 1654
452 157 965 990
455 158 965 1142
456 159 965 823
472 160 965 1912
476 161 965 1411
480 162 965 1491
480 163 965 85
501 164 965 1921
502 165 965 732
507 166 965 1509
509 167 965 1056
515 168 965 1679
538 169 965 1923
544 170 965 1646
545 171 965 619
559 172 965 1899
565 173 965 1665
572 174 965 1719
572 175 965 102
574 176 965 1033
575 177 965 580
575 178 965 30
575 179 965 367
581 180 965 1647
589 181 965 1762
590 182 965 754
598 183 965 1768
601 184 965 1177
601 185 965 61
609 186 965 1757
610 187 965 573
610 188 965 165
613 191 965 341
613 190 965 88
613 189 965 1293
627 192 965 1896
628 193 965 531
628 194 965 30
636 195 965 1776
636 196 965 195
641 197 965 1546
646 198 965 1499
648 199 965 1128
649 200 965 833
650 201 965 705
651 202 965 506
651 203 965 400
656 204 965 1512
664 205 965 1778
672 206 965 1778
674 207 965 1072
674 208 965 338
679 210 965 219
679 209 965 1508
681 211 965 1074
683 212 965 960
684 213 965 774
686 214 965 1100
686 215 965 150
687 216 965 656
693 217 965 1648
694 218 965 833
705 219 965 1860
707 220 965 900
709 221 965 935
711 222 965 891
711 223 965 385
721 224 965 1834
724 225 965 1305
725 226 965 647
729 227 965 1368
735 228 965 1635
746 229 965 1867
756 230 965 1831
760 231 965 1411
762 232 965 1005
763 233 965 826
767 234 965 1459
769 235 965 942
772 237 965 354
772 238 965 255
772 236 965 1256
775 239 965 1323
775 240 965 207
776 241 965 684
776 242 965 234
777 243 965 581
779 244 965 1074
781 245 965 939
784 246 965 1306
786 247 965 1121
790 248 965 1356
799 249 965 1805
801 250 965 1120
801 251 965 472
802 252 965 713
807 253 965 1564
807 254 965 228
816 255 965 1822
823 259 965 207
823 258 965 491
823 256 965 1739
823 257 965 120
825 260 965 1130
825 261 965 410
829 262 965 1362
829 263 965 396
834 264 965 1601
835 266 965 68
835 267 965 133
835 265 965 732
838 268 965 1240
838 269 965 157
839 270 965 818
839 271 965 302
843 272 965 1392
847 273 965 1434
853 275 965 215
853 274 965 1652
854 276 965 701
854 277 965 309
857 278 965 1236
859 279 965 895
882 280 965 1923
886 281 965 1450
886 282 965 11
894 283 965 1754
895 284 965 746
899 285 965 1359
900 286 965 698
904 287 965 1365
905 288 965 598
910 289 965 1562
912 290 965 1128
914 291 965 1135
922 293 965 47
922 294 965 193
922 292 965 1787
929 295 965 1722
932 296 965 1246
940 297 965 1762
942 298 965 905
942 299 965 342
944 300 965 870
947 301 965 1173
956 302 965 1806
959 303 965 1198
961 304 965 986
962 305 965 817
964 306 965 1004
