1 0 444 803
1 1 444 363
1 2 444 162
2 3 444 619
8 4 444 1674
10 5 444 1064
12 6 444 1065
13 7 444 578
19 8 444 1629
24 9 444 1543
29 10 444 1605
32 11 444 1267
33 12 444 723
35 13 444 1052
36 14 444 797
39 15 444 1270
42 16 444 1325
42 17 444 62
46 18 444 1403
47 19 444 775
47 20 444 69
48 21 444 549
50 22 444 892
51 23 444 846
51 24 444 491
56 25 444 1590
56 26 444 31
57 28 444 205
57 27 444 567
58 29 444 688
62 30 444 1432
66 31 444 1402
67 32 444 517
70 33 444 1337
70 34 444 157
74 35 444 1467
75 36 444 854
77 37 444 962
78 38 444 859
85 39 444 1748
86 40 444 657
86 41 444 159
94 42 444 1779
95 43 444 840
96 44 444 499
97 45 444 829
100 46 444 1322
100 47 444 185
107 48 444 1701
109 49 444 972
109 50 444 69
111 51 444 1043
114 52 444 1193
125 53 444 1865
130 54 444 1553
130 55 444 254
134 56 444 1396
137 59 444 84
137 57 444 1240
137 58 444 128
139 60 444 1032
139 61 444 498
139 62 444 373
141 63 444 940
141 64 444 111
141 65 444 202
142 66 444 749
145 67 444 1310
147 68 444 895
150 69 444 1255
150 70 444 416
150 71 444 362
152 72 444 1127
157 73 444 1579
157 74 444 117
167 75 444 1834
168 78 444 347
168 76 444 694
168 77 444 52
173 79 444 1586
173 80 444 268
181 81 444 1771
182 82 444 790
185 83 444 1157
186 85 444 389
186 86 444 209
186 84 444 619
187 87 444 577
194 88 444 1708
203 89 444 1827
203 90 444 70
208 91 444 1538
209 92 444 834
210 93 444 775
211 94 444 716
211 95 444 158
218 96 444 1710
219 97 444 838
220 98 444 729
220 99 444 297
220 100 444 79
220 101 444 11
223 102 444 1215
223 103 444 445
224 104 444 556
230 105 444 1631
240 106 444 1840
245 107 444 1538
252 108 444 1748
258 109 444 1643
262 110 444 1485
265 111 444 1344
267 112 444 893
267 113 444 466
274 114 444 1741
277 115 444 1186
283 116 444 1632
285 117 444 1141
285 118 444 320
291 119 444 1646
309 120 444 1918
309 121 444 172
314 122 444 1527
316 123 444 992
319 124 444 1184
320 125 444 802
324 126 444 1453
324 127 444 352
325 128 444 863
337 129 444 1883
337 130 444 123
345 131 444 1781
348 133 444 49
348 132 444 1248
353 134 444 1507
353 135 444 256
354 136 444 555
354 137 444 344
355 138 444 600
357 139 444 913
357 140 444 474
358 141 444 595
359 142 444 754
359 143 444 64
359 144 444 342
360 145 444 651
361 146 444 644
361 147 444 368
363 148 444 959
367 150 444 450
367 149 444 1455
368 151 444 569
369 152 444 517
371 154 444 304
371 153 444 1007
381 155 444 1832
381 156 444 409
381 157 444 223
384 158 444 1186
390 159 444 1679
390 160 444 177
394 161 444 1487
395 162 444 675
403 163 444 1789
408 164 444 1520
414 165 444 1628
414 166 444 95
415 167 444 844
417 168 444 884
421 169 444 1484
422 170 444 631
425 171 444 1288
426 172 444 541
429 173 444 1332
432 174 444 1172
435 175 444 1322
438 176 444 1342
442 177 444 1462
443 178 444 650
444 179 444 532
444 180 444 157
446 181 444 1085
449 182 444 1318
452 183 444 1333
456 184 444 1432
460 185 444 1479
463 186 444 1263
463 187 444 240
469 188 444 1670
474 189 444 1599
482 190 444 1772
482 191 444 331
484 192 444 1083
485 193 444 846
486 194 444 735
488 195 444 911
498 196 444 1845
500 197 444 889
500 198 444 469
501 199 444 638
502 200 444 555
509 201 444 1725
513 202 444 1408
517 203 444 1399
518 204 444 823
520 205 444 1087
520 206 444 28
522 207 444 1110
530 208 444 1759
532 209 444 907
532 210 444 490
534 211 444 871
539 212 444 1497
540 213 444 653
545 214 444 1521
547 215 444 1017
547 216 444 169
550 217 444 1267
550 218 444 356
550 219 444 40
550 220 444 365
558 221 444 1780
560 222 444 1098
563 223 444 1209
569 224 444 1636
569 225 444 299
569 226 444 204
575 227 444 1620
576 228 444 596
576 229 444 261
580 231 444 452
580 230 444 1401
582 232 444 992
582 233 444 11
596 234 444 1902
596 235 444 356
601 236 444 1601
611 237 444 1843
612 238 444 509
612 239 444 345
616 242 444 406
616 240 444 1451
616 241 444 152
617 243 444 763
619 244 444 1109
621 245 444 900
622 246 444 759
622 247 444 430
625 248 444 1249
631 249 444 1643
632 250 444 741
633 251 444 578
634 252 444 533
634 253 444 428
634 254 444 272
635 255 444 700
636 256 444 627
636 257 444 199
642 258 444 1688
643 259 444 524
645 260 444 883
645 261 444 333
646 262 444 514
651 263 444 1498
655 264 444 1430
655 265 444 37
664 266 444 1804
668 267 444 1486
669 268 444 676
672 269 444 1165
675 270 444 1341
675 271 444 251
676 272 444 757
676 273 444 11
677 274 444 514
677 275 444 213
681 277 444 335
681 278 444 100
681 276 444 1373
682 279 444 735
686 280 444 1465
693 281 444 1698
693 282 444 370
695 283 444 877
699 284 444 1444
700 285 444 823
710 286 444 1844
711 287 444 563
717 288 444 1664
720 289 444 1201
726 290 444 1654
730 291 444 1402
730 292 444 154
746 293 444 1909
750 294 444 1386
752 295 444 1117
757 296 444 1563
758 297 444 832
761 298 444 1257
763 299 444 1072
765 300 444 1021
768 301 444 1197
774 302 444 1679
774 303 444 83
774 304 444 302
774 305 444 490
781 306 444 1745
