1 0 669 791
2 1 669 543
2 2 669 487
4 3 669 982
7 4 669 1148
13 5 669 1665
13 6 669 271
14 7 669 677
14 8 669 87
21 9 669 1737
23 10 669 1065
28 11 669 1586
29 12 669 664
29 13 669 357
29 14 669 378
30 15 669 694
46 16 669 1911
54 17 669 1755
57 19 669 35
57 18 669 1195
66 20 669 1823
67 21 669 722
75 22 669 1776
76 23 669 831
77 24 669 790
77 25 669 331
79 26 669 981
87 27 669 1790
89 28 669 892
96 29 669 1736
96 30 669 213
96 31 669 181
96 32 669 374
97 33 669 652
108 34 669 1865
113 35 669 1549
114 36 669 642
118 37 669 1454
119 38 669 592
119 39 669 418
120 40 669 738
121 41 669 856
130 42 669 1816
130 43 669 97
130 44 669 490
139 45 669 1828
152 46 669 1896
158 47 669 1678
164 48 669 1626
176 49 669 1884
178 50 669 1023
183 51 669 1499
183 52 669 224
183 53 669 182
187 54 669 1444
187 55 669 68
188 56 669 691
193 57 669 1580
193 58 669 191
194 59 669 817
195 60 669 683
195 61 669 406
202 62 669 1710
202 63 669 276
207 64 669 1523
209 65 669 883
212 68 669 417
212 66 669 1212
212 67 669 12
213 69 669 754
213 70 669 52
213 71 669 456
216 72 669 1163
217 73 669 776
220 74 669 1221
222 75 669 966
223 76 669 830
229 77 669 1678
229 78 669 340
231 79 669 886
231 80 669 360
234 81 669 1227
234 82 669 164
236 83 669 932
237 84 669 713
238 85 669 639
250 86 669 1882
250 87 669 191
252 88 669 1132
261 89 669 1796
262 90 669 857
264 91 669 986
267 92 669 1262
274 93 669 1699
280 95 669 332
280 94 669 1660
282 96 669 1071
287 97 669 1540
288 98 669 499
293 99 669 1531
294 100 669 616
306 101 669 1883
309 102 669 1261
311 103 669 871
321 104 669 1832
322 105 669 566
322 106 669 336
326 107 669 1372
328 108 669 885
328 109 669 477
331 110 669 1163
333 111 669 938
336 112 669 1240
339 114 669 456
339 113 669 1229
343 115 669 1380
343 116 669 242
344 117 669 777
348 118 669 1488
350 119 669 884
352 120 669 926
354 121 669 1020
355 122 669 804
356 123 669 545
365 124 669 1821
367 125 669 990
369 126 669 1119
373 127 669 1388
375 128 669 1041
377 129 669 889
386 130 669 1820
389 131 669 1214
392 132 669 1179
393 135 669 401
393 133 669 733
393 134 669 270
406 136 669 1891
409 137 669 1217
411 138 669 1025
411 139 669 146
411 140 669 303
412 141 669 509
415 142 669 1231
416 143 669 655
417 144 669 633
427 145 669 1844
433 147 669 32
433 146 669 1671
436 150 669 90
436 151 669 294
436 148 669 1243
436 149 669 279
436 152 669 52
441 153 669 1539
442 154 669 605
447 155 669 1521
449 156 669 1079
450 157 669 716
452 158 669 975
453 159 669 841
457 160 669 1372
459 162 669 331
459 161 669 872
480 163 669 1921
481 164 669 582
493 165 669 1873
499 166 669 1684
500 167 669 506
502 168 669 959
502 169 669 54
506 170 669 1414
508 171 669 950
514 172 669 1677
517 173 669 1341
518 174 669 581
518 175 669 416
525 176 669 1714
525 177 669 149
535 178 669 1836
549 179 669 1901
552 180 669 1244
554 182 669 145
554 181 669 1086
555 183 669 762
556 184 669 798
561 185 669 1525
564 186 669 1162
569 187 669 1564
569 188 669 128
570 189 669 673
573 190 669 1247
576 193 669 183
576 192 669 241
576 191 669 1175
577 194 669 698
581 195 669 1355
581 196 669 178
584 197 669 1234
584 198 669 72
585 199 669 685
585 200 669 160
588 201 669 1164
590 202 669 998
593 203 669 1188
594 204 669 789
596 205 669 1065
597 206 669 541
598 207 669 635
600 208 669 958
600 209 669 188
607 210 669 1732
609 211 669 929
610 212 669 804
612 213 669 998
617 214 669 1522
617 215 669 286
618 216 669 727
622 217 669 1494
624 218 669 1122
626 219 669 981
627 223 669 285
627 222 669 378
627 221 669 119
627 220 669 710
628 224 669 732
628 225 669 239
629 226 669 708
633 227 669 1494
634 228 669 643
637 232 669 76
637 231 669 479
637 230 669 238
637 229 669 1151
640 233 669 1150
647 234 669 1741
647 235 669 79
647 236 669 88
649 237 669 881
663 238 669 1897
669 239 669 1658
671 240 669 984
672 241 669 526
673 242 669 606
684 243 669 1864
685 244 669 866
685 245 669 317
685 246 669 370
688 247 669 1167
689 248 669 586
689 249 669 412
690 250 669 627
691 251 669 609
691 252 669 111
693 253 669 1016
707 254 669 1899
707 255 669 40
708 256 669 786
709 257 669 712
709 258 669 456
710 260 669 356
710 259 669 550
712 261 669 972
730 262 669 1917
737 263 669 1732
749 264 669 1875
752 265 669 1252
753 266 669 852
758 267 669 1578
761 268 669 1181
765 270 669 198
765 269 669 1442
773 271 669 1770
778 272 669 1521
782 273 669 1389
803 274 669 1922
803 275 669 184
807 276 669 1438
807 277 669 439
810 279 669 414
810 278 669 1344
818 280 669 1793
822 281 669 1465
824 282 669 908
824 283 669 231
825 284 669 523
830 286 669 367
830 285 669 1553
832 287 669 985
835 288 669 1176
842 289 669 1701
845 290 669 1218
848 291 669 1300
848 292 669 425
852 293 669 1347
855 294 669 1301
855 295 669 11
856 296 669 534
857 297 669 798
874 298 669 1913
879 299 669 1539
883 300 669 1390
884 301 669 717
900 302 669 1910
902 303 669 1068
902 304 669 213
903 305 669 781
905 306 669 1012
