2 0 1877 952
3 1 1877 595
3 2 1877 63
4 3 1877 780
4 4 1877 35
5 5 1877 774
5 6 1877 237
8 7 1877 1327
9 9 1877 464
9 8 1877 555
11 10 1877 877
19 11 1877 1760
31 12 1877 1877
36 13 1877 1500
37 14 1877 847
42 17 1877 121
42 15 1877 1524
42 16 1877 195
44 20 1877 291
44 18 1877 1055
44 19 1877 250
45 21 1877 578
52 22 1877 1690
61 23 1877 1819
70 24 1877 1823
70 25 1877 28
70 26 1877 24
70 27 1877 237
72 28 1877 1019
72 29 1877 380
78 30 1877 1645
86 31 1877 1794
87 32 1877 579
96 33 1877 1796
97 34 1877 700
102 35 1877 1561
108 36 1877 1660
121 37 1877 1891
125 38 1877 1399
125 39 1877 282
127 40 1877 1070
135 41 1877 1766
142 42 1877 1729
145 43 1877 1178
146 44 1877 539
153 45 1877 1726
160 46 1877 1749
161 47 1877 630
162 48 1877 825
163 49 1877 578
164 50 1877 562
164 51 1877 485
167 52 1877 1310
174 53 1877 1746
175 54 1877 499
175 55 1877 373
176 57 1877 168
176 56 1877 829
178 58 1877 881
178 59 1877 6
179 60 1877 750
206 61 1877 1924
206 62 1877 308
206 63 1877 175
207 64 1877 744
209 65 1877 1008
212 67 1877 80
212 66 1877 1181
213 68 1877 800
216 69 1877 1211
224 70 1877 1788
224 71 1877 229
225 72 1877 647
226 73 1877 773
228 74 1877 1104
228 75 1877 450
229 76 1877 774
230 77 1877 511
233 78 1877 1280
233 79 1877 96
233 80 1877 203
236 81 1877 1318
239 82 1877 1337
239 83 1877 440
246 84 1877 1743
249 86 1877 483
249 85 1877 1159
250 87 1877 757
253 88 1877 1296
253 89 1877 326
254 90 1877 731
258 91 1877 1492
260 92 1877 1009
264 93 1877 1392
268 94 1877 1457
270 95 1877 1071
274 96 1877 1457
279 97 1877 1553
279 98 1877 434
283 99 1877 1456
284 100 1877 544
290 101 1877 1669
298 102 1877 1755
303 103 1877 1538
304 105 1877 333
304 104 1877 715
312 106 1877 1762
313 107 1877 537
314 108 1877 641
314 109 1877 49
319 110 1877 1524
319 111 1877 317
320 112 1877 813
321 113 1877 785
328 114 1877 1728
332 115 1877 1357
333 116 1877 586
341 117 1877 1792
341 118 1877 357
346 119 1877 1509
347 120 1877 524
347 121 1877 424
348 125 1877 295
348 124 1877 479
348 123 1877 473
348 122 1877 708
351 126 1877 1144
354 127 1877 1180
357 128 1877 1241
357 129 1877 33
359 130 1877 917
362 131 1877 1146
362 132 1877 77
369 133 1877 1749
373 134 1877 1477
373 135 1877 459
377 136 1877 1487
384 137 1877 1724
390 138 1877 1650
394 139 1877 1409
397 140 1877 1321
408 141 1877 1870
408 142 1877 115
411 143 1877 1247
412 144 1877 727
412 145 1877 413
413 146 1877 679
413 147 1877 224
418 148 1877 1589
418 149 1877 99
418 150 1877 484
423 151 1877 1590
426 152 1877 1195
427 153 1877 849
429 154 1877 931
429 155 1877 120
431 156 1877 960
434 157 1877 1281
436 158 1877 1058
436 159 1877 419
438 160 1877 1113
439 161 1877 582
442 162 1877 1221
443 163 1877 608
445 164 1877 1057
445 165 1877 378
445 166 1877 240
447 167 1877 988
450 168 1877 1232
453 169 1877 1268
461 170 1877 1794
462 172 1877 142
462 171 1877 787
464 173 1877 872
464 174 1877 188
465 175 1877 578
465 176 1877 308
469 177 1877 1386
475 178 1877 1671
475 179 1877 66
480 180 1877 1541
482 181 1877 920
487 182 1877 1516
489 183 1877 1141
493 184 1877 1474
496 185 1877 1251
508 186 1877 1875
511 187 1877 1153
512 188 1877 818
516 189 1877 1357
520 191 1877 206
520 190 1877 1423
521 192 1877 665
524 193 1877 1230
524 194 1877 296
525 195 1877 739
526 196 1877 649
530 199 1877 349
530 200 1877 173
530 197 1877 1432
530 198 1877 189
536 201 1877 1615
538 202 1877 916
538 203 1877 320
538 204 1877 229
544 205 1877 1622
548 206 1877 1448
548 207 1877 322
549 208 1877 661
549 209 1877 352
556 210 1877 1736
561 211 1877 1499
566 212 1877 1535
568 213 1877 992
569 214 1877 803
569 215 1877 192
571 216 1877 990
571 217 1877 79
573 218 1877 1059
580 220 1877 427
580 219 1877 1730
582 221 1877 1012
582 222 1877 170
591 223 1877 1800
599 224 1877 1769
604 225 1877 1588
604 226 1877 121
605 227 1877 836
606 228 1877 575
610 229 1877 1373
621 230 1877 1854
622 231 1877 800
625 232 1877 1196
628 233 1877 1322
637 234 1877 1818
647 235 1877 1850
647 236 1877 4
650 237 1877 1195
652 238 1877 911
660 239 1877 1776
667 240 1877 1728
672 241 1877 1552
672 242 1877 492
672 243 1877 465
677 244 1877 1545
687 245 1877 1849
688 246 1877 595
693 248 1877 426
693 249 1877 104
693 247 1877 1598
699 250 1877 1673
700 251 1877 569
700 252 1877 373
700 253 1877 383
710 254 1877 1846
712 255 1877 1085
716 256 1877 1444
718 258 1877 476
718 257 1877 1040
719 259 1877 566
724 260 1877 1500
725 261 1877 611
731 262 1877 1671
734 263 1877 1212
734 264 1877 422
736 266 1877 302
736 265 1877 936
736 267 1877 213
738 268 1877 1099
740 269 1877 878
740 270 1877 188
747 271 1877 1719
749 272 1877 1093
752 273 1877 1207
752 274 1877 2
753 275 1877 799
754 276 1877 520
760 278 1877 255
760 277 1877 1629
770 279 1877 1845
772 280 1877 992
772 281 1877 448
772 282 1877 410
772 283 1877 471
778 284 1877 1624
781 285 1877 1284
781 286 1877 427
782 287 1877 813
786 288 1877 1400
787 289 1877 732
787 290 1877 405
789 291 1877 888
790 292 1877 719
790 293 1877 345
790 294 1877 276
792 295 1877 1116
801 296 1877 1805
804 298 1877 42
804 297 1877 1204
805 299 1877 608
810 300 1877 1547
810 301 1877 382
811 302 1877 499
815 303 1877 1473
825 304 1877 1840
837 305 1877 1879
841 306 1877 1401
