0 0 43 459
0 376 43 362
0 375 43 1431
1 1 43 692
2 377 43 1127
12 378 43 1834
18 2 43 1914
18 380 43 129
18 379 43 1612
22 3 43 1413
24 4 43 1070
24 5 43 349
27 6 43 1338
27 7 43 232
27 8 43 25
27 9 43 228
27 381 43 1796
29 382 43 1108
30 383 43 855
30 10 43 1338
32 11 43 1042
32 385 43 150
32 384 43 1111
33 386 43 655
35 12 43 1233
39 387 43 1614
40 13 43 1579
44 389 43 144
44 388 43 1519
44 14 43 1461
44 15 43 90
47 390 43 1282
51 16 43 1727
52 391 43 1581
53 392 43 841
53 393 43 482
54 17 43 1180
54 394 43 695
57 395 43 1207
57 18 43 1270
58 19 43 692
61 20 43 1230
63 396 43 1679
65 397 43 1089
66 398 43 587
71 399 43 1550
71 21 43 1837
72 400 43 692
72 401 43 430
73 22 43 1109
74 402 43 1124
76 23 43 1214
77 24 43 631
78 403 43 1357
79 25 43 1004
79 26 43 251
81 27 43 959
81 404 43 1272
84 28 43 1254
84 29 43 59
85 30 43 736
88 31 43 1248
90 32 43 942
92 408 43 217
92 407 43 103
92 406 43 471
92 405 43 1871
92 409 43 224
95 33 43 1554
97 34 43 1036
98 410 43 1661
102 412 43 243
102 35 43 1561
102 411 43 1436
104 37 43 453
104 36 43 1039
105 413 43 1260
112 414 43 1702
114 417 43 316
114 418 43 397
114 416 43 115
114 415 43 964
115 419 43 831
117 38 43 1895
119 39 43 1027
119 420 43 1384
120 421 43 563
123 422 43 1324
127 423 43 1380
127 424 43 292
128 40 43 1804
128 41 43 125
131 42 43 1229
132 43 43 755
132 427 43 100
132 426 43 196
132 425 43 1535
133 44 43 822
134 428 43 888
134 45 43 640
135 47 43 331
135 46 43 759
137 50 43 374
137 48 43 872
137 49 43 430
139 51 43 919
140 52 43 671
141 429 43 1737
146 53 43 1616
146 54 43 465
147 430 43 1676
147 55 43 547
150 431 43 1197
151 433 43 283
151 432 43 540
152 56 43 1507
153 434 43 920
153 57 43 700
154 61 43 379
154 60 43 97
154 59 43 65
154 58 43 781
156 62 43 903
159 435 43 1624
160 436 43 672
166 437 43 1675
169 63 43 1891
171 438 43 1507
173 64 43 1417
173 65 43 90
173 66 43 99
174 439 43 1164
178 67 43 1604
179 440 43 1603
179 68 43 542
180 441 43 552
184 442 43 1396
187 444 43 407
187 443 43 1294
188 69 43 1824
190 70 43 976
193 71 43 1274
195 445 43 1770
196 73 43 243
196 72 43 1210
197 74 43 813
198 446 43 1338
199 75 43 1104
200 76 43 607
200 78 43 391
200 77 43 354
203 447 43 1505
204 448 43 704
210 449 43 1655
212 450 43 1092
216 451 43 1362
217 80 43 244
217 79 43 1916
217 452 43 692
223 455 43 128
223 454 43 166
223 453 43 1680
225 456 43 1030
227 81 43 1844
227 82 43 87
228 83 43 823
231 457 43 1668
233 458 43 1065
234 84 43 1609
239 459 43 1662
241 85 43 1741
242 86 43 577
245 87 43 1251
245 460 43 1675
245 461 43 371
247 462 43 1140
247 91 43 339
247 464 43 473
247 89 43 489
247 90 43 53
247 463 43 405
247 88 43 1088
247 465 43 463
249 466 43 896
252 92 43 1596
261 469 43 77
261 470 43 292
261 471 43 365
261 467 43 1885
261 468 43 340
262 472 43 734
262 93 43 1829
264 94 43 929
265 473 43 1157
268 474 43 1153
268 95 43 1424
269 475 43 832
271 477 43 29
271 96 43 1147
271 476 43 1092
273 479 43 446
273 480 43 196
273 478 43 973
274 481 43 616
274 97 43 1263
277 482 43 1321
277 98 43 1262
278 99 43 731
279 100 43 540
280 483 43 1157
281 485 43 314
281 484 43 644
281 101 43 1079
282 486 43 505
283 487 43 784
283 488 43 116
284 489 43 791
285 490 43 594
287 491 43 928
288 492 43 610
288 102 43 1713
290 103 43 972
294 104 43 1379
296 493 43 1770
296 105 43 1025
300 494 43 1414
302 107 43 427
302 106 43 1633
303 108 43 803
303 495 43 1232
306 109 43 1285
306 496 43 1336
308 497 43 990
309 498 43 821
317 110 43 1864
320 111 43 1153
320 499 43 1868
320 112 43 309
321 113 43 790
322 500 43 874
326 501 43 1378
328 114 43 1745
328 115 43 178
328 116 43 292
328 117 43 79
328 118 43 281
329 502 43 1164
330 503 43 626
333 119 43 1600
334 504 43 1363
335 505 43 726
336 506 43 628
337 120 43 1438
338 121 43 773
339 123 43 53
339 122 43 515
340 507 43 1459
341 508 43 527
344 509 43 1259
346 510 43 961
347 124 43 1770
348 511 43 1001
348 125 43 637
349 512 43 695
350 513 43 618
353 126 43 1602
354 514 43 1465
356 515 43 1058
356 127 43 1305
358 516 43 974
359 128 43 1238
362 129 43 1313
373 517 43 1908
374 130 43 1882
377 131 43 1268
379 132 43 1016
379 518 43 1685
379 519 43 159
384 133 43 1585
388 134 43 1375
390 135 43 1089
390 136 43 131
391 520 43 1883
391 521 43 111
392 137 43 1039
396 138 43 1368
397 142 43 448
397 140 43 108
397 139 43 584
397 141 43 149
399 522 43 1768
403 523 43 1474
404 143 43 1728
405 144 43 549
406 146 43 30
406 145 43 825
407 524 43 1408
407 148 43 84
407 147 43 806
408 149 43 751
410 150 43 1132
410 525 43 1289
412 151 43 1067
414 152 43 982
416 526 43 1680
418 527 43 888
419 153 43 1586
422 154 43 1217
424 528 43 1668
429 155 43 1692
430 156 43 563
434 529 43 1845
436 157 43 1659
438 530 43 1420
438 531 43 101
438 158 43 1127
439 159 43 742
440 532 43 1133
442 533 43 1029
443 160 43 1348
443 161 43 328
445 162 43 1114
447 534 43 1497
448 535 43 743
449 163 43 1415
452 164 43 1328
452 536 43 1376
453 537 43 694
453 165 43 595
453 166 43 136
454 167 43 649
457 168 43 1339
458 170 43 46
458 169 43 655
460 538 43 1719
461 171 43 1178
462 172 43 636
468 173 43 1622
470 539 43 1843
472 174 43 1492
475 176 43 324
475 175 43 1289
476 177 43 712
476 540 43 1610
478 542 43 256
478 541 43 970
479 543 43 782
480 178 43 1429
482 179 43 944
483 180 43 607
484 181 43 795
487 182 43 1221
487 183 43 487
487 184 43 180
487 544 43 1755
488 185 43 814
488 186 43 286
492 545 43 1517
492 546 43 232
492 187 43 1354
492 188 43 367
498 189 43 1608
499 191 43 396
499 190 43 526
509 192 43 1836
510 549 43 355
510 193 43 625
510 550 43 257
510 547 43 1916
510 548 43 305
513 194 43 1161
514 551 43 1353
517 552 43 1230
518 553 43 662
520 195 43 1704
522 196 43 959
524 198 43 399
524 197 43 958
534 554 43 1910
535 555 43 763
536 199 43 1878
537 200 43 688
540 201 43 1306
540 556 43 1534
544 202 43 1391
546 557 43 1615
548 203 43 1353
549 558 43 1142
549 559 43 74
549 204 43 704
551 560 43 971
557 561 43 1665
561 206 43 431
561 205 43 1879
564 562 43 1716
564 208 43 94
564 207 43 1285
565 563 43 606
573 564 43 1763
574 565 43 860
574 209 43 1853
578 210 43 1367
582 566 43 1793
586 212 43 230
586 214 43 135
586 211 43 1776
586 213 43 182
587 215 43 552
587 567 43 1591
589 216 43 1032
589 568 43 1046
590 217 43 626
590 569 43 721
593 218 43 1234
594 220 43 309
594 219 43 514
595 222 43 281
595 221 43 707
596 570 43 1607
596 571 43 280
596 572 43 189
601 224 43 129
601 223 43 1656
604 573 43 1767
604 574 43 473
606 575 43 912
606 225 43 1574
609 226 43 1266
609 227 43 10
609 228 43 460
614 576 43 1779
616 229 43 1712
616 230 43 329
616 577 43 985
619 231 43 1291
619 232 43 312
622 578 43 1643
623 233 43 1475
623 234 43 256
626 235 43 1225
629 236 43 1329
631 579 43 1816
633 580 43 1056
637 237 43 1792
639 581 43 1688
640 582 43 582
643 583 43 1313
644 238 43 1707
644 239 43 226
644 240 43 382
646 241 43 926
648 584 43 1588
648 585 43 66
649 243 43 438
649 244 43 240
649 586 43 795
649 587 43 470
649 242 43 1260
650 245 43 674
650 246 43 166
651 588 43 1043
652 589 43 733
654 590 43 1134
656 247 43 1654
656 248 43 490
657 249 43 609
658 251 43 333
658 250 43 672
660 591 43 1685
664 592 43 1477
664 252 43 1648
670 593 43 1645
672 594 43 871
673 253 43 1810
678 254 43 1569
683 595 43 1869
686 596 43 1179
691 597 43 1575
693 255 43 1906
693 598 43 943
695 256 43 1024
695 599 43 895
701 257 43 1660
701 600 43 1649
702 601 43 565
704 258 43 1224
704 602 43 870
706 259 43 1054
707 260 43 612
707 261 43 421
708 262 43 824
708 263 43 306
709 603 43 1509
710 604 43 672
713 264 43 1523
713 265 43 76
717 266 43 1463
718 267 43 679
724 605 43 1902
727 606 43 1164
728 268 43 1851
729 269 43 834
731 607 43 1387
731 608 43 188
732 270 43 1147
733 609 43 997
735 610 43 908
735 271 43 1164
736 611 43 549
736 272 43 843
738 274 43 131
738 273 43 1007
741 275 43 1307
745 276 43 1372
750 612 43 1897
753 613 43 1251
753 277 43 1768
757 278 43 1415
761 279 43 1380
765 280 43 1408
770 281 43 1537
774 282 43 1444
782 283 43 1776
784 284 43 1040
804 285 43 1921
809 286 43 1567
809 287 43 427
819 289 43 275
819 290 43 201
819 288 43 1831
824 291 43 1593
825 292 43 568
826 293 43 653
831 294 43 1539
844 296 43 102
844 295 43 1886
846 297 43 953
847 298 43 840
847 299 43 164
849 300 43 1136
853 301 43 1412
860 302 43 1728
865 303 43 1580
869 304 43 1386
873 305 43 1432
877 306 43 1414
878 307 43 640
884 308 43 1678
884 309 43 261
885 310 43 533
888 311 43 1181
888 312 43 244
896 313 43 1769
901 314 43 1571
903 315 43 1000
905 316 43 901
907 317 43 972
910 318 43 1191
915 319 43 1527
915 320 43 433
917 321 43 1036
918 322 43 772
923 323 43 1575
924 324 43 632
928 325 43 1478
929 326 43 596
929 327 43 190
933 328 43 1393
933 329 43 170
936 330 43 1204
936 331 43 418
938 332 43 927
941 333 43 1250
941 334 43 244
962 335 43 1921
969 336 43 1733
977 338 43 389
977 337 43 1789
982 339 43 1532
983 340 43 506
985 341 43 926
986 342 43 673
991 343 43 1569
997 344 43 1666
999 345 43 945
1003 346 43 1349
1004 347 43 724
1006 348 43 1007
1007 349 43 538
1009 350 43 984
1011 351 43 1054
1017 352 43 1687
1020 353 43 1238
1026 354 43 1656
1026 355 43 99
1027 356 43 639
1027 357 43 152
1029 358 43 947
1039 359 43 1832
1040 360 43 836
1043 361 43 1223
1046 362 43 1172
1051 363 43 1508
1053 364 43 982
1053 365 43 115
1053 366 43 253
1055 367 43 918
1060 368 43 1524
1065 369 43 1574
1068 370 43 1191
1070 371 43 1037
1071 372 43 582
1076 373 43 1583
1078 374 43 1020
