0 0 716 308
0 1 716 324
4 2 716 1490
4 3 716 305
9 4 716 1564
9 5 716 56
9 6 716 172
11 7 716 930
14 8 716 1338
17 10 716 35
17 9 716 1280
21 11 716 1385
32 12 716 1860
36 13 716 1474
41 14 716 1529
41 15 716 141
46 16 716 1502
47 17 716 523
51 19 716 424
51 18 716 1409
52 20 716 599
54 21 716 984
54 22 716 202
57 23 716 1310
57 24 716 106
58 25 716 655
60 26 716 1100
61 28 716 15
61 27 716 499
65 29 716 1386
72 30 716 1745
75 31 716 1232
77 32 716 1078
78 33 716 566
78 34 716 394
78 35 716 356
87 36 716 1819
95 37 716 1756
98 38 716 1280
100 39 716 974
101 40 716 508
101 41 716 222
103 42 716 1099
110 43 716 1689
111 44 716 730
114 45 716 1231
116 47 716 181
116 46 716 1005
118 48 716 894
119 49 716 554
122 50 716 1143
131 51 716 1797
136 52 716 1546
150 53 716 1896
151 54 716 708
154 58 716 199
154 57 716 179
154 55 716 1248
154 56 716 122
156 59 716 908
158 60 716 880
163 61 716 1597
165 62 716 914
177 63 716 1877
181 64 716 1459
182 66 716 307
182 65 716 728
185 67 716 1293
187 68 716 1079
190 69 716 1172
190 70 716 247
196 71 716 1671
199 72 716 1167
199 73 716 435
209 75 716 377
209 74 716 1840
218 77 716 437
218 76 716 1810
219 78 716 580
220 79 716 799
225 80 716 1575
227 81 716 919
232 82 716 1529
236 83 716 1385
236 84 716 243
248 85 716 1873
254 86 716 1610
256 87 716 1106
264 88 716 1782
266 89 716 1071
266 90 716 234
272 91 716 1639
277 92 716 1556
277 93 716 371
277 94 716 93
278 95 716 835
281 96 716 1232
284 97 716 1147
284 98 716 229
284 99 716 1
286 100 716 924
292 101 716 1636
294 102 716 1026
300 103 716 1647
300 104 716 307
304 105 716 1396
305 106 716 629
307 107 716 1111
307 108 716 56
307 109 716 331
311 110 716 1363
317 111 716 1609
322 112 716 1524
325 113 716 1325
328 114 716 1258
341 116 716 68
341 115 716 1886
345 117 716 1454
351 118 716 1633
356 119 716 1510
358 120 716 1043
360 121 716 1126
364 122 716 1436
364 123 716 8
366 124 716 938
367 126 716 114
367 125 716 532
368 127 716 795
368 128 716 341
370 129 716 1005
372 130 716 1069
373 131 716 662
373 132 716 208
374 133 716 578
383 134 716 1799
394 135 716 1863
403 136 716 1817
412 137 716 1807
414 138 716 1078
415 139 716 772
418 140 716 1244
419 141 716 499
421 142 716 1050
425 143 716 1450
431 144 716 1632
432 145 716 549
432 146 716 115
432 147 716 231
434 148 716 1037
434 149 716 132
435 150 716 767
442 151 716 1703
446 152 716 1438
447 153 716 643
449 154 716 883
456 155 716 1722
456 156 716 200
458 157 716 1018
459 158 716 708
466 159 716 1699
469 160 716 1281
477 161 716 1758
478 162 716 769
480 163 716 975
483 164 716 1187
484 165 716 700
488 166 716 1401
490 167 716 945
494 168 716 1450
497 171 716 185
497 172 716 375
497 169 716 1319
497 170 716 68
498 173 716 861
498 174 716 266
499 175 716 544
499 176 716 76
515 177 716 1910
515 178 716 300
515 179 716 388
515 180 716 417
524 181 716 1808
530 182 716 1683
530 183 716 209
530 184 716 238
533 185 716 1291
536 186 716 1149
540 187 716 1489
546 188 716 1619
546 189 716 76
552 190 716 1663
553 191 716 799
555 192 716 1098
558 193 716 1303
562 194 716 1415
566 195 716 1410
572 196 716 1654
572 197 716 74
572 198 716 263
574 199 716 932
576 200 716 1073
578 201 716 1094
579 202 716 706
585 203 716 1643
585 204 716 63
586 205 716 581
589 206 716 1327
590 207 716 576
590 208 716 377
590 209 716 339
596 211 716 215
596 210 716 1646
597 212 716 717
597 213 716 320
600 214 716 1281
604 215 716 1398
604 216 716 75
605 217 716 559
606 218 716 737
615 219 716 1821
619 220 716 1475
629 221 716 1837
632 222 716 1250
636 223 716 1373
641 224 716 1581
644 225 716 1194
646 226 716 1012
648 227 716 997
652 228 716 1371
653 229 716 781
654 231 716 1
654 230 716 814
660 232 716 1646
663 233 716 1293
666 234 716 1240
669 235 716 1248
671 236 716 1101
671 237 716 39
671 238 716 146
676 239 716 1581
689 240 716 1888
690 241 716 573
692 242 716 1112
695 243 716 1280
695 244 716 355
699 245 716 1448
699 246 716 81
700 247 716 778
700 248 716 21
700 249 716 17
703 250 716 1335
705 251 716 1094
708 252 716 1262
708 253 716 367
712 254 716 1381
715 255 716 1161
723 256 716 1768
726 257 716 1257
726 258 716 61
727 259 716 794
731 261 716 330
731 260 716 1494
733 262 716 1130
738 263 716 1520
742 264 716 1450
748 265 716 1645
748 266 716 493
752 267 716 1349
754 272 716 413
754 271 716 35
754 269 716 33
754 270 716 296
754 268 716 1004
756 273 716 1080
767 274 716 1857
769 275 716 902
770 276 716 724
783 277 716 1895
785 279 716 133
785 278 716 1018
787 280 716 1112
787 281 716 233
789 282 716 975
793 283 716 1353
797 284 716 1371
803 285 716 1645
804 286 716 664
807 287 716 1279
817 289 716 79
817 288 716 1836
821 290 716 1404
829 291 716 1769
843 292 716 1903
846 293 716 1276
846 294 716 87
851 295 716 1558
855 296 716 1368
860 297 716 1516
868 298 716 1755
869 299 716 635
871 300 716 954
872 301 716 656
879 302 716 1699
896 303 716 1913
902 304 716 1646
905 305 716 1299
906 306 716 680
