1 0 443 803
1 1 443 363
1 2 443 162
2 3 443 619
8 4 443 1674
10 5 443 1064
12 6 443 1065
13 7 443 578
19 8 443 1629
24 9 443 1543
29 10 443 1605
32 11 443 1267
33 12 443 723
35 13 443 1052
36 14 443 797
39 15 443 1270
42 16 443 1325
42 17 443 62
46 18 443 1403
47 19 443 775
47 20 443 69
48 21 443 549
50 22 443 892
51 23 443 846
51 24 443 491
56 25 443 1590
56 26 443 31
57 28 443 205
57 27 443 567
58 29 443 688
62 30 443 1432
66 31 443 1402
67 32 443 517
70 33 443 1337
70 34 443 157
74 35 443 1467
75 36 443 854
77 37 443 962
78 38 443 859
85 39 443 1748
86 40 443 657
86 41 443 159
94 42 443 1779
95 43 443 840
96 44 443 499
97 45 443 829
100 46 443 1322
100 47 443 185
107 48 443 1701
109 49 443 972
109 50 443 69
111 51 443 1043
114 52 443 1193
125 53 443 1865
130 54 443 1553
130 55 443 254
134 56 443 1396
137 59 443 84
137 57 443 1240
137 58 443 128
139 60 443 1032
139 61 443 498
139 62 443 373
141 63 443 940
141 64 443 111
141 65 443 202
142 66 443 749
145 67 443 1310
147 68 443 895
150 69 443 1255
150 70 443 416
150 71 443 362
152 72 443 1127
157 73 443 1579
157 74 443 117
167 75 443 1834
168 78 443 347
168 76 443 694
168 77 443 52
173 79 443 1586
173 80 443 268
181 81 443 1771
182 82 443 790
185 83 443 1157
186 85 443 389
186 86 443 209
186 84 443 619
187 87 443 577
194 88 443 1708
203 89 443 1827
203 90 443 70
208 91 443 1538
209 92 443 834
210 93 443 775
211 94 443 716
211 95 443 158
218 96 443 1710
219 97 443 838
220 98 443 729
220 99 443 297
220 100 443 79
220 101 443 11
223 102 443 1215
223 103 443 445
224 104 443 556
230 105 443 1631
240 106 443 1840
245 107 443 1538
252 108 443 1748
258 109 443 1643
262 110 443 1485
265 111 443 1344
267 112 443 893
267 113 443 466
274 114 443 1741
277 115 443 1186
283 116 443 1632
285 117 443 1141
285 118 443 320
291 119 443 1646
309 120 443 1918
309 121 443 172
314 122 443 1527
316 123 443 992
319 124 443 1184
320 125 443 802
324 126 443 1453
324 127 443 352
325 128 443 863
337 129 443 1883
337 130 443 123
345 131 443 1781
348 133 443 49
348 132 443 1248
353 134 443 1507
353 135 443 256
354 136 443 555
354 137 443 344
355 138 443 600
357 139 443 913
357 140 443 474
358 141 443 595
359 142 443 754
359 143 443 64
359 144 443 342
360 145 443 651
361 146 443 644
361 147 443 368
363 148 443 959
367 150 443 450
367 149 443 1455
368 151 443 569
369 152 443 517
371 154 443 304
371 153 443 1007
381 155 443 1832
381 156 443 409
381 157 443 223
384 158 443 1186
390 159 443 1679
390 160 443 177
394 161 443 1487
395 162 443 675
403 163 443 1789
408 164 443 1520
414 165 443 1628
414 166 443 95
415 167 443 844
417 168 443 884
421 169 443 1484
422 170 443 631
425 171 443 1288
426 172 443 541
429 173 443 1332
432 174 443 1172
435 175 443 1322
438 176 443 1342
442 177 443 1462
443 178 443 650
444 179 443 532
444 180 443 157
446 181 443 1085
449 182 443 1318
452 183 443 1333
456 184 443 1432
460 185 443 1479
463 186 443 1263
463 187 443 240
469 188 443 1670
474 189 443 1599
482 190 443 1772
482 191 443 331
484 192 443 1083
485 193 443 846
486 194 443 735
488 195 443 911
498 196 443 1845
500 197 443 889
500 198 443 469
501 199 443 638
502 200 443 555
509 201 443 1725
513 202 443 1408
517 203 443 1399
518 204 443 823
520 205 443 1087
520 206 443 28
522 207 443 1110
530 208 443 1759
532 209 443 907
532 210 443 490
534 211 443 871
539 212 443 1497
540 213 443 653
545 214 443 1521
547 215 443 1017
547 216 443 169
550 217 443 1267
550 218 443 356
550 219 443 40
550 220 443 365
558 221 443 1780
560 222 443 1098
563 223 443 1209
569 224 443 1636
569 225 443 299
569 226 443 204
575 227 443 1620
576 228 443 596
576 229 443 261
580 231 443 452
580 230 443 1401
582 232 443 992
582 233 443 11
596 234 443 1902
596 235 443 356
601 236 443 1601
611 237 443 1843
612 238 443 509
612 239 443 345
616 242 443 406
616 240 443 1451
616 241 443 152
617 243 443 763
619 244 443 1109
621 245 443 900
622 246 443 759
622 247 443 430
625 248 443 1249
631 249 443 1643
632 250 443 741
633 251 443 578
634 252 443 533
634 253 443 428
634 254 443 272
635 255 443 700
636 256 443 627
636 257 443 199
642 258 443 1688
643 259 443 524
645 260 443 883
645 261 443 333
646 262 443 514
651 263 443 1498
655 264 443 1430
655 265 443 37
664 266 443 1804
668 267 443 1486
669 268 443 676
672 269 443 1165
675 270 443 1341
675 271 443 251
676 272 443 757
676 273 443 11
677 274 443 514
677 275 443 213
681 277 443 335
681 278 443 100
681 276 443 1373
682 279 443 735
686 280 443 1465
693 281 443 1698
693 282 443 370
695 283 443 877
699 284 443 1444
700 285 443 823
710 286 443 1844
711 287 443 563
717 288 443 1664
720 289 443 1201
726 290 443 1654
730 291 443 1402
730 292 443 154
746 293 443 1909
750 294 443 1386
752 295 443 1117
757 296 443 1563
758 297 443 832
761 298 443 1257
763 299 443 1072
765 300 443 1021
768 301 443 1197
774 302 443 1679
774 303 443 83
774 304 443 302
774 305 443 490
781 306 443 1745
