0 0 1340 275
0 1 1340 407
1 2 1340 843
12 3 1340 1858
15 4 1340 1152
15 5 1340 401
19 6 1340 1371
20 7 1340 695
21 8 1340 773
23 9 1340 1114
26 10 1340 1219
27 11 1340 858
30 12 1340 1343
30 13 1340 173
30 14 1340 201
34 15 1340 1371
35 16 1340 589
36 17 1340 707
38 18 1340 1141
43 19 1340 1519
49 20 1340 1639
53 21 1340 1464
57 22 1340 1412
59 23 1340 985
59 24 1340 161
59 25 1340 80
60 26 1340 546
64 27 1340 1368
69 28 1340 1591
77 29 1340 1779
81 30 1340 1352
91 31 1340 1835
98 32 1340 1746
101 33 1340 1244
108 34 1340 1745
117 35 1340 1797
118 36 1340 855
119 37 1340 840
121 38 1340 908
121 39 1340 30
121 40 1340 96
126 41 1340 1569
127 42 1340 812
128 43 1340 578
134 44 1340 1652
135 45 1340 698
139 46 1340 1380
147 47 1340 1765
148 48 1340 742
148 49 1340 177
149 50 1340 741
150 51 1340 799
150 52 1340 97
150 53 1340 309
158 54 1340 1770
159 55 1340 735
161 56 1340 919
169 57 1340 1782
176 58 1340 1697
178 59 1340 1072
186 60 1340 1780
186 61 1340 2
188 62 1340 1028
190 63 1340 919
196 64 1340 1686
199 65 1340 1309
201 69 1340 328
201 68 1340 353
201 66 1340 1036
201 67 1340 99
202 70 1340 515
208 71 1340 1673
215 72 1340 1723
217 73 1340 1110
221 74 1340 1422
221 75 1340 69
222 76 1340 652
223 77 1340 834
226 78 1340 1258
230 79 1340 1387
231 80 1340 624
232 81 1340 706
233 82 1340 626
237 83 1340 1413
239 84 1340 1037
240 85 1340 553
247 86 1340 1737
251 87 1340 1437
255 88 1340 1398
257 89 1340 1009
259 90 1340 878
261 91 1340 998
263 92 1340 1068
271 95 1340 94
271 94 1340 175
271 93 1340 1760
272 96 1340 540
281 97 1340 1818
282 98 1340 816
282 99 1340 343
287 100 1340 1586
290 101 1340 1281
294 103 1340 413
294 102 1340 1412
299 104 1340 1587
301 105 1340 993
303 106 1340 1000
305 107 1340 912
306 108 1340 811
313 111 1340 84
313 109 1340 1700
313 110 1340 83
314 113 1340 309
314 114 1340 447
314 112 1340 523
316 115 1340 1074
319 116 1340 1301
324 117 1340 1540
333 118 1340 1806
335 119 1340 1133
340 120 1340 1496
345 121 1340 1524
346 122 1340 625
349 123 1340 1268
353 124 1340 1375
357 125 1340 1441
358 126 1340 605
371 127 1340 1887
373 128 1340 935
376 129 1340 1328
380 130 1340 1454
381 131 1340 758
381 132 1340 18
383 133 1340 915
390 134 1340 1726
393 135 1340 1268
396 136 1340 1218
396 137 1340 212
404 138 1340 1751
404 139 1340 44
408 140 1340 1477
409 141 1340 825
410 142 1340 626
416 143 1340 1623
418 144 1340 926
419 145 1340 793
419 146 1340 475
420 147 1340 758
423 148 1340 1313
425 149 1340 1025
426 150 1340 717
428 151 1340 925
428 152 1340 11
434 153 1340 1607
435 154 1340 771
435 155 1340 62
436 156 1340 655
436 157 1340 143
438 158 1340 963
438 159 1340 146
438 160 1340 387
440 161 1340 1037
454 162 1340 1901
458 163 1340 1407
458 164 1340 246
461 165 1340 1249
461 166 1340 66
466 167 1340 1533
467 168 1340 508
469 169 1340 1104
477 170 1340 1780
479 171 1340 1088
486 172 1340 1713
494 173 1340 1762
499 174 1340 1580
500 175 1340 671
502 176 1340 898
504 177 1340 927
504 178 1340 342
505 179 1340 582
507 180 1340 966
515 181 1340 1772
516 182 1340 574
526 183 1340 1834
527 184 1340 610
528 185 1340 528
529 186 1340 747
529 187 1340 335
529 188 1340 143
535 189 1340 1663
536 190 1340 613
538 191 1340 1075
541 192 1340 1174
546 193 1340 1605
551 194 1340 1581
551 195 1340 439
552 196 1340 848
555 197 1340 1143
559 198 1340 1377
564 199 1340 1601
565 200 1340 726
566 201 1340 867
566 202 1340 249
566 203 1340 208
569 204 1340 1170
574 205 1340 1554
576 206 1340 1137
576 207 1340 173
576 208 1340 27
576 209 1340 100
578 210 1340 1089
584 211 1340 1652
591 212 1340 1726
591 213 1340 380
593 214 1340 1104
594 215 1340 540
594 216 1340 463
594 217 1340 67
595 218 1340 796
601 219 1340 1642
602 220 1340 502
608 221 1340 1656
612 222 1340 1389
613 223 1340 770
613 224 1340 490
614 225 1340 705
624 226 1340 1839
624 227 1340 108
624 228 1340 181
626 229 1340 1141
633 230 1340 1747
639 231 1340 1679
643 232 1340 1474
644 233 1340 666
652 234 1340 1781
652 235 1340 99
657 236 1340 1522
657 237 1340 365
658 238 1340 663
660 239 1340 981
663 240 1340 1316
664 241 1340 573
664 242 1340 307
664 243 1340 43
665 244 1340 573
667 245 1340 886
670 246 1340 1274
671 247 1340 794
672 248 1340 500
674 249 1340 1040
688 250 1340 1901
689 251 1340 780
689 252 1340 346
695 253 1340 1659
697 254 1340 1098
699 255 1340 994
703 256 1340 1402
707 257 1340 1404
713 259 1340 464
713 258 1340 1643
719 260 1340 1639
721 261 1340 1028
739 262 1340 1916
740 263 1340 811
740 264 1340 277
743 265 1340 1335
743 266 1340 177
745 267 1340 1059
746 268 1340 523
748 269 1340 1005
750 270 1340 942
750 271 1340 97
753 272 1340 1328
760 273 1340 1740
760 274 1340 326
771 275 1340 1854
775 276 1340 1348
779 278 1340 196
779 277 1340 1345
784 279 1340 1529
788 280 1340 1356
790 281 1340 1045
795 282 1340 1532
797 283 1340 1065
800 284 1340 1164
802 285 1340 967
805 286 1340 1333
812 287 1340 1740
816 288 1340 1493
817 289 1340 786
818 290 1340 621
818 291 1340 118
819 292 1340 647
819 293 1340 198
822 294 1340 1266
822 295 1340 287
823 296 1340 581
827 297 1340 1421
834 298 1340 1691
837 299 1340 1163
838 300 1340 708
838 301 1340 214
838 302 1340 270
842 303 1340 1419
842 304 1340 98
851 305 1340 1803
855 306 1340 1376
