1 0 527 797
5 1 527 1415
5 2 527 324
13 3 527 1763
17 4 527 1411
17 5 527 402
18 6 527 668
23 7 527 1590
24 8 527 858
30 9 527 1640
33 10 527 1335
33 11 527 464
39 12 527 1656
45 13 527 1667
50 14 527 1550
52 15 527 982
58 16 527 1618
60 19 527 405
60 17 527 908
60 18 527 336
62 20 527 946
67 21 527 1598
67 22 527 371
68 23 527 839
73 24 527 1603
75 25 527 960
76 26 527 506
79 27 527 1178
80 28 527 548
83 29 527 1212
91 30 527 1785
99 31 527 1754
103 32 527 1408
105 34 527 48
105 33 527 994
106 35 527 545
113 37 527 245
113 36 527 1711
119 38 527 1688
119 39 527 121
125 40 527 1660
129 41 527 1470
130 42 527 835
134 43 527 1431
138 44 527 1457
138 45 527 366
144 46 527 1609
157 47 527 1894
158 48 527 701
162 49 527 1428
163 50 527 546
163 51 527 308
164 52 527 708
166 53 527 1024
167 54 527 536
169 55 527 1124
171 56 527 1044
175 57 527 1410
175 58 527 159
175 59 527 450
184 60 527 1820
188 61 527 1415
190 62 527 1041
195 63 527 1570
203 64 527 1779
208 65 527 1505
210 66 527 980
211 67 527 661
217 68 527 1618
219 69 527 1004
222 70 527 1196
226 71 527 1372
229 72 527 1145
229 73 527 215
230 74 527 669
234 75 527 1400
235 76 527 762
236 77 527 865
239 78 527 1306
242 79 527 1236
245 80 527 1276
246 81 527 536
246 82 527 477
248 83 527 1044
249 84 527 666
253 85 527 1476
255 86 527 1046
255 87 527 384
255 88 527 458
256 89 527 849
260 90 527 1426
260 91 527 300
260 92 527 86
263 96 527 428
263 95 527 245
263 93 527 1237
263 94 527 225
266 97 527 1189
271 98 527 1576
283 99 527 1877
286 100 527 1310
288 101 527 947
288 102 527 276
294 104 527 232
294 103 527 1621
296 105 527 1099
298 106 527 1088
298 107 527 493
298 108 527 354
300 111 527 178
300 112 527 104
300 109 527 1060
300 110 527 361
301 113 527 848
303 114 527 1098
306 115 527 1283
308 116 527 937
329 117 527 1922
331 118 527 904
331 119 527 303
331 120 527 459
332 121 527 596
332 122 527 203
333 123 527 769
338 124 527 1502
340 125 527 896
343 126 527 1286
353 127 527 1832
370 128 527 1914
370 129 527 423
372 130 527 971
377 131 527 1497
380 132 527 1213
384 133 527 1354
394 134 527 1851
394 135 527 329
394 136 527 260
395 137 527 781
396 138 527 812
400 139 527 1492
400 140 527 388
401 141 527 552
401 142 527 30
404 144 527 488
404 143 527 1322
407 145 527 1248
407 146 527 195
410 147 527 1163
410 148 527 138
411 149 527 867
414 150 527 1233
414 151 527 431
414 152 527 285
417 153 527 1273
421 154 527 1417
422 155 527 714
423 156 527 744
427 157 527 1432
427 158 527 118
430 159 527 1260
437 160 527 1737
440 161 527 1180
441 162 527 503
452 163 527 1855
452 164 527 88
453 165 527 788
455 166 527 890
456 167 527 675
458 168 527 921
459 169 527 769
461 170 527 1022
461 171 527 156
463 172 527 1109
466 173 527 1337
476 174 527 1839
486 175 527 1831
487 176 527 565
488 177 527 805
488 178 527 280
488 179 527 254
489 180 527 700
489 181 527 123
496 182 527 1694
498 183 527 1047
500 184 527 1115
501 185 527 540
504 186 527 1212
515 187 527 1865
526 188 527 1861
528 189 527 1136
533 190 527 1510
534 191 527 753
535 192 527 662
539 193 527 1477
545 194 527 1679
547 195 527 1133
547 196 527 49
547 197 527 99
550 198 527 1233
556 199 527 1624
556 200 527 357
560 202 527 241
560 201 527 1445
563 203 527 1294
571 204 527 1769
573 205 527 1076
576 206 527 1247
578 207 527 873
582 208 527 1359
587 209 527 1510
587 210 527 148
598 211 527 1863
601 212 527 1151
609 213 527 1788
610 214 527 559
616 215 527 1614
620 216 527 1411
624 217 527 1380
625 218 527 739
629 219 527 1473
634 220 527 1500
636 221 527 949
637 222 527 738
644 223 527 1710
647 224 527 1184
647 225 527 269
651 226 527 1418
656 227 527 1557
661 228 527 1582
662 229 527 706
670 231 527 466
670 230 527 1782
675 232 527 1497
676 233 527 581
685 234 527 1821
688 235 527 1180
697 236 527 1807
697 237 527 400
700 238 527 1203
700 239 527 39
703 241 527 339
703 240 527 1217
704 242 527 506
704 243 527 351
706 244 527 987
711 245 527 1571
716 246 527 1527
717 247 527 799
719 248 527 917
719 249 527 65
725 250 527 1647
726 251 527 593
729 252 527 1285
735 253 527 1685
735 254 527 123
738 255 527 1333
739 256 527 706
739 257 527 455
739 258 527 109
744 259 527 1500
749 260 527 1582
755 261 527 1615
758 262 527 1215
759 263 527 652
765 264 527 1653
771 265 527 1607
771 266 527 366
772 267 527 569
785 268 527 1891
788 269 527 1304
795 270 527 1732
797 271 527 1010
797 272 527 177
798 273 527 700
798 274 527 255
801 275 527 1161
801 276 527 443
801 277 527 387
802 278 527 722
807 279 527 1537
808 280 527 666
809 281 527 619
810 282 527 639
815 283 527 1517
817 284 527 984
820 285 527 1188
822 286 527 1106
829 290 527 474
829 289 527 488
829 288 527 457
829 287 527 1737
833 291 527 1351
833 292 527 290
839 293 527 1628
839 294 527 381
844 295 527 1527
846 296 527 1048
854 297 527 1778
855 298 527 623
858 299 527 1305
861 300 527 1205
863 301 527 957
864 302 527 832
869 303 527 1538
869 304 527 258
870 305 527 636
870 306 527 416
