1 0 58 667
10 1 58 1811
14 2 58 1346
19 3 58 1535
37 4 58 1916
38 5 58 631
43 6 58 1564
44 7 58 537
47 8 58 1236
52 9 58 1504
61 10 58 1825
69 11 58 1787
70 12 58 503
74 13 58 1394
76 14 58 1071
80 15 58 1447
81 16 58 791
88 18 58 393
88 17 58 1719
92 19 58 1457
92 20 58 248
92 21 58 31
94 22 58 891
96 23 58 903
98 24 58 1040
111 25 58 1888
120 26 58 1825
124 27 58 1427
127 28 58 1185
131 29 58 1414
131 30 58 163
132 31 58 786
133 32 58 557
133 33 58 315
134 34 58 695
141 35 58 1703
142 36 58 779
143 38 58 158
143 37 58 570
150 39 58 1746
150 40 58 193
150 41 58 347
151 42 58 809
151 43 58 57
165 44 58 1900
165 45 58 217
166 46 58 722
169 47 58 1241
172 48 58 1224
175 49 58 1247
175 50 58 222
181 51 58 1623
184 52 58 1277
199 53 58 1905
199 54 58 121
200 55 58 636
202 59 58 27
202 58 58 494
202 57 58 443
202 56 58 920
203 60 58 730
203 61 58 137
206 62 58 1277
213 63 58 1747
216 64 58 1340
218 65 58 1038
221 67 58 187
221 66 58 1230
222 68 58 699
225 69 58 1292
226 70 58 668
226 71 58 220
231 72 58 1561
232 73 58 572
235 74 58 1263
244 75 58 1825
247 76 58 1146
248 77 58 833
250 78 58 927
251 79 58 823
254 80 58 1165
255 81 58 584
255 82 58 202
266 83 58 1863
269 85 58 465
269 84 58 1191
273 86 58 1433
274 87 58 576
274 88 58 193
274 89 58 58
275 92 58 75
275 90 58 783
275 91 58 336
275 93 58 130
277 95 58 56
277 94 58 1015
279 96 58 995
281 97 58 986
282 98 58 642
283 99 58 862
285 100 58 911
286 101 58 535
287 102 58 541
298 103 58 1857
299 106 58 62
299 104 58 578
299 105 58 1
300 107 58 705
301 108 58 642
301 109 58 221
305 111 58 86
305 110 58 1415
309 112 58 1440
314 113 58 1596
315 115 58 145
315 114 58 787
326 116 58 1859
329 117 58 1339
330 118 58 556
332 119 58 875
337 120 58 1529
338 121 58 654
357 122 58 1918
358 123 58 640
359 126 58 145
359 124 58 508
359 125 58 332
363 127 58 1430
367 128 58 1481
370 129 58 1206
371 132 58 191
371 130 58 829
371 131 58 159
371 133 58 65
381 134 58 1837
382 135 58 630
382 136 58 42
382 137 58 269
385 138 58 1284
388 139 58 1190
388 140 58 403
389 141 58 728
400 142 58 1859
414 143 58 1897
415 144 58 568
416 145 58 696
417 146 58 820
417 147 58 404
420 148 58 1268
422 149 58 870
422 150 58 121
427 151 58 1581
427 152 58 430
434 153 58 1691
437 154 58 1257
437 155 58 257
438 156 58 541
447 157 58 1826
451 158 58 1348
451 159 58 246
459 160 58 1780
460 161 58 556
463 162 58 1148
467 163 58 1361
470 164 58 1316
473 165 58 1255
482 166 58 1819
486 167 58 1375
492 168 58 1684
492 169 58 156
492 170 58 102
497 172 58 54
497 171 58 1590
500 173 58 1290
500 174 58 471
501 175 58 801
502 176 58 720
502 177 58 21
502 178 58 71
509 179 58 1737
513 180 58 1437
519 182 58 162
519 181 58 1666
520 183 58 611
522 184 58 1084
525 185 58 1172
531 186 58 1653
531 187 58 424
532 188 58 733
537 190 58 89
537 189 58 1579
537 191 58 141
538 192 58 846
540 193 58 1038
543 194 58 1334
551 195 58 1771
556 196 58 1504
556 197 58 498
557 198 58 580
560 199 58 1237
561 200 58 801
565 201 58 1369
566 202 58 644
568 203 58 1111
569 204 58 767
569 205 58 456
574 206 58 1526
576 207 58 1065
579 208 58 1219
579 209 58 455
583 210 58 1462
584 211 58 520
592 212 58 1754
597 213 58 1536
598 214 58 734
598 215 58 114
598 216 58 394
599 217 58 537
599 218 58 276
599 219 58 143
604 220 58 1527
608 221 58 1395
609 222 58 642
609 223 58 104
609 224 58 67
622 225 58 1886
623 226 58 744
625 227 58 941
637 228 58 1880
638 229 58 625
641 231 58 222
641 230 58 1221
645 232 58 1365
646 233 58 759
648 234 58 935
648 235 58 67
650 236 58 1021
652 237 58 975
660 238 58 1768
661 239 58 628
666 240 58 1571
667 241 58 588
669 242 58 1129
669 243 58 277
669 244 58 117
673 245 58 1493
673 246 58 311
676 247 58 1234
676 248 58 304
679 249 58 1219
683 250 58 1377
685 251 58 967
685 252 58 221
685 253 58 436
691 254 58 1635
694 255 58 1331
695 256 58 727
696 257 58 540
698 258 58 1044
699 259 58 805
705 260 58 1637
706 261 58 585
708 262 58 1109
709 263 58 594
712 264 58 1158
715 265 58 1240
717 266 58 1079
719 267 58 995
720 268 58 600
721 269 58 666
723 270 58 1018
726 271 58 1344
727 272 58 693
732 273 58 1573
732 274 58 497
734 275 58 939
734 276 58 265
734 277 58 364
750 279 58 498
750 278 58 1911
755 280 58 1575
759 281 58 1434
760 282 58 637
761 283 58 661
764 284 58 1173
764 285 58 254
764 286 58 0
766 287 58 928
768 288 58 1048
773 289 58 1529
776 290 58 1265
776 291 58 480
787 292 58 1855
789 293 58 963
791 294 58 915
793 295 58 985
797 296 58 1403
798 297 58 535
800 298 58 1043
801 299 58 802
801 300 58 414
804 301 58 1240
805 302 58 634
810 303 58 1562
810 304 58 200
810 305 58 32
810 306 58 273
