4 0 735 1374
14 1 735 1846
17 2 735 1206
17 3 735 366
17 4 735 62
17 5 735 196
17 6 735 285
17 7 735 120
19 8 735 982
37 9 735 1918
40 10 735 1241
41 11 735 795
42 12 735 532
42 13 735 419
45 14 735 1334
46 15 735 820
48 16 735 1034
49 18 735 9
49 17 735 792
50 19 735 806
52 20 735 1070
52 21 735 81
52 22 735 92
52 23 735 192
55 24 735 1273
57 25 735 1097
70 26 735 1887
71 27 735 733
86 28 735 1905
88 29 735 1101
88 30 735 497
88 31 735 39
90 32 735 885
92 33 735 909
95 35 735 427
95 34 735 1186
101 36 735 1689
110 37 735 1814
114 38 735 1374
114 39 735 371
115 40 735 665
115 41 735 333
117 42 735 889
117 43 735 377
117 44 735 306
117 45 735 57
119 46 735 986
124 47 735 1598
124 48 735 108
126 49 735 962
126 50 735 104
126 51 735 224
136 52 735 1850
138 53 735 1079
143 54 735 1499
146 55 735 1293
154 56 735 1753
156 57 735 1013
158 58 735 1018
160 59 735 890
160 60 735 234
164 61 735 1476
164 62 735 139
173 63 735 1805
177 64 735 1420
180 65 735 1202
190 66 735 1835
195 67 735 1547
198 68 735 1157
200 69 735 906
202 70 735 1056
205 71 735 1145
208 72 735 1343
213 73 735 1562
213 74 735 141
214 75 735 737
216 76 735 1116
222 77 735 1640
231 78 735 1810
234 79 735 1215
234 80 735 110
234 81 735 289
235 82 735 624
237 83 735 942
239 85 735 272
239 86 735 113
239 84 735 997
246 87 735 1731
249 88 735 1335
258 89 735 1818
259 90 735 598
260 91 735 675
261 94 735 136
261 92 735 796
261 93 735 484
263 96 735 194
263 95 735 1113
265 97 735 1008
267 98 735 881
269 99 735 1029
269 100 735 147
273 101 735 1364
273 102 735 440
275 103 735 1126
285 104 735 1831
287 105 735 884
288 106 735 806
288 107 735 287
290 108 735 938
291 109 735 762
291 110 735 176
291 111 735 113
293 112 735 1127
300 113 735 1728
301 114 735 779
312 115 735 1870
313 116 735 852
315 117 735 1121
316 118 735 808
319 119 735 1148
321 120 735 1088
321 121 735 104
321 122 735 212
324 126 735 348
324 125 735 380
324 123 735 1264
324 124 735 307
325 127 735 858
329 128 735 1425
331 129 735 952
332 131 735 108
332 130 735 543
333 132 735 758
334 133 735 781
336 134 735 1068
337 135 735 671
345 136 735 1773
349 137 735 1422
351 138 735 1036
351 139 735 112
355 140 735 1391
363 141 735 1751
364 142 735 793
365 143 735 572
371 144 735 1642
371 145 735 485
375 146 735 1472
377 147 735 993
383 148 735 1630
383 149 735 191
383 150 735 261
385 151 735 997
385 152 735 200
391 153 735 1658
402 154 735 1865
402 155 735 42
405 156 735 1151
407 157 735 1101
408 158 735 819
412 159 735 1451
413 160 735 535
425 161 735 1872
426 162 735 786
442 163 735 1911
442 164 735 218
442 165 735 68
445 166 735 1280
445 167 735 346
446 168 735 660
446 169 735 107
446 170 735 96
450 172 735 85
450 171 735 1354
451 173 735 696
457 174 735 1681
460 175 735 1262
463 176 735 1236
468 177 735 1564
473 178 735 1546
480 179 735 1747
481 180 735 832
484 181 735 1280
487 182 735 1153
490 183 735 1234
491 184 735 690
495 185 735 1470
505 186 735 1833
507 187 735 1024
508 188 735 840
510 189 735 1025
514 190 735 1444
515 191 735 671
516 192 735 603
521 193 735 1509
526 194 735 1502
530 195 735 1444
532 196 735 964
533 197 735 806
533 198 735 353
538 199 735 1574
540 200 735 1129
542 201 735 1126
542 202 735 332
547 203 735 1522
547 204 735 94
548 205 735 832
550 206 735 912
554 207 735 1429
568 208 735 1902
569 209 735 603
570 210 735 731
575 211 735 1512
579 212 735 1480
581 213 735 996
582 214 735 618
585 215 735 1179
586 216 735 719
590 217 735 1477
593 218 735 1220
594 221 735 255
594 219 735 673
594 220 735 160
598 222 735 1431
603 223 735 1559
604 224 735 588
608 225 735 1350
609 226 735 750
610 227 735 500
612 231 735 429
612 230 735 298
612 229 735 237
612 228 735 1118
615 232 735 1210
629 233 735 1897
630 234 735 617
636 235 735 1631
638 236 735 947
643 237 735 1556
645 238 735 1139
653 239 735 1782
654 240 735 557
654 241 735 403
656 242 735 1047
656 243 735 237
656 244 735 293
667 245 735 1857
669 246 735 1116
674 247 735 1531
676 249 735 322
676 248 735 891
677 250 735 724
681 251 735 1411
686 252 735 1511
691 253 735 1605
695 254 735 1414
697 255 735 873
703 256 735 1619
704 257 735 698
706 258 735 934
707 259 735 669
707 260 735 81
707 261 735 412
707 262 735 310
713 263 735 1665
713 264 735 305
713 265 735 302
713 266 735 301
718 268 735 379
718 267 735 1507
720 269 735 912
720 270 735 231
722 271 735 1087
722 272 735 338
726 273 735 1363
726 274 735 115
732 275 735 1681
734 276 735 1133
737 277 735 1194
740 278 735 1266
741 279 735 655
741 280 735 233
744 281 735 1144
749 282 735 1533
750 283 735 796
754 284 735 1437
755 285 735 811
756 286 735 843
761 287 735 1530
761 288 735 482
767 289 735 1668
767 290 735 11
767 291 735 249
768 292 735 622
768 293 735 469
775 296 735 93
775 295 735 145
775 294 735 1700
778 297 735 1307
789 298 735 1856
807 299 735 1916
812 300 735 1556
817 301 735 1533
820 302 735 1152
835 303 735 1904
835 304 735 90
840 305 735 1562
842 306 735 1072
