2 0 1316 991
6 1 1316 1385
7 2 1316 548
7 3 1316 7
8 4 1316 709
10 5 1316 1090
14 6 1316 1360
15 7 1316 550
28 8 1316 1892
29 9 1316 534
42 10 1316 1889
45 11 1316 1166
49 12 1316 1460
49 13 1316 261
53 14 1316 1422
54 15 1316 582
55 16 1316 816
57 18 1316 466
57 17 1316 1016
61 19 1316 1449
61 20 1316 298
63 21 1316 974
65 22 1316 1000
65 23 1316 227
66 24 1316 655
69 26 1316 102
69 25 1316 1232
70 27 1316 681
72 28 1316 1024
76 29 1316 1388
82 30 1316 1685
83 31 1316 839
85 32 1316 944
89 33 1316 1461
93 34 1316 1383
95 35 1316 1041
103 36 1316 1767
108 37 1316 1598
110 38 1316 942
112 39 1316 928
112 40 1316 479
114 41 1316 1032
116 42 1316 1034
123 43 1316 1698
124 44 1316 584
125 45 1316 797
127 46 1316 1086
130 47 1316 1187
130 48 1316 52
131 49 1316 499
131 50 1316 485
131 51 1316 293
134 57 1316 320
134 55 1316 17
134 56 1316 385
134 53 1316 325
134 52 1316 1319
134 54 1316 455
137 58 1316 1276
141 59 1316 1401
143 60 1316 987
144 61 1316 678
148 62 1316 1450
149 63 1316 503
150 64 1316 773
152 66 1316 221
152 65 1316 1049
175 67 1316 1923
176 68 1316 802
176 69 1316 381
177 70 1316 739
180 71 1316 1142
180 72 1316 74
184 73 1316 1462
186 74 1316 970
189 75 1316 1191
200 76 1316 1864
203 77 1316 1226
208 78 1316 1567
216 79 1316 1783
216 80 1316 145
217 81 1316 840
218 82 1316 629
219 83 1316 525
221 84 1316 902
225 85 1316 1392
229 86 1316 1445
230 87 1316 619
232 88 1316 1006
236 89 1316 1365
237 90 1316 656
241 91 1316 1446
241 92 1316 321
245 93 1316 1465
256 94 1316 1865
263 95 1316 1725
268 96 1316 1506
269 97 1316 531
271 98 1316 924
275 99 1316 1459
276 100 1316 576
278 101 1316 1088
278 102 1316 384
283 103 1316 1596
289 104 1316 1685
292 106 1316 218
292 105 1316 1268
300 107 1316 1782
303 108 1316 1280
306 109 1316 1189
306 110 1316 77
308 111 1316 1083
309 112 1316 678
313 113 1316 1418
316 116 1316 49
316 114 1316 1256
316 115 1316 147
318 117 1316 925
323 118 1316 1526
326 119 1316 1306
331 120 1316 1529
336 121 1316 1527
338 122 1316 917
342 123 1316 1361
348 124 1316 1649
351 125 1316 1217
352 126 1316 821
353 127 1316 533
358 128 1316 1521
361 129 1316 1170
367 130 1316 1609
370 131 1316 1333
370 132 1316 302
370 133 1316 107
373 134 1316 1207
375 135 1316 982
375 136 1316 456
377 137 1316 958
378 138 1316 764
383 139 1316 1559
386 140 1316 1173
391 141 1316 1587
394 142 1316 1263
401 143 1316 1741
404 144 1316 1288
409 145 1316 1498
410 146 1316 768
411 147 1316 827
411 148 1316 209
418 149 1316 1718
424 150 1316 1676
425 151 1316 580
427 152 1316 929
432 153 1316 1543
443 154 1316 1855
445 155 1316 973
445 156 1316 171
447 157 1316 947
458 158 1316 1872
458 159 1316 467
458 160 1316 446
464 163 1316 110
464 162 1316 261
464 161 1316 1610
469 164 1316 1504
470 165 1316 669
471 166 1316 781
472 167 1316 570
472 168 1316 211
472 169 1316 273
478 170 1316 1615
480 172 1316 161
480 171 1316 1015
493 173 1316 1891
493 174 1316 132
504 175 1316 1866
504 176 1316 263
506 177 1316 1100
506 178 1316 73
506 179 1316 150
506 180 1316 449
525 181 1316 1918
525 182 1316 323
532 183 1316 1727
536 184 1316 1418
538 185 1316 1028
538 186 1316 403
539 188 1316 177
539 189 1316 233
539 187 1316 683
540 190 1316 811
544 191 1316 1433
546 192 1316 1010
546 193 1316 297
548 194 1316 1112
552 195 1316 1488
555 196 1316 1326
558 197 1316 1153
558 198 1316 236
559 199 1316 619
560 201 1316 198
560 200 1316 717
561 202 1316 616
572 203 1316 1860
572 204 1316 102
573 205 1316 660
573 206 1316 419
575 207 1316 963
579 208 1316 1411
596 209 1316 1913
597 210 1316 710
599 211 1316 995
601 212 1316 873
608 213 1316 1721
608 214 1316 18
608 215 1316 453
611 216 1316 1286
611 217 1316 458
612 222 1316 392
612 221 1316 97
612 220 1316 265
612 219 1316 476
612 218 1316 616
626 223 1316 1903
630 224 1316 1387
630 225 1316 182
630 226 1316 4
638 227 1316 1788
639 228 1316 779
640 229 1316 568
641 230 1316 540
643 231 1316 1034
644 232 1316 863
648 233 1316 1379
652 234 1316 1357
652 235 1316 250
655 236 1316 1302
655 237 1316 388
661 238 1316 1624
662 239 1316 758
663 240 1316 608
667 241 1316 1365
670 242 1316 1196
670 243 1316 189
674 244 1316 1447
681 245 1316 1740
682 246 1316 559
685 248 1316 279
685 247 1316 1214
686 249 1316 658
686 250 1316 202
687 251 1316 867
688 252 1316 537
694 253 1316 1685
694 254 1316 353
695 255 1316 619
702 256 1316 1730
703 258 1316 472
703 257 1316 637
713 259 1316 1845
714 260 1316 655
715 261 1316 556
715 262 1316 183
716 263 1316 842
720 264 1316 1373
725 265 1316 1601
725 266 1316 131
729 268 1316 364
729 267 1316 1419
736 269 1316 1692
738 270 1316 1075
740 271 1316 898
741 272 1316 758
749 273 1316 1783
757 274 1316 1792
758 275 1316 824
759 278 1316 455
759 277 1316 203
759 276 1316 826
764 279 1316 1572
769 280 1316 1547
770 281 1316 715
775 282 1316 1509
775 283 1316 120
775 284 1316 366
780 285 1316 1597
780 286 1316 497
782 287 1316 1103
784 288 1316 1025
785 289 1316 737
785 290 1316 444
786 291 1316 664
796 292 1316 1840
803 293 1316 1704
803 294 1316 102
803 295 1316 52
806 297 1316 353
806 296 1316 1181
807 298 1316 741
815 299 1316 1771
821 300 1316 1609
823 301 1316 1065
824 302 1316 849
825 303 1316 512
830 304 1316 1507
833 305 1316 1229
833 306 1316 108
