2 0 1321 884
6 1 1321 1352
8 2 1321 913
9 3 1321 518
11 4 1321 1117
16 5 1321 1581
18 6 1321 1048
29 7 1321 1866
31 8 1321 900
33 9 1321 907
34 10 1321 548
38 11 1321 1354
41 12 1321 1329
47 13 1321 1623
47 14 1321 69
48 18 1321 371
48 17 1321 207
48 15 1321 722
48 16 1321 467
58 19 1321 1844
61 20 1321 1228
61 21 1321 477
70 22 1321 1811
70 23 1321 378
70 24 1321 44
74 25 1321 1438
78 26 1321 1478
85 27 1321 1715
88 28 1321 1231
90 29 1321 973
90 30 1321 223
90 31 1321 283
91 32 1321 620
93 33 1321 947
98 34 1321 1499
99 38 1321 300
99 37 1321 218
99 35 1321 510
99 36 1321 401
100 39 1321 718
108 40 1321 1785
113 41 1321 1577
120 42 1321 1735
120 43 1321 418
124 44 1321 1486
125 45 1321 777
128 46 1321 1248
129 47 1321 624
132 48 1321 1300
135 49 1321 1282
143 50 1321 1763
144 51 1321 536
151 52 1321 1736
152 54 1321 118
152 53 1321 722
152 55 1321 407
156 56 1321 1465
157 57 1321 534
157 58 1321 473
162 59 1321 1603
162 60 1321 103
165 61 1321 1257
166 62 1321 635
176 63 1321 1852
177 64 1321 684
177 65 1321 264
178 66 1321 734
178 67 1321 382
178 68 1321 124
182 69 1321 1484
182 70 1321 321
182 71 1321 249
192 72 1321 1832
197 74 1321 59
197 73 1321 1577
202 75 1321 1576
203 76 1321 666
207 77 1321 1393
208 78 1321 816
211 79 1321 1192
211 80 1321 189
212 81 1321 853
212 82 1321 415
224 83 1321 1873
226 84 1321 1134
232 86 1321 472
232 85 1321 1612
241 87 1321 1822
242 88 1321 828
244 89 1321 1092
246 90 1321 970
254 91 1321 1791
260 92 1321 1670
261 93 1321 621
262 94 1321 614
263 95 1321 528
265 96 1321 941
274 97 1321 1807
280 98 1321 1659
283 99 1321 1222
283 100 1321 43
284 101 1321 866
285 102 1321 500
292 103 1321 1741
294 104 1321 960
299 105 1321 1514
300 106 1321 628
300 107 1321 158
301 108 1321 663
301 109 1321 467
307 110 1321 1665
307 111 1321 71
313 112 1321 1642
316 113 1321 1206
320 114 1321 1414
323 115 1321 1174
324 116 1321 842
325 117 1321 686
326 118 1321 718
328 119 1321 997
335 120 1321 1717
336 121 1321 836
340 122 1321 1479
342 123 1321 956
343 124 1321 514
343 125 1321 454
344 126 1321 503
347 127 1321 1211
349 128 1321 963
353 129 1321 1455
354 130 1321 634
355 131 1321 784
361 132 1321 1659
366 133 1321 1519
369 134 1321 1148
372 135 1321 1248
372 136 1321 353
373 137 1321 598
375 138 1321 913
380 139 1321 1545
382 140 1321 983
382 141 1321 314
385 143 1321 360
385 142 1321 1159
389 144 1321 1351
391 145 1321 898
391 146 1321 148
391 147 1321 463
393 148 1321 1132
397 149 1321 1365
403 151 1321 255
403 150 1321 1610
405 152 1321 1089
406 153 1321 662
410 154 1321 1429
412 155 1321 1132
415 156 1321 1312
419 157 1321 1468
422 158 1321 1227
423 159 1321 506
425 160 1321 1010
428 161 1321 1342
430 162 1321 1120
432 163 1321 1132
440 164 1321 1757
442 165 1321 881
442 166 1321 336
442 167 1321 122
442 168 1321 58
442 169 1321 166
443 170 1321 821
443 171 1321 244
450 172 1321 1698
452 173 1321 1097
452 174 1321 13
456 175 1321 1403
461 176 1321 1602
463 177 1321 1118
468 178 1321 1530
473 182 1321 78
473 181 1321 40
473 179 1321 1540
473 180 1321 305
478 183 1321 1522
486 184 1321 1770
486 185 1321 379
492 186 1321 1619
494 189 1321 15
494 187 1321 997
494 188 1321 90
505 190 1321 1860
506 191 1321 809
509 192 1321 1295
509 193 1321 406
510 194 1321 534
515 195 1321 1566
517 196 1321 1118
517 197 1321 26
518 198 1321 528
518 199 1321 470
519 202 1321 405
519 201 1321 26
519 200 1321 562
521 203 1321 966
522 204 1321 544
526 205 1321 1366
526 206 1321 481
544 207 1321 1916
545 208 1321 648
545 209 1321 26
549 211 1321 194
549 210 1321 1454
560 212 1321 1863
566 213 1321 1612
566 214 1321 200
568 215 1321 970
571 216 1321 1263
576 217 1321 1522
579 218 1321 1287
583 219 1321 1377
586 220 1321 1186
589 221 1321 1263
589 222 1321 32
589 223 1321 42
589 224 1321 230
589 225 1321 11
591 226 1321 873
594 227 1321 1291
595 229 1321 372
595 230 1321 284
595 228 1321 562
600 231 1321 1575
601 232 1321 589
603 233 1321 1059
605 234 1321 977
605 235 1321 279
610 236 1321 1559
612 237 1321 1037
614 239 1321 404
614 238 1321 978
623 240 1321 1823
629 241 1321 1628
629 242 1321 349
629 243 1321 63
629 244 1321 485
635 245 1321 1666
637 246 1321 871
643 248 1321 206
643 247 1321 1608
647 249 1321 1489
647 250 1321 302
652 251 1321 1521
653 252 1321 664
655 253 1321 1075
658 254 1321 1208
661 255 1321 1223
680 257 1321 363
680 256 1321 1919
681 258 1321 735
682 259 1321 532
682 260 1321 492
684 261 1321 1115
688 262 1321 1354
688 263 1321 275
694 264 1321 1666
703 265 1321 1804
708 266 1321 1529
709 267 1321 803
710 268 1321 634
720 269 1321 1845
723 270 1321 1336
723 271 1321 225
724 272 1321 543
726 273 1321 882
730 274 1321 1479
734 275 1321 1483
736 276 1321 914
749 277 1321 1893
753 278 1321 1481
753 279 1321 488
755 280 1321 1064
758 281 1321 1190
760 282 1321 1084
762 283 1321 998
762 284 1321 69
763 285 1321 688
765 286 1321 911
769 287 1321 1439
777 288 1321 1776
783 289 1321 1679
783 290 1321 285
786 291 1321 1196
786 292 1321 301
786 293 1321 445
796 294 1321 1836
797 295 1321 707
797 296 1321 274
797 297 1321 73
797 298 1321 322
798 299 1321 606
798 300 1321 137
798 301 1321 68
800 304 1321 153
800 305 1321 76
800 302 1321 973
800 303 1321 286
802 306 1321 977
