0 0 152 178
1 1 152 720
2 2 152 586
2 3 152 77
2 4 152 144
2 5 152 284
4 6 152 1068
13 7 152 1801
20 8 152 1717
23 9 152 1144
24 10 152 525
25 11 152 784
26 12 152 707
29 13 152 1201
31 14 152 1050
32 15 152 607
33 16 152 676
36 17 152 1334
40 18 152 1466
44 19 152 1476
53 20 152 1825
56 21 152 1342
57 22 152 721
61 23 152 1374
65 24 152 1468
70 25 152 1583
70 26 152 494
71 27 152 748
72 28 152 652
77 29 152 1587
77 30 152 124
77 31 152 264
77 32 152 226
86 33 152 1812
88 34 152 1041
93 35 152 1514
95 36 152 887
95 37 152 155
101 38 152 1675
102 39 152 674
104 40 152 966
106 41 152 1024
108 42 152 1073
108 43 152 315
111 44 152 1173
113 45 152 1082
113 46 152 119
117 47 152 1452
121 48 152 1418
121 49 152 373
122 50 152 818
125 51 152 1186
125 52 152 191
126 53 152 853
126 54 152 294
127 55 152 760
152 56 152 1923
154 57 152 1137
155 58 152 534
155 59 152 486
162 60 152 1715
162 61 152 320
165 62 152 1149
165 63 152 129
167 64 152 1020
167 65 152 261
168 66 152 557
169 68 152 160
169 67 152 819
173 69 152 1460
179 70 152 1644
180 71 152 520
185 72 152 1583
186 73 152 792
187 74 152 509
188 79 152 385
188 78 152 201
188 76 152 268
188 77 152 406
188 75 152 801
192 80 152 1464
194 81 152 967
197 82 152 1254
197 83 152 278
198 84 152 768
199 86 152 73
199 85 152 862
202 87 152 1298
207 88 152 1518
207 89 152 280
212 90 152 1515
218 91 152 1675
223 92 152 1546
226 93 152 1189
228 94 152 883
229 95 152 646
238 96 152 1799
240 97 152 944
243 98 152 1220
245 99 152 911
246 100 152 524
249 101 152 1224
252 102 152 1292
264 103 152 1883
265 105 152 298
265 104 152 653
270 106 152 1528
273 107 152 1323
273 108 152 344
277 109 152 1417
277 110 152 492
282 111 152 1517
284 113 152 148
284 112 152 935
286 114 152 946
287 115 152 748
289 116 152 990
291 117 152 871
294 118 152 1285
294 119 152 158
294 120 152 188
297 121 152 1184
300 122 152 1226
309 123 152 1804
320 124 152 1869
333 125 152 1893
335 126 152 898
335 127 152 393
345 128 152 1833
353 129 152 1787
355 130 152 927
358 131 152 1249
360 132 152 1111
363 133 152 1214
371 134 152 1785
371 135 152 240
376 136 152 1599
379 137 152 1296
384 138 152 1549
384 139 152 470
387 140 152 1258
388 141 152 674
390 143 152 100
390 142 152 953
397 144 152 1713
420 145 152 1923
421 146 152 739
425 147 152 1397
425 148 152 242
425 149 152 135
430 150 152 1580
432 151 152 928
437 152 152 1583
439 153 152 1062
440 154 152 723
443 155 152 1265
465 156 152 1922
469 157 152 1412
469 158 152 13
470 159 152 685
473 160 152 1324
475 161 152 1134
479 164 152 490
479 162 152 1415
479 163 152 481
482 165 152 1167
482 166 152 406
488 167 152 1646
488 168 152 287
489 169 152 706
491 170 152 1073
497 171 152 1619
500 172 152 1246
501 173 152 815
502 174 152 824
506 175 152 1438
506 176 152 230
508 177 152 1125
508 178 152 91
519 179 152 1871
522 180 152 1153
526 181 152 1426
526 182 152 150
533 183 152 1698
533 184 152 207
558 185 152 1924
563 186 152 1590
563 187 152 49
563 188 152 491
564 190 152 242
564 191 152 187
564 189 152 520
567 192 152 1282
568 193 152 864
570 194 152 1070
570 195 152 124
573 196 152 1184
573 197 152 472
578 198 152 1535
579 199 152 545
584 200 152 1516
586 201 152 1018
588 202 152 1110
592 203 152 1460
594 204 152 986
607 205 152 1886
613 206 152 1607
614 207 152 768
614 208 152 237
617 209 152 1209
619 210 152 1035
620 211 152 797
623 212 152 1321
623 213 152 67
627 214 152 1456
636 215 152 1823
638 216 152 983
644 217 152 1641
644 218 152 274
644 219 152 491
649 220 152 1502
649 221 152 357
652 222 152 1154
659 223 152 1692
659 224 152 464
661 226 152 337
661 227 152 381
661 225 152 886
667 228 152 1669
668 230 152 254
668 229 152 700
674 231 152 1682
679 232 152 1515
683 233 152 1470
683 234 152 354
683 235 152 135
683 236 152 315
684 237 152 614
685 240 152 316
685 238 152 711
685 239 152 245
686 241 152 821
693 242 152 1736
696 243 152 1206
700 244 152 1409
704 245 152 1370
705 246 152 790
708 247 152 1214
711 248 152 1333
714 249 152 1171
716 250 152 1065
720 251 152 1467
720 252 152 198
722 253 152 1044
724 254 152 968
727 255 152 1159
735 256 152 1789
738 257 152 1342
740 259 152 99
740 258 152 996
745 260 152 1549
748 261 152 1225
750 262 152 1023
754 263 152 1462
756 264 152 955
759 265 152 1277
762 266 152 1206
770 267 152 1775
776 268 152 1638
779 269 152 1321
784 270 152 1507
784 271 152 368
786 272 152 930
786 273 152 28
786 274 152 174
787 275 152 680
788 276 152 546
800 278 152 282
800 277 152 1873
802 279 152 1019
802 280 152 96
804 281 152 1047
806 282 152 972
806 283 152 497
811 284 152 1560
812 285 152 711
816 287 152 471
816 286 152 1483
817 288 152 502
819 289 152 1119
819 290 152 271
821 291 152 897
826 292 152 1543
827 293 152 611
828 294 152 621
830 295 152 1016
837 300 152 163
837 299 152 132
837 296 152 1722
837 297 152 273
837 298 152 250
839 301 152 940
844 303 152 12
844 302 152 1500
849 304 152 1589
850 305 152 696
851 306 152 537
