1 0 1647 846
14 1 1647 1890
27 2 1647 1886
32 3 1647 1606
36 4 1647 1466
40 5 1647 1459
41 7 1647 236
41 8 1647 126
41 6 1647 590
45 9 1647 1488
46 10 1647 855
46 11 1647 387
49 12 1647 1153
53 13 1647 1465
54 14 1647 738
56 16 1647 298
56 15 1647 921
60 17 1647 1437
66 18 1647 1671
71 19 1647 1551
72 20 1647 715
74 21 1647 997
75 22 1647 613
75 23 1647 331
77 24 1647 943
82 25 1647 1512
82 26 1647 477
87 27 1647 1535
91 32 1647 189
91 31 1647 471
91 28 1647 1367
91 29 1647 266
91 30 1647 417
92 33 1647 816
93 34 1647 849
94 35 1647 758
101 36 1647 1690
108 37 1647 1692
112 38 1647 1423
113 39 1647 578
113 40 1647 104
120 41 1647 1742
130 42 1647 1848
130 43 1647 115
134 44 1647 1459
144 45 1647 1851
146 46 1647 1045
149 47 1647 1253
151 48 1647 1074
151 49 1647 167
152 50 1647 777
167 51 1647 1905
168 52 1647 754
172 53 1647 1447
179 54 1647 1716
187 55 1647 1774
190 56 1647 1277
195 57 1647 1554
196 58 1647 663
208 59 1647 1878
210 60 1647 982
212 61 1647 980
213 62 1647 794
221 63 1647 1784
223 66 1647 197
223 67 1647 336
223 64 1647 1071
223 65 1647 384
224 68 1647 615
239 69 1647 1904
242 70 1647 1155
243 71 1647 530
243 72 1647 13
245 73 1647 1093
249 74 1647 1446
251 75 1647 897
253 77 1647 497
253 76 1647 1074
254 78 1647 797
256 79 1647 1016
256 80 1647 467
259 81 1647 1149
259 82 1647 460
262 83 1647 1199
266 84 1647 1414
266 85 1647 436
272 86 1647 1641
273 87 1647 666
275 88 1647 1025
277 89 1647 1000
281 90 1647 1406
281 91 1647 135
283 92 1647 1029
287 93 1647 1470
292 94 1647 1520
294 95 1647 1049
296 97 1647 63
296 96 1647 948
298 98 1647 969
300 99 1647 1075
306 100 1647 1654
307 101 1647 708
308 102 1647 637
310 103 1647 1094
312 104 1647 937
312 105 1647 246
325 106 1647 1891
330 107 1647 1586
330 108 1647 1
331 109 1647 818
332 110 1647 699
333 111 1647 779
334 112 1647 757
339 113 1647 1571
343 114 1647 1411
351 115 1647 1758
352 116 1647 520
357 117 1647 1519
357 118 1647 369
358 119 1647 634
359 120 1647 667
363 121 1647 1456
366 122 1647 1236
371 124 1647 498
371 123 1647 1540
373 125 1647 1019
377 126 1647 1425
377 127 1647 468
382 128 1647 1497
382 129 1647 397
394 130 1647 1873
396 131 1647 1010
400 132 1647 1453
406 133 1647 1646
409 134 1647 1287
415 135 1647 1683
416 136 1647 512
419 137 1647 1290
419 138 1647 262
422 139 1647 1168
422 140 1647 470
422 141 1647 55
423 143 1647 206
423 144 1647 301
423 142 1647 664
424 145 1647 626
427 146 1647 1303
431 147 1647 1383
431 148 1647 58
437 149 1647 1687
438 150 1647 528
442 151 1647 1354
448 155 1647 197
448 154 1647 408
448 153 1647 334
448 152 1647 1618
452 156 1647 1397
454 157 1647 1022
455 158 1647 596
465 159 1647 1842
466 160 1647 745
470 161 1647 1422
470 162 1647 88
475 163 1647 1529
477 164 1647 869
483 165 1647 1614
486 166 1647 1251
488 167 1647 1035
488 168 1647 284
494 169 1647 1652
497 170 1647 1246
500 171 1647 1155
503 172 1647 1257
505 174 1647 164
505 173 1647 1126
506 175 1647 611
507 176 1647 791
509 177 1647 1029
512 178 1647 1238
521 179 1647 1797
527 180 1647 1641
527 181 1647 42
527 182 1647 409
534 183 1647 1735
542 184 1647 1793
543 185 1647 519
546 186 1647 1316
548 187 1647 1118
551 188 1647 1238
553 189 1647 1089
553 190 1647 285
557 191 1647 1414
558 194 1647 422
558 192 1647 694
558 193 1647 344
560 195 1647 972
573 196 1647 1892
575 197 1647 1060
578 198 1647 1261
579 199 1647 611
582 200 1647 1300
582 201 1647 267
584 204 1647 441
584 202 1647 1098
584 203 1647 331
587 205 1647 1298
587 206 1647 96
587 207 1647 491
587 208 1647 169
594 209 1647 1721
597 211 1647 367
597 210 1647 1331
604 212 1647 1708
605 213 1647 724
605 214 1647 201
606 215 1647 702
608 216 1647 1013
608 217 1647 278
614 218 1647 1661
614 219 1647 350
614 220 1647 297
614 221 1647 132
621 222 1647 1721
623 223 1647 1120
627 224 1647 1367
635 225 1647 1756
635 226 1647 460
637 227 1647 913
638 228 1647 703
640 229 1647 1117
641 230 1647 644
647 231 1647 1656
654 232 1647 1693
655 233 1647 626
655 234 1647 496
659 235 1647 1373
661 236 1647 869
661 237 1647 78
664 238 1647 1293
664 239 1647 494
664 240 1647 423
665 241 1647 825
667 242 1647 948
671 243 1647 1442
677 244 1647 1683
687 245 1647 1843
693 246 1647 1631
706 248 1647 142
706 247 1647 1894
712 249 1647 1645
724 250 1647 1884
730 251 1647 1613
733 252 1647 1324
735 253 1647 911
735 254 1647 314
738 256 1647 470
738 255 1647 1167
752 257 1647 1903
754 258 1647 888
755 259 1647 609
756 260 1647 837
758 261 1647 1108
765 262 1647 1712
767 263 1647 977
769 264 1647 1076
774 265 1647 1599
775 266 1647 599
777 268 1647 227
777 267 1647 1081
778 269 1647 752
786 270 1647 1758
788 271 1647 934
790 272 1647 909
793 273 1647 1166
803 274 1647 1852
807 275 1647 1397
809 277 1647 279
809 276 1647 1108
813 278 1647 1361
817 279 1647 1449
817 280 1647 124
817 281 1647 491
818 282 1647 770
820 283 1647 983
823 284 1647 1157
825 285 1647 955
825 286 1647 332
826 288 1647 312
826 287 1647 781
829 289 1647 1254
831 290 1647 903
833 291 1647 890
835 292 1647 1114
836 293 1647 683
841 294 1647 1581
844 295 1647 1240
846 296 1647 1037
859 297 1647 1895
859 298 1647 365
859 299 1647 83
862 300 1647 1243
863 301 1647 550
869 302 1647 1667
872 303 1647 1315
881 304 1647 1811
883 305 1647 950
884 306 1647 704
