2 0 1324 884
6 1 1324 1352
8 2 1324 913
9 3 1324 518
11 4 1324 1117
16 5 1324 1581
18 6 1324 1048
29 7 1324 1866
31 8 1324 900
33 9 1324 907
34 10 1324 548
38 11 1324 1354
41 12 1324 1329
47 13 1324 1623
47 14 1324 69
48 18 1324 371
48 17 1324 207
48 15 1324 722
48 16 1324 467
58 19 1324 1844
61 20 1324 1228
61 21 1324 477
70 22 1324 1811
70 23 1324 378
70 24 1324 44
74 25 1324 1438
78 26 1324 1478
85 27 1324 1715
88 28 1324 1231
90 29 1324 973
90 30 1324 223
90 31 1324 283
91 32 1324 620
93 33 1324 947
98 34 1324 1499
99 38 1324 300
99 37 1324 218
99 35 1324 510
99 36 1324 401
100 39 1324 718
108 40 1324 1785
113 41 1324 1577
120 42 1324 1735
120 43 1324 418
124 44 1324 1486
125 45 1324 777
128 46 1324 1248
129 47 1324 624
132 48 1324 1300
135 49 1324 1282
143 50 1324 1763
144 51 1324 536
151 52 1324 1736
152 54 1324 118
152 53 1324 722
152 55 1324 407
156 56 1324 1465
157 57 1324 534
157 58 1324 473
162 59 1324 1603
162 60 1324 103
165 61 1324 1257
166 62 1324 635
176 63 1324 1852
177 64 1324 684
177 65 1324 264
178 66 1324 734
178 67 1324 382
178 68 1324 124
182 69 1324 1484
182 70 1324 321
182 71 1324 249
192 72 1324 1832
197 74 1324 59
197 73 1324 1577
202 75 1324 1576
203 76 1324 666
207 77 1324 1393
208 78 1324 816
211 79 1324 1192
211 80 1324 189
212 81 1324 853
212 82 1324 415
224 83 1324 1873
226 84 1324 1134
232 86 1324 472
232 85 1324 1612
241 87 1324 1822
242 88 1324 828
244 89 1324 1092
246 90 1324 970
254 91 1324 1791
260 92 1324 1670
261 93 1324 621
262 94 1324 614
263 95 1324 528
265 96 1324 941
274 97 1324 1807
280 98 1324 1659
283 99 1324 1222
283 100 1324 43
284 101 1324 866
285 102 1324 500
292 103 1324 1741
294 104 1324 960
299 105 1324 1514
300 106 1324 628
300 107 1324 158
301 108 1324 663
301 109 1324 467
307 110 1324 1665
307 111 1324 71
313 112 1324 1642
316 113 1324 1206
320 114 1324 1414
323 115 1324 1174
324 116 1324 842
325 117 1324 686
326 118 1324 718
328 119 1324 997
335 120 1324 1717
336 121 1324 836
340 122 1324 1479
342 123 1324 956
343 124 1324 514
343 125 1324 454
344 126 1324 503
347 127 1324 1211
349 128 1324 963
353 129 1324 1455
354 130 1324 634
355 131 1324 784
361 132 1324 1659
366 133 1324 1519
369 134 1324 1148
372 135 1324 1248
372 136 1324 353
373 137 1324 598
375 138 1324 913
380 139 1324 1545
382 140 1324 983
382 141 1324 314
385 143 1324 360
385 142 1324 1159
389 144 1324 1351
391 145 1324 898
391 146 1324 148
391 147 1324 463
393 148 1324 1132
397 149 1324 1365
403 151 1324 255
403 150 1324 1610
405 152 1324 1089
406 153 1324 662
410 154 1324 1429
412 155 1324 1132
415 156 1324 1312
419 157 1324 1468
422 158 1324 1227
423 159 1324 506
425 160 1324 1010
428 161 1324 1342
430 162 1324 1120
432 163 1324 1132
440 164 1324 1757
442 165 1324 881
442 166 1324 336
442 167 1324 122
442 168 1324 58
442 169 1324 166
443 170 1324 821
443 171 1324 244
450 172 1324 1698
452 173 1324 1097
452 174 1324 13
456 175 1324 1403
461 176 1324 1602
463 177 1324 1118
468 178 1324 1530
473 182 1324 78
473 181 1324 40
473 179 1324 1540
473 180 1324 305
478 183 1324 1522
486 184 1324 1770
486 185 1324 379
492 186 1324 1619
494 189 1324 15
494 187 1324 997
494 188 1324 90
505 190 1324 1860
506 191 1324 809
509 192 1324 1295
509 193 1324 406
510 194 1324 534
515 195 1324 1566
517 196 1324 1118
517 197 1324 26
518 198 1324 528
518 199 1324 470
519 202 1324 405
519 201 1324 26
519 200 1324 562
521 203 1324 966
522 204 1324 544
526 205 1324 1366
526 206 1324 481
544 207 1324 1916
545 208 1324 648
545 209 1324 26
549 211 1324 194
549 210 1324 1454
560 212 1324 1863
566 213 1324 1612
566 214 1324 200
568 215 1324 970
571 216 1324 1263
576 217 1324 1522
579 218 1324 1287
583 219 1324 1377
586 220 1324 1186
589 221 1324 1263
589 222 1324 32
589 223 1324 42
589 224 1324 230
589 225 1324 11
591 226 1324 873
594 227 1324 1291
595 229 1324 372
595 230 1324 284
595 228 1324 562
600 231 1324 1575
601 232 1324 589
603 233 1324 1059
605 234 1324 977
605 235 1324 279
610 236 1324 1559
612 237 1324 1037
614 239 1324 404
614 238 1324 978
623 240 1324 1823
629 241 1324 1628
629 242 1324 349
629 243 1324 63
629 244 1324 485
635 245 1324 1666
637 246 1324 871
643 248 1324 206
643 247 1324 1608
647 249 1324 1489
647 250 1324 302
652 251 1324 1521
653 252 1324 664
655 253 1324 1075
658 254 1324 1208
661 255 1324 1223
680 257 1324 363
680 256 1324 1919
681 258 1324 735
682 259 1324 532
682 260 1324 492
684 261 1324 1115
688 262 1324 1354
688 263 1324 275
694 264 1324 1666
703 265 1324 1804
708 266 1324 1529
709 267 1324 803
710 268 1324 634
720 269 1324 1845
723 270 1324 1336
723 271 1324 225
724 272 1324 543
726 273 1324 882
730 274 1324 1479
734 275 1324 1483
736 276 1324 914
749 277 1324 1893
753 278 1324 1481
753 279 1324 488
755 280 1324 1064
758 281 1324 1190
760 282 1324 1084
762 283 1324 998
762 284 1324 69
763 285 1324 688
765 286 1324 911
769 287 1324 1439
777 288 1324 1776
783 289 1324 1679
783 290 1324 285
786 291 1324 1196
786 292 1324 301
786 293 1324 445
796 294 1324 1836
797 295 1324 707
797 296 1324 274
797 297 1324 73
797 298 1324 322
798 299 1324 606
798 300 1324 137
798 301 1324 68
800 304 1324 153
800 305 1324 76
800 302 1324 973
800 303 1324 286
802 306 1324 977
