4 0 1874 1435
5 1 1874 813
7 2 1874 985
11 3 1874 1456
16 4 1874 1544
16 5 1874 459
16 6 1874 336
18 7 1874 1074
21 8 1874 1229
23 9 1874 921
38 10 1874 1907
38 11 1874 36
39 12 1874 681
39 13 1874 384
45 14 1874 1621
45 15 1874 152
46 16 1874 603
50 17 1874 1354
51 18 1874 841
59 19 1874 1786
64 20 1874 1515
64 21 1874 316
67 22 1874 1339
70 23 1874 1340
71 24 1874 582
77 25 1874 1629
87 26 1874 1830
92 27 1874 1528
106 28 1874 1896
107 29 1874 730
107 30 1874 113
108 31 1874 743
117 32 1874 1800
129 33 1874 1882
129 34 1874 246
130 35 1874 829
130 36 1874 484
135 37 1874 1589
136 38 1874 710
142 39 1874 1652
145 40 1874 1300
145 41 1874 475
146 42 1874 521
151 43 1874 1512
151 44 1874 300
151 45 1874 398
152 47 1874 203
152 46 1874 715
157 48 1874 1556
172 49 1874 1908
172 50 1874 442
172 51 1874 188
188 52 1874 1913
188 53 1874 31
191 54 1874 1235
193 55 1874 1119
197 56 1874 1398
202 57 1874 1569
204 58 1874 874
214 59 1874 1840
215 60 1874 553
216 61 1874 732
218 62 1874 1103
219 63 1874 499
220 64 1874 808
223 66 1874 161
223 65 1874 1163
224 67 1874 723
224 68 1874 138
225 69 1874 792
230 70 1874 1592
232 71 1874 939
233 72 1874 643
235 74 1874 485
235 73 1874 1114
237 75 1874 1039
244 76 1874 1720
252 77 1874 1752
254 78 1874 1040
254 79 1874 184
256 80 1874 914
262 81 1874 1626
276 82 1874 1897
292 83 1874 1912
292 84 1874 287
302 85 1874 1850
303 86 1874 755
311 87 1874 1768
312 88 1874 646
314 89 1874 1052
318 90 1874 1355
319 91 1874 839
320 92 1874 715
321 93 1874 795
323 94 1874 1098
324 95 1874 568
327 96 1874 1297
327 97 1874 21
328 98 1874 703
330 99 1874 1061
330 100 1874 236
348 101 1874 1916
348 102 1874 65
349 104 1874 315
349 103 1874 763
353 105 1874 1428
357 106 1874 1469
358 107 1874 798
362 108 1874 1471
362 109 1874 195
365 110 1874 1323
370 111 1874 1571
371 112 1874 529
372 113 1874 689
374 114 1874 926
375 115 1874 851
376 116 1874 760
378 117 1874 1116
378 118 1874 211
380 119 1874 883
380 120 1874 408
380 121 1874 318
380 122 1874 76
382 123 1874 1010
386 124 1874 1362
387 125 1874 753
387 126 1874 224
395 127 1874 1773
395 128 1874 15
405 129 1874 1842
411 130 1874 1667
418 131 1874 1698
420 132 1874 1048
435 133 1874 1904
447 134 1874 1872
449 135 1874 922
454 136 1874 1561
456 137 1874 1133
461 138 1874 1597
462 139 1874 784
462 140 1874 380
474 142 1874 296
474 143 1874 451
474 141 1874 1881
480 144 1874 1653
487 145 1874 1708
487 146 1874 310
487 147 1874 25
495 148 1874 1794
495 149 1874 246
502 151 1874 181
502 150 1874 1732
509 152 1874 1734
516 153 1874 1745
517 154 1874 652
527 155 1874 1843
537 156 1874 1839
539 157 1874 979
542 158 1874 1325
546 159 1874 1487
549 160 1874 1204
555 161 1874 1621
556 162 1874 783
561 163 1874 1554
561 164 1874 452
566 165 1874 1550
567 166 1874 523
568 167 1874 549
569 168 1874 742
569 169 1874 3
572 170 1874 1215
577 171 1874 1551
581 172 1874 1443
585 173 1874 1352
586 174 1874 502
586 175 1874 451
586 176 1874 21
591 177 1874 1550
594 178 1874 1282
599 180 1874 442
599 181 1874 198
599 179 1874 1579
614 182 1874 1903
621 183 1874 1694
621 184 1874 109
625 185 1874 1486
638 186 1874 1888
641 187 1874 1228
644 189 1874 28
644 188 1874 1251
646 190 1874 1008
647 191 1874 581
654 192 1874 1733
654 193 1874 109
659 194 1874 1504
660 195 1874 684
662 196 1874 1098
663 197 1874 667
687 198 1874 1923
687 199 1874 102
690 200 1874 1185
696 201 1874 1685
699 202 1874 1208
707 203 1874 1790
709 204 1874 956
709 205 1874 181
710 206 1874 662
710 207 1874 382
713 208 1874 1242
713 209 1874 201
722 211 1874 288
722 210 1874 1822
728 212 1874 1622
734 213 1874 1671
736 214 1874 1044
738 215 1874 1005
744 216 1874 1642
746 217 1874 1014
750 218 1874 1444
752 219 1874 891
757 220 1874 1587
760 221 1874 1219
763 222 1874 1223
764 223 1874 713
766 224 1874 920
767 225 1874 633
774 226 1874 1743
777 227 1874 1333
785 228 1874 1773
792 229 1874 1743
795 230 1874 1277
798 231 1874 1278
803 232 1874 1551
806 233 1874 1179
806 234 1874 394
807 235 1874 682
809 236 1874 915
809 237 1874 112
810 238 1874 738
820 239 1874 1853
821 240 1874 824
826 241 1874 1506
842 242 1874 1910
844 243 1874 1050
844 244 1874 131
845 245 1874 719
847 246 1874 884
847 247 1874 62
849 249 1874 498
849 248 1874 990
851 250 1874 966
851 251 1874 84
854 252 1874 1148
856 253 1874 1032
856 254 1874 440
869 257 1874 495
869 255 1874 1890
869 256 1874 462
871 260 1874 363
871 258 1874 870
871 259 1874 322
874 261 1874 1253
875 262 1874 534
879 263 1874 1423
880 264 1874 848
881 265 1874 543
882 267 1874 442
882 266 1874 662
885 270 1874 90
885 268 1874 1276
885 269 1874 362
890 271 1874 1529
890 272 1874 276
895 273 1874 1516
895 274 1874 67
895 275 1874 81
898 276 1874 1233
898 277 1874 173
899 279 1874 200
899 278 1874 581
905 280 1874 1673
911 281 1874 1680
911 282 1874 343
914 283 1874 1274
915 284 1874 777
918 285 1874 1193
918 286 1874 130
919 287 1874 519
920 291 1874 419
920 290 1874 219
920 288 1874 739
920 289 1874 429
923 292 1874 1167
923 293 1874 415
927 294 1874 1490
932 295 1874 1495
934 296 1874 972
934 297 1874 487
934 298 1874 201
939 299 1874 1513
939 300 1874 57
939 301 1874 442
940 302 1874 710
941 303 1874 628
941 304 1874 408
945 305 1874 1361
952 306 1874 1733
