0 0 245 172
8 1 245 1773
9 2 245 748
12 3 245 1221
21 4 245 1806
26 5 245 1547
27 6 245 671
29 7 245 888
31 8 245 946
34 9 245 1241
34 10 245 256
49 11 245 1906
55 12 245 1640
64 13 245 1816
73 14 245 1803
73 15 245 319
75 17 245 255
75 18 245 400
75 16 245 968
77 19 245 1106
78 20 245 777
78 21 245 466
78 22 245 201
82 23 245 1366
83 24 245 655
85 25 245 954
87 26 245 969
91 27 245 1359
93 28 245 995
93 29 245 186
93 30 245 477
94 31 245 616
96 32 245 1117
100 33 245 1469
102 34 245 933
103 35 245 593
110 36 245 1744
114 37 245 1364
115 38 245 579
117 39 245 972
117 40 245 44
117 41 245 410
117 42 245 130
119 43 245 906
119 44 245 206
120 46 245 405
120 45 245 619
123 47 245 1236
123 48 245 418
124 49 245 829
127 50 245 1296
127 51 245 452
133 52 245 1631
133 53 245 12
136 54 245 1202
142 55 245 1630
147 56 245 1571
150 57 245 1307
151 58 245 566
152 59 245 852
153 60 245 578
156 61 245 1236
165 62 245 1818
166 63 245 759
167 64 245 764
172 65 245 1564
173 66 245 788
173 67 245 170
175 68 245 883
178 69 245 1209
179 70 245 499
184 71 245 1529
189 72 245 1600
193 73 245 1353
195 75 245 367
195 76 245 336
195 74 245 1061
198 77 245 1219
201 78 245 1160
201 79 245 35
202 80 245 548
208 81 245 1657
210 82 245 941
210 83 245 166
211 85 245 24
211 84 245 815
213 86 245 909
215 87 245 1105
215 88 245 267
218 89 245 1227
220 90 245 946
220 91 245 437
221 92 245 797
227 94 245 393
227 93 245 1651
228 95 245 733
229 96 245 517
232 97 245 1295
232 98 245 142
233 99 245 566
241 102 245 352
241 100 245 1755
241 101 245 235
243 104 245 329
243 103 245 1133
250 105 245 1691
251 106 245 776
251 107 245 278
253 108 245 875
254 109 245 834
257 111 245 352
257 112 245 146
257 110 245 1293
258 114 245 304
258 113 245 530
259 115 245 845
259 116 245 295
265 117 245 1651
276 118 245 1869
277 119 245 739
278 120 245 654
284 121 245 1608
293 122 245 1827
298 125 245 62
298 123 245 1580
298 124 245 262
299 126 245 731
311 127 245 1874
313 128 245 960
313 129 245 328
321 130 245 1775
323 131 245 966
325 132 245 1076
326 133 245 594
326 134 245 204
326 135 245 312
329 136 245 1305
336 137 245 1732
344 138 245 1762
346 139 245 1049
349 140 245 1173
350 142 245 229
350 141 245 631
354 143 245 1358
365 144 245 1858
366 145 245 594
366 146 245 290
366 147 245 267
370 148 245 1347
374 149 245 1472
374 150 245 438
375 151 245 790
379 152 245 1351
382 153 245 1328
392 154 245 1836
392 155 245 147
392 156 245 332
393 157 245 696
395 158 245 871
395 159 245 266
397 160 245 959
398 161 245 827
401 162 245 1243
402 163 245 547
404 164 245 983
404 165 245 327
407 166 245 1200
411 167 245 1477
411 168 245 325
429 169 245 1917
433 170 245 1465
433 171 245 487
442 172 245 1814
443 173 245 820
447 174 245 1491
447 175 245 23
451 176 245 1378
451 177 245 469
457 178 245 1646
462 179 245 1593
469 181 245 464
469 180 245 1697
470 182 245 526
474 183 245 1412
483 184 245 1815
485 185 245 984
490 186 245 1539
496 187 245 1673
497 189 245 57
497 188 245 682
512 190 245 1904
513 191 245 608
514 192 245 861
519 193 245 1495
519 194 245 89
519 195 245 345
522 196 245 1313
528 197 245 1607
528 198 245 374
533 199 245 1531
536 200 245 1319
537 201 245 738
548 202 245 1867
552 203 245 1355
552 204 245 6
564 205 245 1875
566 206 245 901
567 207 245 531
575 208 245 1762
584 209 245 1813
585 210 245 693
593 211 245 1788
595 212 245 974
598 213 245 1203
598 214 245 494
598 215 245 495
598 216 245 300
606 217 245 1755
607 218 245 657
632 219 245 1924
633 220 245 712
637 221 245 1452
638 222 245 794
638 223 245 267
638 224 245 12
639 225 245 856
644 226 245 1551
644 227 245 318
645 228 245 730
648 229 245 1145
649 230 245 634
656 231 245 1695
656 232 245 95
656 233 245 115
656 234 245 273
658 235 245 959
659 236 245 521
661 237 245 1096
665 238 245 1405
676 240 245 83
676 239 245 1864
678 241 245 1008
688 242 245 1835
689 243 245 794
692 244 245 1288
692 245 245 116
697 246 245 1559
702 247 245 1582
704 248 245 1001
709 250 245 45
709 249 245 1518
713 251 245 1483
715 252 245 950
715 253 245 375
716 254 245 819
724 255 245 1791
735 256 245 1868
740 257 245 1599
743 258 245 1342
745 260 245 323
745 259 245 1075
746 261 245 582
753 262 245 1725
754 263 245 617
757 264 245 1178
759 265 245 922
766 266 245 1693
767 267 245 859
769 268 245 929
773 269 245 1459
787 270 245 1899
789 271 245 1128
789 272 245 349
790 273 245 717
800 274 245 1840
806 275 245 1628
811 276 245 1541
843 277 245 1924
845 278 245 904
854 279 245 1821
857 280 245 1222
870 281 245 1893
873 282 245 1241
875 283 245 1136
877 284 245 1099
879 285 245 1076
880 286 245 745
886 287 245 1644
889 288 245 1221
889 289 245 407
891 290 245 1015
892 291 245 847
898 292 245 1679
898 293 245 330
903 294 245 1541
907 295 245 1425
910 296 245 1208
913 297 245 1218
918 298 245 1541
918 299 245 365
918 300 245 347
919 301 245 699
920 302 245 653
924 303 245 1466
929 304 245 1544
930 305 245 841
932 306 245 1133
