5 0 1238 1499
8 1 1238 1244
9 2 1238 821
21 3 1238 1883
24 4 1238 1344
29 5 1238 1498
31 6 1238 1123
31 7 1238 101
40 8 1238 1799
41 9 1238 603
41 10 1238 147
42 11 1238 728
42 12 1238 381
43 13 1238 533
45 14 1238 1109
45 15 1238 361
45 16 1238 53
46 17 1238 787
47 18 1238 667
48 19 1238 614
59 20 1238 1865
59 21 1238 365
60 22 1238 806
67 23 1238 1704
68 24 1238 741
73 26 1238 9
73 25 1238 1500
77 27 1238 1451
78 28 1238 527
83 29 1238 1567
84 30 1238 665
84 31 1238 305
85 32 1238 528
87 33 1238 992
91 34 1238 1362
91 35 1238 144
93 37 1238 313
93 36 1238 1014
94 38 1238 788
96 39 1238 1108
97 40 1238 546
97 41 1238 273
103 42 1238 1676
108 43 1238 1591
108 44 1238 363
111 45 1238 1320
112 46 1238 829
118 47 1238 1624
120 48 1238 934
120 49 1238 5
120 50 1238 382
122 51 1238 1007
122 52 1238 9
122 53 1238 52
126 54 1238 1409
128 56 1238 438
128 55 1238 1134
130 57 1238 1041
133 58 1238 1142
141 59 1238 1768
145 60 1238 1488
150 61 1238 1596
155 62 1238 1498
155 63 1238 231
166 64 1238 1862
174 65 1238 1767
174 66 1238 200
177 67 1238 1314
179 68 1238 1096
181 69 1238 965
184 70 1238 1271
190 71 1238 1664
215 72 1238 1924
219 74 1238 68
219 73 1238 1484
224 75 1238 1591
225 76 1238 613
227 77 1238 1139
230 78 1238 1341
234 79 1238 1346
235 80 1238 670
235 81 1238 310
236 82 1238 517
237 83 1238 521
240 84 1238 1185
245 87 1238 475
245 85 1238 1583
245 86 1238 295
250 88 1238 1508
250 89 1238 227
256 90 1238 1631
270 91 1238 1897
272 92 1238 1095
274 93 1238 944
279 94 1238 1545
281 95 1238 875
282 96 1238 699
286 97 1238 1445
292 98 1238 1654
293 99 1238 521
295 100 1238 1119
299 101 1238 1440
300 102 1238 528
313 103 1238 1893
314 104 1238 659
315 105 1238 642
317 106 1238 1008
317 107 1238 450
333 108 1238 1909
340 109 1238 1742
341 110 1238 521
344 111 1238 1223
350 112 1238 1625
357 113 1238 1721
359 114 1238 1097
362 115 1238 1177
364 116 1238 1079
366 117 1238 977
368 118 1238 970
368 119 1238 279
372 120 1238 1471
378 121 1238 1649
385 122 1238 1730
387 123 1238 868
390 124 1238 1258
393 125 1238 1299
394 126 1238 569
396 127 1238 979
407 128 1238 1864
409 129 1238 1117
411 130 1238 892
413 131 1238 1093
417 132 1238 1410
418 134 1238 226
418 133 1238 820
421 135 1238 1155
428 136 1238 1707
429 137 1238 548
437 138 1238 1787
438 139 1238 543
439 140 1238 574
447 141 1238 1770
447 142 1238 491
454 143 1238 1690
460 144 1238 1631
460 145 1238 408
460 146 1238 271
463 147 1238 1299
471 148 1238 1772
471 149 1238 367
478 150 1238 1720
484 151 1238 1647
484 152 1238 474
488 153 1238 1374
490 154 1238 974
494 155 1238 1395
500 156 1238 1634
505 157 1238 1584
506 158 1238 635
509 159 1238 1284
509 160 1238 73
509 161 1238 29
510 162 1238 510
511 163 1238 791
512 164 1238 850
516 165 1238 1353
523 166 1238 1737
524 167 1238 805
528 168 1238 1495
539 169 1238 1867
543 170 1238 1395
544 171 1238 531
546 172 1238 1115
546 173 1238 427
552 174 1238 1629
558 175 1238 1625
561 176 1238 1158
561 177 1238 40
564 178 1238 1162
565 179 1238 850
567 180 1238 1027
570 181 1238 1194
572 182 1238 1132
577 183 1238 1496
580 184 1238 1322
583 185 1238 1170
584 186 1238 618
584 187 1238 36
592 188 1238 1770
593 189 1238 756
597 191 1238 122
597 190 1238 1445
607 192 1238 1838
608 193 1238 502
608 194 1238 469
609 195 1238 545
612 196 1238 1259
618 197 1238 1624
619 198 1238 840
619 199 1238 278
620 200 1238 596
624 201 1238 1391
631 202 1238 1729
641 203 1238 1829
643 204 1238 897
646 205 1238 1189
647 206 1238 532
647 207 1238 47
653 208 1238 1670
656 210 1238 236
656 209 1238 1274
661 211 1238 1594
661 212 1238 422
668 213 1238 1709
668 214 1238 257
669 215 1238 803
670 216 1238 822
672 217 1238 938
676 218 1238 1394
681 219 1238 1605
682 220 1238 734
689 221 1238 1701
691 222 1238 960
692 223 1238 738
692 224 1238 422
695 225 1238 1272
696 226 1238 617
697 227 1238 612
709 228 1238 1882
711 230 1238 365
711 229 1238 1084
715 231 1238 1458
717 232 1238 1125
719 233 1238 883
719 234 1238 254
724 235 1238 1560
728 236 1238 1390
731 237 1238 1227
732 239 1238 132
732 238 1238 599
733 240 1238 637
734 241 1238 570
734 242 1238 290
734 243 1238 496
735 244 1238 519
743 245 1238 1775
749 248 1238 244
749 247 1238 128
749 246 1238 1625
754 249 1238 1591
760 250 1238 1648
760 251 1238 321
760 252 1238 230
763 253 1238 1159
767 254 1238 1468
768 256 1238 430
768 255 1238 819
770 257 1238 990
774 258 1238 1407
779 259 1238 1550
780 260 1238 571
790 261 1238 1844
790 262 1238 89
791 263 1238 586
793 264 1238 908
794 266 1238 469
794 265 1238 702
798 267 1238 1463
802 268 1238 1454
803 269 1238 621
806 270 1238 1338
811 271 1238 1519
811 272 1238 339
814 273 1238 1261
816 274 1238 967
816 275 1238 163
820 278 1238 219
820 277 1238 464
820 276 1238 1410
821 279 1238 571
826 280 1238 1571
826 281 1238 489
826 282 1238 367
826 283 1238 291
830 284 1238 1360
830 285 1238 44
833 286 1238 1228
846 287 1238 1890
849 288 1238 1340
853 289 1238 1359
855 290 1238 1130
855 291 1238 399
862 292 1238 1745
864 293 1238 974
868 294 1238 1486
869 296 1238 481
869 295 1238 718
875 297 1238 1629
880 298 1238 1512
887 299 1238 1741
890 300 1238 1306
890 301 1238 162
891 302 1238 598
896 304 1238 252
896 305 1238 129
896 303 1238 1548
911 306 1238 1906
