7 0 138 1727
8 1 138 536
11 2 138 1224
12 3 138 815
12 4 138 152
12 5 138 110
15 6 138 1280
16 9 138 314
16 8 138 109
16 7 138 738
17 10 138 836
17 11 138 395
17 12 138 108
19 13 138 955
25 14 138 1629
35 15 138 1838
36 16 138 616
38 17 138 910
46 18 138 1776
50 19 138 1469
55 20 138 1596
55 21 138 177
55 22 138 261
62 23 138 1702
66 24 138 1394
73 25 138 1701
76 27 138 347
76 26 138 1162
80 28 138 1494
86 29 138 1652
89 30 138 1193
100 31 138 1870
103 32 138 1255
103 33 138 316
107 34 138 1379
108 35 138 853
113 36 138 1506
123 37 138 1837
125 38 138 1081
129 39 138 1440
133 40 138 1354
141 41 138 1770
146 42 138 1581
149 43 138 1262
150 44 138 510
151 45 138 505
153 46 138 991
154 47 138 517
158 48 138 1363
158 49 138 185
163 50 138 1585
166 51 138 1241
168 52 138 1096
168 53 138 246
177 54 138 1820
182 56 138 274
182 55 138 1550
186 57 138 1447
190 58 138 1345
190 59 138 375
192 60 138 872
194 61 138 932
197 62 138 1169
197 63 138 381
199 64 138 1045
201 65 138 890
203 66 138 1065
210 67 138 1717
215 68 138 1501
216 69 138 775
216 70 138 332
217 71 138 703
225 73 138 335
225 74 138 115
225 72 138 1754
233 75 138 1751
234 76 138 521
236 77 138 924
239 78 138 1191
241 79 138 889
242 80 138 710
243 81 138 645
245 82 138 909
248 83 138 1308
248 84 138 67
260 85 138 1877
261 86 138 773
263 87 138 1008
263 88 138 420
271 89 138 1753
272 90 138 579
272 91 138 58
272 92 138 491
273 93 138 705
274 95 138 421
274 94 138 568
275 96 138 600
278 97 138 1199
278 98 138 216
283 99 138 1544
287 100 138 1365
290 101 138 1199
292 102 138 941
293 103 138 588
301 104 138 1778
303 105 138 882
307 106 138 1411
308 107 138 761
308 108 138 130
308 109 138 68
310 110 138 1029
313 112 138 255
313 113 138 456
313 111 138 1275
318 116 138 23
318 114 138 1590
318 115 138 226
326 117 138 1786
326 118 138 314
328 119 138 1093
328 120 138 117
328 121 138 56
331 122 138 1296
337 126 138 212
337 125 138 274
337 124 138 196
337 123 138 1672
339 127 138 1048
346 128 138 1692
352 129 138 1618
355 130 138 1151
358 131 138 1246
359 132 138 707
364 133 138 1572
368 134 138 1449
372 135 138 1435
378 136 138 1628
378 137 138 321
382 138 138 1454
384 139 138 1110
384 140 138 465
384 141 138 12
386 142 138 877
386 143 138 352
387 144 138 723
390 145 138 1228
397 146 138 1728
397 147 138 35
399 148 138 1040
399 149 138 341
399 150 138 398
400 151 138 738
402 152 138 885
404 153 138 1048
408 154 138 1427
411 155 138 1308
420 156 138 1827
423 157 138 1193
423 158 138 391
428 159 138 1504
429 160 138 669
429 161 138 363
431 163 138 437
431 162 138 994
432 164 138 842
439 165 138 1707
440 166 138 568
441 167 138 607
443 168 138 931
443 169 138 154
444 170 138 522
450 172 138 332
450 171 138 1626
452 173 138 1129
453 174 138 628
453 175 138 104
455 176 138 1103
457 177 138 944
459 178 138 948
461 182 138 8
461 181 138 176
461 179 138 892
461 180 138 470
465 183 138 1350
468 184 138 1219
468 185 138 413
468 186 138 361
473 188 138 145
473 187 138 1584
473 189 138 140
478 191 138 435
478 190 138 1533
489 192 138 1854
501 193 138 1875
501 194 138 440
501 195 138 101
503 196 138 943
503 197 138 440
507 198 138 1434
509 199 138 940
510 200 138 660
512 201 138 1120
514 202 138 1028
516 203 138 885
523 204 138 1744
524 205 138 696
524 206 138 406
530 207 138 1680
530 208 138 419
533 210 138 205
533 209 138 1322
535 211 138 883
535 212 138 245
539 213 138 1423
541 214 138 1033
541 215 138 493
541 216 138 354
546 217 138 1568
549 219 138 429
549 218 138 1142
553 220 138 1346
555 221 138 908
555 222 138 462
556 223 138 791
557 224 138 546
557 225 138 87
564 226 138 1697
564 227 138 381
565 228 138 689
566 229 138 526
568 230 138 1086
569 231 138 663
573 232 138 1434
573 233 138 7
573 234 138 232
576 235 138 1274
578 236 138 1072
580 237 138 1048
585 238 138 1531
586 240 138 6
586 239 138 522
587 241 138 605
590 242 138 1164
591 243 138 747
602 244 138 1860
603 245 138 649
603 246 138 189
603 247 138 431
604 248 138 841
615 249 138 1871
621 250 138 1672
624 251 138 1299
627 252 138 1222
629 253 138 1005
634 254 138 1519
640 255 138 1676
641 257 138 237
641 258 138 338
641 256 138 658
647 259 138 1656
649 260 138 924
649 261 138 24
651 262 138 991
660 263 138 1818
660 264 138 236
664 265 138 1467
668 266 138 1374
668 267 138 237
671 268 138 1191
677 269 138 1683
681 270 138 1345
684 271 138 1231
684 272 138 37
685 273 138 620
685 274 138 422
686 275 138 740
692 276 138 1669
698 277 138 1639
699 278 138 856
708 279 138 1822
717 280 138 1822
720 281 138 1266
724 282 138 1464
725 283 138 742
726 284 138 779
733 285 138 1711
737 289 138 480
737 288 138 413
737 287 138 428
737 286 138 1365
738 290 138 616
739 291 138 835
740 292 138 709
749 293 138 1799
754 294 138 1523
769 295 138 1906
774 296 138 1539
777 297 138 1271
778 298 138 511
778 299 138 392
781 300 138 1200
793 301 138 1877
796 302 138 1165
798 303 138 1083
799 304 138 526
799 305 138 441
802 306 138 1261
