0 0 844 241
0 1 844 419
4 2 844 1356
13 3 844 1798
20 4 844 1747
22 5 844 935
23 6 844 524
31 7 844 1792
34 8 844 1163
38 9 844 1449
53 10 844 1903
54 11 844 750
59 12 844 1594
59 13 844 296
73 14 844 1900
73 15 844 377
76 16 844 1147
76 17 844 368
85 19 844 417
85 18 844 1796
88 20 844 1260
92 21 844 1484
92 22 844 116
95 23 844 1168
95 24 844 239
96 25 844 822
97 26 844 517
97 27 844 144
99 28 844 925
108 29 844 1820
108 30 844 208
112 31 844 1359
114 32 844 1010
124 33 844 1853
124 34 844 166
128 35 844 1373
129 38 844 420
129 37 844 367
129 36 844 550
131 39 844 1042
133 40 844 907
133 41 844 31
137 42 844 1467
149 43 844 1884
152 44 844 1201
159 46 844 40
159 45 844 1713
160 47 844 502
162 48 844 868
163 49 844 857
165 50 844 957
170 51 844 1578
170 52 844 233
170 53 844 340
173 54 844 1211
174 57 844 188
174 56 844 303
174 55 844 681
179 58 844 1559
181 59 844 925
181 60 844 417
181 61 844 380
182 62 844 867
185 63 844 1267
188 64 844 1241
189 65 844 543
195 66 844 1664
201 67 844 1665
201 68 844 129
202 69 844 527
210 70 844 1752
211 71 844 780
223 72 844 1873
224 73 844 753
228 74 844 1435
231 77 844 156
231 76 844 17
231 75 844 1228
244 78 844 1891
244 79 844 451
245 80 844 781
245 81 844 15
248 82 844 1200
248 83 844 68
249 84 844 863
250 85 844 554
252 86 844 1126
253 87 844 670
254 88 844 642
258 89 844 1409
260 90 844 1069
260 91 844 361
261 92 844 733
265 93 844 1419
266 94 844 625
267 95 844 527
269 96 844 1089
269 97 844 200
270 98 844 643
271 99 844 657
271 100 844 48
271 101 844 300
271 102 844 373
271 103 844 341
273 105 844 177
273 104 844 1030
279 106 844 1629
283 107 844 1404
284 108 844 829
299 109 844 1907
300 110 844 664
300 111 844 147
300 112 844 222
302 115 844 402
302 114 844 143
302 113 844 1107
304 116 844 1104
305 117 844 799
305 118 844 404
306 119 844 686
309 120 844 1342
311 121 844 994
313 122 844 1023
314 123 844 644
318 124 844 1382
322 125 844 1390
322 126 844 46
322 127 844 453
322 128 844 127
324 129 844 908
324 130 844 139
331 131 844 1741
335 132 844 1437
338 135 844 481
338 133 844 1234
338 134 844 402
343 136 844 1566
344 137 844 858
346 138 844 963
347 139 844 685
348 140 844 850
354 141 844 1646
362 142 844 1765
363 143 844 659
364 144 844 745
366 145 844 922
366 146 844 139
371 147 844 1551
374 148 844 1276
374 149 844 223
378 151 844 290
378 150 844 1347
385 152 844 1721
397 153 844 1882
400 154 844 1240
402 155 844 979
405 156 844 1201
411 157 844 1654
413 158 844 884
418 159 844 1564
418 160 844 131
421 161 844 1175
424 162 844 1276
434 163 844 1846
442 164 844 1768
443 165 844 847
444 166 844 634
446 167 844 913
447 168 844 705
452 169 844 1586
453 170 844 760
453 171 844 245
461 172 844 1761
467 173 844 1643
475 174 844 1760
481 175 844 1620
484 176 844 1153
484 177 844 363
493 178 844 1824
493 179 844 460
496 181 844 420
496 180 844 1251
498 182 844 1102
508 183 844 1829
512 184 844 1485
520 185 844 1773
520 186 844 20
524 187 844 1479
543 188 844 1918
547 189 844 1348
550 190 844 1204
560 191 844 1837
574 192 844 1899
577 193 844 1323
578 194 844 554
583 195 844 1599
583 196 844 369
593 197 844 1844
594 198 844 816
603 200 844 287
603 199 844 1822
606 201 844 1151
607 202 844 845
613 203 844 1614
617 204 844 1387
619 208 844 121
619 205 844 1102
619 206 844 454
619 207 844 77
624 209 844 1545
632 210 844 1750
633 211 844 838
641 212 844 1754
641 213 844 424
641 214 844 313
647 215 844 1635
647 216 844 72
651 217 844 1372
651 218 844 360
670 219 844 1919
671 220 844 827
673 221 844 1079
675 222 844 919
678 223 844 1281
678 224 844 381
679 225 844 847
679 226 844 270
679 227 844 437
681 228 844 1089
681 229 844 160
684 230 844 1250
687 231 844 1234
691 232 844 1472
691 233 844 1
691 234 844 172
691 235 844 99
696 236 844 1499
700 238 844 441
700 239 844 383
700 237 844 1413
703 240 844 1319
714 241 844 1867
718 242 844 1357
718 243 844 373
723 244 844 1522
723 245 844 366
723 246 844 82
727 247 844 1475
729 248 844 1010
730 249 844 843
735 250 844 1526
737 251 844 922
741 252 844 1483
742 253 844 821
744 254 844 995
746 255 844 1132
746 256 844 231
750 257 844 1489
753 258 844 1232
754 259 844 539
755 260 844 831
755 261 844 16
757 262 844 913
769 263 844 1885
769 264 844 294
770 265 844 515
773 266 844 1290
781 270 844 136
781 269 844 213
781 268 844 251
781 267 844 1753
782 271 844 584
784 272 844 930
798 273 844 1902
799 274 844 600
801 275 844 884
807 276 844 1647
808 277 844 545
814 279 844 14
814 278 844 1684
815 280 844 765
816 281 844 720
820 282 844 1352
820 283 844 245
821 284 844 559
821 285 844 327
827 286 844 1676
828 287 844 651
830 288 844 931
832 289 844 965
840 290 844 1792
840 291 844 10
840 292 844 180
849 293 844 1826
853 294 844 1476
856 295 844 1302
858 296 844 954
862 298 844 78
862 297 844 1396
864 299 844 1007
866 300 844 1001
866 301 844 254
869 302 844 1223
870 303 844 796
871 304 844 707
873 305 844 942
891 306 844 1917
