11 0 459 1870
23 1 459 1885
32 2 459 1803
33 3 459 680
33 4 459 172
36 5 459 1205
39 6 459 1178
46 7 459 1693
49 9 459 256
49 8 459 1272
51 10 459 885
52 11 459 677
55 12 459 1320
77 13 459 1922
78 14 459 602
78 15 459 24
79 18 459 2
79 17 459 331
79 16 459 857
82 19 459 1157
83 20 459 540
88 21 459 1570
89 22 459 783
95 23 459 1653
101 24 459 1658
101 25 459 107
102 26 459 819
103 27 459 801
103 28 459 170
103 29 459 403
103 30 459 183
103 31 459 209
103 32 459 325
109 33 459 1680
111 34 459 949
116 35 459 1538
117 36 459 724
119 37 459 1021
121 38 459 953
124 39 459 1145
125 40 459 814
125 41 459 270
130 42 459 1569
134 43 459 1453
134 44 459 76
139 45 459 1580
142 46 459 1303
147 47 459 1603
149 48 459 915
153 49 459 1380
155 50 459 955
159 51 459 1395
164 52 459 1496
166 54 459 419
166 55 459 299
166 53 459 1047
168 56 459 1102
168 57 459 149
170 58 459 947
170 59 459 65
170 60 459 385
170 61 459 377
175 62 459 1523
177 64 459 72
177 63 459 868
178 65 459 676
178 66 459 352
183 67 459 1564
185 68 459 973
187 69 459 989
190 70 459 1224
198 71 459 1761
201 72 459 1303
202 76 459 1
202 75 459 270
202 74 459 342
202 73 459 781
205 77 459 1254
210 78 459 1577
210 79 459 78
211 80 459 728
213 81 459 1140
222 82 459 1810
223 83 459 714
227 84 459 1373
228 85 459 713
229 86 459 637
232 87 459 1202
235 88 459 1261
236 89 459 649
236 90 459 435
237 91 459 574
237 92 459 73
239 93 459 888
240 94 459 759
240 95 459 437
241 96 459 672
242 97 459 700
246 98 459 1381
249 99 459 1325
252 100 459 1227
258 101 459 1663
259 102 459 630
269 104 459 156
269 103 459 1850
271 105 459 1119
271 106 459 92
272 107 459 714
273 108 459 705
273 109 459 149
273 110 459 297
281 111 459 1773
281 112 459 497
283 113 459 869
286 114 459 1261
289 115 459 1170
289 116 459 491
290 117 459 808
294 118 459 1420
297 119 459 1283
297 120 459 38
299 123 459 323
299 122 459 303
299 121 459 1075
300 124 459 553
301 125 459 649
307 126 459 1687
307 127 459 415
307 128 459 22
317 129 459 1830
322 130 459 1522
325 131 459 1226
334 132 459 1798
334 133 459 252
335 134 459 775
337 135 459 989
338 136 459 510
350 137 459 1885
351 138 459 558
351 139 459 254
352 140 459 621
362 141 459 1848
362 142 459 497
364 143 459 1111
364 144 459 352
365 145 459 587
365 146 459 77
367 147 459 1129
372 148 459 1551
377 149 459 1514
388 150 459 1870
396 151 459 1788
399 153 459 97
399 152 459 1204
402 154 459 1286
402 155 459 152
406 156 459 1360
406 157 459 306
409 158 459 1296
413 159 459 1431
417 160 459 1356
422 161 459 1601
423 162 459 692
424 163 459 799
425 164 459 551
427 165 459 996
441 166 459 1899
441 167 459 244
441 168 459 93
441 169 459 272
442 170 459 659
443 172 459 250
443 171 459 531
446 173 459 1166
447 174 459 662
447 175 459 115
448 176 459 577
450 177 459 1116
464 178 459 1896
477 179 459 1891
478 180 459 572
479 181 459 557
480 182 459 788
480 183 459 432
492 184 459 1884
498 185 459 1658
498 186 459 21
505 187 459 1701
507 188 459 890
508 189 459 622
513 191 459 204
513 190 459 1554
514 192 459 588
516 193 459 1052
517 194 459 822
519 195 459 944
522 196 459 1155
528 197 459 1622
529 198 459 560
532 199 459 1280
533 200 459 612
541 201 459 1757
543 202 459 1035
546 203 459 1279
547 204 459 855
550 205 459 1339
555 206 459 1538
555 207 459 38
559 208 459 1359
562 209 459 1170
567 212 459 335
567 210 459 1499
567 211 459 243
570 213 459 1330
571 214 459 858
572 215 459 798
573 216 459 813
573 217 459 259
574 218 459 839
575 219 459 818
577 220 459 974
577 221 459 198
580 222 459 1278
584 223 459 1396
585 224 459 643
585 225 459 455
596 226 459 1868
598 227 459 1123
598 228 459 343
604 229 459 1642
606 230 459 885
608 231 459 880
609 232 459 556
610 233 459 615
613 234 459 1279
614 235 459 739
618 236 459 1447
622 237 459 1434
627 238 459 1502
628 240 459 120
628 239 459 545
643 241 459 1908
643 242 459 341
649 243 459 1645
651 244 459 1047
654 245 459 1310
662 246 459 1794
665 250 459 131
665 249 459 23
665 248 459 193
665 247 459 1183
667 251 459 895
668 252 459 782
674 253 459 1667
674 254 459 305
674 255 459 413
674 256 459 478
679 257 459 1564
680 259 459 400
680 258 459 636
684 260 459 1395
684 261 459 415
690 262 459 1619
696 263 459 1642
696 264 459 285
697 265 459 619
703 266 459 1612
709 269 459 118
709 267 459 1644
709 268 459 50
712 270 459 1276
715 271 459 1303
716 272 459 682
716 273 459 294
717 274 459 697
719 275 459 991
727 276 459 1782
732 278 459 348
732 277 459 1558
735 279 459 1257
736 280 459 585
737 281 459 684
739 282 459 929
739 283 459 320
744 284 459 1510
761 286 459 98
761 285 459 1914
762 287 459 814
762 288 459 310
763 289 459 865
763 290 459 261
772 291 459 1808
773 292 459 798
775 293 459 1102
777 294 459 1074
783 295 459 1629
783 296 459 288
784 297 459 623
788 298 459 1359
788 299 459 428
794 300 459 1622
794 301 459 149
796 303 459 74
796 302 459 1132
797 304 459 672
798 305 459 753
798 306 459 212
