0 0 1177 439
1 1 1177 595
3 2 1177 943
4 3 1177 678
7 4 1177 1183
7 5 1177 94
11 6 1177 1407
20 7 1177 1824
22 8 1177 1001
30 9 1177 1793
32 10 1177 1136
32 11 1177 196
33 12 1177 776
35 13 1177 973
36 14 1177 551
49 15 1177 1895
49 16 1177 228
54 17 1177 1596
57 18 1177 1209
58 19 1177 602
59 20 1177 516
59 21 1177 219
63 22 1177 1436
65 23 1177 905
65 24 1177 387
71 25 1177 1688
72 26 1177 672
73 28 1177 218
73 27 1177 605
76 29 1177 1329
81 30 1177 1561
84 31 1177 1146
92 32 1177 1755
94 33 1177 991
95 34 1177 678
97 35 1177 994
97 36 1177 288
99 37 1177 971
107 38 1177 1790
111 39 1177 1413
114 40 1177 1311
115 41 1177 776
117 42 1177 905
117 43 1177 386
125 44 1177 1753
127 45 1177 1031
128 47 1177 423
128 46 1177 561
129 48 1177 795
131 49 1177 1067
133 50 1177 943
137 51 1177 1389
137 52 1177 190
144 53 1177 1711
150 55 1177 220
150 54 1177 1635
152 58 1177 291
152 56 1177 1083
152 57 1177 38
156 59 1177 1420
160 60 1177 1346
161 61 1177 801
166 62 1177 1606
171 63 1177 1597
171 64 1177 232
188 66 1177 365
188 65 1177 1915
195 67 1177 1709
195 68 1177 294
199 69 1177 1482
205 70 1177 1607
208 71 1177 1182
215 72 1177 1730
222 73 1177 1721
225 74 1177 1215
231 75 1177 1665
234 76 1177 1238
236 77 1177 1049
238 78 1177 1076
241 79 1177 1280
243 80 1177 1126
243 81 1177 249
250 82 1177 1735
252 85 1177 171
252 84 1177 385
252 83 1177 1076
254 86 1177 955
254 87 1177 43
257 88 1177 1281
257 89 1177 458
267 90 1177 1835
267 91 1177 250
268 93 1177 369
268 94 1177 67
268 92 1177 679
269 95 1177 509
271 96 1177 1095
274 97 1177 1232
274 98 1177 154
282 99 1177 1763
283 100 1177 666
284 102 1177 128
284 101 1177 776
287 103 1177 1238
291 104 1177 1384
297 105 1177 1686
302 106 1177 1583
302 107 1177 394
302 108 1177 496
315 109 1177 1895
317 110 1177 907
317 111 1177 34
319 112 1177 886
321 114 1177 294
321 113 1177 936
323 115 1177 1096
325 116 1177 991
326 117 1177 529
329 118 1177 1212
329 119 1177 60
331 120 1177 959
331 121 1177 322
331 122 1177 428
339 123 1177 1761
344 124 1177 1571
348 125 1177 1357
349 126 1177 502
353 127 1177 1361
359 128 1177 1653
360 129 1177 706
361 130 1177 570
361 131 1177 5
363 132 1177 895
366 133 1177 1237
367 134 1177 614
367 135 1177 349
367 136 1177 121
367 137 1177 496
373 138 1177 1617
374 139 1177 623
375 140 1177 512
376 141 1177 561
380 142 1177 1472
383 143 1177 1310
387 144 1177 1476
396 145 1177 1801
399 146 1177 1288
405 147 1177 1668
405 148 1177 75
407 149 1177 895
411 150 1177 1443
412 152 1177 20
412 153 1177 93
412 151 1177 565
413 154 1177 804
413 155 1177 343
413 156 1177 348
413 157 1177 292
418 158 1177 1592
418 159 1177 26
421 161 1177 222
421 160 1177 1184
422 162 1177 665
429 163 1177 1714
432 164 1177 1325
434 165 1177 901
436 166 1177 1064
441 167 1177 1573
441 168 1177 322
452 169 1177 1869
454 171 1177 494
454 170 1177 975
455 172 1177 837
456 173 1177 588
460 174 1177 1473
460 175 1177 397
461 176 1177 775
463 177 1177 1042
463 178 1177 285
470 179 1177 1694
470 180 1177 68
471 181 1177 759
474 182 1177 1285
475 183 1177 757
478 184 1177 1187
478 185 1177 4
494 186 1177 1910
495 189 1177 270
495 190 1177 1
495 187 1177 801
495 188 1177 433
503 191 1177 1754
504 192 1177 829
509 193 1177 1590
513 194 1177 1364
513 195 1177 290
522 196 1177 1821
528 197 1177 1682
544 198 1177 1910
545 199 1177 575
546 200 1177 737
552 201 1177 1640
556 202 1177 1345
556 203 1177 131
566 204 1177 1845
568 205 1177 949
574 206 1177 1652
578 207 1177 1357
579 209 1177 407
579 208 1177 545
583 210 1177 1493
586 211 1177 1231
586 212 1177 6
595 213 1177 1822
607 214 1177 1883
607 215 1177 425
608 216 1177 861
618 217 1177 1832
619 218 1177 527
622 219 1177 1320
624 220 1177 915
624 221 1177 262
626 222 1177 1140
626 223 1177 52
637 224 1177 1868
640 225 1177 1146
645 226 1177 1589
648 227 1177 1172
651 228 1177 1149
654 229 1177 1182
655 230 1177 501
657 231 1177 1017
659 232 1177 1056
665 233 1177 1635
667 234 1177 957
667 235 1177 353
670 236 1177 1338
673 237 1177 1154
674 240 1177 277
674 238 1177 837
674 239 1177 238
675 241 1177 553
675 242 1177 255
675 243 1177 26
676 244 1177 702
677 245 1177 695
684 246 1177 1747
686 247 1177 932
692 248 1177 1632
694 249 1177 939
698 250 1177 1353
715 251 1177 1913
718 252 1177 1154
719 253 1177 590
724 254 1177 1584
724 255 1177 474
725 256 1177 499
728 257 1177 1293
728 258 1177 188
729 259 1177 699
732 260 1177 1284
732 261 1177 480
732 262 1177 208
735 263 1177 1287
745 266 1177 174
745 267 1177 296
745 264 1177 1830
745 265 1177 475
746 268 1177 864
751 269 1177 1529
753 270 1177 1011
759 271 1177 1632
761 272 1177 995
761 273 1177 289
763 276 1177 6
763 275 1177 362
763 274 1177 1043
765 277 1177 1114
768 278 1177 1275
771 279 1177 1172
774 280 1177 1324
775 281 1177 657
779 282 1177 1465
779 283 1177 209
787 284 1177 1754
788 285 1177 512
796 286 1177 1787
796 287 1177 465
796 288 1177 50
796 289 1177 482
804 290 1177 1778
804 291 1177 45
806 292 1177 966
806 293 1177 137
808 294 1177 878
815 296 1177 345
815 295 1177 1721
817 297 1177 893
817 298 1177 120
817 299 1177 226
818 300 1177 520
822 301 1177 1450
822 302 1177 67
822 303 1177 102
832 304 1177 1852
838 305 1177 1646
840 306 1177 918
