3 0 1244 1184
3 1 1244 92
11 2 1244 1754
11 3 1244 347
13 4 1244 906
20 5 1244 1706
21 6 1244 585
23 7 1244 1112
28 8 1244 1521
34 11 1244 171
34 9 1244 1626
34 10 1244 245
36 12 1244 981
36 13 1244 156
36 14 1244 146
38 15 1244 1069
39 16 1244 641
43 17 1244 1364
47 19 1244 245
47 18 1244 1449
57 20 1244 1851
63 21 1244 1674
73 22 1244 1836
73 23 1244 241
79 24 1244 1646
80 25 1244 822
87 26 1244 1735
87 27 1244 92
88 28 1244 803
95 29 1244 1722
102 30 1244 1700
102 31 1244 211
103 32 1244 589
110 33 1244 1716
119 34 1244 1819
123 35 1244 1395
133 36 1244 1833
134 37 1244 741
146 38 1244 1883
146 39 1244 178
151 40 1244 1538
152 41 1244 595
154 42 1244 872
156 43 1244 1009
156 44 1244 187
163 45 1244 1723
165 47 1244 151
165 46 1244 1028
175 48 1244 1830
189 49 1244 1897
198 50 1244 1812
199 51 1244 546
206 52 1244 1744
206 53 1244 160
210 54 1244 1415
214 56 1244 180
214 55 1244 1435
219 57 1244 1512
220 58 1244 625
220 59 1244 83
234 60 1244 1896
234 61 1244 493
234 62 1244 309
241 63 1244 1723
251 65 1244 34
251 64 1244 1850
256 66 1244 1507
259 67 1244 1190
259 68 1244 261
260 69 1244 675
263 70 1244 1161
272 71 1244 1824
276 72 1244 1406
279 73 1244 1270
280 74 1244 631
283 75 1244 1256
284 76 1244 801
285 77 1244 827
285 78 1244 54
295 79 1244 1847
302 80 1244 1718
307 81 1244 1583
307 82 1244 187
308 83 1244 830
318 84 1244 1835
321 89 1244 384
321 88 1244 300
321 85 1244 1154
321 86 1244 391
321 87 1244 429
324 90 1244 1215
324 91 1244 320
324 92 1244 115
333 94 1244 207
333 93 1244 1799
335 96 1244 286
335 95 1244 1045
337 97 1244 1073
339 98 1244 1084
339 99 1244 152
339 100 1244 216
347 101 1244 1763
356 102 1244 1815
359 103 1244 1154
360 104 1244 735
376 105 1244 1912
378 106 1244 1064
378 107 1244 473
382 108 1244 1453
382 109 1244 159
383 110 1244 633
386 111 1244 1278
390 112 1244 1458
391 116 1244 305
391 115 1244 312
391 113 1244 703
391 114 1244 289
395 117 1244 1403
404 118 1244 1813
405 119 1244 695
410 120 1244 1567
412 121 1244 1077
414 122 1244 889
423 123 1244 1801
427 124 1244 1385
428 125 1244 840
435 126 1244 1708
440 127 1244 1531
442 128 1244 1063
447 129 1244 1510
449 130 1244 969
455 131 1244 1653
461 132 1244 1668
470 133 1244 1826
476 134 1244 1631
488 135 1244 1880
495 136 1244 1693
497 137 1244 957
497 138 1244 94
507 139 1244 1848
507 140 1244 89
517 141 1244 1842
519 142 1244 900
519 143 1244 140
525 144 1244 1675
536 145 1244 1862
537 146 1244 787
540 147 1244 1337
545 148 1244 1510
554 149 1244 1819
555 150 1244 740
556 151 1244 807
559 153 1244 388
559 152 1244 1185
560 154 1244 510
562 155 1244 1063
564 156 1244 873
564 157 1244 13
571 158 1244 1694
580 159 1244 1820
580 160 1244 203
584 161 1244 1458
587 162 1244 1335
598 163 1244 1868
600 164 1244 1114
602 165 1244 905
607 166 1244 1534
612 167 1244 1556
614 168 1244 997
614 169 1244 333
615 170 1244 543
618 171 1244 1272
621 172 1244 1308
634 173 1244 1889
635 174 1244 606
641 175 1244 1650
641 176 1244 177
642 177 1244 749
642 178 1244 126
646 182 1244 21
646 181 1244 370
646 180 1244 53
646 179 1244 1448
649 183 1244 1168
650 184 1244 770
650 185 1244 162
650 186 1244 467
653 187 1244 1280
656 188 1244 1316
657 189 1244 567
659 190 1244 1007
665 191 1244 1679
668 192 1244 1188
668 193 1244 199
674 194 1244 1644
675 195 1244 556
676 196 1244 507
678 197 1244 957
680 198 1244 950
681 200 1244 327
681 199 1244 769
684 201 1244 1155
684 202 1244 340
687 203 1244 1176
690 204 1244 1276
694 205 1244 1392
698 206 1244 1423
701 207 1244 1220
708 208 1244 1706
709 209 1244 784
711 210 1244 886
711 211 1244 124
720 212 1244 1812
720 213 1244 246
728 214 1244 1766
736 215 1244 1757
740 216 1244 1437
740 217 1244 166
742 218 1244 1097
744 219 1244 952
744 220 1244 437
744 221 1244 254
744 222 1244 239
744 223 1244 429
747 224 1244 1251
748 225 1244 789
748 226 1244 84
750 229 1244 50
750 228 1244 245
750 227 1244 1109
753 230 1244 1142
756 231 1244 1144
763 232 1244 1723
766 233 1244 1281
768 234 1244 1120
769 235 1244 823
769 236 1244 30
770 237 1244 769
779 238 1244 1817
782 239 1244 1302
783 240 1244 663
786 241 1244 1172
791 242 1244 1498
792 243 1244 531
797 244 1244 1605
799 245 1244 882
807 246 1244 1792
809 247 1244 942
809 248 1244 358
818 249 1244 1811
820 250 1244 1044
820 251 1244 340
828 252 1244 1784
852 254 1244 332
852 255 1244 72
852 253 1244 1923
854 256 1244 915
864 257 1244 1835
874 258 1244 1849
874 259 1244 486
877 260 1244 1308
877 261 1244 314
879 262 1244 974
885 263 1244 1656
890 264 1244 1566
896 266 1244 326
896 265 1244 1666
897 267 1244 530
899 268 1244 1050
901 269 1244 943
908 270 1244 1727
909 271 1244 667
909 272 1244 274
916 274 1244 288
916 273 1244 1720
919 275 1244 1190
920 276 1244 680
926 277 1244 1632
927 278 1244 749
927 279 1244 369
929 280 1244 922
931 281 1244 1066
932 282 1244 750
932 283 1244 359
934 284 1244 931
935 285 1244 802
938 286 1244 1285
945 287 1244 1724
947 288 1244 949
949 289 1244 1047
959 290 1244 1832
959 291 1244 119
960 292 1244 845
963 293 1244 1330
982 294 1244 1919
982 295 1244 349
982 296 1244 197
990 297 1244 1767
992 298 1244 889
1003 299 1244 1863
1004 300 1244 556
1007 301 1244 1261
1016 302 1244 1816
1019 304 1244 84
1019 305 1244 376
1019 303 1244 1340
1019 306 1244 65
