1 0 1837 663
3 1 1837 1008
3 2 1837 347
3 3 1837 442
4 4 1837 647
11 5 1837 1706
14 6 1837 1288
14 7 1837 217
18 8 1837 1436
20 9 1837 1099
20 10 1837 129
21 11 1837 565
22 12 1837 669
23 13 1837 587
24 14 1837 721
28 15 1837 1458
33 16 1837 1537
36 18 1837 328
36 17 1837 1163
40 19 1837 1359
41 20 1837 619
46 21 1837 1540
48 22 1837 952
48 23 1837 388
48 24 1837 204
59 25 1837 1867
67 27 1837 282
67 26 1837 1775
77 28 1837 1846
77 29 1837 364
80 30 1837 1267
80 31 1837 291
82 32 1837 927
82 33 1837 40
87 34 1837 1591
88 35 1837 722
90 36 1837 978
93 37 1837 1336
95 38 1837 1103
95 39 1837 87
109 40 1837 1899
110 41 1837 694
111 42 1837 849
111 43 1837 156
111 44 1837 381
111 45 1837 130
112 47 1837 22
112 46 1837 800
123 48 1837 1871
124 49 1837 646
124 50 1837 82
126 51 1837 1036
128 52 1837 1133
132 53 1837 1370
133 54 1837 724
135 56 1837 55
135 55 1837 1047
147 57 1837 1884
147 58 1837 238
148 59 1837 705
159 60 1837 1856
161 61 1837 1005
161 62 1837 296
163 63 1837 1072
171 64 1837 1757
179 65 1837 1762
184 66 1837 1562
185 67 1837 628
187 68 1837 920
215 69 1837 1924
215 70 1837 479
215 71 1837 200
215 72 1837 59
215 73 1837 240
219 74 1837 1384
229 75 1837 1850
230 76 1837 691
231 77 1837 796
231 78 1837 6
231 79 1837 73
233 80 1837 1066
241 81 1837 1753
241 82 1837 336
244 83 1837 1199
244 84 1837 281
244 85 1837 230
246 86 1837 1083
250 87 1837 1482
253 88 1837 1241
254 89 1837 544
255 90 1837 666
257 91 1837 1019
259 92 1837 1097
259 93 1837 398
259 94 1837 156
261 96 1837 398
261 95 1837 894
268 97 1837 1702
268 98 1837 323
269 99 1837 543
269 100 1837 492
269 101 1837 171
271 102 1837 1026
282 103 1837 1872
282 104 1837 166
291 105 1837 1806
293 106 1837 977
295 107 1837 892
311 108 1837 1910
312 109 1837 799
312 110 1837 355
315 111 1837 1184
327 112 1837 1877
327 113 1837 165
332 115 1837 103
332 114 1837 1563
333 116 1837 669
335 117 1837 1021
336 118 1837 790
341 119 1837 1526
342 120 1837 679
342 121 1837 80
345 122 1837 1312
345 123 1837 376
348 124 1837 1258
352 125 1837 1385
354 126 1837 1027
359 127 1837 1586
359 128 1837 83
359 129 1837 490
363 130 1837 1452
365 131 1837 913
365 132 1837 472
369 133 1837 1387
374 134 1837 1506
376 135 1837 894
377 136 1837 726
377 137 1837 389
379 138 1837 1033
379 139 1837 399
382 140 1837 1178
382 141 1837 190
387 144 1837 188
387 143 1837 441
387 142 1837 1496
391 145 1837 1407
393 146 1837 1066
395 147 1837 932
396 148 1837 759
396 149 1837 53
396 150 1837 225
399 151 1837 1301
401 152 1837 911
402 153 1837 722
410 154 1837 1789
410 155 1837 411
411 156 1837 784
412 157 1837 650
413 158 1837 613
414 159 1837 705
415 160 1837 778
418 161 1837 1315
419 162 1837 809
423 163 1837 1420
426 164 1837 1272
430 165 1837 1366
431 166 1837 711
431 167 1837 489
432 168 1837 583
433 169 1837 668
436 170 1837 1301
436 171 1837 279
452 175 1837 489
452 174 1837 347
452 173 1837 390
452 172 1837 1913
453 176 1837 509
455 177 1837 870
455 178 1837 188
463 179 1837 1775
463 180 1837 319
463 181 1837 95
464 186 1837 2
464 185 1837 150
464 183 1837 29
464 182 1837 826
464 184 1837 265
470 187 1837 1675
475 188 1837 1523
477 191 1837 76
477 189 1837 1094
477 190 1837 110
484 193 1837 327
484 192 1837 1700
489 194 1837 1546
497 195 1837 1787
500 196 1837 1306
500 197 1837 75
502 198 1837 1094
503 199 1837 746
504 200 1837 695
505 203 1837 91
505 202 1837 348
505 201 1837 577
506 204 1837 677
517 205 1837 1870
520 206 1837 1313
521 207 1837 520
521 208 1837 374
524 209 1837 1299
533 210 1837 1827
543 212 1837 462
543 211 1837 1838
544 213 1837 763
544 214 1837 386
545 215 1837 683
545 216 1837 489
546 217 1837 779
549 218 1837 1155
551 219 1837 1121
555 220 1837 1364
557 221 1837 961
559 222 1837 890
563 223 1837 1414
564 224 1837 558
567 225 1837 1225
568 226 1837 504
573 227 1837 1585
574 229 1837 485
574 228 1837 769
576 231 1837 433
576 230 1837 1108
583 232 1837 1700
587 233 1837 1366
589 234 1837 1080
595 235 1837 1666
601 236 1837 1671
602 237 1837 735
605 238 1837 1277
605 239 1837 320
606 240 1837 762
610 241 1837 1406
613 242 1837 1300
613 243 1837 224
616 244 1837 1191
616 245 1837 196
621 246 1837 1538
623 247 1837 937
634 248 1837 1866
635 249 1837 862
638 250 1837 1298
639 251 1837 527
640 252 1837 845
654 253 1837 1898
657 254 1837 1306
663 255 1837 1659
669 256 1837 1612
670 257 1837 859
674 258 1837 1458
678 259 1837 1376
682 260 1837 1365
688 261 1837 1652
694 262 1837 1676
703 263 1837 1814
703 264 1837 191
707 265 1837 1394
707 266 1837 137
709 267 1837 1020
715 268 1837 1608
716 269 1837 644
718 270 1837 937
724 271 1837 1678
728 272 1837 1426
729 273 1837 834
729 274 1837 358
741 275 1837 1883
746 276 1837 1586
747 279 1837 361
747 278 1837 223
747 277 1837 666
753 280 1837 1611
757 281 1837 1492
763 282 1837 1644
773 283 1837 1832
775 284 1837 1111
776 285 1837 581
781 286 1837 1512
788 288 1837 59
788 287 1837 1727
792 289 1837 1345
792 290 1837 54
793 291 1837 811
796 292 1837 1202
805 293 1837 1826
807 294 1837 879
809 295 1837 1034
815 296 1837 1655
819 298 1837 32
819 297 1837 1410
826 299 1837 1721
826 300 1837 59
827 301 1837 518
830 302 1837 1254
833 303 1837 1221
843 304 1837 1849
848 305 1837 1544
850 306 1837 1025
