1 0 767 516
5 1 767 1443
7 2 767 921
7 3 767 428
7 4 767 485
7 5 767 337
7 6 767 398
10 7 767 1234
11 8 767 625
12 9 767 630
13 10 767 522
13 11 767 206
15 12 767 1129
18 13 767 1289
20 14 767 1139
25 15 767 1498
26 16 767 566
28 17 767 1062
29 18 767 533
32 19 767 1189
37 20 767 1542
39 21 767 1103
54 22 767 1908
56 23 767 999
57 24 767 515
62 25 767 1539
63 26 767 749
65 27 767 967
76 28 767 1871
77 29 767 816
80 30 767 1173
81 31 767 770
82 32 767 692
85 33 767 1252
85 34 767 53
85 35 767 498
90 36 767 1559
102 37 767 1873
106 38 767 1468
113 39 767 1693
114 40 767 823
114 41 767 444
115 42 767 679
117 43 767 991
126 44 767 1808
127 45 767 808
129 46 767 968
131 47 767 1090
134 48 767 1247
138 49 767 1370
140 50 767 990
141 51 767 576
141 52 767 228
141 53 767 261
141 54 767 365
144 55 767 1337
148 56 767 1460
158 57 767 1847
168 58 767 1837
170 59 767 871
175 60 767 1513
179 61 767 1355
182 62 767 1288
189 63 767 1734
193 64 767 1382
199 65 767 1676
203 66 767 1438
212 67 767 1801
215 68 767 1235
216 69 767 640
227 70 767 1864
228 71 767 618
233 72 767 1518
234 73 767 764
234 74 767 366
236 76 767 423
236 75 767 1097
238 77 767 917
240 78 767 1116
246 79 767 1631
247 80 767 571
252 81 767 1584
258 82 767 1644
259 83 767 500
267 84 767 1750
268 85 767 597
269 86 767 542
269 87 767 431
271 88 767 887
272 89 767 640
274 90 767 963
280 91 767 1636
280 92 767 35
281 94 767 180
281 93 767 597
285 95 767 1392
287 96 767 1080
289 97 767 870
294 98 767 1533
294 99 767 132
297 100 767 1295
299 101 767 1091
307 102 767 1779
308 103 767 606
312 104 767 1431
312 105 767 372
314 106 767 982
318 107 767 1388
327 108 767 1820
330 109 767 1192
332 110 767 913
333 111 767 542
334 114 767 300
334 112 767 731
334 113 767 206
345 115 767 1854
351 116 767 1635
352 117 767 788
367 118 767 1908
368 119 767 785
370 120 767 1134
372 121 767 1007
374 122 767 913
375 123 767 594
380 124 767 1601
380 125 767 228
381 126 767 582
383 127 767 921
384 128 767 584
386 129 767 898
386 130 767 17
390 131 767 1478
393 132 767 1308
395 133 767 983
395 134 767 336
399 135 767 1404
406 136 767 1729
408 137 767 1038
410 138 767 994
414 139 767 1378
419 140 767 1539
421 141 767 1078
422 142 767 535
428 143 767 1619
434 144 767 1652
434 145 767 420
436 146 767 905
444 148 767 297
444 147 767 1754
444 149 767 251
450 151 767 292
450 150 767 1681
452 152 767 886
453 153 767 748
455 154 767 922
455 155 767 287
455 156 767 178
458 157 767 1185
460 158 767 930
463 159 767 1203
470 160 767 1714
470 161 767 61
471 162 767 804
473 163 767 921
476 164 767 1175
480 165 767 1360
483 166 767 1159
489 167 767 1672
497 168 767 1794
498 169 767 820
498 170 767 124
499 171 767 597
506 172 767 1719
507 173 767 530
510 174 767 1171
510 175 767 55
510 176 767 471
513 177 767 1219
514 178 767 867
517 179 767 1181
520 180 767 1247
521 181 767 753
522 183 767 333
522 182 767 624
524 184 767 1142
530 185 767 1649
531 186 767 591
532 187 767 559
532 188 767 61
532 189 767 48
535 190 767 1226
536 192 767 108
536 191 767 543
543 193 767 1716
548 194 767 1588
552 195 767 1477
552 196 767 274
557 197 767 1539
557 198 767 444
557 199 767 291
560 200 767 1186
563 201 767 1157
575 202 767 1884
579 203 767 1401
579 204 767 126
581 205 767 1083
581 206 767 497
581 207 767 356
586 208 767 1502
587 209 767 867
594 210 767 1741
596 212 767 317
596 211 767 883
602 213 767 1673
614 214 767 1880
616 215 767 961
620 216 767 1362
620 217 767 470
627 218 767 1704
631 219 767 1450
632 220 767 769
633 221 767 599
639 222 767 1611
646 223 767 1746
651 224 767 1519
656 225 767 1506
656 226 767 489
656 227 767 3
657 228 767 866
663 229 767 1618
670 230 767 1706
671 231 767 857
672 232 767 774
673 233 767 576
692 234 767 1919
692 235 767 89
693 236 767 793
696 237 767 1147
696 238 767 207
696 239 767 58
699 241 767 234
699 240 767 1151
701 242 767 981
703 243 767 1119
703 244 767 232
703 245 767 342
703 246 767 226
703 247 767 359
711 248 767 1760
712 250 767 114
712 249 767 627
719 251 767 1728
727 252 767 1760
729 253 767 918
733 254 767 1447
734 255 767 586
738 256 767 1471
738 257 767 138
747 258 767 1806
748 259 767 545
749 260 767 594
749 261 767 494
753 262 767 1415
762 263 767 1809
764 264 767 1085
766 265 767 884
766 266 767 109
772 267 767 1665
778 268 767 1679
786 269 767 1790
786 270 767 167
786 271 767 215
786 272 767 263
792 273 767 1645
792 274 767 298
793 275 767 534
798 277 767 492
798 276 767 1542
803 278 767 1514
806 279 767 1177
809 280 767 1279
809 281 767 130
809 282 767 167
809 283 767 238
814 284 767 1503
828 285 767 1903
830 286 767 1022
838 287 767 1781
840 288 767 1053
843 289 767 1333
844 290 767 543
845 291 767 655
848 292 767 1265
853 293 767 1586
857 294 767 1389
858 295 767 657
859 296 767 744
861 298 767 33
861 297 767 1097
864 299 767 1273
864 300 767 233
864 301 767 485
865 302 767 604
878 303 767 1895
878 304 767 460
887 305 767 1824
891 306 767 1464
