0 0 1286 427
1 1 1286 775
4 2 1286 1267
6 3 1286 1041
7 4 1286 658
8 5 1286 695
9 6 1286 613
31 7 1286 1923
35 9 1286 62
35 8 1286 1385
36 10 1286 597
37 11 1286 515
38 12 1286 717
38 13 1286 278
38 14 1286 132
41 15 1286 1320
42 16 1286 814
46 17 1286 1364
48 18 1286 1001
56 19 1286 1787
56 20 1286 345
56 21 1286 392
56 22 1286 395
58 23 1286 889
59 24 1286 686
59 25 1286 429
65 26 1286 1622
74 27 1286 1828
76 28 1286 905
76 29 1286 451
76 30 1286 342
86 31 1286 1850
92 32 1286 1611
92 33 1286 306
92 34 1286 462
94 35 1286 1077
94 36 1286 76
98 37 1286 1463
103 38 1286 1523
103 39 1286 83
107 40 1286 1392
111 41 1286 1473
113 42 1286 942
118 43 1286 1569
125 44 1286 1744
125 45 1286 106
127 46 1286 1135
144 47 1286 1915
145 48 1286 720
145 49 1286 53
159 50 1286 1898
169 51 1286 1846
172 52 1286 1146
172 53 1286 28
177 59 1286 229
177 58 1286 355
177 57 1286 378
177 56 1286 379
177 55 1286 34
177 54 1286 1526
179 60 1286 997
180 61 1286 709
182 62 1286 1017
184 63 1286 933
190 64 1286 1644
191 65 1286 671
192 67 1286 411
192 66 1286 828
199 68 1286 1741
201 69 1286 980
204 70 1286 1243
207 71 1286 1276
215 72 1286 1766
217 73 1286 918
217 74 1286 395
218 75 1286 797
222 76 1286 1374
223 77 1286 750
225 78 1286 1069
226 79 1286 579
229 80 1286 1219
235 81 1286 1631
237 82 1286 1108
238 83 1286 851
238 84 1286 478
238 85 1286 421
239 86 1286 704
244 87 1286 1582
245 88 1286 705
245 89 1286 427
246 90 1286 697
252 91 1286 1623
254 92 1286 1108
257 93 1286 1294
259 94 1286 1011
260 97 1286 9
260 95 1286 683
260 96 1286 455
270 98 1286 1849
272 99 1286 1073
275 100 1286 1202
276 101 1286 724
276 102 1286 174
282 103 1286 1664
283 104 1286 734
284 105 1286 622
284 106 1286 79
284 107 1286 228
289 108 1286 1558
290 109 1286 729
291 110 1286 585
296 111 1286 1553
299 112 1286 1233
306 113 1286 1700
308 114 1286 934
311 115 1286 1291
316 116 1286 1525
316 117 1286 165
316 118 1286 454
319 119 1286 1223
332 120 1286 1892
335 121 1286 1170
341 122 1286 1630
344 124 1286 282
344 123 1286 1314
349 125 1286 1545
349 126 1286 168
349 127 1286 472
359 128 1286 1832
365 129 1286 1636
365 130 1286 341
369 131 1286 1364
370 132 1286 826
391 133 1286 1921
394 134 1286 1302
394 135 1286 494
398 136 1286 1457
402 137 1286 1369
402 138 1286 116
410 139 1286 1781
410 140 1286 341
410 141 1286 475
410 142 1286 24
424 143 1286 1901
432 144 1286 1767
434 145 1286 1068
434 146 1286 390
437 147 1286 1332
437 148 1286 359
443 149 1286 1645
445 150 1286 1083
445 151 1286 290
449 152 1286 1480
450 153 1286 626
452 154 1286 1105
452 155 1286 32
454 156 1286 1018
455 157 1286 785
459 158 1286 1381
461 159 1286 1114
461 160 1286 454
466 162 1286 321
466 161 1286 1532
476 163 1286 1847
476 164 1286 387
479 165 1286 1145
480 166 1286 727
483 169 1286 439
483 167 1286 1236
483 168 1286 398
491 171 1286 156
491 172 1286 48
491 170 1286 1758
492 173 1286 598
494 174 1286 881
498 175 1286 1416
501 176 1286 1146
507 177 1286 1654
511 178 1286 1471
513 179 1286 1138
516 180 1286 1155
517 183 1286 187
517 181 1286 760
517 182 1286 112
518 184 1286 553
518 185 1286 51
527 187 1286 200
527 186 1286 1809
528 188 1286 816
531 189 1286 1270
535 190 1286 1401
536 191 1286 672
552 192 1286 1912
554 193 1286 927
557 194 1286 1327
558 195 1286 733
558 196 1286 153
558 197 1286 102
563 198 1286 1513
564 200 1286 341
564 199 1286 622
566 201 1286 1078
568 202 1286 934
578 203 1286 1844
587 204 1286 1811
589 205 1286 926
589 206 1286 241
591 207 1286 882
597 208 1286 1669
603 209 1286 1613
604 210 1286 810
607 211 1286 1288
610 212 1286 1238
610 213 1286 242
622 214 1286 1883
628 215 1286 1619
632 216 1286 1420
632 217 1286 134
635 218 1286 1293
635 219 1286 335
638 220 1286 1260
639 221 1286 527
639 222 1286 420
641 223 1286 1053
643 224 1286 963
645 225 1286 1086
645 226 1286 168
647 227 1286 1046
650 228 1286 1196
650 229 1286 147
653 230 1286 1262
655 231 1286 1044
655 232 1286 140
656 233 1286 849
657 234 1286 797
657 235 1286 76
664 236 1286 1750
664 237 1286 193
664 238 1286 300
669 239 1286 1551
676 240 1286 1735
678 241 1286 927
678 242 1286 455
680 243 1286 1127
680 244 1286 459
680 245 1286 112
684 246 1286 1358
690 247 1286 1669
692 248 1286 968
698 249 1286 1632
701 250 1286 1238
701 251 1286 19
702 252 1286 733
705 253 1286 1177
708 254 1286 1286
715 255 1286 1739
716 256 1286 658
725 257 1286 1806
727 258 1286 880
728 259 1286 725
729 260 1286 758
731 261 1286 1119
737 262 1286 1611
742 263 1286 1521
742 264 1286 350
749 265 1286 1691
752 266 1286 1147
752 267 1286 389
756 268 1286 1370
765 269 1286 1806
773 270 1286 1794
776 271 1286 1226
784 272 1286 1758
790 273 1286 1667
791 274 1286 525
791 275 1286 333
791 276 1286 71
794 277 1286 1217
795 278 1286 593
796 279 1286 851
802 280 1286 1652
802 281 1286 424
802 282 1286 77
806 283 1286 1488
807 284 1286 833
810 285 1286 1243
810 286 1286 311
812 287 1286 888
816 288 1286 1487
818 289 1286 982
821 290 1286 1343
832 291 1286 1868
835 292 1286 1237
840 293 1286 1500
841 294 1286 793
842 295 1286 615
845 296 1286 1241
846 297 1286 859
847 298 1286 776
848 299 1286 693
850 300 1286 889
852 301 1286 969
852 302 1286 299
854 303 1286 1087
862 304 1286 1763
862 305 1286 12
862 306 1286 185
