10 0 851 1851
13 1 851 1192
13 2 851 365
13 3 851 262
16 4 851 1309
19 5 851 1144
35 6 851 1912
37 7 851 878
39 8 851 885
40 12 851 269
40 11 851 193
40 9 851 547
40 10 851 76
50 13 851 1843
52 14 851 936
54 15 851 1085
61 16 851 1735
63 17 851 946
64 19 851 48
64 18 851 652
67 20 851 1247
68 21 851 868
71 22 851 1146
77 23 851 1630
80 24 851 1144
80 25 851 144
80 26 851 318
81 27 851 710
84 29 851 50
84 28 851 1200
87 30 851 1243
90 31 851 1265
92 32 851 1072
93 33 851 652
94 34 851 624
95 35 851 699
99 36 851 1369
100 37 851 795
105 38 851 1515
105 39 851 113
119 40 851 1899
119 41 851 353
120 42 851 663
123 43 851 1302
125 45 851 192
125 46 851 239
125 44 851 1025
127 47 851 955
135 48 851 1764
136 49 851 823
136 50 851 462
138 53 851 447
138 51 851 1117
138 52 851 43
141 54 851 1218
143 56 851 46
143 55 851 982
144 57 851 659
146 58 851 1042
149 59 851 1165
150 60 851 825
153 61 851 1201
158 62 851 1602
159 63 851 834
162 64 851 1228
163 65 851 736
165 66 851 1046
170 67 851 1541
173 68 851 1219
173 69 851 237
179 70 851 1641
181 71 851 939
185 72 851 1356
186 73 851 539
186 74 851 73
188 76 851 205
188 75 851 893
196 77 851 1768
197 78 851 605
199 79 851 952
209 80 851 1829
212 81 851 1288
214 82 851 871
214 83 851 377
219 85 851 126
219 84 851 1513
222 86 851 1222
223 87 851 624
227 88 851 1359
232 89 851 1566
233 90 851 653
234 91 851 709
240 92 851 1678
240 93 851 349
243 94 851 1212
244 95 851 697
245 96 851 676
253 97 851 1753
253 98 851 73
253 99 851 289
255 100 851 1070
256 101 851 622
262 102 851 1660
267 103 851 1527
269 104 851 1106
273 105 851 1447
279 106 851 1685
283 107 851 1428
283 108 851 374
283 109 851 324
284 110 851 777
284 111 851 202
284 112 851 54
284 113 851 89
287 114 851 1260
291 115 851 1461
291 116 851 330
294 117 851 1225
297 118 851 1246
299 119 851 1102
303 120 851 1438
303 121 851 422
303 122 851 182
308 123 851 1577
313 124 851 1508
315 125 851 932
318 126 851 1186
320 127 851 1006
323 128 851 1251
326 129 851 1300
326 130 851 216
326 131 851 377
333 133 851 315
333 132 851 1694
342 134 851 1807
345 135 851 1207
350 136 851 1552
353 137 851 1268
356 138 851 1195
356 139 851 65
356 140 851 365
363 142 851 249
363 141 851 1718
365 143 851 1034
366 144 851 789
366 145 851 451
367 146 851 654
372 147 851 1589
374 148 851 1014
380 149 851 1675
380 150 851 367
384 151 851 1375
385 152 851 506
387 153 851 895
388 154 851 775
389 155 851 647
389 156 851 440
389 157 851 83
389 158 851 18
389 159 851 174
389 160 851 261
390 162 851 176
390 161 851 679
392 163 851 998
392 164 851 107
392 165 851 400
392 166 851 432
398 169 851 53
398 167 851 1663
398 168 851 207
408 170 851 1834
410 172 851 29
410 171 851 986
413 173 851 1180
414 174 851 737
420 175 851 1644
420 176 851 172
422 177 851 1072
423 178 851 788
425 180 851 277
425 179 851 1057
430 181 851 1521
448 182 851 1916
453 183 851 1501
455 184 851 933
456 185 851 766
464 186 851 1795
465 187 851 798
469 188 851 1465
472 189 851 1159
473 190 851 766
477 191 851 1469
480 192 851 1250
482 193 851 1020
489 194 851 1728
495 195 851 1610
500 196 851 1542
503 197 851 1176
505 199 851 388
505 200 851 18
505 198 851 926
507 201 851 915
511 202 851 1382
513 203 851 961
521 204 851 1766
524 205 851 1305
528 206 851 1345
531 207 851 1250
531 208 851 158
533 210 851 475
533 209 851 1055
536 211 851 1293
539 212 851 1220
541 213 851 885
550 214 851 1821
551 215 851 664
552 216 851 687
553 218 851 64
553 217 851 600
556 219 851 1266
557 220 851 530
562 221 851 1558
562 222 851 198
564 223 851 972
567 224 851 1211
567 225 851 365
573 226 851 1661
575 227 851 934
579 228 851 1377
581 230 851 102
581 229 851 1052
583 231 851 920
583 232 851 145
583 233 851 399
585 234 851 1038
588 235 851 1287
588 236 851 139
590 237 851 955
596 238 851 1659
601 239 851 1553
605 240 851 1345
606 241 851 544
607 242 851 640
607 243 851 409
608 244 851 684
612 245 851 1398
612 246 851 249
612 247 851 364
614 248 851 1123
616 249 851 1064
618 250 851 922
620 251 851 941
622 252 851 1112
627 253 851 1585
635 254 851 1783
635 255 851 385
636 256 851 717
636 257 851 409
642 258 851 1675
646 259 851 1401
651 260 851 1568
651 261 851 411
660 262 851 1798
662 263 851 1030
664 264 851 953
668 265 851 1479
671 266 851 1147
672 267 851 820
680 268 851 1772
681 269 851 534
682 270 851 525
688 271 851 1657
689 272 851 865
689 273 851 436
699 274 851 1846
715 275 851 1910
717 276 851 917
724 278 851 288
724 277 851 1714
731 279 851 1737
731 280 851 115
734 281 851 1297
741 282 851 1735
741 283 851 313
741 284 851 129
743 285 851 1085
750 287 851 485
750 286 851 1733
751 288 851 540
752 289 851 653
753 290 851 570
759 291 851 1655
762 292 851 1205
762 293 851 258
778 294 851 1909
780 295 851 933
781 296 851 670
786 297 851 1534
790 298 851 1381
792 299 851 1129
792 300 851 250
796 301 851 1353
797 302 851 516
798 303 851 588
799 304 851 538
802 305 851 1189
802 306 851 76
