16 0 1666 1912
20 1 1666 1487
25 2 1666 1602
31 3 1666 1667
44 4 1666 1889
49 5 1666 1600
50 6 1666 703
54 7 1666 1351
61 10 1666 136
61 8 1666 1694
61 9 1666 201
68 11 1666 1722
75 12 1666 1750
75 13 1666 410
76 14 1666 543
81 15 1666 1599
89 16 1666 1755
96 19 1666 8
96 18 1666 271
96 17 1666 1706
99 20 1666 1187
99 21 1666 94
100 22 1666 504
102 23 1666 1138
102 24 1666 185
102 25 1666 29
105 26 1666 1264
113 27 1666 1769
116 28 1666 1332
131 29 1666 1906
133 30 1666 1093
136 31 1666 1203
157 32 1666 1921
160 33 1666 1159
166 34 1666 1641
167 35 1666 829
172 36 1666 1560
180 37 1666 1751
185 38 1666 1517
199 39 1666 1900
199 40 1666 262
210 41 1666 1854
216 42 1666 1638
217 43 1666 729
219 44 1666 1036
220 45 1666 677
222 46 1666 1027
223 48 1666 288
223 47 1666 745
224 49 1666 575
230 50 1666 1663
230 51 1666 332
232 52 1666 1058
233 53 1666 630
234 54 1666 582
243 55 1666 1818
245 57 1666 463
245 56 1666 983
249 58 1666 1482
260 59 1666 1859
260 60 1666 336
261 61 1666 859
261 62 1666 18
268 63 1666 1712
270 64 1666 1033
271 65 1666 858
278 66 1666 1725
279 67 1666 590
280 68 1666 694
286 69 1666 1638
286 70 1666 38
286 71 1666 4
286 72 1666 189
286 73 1666 295
292 74 1666 1671
295 76 1666 381
295 75 1666 1257
302 77 1666 1699
302 78 1666 102
306 79 1666 1432
308 80 1666 927
309 81 1666 519
313 82 1666 1480
314 84 1666 243
314 83 1666 756
315 85 1666 761
315 86 1666 145
318 87 1666 1291
319 88 1666 577
326 89 1666 1748
334 90 1666 1770
336 92 1666 269
336 91 1666 1096
341 93 1666 1582
346 94 1666 1564
349 95 1666 1327
359 96 1666 1835
369 97 1666 1850
375 98 1666 1621
375 99 1666 177
377 100 1666 877
377 101 1666 436
377 102 1666 51
378 103 1666 574
379 104 1666 536
385 105 1666 1659
385 106 1666 143
386 107 1666 762
388 108 1666 883
391 109 1666 1249
395 110 1666 1437
398 111 1666 1208
398 112 1666 361
398 113 1666 49
400 114 1666 931
407 115 1666 1742
410 116 1666 1304
413 117 1666 1186
417 118 1666 1469
417 119 1666 271
418 120 1666 712
418 121 1666 434
418 122 1666 12
420 123 1666 870
428 124 1666 1793
429 125 1666 867
435 126 1666 1659
436 127 1666 531
437 128 1666 656
437 129 1666 343
441 131 1666 455
441 132 1666 78
441 130 1666 1347
451 133 1666 1849
452 134 1666 555
452 135 1666 491
452 136 1666 467
454 137 1666 905
454 138 1666 219
455 139 1666 508
456 140 1666 617
459 142 1666 407
459 141 1666 1307
462 143 1666 1253
462 144 1666 310
463 145 1666 562
464 146 1666 735
464 147 1666 219
465 148 1666 650
472 149 1666 1747
472 150 1666 23
473 151 1666 648
473 152 1666 380
477 153 1666 1349
481 154 1666 1390
481 155 1666 442
481 156 1666 423
483 157 1666 1105
484 158 1666 706
489 159 1666 1594
516 160 1666 1924
521 162 1666 105
521 161 1666 1536
522 163 1666 539
531 164 1666 1826
533 165 1666 981
535 166 1666 1130
535 167 1666 436
539 168 1666 1419
539 169 1666 440
542 170 1666 1274
542 171 1666 398
544 172 1666 966
546 173 1666 960
551 174 1666 1579
554 175 1666 1330
554 176 1666 26
555 177 1666 684
556 178 1666 560
559 179 1666 1230
559 180 1666 131
563 181 1666 1440
572 182 1666 1805
573 183 1666 834
573 184 1666 320
574 185 1666 699
574 186 1666 75
575 187 1666 653
575 188 1666 459
575 189 1666 112
575 190 1666 67
578 192 1666 198
578 191 1666 1287
579 193 1666 550
580 194 1666 509
582 195 1666 1005
585 196 1666 1202
593 197 1666 1792
597 198 1666 1351
600 199 1666 1254
604 201 1666 299
604 200 1666 1356
605 202 1666 725
605 203 1666 210
605 204 1666 472
610 205 1666 1550
615 206 1666 1606
618 207 1666 1344
625 209 1666 60
625 208 1666 1695
625 210 1666 415
631 211 1666 1664
632 212 1666 545
636 213 1666 1401
640 214 1666 1463
640 215 1666 483
646 216 1666 1656
649 217 1666 1196
649 218 1666 219
651 219 1666 1127
653 221 1666 476
653 220 1666 906
667 222 1666 1901
670 223 1666 1306
670 224 1666 373
686 225 1666 1912
686 226 1666 199
686 227 1666 416
686 228 1666 451
687 231 1666 158
687 230 1666 128
687 229 1666 573
690 232 1666 1257
693 233 1666 1231
702 234 1666 1798
710 235 1666 1757
711 236 1666 715
716 237 1666 1595
716 238 1666 361
717 239 1666 694
719 240 1666 1017
720 241 1666 655
722 242 1666 883
722 243 1666 399
728 244 1666 1621
728 245 1666 327
729 246 1666 741
730 247 1666 722
732 249 1666 25
732 248 1666 1011
735 250 1666 1274
735 251 1666 5
740 252 1666 1573
740 253 1666 224
740 254 1666 347
742 255 1666 880
742 256 1666 322
745 257 1666 1343
753 258 1666 1761
753 259 1666 485
757 260 1666 1350
760 261 1666 1190
762 262 1666 893
764 263 1666 1121
775 265 1666 256
775 266 1666 407
775 264 1666 1857
778 267 1666 1239
783 268 1666 1527
789 269 1666 1631
796 270 1666 1693
796 271 1666 61
797 272 1666 834
801 273 1666 1449
801 274 1666 110
801 275 1666 250
806 276 1666 1517
811 277 1666 1502
817 278 1666 1609
817 279 1666 45
820 280 1666 1170
824 281 1666 1402
827 282 1666 1329
827 283 1666 426
830 284 1666 1224
830 285 1666 122
831 286 1666 510
833 287 1666 1032
835 288 1666 883
837 289 1666 918
841 290 1666 1435
844 291 1666 1296
852 292 1666 1758
861 293 1666 1801
864 294 1666 1269
872 295 1666 1752
878 296 1666 1687
884 298 1666 467
884 297 1666 1686
888 299 1666 1364
898 300 1666 1845
902 301 1666 1427
904 302 1666 1120
907 303 1666 1305
907 304 1666 256
910 305 1666 1212
912 306 1666 1096
