0 0 1352 168
0 1 1352 373
3 2 1352 1208
3 3 1352 444
8 4 1352 1560
10 5 1352 892
12 6 1352 1060
12 7 1352 86
19 8 1352 1707
23 9 1352 1487
32 10 1352 1803
34 11 1352 1046
37 12 1352 1213
42 13 1352 1536
43 14 1352 772
48 15 1352 1511
48 16 1352 241
57 17 1352 1823
59 18 1352 1046
76 19 1352 1914
77 20 1352 644
79 21 1352 967
79 22 1352 299
81 23 1352 1137
85 24 1352 1475
85 25 1352 286
106 26 1352 1921
106 27 1352 478
115 28 1352 1798
119 29 1352 1363
128 30 1352 1815
131 31 1352 1279
135 32 1352 1422
136 33 1352 729
147 34 1352 1861
150 35 1352 1265
154 36 1352 1414
158 38 1352 266
158 37 1352 1386
165 39 1352 1744
169 40 1352 1403
169 41 1352 189
174 42 1352 1513
177 43 1352 1222
178 44 1352 629
179 45 1352 678
184 46 1352 1542
187 48 1352 66
187 47 1352 1202
189 49 1352 960
189 50 1352 94
191 51 1352 1042
192 52 1352 514
193 53 1352 706
197 54 1352 1433
199 56 1352 74
199 57 1352 70
199 55 1352 1125
201 58 1352 894
204 59 1352 1274
206 60 1352 895
207 61 1352 581
207 62 1352 213
207 63 1352 343
212 64 1352 1597
213 65 1352 524
218 67 1352 483
218 66 1352 1549
223 68 1352 1599
227 69 1352 1432
227 70 1352 96
228 71 1352 780
233 72 1352 1557
236 73 1352 1226
237 74 1352 511
237 75 1352 455
241 76 1352 1379
243 77 1352 1001
244 78 1352 507
245 79 1352 796
246 80 1352 668
247 81 1352 719
247 82 1352 411
248 83 1352 837
251 84 1352 1269
252 85 1352 772
253 86 1352 764
254 87 1352 716
257 88 1352 1221
258 89 1352 735
261 90 1352 1191
264 91 1352 1343
264 92 1352 491
266 93 1352 916
267 94 1352 849
268 95 1352 821
282 96 1352 1900
285 97 1352 1169
290 98 1352 1550
290 99 1352 105
292 100 1352 1054
294 101 1352 1058
299 102 1352 1528
300 103 1352 559
301 104 1352 863
304 105 1352 1239
308 106 1352 1410
311 107 1352 1213
311 108 1352 194
313 109 1352 978
319 110 1352 1671
321 111 1352 998
325 112 1352 1487
325 113 1352 97
326 116 1352 169
326 115 1352 176
326 114 1352 606
329 117 1352 1300
331 118 1352 999
332 119 1352 824
338 120 1352 1684
339 121 1352 833
342 122 1352 1187
343 124 1352 240
343 123 1352 863
344 125 1352 678
344 126 1352 288
345 127 1352 640
345 128 1352 377
351 129 1352 1614
351 130 1352 479
351 131 1352 209
355 132 1352 1375
355 133 1352 402
361 134 1352 1667
366 135 1352 1534
368 136 1352 1115
376 137 1352 1777
390 138 1352 1899
390 139 1352 30
393 140 1352 1287
397 141 1352 1476
398 142 1352 521
398 143 1352 242
400 145 1352 193
400 144 1352 989
408 146 1352 1780
408 147 1352 394
408 148 1352 310
409 149 1352 672
410 150 1352 651
411 151 1352 599
411 152 1352 170
412 155 1352 221
412 153 1352 726
412 154 1352 345
421 156 1352 1796
422 157 1352 664
422 158 1352 318
422 159 1352 184
424 160 1352 951
425 161 1352 770
426 162 1352 836
427 164 1352 498
427 163 1352 505
431 165 1352 1462
436 166 1352 1547
438 167 1352 1085
438 168 1352 355
440 169 1352 996
442 170 1352 985
442 171 1352 317
445 172 1352 1326
447 173 1352 968
451 174 1352 1462
451 175 1352 207
451 176 1352 311
453 177 1352 944
462 178 1352 1799
462 179 1352 47
463 180 1352 822
472 182 1352 329
472 181 1352 1818
478 183 1352 1629
480 184 1352 962
489 185 1352 1804
489 186 1352 38
490 187 1352 649
490 188 1352 56
494 189 1352 1446
500 190 1352 1663
500 191 1352 451
504 192 1352 1459
511 193 1352 1714
513 194 1352 1004
514 195 1352 517
515 196 1352 640
515 197 1352 15
521 198 1352 1669
525 199 1352 1451
526 200 1352 570
527 202 1352 38
527 201 1352 695
530 203 1352 1239
536 204 1352 1611
536 205 1352 334
539 206 1352 1198
541 207 1352 1127
544 208 1352 1189
544 209 1352 138
554 210 1352 1834
555 211 1352 851
556 212 1352 790
556 213 1352 271
559 214 1352 1286
561 215 1352 1057
561 216 1352 440
563 217 1352 1131
567 218 1352 1467
568 219 1352 619
572 220 1352 1423
574 221 1352 897
576 222 1352 1029
577 223 1352 833
580 224 1352 1258
581 225 1352 534
582 226 1352 782
587 227 1352 1536
600 228 1352 1889
602 229 1352 944
606 231 1352 296
606 230 1352 1492
609 232 1352 1200
609 233 1352 347
613 234 1352 1401
613 235 1352 127
621 236 1352 1779
623 237 1352 1015
623 238 1352 17
624 239 1352 628
625 240 1352 605
626 241 1352 836
630 242 1352 1385
640 243 1352 1843
645 244 1352 1537
646 245 1352 811
651 246 1352 1585
654 247 1352 1188
654 248 1352 427
665 250 1352 76
665 249 1352 1871
669 251 1352 1433
669 252 1352 473
671 253 1352 1049
671 254 1352 28
676 255 1352 1597
681 256 1352 1591
683 257 1352 1130
698 258 1352 1906
700 259 1352 1077
704 260 1352 1476
709 261 1352 1587
712 262 1352 1162
712 263 1352 244
713 264 1352 571
718 265 1352 1538
723 266 1352 1575
723 267 1352 443
724 268 1352 794
727 269 1352 1159
730 270 1352 1202
734 271 1352 1350
736 272 1352 1113
737 273 1352 839
737 274 1352 13
738 275 1352 587
742 276 1352 1437
744 277 1352 1110
747 278 1352 1221
747 279 1352 446
749 280 1352 873
754 281 1352 1519
756 282 1352 1108
756 283 1352 17
757 284 1352 868
757 285 1352 58
764 288 1352 319
764 286 1352 1747
764 287 1352 151
771 289 1352 1728
771 290 1352 461
772 291 1352 649
774 292 1352 1034
775 293 1352 865
777 294 1352 1076
779 295 1352 942
784 296 1352 1598
786 297 1352 1141
789 298 1352 1272
814 299 1352 1924
817 300 1352 1161
820 301 1352 1142
820 302 1352 393
823 303 1352 1193
824 304 1352 669
825 305 1352 651
825 306 1352 320
