1 0 1208 540
7 1 1208 1681
8 2 1208 740
11 3 1208 1312
12 4 1208 513
13 5 1208 866
16 6 1208 1321
21 7 1208 1520
24 8 1208 1221
29 9 1208 1517
29 10 1208 282
31 11 1208 1129
41 12 1208 1840
41 13 1208 226
42 14 1208 733
46 15 1208 1468
48 16 1208 869
51 18 1208 238
51 17 1208 1326
59 19 1208 1762
59 20 1208 464
67 21 1208 1765
67 22 1208 104
68 23 1208 745
68 24 1208 185
69 25 1208 852
76 27 1208 183
76 29 1208 343
76 26 1208 1697
76 28 1208 355
80 30 1208 1451
80 31 1208 129
82 32 1208 1045
85 33 1208 1163
85 34 1208 454
86 35 1208 605
87 36 1208 586
93 37 1208 1634
96 38 1208 1336
117 39 1208 1921
119 40 1208 1007
124 41 1208 1542
127 42 1208 1185
127 43 1208 333
136 44 1208 1809
137 45 1208 588
138 46 1208 686
139 47 1208 769
139 48 1208 471
140 49 1208 740
140 50 1208 143
140 51 1208 412
143 52 1208 1214
143 53 1208 473
145 54 1208 955
146 55 1208 700
151 56 1208 1576
170 57 1208 1919
172 58 1208 1126
177 59 1208 1585
179 60 1208 1094
181 61 1208 1138
184 62 1208 1164
186 65 1208 153
186 66 1208 84
186 63 1208 878
186 64 1208 65
187 67 1208 676
194 68 1208 1696
194 69 1208 128
196 70 1208 881
199 71 1208 1160
216 72 1208 1915
216 73 1208 241
217 74 1208 754
218 75 1208 846
219 76 1208 579
226 77 1208 1695
227 78 1208 861
232 79 1208 1521
232 80 1208 166
234 81 1208 927
240 82 1208 1636
245 83 1208 1540
245 84 1208 199
247 85 1208 1039
248 86 1208 840
249 87 1208 571
249 88 1208 208
255 89 1208 1679
257 90 1208 953
258 91 1208 591
259 92 1208 507
265 93 1208 1676
266 94 1208 827
274 98 1208 267
274 97 1208 307
274 95 1208 1794
274 96 1208 378
280 99 1208 1656
281 100 1208 504
281 101 1208 10
283 102 1208 997
283 103 1208 343
291 104 1208 1783
293 105 1208 908
293 106 1208 422
295 107 1208 972
301 108 1208 1643
301 109 1208 109
301 110 1208 120
310 111 1208 1805
312 112 1208 1057
317 113 1208 1530
321 115 1208 166
321 114 1208 1418
325 116 1208 1427
330 117 1208 1549
331 118 1208 678
333 119 1208 951
336 120 1208 1238
340 121 1208 1437
340 122 1208 467
340 123 1208 17
342 125 1208 289
342 124 1208 1099
343 126 1208 652
343 127 1208 239
346 128 1208 1338
348 129 1208 885
348 130 1208 468
348 131 1208 272
352 132 1208 1428
354 133 1208 1130
356 135 1208 156
356 134 1208 1016
367 136 1208 1854
370 137 1208 1292
376 138 1208 1681
379 139 1208 1216
380 140 1208 617
388 141 1208 1792
389 142 1208 853
389 143 1208 99
394 144 1208 1558
396 145 1208 1072
400 146 1208 1459
402 147 1208 902
402 148 1208 257
403 149 1208 661
403 150 1208 366
404 151 1208 753
409 152 1208 1553
412 154 1208 418
412 153 1208 1241
414 155 1208 991
418 156 1208 1467
420 157 1208 980
423 158 1208 1168
427 159 1208 1494
427 160 1208 255
427 161 1208 183
432 162 1208 1559
433 163 1208 758
438 164 1208 1566
446 165 1208 1773
446 166 1208 377
456 167 1208 1852
457 168 1208 513
460 169 1208 1262
460 170 1208 236
460 171 1208 134
468 172 1208 1793
472 174 1208 333
472 173 1208 1387
476 175 1208 1370
477 176 1208 584
477 177 1208 368
477 178 1208 384
477 179 1208 27
478 180 1208 755
484 181 1208 1675
499 182 1208 1906
500 183 1208 677
501 184 1208 518
507 185 1208 1639
508 186 1208 643
508 187 1208 186
509 188 1208 712
509 189 1208 24
510 190 1208 614
512 193 1208 186
512 192 1208 123
512 191 1208 874
514 194 1208 960
514 195 1208 434
514 196 1208 232
514 197 1208 94
514 198 1208 458
521 199 1208 1710
522 200 1208 694
527 202 1208 388
527 201 1208 1531
529 203 1208 919
529 204 1208 424
529 205 1208 232
531 206 1208 885
531 207 1208 166
533 208 1208 908
535 209 1208 972
535 210 1208 407
537 211 1208 1098
538 212 1208 595
540 213 1208 1141
541 214 1208 738
542 215 1208 505
542 216 1208 201
544 217 1208 882
544 218 1208 240
554 219 1208 1851
556 221 1208 191
556 220 1208 1129
558 222 1208 1140
558 223 1208 488
559 224 1208 648
562 225 1208 1287
562 226 1208 10
567 227 1208 1606
567 228 1208 427
576 229 1208 1824
578 231 1208 489
578 230 1208 1137
588 232 1208 1835
589 233 1208 599
592 234 1208 1257
595 235 1208 1148
598 236 1208 1287
600 237 1208 986
600 238 1208 252
600 239 1208 285
601 241 1208 477
601 240 1208 754
604 242 1208 1203
610 243 1208 1664
615 244 1208 1542
619 245 1208 1440
619 246 1208 278
621 247 1208 907
625 249 1208 455
625 250 1208 233
625 248 1208 1373
628 251 1208 1275
636 252 1208 1779
637 253 1208 531
638 254 1208 580
639 255 1208 503
639 256 1208 391
648 258 1208 271
648 257 1208 1824
650 260 1208 221
650 259 1208 1062
653 261 1208 1203
659 262 1208 1664
661 263 1208 1009
669 264 1208 1759
679 265 1208 1842
682 266 1208 1188
703 267 1208 1921
712 268 1208 1809
717 269 1208 1514
720 270 1208 1142
722 271 1208 1139
723 272 1208 629
735 273 1208 1879
737 274 1208 1096
738 275 1208 652
740 276 1208 912
744 277 1208 1400
746 278 1208 871
748 279 1208 1132
750 280 1208 1008
752 281 1208 1028
752 282 1208 233
766 283 1208 1896
771 284 1208 1590
779 285 1208 1786
780 286 1208 635
783 288 1208 18
783 287 1208 1303
784 289 1208 753
785 290 1208 757
789 291 1208 1387
790 292 1208 715
792 293 1208 1114
792 294 1208 63
796 295 1208 1476
797 297 1208 194
797 296 1208 738
807 298 1208 1829
813 299 1208 1624
813 300 1208 252
813 301 1208 282
815 302 1208 1022
823 303 1208 1783
826 304 1208 1237
828 305 1208 1019
829 306 1208 646
