4 0 147 1412
7 1 147 1308
7 2 147 232
10 3 147 1203
16 4 147 1638
16 5 147 318
17 6 147 743
24 7 147 1750
32 8 147 1756
35 9 147 1336
37 10 147 934
45 11 147 1763
46 12 147 708
47 13 147 577
48 14 147 665
49 15 147 621
52 16 147 1204
56 17 147 1488
57 18 147 633
59 19 147 1100
64 20 147 1583
68 21 147 1486
71 22 147 1291
71 23 147 239
71 24 147 374
73 25 147 1023
75 26 147 963
77 27 147 914
85 28 147 1769
94 29 147 1807
94 30 147 303
102 31 147 1776
105 32 147 1316
107 33 147 1040
117 38 147 251
117 36 147 399
117 37 147 340
117 35 147 180
117 34 147 1836
118 39 147 511
118 40 147 421
118 41 147 167
119 42 147 776
120 43 147 680
120 44 147 334
122 45 147 908
125 46 147 1190
127 47 147 969
127 48 147 334
127 49 147 152
129 50 147 1090
130 51 147 780
132 52 147 906
132 53 147 353
141 54 147 1827
151 56 147 17
151 55 147 1851
169 57 147 1918
170 58 147 829
171 59 147 615
174 60 147 1280
182 61 147 1753
197 62 147 1905
209 63 147 1874
211 64 147 1033
213 65 147 1083
213 66 147 446
218 67 147 1593
219 68 147 665
219 69 147 485
219 70 147 222
220 71 147 863
223 73 147 122
223 72 147 1236
224 74 147 678
228 75 147 1416
229 76 147 709
230 77 147 611
240 78 147 1830
244 79 147 1391
252 80 147 1758
271 81 147 1918
272 82 147 579
278 83 147 1617
279 84 147 717
283 85 147 1448
285 86 147 869
287 87 147 962
289 88 147 1138
305 89 147 1910
305 90 147 162
305 91 147 406
309 92 147 1436
314 93 147 1560
317 94 147 1155
318 95 147 592
318 96 147 186
319 97 147 827
324 98 147 1571
327 99 147 1176
327 100 147 461
332 101 147 1521
332 102 147 303
340 103 147 1773
351 104 147 1855
351 105 147 227
355 106 147 1468
356 107 147 784
361 108 147 1600
361 109 147 410
363 110 147 1142
366 111 147 1330
366 112 147 87
370 113 147 1362
371 114 147 782
374 115 147 1286
377 116 147 1174
377 117 147 288
380 118 147 1156
385 119 147 1510
385 120 147 213
389 122 147 455
389 121 147 1409
390 123 147 680
390 124 147 322
397 125 147 1740
401 126 147 1351
406 127 147 1601
408 128 147 891
408 129 147 85
411 130 147 1229
420 131 147 1806
422 132 147 964
423 133 147 654
425 134 147 929
425 135 147 236
431 136 147 1614
432 137 147 730
438 138 147 1687
438 139 147 490
453 140 147 1904
453 141 147 84
456 142 147 1287
457 143 147 727
458 144 147 767
459 145 147 757
459 146 147 318
459 147 147 73
460 148 147 778
468 149 147 1794
471 150 147 1343
480 151 147 1823
485 153 147 61
485 152 147 1595
487 154 147 962
489 155 147 977
491 156 147 1066
496 157 147 1548
500 158 147 1450
500 159 147 114
501 160 147 800
509 161 147 1792
518 162 147 1818
523 163 147 1514
525 164 147 1106
528 165 147 1260
528 166 147 365
532 167 147 1358
532 168 147 433
533 169 147 546
538 171 147 443
538 170 147 1596
539 172 147 525
540 173 147 666
545 174 147 1530
545 175 147 129
545 176 147 122
551 177 147 1653
561 178 147 1837
565 179 147 1490
569 180 147 1422
572 181 147 1277
573 182 147 822
575 183 147 1021
576 184 147 667
579 185 147 1330
579 186 147 211
581 187 147 903
587 188 147 1616
599 189 147 1876
601 191 147 66
601 190 147 1094
604 192 147 1205
609 193 147 1572
615 194 147 1614
615 195 147 112
615 196 147 190
622 197 147 1697
627 198 147 1545
631 200 147 391
631 199 147 1432
633 201 147 885
638 202 147 1564
638 203 147 232
638 204 147 197
640 205 147 899
643 206 147 1297
645 208 147 455
645 207 147 928
646 209 147 833
647 210 147 855
650 211 147 1338
656 212 147 1635
668 213 147 1885
669 214 147 617
673 215 147 1447
675 216 147 969
676 217 147 796
677 218 147 846
684 219 147 1701
686 220 147 1049
690 221 147 1387
696 222 147 1666
696 223 147 482
700 224 147 1376
705 225 147 1530
708 226 147 1163
710 227 147 878
712 228 147 977
716 229 147 1417
727 230 147 1863
727 231 147 349
727 232 147 107
727 233 147 405
729 234 147 1098
730 235 147 537
736 236 147 1637
737 237 147 590
738 238 147 824
745 240 147 32
745 239 147 1692
748 241 147 1207
748 242 147 447
749 243 147 783
751 244 147 1021
757 245 147 1681
757 246 147 356
760 247 147 1244
762 249 147 166
762 248 147 955
764 250 147 1068
767 251 147 1318
768 252 147 851
776 253 147 1769
776 254 147 383
778 255 147 929
781 256 147 1143
783 257 147 1082
784 258 147 781
785 259 147 592
791 260 147 1661
791 261 147 419
803 262 147 1876
805 263 147 963
807 264 147 894
808 265 147 506
811 266 147 1231
814 267 147 1230
815 268 147 786
815 269 147 80
822 270 147 1734
822 271 147 379
836 272 147 1897
838 273 147 1078
844 274 147 1668
852 275 147 1767
854 276 147 939
856 277 147 883
860 278 147 1385
866 279 147 1620
869 280 147 1173
879 281 147 1843
889 282 147 1847
890 283 147 810
890 284 147 349
891 285 147 544
895 289 147 169
895 288 147 21
895 286 147 1422
895 287 147 262
898 290 147 1318
899 291 147 555
906 292 147 1734
906 293 147 231
906 294 147 31
911 295 147 1537
914 296 147 1255
918 297 147 1409
927 298 147 1813
928 299 147 515
928 300 147 450
930 301 147 1051
930 302 147 458
932 303 147 875
932 304 147 357
933 305 147 688
937 306 147 1346
