9 0 1432 1818
12 1 1432 1274
18 2 1432 1643
27 3 1432 1815
29 4 1432 897
33 5 1432 1490
36 6 1432 1186
37 9 1432 380
37 8 1432 320
37 7 1432 644
40 10 1432 1260
45 11 1432 1591
51 12 1432 1678
52 13 1432 542
57 14 1432 1533
57 15 1432 390
58 16 1432 822
60 18 1432 384
60 17 1432 1130
63 19 1432 1143
63 20 1432 362
67 21 1432 1348
67 22 1432 431
70 23 1432 1305
73 24 1432 1199
77 25 1432 1494
84 26 1432 1689
89 27 1432 1580
90 28 1432 852
90 29 1432 443
91 30 1432 849
102 31 1432 1868
109 32 1432 1740
112 35 1432 214
112 36 1432 405
112 33 1432 1330
112 34 1432 49
121 37 1432 1805
124 38 1432 1142
126 39 1432 1094
130 40 1432 1487
137 41 1432 1701
137 42 1432 376
137 43 1432 191
137 44 1432 22
142 45 1432 1583
143 46 1432 615
144 47 1432 614
150 48 1432 1612
150 49 1432 446
150 50 1432 61
150 51 1432 119
151 52 1432 518
152 53 1432 785
152 54 1432 354
152 55 1432 469
153 57 1432 337
153 56 1432 842
154 58 1432 615
157 59 1432 1328
164 60 1432 1725
169 61 1432 1531
176 62 1432 1717
185 63 1432 1801
189 64 1432 1455
192 65 1432 1316
200 68 1432 492
200 66 1432 1775
200 67 1432 347
203 69 1432 1318
219 70 1432 1909
221 71 1432 941
237 72 1432 1912
240 73 1432 1214
245 74 1432 1580
246 75 1432 586
248 77 1432 240
248 76 1432 972
251 78 1432 1283
256 79 1432 1541
258 80 1432 879
260 81 1432 1075
273 82 1432 1892
273 83 1432 405
273 84 1432 382
274 85 1432 730
278 86 1432 1349
280 87 1432 955
282 88 1432 975
287 89 1432 1504
290 90 1432 1297
290 91 1432 68
293 92 1432 1189
300 93 1432 1739
303 94 1432 1294
315 95 1432 1881
331 96 1432 1909
332 97 1432 499
333 98 1432 660
334 99 1432 630
341 100 1432 1732
341 101 1432 267
341 102 1432 121
341 103 1432 294
341 104 1432 462
343 106 1432 132
343 105 1432 1044
346 107 1432 1229
348 108 1432 1129
355 109 1432 1693
359 110 1432 1422
360 111 1432 602
362 112 1432 978
364 113 1432 999
364 114 1432 449
365 115 1432 649
370 116 1432 1563
373 117 1432 1311
377 118 1432 1419
378 119 1432 725
391 120 1432 1892
392 121 1432 820
395 122 1432 1297
397 124 1432 21
397 123 1432 912
407 125 1432 1840
413 126 1432 1676
413 127 1432 173
423 128 1432 1845
429 129 1432 1624
430 130 1432 601
430 131 1432 472
435 132 1432 1504
436 133 1432 652
443 134 1432 1733
444 135 1432 612
446 136 1432 953
451 137 1432 1598
462 138 1432 1868
465 139 1432 1262
466 140 1432 598
466 141 1432 120
474 142 1432 1750
477 144 1432 82
477 143 1432 1207
478 145 1432 694
480 146 1432 1014
480 147 1432 190
483 148 1432 1289
484 149 1432 644
484 150 1432 318
485 151 1432 598
487 152 1432 1005
498 153 1432 1860
499 154 1432 663
501 155 1432 912
503 156 1432 895
505 157 1432 1133
505 158 1432 272
506 159 1432 546
509 160 1432 1292
521 161 1432 1883
524 162 1432 1308
528 163 1432 1430
530 164 1432 1091
532 165 1432 949
534 166 1432 1022
534 167 1432 326
537 168 1432 1190
545 169 1432 1762
551 170 1432 1621
564 171 1432 1889
568 174 1432 126
568 172 1432 1367
568 173 1432 156
576 175 1432 1772
578 176 1432 994
578 177 1432 89
579 178 1432 830
582 179 1432 1251
583 180 1432 826
587 181 1432 1485
588 182 1432 808
591 183 1432 1200
594 184 1432 1306
594 185 1432 3
598 186 1432 1392
603 187 1432 1569
620 188 1432 1914
621 189 1432 821
627 190 1432 1642
634 191 1432 1744
637 192 1432 1325
640 193 1432 1322
653 194 1432 1894
654 195 1432 639
655 196 1432 736
655 197 1432 320
655 198 1432 115
657 199 1432 1057
662 200 1432 1597
663 201 1432 688
665 202 1432 925
669 203 1432 1452
671 204 1432 948
671 205 1432 353
674 206 1432 1155
675 207 1432 848
682 208 1432 1733
683 209 1432 816
693 210 1432 1843
694 211 1432 805
694 212 1432 303
696 213 1432 946
702 214 1432 1644
709 215 1432 1732
711 216 1432 1075
711 217 1432 108
711 218 1432 123
713 219 1432 1088
717 220 1432 1481
721 221 1432 1378
721 222 1432 336
721 223 1432 369
721 224 1432 120
730 225 1432 1801
731 226 1432 564
731 227 1432 45
731 228 1432 187
735 229 1432 1412
737 230 1432 1035
738 231 1432 673
752 232 1432 1898
759 233 1432 1697
764 234 1432 1579
764 235 1432 137
765 236 1432 560
768 237 1432 1281
768 238 1432 252
770 239 1432 953
771 240 1432 773
772 241 1432 544
780 242 1432 1761
782 243 1432 1097
784 244 1432 902
785 245 1432 836
789 246 1432 1441
789 247 1432 379
794 249 1432 162
794 248 1432 1602
798 250 1432 1488
799 251 1432 628
799 252 1432 196
801 253 1432 952
806 254 1432 1500
806 255 1432 218
806 256 1432 351
807 257 1432 555
810 258 1432 1331
812 259 1432 1071
819 260 1432 1714
821 261 1432 1109
822 262 1432 660
822 263 1432 321
829 264 1432 1705
832 265 1432 1169
833 266 1432 831
834 267 1432 530
837 268 1432 1291
842 269 1432 1507
845 270 1432 1171
852 271 1432 1719
860 272 1432 1780
862 273 1432 1095
862 274 1432 315
864 275 1432 937
869 276 1432 1541
872 277 1432 1164
876 278 1432 1391
879 279 1432 1209
879 280 1432 359
879 281 1432 184
879 282 1432 368
879 283 1432 24
889 284 1432 1848
889 285 1432 407
889 286 1432 476
891 288 1432 196
891 287 1432 946
895 289 1432 1360
902 290 1432 1711
902 291 1432 4
914 292 1432 1874
916 293 1432 1105
919 294 1432 1163
924 295 1432 1588
933 296 1432 1808
937 297 1432 1440
940 298 1432 1317
946 299 1432 1658
946 300 1432 4
948 301 1432 911
950 302 1432 1012
950 303 1432 95
952 304 1432 916
959 305 1432 1694
960 306 1432 772
