1 0 186 762
1 1 186 99
4 2 186 1305
8 3 186 1387
10 4 186 983
11 5 186 741
13 6 186 1081
16 7 186 1244
17 8 186 686
20 9 186 1325
21 10 186 701
40 11 186 1918
41 12 186 574
44 13 186 1262
44 14 186 80
45 15 186 732
52 19 186 322
52 18 186 280
52 16 186 1724
52 17 186 371
54 20 186 1072
55 21 186 701
57 22 186 963
58 23 186 735
58 24 186 26
58 25 186 424
62 26 186 1400
68 27 186 1616
74 28 186 1665
76 29 186 952
76 30 186 407
76 31 186 121
77 35 186 393
77 34 186 362
77 36 186 9
77 32 186 737
77 33 186 144
78 37 186 516
79 38 186 533
80 39 186 627
82 40 186 893
83 41 186 500
83 42 186 146
84 43 186 595
86 44 186 989
89 45 186 1236
91 46 186 1134
95 47 186 1371
104 48 186 1826
108 49 186 1376
117 50 186 1824
127 51 186 1836
136 52 186 1817
144 53 186 1750
144 54 186 349
144 55 186 60
146 56 186 1060
147 57 186 569
151 58 186 1361
152 59 186 559
155 60 186 1266
159 61 186 1390
164 62 186 1503
170 63 186 1659
172 64 186 917
173 65 186 580
176 67 186 430
176 66 186 1180
178 68 186 900
184 69 186 1612
185 70 186 723
188 71 186 1208
196 72 186 1763
201 73 186 1578
205 74 186 1353
206 75 186 572
207 77 186 368
207 76 186 555
213 78 186 1671
214 79 186 714
217 80 186 1214
217 81 186 28
224 82 186 1715
224 83 186 289
226 84 186 1052
226 85 186 495
226 86 186 229
228 87 186 912
235 88 186 1720
235 89 186 302
238 90 186 1257
242 91 186 1364
244 92 186 1079
258 93 186 1899
261 94 186 1285
265 95 186 1427
267 97 186 412
267 96 186 921
272 98 186 1602
272 99 186 409
272 100 186 55
273 101 186 704
273 102 186 471
273 103 186 213
274 104 186 653
275 108 186 396
275 107 186 238
275 106 186 73
275 105 186 615
282 109 186 1702
286 110 186 1430
287 111 186 692
288 112 186 823
289 113 186 646
292 114 186 1269
295 115 186 1237
300 116 186 1600
303 117 186 1214
304 118 186 606
304 119 186 421
304 120 186 350
304 121 186 268
305 122 186 634
306 124 186 355
306 123 186 598
309 125 186 1283
309 126 186 128
317 127 186 1788
317 128 186 292
327 129 186 1850
332 130 186 1575
332 131 186 142
333 132 186 690
336 133 186 1262
337 134 186 658
338 135 186 509
342 136 186 1481
347 137 186 1501
352 138 186 1560
352 139 186 436
352 140 186 422
369 141 186 1916
370 142 186 515
370 143 186 18
371 144 186 796
372 145 186 564
373 146 186 541
373 147 186 432
374 148 186 629
374 149 186 47
382 150 186 1752
388 151 186 1631
395 152 186 1731
398 154 186 58
398 153 186 1181
405 155 186 1712
405 156 186 70
414 157 186 1798
422 158 186 1782
425 159 186 1294
425 160 186 487
425 161 186 209
436 164 186 126
436 163 186 470
436 162 186 1870
439 165 186 1287
439 166 186 2
443 167 186 1485
459 168 186 1913
460 169 186 759
466 170 186 1681
466 171 186 98
471 173 186 169
471 172 186 1578
497 174 186 1924
497 175 186 359
503 176 186 1677
504 177 186 615
511 178 186 1726
518 179 186 1716
519 180 186 742
525 181 186 1620
528 184 186 98
528 182 186 1159
528 183 186 244
539 185 186 1868
539 186 186 336
543 187 186 1434
546 188 186 1203
548 189 186 871
548 190 186 439
554 191 186 1608
560 192 186 1644
560 193 186 266
572 194 186 1874
572 195 186 212
572 196 186 45
572 197 186 45
581 198 186 1816
585 199 186 1434
586 200 186 561
588 201 186 980
588 202 186 444
596 203 186 1794
596 204 186 291
602 205 186 1653
602 206 186 53
607 207 186 1561
610 208 186 1181
616 210 186 34
616 209 186 1624
620 211 186 1379
620 212 186 71
620 213 186 66
621 214 186 552
622 215 186 791
624 216 186 975
630 219 186 183
630 218 186 372
630 217 186 1625
632 220 186 951
632 221 186 493
632 222 186 282
634 223 186 1041
634 224 186 320
634 225 186 72
634 226 186 379
637 227 186 1312
637 228 186 219
644 230 186 314
644 229 186 1711
650 231 186 1632
651 232 186 724
651 233 186 292
654 234 186 1154
660 235 186 1686
663 236 186 1175
666 237 186 1289
678 239 186 369
678 238 186 1878
687 240 186 1815
688 241 186 699
688 242 186 252
693 243 186 1504
694 244 186 836
696 245 186 984
701 246 186 1536
706 247 186 1577
712 248 186 1638
714 249 186 1082
717 250 186 1162
717 251 186 344
722 252 186 1598
728 253 186 1633
728 254 186 482
728 255 186 67
729 256 186 697
732 257 186 1328
736 259 186 218
736 258 186 1474
739 260 186 1274
740 261 186 665
743 262 186 1342
747 263 186 1395
750 264 186 1310
750 265 186 327
751 266 186 655
758 267 186 1704
759 268 186 836
760 269 186 790
765 270 186 1541
771 271 186 1611
777 272 186 1672
777 273 186 2
777 274 186 292
777 275 186 252
777 276 186 241
778 277 186 703
778 278 186 204
781 279 186 1260
781 280 186 461
782 281 186 726
787 282 186 1598
789 283 186 1062
790 284 186 548
803 286 186 34
803 285 186 1894
805 287 186 1015
812 288 186 1734
814 289 186 1087
816 290 186 988
824 291 186 1772
831 292 186 1739
837 293 186 1659
839 294 186 1020
842 295 186 1149
845 296 186 1282
846 297 186 781
846 298 186 194
847 299 186 509
847 300 186 329
855 301 186 1757
856 302 186 741
857 303 186 848
861 304 186 1466
865 305 186 1476
866 306 186 597
