1 0 279 648
3 1 279 1118
13 2 279 1833
15 3 279 1117
17 4 279 1128
18 5 279 570
18 6 279 373
24 7 279 1647
25 8 279 849
33 9 279 1795
35 10 279 1016
38 11 279 1304
42 12 279 1377
45 13 279 1315
49 14 279 1405
50 15 279 584
56 17 279 409
56 16 279 1669
58 18 279 1044
58 19 279 347
60 20 279 954
63 21 279 1253
66 22 279 1254
68 23 279 879
69 24 279 527
69 25 279 0
72 26 279 1325
75 27 279 1336
75 28 279 290
77 29 279 1060
80 30 279 1223
90 31 279 1843
93 32 279 1304
96 34 279 370
96 33 279 1212
97 35 279 865
101 37 279 345
101 36 279 1424
102 38 279 720
103 39 279 713
106 40 279 1278
106 41 279 430
115 42 279 1828
125 43 279 1831
127 44 279 924
128 45 279 754
133 46 279 1583
134 47 279 592
134 48 279 149
135 49 279 689
141 50 279 1654
145 51 279 1345
152 52 279 1749
155 53 279 1305
157 54 279 920
160 55 279 1319
168 56 279 1788
170 57 279 953
171 58 279 589
173 59 279 1127
176 60 279 1169
178 61 279 961
182 62 279 1356
189 63 279 1713
190 64 279 571
192 67 279 164
192 65 279 1098
192 66 279 0
194 68 279 945
195 69 279 540
197 70 279 1085
200 71 279 1324
206 72 279 1614
206 73 279 330
208 74 279 994
209 75 279 523
213 76 279 1350
217 77 279 1348
229 78 279 1880
236 79 279 1698
236 80 279 342
237 81 279 732
240 82 279 1187
245 83 279 1525
248 84 279 1331
257 86 279 93
257 85 279 1802
280 87 279 1923
280 88 279 292
282 89 279 975
284 90 279 1001
284 91 279 470
290 92 279 1680
295 93 279 1517
299 95 279 317
299 94 279 1469
301 96 279 999
301 97 279 114
304 98 279 1259
312 99 279 1751
313 100 279 754
317 101 279 1418
322 102 279 1572
327 103 279 1534
332 105 279 329
332 104 279 1529
338 106 279 1656
342 107 279 1419
342 108 279 311
342 109 279 397
355 110 279 1894
355 111 279 440
357 112 279 998
358 113 279 816
359 115 279 437
359 114 279 785
366 116 279 1698
374 117 279 1755
374 118 279 381
375 119 279 694
377 120 279 1004
377 121 279 1
386 122 279 1797
399 123 279 1894
403 124 279 1463
404 125 279 614
409 126 279 1568
409 127 279 96
410 128 279 786
411 129 279 677
415 130 279 1449
418 131 279 1235
418 132 279 88
418 133 279 128
420 134 279 944
421 135 279 848
423 136 279 1084
428 137 279 1578
449 138 279 1921
451 139 279 1001
451 140 279 146
452 141 279 599
458 142 279 1611
467 143 279 1820
469 144 279 1005
470 145 279 560
474 146 279 1397
475 147 279 863
476 148 279 731
478 149 279 1031
479 150 279 543
482 151 279 1168
488 152 279 1658
489 153 279 565
490 154 279 746
491 155 279 752
496 156 279 1546
501 157 279 1603
501 158 279 70
503 159 279 914
504 160 279 685
509 161 279 1559
510 162 279 632
515 163 279 1559
517 164 279 873
518 165 279 659
518 166 279 352
520 167 279 869
529 168 279 1797
540 169 279 1862
543 170 279 1278
543 171 279 120
551 172 279 1759
554 173 279 1304
555 174 279 547
555 175 279 405
555 176 279 314
569 177 279 1902
571 178 279 888
573 179 279 903
576 180 279 1142
577 181 279 705
580 182 279 1290
586 183 279 1679
586 184 279 133
586 185 279 280
591 186 279 1502
595 187 279 1447
598 188 279 1307
598 189 279 191
601 190 279 1226
605 191 279 1406
610 192 279 1507
612 193 279 1006
612 194 279 316
613 195 279 512
626 196 279 1891
626 197 279 52
628 198 279 947
628 199 279 346
628 200 279 208
629 201 279 527
631 202 279 991
632 203 279 794
638 204 279 1678
638 205 279 423
641 209 279 340
641 208 279 18
641 210 279 437
641 206 279 1334
641 207 279 353
646 211 279 1569
647 212 279 714
649 213 279 1092
656 214 279 1697
671 215 279 1905
671 216 279 269
673 217 279 877
677 218 279 1425
678 219 279 592
680 220 279 1082
681 221 279 829
685 222 279 1487
690 223 279 1605
691 224 279 635
700 225 279 1796
701 226 279 537
702 227 279 752
704 231 279 262
704 230 279 439
704 229 279 35
704 228 279 988
706 232 279 954
707 233 279 542
708 234 279 695
709 235 279 614
715 236 279 1638
715 237 279 495
715 238 279 1
721 239 279 1635
723 240 279 871
726 241 279 1149
730 242 279 1429
732 243 279 967
738 244 279 1679
743 245 279 1582
744 246 279 691
744 247 279 415
747 250 279 243
747 248 279 1234
747 249 279 335
749 251 279 1013
750 252 279 551
750 253 279 354
753 254 279 1188
756 255 279 1303
758 256 279 965
761 258 279 158
761 257 279 1310
770 259 279 1806
779 260 279 1810
780 261 279 582
783 262 279 1289
798 263 279 1908
807 265 279 175
807 264 279 1826
808 268 279 397
808 266 279 614
808 267 279 171
810 269 279 1082
810 270 279 267
817 271 279 1698
819 272 279 876
826 273 279 1715
832 274 279 1646
843 275 279 1858
846 276 279 1324
847 277 279 519
857 278 279 1851
859 279 279 978
861 280 279 1105
861 281 279 122
865 282 279 1442
866 283 279 653
873 284 279 1716
877 285 279 1350
883 286 279 1635
884 287 279 600
887 288 279 1279
890 289 279 1316
895 290 279 1574
895 291 279 327
895 292 279 337
895 293 279 119
902 294 279 1750
902 295 279 288
910 296 279 1785
914 297 279 1446
916 298 279 1065
921 299 279 1503
923 300 279 967
924 304 279 67
924 303 279 151
924 305 279 469
924 301 279 519
924 302 279 18
924 306 279 137
