3 0 1522 1228
5 1 1522 1022
7 2 1522 1086
13 3 1522 1649
20 4 1522 1721
20 5 1522 371
21 6 1522 775
21 7 1522 288
22 9 1522 297
22 8 1522 579
23 10 1522 814
28 11 1522 1579
29 12 1522 818
31 13 1522 1096
34 14 1522 1330
48 15 1522 1902
48 16 1522 66
50 17 1522 1014
51 18 1522 503
51 19 1522 2
51 20 1522 67
53 21 1522 1113
58 22 1522 1594
58 23 1522 11
68 24 1522 1829
68 25 1522 99
71 26 1522 1258
74 27 1522 1323
74 28 1522 181
79 29 1522 1602
81 30 1522 919
81 31 1522 438
81 32 1522 195
82 33 1522 730
83 35 1522 415
83 36 1522 215
83 34 1522 620
84 37 1522 728
87 38 1522 1189
91 39 1522 1439
92 40 1522 639
98 41 1522 1611
98 42 1522 359
99 43 1522 502
102 44 1522 1164
104 45 1522 966
113 46 1522 1811
113 47 1522 478
113 48 1522 204
122 49 1522 1824
126 50 1522 1457
127 51 1522 660
127 52 1522 333
129 53 1522 972
132 55 1522 114
132 54 1522 1207
136 56 1522 1353
138 57 1522 1074
145 58 1522 1745
151 59 1522 1622
153 60 1522 1037
157 61 1522 1377
157 62 1522 106
159 63 1522 902
162 64 1522 1302
162 65 1522 376
166 66 1522 1383
166 67 1522 88
166 68 1522 476
168 69 1522 915
174 70 1522 1686
177 71 1522 1262
184 72 1522 1750
186 73 1522 989
189 75 1522 381
189 74 1522 1288
190 76 1522 753
192 77 1522 1091
193 78 1522 772
194 79 1522 862
194 80 1522 212
195 81 1522 779
197 86 1522 104
197 85 1522 259
197 84 1522 144
197 83 1522 282
197 82 1522 1118
200 87 1522 1148
204 88 1522 1448
205 89 1522 505
207 90 1522 987
209 91 1522 1066
211 92 1522 907
215 94 1522 401
215 93 1522 1491
218 95 1522 1187
223 96 1522 1505
227 97 1522 1382
229 98 1522 1125
230 99 1522 787
235 100 1522 1508
242 101 1522 1722
242 102 1522 2
245 105 1522 195
245 103 1522 1214
245 104 1522 137
246 106 1522 835
249 107 1522 1269
255 108 1522 1608
256 109 1522 825
259 111 1522 261
259 110 1522 1285
259 112 1522 302
261 113 1522 882
265 114 1522 1409
265 115 1522 257
265 116 1522 258
272 117 1522 1748
273 118 1522 757
275 119 1522 1042
275 120 1522 271
275 121 1522 235
276 122 1522 565
289 123 1522 1895
299 124 1522 1853
300 125 1522 620
300 126 1522 354
300 127 1522 258
301 128 1522 587
301 129 1522 101
302 130 1522 801
305 131 1522 1296
318 132 1522 1891
334 133 1522 1909
337 134 1522 1279
337 135 1522 414
338 136 1522 777
347 137 1522 1829
347 138 1522 144
359 139 1522 1874
363 140 1522 1349
364 141 1522 760
368 142 1522 1464
369 143 1522 622
372 144 1522 1144
373 145 1522 725
374 146 1522 763
374 147 1522 25
374 148 1522 82
374 149 1522 144
376 150 1522 928
382 151 1522 1681
383 153 1522 82
383 152 1522 625
384 154 1522 516
387 155 1522 1272
390 156 1522 1157
390 157 1522 32
393 158 1522 1286
397 159 1522 1442
405 160 1522 1765
406 161 1522 576
407 162 1522 681
412 163 1522 1506
412 164 1522 24
429 165 1522 1914
429 166 1522 295
429 167 1522 317
434 168 1522 1527
436 169 1522 994
440 171 1522 354
440 170 1522 1405
445 172 1522 1603
446 173 1522 807
452 174 1522 1618
456 175 1522 1435
457 176 1522 695
468 177 1522 1867
469 178 1522 751
471 179 1522 1128
479 183 1522 443
479 182 1522 176
479 180 1522 1781
479 181 1522 329
481 184 1522 1097
483 185 1522 1044
484 186 1522 671
493 187 1522 1809
497 188 1522 1393
497 189 1522 6
500 190 1522 1182
501 191 1522 745
502 192 1522 542
503 193 1522 627
503 194 1522 109
504 195 1522 772
504 196 1522 79
516 197 1522 1883
517 198 1522 598
520 202 1522 422
520 201 1522 446
520 199 1522 1155
520 200 1522 429
522 203 1522 1012
523 204 1522 663
524 205 1522 574
524 206 1522 78
531 207 1522 1742
531 208 1522 388
533 209 1522 1005
534 210 1522 577
537 211 1522 1214
540 212 1522 1205
540 213 1522 158
545 214 1522 1586
549 215 1522 1435
549 216 1522 400
549 217 1522 237
549 218 1522 409
551 219 1522 904
554 220 1522 1242
554 221 1522 411
555 222 1522 849
560 223 1522 1520
567 224 1522 1737
568 225 1522 660
575 226 1522 1736
577 227 1522 976
578 228 1522 698
579 229 1522 845
583 230 1522 1356
584 231 1522 737
587 232 1522 1269
592 233 1522 1520
593 234 1522 698
596 235 1522 1335
606 236 1522 1831
608 237 1522 1088
615 238 1522 1705
616 239 1522 522
618 240 1522 966
619 241 1522 854
623 242 1522 1420
623 243 1522 388
627 244 1522 1354
640 245 1522 1892
644 246 1522 1464
644 247 1522 384
646 248 1522 965
647 249 1522 598
647 250 1522 371
655 251 1522 1766
659 252 1522 1474
665 253 1522 1618
675 254 1522 1837
675 255 1522 18
680 256 1522 1522
681 257 1522 826
684 258 1522 1200
684 259 1522 2
685 260 1522 763
687 261 1522 1026
689 262 1522 1044
693 263 1522 1467
698 264 1522 1573
706 265 1522 1765
717 266 1522 1870
723 267 1522 1610
727 268 1522 1384
727 269 1522 251
732 270 1522 1529
735 271 1522 1237
735 272 1522 457
744 273 1522 1811
755 274 1522 1862
755 275 1522 388
757 278 1522 166
757 276 1522 916
757 277 1522 460
765 279 1522 1769
767 280 1522 1121
771 284 1522 474
771 281 1522 1351
771 282 1522 10
771 283 1522 99
776 285 1522 1515
779 286 1522 1188
784 287 1522 1575
790 288 1522 1608
791 289 1522 680
798 290 1522 1738
800 291 1522 1004
809 292 1522 1813
816 293 1522 1702
822 294 1522 1684
833 295 1522 1864
840 296 1522 1734
852 297 1522 1877
853 298 1522 739
858 299 1522 1514
858 300 1522 22
866 301 1522 1778
868 302 1522 924
869 303 1522 714
871 304 1522 994
873 305 1522 1059
876 306 1522 1308
