0 0 1702 256
6 1 1702 1638
9 2 1702 1329
13 3 1702 1440
13 4 1702 364
13 5 1702 341
13 6 1702 180
22 7 1702 1805
22 8 1702 386
26 13 1702 94
26 12 1702 293
26 9 1702 1405
26 10 1702 410
26 11 1702 374
27 14 1702 535
28 15 1702 507
32 16 1702 1467
35 17 1702 1321
43 20 1702 420
43 18 1702 1791
43 19 1702 410
44 21 1702 762
52 22 1702 1775
54 23 1702 962
59 24 1702 1572
59 25 1702 117
59 26 1702 46
62 27 1702 1278
63 28 1702 697
67 29 1702 1426
67 30 1702 486
69 31 1702 966
70 32 1702 568
70 33 1702 216
74 34 1702 1420
76 35 1702 958
81 36 1702 1500
82 37 1702 615
86 38 1702 1470
88 39 1702 923
91 40 1702 1181
97 41 1702 1652
107 42 1702 1831
107 43 1702 427
108 44 1702 676
111 45 1702 1235
111 46 1702 316
113 47 1702 1117
118 48 1702 1592
123 49 1702 1545
123 50 1702 248
124 51 1702 521
125 52 1702 569
131 53 1702 1634
132 54 1702 644
136 55 1702 1418
144 57 1702 367
144 56 1702 1787
152 58 1702 1792
152 59 1702 247
152 60 1702 294
153 61 1702 826
155 62 1702 1108
157 63 1702 885
159 64 1702 918
163 65 1702 1368
170 67 1702 76
170 66 1702 1730
171 68 1702 599
176 69 1702 1501
178 70 1702 932
179 71 1702 852
187 72 1702 1776
188 73 1702 868
191 74 1702 1154
192 75 1702 693
193 76 1702 855
197 77 1702 1348
197 78 1702 286
197 79 1702 337
204 80 1702 1725
205 81 1702 853
211 82 1702 1611
213 83 1702 1076
216 84 1702 1177
229 86 1702 397
229 85 1702 1890
230 87 1702 859
235 88 1702 1497
235 89 1702 1
237 90 1702 1096
239 91 1702 1133
240 92 1702 747
243 93 1702 1222
244 95 1702 354
244 94 1702 628
245 96 1702 544
247 97 1702 946
251 98 1702 1434
254 99 1702 1232
258 100 1702 1429
258 101 1702 239
259 102 1702 518
259 103 1702 90
260 104 1702 613
263 105 1702 1321
264 106 1702 669
270 107 1702 1625
270 108 1702 480
282 109 1702 1875
283 110 1702 563
283 111 1702 438
283 112 1702 81
287 114 1702 446
287 113 1702 1455
291 115 1702 1366
293 116 1702 1140
293 117 1702 31
299 118 1702 1632
301 119 1702 952
303 120 1702 971
305 121 1702 871
306 122 1702 504
307 124 1702 405
307 123 1702 597
314 125 1702 1723
314 126 1702 104
315 127 1702 553
315 128 1702 240
316 129 1702 799
316 130 1702 148
326 131 1702 1834
336 132 1702 1839
338 133 1702 978
339 134 1702 833
343 135 1702 1486
343 136 1702 335
348 137 1702 1520
348 138 1702 463
356 139 1702 1780
359 140 1702 1221
360 142 1702 378
360 141 1702 696
365 143 1702 1546
369 144 1702 1363
370 145 1702 657
372 146 1702 1052
375 147 1702 1217
376 148 1702 776
379 149 1702 1187
381 150 1702 1139
382 151 1702 512
385 154 1702 260
385 153 1702 481
385 152 1702 1238
386 155 1702 557
392 156 1702 1660
402 157 1702 1845
408 158 1702 1609
409 159 1702 814
412 160 1702 1217
412 161 1702 115
416 162 1702 1385
421 163 1702 1606
428 164 1702 1727
429 165 1702 653
430 166 1702 524
432 167 1702 1027
433 168 1702 621
435 169 1702 885
437 170 1702 1030
442 171 1702 1544
446 172 1702 1493
454 173 1702 1777
460 174 1702 1656
460 175 1702 275
460 176 1702 492
462 177 1702 883
465 178 1702 1159
471 179 1702 1673
472 180 1702 671
473 181 1702 811
480 182 1702 1702
482 183 1702 977
487 184 1702 1584
492 185 1702 1560
493 186 1702 595
497 187 1702 1358
498 188 1702 718
498 189 1702 275
506 191 1702 415
506 190 1702 1751
516 192 1702 1836
521 193 1702 1573
522 194 1702 562
524 195 1702 1105
527 196 1702 1235
528 197 1702 697
535 198 1702 1744
536 201 1702 25
536 200 1702 132
536 199 1702 709
537 202 1702 596
546 203 1702 1816
546 204 1702 156
551 205 1702 1520
553 206 1702 944
557 207 1702 1386
558 208 1702 750
574 210 1702 65
574 209 1702 1910
575 211 1702 776
576 212 1702 685
587 220 1702 58
587 218 1702 21
587 217 1702 408
587 219 1702 166
587 215 1702 406
587 214 1702 143
587 213 1702 1861
587 216 1702 338
589 221 1702 1091
589 222 1702 309
589 223 1702 346
591 224 1702 1059
592 225 1702 615
598 226 1702 1633
608 227 1702 1844
611 228 1702 1214
612 229 1702 550
614 230 1702 965
621 231 1702 1719
623 232 1702 1064
623 233 1702 450
628 234 1702 1540
629 235 1702 646
629 236 1702 215
638 237 1702 1811
639 239 1702 64
639 238 1702 821
640 240 1702 616
642 241 1702 1134
643 242 1702 607
644 243 1702 732
644 244 1702 210
646 245 1702 974
652 246 1702 1654
666 247 1702 1899
670 249 1702 156
670 248 1702 1430
671 250 1702 767
672 251 1702 827
673 252 1702 676
678 253 1702 1577
679 254 1702 651
681 255 1702 966
687 256 1702 1641
687 257 1702 249
688 258 1702 757
692 259 1702 1465
701 260 1702 1812
703 261 1702 1025
703 262 1702 171
703 263 1702 199
705 264 1702 945
705 265 1702 270
711 267 1702 235
711 268 1702 320
711 266 1702 1637
715 269 1702 1421
715 270 1702 191
715 271 1702 451
720 272 1702 1511
732 273 1702 1882
736 274 1702 1474
737 275 1702 848
737 276 1702 483
742 277 1702 1501
742 278 1702 136
742 279 1702 84
744 280 1702 886
750 281 1702 1658
750 282 1702 413
752 283 1702 1058
759 285 1702 138
759 284 1702 1708
761 286 1702 1043
765 287 1702 1411
772 288 1702 1723
773 289 1702 574
775 290 1702 930
788 291 1702 1890
790 292 1702 1054
793 293 1702 1280
793 294 1702 176
798 295 1702 1516
800 296 1702 963
800 297 1702 408
807 298 1702 1712
818 299 1702 1864
821 300 1702 1261
825 301 1702 1418
830 302 1702 1579
830 303 1702 8
843 305 1702 315
843 304 1702 1890
846 306 1702 1240
