1 0 280 648
3 1 280 1118
13 2 280 1833
15 3 280 1117
17 4 280 1128
18 5 280 570
18 6 280 373
24 7 280 1647
25 8 280 849
33 9 280 1795
35 10 280 1016
38 11 280 1304
42 12 280 1377
45 13 280 1315
49 14 280 1405
50 15 280 584
56 17 280 409
56 16 280 1669
58 18 280 1044
58 19 280 347
60 20 280 954
63 21 280 1253
66 22 280 1254
68 23 280 879
69 24 280 527
69 25 280 0
72 26 280 1325
75 27 280 1336
75 28 280 290
77 29 280 1060
80 30 280 1223
90 31 280 1843
93 32 280 1304
96 34 280 370
96 33 280 1212
97 35 280 865
101 37 280 345
101 36 280 1424
102 38 280 720
103 39 280 713
106 40 280 1278
106 41 280 430
115 42 280 1828
125 43 280 1831
127 44 280 924
128 45 280 754
133 46 280 1583
134 47 280 592
134 48 280 149
135 49 280 689
141 50 280 1654
145 51 280 1345
152 52 280 1749
155 53 280 1305
157 54 280 920
160 55 280 1319
168 56 280 1788
170 57 280 953
171 58 280 589
173 59 280 1127
176 60 280 1169
178 61 280 961
182 62 280 1356
189 63 280 1713
190 64 280 571
192 67 280 164
192 65 280 1098
192 66 280 0
194 68 280 945
195 69 280 540
197 70 280 1085
200 71 280 1324
206 72 280 1614
206 73 280 330
208 74 280 994
209 75 280 523
213 76 280 1350
217 77 280 1348
229 78 280 1880
236 79 280 1698
236 80 280 342
237 81 280 732
240 82 280 1187
245 83 280 1525
248 84 280 1331
257 86 280 93
257 85 280 1802
280 87 280 1923
280 88 280 292
282 89 280 975
284 90 280 1001
284 91 280 470
290 92 280 1680
295 93 280 1517
299 95 280 317
299 94 280 1469
301 96 280 999
301 97 280 114
304 98 280 1259
312 99 280 1751
313 100 280 754
317 101 280 1418
322 102 280 1572
327 103 280 1534
332 105 280 329
332 104 280 1529
338 106 280 1656
342 107 280 1419
342 108 280 311
342 109 280 397
355 110 280 1894
355 111 280 440
357 112 280 998
358 113 280 816
359 115 280 437
359 114 280 785
366 116 280 1698
374 117 280 1755
374 118 280 381
375 119 280 694
377 120 280 1004
377 121 280 1
386 122 280 1797
399 123 280 1894
403 124 280 1463
404 125 280 614
409 126 280 1568
409 127 280 96
410 128 280 786
411 129 280 677
415 130 280 1449
418 131 280 1235
418 132 280 88
418 133 280 128
420 134 280 944
421 135 280 848
423 136 280 1084
428 137 280 1578
449 138 280 1921
451 139 280 1001
451 140 280 146
452 141 280 599
458 142 280 1611
467 143 280 1820
469 144 280 1005
470 145 280 560
474 146 280 1397
475 147 280 863
476 148 280 731
478 149 280 1031
479 150 280 543
482 151 280 1168
488 152 280 1658
489 153 280 565
490 154 280 746
491 155 280 752
496 156 280 1546
501 157 280 1603
501 158 280 70
503 159 280 914
504 160 280 685
509 161 280 1559
510 162 280 632
515 163 280 1559
517 164 280 873
518 165 280 659
518 166 280 352
520 167 280 869
529 168 280 1797
540 169 280 1862
543 170 280 1278
543 171 280 120
551 172 280 1759
554 173 280 1304
555 174 280 547
555 175 280 405
555 176 280 314
569 177 280 1902
571 178 280 888
573 179 280 903
576 180 280 1142
577 181 280 705
580 182 280 1290
586 183 280 1679
586 184 280 133
586 185 280 280
591 186 280 1502
595 187 280 1447
598 188 280 1307
598 189 280 191
601 190 280 1226
605 191 280 1406
610 192 280 1507
612 193 280 1006
612 194 280 316
613 195 280 512
626 196 280 1891
626 197 280 52
628 198 280 947
628 199 280 346
628 200 280 208
629 201 280 527
631 202 280 991
632 203 280 794
638 204 280 1678
638 205 280 423
641 209 280 340
641 208 280 18
641 210 280 437
641 206 280 1334
641 207 280 353
646 211 280 1569
647 212 280 714
649 213 280 1092
656 214 280 1697
671 215 280 1905
671 216 280 269
673 217 280 877
677 218 280 1425
678 219 280 592
680 220 280 1082
681 221 280 829
685 222 280 1487
690 223 280 1605
691 224 280 635
700 225 280 1796
701 226 280 537
702 227 280 752
704 231 280 262
704 230 280 439
704 229 280 35
704 228 280 988
706 232 280 954
707 233 280 542
708 234 280 695
709 235 280 614
715 236 280 1638
715 237 280 495
715 238 280 1
721 239 280 1635
723 240 280 871
726 241 280 1149
730 242 280 1429
732 243 280 967
738 244 280 1679
743 245 280 1582
744 246 280 691
744 247 280 415
747 250 280 243
747 248 280 1234
747 249 280 335
749 251 280 1013
750 252 280 551
750 253 280 354
753 254 280 1188
756 255 280 1303
758 256 280 965
761 258 280 158
761 257 280 1310
770 259 280 1806
779 260 280 1810
780 261 280 582
783 262 280 1289
798 263 280 1908
807 265 280 175
807 264 280 1826
808 268 280 397
808 266 280 614
808 267 280 171
810 269 280 1082
810 270 280 267
817 271 280 1698
819 272 280 876
826 273 280 1715
832 274 280 1646
843 275 280 1858
846 276 280 1324
847 277 280 519
857 278 280 1851
859 279 280 978
861 280 280 1105
861 281 280 122
865 282 280 1442
866 283 280 653
873 284 280 1716
877 285 280 1350
883 286 280 1635
884 287 280 600
887 288 280 1279
890 289 280 1316
895 290 280 1574
895 291 280 327
895 292 280 337
895 293 280 119
902 294 280 1750
902 295 280 288
910 296 280 1785
914 297 280 1446
916 298 280 1065
921 299 280 1503
923 300 280 967
924 304 280 67
924 303 280 151
924 305 280 469
924 301 280 519
924 302 280 18
924 306 280 137
