0 0 1285 427
1 1 1285 775
4 2 1285 1267
6 3 1285 1041
7 4 1285 658
8 5 1285 695
9 6 1285 613
31 7 1285 1923
35 9 1285 62
35 8 1285 1385
36 10 1285 597
37 11 1285 515
38 12 1285 717
38 13 1285 278
38 14 1285 132
41 15 1285 1320
42 16 1285 814
46 17 1285 1364
48 18 1285 1001
56 19 1285 1787
56 20 1285 345
56 21 1285 392
56 22 1285 395
58 23 1285 889
59 24 1285 686
59 25 1285 429
65 26 1285 1622
74 27 1285 1828
76 28 1285 905
76 29 1285 451
76 30 1285 342
86 31 1285 1850
92 32 1285 1611
92 33 1285 306
92 34 1285 462
94 35 1285 1077
94 36 1285 76
98 37 1285 1463
103 38 1285 1523
103 39 1285 83
107 40 1285 1392
111 41 1285 1473
113 42 1285 942
118 43 1285 1569
125 44 1285 1744
125 45 1285 106
127 46 1285 1135
144 47 1285 1915
145 48 1285 720
145 49 1285 53
159 50 1285 1898
169 51 1285 1846
172 52 1285 1146
172 53 1285 28
177 59 1285 229
177 58 1285 355
177 57 1285 378
177 56 1285 379
177 55 1285 34
177 54 1285 1526
179 60 1285 997
180 61 1285 709
182 62 1285 1017
184 63 1285 933
190 64 1285 1644
191 65 1285 671
192 67 1285 411
192 66 1285 828
199 68 1285 1741
201 69 1285 980
204 70 1285 1243
207 71 1285 1276
215 72 1285 1766
217 73 1285 918
217 74 1285 395
218 75 1285 797
222 76 1285 1374
223 77 1285 750
225 78 1285 1069
226 79 1285 579
229 80 1285 1219
235 81 1285 1631
237 82 1285 1108
238 83 1285 851
238 84 1285 478
238 85 1285 421
239 86 1285 704
244 87 1285 1582
245 88 1285 705
245 89 1285 427
246 90 1285 697
252 91 1285 1623
254 92 1285 1108
257 93 1285 1294
259 94 1285 1011
260 97 1285 9
260 95 1285 683
260 96 1285 455
270 98 1285 1849
272 99 1285 1073
275 100 1285 1202
276 101 1285 724
276 102 1285 174
282 103 1285 1664
283 104 1285 734
284 105 1285 622
284 106 1285 79
284 107 1285 228
289 108 1285 1558
290 109 1285 729
291 110 1285 585
296 111 1285 1553
299 112 1285 1233
306 113 1285 1700
308 114 1285 934
311 115 1285 1291
316 116 1285 1525
316 117 1285 165
316 118 1285 454
319 119 1285 1223
332 120 1285 1892
335 121 1285 1170
341 122 1285 1630
344 124 1285 282
344 123 1285 1314
349 125 1285 1545
349 126 1285 168
349 127 1285 472
359 128 1285 1832
365 129 1285 1636
365 130 1285 341
369 131 1285 1364
370 132 1285 826
391 133 1285 1921
394 134 1285 1302
394 135 1285 494
398 136 1285 1457
402 137 1285 1369
402 138 1285 116
410 139 1285 1781
410 140 1285 341
410 141 1285 475
410 142 1285 24
424 143 1285 1901
432 144 1285 1767
434 145 1285 1068
434 146 1285 390
437 147 1285 1332
437 148 1285 359
443 149 1285 1645
445 150 1285 1083
445 151 1285 290
449 152 1285 1480
450 153 1285 626
452 154 1285 1105
452 155 1285 32
454 156 1285 1018
455 157 1285 785
459 158 1285 1381
461 159 1285 1114
461 160 1285 454
466 162 1285 321
466 161 1285 1532
476 163 1285 1847
476 164 1285 387
479 165 1285 1145
480 166 1285 727
483 169 1285 439
483 167 1285 1236
483 168 1285 398
491 171 1285 156
491 172 1285 48
491 170 1285 1758
492 173 1285 598
494 174 1285 881
498 175 1285 1416
501 176 1285 1146
507 177 1285 1654
511 178 1285 1471
513 179 1285 1138
516 180 1285 1155
517 183 1285 187
517 181 1285 760
517 182 1285 112
518 184 1285 553
518 185 1285 51
527 187 1285 200
527 186 1285 1809
528 188 1285 816
531 189 1285 1270
535 190 1285 1401
536 191 1285 672
552 192 1285 1912
554 193 1285 927
557 194 1285 1327
558 195 1285 733
558 196 1285 153
558 197 1285 102
563 198 1285 1513
564 200 1285 341
564 199 1285 622
566 201 1285 1078
568 202 1285 934
578 203 1285 1844
587 204 1285 1811
589 205 1285 926
589 206 1285 241
591 207 1285 882
597 208 1285 1669
603 209 1285 1613
604 210 1285 810
607 211 1285 1288
610 212 1285 1238
610 213 1285 242
622 214 1285 1883
628 215 1285 1619
632 216 1285 1420
632 217 1285 134
635 218 1285 1293
635 219 1285 335
638 220 1285 1260
639 221 1285 527
639 222 1285 420
641 223 1285 1053
643 224 1285 963
645 225 1285 1086
645 226 1285 168
647 227 1285 1046
650 228 1285 1196
650 229 1285 147
653 230 1285 1262
655 231 1285 1044
655 232 1285 140
656 233 1285 849
657 234 1285 797
657 235 1285 76
664 236 1285 1750
664 237 1285 193
664 238 1285 300
669 239 1285 1551
676 240 1285 1735
678 241 1285 927
678 242 1285 455
680 243 1285 1127
680 244 1285 459
680 245 1285 112
684 246 1285 1358
690 247 1285 1669
692 248 1285 968
698 249 1285 1632
701 250 1285 1238
701 251 1285 19
702 252 1285 733
705 253 1285 1177
708 254 1285 1286
715 255 1285 1739
716 256 1285 658
725 257 1285 1806
727 258 1285 880
728 259 1285 725
729 260 1285 758
731 261 1285 1119
737 262 1285 1611
742 263 1285 1521
742 264 1285 350
749 265 1285 1691
752 266 1285 1147
752 267 1285 389
756 268 1285 1370
765 269 1285 1806
773 270 1285 1794
776 271 1285 1226
784 272 1285 1758
790 273 1285 1667
791 274 1285 525
791 275 1285 333
791 276 1285 71
794 277 1285 1217
795 278 1285 593
796 279 1285 851
802 280 1285 1652
802 281 1285 424
802 282 1285 77
806 283 1285 1488
807 284 1285 833
810 285 1285 1243
810 286 1285 311
812 287 1285 888
816 288 1285 1487
818 289 1285 982
821 290 1285 1343
832 291 1285 1868
835 292 1285 1237
840 293 1285 1500
841 294 1285 793
842 295 1285 615
845 296 1285 1241
846 297 1285 859
847 298 1285 776
848 299 1285 693
850 300 1285 889
852 301 1285 969
852 302 1285 299
854 303 1285 1087
862 304 1285 1763
862 305 1285 12
862 306 1285 185
