3 0 922 1200
18 1 922 1908
22 2 922 1438
22 3 922 445
23 4 922 654
28 5 922 1566
28 6 922 326
28 7 922 373
35 8 922 1740
36 9 922 535
44 10 922 1768
44 11 922 349
44 12 922 135
45 13 922 603
45 14 922 351
48 15 922 1196
48 16 922 331
56 18 922 300
56 17 922 1754
59 19 922 1195
60 20 922 736
60 21 922 84
61 22 922 818
61 23 922 201
62 24 922 796
66 25 922 1470
67 26 922 755
71 27 922 1412
73 28 922 1097
75 29 922 1120
79 30 922 1347
84 31 922 1535
84 32 922 493
90 33 922 1682
92 34 922 1075
94 35 922 912
96 36 922 978
98 37 922 971
107 38 922 1797
107 39 922 229
107 40 922 446
108 41 922 687
108 42 922 33
111 43 922 1218
117 44 922 1680
118 46 922 184
118 45 922 519
122 47 922 1357
125 48 922 1331
125 49 922 122
128 50 922 1196
128 51 922 248
130 52 922 953
140 53 922 1844
146 54 922 1665
148 55 922 1116
150 56 922 1089
153 57 922 1236
158 58 922 1574
160 59 922 1108
161 60 922 811
162 61 922 838
165 62 922 1201
166 63 922 619
168 65 922 232
168 64 922 1113
176 66 922 1780
176 67 922 378
180 68 922 1453
184 69 922 1364
184 70 922 217
187 71 922 1284
199 73 922 71
199 72 922 1882
200 76 922 50
200 75 922 49
200 74 922 749
205 77 922 1525
205 78 922 446
205 79 922 276
208 80 922 1286
211 81 922 1323
211 82 922 81
213 83 922 974
223 84 922 1849
225 85 922 1098
226 86 922 582
227 87 922 574
227 88 922 17
239 89 922 1883
246 90 922 1747
252 91 922 1667
255 92 922 1321
256 93 922 688
259 94 922 1342
264 95 922 1533
268 96 922 1410
271 97 922 1338
271 98 922 105
275 99 922 1447
276 100 922 664
283 101 922 1730
292 102 922 1828
305 103 922 1892
315 104 922 1830
325 105 922 1836
325 106 922 291
327 107 922 882
329 108 922 1095
335 109 922 1616
337 110 922 1065
341 111 922 1489
342 112 922 790
345 113 922 1298
352 114 922 1747
356 115 922 1413
357 116 922 756
357 117 922 226
358 118 922 695
358 119 922 14
363 120 922 1575
366 122 922 361
366 121 922 1206
370 123 922 1495
375 124 922 1541
375 125 922 475
388 126 922 1887
391 127 922 1194
392 128 922 653
394 129 922 1141
395 130 922 563
396 131 922 637
400 132 922 1420
402 133 922 923
407 134 922 1537
411 135 922 1480
415 136 922 1419
415 137 922 114
417 138 922 1069
417 139 922 12
418 140 922 807
424 141 922 1625
428 143 922 325
428 142 922 1403
429 144 922 818
429 145 922 257
431 146 922 877
431 147 922 23
432 148 922 865
443 149 922 1854
444 150 922 776
447 151 922 1184
448 153 922 90
448 152 922 642
457 154 922 1796
461 155 922 1382
465 156 922 1369
465 157 922 333
465 158 922 350
469 159 922 1355
481 160 922 1873
483 162 922 228
483 161 922 1021
495 163 922 1879
497 164 922 1052
497 165 922 427
497 166 922 69
505 167 922 1791
511 168 922 1686
511 169 922 266
530 170 922 1918
531 171 922 642
533 172 922 1082
534 173 922 683
536 174 922 1131
548 175 922 1875
555 176 922 1727
555 177 922 35
556 178 922 676
559 179 922 1283
564 180 922 1522
575 182 922 328
575 181 922 1864
576 183 922 724
576 184 922 364
579 185 922 1304
599 186 922 1920
602 187 922 1329
604 188 922 1052
604 189 922 154
604 190 922 111
606 191 922 1085
612 192 922 1689
618 193 922 1639
618 194 922 63
625 195 922 1710
629 196 922 1396
633 197 922 1449
636 199 922 390
636 200 922 188
636 198 922 1198
638 201 922 1010
638 202 922 262
639 203 922 599
650 204 922 1860
650 205 922 134
650 206 922 101
662 207 922 1884
664 208 922 884
674 209 922 1846
679 210 922 1579
682 211 922 1333
687 212 922 1581
689 213 922 991
697 214 922 1757
697 215 922 9
698 216 922 693
702 217 922 1429
707 218 922 1514
713 220 922 432
713 219 922 1673
714 221 922 664
715 222 922 739
720 223 922 1532
720 224 922 155
721 225 922 832
723 226 922 878
727 227 922 1368
728 228 922 619
732 231 922 278
732 229 922 1345
732 230 922 478
733 232 922 762
733 233 922 286
735 234 922 1095
736 235 922 511
741 236 922 1602
747 237 922 1654
748 239 922 230
748 238 922 788
751 240 922 1202
751 241 922 36
751 242 922 445
753 243 922 1130
754 244 922 499
755 245 922 702
759 246 922 1429
760 247 922 697
769 249 922 54
769 248 922 1806
771 250 922 1017
784 251 922 1892
795 252 922 1859
799 253 922 1449
811 254 922 1883
815 255 922 1448
815 256 922 271
816 258 922 443
816 257 922 654
818 259 922 1027
821 260 922 1181
822 261 922 657
825 262 922 1264
829 263 922 1463
833 264 922 1368
836 265 922 1300
837 266 922 571
840 267 922 1295
849 268 922 1821
852 269 922 1245
852 270 922 331
854 271 922 964
855 272 922 640
858 273 922 1284
858 274 922 470
858 275 922 395
858 276 922 219
863 277 922 1534
865 278 922 1032
869 279 922 1378
872 280 922 1328
872 281 922 180
876 282 922 1486
877 284 922 328
877 283 922 564
878 285 922 510
878 286 922 344
881 287 922 1238
881 288 922 328
886 289 922 1571
886 290 922 240
888 291 922 947
891 292 922 1210
897 293 922 1686
899 294 922 974
900 295 922 544
901 296 922 696
903 297 922 907
909 298 922 1686
911 300 922 130
911 299 922 1123
911 301 922 134
912 302 922 800
913 303 922 561
919 305 922 52
919 304 922 1647
922 306 922 1252
