8 0 1203 1774
8 1 1203 343
8 2 1203 386
9 3 1203 513
9 4 1203 82
11 5 1203 900
13 6 1203 996
17 7 1203 1468
20 8 1203 1261
27 9 1203 1710
28 10 1203 691
28 11 1203 183
38 12 1203 1841
43 13 1203 1527
43 14 1203 349
47 15 1203 1482
51 16 1203 1397
55 17 1203 1480
58 18 1203 1329
62 19 1203 1386
62 20 1203 221
78 21 1203 1909
79 22 1203 674
84 23 1203 1535
86 26 1203 241
86 27 1203 349
86 24 1203 1016
86 25 1203 292
90 28 1203 1473
91 29 1203 563
97 30 1203 1631
103 31 1203 1641
103 32 1203 209
103 33 1203 391
106 34 1203 1249
109 35 1203 1195
109 36 1203 98
118 37 1203 1819
128 38 1203 1836
136 39 1203 1758
136 40 1203 462
137 41 1203 685
139 42 1203 888
140 43 1203 698
142 44 1203 970
142 45 1203 415
150 47 1203 287
150 46 1203 1757
153 48 1203 1312
154 49 1203 519
154 50 1203 415
154 51 1203 5
154 52 1203 5
168 53 1203 1898
169 54 1203 563
177 55 1203 1790
182 56 1203 1594
183 57 1203 775
187 58 1203 1421
194 59 1203 1714
195 60 1203 658
196 61 1203 647
216 62 1203 1920
217 63 1203 698
217 64 1203 78
219 65 1203 974
233 66 1203 1898
237 67 1203 1450
237 68 1203 277
239 69 1203 1078
243 70 1203 1384
248 71 1203 1503
253 72 1203 1568
258 73 1203 1496
260 74 1203 923
264 75 1203 1460
266 76 1203 1020
280 77 1203 1901
281 78 1203 565
282 79 1203 601
282 80 1203 460
294 81 1203 1879
296 82 1203 961
298 84 1203 147
298 83 1203 953
304 85 1203 1625
310 86 1203 1636
310 87 1203 236
318 88 1203 1753
322 89 1203 1383
327 90 1203 1525
330 92 1203 397
330 91 1203 1247
330 93 1203 122
332 94 1203 1099
339 95 1203 1740
340 96 1203 690
340 97 1203 190
341 98 1203 619
361 102 1203 9
361 101 1203 307
361 103 1203 234
361 99 1203 1920
361 100 1203 441
363 104 1203 1060
364 105 1203 837
364 106 1203 361
364 107 1203 434
366 108 1203 974
368 109 1203 1027
369 110 1203 770
375 111 1203 1618
375 112 1203 209
376 113 1203 819
379 114 1203 1254
380 115 1203 704
386 116 1203 1610
388 117 1203 966
389 118 1203 550
389 119 1203 378
392 120 1203 1263
398 121 1203 1662
404 122 1203 1621
405 123 1203 819
409 124 1203 1478
409 125 1203 136
411 126 1203 1105
415 127 1203 1446
415 128 1203 396
417 129 1203 1108
418 130 1203 770
419 131 1203 829
422 132 1203 1281
423 133 1203 569
423 134 1203 160
423 135 1203 152
434 136 1203 1869
435 137 1203 727
444 138 1203 1818
447 139 1203 1235
450 140 1203 1263
453 141 1203 1202
456 142 1203 1186
457 143 1203 725
458 144 1203 613
468 145 1203 1831
470 146 1203 1037
475 147 1203 1502
476 148 1203 792
476 149 1203 395
476 150 1203 129
482 151 1203 1648
487 153 1203 240
487 152 1203 1565
488 154 1203 657
489 155 1203 703
490 156 1203 610
492 157 1203 1115
493 158 1203 680
495 159 1203 923
501 160 1203 1656
502 162 1203 37
502 161 1203 840
510 163 1203 1791
510 164 1203 257
521 165 1203 1865
521 166 1203 336
526 167 1203 1565
527 168 1203 659
529 169 1203 1101
530 170 1203 759
532 171 1203 883
534 172 1203 1073
537 173 1203 1239
539 174 1203 1039
539 175 1203 61
539 176 1203 476
541 177 1203 895
541 178 1203 205
546 179 1203 1571
548 180 1203 1023
553 181 1203 1527
554 182 1203 653
554 183 1203 0
556 184 1203 978
558 185 1203 1046
561 186 1203 1189
563 187 1203 1040
573 188 1203 1837
577 189 1203 1381
581 190 1203 1466
582 191 1203 754
582 192 1203 46
584 193 1203 894
589 194 1203 1504
589 195 1203 423
592 196 1203 1164
595 197 1203 1319
595 198 1203 468
596 199 1203 672
600 200 1203 1494
604 201 1203 1397
605 202 1203 843
611 203 1203 1616
616 204 1203 1560
619 205 1203 1170
620 206 1203 575
620 207 1203 326
622 208 1203 1126
623 210 1203 227
623 209 1203 596
629 211 1203 1640
631 212 1203 909
633 213 1203 1034
642 214 1203 1824
642 215 1203 128
642 216 1203 186
642 217 1203 37
643 218 1203 812
645 219 1203 1136
646 220 1203 676
649 221 1203 1221
655 222 1203 1652
658 223 1203 1203
663 224 1203 1559
663 225 1203 5
664 226 1203 836
664 227 1203 178
670 228 1203 1659
671 229 1203 616
672 230 1203 822
674 231 1203 1081
674 232 1203 427
678 233 1203 1458
678 234 1203 76
683 235 1203 1550
684 236 1203 684
686 238 1203 364
686 237 1203 962
693 239 1203 1732
693 240 1203 470
694 241 1203 862
704 242 1203 1839
707 243 1203 1241
710 244 1203 1153
718 245 1203 1751
726 246 1203 1769
728 247 1203 937
730 248 1203 995
734 249 1203 1375
734 250 1203 236
736 251 1203 1126
737 252 1203 507
740 253 1203 1257
760 254 1203 1920
760 255 1203 273
766 256 1203 1670
771 258 1203 56
771 257 1203 1564
776 259 1203 1555
776 260 1203 334
776 261 1203 397
777 262 1203 591
778 263 1203 509
785 264 1203 1698
787 265 1203 1071
790 266 1203 1212
794 267 1203 1376
796 268 1203 957
796 269 1203 273
800 270 1203 1369
803 271 1203 1149
808 272 1203 1597
810 273 1203 1004
811 274 1203 665
818 275 1203 1738
821 278 1203 49
821 276 1203 1306
821 277 1203 411
828 279 1203 1733
828 280 1203 160
837 281 1203 1824
839 284 1203 380
839 282 1203 1108
839 283 1203 284
845 285 1203 1620
846 286 1203 574
848 287 1203 1095
852 288 1203 1462
859 289 1203 1727
868 290 1203 1805
870 291 1203 1044
872 292 1203 905
873 293 1203 734
877 296 1203 271
877 295 1203 73
877 294 1203 1398
880 297 1203 1330
884 298 1203 1467
884 299 1203 82
885 300 1203 538
885 301 1203 393
900 302 1203 1904
901 303 1203 721
901 304 1203 5
903 305 1203 1011
907 306 1203 1454
