1 0 1891 738
2 1 1891 528
3 2 1891 793
12 3 1891 1801
13 4 1891 851
21 5 1891 1756
26 7 1891 109
26 8 1891 498
26 6 1891 1539
29 9 1891 1211
29 10 1891 121
29 11 1891 212
35 12 1891 1615
35 13 1891 376
35 14 1891 65
44 15 1891 1804
48 16 1891 1423
48 17 1891 429
49 18 1891 866
51 19 1891 1040
51 20 1891 225
56 21 1891 1509
60 22 1891 1388
60 23 1891 197
61 24 1891 601
61 25 1891 439
62 26 1891 849
62 27 1891 381
66 28 1891 1432
70 29 1891 1474
71 30 1891 645
72 31 1891 682
83 32 1891 1855
84 33 1891 767
86 34 1891 933
86 35 1891 498
87 36 1891 852
89 38 1891 114
89 37 1891 1057
97 39 1891 1786
105 40 1891 1759
107 41 1891 929
110 42 1891 1205
111 43 1891 543
111 44 1891 419
117 45 1891 1686
117 46 1891 148
121 47 1891 1429
125 48 1891 1397
125 49 1891 218
128 50 1891 1191
130 51 1891 972
130 52 1891 219
131 53 1891 615
139 54 1891 1751
142 55 1891 1154
144 56 1891 1064
145 57 1891 595
148 58 1891 1200
148 59 1891 411
150 60 1891 906
153 61 1891 1157
154 62 1891 602
156 63 1891 949
157 64 1891 565
161 66 1891 282
161 65 1891 1363
162 67 1891 848
166 68 1891 1367
170 69 1891 1492
172 70 1891 951
172 71 1891 366
172 72 1891 314
174 73 1891 1004
177 74 1891 1206
180 76 1891 303
180 75 1891 1220
181 77 1891 845
188 78 1891 1703
189 79 1891 839
189 80 1891 291
192 81 1891 1344
194 82 1891 909
197 84 1891 282
197 83 1891 1213
202 85 1891 1598
202 86 1891 463
205 87 1891 1239
207 88 1891 941
214 89 1891 1704
218 90 1891 1358
218 91 1891 256
226 92 1891 1782
232 93 1891 1628
234 94 1891 879
235 95 1891 601
235 96 1891 327
235 97 1891 256
249 98 1891 1902
251 99 1891 980
255 100 1891 1404
258 101 1891 1225
258 102 1891 62
268 103 1891 1829
271 104 1891 1192
272 105 1891 825
273 106 1891 657
275 107 1891 1139
278 108 1891 1333
279 109 1891 530
280 110 1891 850
280 111 1891 219
281 114 1891 119
281 113 1891 360
281 112 1891 817
285 115 1891 1487
285 116 1891 248
288 117 1891 1313
289 118 1891 666
291 119 1891 891
293 120 1891 900
295 121 1891 967
305 122 1891 1831
310 123 1891 1588
310 124 1891 134
311 125 1891 694
312 126 1891 509
313 127 1891 610
313 128 1891 124
314 129 1891 605
316 130 1891 892
316 131 1891 47
317 132 1891 867
318 133 1891 723
322 134 1891 1359
324 135 1891 991
327 136 1891 1282
329 137 1891 1004
329 138 1891 21
333 139 1891 1382
335 140 1891 941
338 141 1891 1248
348 143 1891 410
348 142 1891 1831
349 144 1891 853
351 145 1891 1138
355 146 1891 1364
359 147 1891 1421
364 148 1891 1509
367 149 1891 1317
367 150 1891 352
369 151 1891 939
374 152 1891 1514
376 155 1891 437
376 153 1891 1010
376 154 1891 80
379 156 1891 1318
379 157 1891 398
386 158 1891 1694
386 159 1891 497
386 160 1891 315
386 161 1891 46
388 162 1891 1014
389 163 1891 728
394 164 1891 1562
395 165 1891 802
398 166 1891 1276
398 167 1891 93
400 168 1891 925
402 169 1891 1052
402 170 1891 204
405 171 1891 1168
408 172 1891 1291
411 173 1891 1209
423 174 1891 1875
428 175 1891 1576
430 176 1891 1061
434 177 1891 1421
435 178 1891 734
437 179 1891 920
440 180 1891 1254
442 181 1891 1013
444 182 1891 1026
445 183 1891 732
445 184 1891 253
457 185 1891 1878
457 186 1891 458
465 187 1891 1782
466 188 1891 643
468 189 1891 922
473 190 1891 1598
475 191 1891 883
478 192 1891 1235
482 193 1891 1449
484 194 1891 1067
486 195 1891 894
486 196 1891 233
488 197 1891 1102
489 198 1891 772
489 199 1891 51
497 200 1891 1787
500 203 1891 456
500 201 1891 1271
500 202 1891 495
502 204 1891 1112
504 205 1891 1108
509 206 1891 1572
509 207 1891 305
511 209 1891 428
511 208 1891 1059
514 210 1891 1300
523 211 1891 1821
528 212 1891 1589
529 213 1891 773
532 214 1891 1167
535 215 1891 1226
537 216 1891 945
537 217 1891 282
537 218 1891 475
543 220 1891 344
543 219 1891 1609
547 221 1891 1419
551 222 1891 1375
551 223 1891 3
555 224 1891 1379
558 225 1891 1246
569 226 1891 1858
577 228 1891 142
577 227 1891 1767
579 229 1891 981
582 230 1891 1343
594 231 1891 1883
595 232 1891 648
596 233 1891 683
598 234 1891 1058
613 235 1891 1908
614 236 1891 518
615 237 1891 570
620 238 1891 1544
622 239 1891 1069
622 240 1891 306
622 241 1891 153
623 242 1891 722
623 243 1891 215
628 244 1891 1546
635 245 1891 1701
638 247 1891 461
638 248 1891 281
638 246 1891 1219
646 249 1891 1765
658 250 1891 1874
670 251 1891 1876
671 252 1891 627
673 253 1891 1088
679 254 1891 1631
679 255 1891 367
688 257 1891 492
688 256 1891 1821
690 258 1891 1001
698 259 1891 1790
701 260 1891 1174
708 261 1891 1729
708 262 1891 162
708 263 1891 78
710 264 1891 1010
713 265 1891 1342
716 266 1891 1173
718 267 1891 905
724 268 1891 1639
727 269 1891 1184
728 270 1891 708
728 271 1891 375
729 272 1891 662
732 273 1891 1330
735 274 1891 1302
735 275 1891 190
736 276 1891 697
739 277 1891 1160
739 278 1891 381
744 279 1891 1603
744 280 1891 27
748 281 1891 1397
752 282 1891 1486
752 283 1891 301
754 284 1891 1031
758 285 1891 1392
761 286 1891 1256
765 287 1891 1485
767 288 1891 976
768 289 1891 691
768 290 1891 87
768 291 1891 26
772 292 1891 1493
778 293 1891 1678
787 294 1891 1820
788 295 1891 502
805 296 1891 1915
806 297 1891 643
808 298 1891 1129
808 299 1891 204
809 300 1891 528
809 301 1891 313
810 302 1891 746
812 303 1891 1021
814 304 1891 1056
819 305 1891 1499
822 306 1891 1213
