2 0 620 898
3 1 620 576
3 2 620 121
3 3 620 471
4 4 620 740
7 5 620 1174
8 6 620 583
11 7 620 1286
13 8 620 1079
17 9 620 1364
17 10 620 481
21 11 620 1398
22 12 620 794
24 13 620 920
31 14 620 1732
32 15 620 554
32 16 620 334
33 17 620 639
36 18 620 1290
41 19 620 1565
43 20 620 894
46 21 620 1219
48 22 620 964
49 23 620 679
53 24 620 1401
53 25 620 125
58 26 620 1531
59 27 620 755
60 28 620 685
60 29 620 227
66 30 620 1676
67 31 620 737
68 32 620 698
71 33 620 1166
78 34 620 1749
78 35 620 156
78 36 620 84
80 37 620 908
83 38 620 1234
84 39 620 629
88 40 620 1357
88 41 620 312
90 42 620 1116
94 43 620 1378
99 44 620 1513
109 45 620 1848
116 48 620 377
116 46 620 1734
116 47 620 316
118 49 620 1102
124 50 620 1671
127 51 620 1256
134 52 620 1732
141 53 620 1710
149 54 620 1781
154 55 620 1603
159 56 620 1536
163 57 620 1367
165 58 620 994
166 59 620 615
171 60 620 1568
179 61 620 1752
180 62 620 600
181 63 620 851
187 64 620 1613
193 65 620 1668
194 66 620 699
199 67 620 1553
201 68 620 1096
206 69 620 1575
206 70 620 470
210 71 620 1350
213 72 620 1329
214 73 620 660
214 74 620 208
215 76 620 103
215 75 620 581
220 77 620 1511
222 78 620 1091
226 79 620 1477
226 80 620 316
229 81 620 1214
229 82 620 378
234 84 620 480
234 85 620 419
234 83 620 1508
236 86 620 930
238 87 620 913
241 88 620 1310
241 89 620 145
242 90 620 544
243 91 620 641
253 92 620 1838
254 93 620 619
256 94 620 986
261 95 620 1530
267 96 620 1636
267 97 620 264
274 98 620 1689
282 99 620 1769
285 100 620 1149
285 101 620 180
288 102 620 1145
289 103 620 726
290 105 620 320
290 104 620 631
300 106 620 1851
302 107 620 1071
307 108 620 1502
310 109 620 1199
315 110 620 1500
315 111 620 25
315 112 620 275
319 115 620 353
319 114 620 298
319 113 620 1441
323 116 620 1373
325 117 620 1017
325 118 620 371
328 119 620 1193
329 120 620 738
336 121 620 1711
336 122 620 242
338 123 620 950
340 124 620 1031
348 125 620 1753
352 126 620 1436
353 127 620 710
358 128 620 1599
359 129 620 603
361 130 620 869
369 131 620 1764
376 132 620 1746
379 136 620 69
379 135 620 135
379 133 620 1246
379 134 620 328
384 137 620 1576
386 138 620 876
386 139 620 159
386 140 620 493
394 141 620 1783
397 142 620 1336
397 143 620 110
398 144 620 570
399 145 620 519
399 146 620 366
399 147 620 396
399 148 620 320
400 150 620 156
400 149 620 632
401 151 620 619
410 153 620 496
410 152 620 1818
412 154 620 1031
416 155 620 1362
427 156 620 1862
427 157 620 194
433 158 620 1620
434 159 620 802
435 160 620 809
437 161 620 1140
441 162 620 1397
443 163 620 898
443 164 620 329
449 165 620 1660
449 166 620 203
451 167 620 954
453 168 620 1113
453 169 620 162
453 170 620 284
460 173 620 211
460 171 620 1721
460 172 620 140
461 174 620 700
463 175 620 880
463 176 620 375
463 177 620 131
463 178 620 379
464 179 620 512
468 180 620 1387
470 181 620 1039
470 182 620 390
472 183 620 966
472 184 620 446
472 185 620 249
483 186 620 1870
486 187 620 1250
486 188 620 215
488 189 620 891
488 190 620 197
497 191 620 1799
509 192 620 1881
509 193 620 73
512 194 620 1275
515 195 620 1277
515 196 620 386
515 197 620 437
522 198 620 1706
523 200 620 315
523 199 620 834
526 201 620 1336
529 202 620 1208
529 203 620 157
529 204 620 348
529 205 620 359
529 206 620 479
535 207 620 1607
542 208 620 1721
542 209 620 150
544 210 620 987
551 211 620 1730
558 212 620 1740
560 213 620 1108
563 214 620 1340
570 215 620 1694
571 216 620 750
571 217 620 430
571 218 620 452
571 219 620 79
578 220 620 1714
580 221 620 878
581 222 620 738
581 223 620 222
594 224 620 1889
594 225 620 410
602 226 620 1764
602 227 620 66
603 228 620 860
607 230 620 493
607 229 620 1347
618 231 620 1863
618 232 620 350
622 233 620 1470
622 234 620 196
622 235 620 50
630 236 620 1756
630 237 620 232
631 239 620 87
631 238 620 618
638 240 620 1695
638 241 620 263
642 242 620 1453
642 243 620 64
651 246 620 59
651 244 620 1828
651 245 620 391
652 247 620 773
653 248 620 658
658 249 620 1506
659 250 620 527
671 251 620 1881
687 252 620 1909
693 253 620 1626
695 254 620 1044
699 255 620 1362
700 256 620 597
702 258 620 193
702 257 620 986
713 259 620 1863
714 260 620 519
714 261 620 413
715 262 620 746
715 263 620 374
720 264 620 1582
722 265 620 1049
726 267 620 269
726 266 620 1380
728 268 620 911
731 269 620 1289
742 270 620 1863
743 271 620 518
750 272 620 1736
750 273 620 365
750 274 620 309
754 275 620 1451
758 276 620 1350
759 277 620 674
759 278 620 318
764 279 620 1497
764 280 620 350
766 281 620 991
769 282 620 1332
772 283 620 1279
773 284 620 820
774 285 620 537
786 286 620 1878
787 287 620 649
787 288 620 425
788 289 620 759
792 290 620 1378
793 291 620 769
793 292 620 39
794 293 620 680
798 294 620 1492
801 295 620 1281
805 296 620 1442
807 297 620 1079
807 298 620 407
808 299 620 778
810 300 620 936
817 301 620 1714
825 302 620 1787
828 303 620 1294
833 305 620 9
833 304 620 1568
833 306 620 144
