0 0 566 314
3 1 566 1197
6 2 566 1327
8 3 566 1086
17 4 566 1827
18 5 566 718
19 6 566 569
29 8 566 184
29 7 566 1843
32 9 566 1183
32 10 566 305
32 11 566 263
34 12 566 926
35 13 566 858
36 14 566 776
36 15 566 429
39 16 566 1210
44 17 566 1601
45 18 566 551
46 19 566 794
52 20 566 1647
63 21 566 1860
64 22 566 722
67 23 566 1318
69 24 566 918
72 25 566 1284
73 26 566 625
82 27 566 1812
87 28 566 1596
88 29 566 862
92 30 566 1392
94 31 566 880
94 32 566 187
96 33 566 908
97 34 566 503
100 35 566 1278
102 36 566 962
103 38 566 451
103 37 566 548
104 39 566 676
108 40 566 1430
109 41 566 836
109 42 566 118
111 43 566 1098
118 44 566 1697
125 45 566 1694
126 47 566 397
126 46 566 718
139 48 566 1894
139 49 566 98
140 50 566 665
141 51 566 606
141 52 566 106
142 53 566 813
149 58 566 167
149 57 566 9
149 56 566 474
149 55 566 379
149 54 566 1725
150 59 566 542
150 60 566 92
151 61 566 681
151 62 566 246
154 63 566 1247
161 64 566 1715
165 68 566 355
165 67 566 17
165 65 566 1350
165 66 566 76
169 69 566 1423
173 70 566 1391
174 71 566 662
177 72 566 1149
186 73 566 1799
189 74 566 1288
190 75 566 810
197 76 566 1742
202 77 566 1549
207 78 566 1546
210 79 566 1149
211 80 566 566
211 81 566 228
221 82 566 1842
226 84 566 196
226 83 566 1497
227 85 566 786
228 86 566 773
231 87 566 1298
233 88 566 1108
233 89 566 123
234 90 566 803
236 92 566 380
236 91 566 953
246 93 566 1834
247 94 566 584
248 95 566 748
249 96 566 589
250 97 566 796
253 98 566 1307
253 99 566 347
259 100 566 1618
260 102 566 41
260 103 566 471
260 101 566 700
261 104 566 632
261 105 566 3
265 106 566 1381
265 107 566 231
269 108 566 1449
271 109 566 914
272 110 566 561
273 111 566 849
273 112 566 388
275 113 566 943
289 114 566 1900
297 115 566 1789
298 116 566 763
299 117 566 673
301 118 566 1050
303 119 566 929
304 120 566 576
305 121 566 702
306 123 566 231
306 122 566 834
307 124 566 620
307 125 566 438
307 126 566 282
310 127 566 1240
313 128 566 1215
314 129 566 540
314 130 566 221
316 132 566 242
316 131 566 945
319 133 566 1199
323 134 566 1455
331 135 566 1791
331 136 566 187
335 137 566 1371
336 138 566 865
336 139 566 193
339 140 566 1329
340 141 566 542
348 142 566 1774
348 143 566 193
352 144 566 1487
364 145 566 1878
365 146 566 564
369 147 566 1361
380 148 566 1858
381 149 566 720
397 150 566 1909
407 151 566 1841
413 153 566 377
413 152 566 1670
420 154 566 1695
422 155 566 916
430 156 566 1790
437 157 566 1734
445 158 566 1776
445 159 566 193
451 161 566 140
451 160 566 1646
453 162 566 941
455 163 566 909
456 164 566 693
461 165 566 1540
462 166 566 607
464 167 566 1114
468 169 566 109
468 168 566 1412
473 170 566 1601
476 171 566 1317
483 172 566 1732
484 173 566 857
489 174 566 1524
489 175 566 34
490 176 566 853
491 177 566 641
492 178 566 669
493 179 566 666
502 180 566 1799
503 181 566 845
506 182 566 1307
506 183 566 495
507 184 566 555
507 185 566 305
510 186 566 1200
518 187 566 1790
522 188 566 1428
523 191 566 377
523 190 566 0
523 189 566 539
528 192 566 1519
529 193 566 672
529 194 566 471
532 195 566 1188
537 196 566 1525
538 197 566 864
542 198 566 1424
553 199 566 1871
556 200 566 1271
560 201 566 1375
572 202 566 1874
579 203 566 1748
581 204 566 1043
582 205 566 592
582 206 566 108
583 207 566 813
584 208 566 777
590 210 566 63
590 209 566 1661
593 211 566 1148
595 212 566 1064
597 213 566 1109
597 214 566 319
598 215 566 801
599 220 566 340
599 218 566 354
599 219 566 388
599 216 566 758
599 217 566 446
600 221 566 742
606 222 566 1611
608 223 566 872
608 224 566 108
611 225 566 1224
618 226 566 1722
620 230 566 433
620 229 566 336
620 228 566 385
620 227 566 1060
637 231 566 1913
639 232 566 1142
640 233 566 723
643 234 566 1320
643 235 566 424
645 236 566 896
649 237 566 1483
653 238 566 1376
666 239 566 1887
666 240 566 196
666 241 566 386
668 242 566 1012
675 243 566 1692
675 244 566 476
676 245 566 777
679 248 566 353
679 247 566 410
679 246 566 1238
684 249 566 1595
684 250 566 429
686 251 566 1079
687 252 566 510
689 253 566 1036
694 254 566 1530
695 255 566 528
701 256 566 1688
703 257 566 1001
709 258 566 1640
716 259 566 1743
717 260 566 794
719 261 566 973
719 262 566 428
719 263 566 441
722 266 566 6
722 267 566 340
722 264 566 1227
722 265 566 74
729 268 566 1714
738 269 566 1819
748 270 566 1830
751 271 566 1200
753 272 566 994
753 273 566 391
753 274 566 191
765 275 566 1879
771 276 566 1654
781 277 566 1844
781 278 566 396
784 279 566 1256
800 280 566 1910
803 281 566 1312
804 282 566 706
805 283 566 714
815 284 566 1831
818 285 566 1279
822 286 566 1402
822 287 566 105
824 288 566 1118
825 289 566 791
826 290 566 660
835 291 566 1819
843 292 566 1768
848 293 566 1558
850 294 566 1092
853 295 566 1148
865 296 566 1882
866 297 566 570
866 298 566 464
866 299 566 401
867 300 566 770
869 301 566 897
870 302 566 620
870 303 566 458
877 304 566 1690
880 305 566 1153
880 306 566 84
