0 0 1810 186
6 1 1810 1663
9 2 1810 1188
10 3 1810 547
13 4 1810 1325
14 5 1810 759
19 6 1810 1586
23 7 1810 1383
28 8 1810 1533
29 9 1810 546
32 10 1810 1294
35 11 1810 1167
37 12 1810 932
39 13 1810 1088
41 14 1810 1119
44 15 1810 1192
45 16 1810 836
47 17 1810 1009
53 18 1810 1609
53 19 1810 193
53 20 1810 443
54 21 1810 753
63 22 1810 1824
65 23 1810 875
65 24 1810 332
67 25 1810 895
71 27 1810 305
71 26 1810 1419
72 28 1810 626
76 29 1810 1414
77 30 1810 521
79 31 1810 990
80 32 1810 741
80 33 1810 297
80 34 1810 228
80 35 1810 450
83 37 1810 430
83 36 1810 1298
85 38 1810 962
85 39 1810 346
86 40 1810 666
87 41 1810 673
89 42 1810 1076
92 43 1810 1156
97 44 1810 1588
117 45 1810 1921
122 46 1810 1547
123 48 1810 215
123 47 1810 665
124 49 1810 785
130 50 1810 1649
130 51 1810 143
132 52 1810 1015
132 53 1810 76
134 54 1810 1006
138 55 1810 1357
146 59 1810 430
146 58 1810 215
146 56 1810 1763
146 57 1810 312
149 60 1810 1264
152 61 1810 1280
153 62 1810 757
153 63 1810 118
153 64 1810 24
153 65 1810 304
153 66 1810 426
154 67 1810 634
155 68 1810 859
156 69 1810 668
165 72 1810 46
165 70 1810 1819
165 71 1810 406
168 73 1810 1263
172 74 1810 1451
179 75 1810 1694
184 76 1810 1602
185 77 1810 668
188 78 1810 1212
188 79 1810 336
191 80 1810 1272
192 81 1810 753
192 82 1810 90
200 83 1810 1765
207 85 1810 377
207 84 1810 1690
221 86 1810 1899
222 87 1810 664
225 88 1810 1216
226 89 1810 796
227 90 1810 612
229 91 1810 985
229 92 1810 215
230 93 1810 532
232 94 1810 1006
235 95 1810 1310
245 96 1810 1840
247 97 1810 957
249 98 1810 1132
252 99 1810 1284
256 100 1810 1494
258 101 1810 913
265 102 1810 1731
269 103 1810 1471
271 104 1810 891
274 105 1810 1243
274 106 1810 97
280 107 1810 1676
281 108 1810 549
284 109 1810 1236
290 110 1810 1679
292 111 1810 1095
294 112 1810 1025
303 113 1810 1803
305 114 1810 1082
306 115 1810 511
309 116 1810 1190
311 117 1810 917
311 118 1810 352
316 119 1810 1571
316 120 1810 329
322 121 1810 1687
325 124 1810 56
325 123 1810 62
325 122 1810 1342
326 125 1810 834
326 126 1810 190
330 127 1810 1438
330 128 1810 257
330 129 1810 141
338 130 1810 1778
339 131 1810 645
343 132 1810 1460
353 133 1810 1853
354 134 1810 766
354 135 1810 359
356 136 1810 947
357 137 1810 543
359 138 1810 874
359 139 1810 446
359 140 1810 280
359 141 1810 222
359 142 1810 114
374 143 1810 1904
376 144 1810 1041
380 145 1810 1441
392 146 1810 1885
392 147 1810 336
396 148 1810 1375
396 149 1810 494
396 150 1810 119
398 151 1810 923
399 152 1810 604
403 153 1810 1485
405 154 1810 954
412 155 1810 1731
417 156 1810 1495
423 157 1810 1668
427 158 1810 1414
427 159 1810 57
429 160 1810 1052
430 161 1810 583
434 163 1810 408
434 162 1810 1419
438 164 1810 1383
440 165 1810 1034
445 166 1810 1559
447 167 1810 1096
449 168 1810 1036
450 169 1810 723
454 170 1810 1489
455 172 1810 43
455 171 1810 647
465 173 1810 1830
468 174 1810 1291
468 175 1810 107
473 176 1810 1573
477 177 1810 1363
479 178 1810 946
480 179 1810 540
482 180 1810 874
490 182 1810 63
490 181 1810 1779
496 183 1810 1687
496 184 1810 21
497 185 1810 855
497 186 1810 40
511 187 1810 1900
513 188 1810 898
515 189 1810 960
516 190 1810 788
519 191 1810 1203
521 192 1810 1053
522 193 1810 816
525 194 1810 1319
531 195 1810 1621
532 196 1810 728
538 197 1810 1631
539 198 1810 521
539 199 1810 6
548 200 1810 1806
549 201 1810 788
552 202 1810 1224
553 203 1810 651
555 204 1810 930
559 205 1810 1397
561 206 1810 880
562 207 1810 699
562 208 1810 193
563 211 1810 132
563 210 1810 158
563 209 1810 847
564 212 1810 722
566 213 1810 874
568 214 1810 1108
571 215 1810 1198
572 216 1810 520
578 217 1810 1656
578 218 1810 386
579 219 1810 527
581 220 1810 994
586 221 1810 1584
586 222 1810 198
586 223 1810 76
597 224 1810 1859
597 225 1810 285
602 226 1810 1518
605 227 1810 1151
606 228 1810 511
611 229 1810 1595
614 230 1810 1304
625 231 1810 1866
626 232 1810 841
628 233 1810 939
629 234 1810 658
629 235 1810 86
630 236 1810 554
633 237 1810 1336
634 238 1810 757
635 239 1810 549
649 240 1810 1899
652 241 1810 1266
659 242 1810 1706
659 243 1810 51
660 244 1810 801
661 245 1810 656
661 246 1810 481
661 247 1810 179
667 249 1810 120
667 248 1810 1633
669 250 1810 1100
671 251 1810 996
674 252 1810 1244
693 253 1810 1918
695 254 1810 937
695 255 1810 222
696 256 1810 589
699 257 1810 1148
700 258 1810 716
701 259 1810 644
710 260 1810 1803
716 261 1810 1653
716 262 1810 187
717 263 1810 523
721 264 1810 1468
721 265 1810 216
724 266 1810 1216
731 268 1810 215
731 267 1810 1707
733 269 1810 1022
734 270 1810 644
736 271 1810 1109
738 272 1810 899
746 273 1810 1761
747 274 1810 552
753 275 1810 1653
762 277 1810 146
762 276 1810 1802
765 278 1810 1200
768 279 1810 1203
775 280 1810 1729
778 281 1810 1338
782 282 1810 1442
782 283 1810 390
782 284 1810 494
782 285 1810 307
783 286 1810 622
784 289 1810 436
784 287 1810 847
784 288 1810 2
788 290 1810 1421
791 291 1810 1331
792 292 1810 619
792 293 1810 112
793 294 1810 670
793 295 1810 246
795 296 1810 1078
798 297 1810 1183
799 298 1810 508
800 299 1810 584
804 300 1810 1364
805 301 1810 698
818 302 1810 1889
819 303 1810 611
823 304 1810 1401
841 305 1810 1916
841 306 1810 97
