1 0 1563 745
2 1 1563 804
2 2 1563 164
4 3 1563 973
4 4 1563 212
5 5 1563 687
6 6 1563 676
7 7 1563 540
17 8 1563 1831
25 9 1563 1765
32 10 1563 1709
36 11 1563 1378
36 12 1563 89
36 13 1563 287
37 14 1563 556
41 15 1563 1348
46 16 1563 1582
53 17 1563 1707
54 19 1563 391
54 18 1563 718
55 20 1563 768
59 21 1563 1375
59 22 1563 20
59 23 1563 490
62 24 1563 1145
62 25 1563 422
66 26 1563 1377
66 27 1563 32
69 28 1563 1230
72 29 1563 1252
73 30 1563 526
77 31 1563 1488
79 32 1563 899
80 33 1563 644
82 34 1563 1074
85 35 1563 1147
89 36 1563 1392
91 37 1563 1030
103 38 1563 1877
103 39 1563 70
103 40 1563 408
105 41 1563 976
110 42 1563 1567
110 43 1563 169
114 44 1563 1403
114 45 1563 369
116 46 1563 920
118 47 1563 906
122 48 1563 1398
122 49 1563 494
127 50 1563 1577
129 51 1563 957
135 52 1563 1656
136 53 1563 761
136 54 1563 471
139 55 1563 1294
140 56 1563 784
145 57 1563 1598
153 58 1563 1753
160 59 1563 1714
163 60 1563 1234
164 61 1563 643
167 62 1563 1235
168 63 1563 578
171 65 1563 220
171 66 1563 479
171 64 1563 1238
175 67 1563 1369
177 68 1563 1138
180 69 1563 1333
192 70 1563 1881
193 71 1563 552
201 72 1563 1754
202 73 1563 648
217 74 1563 1907
224 75 1563 1716
231 76 1563 1733
239 77 1563 1776
241 78 1563 1012
242 79 1563 775
246 80 1563 1427
246 81 1563 471
247 82 1563 559
248 83 1563 735
253 84 1563 1600
257 85 1563 1493
265 86 1563 1757
265 87 1563 137
265 88 1563 172
272 89 1563 1704
272 90 1563 363
279 91 1563 1718
282 92 1563 1202
282 93 1563 163
283 94 1563 760
290 95 1563 1689
296 96 1563 1665
298 97 1563 988
299 98 1563 855
302 99 1563 1182
311 100 1563 1815
315 101 1563 1475
322 103 1563 64
322 102 1563 1692
323 104 1563 537
325 105 1563 1024
327 106 1563 1128
329 107 1563 1007
330 108 1563 778
331 109 1563 679
335 110 1563 1486
337 111 1563 933
338 112 1563 586
340 114 1563 286
340 113 1563 977
341 115 1563 763
341 116 1563 84
342 117 1563 499
344 118 1563 903
350 119 1563 1669
350 120 1563 388
350 121 1563 341
353 122 1563 1196
357 123 1563 1358
359 124 1563 970
359 125 1563 162
362 126 1563 1275
367 127 1563 1590
376 128 1563 1813
376 129 1563 217
376 130 1563 51
377 131 1563 744
379 132 1563 920
387 133 1563 1754
389 134 1563 884
401 135 1563 1876
402 136 1563 703
402 137 1563 494
402 138 1563 197
403 139 1563 575
403 140 1563 365
404 141 1563 750
407 142 1563 1283
411 143 1563 1418
411 144 1563 218
415 145 1563 1355
417 146 1563 1132
417 147 1563 224
426 148 1563 1802
447 149 1563 1922
452 150 1563 1605
455 151 1563 1166
455 152 1563 85
457 153 1563 1111
458 154 1563 794
462 155 1563 1474
462 156 1563 278
462 157 1563 334
464 158 1563 1019
464 159 1563 375
470 160 1563 1673
474 161 1563 1462
476 162 1563 1119
477 163 1563 560
478 164 1563 628
479 165 1563 741
479 166 1563 12
480 167 1563 756
480 168 1563 93
480 169 1563 334
480 170 1563 59
485 173 1563 327
485 171 1563 1514
485 172 1563 301
488 174 1563 1304
493 175 1563 1563
495 176 1563 982
502 177 1563 1703
504 178 1563 1139
509 179 1563 1539
511 180 1563 954
513 181 1563 1051
520 182 1563 1713
529 183 1563 1815
530 184 1563 537
531 185 1563 809
532 186 1563 658
539 187 1563 1733
541 188 1563 960
544 189 1563 1334
549 191 1563 369
549 190 1563 1597
553 192 1563 1399
560 193 1563 1747
561 194 1563 826
562 195 1563 828
567 196 1563 1555
568 197 1563 723
569 198 1563 789
573 199 1563 1401
576 202 1563 130
576 200 1563 1342
576 201 1563 376
580 203 1563 1467
591 204 1563 1862
591 205 1563 90
592 206 1563 864
598 207 1563 1682
605 208 1563 1732
608 210 1563 492
608 209 1563 1156
609 211 1563 500
611 212 1563 1119
615 213 1563 1404
619 214 1563 1345
620 215 1563 622
626 216 1563 1673
629 217 1563 1228
629 218 1563 23
636 219 1563 1743
636 220 1563 83
636 221 1563 203
643 222 1563 1721
644 223 1563 683
645 224 1563 661
651 226 1563 114
651 227 1563 479
651 225 1563 1615
655 231 1563 259
655 230 1563 7
655 229 1563 475
655 228 1563 1425
657 232 1563 914
663 233 1563 1663
663 234 1563 197
664 235 1563 578
666 236 1563 920
666 237 1563 246
678 239 1563 446
678 238 1563 1878
689 240 1563 1870
691 241 1563 900
691 242 1563 1
698 243 1563 1728
699 244 1563 842
701 245 1563 1097
704 246 1563 1174
724 249 1563 204
724 248 1563 401
724 247 1563 1920
726 250 1563 1079
726 251 1563 326
727 252 1563 699
729 253 1563 970
732 254 1563 1318
734 255 1563 1138
735 256 1563 579
739 257 1563 1372
740 259 1563 246
740 258 1563 805
754 260 1563 1900
754 261 1563 384
754 262 1563 257
757 263 1563 1256
760 264 1563 1148
760 265 1563 232
765 266 1563 1510
769 267 1563 1381
772 268 1563 1207
773 269 1563 767
779 270 1563 1627
783 271 1563 1427
786 272 1563 1275
791 273 1563 1502
800 274 1563 1798
802 275 1563 1107
802 276 1563 202
820 277 1563 1917
828 278 1563 1765
832 279 1563 1488
832 280 1563 440
832 281 1563 119
832 282 1563 77
835 283 1563 1221
838 284 1563 1321
843 285 1563 1606
847 286 1563 1484
858 287 1563 1869
858 288 1563 344
860 289 1563 983
886 290 1563 1924
890 291 1563 1473
894 292 1563 1366
900 293 1563 1631
900 294 1563 470
904 295 1563 1485
905 296 1563 643
906 297 1563 670
907 298 1563 580
908 299 1563 610
913 300 1563 1512
920 301 1563 1718
921 302 1563 713
926 303 1563 1559
927 304 1563 502
932 305 1563 1577
934 306 1563 976
