1 0 524 797
5 1 524 1415
5 2 524 324
13 3 524 1763
17 4 524 1411
17 5 524 402
18 6 524 668
23 7 524 1590
24 8 524 858
30 9 524 1640
33 10 524 1335
33 11 524 464
39 12 524 1656
45 13 524 1667
50 14 524 1550
52 15 524 982
58 16 524 1618
60 19 524 405
60 17 524 908
60 18 524 336
62 20 524 946
67 21 524 1598
67 22 524 371
68 23 524 839
73 24 524 1603
75 25 524 960
76 26 524 506
79 27 524 1178
80 28 524 548
83 29 524 1212
91 30 524 1785
99 31 524 1754
103 32 524 1408
105 34 524 48
105 33 524 994
106 35 524 545
113 37 524 245
113 36 524 1711
119 38 524 1688
119 39 524 121
125 40 524 1660
129 41 524 1470
130 42 524 835
134 43 524 1431
138 44 524 1457
138 45 524 366
144 46 524 1609
157 47 524 1894
158 48 524 701
162 49 524 1428
163 50 524 546
163 51 524 308
164 52 524 708
166 53 524 1024
167 54 524 536
169 55 524 1124
171 56 524 1044
175 57 524 1410
175 58 524 159
175 59 524 450
184 60 524 1820
188 61 524 1415
190 62 524 1041
195 63 524 1570
203 64 524 1779
208 65 524 1505
210 66 524 980
211 67 524 661
217 68 524 1618
219 69 524 1004
222 70 524 1196
226 71 524 1372
229 72 524 1145
229 73 524 215
230 74 524 669
234 75 524 1400
235 76 524 762
236 77 524 865
239 78 524 1306
242 79 524 1236
245 80 524 1276
246 81 524 536
246 82 524 477
248 83 524 1044
249 84 524 666
253 85 524 1476
255 86 524 1046
255 87 524 384
255 88 524 458
256 89 524 849
260 90 524 1426
260 91 524 300
260 92 524 86
263 96 524 428
263 95 524 245
263 93 524 1237
263 94 524 225
266 97 524 1189
271 98 524 1576
283 99 524 1877
286 100 524 1310
288 101 524 947
288 102 524 276
294 104 524 232
294 103 524 1621
296 105 524 1099
298 106 524 1088
298 107 524 493
298 108 524 354
300 111 524 178
300 112 524 104
300 109 524 1060
300 110 524 361
301 113 524 848
303 114 524 1098
306 115 524 1283
308 116 524 937
329 117 524 1922
331 118 524 904
331 119 524 303
331 120 524 459
332 121 524 596
332 122 524 203
333 123 524 769
338 124 524 1502
340 125 524 896
343 126 524 1286
353 127 524 1832
370 128 524 1914
370 129 524 423
372 130 524 971
377 131 524 1497
380 132 524 1213
384 133 524 1354
394 134 524 1851
394 135 524 329
394 136 524 260
395 137 524 781
396 138 524 812
400 139 524 1492
400 140 524 388
401 141 524 552
401 142 524 30
404 144 524 488
404 143 524 1322
407 145 524 1248
407 146 524 195
410 147 524 1163
410 148 524 138
411 149 524 867
414 150 524 1233
414 151 524 431
414 152 524 285
417 153 524 1273
421 154 524 1417
422 155 524 714
423 156 524 744
427 157 524 1432
427 158 524 118
430 159 524 1260
437 160 524 1737
440 161 524 1180
441 162 524 503
452 163 524 1855
452 164 524 88
453 165 524 788
455 166 524 890
456 167 524 675
458 168 524 921
459 169 524 769
461 170 524 1022
461 171 524 156
463 172 524 1109
466 173 524 1337
476 174 524 1839
486 175 524 1831
487 176 524 565
488 177 524 805
488 178 524 280
488 179 524 254
489 180 524 700
489 181 524 123
496 182 524 1694
498 183 524 1047
500 184 524 1115
501 185 524 540
504 186 524 1212
515 187 524 1865
526 188 524 1861
528 189 524 1136
533 190 524 1510
534 191 524 753
535 192 524 662
539 193 524 1477
545 194 524 1679
547 195 524 1133
547 196 524 49
547 197 524 99
550 198 524 1233
556 199 524 1624
556 200 524 357
560 202 524 241
560 201 524 1445
563 203 524 1294
571 204 524 1769
573 205 524 1076
576 206 524 1247
578 207 524 873
582 208 524 1359
587 209 524 1510
587 210 524 148
598 211 524 1863
601 212 524 1151
609 213 524 1788
610 214 524 559
616 215 524 1614
620 216 524 1411
624 217 524 1380
625 218 524 739
629 219 524 1473
634 220 524 1500
636 221 524 949
637 222 524 738
644 223 524 1710
647 224 524 1184
647 225 524 269
651 226 524 1418
656 227 524 1557
661 228 524 1582
662 229 524 706
670 231 524 466
670 230 524 1782
675 232 524 1497
676 233 524 581
685 234 524 1821
688 235 524 1180
697 236 524 1807
697 237 524 400
700 238 524 1203
700 239 524 39
703 241 524 339
703 240 524 1217
704 242 524 506
704 243 524 351
706 244 524 987
711 245 524 1571
716 246 524 1527
717 247 524 799
719 248 524 917
719 249 524 65
725 250 524 1647
726 251 524 593
729 252 524 1285
735 253 524 1685
735 254 524 123
738 255 524 1333
739 256 524 706
739 257 524 455
739 258 524 109
744 259 524 1500
749 260 524 1582
755 261 524 1615
758 262 524 1215
759 263 524 652
765 264 524 1653
771 265 524 1607
771 266 524 366
772 267 524 569
785 268 524 1891
788 269 524 1304
795 270 524 1732
797 271 524 1010
797 272 524 177
798 273 524 700
798 274 524 255
801 275 524 1161
801 276 524 443
801 277 524 387
802 278 524 722
807 279 524 1537
808 280 524 666
809 281 524 619
810 282 524 639
815 283 524 1517
817 284 524 984
820 285 524 1188
822 286 524 1106
829 290 524 474
829 289 524 488
829 288 524 457
829 287 524 1737
833 291 524 1351
833 292 524 290
839 293 524 1628
839 294 524 381
844 295 524 1527
846 296 524 1048
854 297 524 1778
855 298 524 623
858 299 524 1305
861 300 524 1205
863 301 524 957
864 302 524 832
869 303 524 1538
869 304 524 258
870 305 524 636
870 306 524 416
