1 0 267 755
4 1 267 1151
8 2 267 1467
9 3 267 606
10 4 267 720
10 5 267 79
11 6 267 684
11 7 267 331
21 8 267 1840
25 9 267 1421
25 10 267 431
27 11 267 1115
32 12 267 1508
44 13 267 1878
45 14 267 833
45 15 267 444
45 16 267 92
48 17 267 1218
50 18 267 1139
62 19 267 1877
62 20 267 24
70 21 267 1751
70 22 267 443
71 23 267 728
73 24 267 1138
80 25 267 1719
92 28 267 84
92 27 267 302
92 26 267 1875
96 29 267 1476
97 30 267 760
97 31 267 473
103 32 267 1628
110 33 267 1727
110 34 267 254
114 35 267 1396
115 36 267 865
122 37 267 1724
126 38 267 1362
128 39 267 924
142 40 267 1896
151 41 267 1811
153 42 267 1128
156 43 267 1186
156 44 267 22
157 45 267 773
161 46 267 1421
164 47 267 1155
165 48 267 825
175 49 267 1832
175 50 267 376
177 51 267 1102
180 52 267 1332
182 53 267 908
185 54 267 1257
187 55 267 929
188 56 267 708
189 57 267 739
193 58 267 1393
195 59 267 925
195 60 267 129
195 61 267 381
195 62 267 247
195 63 267 364
196 64 267 661
208 65 267 1883
212 66 267 1412
219 67 267 1705
225 68 267 1623
229 69 267 1362
234 70 267 1503
234 71 267 292
242 72 267 1780
242 73 267 214
257 74 267 1905
257 75 267 138
258 76 267 622
261 77 267 1181
262 78 267 705
262 79 267 364
262 80 267 298
263 81 267 719
267 82 267 1401
267 83 267 176
269 84 267 1099
274 85 267 1583
276 86 267 1066
277 87 267 719
277 88 267 470
280 89 267 1249
281 90 267 688
281 91 267 126
281 92 267 331
281 93 267 436
282 94 267 795
287 95 267 1514
292 96 267 1564
293 97 267 763
294 98 267 525
294 99 267 64
297 100 267 1286
303 101 267 1641
307 102 267 1456
311 105 267 83
311 104 267 328
311 103 267 1388
314 106 267 1246
316 107 267 1118
318 108 267 927
320 109 267 1119
320 110 267 306
324 111 267 1452
324 112 267 34
326 113 267 1028
327 114 267 627
330 115 267 1335
332 116 267 905
332 117 267 70
335 118 267 1189
337 119 267 1003
338 120 267 817
339 121 267 692
342 123 267 374
342 122 267 1235
343 124 267 673
347 125 267 1377
360 126 267 1886
363 127 267 1344
366 128 267 1344
366 129 267 391
366 130 267 498
374 131 267 1784
375 132 267 655
376 133 267 641
378 134 267 1002
379 135 267 582
382 136 267 1187
382 137 267 12
390 138 267 1773
392 139 267 1015
392 140 267 336
404 141 267 1872
411 142 267 1716
414 143 267 1276
416 144 267 942
419 145 267 1160
419 146 267 91
422 147 267 1227
429 148 267 1734
433 149 267 1384
434 150 267 609
438 151 267 1494
443 152 267 1498
447 153 267 1447
450 154 267 1171
451 155 267 593
451 156 267 405
453 157 267 1082
454 158 267 714
456 159 267 875
456 160 267 122
465 161 267 1827
472 162 267 1698
473 163 267 536
474 164 267 620
474 165 267 447
475 166 267 796
478 167 267 1317
478 168 267 25
478 169 267 45
478 170 267 147
480 173 267 174
480 171 267 892
480 172 267 221
481 174 267 666
483 175 267 869
485 176 267 900
497 177 267 1884
501 178 267 1357
505 179 267 1438
508 180 267 1285
509 181 267 658
514 182 267 1535
526 183 267 1884
533 184 267 1706
535 185 267 929
535 186 267 285
537 187 267 1133
541 190 267 176
541 191 267 105
541 188 267 1394
541 189 267 408
544 192 267 1222
546 193 267 897
548 194 267 893
548 195 267 434
548 196 267 174
551 197 267 1180
552 200 267 363
552 198 267 655
552 199 267 495
553 201 267 699
556 202 267 1202
562 203 267 1689
565 204 267 1237
571 205 267 1642
574 206 267 1272
577 207 267 1324
578 209 267 302
578 208 267 781
584 210 267 1618
584 211 267 445
590 212 267 1650
593 213 267 1201
598 214 267 1515
602 215 267 1388
602 216 267 292
609 217 267 1739
610 218 267 755
616 220 267 161
616 219 267 1615
621 221 267 1588
631 222 267 1847
636 223 267 1541
644 224 267 1793
644 225 267 42
649 226 267 1594
652 227 267 1249
655 228 267 1205
655 229 267 231
656 230 267 694
662 231 267 1645
665 232 267 1228
666 233 267 861
668 234 267 1074
669 235 267 585
673 236 267 1381
681 237 267 1771
682 239 267 64
682 238 267 647
687 240 267 1581
689 241 267 886
689 242 267 352
691 243 267 1092
692 244 267 715
698 246 267 379
698 245 267 1656
698 247 267 21
701 248 267 1307
705 249 267 1429
705 250 267 142
705 251 267 360
705 252 267 424
707 253 267 964
707 254 267 333
708 255 267 700
709 256 267 777
714 257 267 1585
723 258 267 1820
726 259 267 1194
726 260 267 48
726 261 267 23
726 262 267 118
727 263 267 549
732 264 267 1532
746 265 267 1897
748 266 267 1141
749 268 267 126
749 267 267 788
751 269 267 929
751 270 267 7
751 271 267 445
753 272 267 1091
754 273 267 691
754 274 267 33
757 275 267 1200
760 276 267 1236
761 277 267 754
762 278 267 826
762 279 267 137
767 280 267 1587
772 281 267 1572
783 282 267 1867
790 283 267 1701
790 284 267 88
790 285 267 334
793 287 267 264
793 286 267 1220
794 288 267 528
794 289 267 374
801 290 267 1733
808 291 267 1721
820 292 267 1875
824 293 267 1378
824 294 267 15
829 295 267 1558
830 296 267 767
837 297 267 1727
841 298 267 1484
842 299 267 743
843 300 267 514
848 301 267 1516
857 302 267 1819
857 303 267 377
861 304 267 1422
867 305 267 1621
870 306 267 1193
