0 0 1868 268
0 1 1868 130
4 2 1868 1472
5 3 1868 762
13 4 1868 1792
17 5 1868 1470
17 6 1868 309
17 7 1868 264
21 8 1868 1366
22 9 1868 560
27 10 1868 1556
33 11 1868 1617
35 12 1868 945
35 13 1868 261
41 14 1868 1635
50 15 1868 1826
50 16 1868 430
54 17 1868 1354
57 19 1868 243
57 18 1868 1288
59 20 1868 1096
64 21 1868 1598
65 22 1868 855
66 23 1868 692
71 24 1868 1542
71 25 1868 97
71 26 1868 18
78 27 1868 1717
86 29 1868 76
86 28 1868 1793
90 30 1868 1471
92 31 1868 1029
93 32 1868 778
97 33 1868 1367
102 34 1868 1604
105 35 1868 1147
105 36 1868 316
106 37 1868 867
108 38 1868 1070
115 39 1868 1746
119 40 1868 1447
124 41 1868 1523
124 42 1868 450
126 43 1868 952
127 44 1868 667
127 45 1868 90
128 47 1868 364
128 46 1868 608
129 48 1868 741
138 49 1868 1826
138 50 1868 356
139 51 1868 813
140 52 1868 586
140 53 1868 163
142 54 1868 1124
143 55 1868 595
146 56 1868 1199
147 57 1868 779
150 58 1868 1144
157 59 1868 1694
161 60 1868 1452
162 61 1868 516
162 62 1868 395
165 63 1868 1290
167 64 1868 1013
168 65 1868 526
169 66 1868 839
174 67 1868 1503
175 68 1868 582
175 69 1868 487
180 70 1868 1510
184 71 1868 1487
184 72 1868 283
188 73 1868 1466
189 74 1868 721
194 75 1868 1498
197 76 1868 1147
206 77 1868 1828
206 78 1868 25
210 79 1868 1452
214 80 1868 1413
219 81 1868 1579
221 82 1868 976
234 83 1868 1891
240 84 1868 1644
241 86 1868 443
241 85 1868 658
242 87 1868 614
242 88 1868 242
244 89 1868 1009
256 90 1868 1872
260 91 1868 1461
266 92 1868 1647
269 93 1868 1301
269 94 1868 294
271 95 1868 930
273 96 1868 1127
275 97 1868 1085
286 98 1868 1863
286 99 1868 140
289 100 1868 1175
291 101 1868 1030
298 102 1868 1706
298 103 1868 253
298 104 1868 316
299 105 1868 793
300 106 1868 529
302 107 1868 1044
306 108 1868 1366
311 109 1868 1551
315 110 1868 1372
318 111 1868 1296
319 112 1868 754
325 113 1868 1617
325 114 1868 280
334 115 1868 1798
338 116 1868 1465
338 117 1868 428
343 118 1868 1570
343 119 1868 355
343 120 1868 83
343 121 1868 225
346 122 1868 1261
351 123 1868 1498
352 125 1868 48
352 124 1868 540
360 126 1868 1764
362 127 1868 907
365 128 1868 1172
372 129 1868 1716
372 130 1868 371
372 131 1868 61
385 132 1868 1890
394 135 1868 383
394 134 1868 276
394 133 1868 1809
403 136 1868 1797
404 137 1868 722
409 138 1868 1575
410 139 1868 850
410 140 1868 128
413 141 1868 1323
416 142 1868 1173
417 143 1868 616
422 144 1868 1561
423 145 1868 576
424 146 1868 707
424 147 1868 30
426 148 1868 1020
426 149 1868 421
430 150 1868 1389
431 151 1868 698
435 152 1868 1440
440 154 1868 57
440 153 1868 1507
442 155 1868 950
449 156 1868 1694
449 157 1868 208
455 158 1868 1638
455 159 1868 268
457 160 1868 954
462 161 1868 1547
471 162 1868 1797
476 163 1868 1575
479 164 1868 1180
482 165 1868 1310
485 166 1868 1330
487 167 1868 870
490 168 1868 1341
499 169 1868 1822
499 170 1868 0
500 171 1868 742
501 172 1868 778
502 174 1868 227
502 173 1868 719
503 175 1868 684
505 176 1868 976
506 177 1868 645
517 178 1868 1862
530 179 1868 1888
533 180 1868 1266
540 181 1868 1734
549 182 1868 1812
550 184 1868 326
550 183 1868 750
555 185 1868 1597
556 186 1868 546
556 187 1868 383
564 188 1868 1752
567 189 1868 1251
568 190 1868 613
573 191 1868 1589
575 192 1868 1009
578 193 1868 1307
587 194 1868 1821
588 195 1868 506
592 196 1868 1451
597 197 1868 1522
601 198 1868 1360
601 199 1868 250
604 200 1868 1170
612 201 1868 1762
613 202 1868 614
615 203 1868 1122
615 204 1868 420
616 205 1868 646
626 206 1868 1844
627 207 1868 720
630 208 1868 1279
633 209 1868 1297
647 210 1868 1898
649 212 1868 270
649 211 1868 1049
655 213 1868 1674
657 214 1868 926
660 215 1868 1144
666 216 1868 1659
668 217 1868 1046
671 218 1868 1248
676 219 1868 1507
677 220 1868 764
679 221 1868 947
681 222 1868 1042
681 223 1868 89
684 224 1868 1208
684 225 1868 336
690 226 1868 1658
694 227 1868 1396
695 228 1868 822
701 229 1868 1646
704 230 1868 1157
708 231 1868 1379
711 232 1868 1209
717 233 1868 1611
718 234 1868 717
722 235 1868 1428
724 236 1868 1120
725 237 1868 689
725 238 1868 329
730 239 1868 1604
736 240 1868 1677
744 241 1868 1751
746 242 1868 1028
746 243 1868 454
749 244 1868 1277
753 245 1868 1489
756 246 1868 1318
759 247 1868 1260
759 248 1868 380
760 249 1868 677
761 250 1868 771
761 251 1868 405
761 252 1868 274
769 253 1868 1778
773 254 1868 1411
773 255 1868 223
774 256 1868 719
775 257 1868 524
785 259 1868 84
785 258 1868 1839
787 260 1868 913
787 261 1868 448
796 262 1868 1822
801 263 1868 1558
801 264 1868 139
802 265 1868 519
810 266 1868 1765
811 267 1868 584
813 268 1868 956
817 269 1868 1423
817 270 1868 23
819 271 1868 970
820 272 1868 716
825 273 1868 1568
833 274 1868 1755
835 275 1868 937
845 276 1868 1843
846 277 1868 588
847 278 1868 737
853 279 1868 1643
855 280 1868 943
855 281 1868 398
857 282 1868 1016
857 283 1868 145
859 284 1868 874
860 285 1868 752
862 286 1868 1104
866 289 1868 494
866 287 1868 1356
866 288 1868 200
867 290 1868 708
868 291 1868 596
869 292 1868 774
869 293 1868 245
870 294 1868 691
873 295 1868 1229
883 296 1868 1853
887 297 1868 1395
887 298 1868 315
888 299 1868 758
894 300 1868 1649
895 301 1868 734
895 302 1868 303
897 303 1868 881
898 304 1868 653
905 305 1868 1726
911 306 1868 1613
