3 0 404 1286
4 1 404 581
6 2 404 1084
9 3 404 1295
12 4 404 1258
13 5 404 748
16 8 404 378
16 9 404 75
16 6 404 1165
16 7 404 325
17 10 404 710
21 11 404 1468
25 12 404 1452
36 13 404 1861
41 14 404 1571
50 15 404 1823
57 16 404 1733
60 17 404 1294
63 19 404 386
63 18 404 1188
66 20 404 1294
66 21 404 286
67 22 404 541
67 23 404 367
70 24 404 1175
73 25 404 1266
83 26 404 1838
94 27 404 1857
96 28 404 1081
98 29 404 1039
107 30 404 1825
107 31 404 352
114 32 404 1739
118 33 404 1422
124 34 404 1628
125 35 404 734
130 36 404 1602
131 38 404 170
131 37 404 660
134 39 404 1193
136 40 404 888
137 41 404 794
138 42 404 571
141 43 404 1173
141 44 404 260
145 45 404 1426
145 46 404 287
151 47 404 1683
152 49 404 377
152 48 404 507
164 50 404 1874
165 51 404 745
173 52 404 1795
173 53 404 151
173 54 404 363
175 55 404 999
175 56 404 40
176 58 404 120
176 57 404 717
194 59 404 1917
195 60 404 835
198 61 404 1232
201 62 404 1169
204 63 404 1264
204 64 404 175
204 65 404 357
210 68 404 232
210 67 404 29
210 66 404 1653
211 69 404 836
211 70 404 220
213 71 404 1073
215 72 404 1123
235 73 404 1920
239 74 404 1423
240 75 404 499
246 76 404 1640
249 77 404 1292
249 78 404 107
255 79 404 1674
257 80 404 978
257 81 404 154
261 82 404 1350
262 83 404 704
264 84 404 1089
266 86 404 481
266 85 404 1080
271 87 404 1588
273 88 404 1058
274 89 404 628
275 90 404 694
277 91 404 885
278 92 404 540
278 93 404 178
278 94 404 357
283 95 404 1580
288 96 404 1550
291 97 404 1232
293 98 404 998
302 99 404 1827
309 100 404 1697
309 101 404 258
313 102 404 1450
318 103 404 1595
318 104 404 156
319 105 404 801
324 106 404 1547
333 107 404 1799
334 108 404 652
342 109 404 1789
345 110 404 1284
346 111 404 672
347 112 404 609
347 113 404 370
349 114 404 939
350 115 404 680
359 116 404 1806
359 117 404 465
359 118 404 174
361 119 404 1020
370 120 404 1801
370 121 404 65
372 122 404 895
377 124 404 142
377 123 404 1529
380 125 404 1260
381 126 404 532
383 127 404 944
388 128 404 1562
396 129 404 1767
398 132 404 294
398 130 404 874
398 131 404 408
398 133 404 204
412 134 404 1902
413 135 404 719
414 136 404 628
420 137 404 1679
421 138 404 547
421 139 404 287
425 140 404 1457
426 141 404 606
428 142 404 935
431 143 404 1194
434 147 404 169
434 146 404 275
434 144 404 1268
434 145 404 21
437 148 404 1164
442 149 404 1602
449 150 404 1699
451 151 404 1085
453 152 404 1057
467 154 404 26
467 153 404 1903
473 155 404 1631
476 156 404 1287
486 157 404 1845
490 158 404 1453
491 159 404 821
491 160 404 268
492 161 404 602
492 162 404 237
493 163 404 810
495 164 404 915
497 165 404 876
497 166 404 378
497 167 404 404
497 168 404 393
497 169 404 219
497 170 404 51
497 171 404 127
507 172 404 1842
516 173 404 1812
520 174 404 1487
523 175 404 1194
525 176 404 1055
531 177 404 1626
531 178 404 261
531 179 404 121
533 181 404 363
533 180 404 984
540 182 404 1705
552 183 404 1885
552 184 404 68
559 185 404 1714
562 189 404 271
562 186 404 1275
562 187 404 316
562 188 404 178
566 190 404 1356
567 192 404 226
567 191 404 707
573 193 404 1650
573 194 404 18
574 195 404 855
574 196 404 369
574 197 404 124
574 198 404 278
574 199 404 391
579 200 404 1567
588 201 404 1796
595 202 404 1700
597 203 404 945
602 204 404 1550
607 205 404 1571
610 206 404 1167
613 207 404 1170
613 208 404 416
614 209 404 756
615 210 404 575
620 211 404 1586
625 212 404 1584
628 213 404 1331
636 214 404 1762
646 215 404 1830
647 216 404 821
647 217 404 276
648 218 404 741
650 219 404 1126
655 220 404 1525
655 221 404 62
655 222 404 226
655 223 404 122
656 224 404 787
659 225 404 1269
668 226 404 1825
668 227 404 192
676 228 404 1793
677 229 404 631
678 230 404 825
680 231 404 930
684 232 404 1347
692 233 404 1794
692 234 404 478
694 235 404 1113
695 236 404 587
696 237 404 760
696 238 404 335
696 239 404 421
697 241 404 105
697 240 404 546
706 242 404 1824
710 243 404 1347
716 244 404 1620
723 245 404 1695
725 246 404 1048
726 247 404 819
735 251 404 93
735 250 404 34
735 249 404 113
735 248 404 1813
738 252 404 1308
740 253 404 1077
741 254 404 791
746 255 404 1505
751 256 404 1569
756 258 404 157
756 259 404 280
756 257 404 1578
762 260 404 1671
764 261 404 975
767 262 404 1301
774 263 404 1709
785 264 404 1856
790 266 404 239
790 265 404 1569
797 267 404 1715
798 268 404 853
799 269 404 649
802 270 404 1243
802 271 404 61
813 272 404 1865
813 273 404 320
814 274 404 579
818 275 404 1419
818 276 404 162
819 278 404 426
819 277 404 803
821 279 404 1016
821 280 404 220
823 281 404 1006
823 282 404 303
829 283 404 1680
830 284 404 597
831 285 404 731
836 287 404 270
836 286 404 1547
838 288 404 1003
840 289 404 898
844 290 404 1468
846 291 404 933
847 292 404 602
847 293 404 54
848 294 404 675
853 295 404 1496
854 297 404 115
854 296 404 729
858 298 404 1416
858 299 404 51
862 300 404 1456
865 301 404 1258
878 302 404 1891
881 303 404 1163
882 304 404 794
896 305 404 1898
896 306 404 152
