1 0 1601 638
2 1 1601 771
3 2 1601 529
7 3 1601 1483
8 4 1601 620
11 5 1601 1177
11 6 1601 365
22 7 1601 1856
23 10 1601 369
23 8 1601 839
23 9 1601 213
28 11 1601 1566
40 12 1601 1883
46 13 1601 1650
48 14 1601 1128
52 15 1601 1488
55 16 1601 1234
57 17 1601 898
58 18 1601 623
59 19 1601 786
66 20 1601 1697
68 21 1601 878
69 22 1601 831
70 23 1601 642
71 24 1601 534
72 25 1601 628
73 26 1601 827
75 27 1601 1067
79 28 1601 1436
80 29 1601 837
82 30 1601 989
84 31 1601 933
85 32 1601 574
85 33 1601 130
88 34 1601 1190
89 36 1601 25
89 35 1601 616
94 37 1601 1575
97 38 1601 1235
105 39 1601 1784
112 40 1601 1715
117 41 1601 1520
117 42 1601 343
118 45 1601 350
118 44 1601 380
118 43 1601 813
120 46 1601 1082
120 47 1601 343
121 48 1601 722
124 49 1601 1276
126 50 1601 929
129 51 1601 1201
129 52 1601 148
132 54 1601 134
132 53 1601 1158
138 55 1601 1684
149 56 1601 1864
158 57 1601 1812
160 58 1601 949
177 59 1601 1916
177 60 1601 350
180 62 1601 420
180 63 1601 2
180 61 1601 1222
183 64 1601 1148
187 65 1601 1361
189 66 1601 991
197 67 1601 1753
197 68 1601 459
198 69 1601 512
202 70 1601 1463
207 71 1601 1584
212 72 1601 1587
213 73 1601 764
215 75 1601 176
215 74 1601 996
216 76 1601 535
216 77 1601 18
216 78 1601 261
216 79 1601 183
220 80 1601 1471
220 81 1601 484
220 82 1601 344
220 83 1601 159
230 84 1601 1832
237 85 1601 1713
238 86 1601 785
241 87 1601 1341
260 88 1601 1920
264 89 1601 1431
265 90 1601 676
265 91 1601 138
266 92 1601 626
269 93 1601 1244
273 95 1601 492
273 94 1601 1434
275 96 1601 1100
275 97 1601 340
280 98 1601 1590
282 99 1601 944
285 100 1601 1283
288 101 1601 1253
297 102 1601 1808
297 103 1601 210
304 104 1601 1738
307 105 1601 1270
312 106 1601 1538
315 107 1601 1308
315 108 1601 162
327 109 1601 1882
330 110 1601 1149
340 111 1601 1846
345 112 1601 1550
346 114 1601 444
346 113 1601 765
354 115 1601 1790
356 116 1601 877
356 117 1601 260
356 118 1601 95
360 119 1601 1360
361 120 1601 575
366 121 1601 1575
374 122 1601 1758
376 123 1601 953
384 124 1601 1760
387 125 1601 1324
389 126 1601 958
389 127 1601 343
392 128 1601 1254
393 129 1601 503
395 131 1601 195
395 132 1601 352
395 130 1601 1001
398 133 1601 1241
399 134 1601 825
399 135 1601 217
400 136 1601 600
400 137 1601 134
400 138 1601 346
401 140 1601 175
401 139 1601 561
405 141 1601 1401
408 142 1601 1179
408 143 1601 37
408 144 1601 281
409 145 1601 755
410 146 1601 513
418 147 1601 1785
419 148 1601 799
424 149 1601 1568
429 150 1601 1539
430 154 1601 368
430 153 1601 229
430 152 1601 245
430 151 1601 840
436 155 1601 1632
440 156 1601 1420
441 157 1601 855
441 158 1601 374
441 159 1601 414
441 160 1601 312
444 162 1601 53
444 161 1601 1194
449 163 1601 1583
451 164 1601 881
453 165 1601 954
457 166 1601 1493
457 167 1601 309
468 168 1601 1865
468 169 1601 227
471 170 1601 1189
472 171 1601 743
482 172 1601 1839
486 173 1601 1458
489 174 1601 1185
491 175 1601 1099
491 176 1601 396
498 177 1601 1721
499 178 1601 671
501 179 1601 1004
502 180 1601 811
504 181 1601 1097
508 182 1601 1468
514 183 1601 1611
516 184 1601 889
516 185 1601 160
528 186 1601 1875
528 187 1601 123
530 188 1601 872
532 189 1601 1117
533 190 1601 722
539 191 1601 1670
545 192 1601 1684
556 193 1601 1856
556 194 1601 249
558 195 1601 905
562 196 1601 1347
567 197 1601 1520
569 198 1601 1080
572 199 1601 1252
575 200 1601 1187
575 201 1601 203
585 202 1601 1845
586 203 1601 572
586 204 1601 378
587 205 1601 796
589 206 1601 926
590 207 1601 711
592 208 1601 969
595 209 1601 1194
598 210 1601 1236
604 211 1601 1623
604 212 1601 183
607 213 1601 1295
612 214 1601 1527
614 215 1601 1139
620 216 1601 1650
620 217 1601 367
621 218 1601 694
622 219 1601 720
624 220 1601 1004
628 221 1601 1370
632 222 1601 1361
633 223 1601 747
637 224 1601 1429
641 225 1601 1444
643 226 1601 983
658 227 1601 1907
661 229 1601 279
661 228 1601 1208
667 230 1601 1677
668 231 1601 800
669 232 1601 640
672 233 1601 1343
679 234 1601 1742
680 235 1601 607
683 236 1601 1177
685 237 1601 896
688 239 1601 92
688 238 1601 1232
691 240 1601 1159
694 241 1601 1163
696 242 1601 1079
701 243 1601 1603
710 244 1601 1806
712 245 1601 1023
716 248 1601 328
716 247 1601 389
716 246 1601 1486
718 249 1601 1034
721 250 1601 1179
723 251 1601 979
724 252 1601 826
724 253 1601 360
724 254 1601 248
731 255 1601 1742
732 256 1601 767
734 257 1601 1097
736 258 1601 1068
737 259 1601 858
744 260 1601 1737
746 261 1601 943
750 262 1601 1427
751 263 1601 689
755 264 1601 1441
755 265 1601 435
757 266 1601 983
758 267 1601 764
762 268 1601 1477
764 269 1601 920
777 270 1601 1887
778 271 1601 754
780 272 1601 1059
781 273 1601 601
785 274 1601 1485
793 276 1601 290
793 275 1601 1765
799 277 1601 1682
800 278 1601 866
800 279 1601 405
812 280 1601 1882
813 281 1601 593
818 282 1601 1578
818 283 1601 174
820 284 1601 1024
821 285 1601 697
835 286 1601 1899
835 287 1601 280
837 288 1601 1095
837 289 1601 0
845 290 1601 1764
845 291 1601 79
853 295 1601 215
853 294 1601 279
853 292 1601 1752
853 293 1601 373
859 296 1601 1660
859 297 1601 389
859 298 1601 161
863 299 1601 1370
863 300 1601 40
864 301 1601 721
865 302 1601 836
868 303 1601 1333
870 305 1601 425
870 304 1601 1072
880 306 1601 1844
