0 365 16 1789
0 366 16 230
1 367 16 600
1 368 16 203
1 369 16 154
1 370 16 458
2 0 16 1068
3 372 16 210
3 371 16 887
8 373 16 1511
8 3 16 72
8 2 16 59
8 1 16 1637
9 375 16 68
9 374 16 642
10 376 16 577
10 4 16 1034
11 377 16 787
12 378 16 822
15 379 16 1166
15 5 16 1528
17 6 16 1016
21 7 16 1403
21 8 16 152
21 9 16 22
22 10 16 668
24 380 16 1816
25 381 16 825
25 382 16 188
27 11 16 1538
29 383 16 1416
29 384 16 34
30 12 16 1219
32 13 16 1104
35 14 16 1329
38 385 16 1824
39 15 16 1367
43 386 16 1553
44 387 16 793
44 16 16 1605
45 17 16 681
46 18 16 500
46 388 16 959
48 19 16 1017
49 20 16 819
50 21 16 849
55 22 16 1509
56 23 16 606
57 25 16 437
57 24 16 515
60 26 16 1182
60 389 16 1898
61 390 16 744
63 27 16 1306
65 28 16 894
65 391 16 1462
68 29 16 1177
73 30 16 1531
79 31 16 1621
81 392 16 1909
86 32 16 1741
86 393 16 1545
89 33 16 1256
90 34 16 790
90 35 16 274
91 36 16 584
91 394 16 1603
92 395 16 696
95 396 16 1330
98 397 16 1149
99 37 16 1756
102 38 16 1287
106 400 16 411
106 402 16 41
106 401 16 302
106 399 16 106
106 398 16 1768
107 404 16 17
107 403 16 740
109 39 16 1714
114 40 16 1568
114 41 16 133
114 42 16 227
115 43 16 595
116 44 16 656
117 45 16 719
118 46 16 627
120 47 16 1115
122 405 16 1906
124 48 16 1430
124 406 16 1032
124 407 16 193
128 408 16 1409
128 409 16 140
129 49 16 1535
131 410 16 1148
131 411 16 244
132 412 16 815
133 50 16 1395
134 53 16 104
134 51 16 656
134 52 16 384
135 54 16 738
135 413 16 1322
135 55 16 219
135 56 16 128
136 414 16 755
139 57 16 1378
142 415 16 1660
143 58 16 1482
144 59 16 596
144 60 16 345
148 417 16 433
148 416 16 1667
150 61 16 1634
150 418 16 927
151 62 16 509
153 63 16 899
153 64 16 415
155 65 16 971
156 420 16 236
156 419 16 1628
160 421 16 1362
162 66 16 1722
165 423 16 230
165 422 16 1566
168 424 16 1334
170 425 16 920
172 426 16 902
173 427 16 589
175 67 16 1887
175 68 16 313
177 69 16 1054
178 70 16 782
183 428 16 1832
186 71 16 1774
189 72 16 1319
190 73 16 710
194 74 16 1374
194 429 16 1870
195 75 16 685
195 430 16 663
196 76 16 622
198 77 16 913
199 431 16 1353
201 432 16 944
202 433 16 716
203 434 16 755
208 435 16 1514
209 436 16 783
210 78 16 1874
213 437 16 1372
217 438 16 1399
217 79 16 1720
217 439 16 52
218 440 16 791
222 441 16 1359
224 80 16 1734
224 81 16 67
225 442 16 1308
226 443 16 818
227 444 16 749
228 445 16 500
229 446 16 647
230 447 16 587
231 448 16 790
233 82 16 1800
236 83 16 1283
242 449 16 1868
243 84 16 1707
244 450 16 953
245 85 16 875
246 451 16 897
246 453 16 140
246 452 16 221
248 86 16 1237
254 87 16 1636
254 454 16 1794
255 88 16 518
256 90 16 146
256 89 16 571
256 455 16 974
257 456 16 660
258 91 16 1131
258 92 16 273
259 93 16 690
263 94 16 1368
264 457 16 1736
267 458 16 1331
269 459 16 1021
271 460 16 1004
271 461 16 442
271 462 16 286
274 95 16 1858
275 463 16 1463
279 464 16 1402
279 96 16 1548
282 97 16 1252
282 98 16 180
286 465 16 1719
288 99 16 1610
289 466 16 1224
289 467 16 98
290 468 16 566
290 100 16 922
291 101 16 665
292 102 16 801
292 103 16 375
293 469 16 1165
293 104 16 753
295 470 16 877
295 471 16 295
297 472 16 958
298 105 16 1546
299 473 16 874
300 474 16 836
301 106 16 1261
301 476 16 53
301 475 16 801
302 477 16 747
306 478 16 1405
306 107 16 1599
307 480 16 273
307 479 16 834
307 109 16 52
307 108 16 655
307 481 16 315
312 110 16 1521
314 482 16 1724
314 111 16 1139
318 112 16 1428
324 113 16 1687
325 115 16 278
325 114 16 786
327 483 16 1888
329 484 16 916
333 116 16 1758
336 117 16 1151
336 485 16 1690
338 486 16 1131
338 118 16 1117
339 487 16 803
340 488 16 846
342 119 16 1464
347 489 16 1706
348 120 16 1659
348 490 16 853
348 121 16 85
350 493 16 378
350 491 16 971
350 492 16 41
352 494 16 973
352 495 16 348
352 122 16 1369
354 496 16 1073
358 123 16 1666
360 124 16 908
362 497 16 1769
365 498 16 1341
365 125 16 1575
367 499 16 954
370 500 16 1200
370 126 16 1500
371 501 16 548
371 127 16 628
371 502 16 20
374 128 16 1266
376 503 16 1549
378 129 16 1440
378 504 16 991
379 505 16 658
380 130 16 1062
383 131 16 1294
384 133 16 264
384 132 16 733
385 134 16 797
387 135 16 1069
390 506 16 1863
390 136 16 1191
393 507 16 1272
394 137 16 1425
395 138 16 530
395 139 16 160
396 508 16 1229
398 509 16 993
400 510 16 920
400 140 16 1538
405 141 16 1562
407 143 16 465
407 142 16 981
409 144 16 974
410 513 16 496
410 512 16 330
410 511 16 1838
411 514 16 747
411 145 16 931
412 515 16 688
413 517 16 322
413 516 16 643
414 518 16 546
417 146 16 1628
418 147 16 511
420 519 16 1636
421 520 16 588
421 521 16 421
424 522 16 1176
425 524 16 312
425 523 16 785
427 148 16 1828
429 149 16 1090
429 150 16 99
429 151 16 397
429 152 16 135
430 153 16 640
435 526 16 253
435 525 16 1830
436 527 16 580
442 154 16 1875
443 155 16 837
445 529 16 487
445 528 16 1826
446 156 16 1221
448 157 16 1059
451 530 16 1653
451 531 16 208
452 158 16 1392
454 160 16 45
454 159 16 1102
454 533 16 451
454 532 16 1330
455 162 16 332
455 161 16 632
457 163 16 1140
459 165 16 227
459 166 16 406
459 534 16 1558
459 164 16 915
462 167 16 1163
464 168 16 889
465 536 16 294
465 537 16 174
465 535 16 1650
467 538 16 897
467 539 16 258
470 169 16 1642
472 171 16 333
472 170 16 1012
473 172 16 620
475 173 16 956
475 540 16 1751
483 541 16 1784
485 175 16 96
485 174 16 1850
487 176 16 1029
488 542 16 1499
489 177 16 903
490 178 16 692
496 543 16 1778
497 544 16 785
499 545 16 939
500 546 16 640
504 547 16 1469
504 179 16 1902
509 548 16 1555
509 549 16 284
515 550 16 1630
515 180 16 1871
516 551 16 751
517 181 16 988
518 183 16 176
518 182 16 725
519 552 16 1222
521 184 16 1340
522 185 16 665
525 186 16 1159
525 188 16 313
525 187 16 92
525 554 16 366
525 553 16 1630
526 555 16 779
529 556 16 1296
532 557 16 1160
535 558 16 1236
537 189 16 1885
537 559 16 1085
537 560 16 405
540 561 16 1283
544 562 16 1371
545 192 16 33
545 191 16 131
545 190 16 1773
545 563 16 741
548 564 16 1265
549 193 16 1352
549 194 16 115
549 565 16 711
550 566 16 508
551 195 16 906
554 196 16 1230
559 567 16 1804
560 568 16 863
562 197 16 1766
562 569 16 1022
562 571 16 469
562 570 16 394
566 198 16 1475
566 573 16 288
566 572 16 1349
567 199 16 747
568 200 16 524
568 201 16 465
573 202 16 1547
573 203 16 186
573 204 16 78
575 574 16 1809
576 575 16 729
577 576 16 846
580 577 16 1323
580 205 16 1691
587 206 16 1701
589 207 16 1103
590 208 16 715
598 209 16 1779
605 210 16 1732
605 212 16 367
605 211 16 318
608 578 16 1924
609 213 16 1414
611 579 16 1297
612 214 16 1155
614 580 16 1190
614 215 16 982
615 581 16 708
617 582 16 949
622 583 16 1541
623 584 16 782
624 216 16 1832
624 217 16 156
625 585 16 901
627 586 16 910
631 218 16 1724
631 219 16 249
633 220 16 992
633 221 16 314
633 587 16 1625
633 588 16 84
634 589 16 779
634 590 16 353
634 222 16 849
636 591 16 1059
636 223 16 928
637 592 16 862
644 593 16 1737
644 224 16 1794
646 226 16 300
646 225 16 880
649 227 16 1193
650 228 16 841
652 596 16 412
652 595 16 468
652 594 16 1778
652 229 16 944
653 230 16 791
653 597 16 758
654 599 16 74
654 600 16 431
654 598 16 513
655 601 16 760
656 602 16 606
656 231 16 1187
657 603 16 533
660 232 16 1352
666 604 16 1815
669 605 16 1160
671 233 16 1869
672 606 16 1326
674 607 16 934
675 234 16 1377
679 235 16 1406
681 608 16 1745
683 236 16 1365
684 237 16 539
684 238 16 97
686 609 16 1561
689 239 16 1574
691 241 16 56
691 240 16 889
694 244 16 152
694 243 16 459
694 242 16 1301
697 610 16 1857
698 245 16 1455
704 246 16 1688
705 247 16 543
705 248 16 196
707 249 16 1057
709 250 16 998
711 252 16 41
711 611 16 1898
711 251 16 1073
714 253 16 1226
714 612 16 1160
720 254 16 1679
720 255 16 209
725 613 16 1864
725 256 16 1540
726 257 16 619
726 258 16 316
728 259 16 1122
732 260 16 1390
733 261 16 508
733 262 16 261
740 263 16 1696
742 264 16 987
743 265 16 545
745 268 16 36
745 267 16 423
745 266 16 890
751 269 16 1674
756 270 16 1541
759 271 16 1292
759 272 16 58
759 273 16 150
762 274 16 1285
764 275 16 936
766 277 16 390
766 276 16 937
767 279 16 339
767 278 16 775
769 280 16 1116
775 281 16 1682
777 282 16 996
784 283 16 1708
795 284 16 1870
801 285 16 1642
804 286 16 1146
804 287 16 126
804 288 16 189
807 289 16 1167
815 290 16 1791
816 292 16 222
816 291 16 746
818 293 16 900
818 294 16 183
818 295 16 381
825 296 16 1719
830 297 16 1530
834 298 16 1396
839 299 16 1532
840 300 16 564
843 301 16 1265
844 303 16 447
844 302 16 506
848 304 16 1441
854 305 16 1630
856 306 16 1014
865 307 16 1816
876 308 16 1865
877 309 16 743
880 310 16 1197
883 311 16 1149
891 312 16 1768
905 313 16 1902
905 314 16 5
911 315 16 1633
915 316 16 1436
915 317 16 477
923 318 16 1750
926 319 16 1269
929 320 16 1323
930 321 16 763
930 322 16 233
931 323 16 793
940 324 16 1808
941 325 16 794
943 326 16 1070
945 327 16 1083
958 328 16 1891
960 329 16 904
962 330 16 1141
965 331 16 1332
967 332 16 919
970 333 16 1168
977 334 16 1699
985 335 16 1776
988 336 16 1175
989 339 16 239
989 337 16 548
989 338 16 267
990 340 16 627
993 341 16 1255
993 342 16 185
997 343 16 1370
1010 344 16 1895
1011 345 16 641
1013 346 16 903
1013 347 16 245
1015 349 16 475
1015 348 16 894
1017 350 16 869
1020 351 16 1242
1027 352 16 1704
1027 353 16 126
1027 354 16 208
1034 355 16 1726
1036 356 16 1031
1042 357 16 1638
1043 358 16 564
1044 359 16 646
1045 360 16 560
1056 361 16 1856
1066 362 16 1849
1068 363 16 961
1073 364 16 1527
