0 0 1094 358
0 1 1094 203
1 2 1094 659
1 3 1094 464
2 4 1094 717
5 5 1094 1307
6 6 1094 759
8 7 1094 1019
11 8 1094 1168
19 9 1094 1779
21 10 1094 874
27 11 1094 1671
28 12 1094 763
37 13 1094 1799
37 14 1094 35
40 15 1094 1261
41 16 1094 635
44 17 1094 1251
49 18 1094 1531
50 19 1094 551
58 20 1094 1787
61 21 1094 1299
61 22 1094 480
63 23 1094 1088
65 24 1094 1102
66 25 1094 561
66 26 1094 148
68 27 1094 1118
70 28 1094 975
71 29 1094 742
72 30 1094 611
74 31 1094 1107
81 32 1094 1718
91 33 1094 1847
94 34 1094 1228
94 35 1094 297
97 36 1094 1270
98 37 1094 534
104 38 1094 1682
104 39 1094 12
105 40 1094 530
115 41 1094 1851
120 42 1094 1530
121 43 1094 591
122 44 1094 749
124 45 1094 937
129 46 1094 1500
130 47 1094 724
130 48 1094 269
130 49 1094 25
130 50 1094 311
131 51 1094 720
132 52 1094 620
138 53 1094 1625
143 54 1094 1517
145 55 1094 983
151 56 1094 1647
156 57 1094 1496
159 58 1094 1287
159 59 1094 156
162 60 1094 1158
167 61 1094 1565
167 62 1094 43
167 63 1094 425
170 64 1094 1167
177 65 1094 1692
189 66 1094 1877
190 67 1094 840
191 68 1094 571
197 69 1094 1663
215 70 1094 1916
215 71 1094 100
219 72 1094 1493
224 73 1094 1518
224 74 1094 21
235 75 1094 1861
242 76 1094 1694
251 77 1094 1814
251 78 1094 338
251 79 1094 164
253 80 1094 985
257 81 1094 1349
258 82 1094 849
260 84 1094 430
260 83 1094 950
269 85 1094 1816
269 86 1094 487
269 87 1094 92
269 88 1094 330
269 89 1094 245
270 90 1094 575
277 91 1094 1698
280 92 1094 1172
285 93 1094 1526
286 94 1094 778
288 95 1094 889
297 96 1094 1808
299 97 1094 1105
303 98 1094 1348
305 99 1094 981
307 100 1094 984
308 101 1094 659
308 102 1094 153
309 105 1094 211
309 103 1094 531
309 104 1094 34
312 106 1094 1151
314 107 1094 1026
319 108 1094 1604
324 109 1094 1580
327 110 1094 1213
335 111 1094 1758
338 112 1094 1157
340 113 1094 1122
342 114 1094 1096
349 115 1094 1734
350 116 1094 716
352 117 1094 1018
371 118 1094 1919
374 119 1094 1276
377 120 1094 1205
385 121 1094 1784
386 123 1094 325
386 122 1094 510
388 124 1094 1088
388 125 1094 217
389 126 1094 853
402 127 1094 1892
403 128 1094 739
405 129 1094 1056
405 130 1094 52
406 132 1094 465
406 131 1094 589
409 133 1094 1281
411 134 1094 1104
411 135 1094 325
414 136 1094 1195
414 137 1094 317
416 138 1094 915
416 139 1094 219
417 140 1094 664
421 142 1094 413
421 141 1094 1385
422 143 1094 674
424 144 1094 956
425 145 1094 741
426 146 1094 541
426 147 1094 49
426 148 1094 430
428 150 1094 173
428 149 1094 969
429 151 1094 790
431 153 1094 71
431 152 1094 1110
438 154 1094 1701
440 155 1094 1125
440 156 1094 149
448 157 1094 1752
452 158 1094 1368
459 159 1094 1741
462 160 1094 1282
465 162 1094 287
465 161 1094 1184
466 163 1094 548
471 164 1094 1527
472 165 1094 624
475 166 1094 1293
484 167 1094 1800
484 168 1094 18
485 169 1094 770
486 172 1094 102
486 170 1094 538
486 171 1094 398
493 173 1094 1699
494 174 1094 611
501 175 1094 1745
505 176 1094 1371
513 177 1094 1760
516 178 1094 1294
516 179 1094 346
521 180 1094 1601
522 181 1094 803
526 182 1094 1461
533 183 1094 1695
535 184 1094 882
538 185 1094 1187
542 187 1094 393
542 186 1094 1403
547 188 1094 1505
562 190 1094 176
562 189 1094 1904
566 191 1094 1368
568 192 1094 873
570 193 1094 1099
571 194 1094 862
575 195 1094 1405
577 196 1094 1097
585 197 1094 1790
587 199 1094 331
587 198 1094 1071
591 200 1094 1373
592 201 1094 665
592 202 1094 31
597 203 1094 1584
597 204 1094 430
604 205 1094 1699
605 206 1094 688
608 207 1094 1335
612 208 1094 1384
624 209 1094 1881
630 210 1094 1678
630 211 1094 314
630 212 1094 458
632 213 1094 1021
632 214 1094 139
632 215 1094 479
638 216 1094 1647
639 217 1094 517
644 219 1094 340
644 218 1094 1590
647 220 1094 1146
649 221 1094 899
649 222 1094 295
649 223 1094 38
650 224 1094 594
652 225 1094 1095
656 226 1094 1449
658 227 1094 927
659 228 1094 837
661 229 1094 1131
662 230 1094 647
667 231 1094 1505
668 232 1094 688
670 233 1094 963
672 234 1094 898
674 235 1094 936
675 236 1094 772
684 237 1094 1801
687 238 1094 1264
689 239 1094 1107
690 240 1094 499
690 241 1094 68
692 242 1094 933
697 243 1094 1548
697 244 1094 225
705 245 1094 1786
707 246 1094 910
715 247 1094 1777
717 249 1094 382
717 248 1094 960
723 250 1094 1682
724 251 1094 580
724 252 1094 200
725 253 1094 731
727 254 1094 1110
727 255 1094 473
727 256 1094 370
745 257 1094 1917
747 258 1094 990
750 259 1094 1260
750 260 1094 249
756 261 1094 1685
756 262 1094 497
756 263 1094 252
759 264 1094 1234
759 265 1094 173
764 266 1094 1550
768 268 1094 123
768 267 1094 1420
770 269 1094 1128
776 270 1094 1631
784 271 1094 1770
787 272 1094 1177
787 273 1094 482
795 274 1094 1765
797 275 1094 1078
810 276 1094 1890
811 277 1094 672
818 278 1094 1738
819 279 1094 732
819 280 1094 184
824 281 1094 1597
837 282 1094 1891
837 283 1094 454
841 284 1094 1374
841 285 1094 67
844 286 1094 1305
856 287 1094 1881
864 288 1094 1777
864 289 1094 424
865 290 1094 565
866 291 1094 779
867 292 1094 811
867 293 1094 4
868 294 1094 857
869 295 1094 738
873 296 1094 1495
874 297 1094 680
874 298 1094 314
874 299 1094 52
874 300 1094 236
878 301 1094 1415
884 302 1094 1653
892 303 1094 1757
893 304 1094 675
903 305 1094 1836
906 306 1094 1327
