0 0 343 327
2 1 343 1018
4 2 343 1003
5 3 343 724
5 4 343 427
5 5 343 116
9 6 343 1363
16 7 343 1745
23 8 343 1726
25 9 343 989
26 10 343 844
37 11 343 1869
39 12 343 985
44 13 343 1553
47 14 343 1195
49 15 343 1005
50 16 343 624
60 17 343 1833
61 18 343 759
66 19 343 1533
75 20 343 1817
81 21 343 1687
89 22 343 1764
92 23 343 1334
93 24 343 619
94 25 343 618
99 26 343 1600
100 27 343 589
102 28 343 909
109 29 343 1739
110 30 343 686
110 31 343 176
110 32 343 331
115 33 343 1594
116 34 343 719
119 35 343 1195
122 37 343 56
122 36 343 1174
123 38 343 718
123 39 343 81
127 40 343 1348
127 41 343 139
127 42 343 80
137 43 343 1840
144 44 343 1706
145 46 343 144
145 45 343 694
146 47 343 829
146 48 343 45
148 49 343 1112
154 50 343 1636
154 51 343 150
156 52 343 1075
157 53 343 571
167 54 343 1835
168 55 343 565
171 56 343 1179
176 57 343 1594
176 58 343 104
183 59 343 1734
183 60 343 441
184 61 343 773
185 62 343 835
201 63 343 1911
201 64 343 303
202 65 343 668
207 66 343 1538
210 67 343 1316
211 68 343 833
241 69 343 1924
249 70 343 1755
250 71 343 568
252 72 343 1114
253 74 343 184
253 73 343 677
259 75 343 1678
264 76 343 1606
274 77 343 1848
279 78 343 1552
289 79 343 1849
289 80 343 473
290 81 343 771
291 82 343 544
298 83 343 1722
298 84 343 103
299 85 343 536
301 86 343 1025
307 87 343 1684
313 88 343 1684
313 89 343 154
313 90 343 16
318 91 343 1504
330 92 343 1877
332 93 343 909
337 94 343 1565
338 95 343 574
341 96 343 1228
341 97 343 94
346 98 343 1537
348 99 343 1037
350 100 343 1081
351 101 343 752
371 102 343 1920
371 103 343 45
374 104 343 1281
376 105 343 1067
378 106 343 960
378 107 343 397
378 108 343 387
378 109 343 156
380 110 343 883
383 111 343 1255
383 112 343 41
383 113 343 180
386 114 343 1260
391 115 343 1594
391 116 343 229
393 117 343 1037
402 118 343 1808
409 119 343 1692
414 120 343 1568
422 121 343 1778
427 122 343 1557
428 123 343 679
443 124 343 1908
443 125 343 250
444 126 343 616
444 127 343 204
446 128 343 1037
451 129 343 1534
451 130 343 450
456 131 343 1512
456 132 343 311
457 133 343 515
458 134 343 767
464 135 343 1646
465 136 343 775
466 137 343 499
466 138 343 441
468 139 343 960
473 140 343 1500
474 141 343 628
477 142 343 1297
482 143 343 1527
485 144 343 1195
486 145 343 685
490 146 343 1463
497 147 343 1696
502 148 343 1574
515 149 343 1896
515 150 343 345
515 151 343 191
515 152 343 211
523 153 343 1770
527 154 343 1394
530 155 343 1227
532 156 343 1120
535 157 343 1241
535 158 343 61
537 159 343 1031
537 160 343 451
538 161 343 755
541 162 343 1285
542 163 343 777
548 164 343 1631
551 165 343 1296
553 166 343 944
557 167 343 1451
560 168 343 1337
565 169 343 1539
566 170 343 818
572 171 343 1655
573 172 343 596
574 173 343 847
574 174 343 191
576 175 343 939
576 176 343 481
576 177 343 29
580 178 343 1408
583 179 343 1222
584 180 343 712
585 181 343 844
586 182 343 555
588 183 343 1066
591 184 343 1189
591 185 343 258
594 186 343 1301
594 187 343 466
596 188 343 1045
600 189 343 1465
601 190 343 525
605 192 343 437
605 191 343 1459
608 193 343 1335
609 194 343 509
610 195 343 744
613 196 343 1267
614 197 343 520
623 198 343 1821
632 199 343 1823
638 203 343 35
638 202 343 359
638 201 343 11
638 200 343 1666
640 204 343 1077
641 205 343 614
646 206 343 1520
649 207 343 1288
654 208 343 1578
654 209 343 454
655 210 343 746
657 211 343 1090
665 212 343 1757
666 213 343 764
666 214 343 318
671 215 343 1532
671 216 343 200
671 217 343 219
676 218 343 1512
680 219 343 1372
700 222 343 406
700 220 343 1920
700 221 343 477
709 223 343 1796
711 224 343 1013
714 225 343 1284
717 226 343 1218
720 228 343 338
720 227 343 1186
724 229 343 1371
729 230 343 1597
742 231 343 1886
742 232 343 132
747 233 343 1509
751 234 343 1481
752 235 343 701
752 236 343 484
753 237 343 519
770 238 343 1913
771 239 343 574
772 240 343 663
772 241 343 12
773 242 343 812
774 243 343 590
775 244 343 718
779 245 343 1359
785 246 343 1626
790 247 343 1597
792 248 343 1016
794 249 343 902
795 250 343 544
797 251 343 1048
799 252 343 932
799 253 343 449
808 254 343 1828
811 255 343 1188
816 256 343 1530
816 257 343 487
818 258 343 947
825 259 343 1718
828 260 343 1321
828 261 343 334
830 262 343 950
830 263 343 207
831 264 343 782
832 265 343 784
834 266 343 958
834 267 343 248
837 268 343 1208
842 269 343 1542
844 270 343 1047
849 271 343 1606
849 272 343 230
851 273 343 938
852 274 343 708
867 275 343 1908
872 276 343 1590
879 277 343 1740
881 278 343 1078
886 279 343 1578
891 280 343 1582
896 281 343 1545
896 282 343 169
900 283 343 1360
901 284 343 827
902 285 343 549
904 286 343 954
910 287 343 1608
915 288 343 1606
915 289 343 292
917 290 343 1095
938 291 343 1921
943 292 343 1497
943 293 343 195
946 294 343 1178
946 295 343 329
948 296 343 986
949 297 343 605
956 298 343 1733
967 299 343 1859
967 300 343 401
971 301 343 1378
971 302 343 389
975 303 343 1398
983 304 343 1779
984 305 343 862
985 306 343 817
