0 0 1216 225
1 1 1216 528
7 2 1216 1673
14 3 1216 1700
14 4 1216 74
16 5 1216 1075
17 6 1216 784
18 7 1216 606
20 8 1216 944
21 9 1216 615
21 10 1216 380
22 11 1216 573
23 12 1216 515
31 13 1216 1773
38 14 1216 1694
38 15 1216 251
42 16 1216 1457
57 17 1216 1904
59 18 1216 1019
63 19 1216 1392
63 20 1216 450
66 21 1216 1149
68 22 1216 1134
71 23 1216 1208
73 24 1216 1090
73 25 1216 174
78 26 1216 1498
79 27 1216 749
80 28 1216 631
80 29 1216 498
81 30 1216 561
81 31 1216 35
83 32 1216 1106
96 33 1216 1887
98 34 1216 911
109 35 1216 1856
113 37 1216 137
113 36 1216 1404
114 38 1216 506
116 39 1216 992
116 40 1216 74
127 41 1216 1865
127 42 1216 381
133 43 1216 1676
139 44 1216 1633
141 45 1216 992
143 46 1216 885
146 47 1216 1222
150 48 1216 1367
151 49 1216 706
156 50 1216 1573
168 51 1216 1876
170 52 1216 1024
171 53 1216 580
173 54 1216 962
175 55 1216 1001
178 56 1216 1319
178 57 1216 465
179 58 1216 610
188 59 1216 1825
193 60 1216 1502
193 61 1216 34
207 62 1216 1900
207 63 1216 446
207 64 1216 53
207 65 1216 345
211 66 1216 1391
212 67 1216 552
213 68 1216 861
221 69 1216 1763
222 70 1216 771
225 71 1216 1319
229 73 1216 27
229 72 1216 1397
232 74 1216 1317
233 75 1216 510
234 76 1216 767
238 77 1216 1383
243 78 1216 1499
243 79 1216 97
246 80 1216 1214
246 81 1216 276
249 82 1216 1306
259 83 1216 1849
260 84 1216 849
261 85 1216 610
263 86 1216 935
264 87 1216 525
266 88 1216 925
276 89 1216 1835
277 90 1216 537
279 91 1216 939
283 92 1216 1452
284 93 1216 606
288 95 1216 39
288 94 1216 1415
301 96 1216 1889
312 97 1216 1860
318 98 1216 1622
321 99 1216 1287
326 100 1216 1526
326 101 1216 332
326 102 1216 360
331 103 1216 1529
342 106 1216 478
342 104 1216 1860
342 105 1216 253
344 107 1216 996
347 108 1216 1188
347 109 1216 451
347 110 1216 233
358 111 1216 1860
360 112 1216 890
361 113 1216 512
362 114 1216 610
365 115 1216 1226
366 116 1216 653
366 117 1216 50
371 118 1216 1521
375 119 1216 1367
378 120 1216 1334
379 121 1216 865
384 122 1216 1551
386 123 1216 951
389 124 1216 1226
397 125 1216 1756
405 126 1216 1792
406 127 1216 791
407 128 1216 537
410 129 1216 1277
411 130 1216 545
412 131 1216 832
418 134 1216 496
418 132 1216 1685
418 133 1216 212
420 135 1216 881
430 136 1216 1840
437 137 1216 1702
454 138 1216 1913
455 139 1216 596
455 140 1216 132
466 141 1216 1864
469 142 1216 1262
469 143 1216 474
474 144 1216 1602
475 145 1216 601
475 146 1216 49
477 147 1216 940
497 148 1216 1920
497 149 1216 188
500 150 1216 1311
510 152 1216 339
510 153 1216 254
510 151 1216 1838
522 154 1216 1878
523 155 1216 660
524 156 1216 705
527 157 1216 1334
527 158 1216 303
527 159 1216 104
527 160 1216 386
533 162 1216 458
533 161 1216 1611
543 163 1216 1835
553 164 1216 1830
556 165 1216 1325
556 166 1216 175
557 167 1216 678
557 168 1216 15
563 169 1216 1653
566 170 1216 1310
568 171 1216 875
568 172 1216 62
570 173 1216 925
573 174 1216 1235
577 175 1216 1395
582 176 1216 1528
584 177 1216 1077
587 178 1216 1273
588 179 1216 624
595 180 1216 1707
596 181 1216 852
597 182 1216 795
597 183 1216 348
610 184 1216 1891
611 185 1216 632
611 186 1216 493
615 187 1216 1430
615 188 1216 258
623 190 1216 175
623 189 1216 1761
624 191 1216 506
628 192 1216 1399
637 193 1216 1809
637 194 1216 209
637 195 1216 445
641 196 1216 1405
645 197 1216 1352
646 200 1216 426
646 198 1216 569
646 199 1216 276
649 201 1216 1295
651 202 1216 924
651 203 1216 266
652 204 1216 803
652 205 1216 435
660 206 1216 1776
663 207 1216 1339
665 209 1216 483
665 208 1216 944
667 210 1216 1057
672 211 1216 1553
672 212 1216 60
677 213 1216 1603
677 214 1216 322
681 215 1216 1459
682 217 1216 110
682 216 1216 816
693 218 1216 1868
696 219 1216 1198
697 220 1216 832
698 221 1216 669
698 222 1216 419
698 223 1216 179
702 224 1216 1478
703 225 1216 804
707 227 1216 178
707 226 1216 1401
708 228 1216 715
709 229 1216 790
726 230 1216 1914
726 231 1216 175
727 232 1216 508
729 233 1216 996
729 234 1216 198
729 235 1216 411
739 236 1216 1852
740 237 1216 528
744 238 1216 1470
748 239 1216 1455
749 240 1216 780
751 241 1216 1078
751 242 1216 486
758 243 1216 1700
759 244 1216 703
760 245 1216 547
760 246 1216 445
767 247 1216 1720
771 248 1216 1486
772 249 1216 675
777 250 1216 1553
780 251 1216 1295
784 252 1216 1408
787 253 1216 1295
791 254 1216 1369
797 255 1216 1681
799 256 1216 876
800 257 1216 744
801 258 1216 713
825 259 1216 1923
827 260 1216 958
832 261 1216 1598
833 262 1216 624
833 263 1216 154
833 264 1216 493
835 265 1216 881
837 266 1216 1045
839 267 1216 989
843 268 1216 1405
853 269 1216 1836
858 270 1216 1531
858 271 1216 287
859 272 1216 564
859 273 1216 413
859 274 1216 417
865 276 1216 183
865 275 1216 1678
866 277 1216 644
870 278 1216 1400
872 279 1216 930
872 280 1216 359
877 281 1216 1606
878 282 1216 616
878 283 1216 39
881 284 1216 1161
882 285 1216 619
883 286 1216 692
885 287 1216 1137
890 288 1216 1552
890 289 1216 441
894 290 1216 1460
896 291 1216 1107
903 292 1216 1739
907 293 1216 1471
907 294 1216 496
909 297 1216 332
909 295 1216 1107
909 296 1216 454
912 298 1216 1207
919 299 1216 1746
923 300 1216 1426
927 301 1216 1381
927 302 1216 315
932 303 1216 1575
934 304 1216 1068
937 305 1216 1266
938 306 1216 730
