0 0 414 52
19 1 414 1919
23 2 414 1438
23 3 414 169
30 4 414 1689
31 5 414 714
35 7 414 377
35 8 414 338
35 6 414 1490
44 9 414 1808
44 10 414 301
44 11 414 489
48 12 414 1450
49 13 414 559
49 14 414 30
58 15 414 1808
61 16 414 1205
63 18 414 97
63 17 414 1140
64 19 414 762
69 20 414 1536
69 21 414 143
83 22 414 1896
88 23 414 1502
88 24 414 344
97 25 414 1826
101 26 414 1369
108 27 414 1691
121 28 414 1889
122 29 414 819
128 30 414 1646
129 31 414 765
130 32 414 649
130 33 414 270
131 36 414 165
131 37 414 475
131 34 414 832
131 35 414 144
136 38 414 1595
140 39 414 1356
144 40 414 1433
150 41 414 1651
151 42 414 868
152 43 414 809
154 44 414 1099
159 45 414 1599
161 47 414 241
161 46 414 1141
166 48 414 1591
167 49 414 598
172 50 414 1603
175 51 414 1152
177 52 414 1079
178 53 414 650
179 54 414 756
189 56 414 22
189 55 414 1834
200 57 414 1861
208 58 414 1750
216 59 414 1788
219 60 414 1270
226 61 414 1723
226 62 414 413
230 63 414 1444
230 64 414 162
234 65 414 1461
242 66 414 1764
245 67 414 1180
251 68 414 1652
260 69 414 1811
266 70 414 1642
267 71 414 729
271 72 414 1469
272 73 414 666
275 74 414 1254
284 75 414 1809
287 76 414 1199
289 77 414 1087
289 78 414 403
290 79 414 669
291 80 414 684
293 81 414 1127
293 82 414 100
296 83 414 1290
298 85 414 494
298 84 414 1141
304 86 414 1610
328 87 414 1923
332 88 414 1438
334 89 414 923
334 90 414 122
334 91 414 229
335 92 414 650
342 93 414 1732
342 94 414 85
348 95 414 1634
351 96 414 1237
355 97 414 1348
356 98 414 646
361 99 414 1562
369 100 414 1760
381 101 414 1885
382 102 414 514
389 103 414 1705
391 104 414 880
393 105 414 873
399 106 414 1607
399 107 414 413
402 108 414 1321
404 109 414 871
405 110 414 634
406 111 414 859
410 112 414 1457
412 113 414 1081
414 115 414 142
414 114 414 1103
420 116 414 1623
422 117 414 1048
422 118 414 303
427 119 414 1592
435 120 414 1775
443 121 414 1765
449 122 414 1666
450 123 414 728
456 124 414 1689
460 125 414 1413
460 126 414 79
466 127 414 1662
467 128 414 580
472 129 414 1544
473 130 414 572
481 131 414 1775
481 132 414 440
482 133 414 765
483 134 414 834
484 135 414 723
485 136 414 613
485 137 414 319
485 138 414 410
485 139 414 267
486 140 414 811
489 141 414 1196
490 142 414 601
491 144 414 288
491 143 414 567
494 145 414 1187
495 146 414 697
499 147 414 1493
500 148 414 628
511 149 414 1868
511 150 414 11
511 151 414 189
513 152 414 1045
515 153 414 979
522 154 414 1711
541 155 414 1919
541 156 414 219
548 157 414 1710
548 158 414 16
552 159 414 1392
553 160 414 793
564 161 414 1869
572 162 414 1758
579 164 414 299
579 163 414 1702
580 165 414 784
580 166 414 419
581 167 414 692
581 168 414 247
581 169 414 379
585 170 414 1454
588 171 414 1303
589 173 414 35
589 172 414 638
590 174 414 780
591 175 414 579
594 176 414 1163
596 177 414 1099
596 178 414 439
597 179 414 501
598 180 414 715
599 181 414 511
601 182 414 1033
602 183 414 637
607 184 414 1532
607 185 414 382
608 186 414 730
612 187 414 1386
614 188 414 978
615 189 414 839
616 190 414 504
617 192 414 303
617 191 414 828
619 193 414 942
623 194 414 1399
624 195 414 867
628 196 414 1363
629 197 414 824
629 198 414 268
633 199 414 1429
634 201 414 4
634 200 414 767
637 202 414 1246
637 203 414 248
637 204 414 413
638 205 414 633
642 206 414 1476
644 207 414 1009
644 208 414 198
646 209 414 1132
647 210 414 755
649 211 414 1045
652 212 414 1270
656 213 414 1439
657 214 414 676
657 215 414 281
658 216 414 835
660 217 414 1121
660 218 414 169
670 220 414 53
670 219 414 1841
672 221 414 957
678 222 414 1639
681 223 414 1332
690 224 414 1800
691 225 414 625
693 226 414 999
699 227 414 1620
700 228 414 560
710 229 414 1838
712 231 414 339
712 230 414 1140
713 232 414 830
715 233 414 935
721 234 414 1658
722 235 414 711
725 236 414 1190
726 237 414 785
726 238 414 223
728 239 414 899
729 240 414 831
735 241 414 1645
738 242 414 1188
746 243 414 1770
746 244 414 84
750 245 414 1384
754 246 414 1482
755 247 414 789
755 248 414 266
757 251 414 242
757 250 414 31
757 249 414 1117
758 252 414 655
758 253 414 352
762 254 414 1375
769 255 414 1735
769 256 414 290
779 257 414 1838
779 258 414 373
786 259 414 1712
791 260 414 1558
799 261 414 1781
799 262 414 448
799 263 414 284
817 264 414 1917
817 265 414 416
817 266 414 214
817 267 414 335
824 268 414 1705
837 269 414 1890
839 270 414 1016
839 271 414 50
841 272 414 897
844 273 414 1194
846 274 414 1010
846 275 414 333
853 276 414 1694
861 277 414 1793
864 279 414 416
864 278 414 1248
866 280 414 1068
866 281 414 210
870 282 414 1354
874 283 414 1367
883 284 414 1807
885 285 414 898
891 286 414 1608
891 287 414 478
895 288 414 1484
905 289 414 1848
905 290 414 420
908 291 414 1276
908 292 414 411
908 293 414 435
911 294 414 1265
913 295 414 974
916 296 414 1196
918 297 414 904
926 298 414 1778
931 299 414 1593
934 300 414 1169
937 301 414 1146
939 302 414 1008
939 303 414 300
939 304 414 101
954 305 414 1905
957 306 414 1269
