0 0 1345 107
3 1 1345 1341
5 2 1345 912
6 3 1345 794
6 4 1345 81
7 5 1345 508
16 6 1345 1809
27 7 1345 1862
27 8 1345 377
32 10 1345 91
32 9 1345 1559
35 11 1345 1214
35 12 1345 14
41 13 1345 1667
41 14 1345 390
41 15 1345 109
46 16 1345 1518
47 17 1345 822
48 21 1345 418
48 20 1345 428
48 18 1345 574
48 19 1345 352
49 22 1345 733
51 23 1345 1002
51 24 1345 496
53 25 1345 1082
54 26 1345 864
58 27 1345 1436
58 28 1345 439
61 29 1345 1274
71 30 1345 1849
73 31 1345 1054
73 32 1345 464
73 33 1345 434
80 34 1345 1742
83 35 1345 1278
86 36 1345 1213
87 37 1345 714
88 38 1345 501
93 39 1345 1516
94 40 1345 799
95 41 1345 612
97 42 1345 899
98 43 1345 827
98 44 1345 142
104 46 1345 291
104 45 1345 1622
111 47 1345 1740
113 48 1345 1040
114 49 1345 806
118 50 1345 1356
123 51 1345 1557
129 52 1345 1610
147 53 1345 1916
149 54 1345 1028
155 55 1345 1614
156 56 1345 607
166 57 1345 1834
166 58 1345 297
168 59 1345 924
173 60 1345 1569
173 61 1345 372
177 62 1345 1422
179 63 1345 1028
185 64 1345 1635
187 65 1345 961
188 66 1345 750
193 67 1345 1505
203 68 1345 1850
205 69 1345 1037
206 70 1345 820
207 71 1345 803
207 72 1345 320
209 73 1345 983
213 74 1345 1478
220 75 1345 1740
224 76 1345 1443
234 77 1345 1831
235 78 1345 859
236 79 1345 798
237 80 1345 791
239 81 1345 1049
239 82 1345 396
244 83 1345 1557
254 85 1345 291
254 84 1345 1842
258 86 1345 1369
258 87 1345 473
261 88 1345 1331
261 89 1345 127
262 90 1345 670
265 91 1345 1304
265 92 1345 417
270 93 1345 1502
281 95 1345 426
281 94 1345 1871
283 96 1345 1114
292 97 1345 1796
294 98 1345 1117
296 99 1345 1106
298 100 1345 872
299 101 1345 711
308 102 1345 1814
308 103 1345 3
324 104 1345 1910
325 105 1345 552
328 106 1345 1237
329 107 1345 626
329 108 1345 437
332 109 1345 1212
332 110 1345 171
333 111 1345 700
335 112 1345 974
339 114 1345 133
339 113 1345 1423
340 115 1345 520
354 116 1345 1901
362 117 1345 1790
364 118 1345 1110
367 119 1345 1343
372 120 1345 1516
372 121 1345 277
372 122 1345 173
379 124 1345 366
379 123 1345 1723
383 125 1345 1441
383 126 1345 386
384 127 1345 742
386 128 1345 1036
388 129 1345 1052
389 130 1345 625
394 131 1345 1571
395 132 1345 714
401 133 1345 1678
411 134 1345 1851
411 135 1345 80
414 136 1345 1159
414 137 1345 393
419 138 1345 1572
422 139 1345 1289
424 140 1345 979
425 143 1345 119
425 142 1345 35
425 141 1345 742
437 144 1345 1880
450 145 1345 1894
450 146 1345 329
452 147 1345 918
456 148 1345 1369
460 149 1345 1351
460 150 1345 450
463 151 1345 1249
464 152 1345 686
471 153 1345 1698
476 154 1345 1514
477 155 1345 595
478 156 1345 537
478 157 1345 91
483 158 1345 1561
483 159 1345 468
483 160 1345 165
483 161 1345 494
488 162 1345 1515
491 163 1345 1309
492 164 1345 586
493 165 1345 524
509 166 1345 1911
512 167 1345 1221
517 168 1345 1497
517 169 1345 52
520 170 1345 1285
525 172 1345 218
525 171 1345 1508
532 173 1345 1745
532 174 1345 364
533 175 1345 774
533 176 1345 241
533 177 1345 54
541 178 1345 1767
541 179 1345 396
543 180 1345 1112
547 181 1345 1393
550 182 1345 1298
556 183 1345 1610
557 184 1345 602
560 185 1345 1301
562 186 1345 885
564 187 1345 940
564 188 1345 163
567 189 1345 1255
571 190 1345 1467
573 191 1345 1067
574 192 1345 756
576 193 1345 1103
578 194 1345 1124
578 195 1345 484
581 196 1345 1152
582 197 1345 650
586 198 1345 1457
590 199 1345 1355
605 200 1345 1907
607 201 1345 1032
611 202 1345 1346
614 203 1345 1316
614 204 1345 65
615 205 1345 867
617 206 1345 1031
618 207 1345 865
621 208 1345 1334
622 212 1345 249
622 211 1345 483
622 210 1345 354
622 209 1345 740
625 213 1345 1164
628 214 1345 1280
629 215 1345 697
631 216 1345 1121
641 217 1345 1830
642 218 1345 707
645 219 1345 1210
650 220 1345 1564
652 221 1345 970
654 222 1345 1057
654 223 1345 241
655 224 1345 510
655 225 1345 218
656 226 1345 751
658 227 1345 1039
659 228 1345 621
668 229 1345 1804
673 230 1345 1547
678 231 1345 1515
679 232 1345 521
679 233 1345 411
679 234 1345 413
679 235 1345 80
679 236 1345 46
694 237 1345 1906
699 238 1345 1544
705 241 1345 19
705 239 1345 1660
705 240 1345 269
710 242 1345 1531
714 243 1345 1348
716 244 1345 901
718 245 1345 984
719 246 1345 818
724 247 1345 1516
731 249 1345 426
731 248 1345 1747
734 250 1345 1288
737 251 1345 1246
748 252 1345 1868
748 253 1345 247
755 254 1345 1716
757 255 1345 937
771 256 1345 1900
773 257 1345 1104
774 258 1345 806
782 259 1345 1772
782 260 1345 115
800 261 1345 1916
800 262 1345 244
804 263 1345 1454
806 264 1345 1118
807 265 1345 763
820 266 1345 1886
828 267 1345 1762
829 268 1345 750
832 269 1345 1200
833 270 1345 651
835 271 1345 1139
835 272 1345 286
837 273 1345 972
839 274 1345 940
844 275 1345 1545
848 276 1345 1364
854 277 1345 1633
857 278 1345 1265
861 279 1345 1450
864 280 1345 1324
867 281 1345 1160
870 282 1345 1217
870 283 1345 195
871 284 1345 516
871 285 1345 300
876 287 1345 274
876 286 1345 1572
877 288 1345 620
881 289 1345 1401
881 290 1345 105
882 291 1345 867
884 292 1345 1100
891 293 1345 1696
896 295 1345 277
896 294 1345 1545
903 299 1345 137
903 298 1345 230
903 296 1345 1699
903 297 1345 76
905 300 1345 1023
907 301 1345 980
908 302 1345 765
909 303 1345 547
916 305 1345 148
916 304 1345 1699
918 306 1345 960
