2 0 194 1137
2 1 194 284
3 2 194 667
4 3 194 649
6 4 194 975
8 5 194 916
10 11 194 382
10 10 194 390
10 9 194 230
10 7 194 382
10 6 194 869
10 8 194 369
13 12 194 1173
18 13 194 1509
22 14 194 1426
26 15 194 1425
34 16 194 1784
35 17 194 794
49 19 194 328
49 18 194 1896
52 20 194 1301
63 21 194 1867
67 22 194 1424
67 23 194 408
67 24 194 99
67 25 194 306
68 26 194 731
68 27 194 91
69 28 194 823
71 29 194 887
74 30 194 1263
74 31 194 440
80 32 194 1634
86 33 194 1641
86 34 194 24
88 35 194 1054
91 36 194 1316
92 37 194 759
94 38 194 1127
102 39 194 1785
103 40 194 505
109 41 194 1679
114 42 194 1564
119 43 194 1573
125 44 194 1652
134 46 194 262
134 47 194 381
134 45 194 1813
146 48 194 1880
151 49 194 1563
153 50 194 1057
161 51 194 1782
163 52 194 911
163 53 194 432
164 54 194 748
167 55 194 1195
168 57 194 259
168 56 194 785
169 58 194 550
170 59 194 669
170 60 194 184
171 61 194 778
175 62 194 1483
179 63 194 1407
181 64 194 892
193 65 194 1875
194 66 194 673
198 67 194 1457
202 68 194 1484
202 69 194 372
202 70 194 109
204 71 194 1024
209 72 194 1592
209 73 194 110
216 74 194 1748
221 76 194 302
221 75 194 1547
229 77 194 1775
230 78 194 681
230 79 194 210
230 80 194 43
230 81 194 349
230 82 194 135
233 83 194 1185
241 84 194 1754
245 85 194 1405
249 86 194 1454
252 87 194 1201
254 88 194 892
255 89 194 754
255 90 194 268
257 91 194 1056
257 92 194 209
257 93 194 458
262 94 194 1601
268 95 194 1652
268 96 194 195
268 97 194 157
269 98 194 681
276 99 194 1701
278 100 194 1140
279 101 194 729
280 102 194 822
285 103 194 1508
289 106 194 189
289 104 194 1454
289 105 194 32
290 107 194 800
291 108 194 609
293 109 194 1125
295 110 194 892
297 111 194 934
302 112 194 1503
302 113 194 339
303 114 194 625
311 115 194 1759
312 116 194 642
312 117 194 298
317 118 194 1577
321 119 194 1411
321 120 194 421
325 121 194 1396
326 122 194 564
327 124 194 103
327 123 194 730
329 125 194 978
330 126 194 815
332 127 194 1133
332 128 194 434
332 129 194 95
336 130 194 1351
336 131 194 145
338 132 194 1093
340 133 194 904
342 134 194 995
345 135 194 1238
349 136 194 1452
350 137 194 551
356 138 194 1656
363 139 194 1722
366 140 194 1216
367 141 194 653
368 142 194 591
375 143 194 1692
383 144 194 1786
386 145 194 1258
390 146 194 1477
398 147 194 1795
406 148 194 1757
414 149 194 1766
416 150 194 1009
425 151 194 1821
426 152 194 505
429 153 194 1195
432 154 194 1279
438 155 194 1669
438 156 194 165
438 157 194 92
442 158 194 1405
442 159 194 475
444 160 194 1142
446 162 194 366
446 161 194 981
447 163 194 514
454 164 194 1699
455 165 194 747
463 166 194 1765
464 167 194 599
467 168 194 1268
470 170 194 307
470 169 194 1312
470 171 194 91
471 172 194 567
479 173 194 1780
479 174 194 195
486 175 194 1693
487 176 194 804
488 177 194 797
490 178 194 869
491 179 194 769
495 180 194 1425
497 181 194 945
500 182 194 1301
501 183 194 592
503 184 194 1011
507 185 194 1454
512 186 194 1565
521 187 194 1823
526 188 194 1549
529 189 194 1251
531 190 194 1073
535 191 194 1360
537 192 194 1071
540 193 194 1180
541 194 194 580
541 195 194 234
541 196 194 286
541 197 194 77
559 198 194 1917
561 199 194 1038
565 200 194 1417
567 201 194 878
568 202 194 526
568 203 194 445
572 204 194 1459
574 205 194 918
577 206 194 1254
578 207 194 649
580 208 194 1000
585 209 194 1511
586 210 194 864
589 211 194 1292
592 212 194 1147
593 213 194 635
595 214 194 975
595 215 194 197
600 216 194 1604
607 217 194 1698
611 218 194 1428
611 219 194 245
613 220 194 1107
624 221 194 1867
626 222 194 974
626 223 194 17
626 224 194 238
628 225 194 871
630 226 194 944
633 227 194 1312
636 228 194 1200
648 229 194 1885
652 230 194 1406
653 231 194 726
654 232 194 805
662 233 194 1755
665 234 194 1276
666 235 194 547
666 236 194 418
667 237 194 855
669 238 194 1058
669 239 194 92
669 240 194 200
671 241 194 915
672 242 194 823
672 243 194 38
672 244 194 386
679 248 194 205
679 247 194 436
679 249 194 382
679 245 194 1705
679 246 194 212
680 250 194 555
681 251 194 512
682 252 194 574
688 253 194 1672
699 254 194 1856
703 255 194 1475
712 256 194 1828
713 258 194 206
713 257 194 508
714 259 194 587
728 260 194 1898
739 261 194 1866
743 262 194 1374
745 263 194 1040
745 264 194 104
745 265 194 137
745 266 194 487
748 267 194 1317
751 269 194 428
751 268 194 1283
758 270 194 1703
759 271 194 748
760 272 194 639
763 273 194 1335
763 274 194 44
763 275 194 192
765 276 194 1043
767 277 194 936
772 279 194 457
772 278 194 1555
773 280 194 659
774 281 194 508
776 282 194 1107
777 283 194 817
780 284 194 1329
782 285 194 893
782 286 194 152
784 287 194 1057
793 288 194 1824
800 289 194 1725
801 290 194 643
811 291 194 1835
812 292 194 648
812 293 194 471
812 294 194 118
812 295 194 258
816 296 194 1465
823 297 194 1708
834 298 194 1858
834 299 194 248
837 300 194 1218
838 301 194 820
840 302 194 1077
847 303 194 1702
848 304 194 604
855 305 194 1731
864 306 194 1798
