2 0 973 1093
14 1 973 1874
23 2 973 1803
25 3 973 956
27 4 973 1062
27 5 973 132
27 6 973 14
34 7 973 1689
35 8 973 749
37 9 973 908
37 10 973 428
38 11 973 537
38 12 973 5
38 13 973 41
40 14 973 923
43 15 973 1336
58 16 973 1908
60 18 973 205
60 17 973 946
65 19 973 1590
71 20 973 1666
76 21 973 1511
82 22 973 1629
82 23 973 353
82 24 973 185
88 25 973 1676
88 26 973 205
89 27 973 522
92 28 973 1303
93 29 973 704
102 30 973 1810
104 31 973 980
104 32 973 169
107 33 973 1167
110 35 973 380
110 34 973 1191
115 36 973 1537
120 37 973 1517
123 38 973 1155
123 39 973 18
131 40 973 1753
134 41 973 1231
135 42 973 733
146 43 973 1862
147 44 973 657
148 46 973 346
148 45 973 500
149 47 973 794
150 48 973 654
152 49 973 905
153 50 973 548
153 51 973 491
157 53 973 316
157 52 973 1370
160 54 973 1328
165 56 973 245
165 55 973 1506
169 57 973 1450
170 58 973 771
173 59 973 1310
183 60 973 1851
187 61 973 1417
187 62 973 385
187 63 973 44
189 64 973 1023
193 66 973 368
193 65 973 1373
194 67 973 762
195 68 973 774
196 69 973 542
203 70 973 1724
203 71 973 391
210 72 973 1716
210 73 973 187
218 74 973 1762
218 75 973 434
219 76 973 778
226 77 973 1692
232 78 973 1620
238 79 973 1610
241 80 973 1330
244 81 973 1336
252 82 973 1792
252 83 973 398
252 84 973 156
255 85 973 1318
260 86 973 1534
268 87 973 1777
276 88 973 1764
282 89 973 1609
282 90 973 135
282 91 973 87
283 92 973 745
291 94 973 91
291 95 973 335
291 93 973 1769
292 96 973 845
293 97 973 689
294 98 973 839
297 99 973 1209
297 100 973 131
302 103 973 112
302 101 973 1508
302 102 973 19
304 105 973 157
304 104 973 1105
305 106 973 700
308 107 973 1183
308 108 973 479
310 109 973 894
311 110 973 728
311 111 973 477
319 112 973 1754
321 113 973 1086
336 114 973 1905
337 115 973 515
342 116 973 1550
358 117 973 1912
367 118 973 1812
373 119 973 1630
381 120 973 1763
382 121 973 515
384 122 973 923
386 124 973 406
386 123 973 1089
392 125 973 1637
397 126 973 1570
408 127 973 1871
408 128 973 95
412 129 973 1426
417 130 973 1513
417 131 973 88
418 133 973 410
418 132 973 852
422 134 973 1478
429 135 973 1746
432 136 973 1316
438 137 973 1679
441 138 973 1217
465 139 973 1923
466 141 973 351
466 140 973 617
469 142 973 1298
471 143 973 870
473 144 973 881
478 145 973 1583
478 146 973 257
483 147 973 1584
491 148 973 1788
496 149 973 1500
497 150 973 710
498 151 973 858
499 152 973 801
501 153 973 1133
505 154 973 1371
510 155 973 1541
511 156 973 585
512 157 973 854
518 158 973 1630
522 159 973 1393
523 160 973 512
524 161 973 754
526 162 973 1087
528 163 973 977
531 164 973 1305
532 165 973 640
537 166 973 1549
540 167 973 1343
545 168 973 1533
545 169 973 159
547 170 973 1123
555 171 973 1795
556 172 973 695
565 173 973 1814
567 174 973 1012
571 175 973 1411
573 176 973 1141
573 177 973 52
573 178 973 208
574 179 973 748
578 180 973 1379
594 182 973 83
594 181 973 1910
595 183 973 519
596 184 973 716
597 185 973 655
600 186 973 1211
606 187 973 1643
608 188 973 964
619 189 973 1862
622 192 973 48
622 191 973 462
622 190 973 1160
629 193 973 1748
633 194 973 1411
641 195 973 1788
644 196 973 1188
644 197 973 321
648 199 973 241
648 200 973 33
648 198 973 1489
649 201 973 838
649 202 973 51
655 203 973 1629
655 204 973 376
656 205 973 839
656 206 973 163
658 207 973 912
658 208 973 121
670 210 973 399
670 209 973 1884
671 211 973 532
672 212 973 646
674 213 973 882
674 214 973 14
675 215 973 526
676 216 973 670
677 218 973 260
677 217 973 567
678 219 973 650
682 220 973 1353
692 221 973 1830
692 222 973 379
697 223 973 1595
699 224 973 923
700 225 973 661
707 226 973 1746
709 227 973 871
709 228 973 402
712 230 973 222
712 229 973 1149
713 231 973 820
713 232 973 488
726 233 973 1892
727 234 973 715
728 235 973 540
739 237 973 378
739 238 973 142
739 236 973 1859
748 239 973 1801
748 240 973 491
748 241 973 299
753 242 973 1522
755 243 973 1004
759 244 973 1462
760 245 973 628
767 246 973 1740
769 247 973 1091
776 248 973 1734
778 249 973 885
780 250 973 1117
781 251 973 620
781 252 973 61
782 253 973 839
783 254 973 812
783 255 973 127
783 256 973 459
783 257 973 380
784 258 973 706
790 259 973 1639
792 260 973 1018
795 261 973 1216
796 262 973 510
798 263 973 896
804 264 973 1662
809 265 973 1503
809 266 973 44
810 268 973 167
810 267 973 678
814 269 973 1398
815 270 973 591
815 271 973 292
815 272 973 424
815 273 973 383
815 274 973 158
817 275 973 1054
817 276 973 307
820 279 973 294
820 277 973 1299
820 278 973 132
821 280 973 845
822 281 973 655
824 282 973 1062
828 284 973 32
828 283 973 1442
833 285 973 1526
834 286 973 759
839 287 973 1574
841 288 973 1079
842 289 973 588
842 290 973 80
846 291 973 1478
851 292 973 1597
851 293 973 428
852 294 973 783
855 295 973 1200
862 296 973 1714
863 297 973 626
866 298 973 1267
878 299 973 1884
879 300 973 583
881 301 973 1062
883 302 973 924
883 303 973 335
883 304 973 293
884 305 973 825
884 306 973 195
