3 0 950 1261
5 1 950 940
12 2 950 1733
12 3 950 96
12 4 950 208
12 5 950 25
17 6 950 1501
18 7 950 522
21 9 950 463
21 8 950 1145
26 10 950 1556
26 11 950 181
29 12 950 1334
29 13 950 472
30 14 950 734
31 15 950 672
33 16 950 979
34 17 950 830
35 18 950 772
36 19 950 832
38 20 950 952
39 21 950 633
39 22 950 383
39 23 950 336
47 24 950 1774
48 25 950 674
57 27 950 454
57 26 950 1812
58 28 950 530
61 29 950 1210
64 30 950 1313
72 31 950 1760
76 32 950 1451
76 33 950 52
79 34 950 1194
81 35 950 900
84 36 950 1179
90 37 950 1643
95 38 950 1561
95 39 950 458
97 40 950 1050
97 41 950 263
98 42 950 646
104 43 950 1613
104 44 950 242
109 45 950 1500
113 46 950 1435
114 47 950 819
114 48 950 357
114 49 950 276
125 50 950 1859
131 51 950 1658
139 52 950 1782
140 53 950 634
140 54 950 145
141 55 950 627
142 56 950 556
146 57 950 1397
146 58 950 246
150 59 950 1458
150 60 950 137
152 61 950 1047
170 62 950 1916
181 63 950 1860
183 64 950 1075
190 65 950 1720
191 66 950 654
194 67 950 1282
197 68 950 1202
205 69 950 1759
209 70 950 1418
212 71 950 1260
215 72 950 1194
215 73 950 314
222 74 950 1706
223 75 950 688
239 76 950 1911
240 77 950 695
240 78 950 94
240 79 950 274
243 80 950 1163
245 81 950 993
245 82 950 97
245 83 950 254
248 84 950 1275
253 85 950 1579
267 86 950 1902
268 87 950 817
278 88 950 1831
279 89 950 567
279 90 950 343
286 91 950 1706
290 96 950 271
290 95 950 3
290 94 950 320
290 93 950 102
290 92 950 1396
291 97 950 711
292 98 950 538
292 99 950 446
293 100 950 845
293 101 950 153
298 102 950 1541
299 103 950 522
300 104 950 782
301 105 950 598
301 106 950 464
305 107 950 1468
306 108 950 853
310 109 950 1382
311 110 950 640
319 111 950 1786
322 112 950 1303
336 114 950 295
336 113 950 1897
338 115 950 1069
340 116 950 950
346 117 950 1662
347 118 950 584
351 119 950 1420
358 120 950 1742
366 121 950 1762
370 122 950 1375
371 123 950 635
375 124 950 1415
381 125 950 1636
389 126 950 1789
391 127 950 1091
410 128 950 1919
417 129 950 1703
417 130 950 416
420 131 950 1200
420 132 950 156
425 133 950 1572
429 134 950 1353
431 135 950 1010
435 136 950 1376
440 137 950 1499
444 138 950 1396
445 139 950 677
447 140 950 1115
447 141 950 434
460 143 950 449
460 142 950 1889
470 144 950 1851
470 145 950 481
470 146 950 403
474 147 950 1423
481 148 950 1732
484 149 950 1175
486 150 950 978
487 151 950 534
487 152 950 126
489 153 950 1043
490 154 950 628
492 155 950 1008
493 156 950 703
495 157 950 906
497 158 950 1032
499 159 950 1071
500 160 950 733
503 161 950 1297
507 162 950 1474
509 163 950 1074
511 164 950 965
515 165 950 1365
521 166 950 1630
527 167 950 1655
528 168 950 544
531 169 950 1210
537 170 950 1618
541 172 950 265
541 171 950 1376
551 173 950 1831
551 174 950 304
554 175 950 1308
563 176 950 1798
565 177 950 925
566 178 950 708
568 179 950 934
571 181 950 365
571 180 950 1232
574 182 950 1284
575 183 950 743
576 184 950 725
585 185 950 1807
587 186 950 1073
589 187 950 1038
591 193 950 325
591 192 950 467
591 191 950 469
591 190 950 307
591 189 950 345
591 188 950 944
602 194 950 1868
609 195 950 1743
611 196 950 885
612 197 950 814
616 199 950 486
616 198 950 1409
617 200 950 776
618 201 950 673
620 202 950 879
621 203 950 521
625 204 950 1481
630 207 950 220
630 205 950 1526
630 206 950 268
631 208 950 738
634 209 950 1244
636 210 950 1134
643 211 950 1702
643 212 950 197
643 213 950 97
651 214 950 1763
651 215 950 368
651 216 950 12
652 218 950 349
652 217 950 730
654 219 950 1082
654 220 950 291
655 221 950 591
656 222 950 710
656 223 950 199
658 224 950 903
661 225 950 1149
663 226 950 909
674 227 950 1865
687 229 950 486
687 230 950 423
687 228 950 1887
689 231 950 984
693 232 950 1441
693 233 950 222
693 234 950 157
694 235 950 559
698 236 950 1410
699 237 950 762
702 238 950 1187
704 239 950 1123
709 240 950 1538
710 241 950 853
710 242 950 299
716 243 950 1624
718 244 950 1135
719 247 950 369
719 248 950 487
719 245 950 529
719 246 950 271
724 249 950 1500
731 250 950 1730
731 251 950 155
731 252 950 464
731 253 950 326
731 254 950 195
731 255 950 184
744 256 950 1887
745 257 950 680
750 258 950 1543
750 259 950 332
751 260 950 617
751 261 950 328
751 262 950 257
751 263 950 252
752 264 950 821
752 265 950 150
752 266 950 260
766 267 950 1900
777 268 950 1865
780 269 950 1204
782 270 950 883
785 271 950 1175
789 272 950 1467
792 273 950 1151
796 274 950 1469
800 275 950 1362
800 276 950 292
802 277 950 1011
804 278 950 988
804 279 950 373
806 280 950 877
807 281 950 539
811 282 950 1378
811 283 950 387
812 284 950 680
812 285 950 268
813 286 950 519
815 287 950 1114
815 288 950 27
829 289 950 1898
830 290 950 596
831 291 950 730
834 292 950 1144
835 293 950 855
836 294 950 505
839 295 950 1209
840 296 950 596
840 297 950 47
841 298 950 803
843 299 950 985
843 300 950 268
843 301 950 296
843 302 950 428
846 303 950 1207
847 304 950 617
848 305 950 555
849 306 950 612
