0 0 991 295
1 1 991 504
10 2 991 1814
11 3 991 668
13 4 991 1039
14 5 991 657
17 6 991 1302
19 7 991 1028
26 8 991 1722
30 9 991 1474
34 10 991 1421
41 11 991 1704
50 12 991 1801
51 13 991 779
53 14 991 1110
57 16 991 163
57 17 991 291
57 15 991 1491
60 18 991 1201
66 19 991 1609
66 20 991 428
69 21 991 1158
71 22 991 1086
74 23 991 1294
74 24 991 405
77 26 991 125
77 25 991 1322
84 27 991 1722
85 28 991 702
86 29 991 509
87 30 991 527
87 31 991 11
89 32 991 934
98 34 991 178
98 33 991 1806
98 35 991 439
104 37 991 322
104 36 991 1607
106 38 991 1013
111 39 991 1569
112 40 991 589
114 41 991 919
116 42 991 1137
118 43 991 946
119 44 991 721
119 45 991 306
124 46 991 1579
130 47 991 1673
131 48 991 819
135 49 991 1466
135 50 991 172
135 51 991 328
136 52 991 578
136 53 991 213
137 54 991 599
139 55 991 1062
142 56 991 1343
143 57 991 519
143 58 991 262
149 59 991 1642
150 60 991 532
155 61 991 1505
155 62 991 325
158 63 991 1212
160 64 991 947
164 65 991 1409
165 66 991 770
184 67 991 1920
185 68 991 601
186 69 991 671
195 70 991 1808
203 71 991 1765
206 72 991 1203
211 73 991 1557
213 74 991 1020
217 77 991 139
217 76 991 20
217 75 991 1434
218 78 991 573
218 79 991 98
224 80 991 1667
224 81 991 376
226 82 991 902
229 84 991 336
229 85 991 198
229 83 991 1160
233 86 991 1358
234 87 991 720
237 88 991 1206
239 89 991 1040
241 90 991 1021
243 91 991 1087
243 92 991 60
246 93 991 1296
248 94 991 1037
250 95 991 1009
251 96 991 593
261 97 991 1849
291 98 991 1924
294 99 991 1236
298 100 991 1461
303 101 991 1584
305 102 991 1072
305 103 991 148
310 105 991 332
310 104 991 1582
312 106 991 1050
314 107 991 945
316 108 991 1118
318 109 991 1090
320 110 991 1041
323 111 991 1204
334 113 991 163
334 112 991 1871
348 115 991 155
348 114 991 1899
349 116 991 602
351 117 991 1090
353 118 991 876
354 119 991 748
354 120 991 51
354 121 991 49
355 122 991 713
359 123 991 1486
364 124 991 1574
365 125 991 721
372 126 991 1705
382 127 991 1831
383 128 991 520
383 129 991 10
384 130 991 840
384 131 991 96
384 132 991 139
387 133 991 1262
388 135 991 83
388 134 991 562
391 136 991 1228
392 137 991 754
397 138 991 1502
397 139 991 4
399 140 991 1073
399 141 991 412
404 142 991 1527
404 143 991 115
430 144 991 1924
437 145 991 1742
439 146 991 1141
448 147 991 1821
451 148 991 1321
453 149 991 881
453 150 991 406
457 151 991 1428
459 152 991 973
462 153 991 1176
465 154 991 1184
469 155 991 1411
471 156 991 870
476 157 991 1511
476 158 991 498
477 159 991 861
478 160 991 551
481 162 991 425
481 161 991 1143
483 163 991 1107
483 164 991 249
485 165 991 944
487 166 991 1064
488 167 991 608
493 168 991 1525
502 169 991 1815
503 170 991 852
511 171 991 1772
516 172 991 1512
518 173 991 871
523 174 991 1600
528 175 991 1563
528 176 991 447
529 177 991 597
533 178 991 1486
541 179 991 1757
546 180 991 1504
555 181 991 1809
556 182 991 509
561 183 991 1563
566 184 991 1529
569 185 991 1337
571 186 991 1048
573 187 991 887
573 188 991 77
575 189 991 1076
577 190 991 1138
583 192 991 256
583 191 991 1642
584 193 991 641
588 194 991 1378
599 195 991 1854
615 196 991 1912
615 197 991 419
623 198 991 1791
625 199 991 979
626 200 991 677
627 202 991 295
627 201 991 533
631 203 991 1431
631 204 991 29
632 205 991 558
642 206 991 1840
642 207 991 101
647 208 991 1500
652 209 991 1546
654 212 991 24
654 211 991 272
654 210 991 963
655 213 991 665
658 214 991 1282
659 215 991 667
660 216 991 633
661 217 991 786
666 218 991 1503
667 219 991 836
676 220 991 1821
676 221 991 176
677 222 991 530
677 223 991 449
678 224 991 677
680 225 991 1134
685 226 991 1516
687 227 991 871
691 228 991 1418
697 229 991 1671
702 231 991 28
702 230 991 1576
703 232 991 731
704 233 991 507
706 234 991 1080
708 235 991 971
713 236 991 1513
715 237 991 1003
720 238 991 1534
722 239 991 970
726 240 991 1421
728 241 991 947
731 242 991 1312
731 243 991 456
731 244 991 112
732 245 991 865
738 246 991 1618
743 247 991 1515
746 248 991 1283
747 249 991 711
750 250 991 1220
752 251 991 1125
753 252 991 840
755 253 991 954
757 254 991 1083
758 255 991 500
758 256 991 2
766 257 991 1771
767 258 991 754
768 259 991 820
770 260 991 967
772 261 991 969
773 262 991 608
781 263 991 1754
794 264 991 1895
796 265 991 935
800 266 991 1466
804 267 991 1442
809 269 991 310
809 268 991 1510
811 270 991 1078
816 271 991 1555
819 272 991 1177
820 273 991 533
823 274 991 1339
825 275 991 874
826 278 991 336
826 277 991 74
826 276 991 789
833 279 991 1736
837 280 991 1440
837 281 991 0
842 282 991 1512
843 283 991 707
843 284 991 450
843 285 991 450
845 286 991 1112
852 287 991 1701
856 288 991 1348
857 289 991 579
859 290 991 969
865 291 991 1667
865 292 991 249
866 295 991 452
866 296 991 339
866 293 991 714
866 294 991 2
870 297 991 1482
870 298 991 486
872 299 991 1102
875 300 991 1323
875 301 991 176
875 302 991 5
877 303 991 972
882 304 991 1557
887 305 991 1590
899 306 991 1872
