5 0 109 1519
8 1 109 1341
16 2 109 1792
17 3 109 693
20 4 109 1230
28 5 109 1753
30 6 109 1054
30 7 109 434
31 8 109 822
33 9 109 963
33 10 109 349
38 11 109 1574
39 12 109 839
41 13 109 1139
41 14 109 94
41 15 109 481
46 16 109 1552
46 17 109 371
47 18 109 728
48 19 109 705
49 20 109 653
49 21 109 58
49 22 109 480
49 23 109 88
51 24 109 985
52 25 109 817
57 26 109 1513
66 27 109 1804
71 29 109 298
71 28 109 1563
79 30 109 1765
79 31 109 407
85 32 109 1640
90 33 109 1554
97 34 109 1720
98 35 109 711
106 36 109 1766
113 37 109 1720
115 38 109 893
116 39 109 721
118 40 109 1039
123 41 109 1547
123 42 109 76
123 43 109 35
127 44 109 1357
129 45 109 928
131 46 109 1028
136 47 109 1532
138 48 109 1010
141 49 109 1294
148 50 109 1738
149 51 109 536
149 52 109 490
161 53 109 1881
161 54 109 238
165 55 109 1461
166 56 109 861
173 57 109 1704
179 58 109 1632
179 59 109 413
179 60 109 239
182 61 109 1174
183 62 109 795
184 63 109 524
186 64 109 1122
197 65 109 1867
208 66 109 1859
211 67 109 1209
214 68 109 1344
217 69 109 1307
218 70 109 640
226 71 109 1756
230 72 109 1403
230 73 109 6
235 74 109 1590
237 75 109 1030
252 77 109 444
252 76 109 1907
253 78 109 656
253 79 109 57
260 80 109 1714
275 81 109 1905
276 82 109 793
276 83 109 268
276 84 109 484
279 85 109 1228
289 86 109 1841
295 87 109 1683
298 88 109 1315
298 89 109 258
306 90 109 1774
306 91 109 61
306 92 109 87
306 93 109 479
306 94 109 482
314 95 109 1790
315 96 109 751
319 97 109 1476
320 98 109 837
324 99 109 1414
326 100 109 994
333 101 109 1743
333 102 109 187
339 103 109 1628
340 104 109 654
355 105 109 1906
357 106 109 1058
357 107 109 483
357 108 109 291
359 109 109 1132
363 110 109 1479
363 111 109 417
365 112 109 1048
370 113 109 1575
371 116 109 380
371 115 109 259
371 114 109 624
372 117 109 527
372 118 109 39
381 119 109 1819
381 120 109 25
381 121 109 175
390 122 109 1818
392 123 109 1085
396 124 109 1457
397 125 109 578
403 126 109 1669
405 127 109 923
409 128 109 1449
416 129 109 1725
416 130 109 278
416 131 109 431
421 132 109 1532
424 133 109 1167
426 134 109 987
439 135 109 1895
446 136 109 1717
448 137 109 1090
453 138 109 1538
454 139 109 503
454 140 109 170
458 141 109 1358
462 143 109 183
462 142 109 1392
463 144 109 704
467 145 109 1357
469 146 109 938
469 147 109 437
477 148 109 1780
477 149 109 222
481 151 109 224
481 150 109 1409
485 152 109 1436
487 153 109 943
491 154 109 1388
492 155 109 819
502 156 109 1850
504 157 109 1027
504 158 109 170
504 159 109 75
504 160 109 236
504 161 109 135
506 163 109 491
506 162 109 959
507 164 109 853
509 165 109 1047
510 166 109 810
519 167 109 1806
520 168 109 587
521 169 109 653
521 170 109 466
524 171 109 1215
526 172 109 913
530 173 109 1461
536 174 109 1649
537 175 109 592
538 176 109 708
544 177 109 1635
544 178 109 381
544 179 109 100
549 180 109 1565
552 181 109 1231
554 182 109 1067
557 183 109 1226
557 184 109 315
557 185 109 54
559 186 109 919
560 187 109 589
567 188 109 1704
567 189 109 168
567 190 109 45
568 191 109 690
570 192 109 920
574 193 109 1463
574 194 109 266
574 195 109 35
574 196 109 398
576 197 109 900
579 198 109 1254
584 199 109 1581
585 200 109 547
587 201 109 1057
595 202 109 1775
597 203 109 1126
603 204 109 1681
603 205 109 194
606 206 109 1235
620 207 109 1900
623 208 109 1219
624 211 109 214
624 210 109 110
624 209 109 795
625 212 109 645
625 213 109 69
625 214 109 435
627 215 109 930
629 216 109 992
635 217 109 1658
635 218 109 176
636 223 109 418
636 222 109 101
636 219 109 799
636 220 109 128
636 221 109 221
637 224 109 608
644 225 109 1700
644 226 109 294
648 227 109 1375
651 228 109 1194
657 230 109 194
657 229 109 1613
664 231 109 1732
664 232 109 381
665 233 109 724
669 234 109 1478
670 235 109 508
674 236 109 1380
685 237 109 1865
689 239 109 121
689 238 109 1470
690 240 109 743
692 241 109 944
695 242 109 1294
697 243 109 908
697 244 109 58
705 245 109 1755
705 246 109 44
706 247 109 850
708 248 109 1028
711 249 109 1261
713 250 109 967
714 251 109 665
715 252 109 724
715 253 109 454
719 254 109 1453
719 255 109 326
721 256 109 955
725 257 109 1357
726 258 109 518
741 259 109 1905
750 260 109 1824
758 261 109 1785
759 262 109 705
764 263 109 1530
765 264 109 601
765 265 109 303
773 266 109 1758
783 267 109 1846
784 268 109 516
794 269 109 1851
798 270 109 1474
800 271 109 1051
800 272 109 187
800 273 109 54
800 274 109 55
802 275 109 1108
803 276 109 851
805 278 109 360
805 277 109 1118
806 279 109 778
812 280 109 1656
816 281 109 1369
816 282 109 347
827 283 109 1858
828 284 109 646
832 285 109 1453
834 286 109 1008
844 287 109 1851
847 288 109 1196
850 289 109 1152
854 290 109 1478
854 291 109 23
858 292 109 1347
862 293 109 1489
862 294 109 222
864 296 109 238
864 295 109 882
871 297 109 1689
871 298 109 307
877 299 109 1679
898 300 109 1921
898 301 109 123
898 302 109 334
900 303 109 1101
907 304 109 1711
917 305 109 1840
917 306 109 477
