0 0 1274 51
1 1 1274 590
16 2 1274 1905
24 3 1274 1779
25 4 1274 666
26 5 1274 520
27 6 1274 825
28 7 1274 860
35 8 1274 1702
38 9 1274 1157
40 10 1274 907
40 11 1274 126
40 12 1274 119
40 13 1274 32
41 14 1274 712
42 15 1274 627
43 16 1274 754
45 17 1274 941
48 18 1274 1311
56 19 1274 1781
56 20 1274 116
59 21 1274 1152
70 22 1274 1860
73 23 1274 1217
74 24 1274 613
75 25 1274 547
75 26 1274 366
79 27 1274 1428
86 28 1274 1747
87 29 1274 517
91 30 1274 1412
96 31 1274 1532
97 32 1274 714
98 33 1274 735
99 34 1274 799
99 35 1274 416
100 36 1274 694
103 37 1274 1219
105 38 1274 928
106 39 1274 850
114 40 1274 1780
114 41 1274 294
118 42 1274 1450
119 43 1274 591
121 44 1274 1081
125 46 1274 82
125 45 1274 1454
127 47 1274 981
128 48 1274 665
136 49 1274 1791
137 50 1274 740
151 51 1274 1900
151 52 1274 127
155 53 1274 1346
157 54 1274 1127
158 55 1274 824
159 56 1274 655
160 57 1274 688
163 58 1274 1166
163 59 1274 118
163 60 1274 154
166 61 1274 1321
168 62 1274 1037
171 63 1274 1185
177 64 1274 1670
180 65 1274 1300
183 66 1274 1336
186 67 1274 1308
189 68 1274 1157
189 69 1274 295
200 70 1274 1857
204 71 1274 1459
204 72 1274 12
204 73 1274 461
204 74 1274 0
211 75 1274 1747
217 76 1274 1626
220 77 1274 1268
220 78 1274 135
222 79 1274 1083
222 80 1274 464
225 81 1274 1310
226 82 1274 763
238 83 1274 1880
245 84 1274 1701
249 85 1274 1436
253 86 1274 1404
256 87 1274 1293
261 88 1274 1532
275 89 1274 1900
281 90 1274 1685
281 91 1274 6
281 92 1274 53
282 93 1274 810
283 95 1274 458
283 94 1274 695
286 96 1274 1181
286 97 1274 264
287 98 1274 846
294 99 1274 1705
294 100 1274 118
295 101 1274 699
302 103 1274 369
302 102 1274 1748
313 104 1274 1859
316 105 1274 1205
329 106 1274 1888
334 107 1274 1591
338 108 1274 1345
341 109 1274 1305
343 110 1274 1122
346 111 1274 1311
347 112 1274 552
347 113 1274 82
352 114 1274 1578
353 115 1274 769
354 116 1274 557
356 117 1274 1081
360 118 1274 1408
360 119 1274 234
369 120 1274 1821
369 121 1274 42
376 122 1274 1700
379 123 1274 1182
380 124 1274 535
390 125 1274 1851
394 126 1274 1406
396 127 1274 1127
403 128 1274 1690
407 129 1274 1466
408 130 1274 565
412 132 1274 422
412 133 1274 354
412 131 1274 1362
414 134 1274 965
421 135 1274 1690
425 136 1274 1486
425 137 1274 394
425 138 1274 21
425 139 1274 495
429 140 1274 1473
436 141 1274 1738
448 143 1274 227
448 142 1274 1873
449 144 1274 778
449 145 1274 374
453 146 1274 1378
466 147 1274 1895
469 148 1274 1156
479 149 1274 1851
488 151 1274 100
488 150 1274 1826
489 152 1274 781
490 153 1274 612
499 154 1274 1809
499 155 1274 75
501 156 1274 923
502 157 1274 566
510 158 1274 1759
510 159 1274 8
517 160 1274 1724
518 161 1274 761
527 162 1274 1825
536 163 1274 1803
537 164 1274 739
543 165 1274 1685
545 166 1274 889
545 167 1274 198
547 168 1274 1042
556 169 1274 1812
559 170 1274 1207
559 171 1274 163
561 172 1274 1059
563 173 1274 912
564 174 1274 685
564 175 1274 82
564 176 1274 94
568 177 1274 1473
568 178 1274 403
568 179 1274 160
568 180 1274 472
572 181 1274 1435
585 182 1274 1895
593 183 1274 1764
598 184 1274 1565
598 185 1274 465
599 186 1274 580
606 187 1274 1735
606 188 1274 470
608 189 1274 890
609 190 1274 767
611 191 1274 920
612 193 1274 13
612 192 1274 559
613 194 1274 696
614 195 1274 711
624 196 1274 1837
624 197 1274 69
628 198 1274 1413
630 199 1274 1017
634 200 1274 1410
637 201 1274 1180
638 202 1274 853
641 203 1274 1268
642 204 1274 643
648 205 1274 1662
650 206 1274 965
658 207 1274 1794
668 208 1274 1851
675 209 1274 1726
690 210 1274 1905
694 212 1274 162
694 211 1274 1375
699 213 1274 1598
703 214 1274 1460
703 215 1274 288
704 216 1274 790
704 217 1274 61
704 218 1274 237
704 219 1274 273
706 220 1274 1104
708 221 1274 1078
714 222 1274 1652
714 223 1274 151
716 224 1274 1045
716 225 1274 287
721 226 1274 1528
723 227 1274 1046
723 228 1274 215
737 232 1274 59
737 231 1274 25
737 230 1274 170
737 229 1274 1898
740 233 1274 1311
741 234 1274 675
744 235 1274 1216
745 236 1274 582
746 237 1274 626
748 238 1274 1120
757 239 1274 1828
761 240 1274 1425
762 241 1274 711
771 242 1274 1809
772 243 1274 668
774 244 1274 909
777 245 1274 1316
778 246 1274 758
780 248 1274 477
780 249 1274 407
780 247 1274 886
790 250 1274 1846
798 251 1274 1776
806 252 1274 1756
808 253 1274 1139
818 254 1274 1837
818 255 1274 331
822 256 1274 1452
823 258 1274 223
823 260 1274 133
823 257 1274 701
823 259 1274 356
833 261 1274 1843
838 262 1274 1578
850 263 1274 1877
855 264 1274 1556
867 265 1274 1880
870 266 1274 1315
871 267 1274 776
873 269 1274 244
873 268 1274 922
879 270 1274 1631
879 271 1274 163
880 272 1274 866
880 273 1274 334
881 274 1274 773
881 275 1274 393
884 276 1274 1194
886 277 1274 984
889 278 1274 1167
895 279 1274 1653
899 280 1274 1454
900 281 1274 642
901 282 1274 569
908 283 1274 1733
908 284 1274 52
908 285 1274 318
908 286 1274 193
909 287 1274 845
913 288 1274 1398
913 289 1274 344
919 290 1274 1688
928 291 1274 1805
928 292 1274 403
929 293 1274 763
936 294 1274 1695
941 295 1274 1506
943 296 1274 1057
954 297 1274 1857
956 298 1274 1036
958 299 1274 954
958 300 1274 1
973 301 1274 1906
986 302 1274 1888
986 303 1274 232
987 304 1274 700
993 305 1274 1682
995 306 1274 909
