1 0 707 623
5 1 707 1477
6 2 707 556
16 3 707 1842
16 4 707 77
24 5 707 1772
25 6 707 709
35 7 707 1843
41 9 707 257
41 8 707 1616
52 10 707 1862
52 11 707 17
55 12 707 1259
65 13 707 1851
66 14 707 567
70 15 707 1358
72 16 707 915
83 17 707 1870
84 18 707 628
85 19 707 793
86 20 707 612
91 21 707 1600
93 22 707 1097
94 23 707 848
96 24 707 1126
99 25 707 1333
102 26 707 1299
113 27 707 1858
119 28 707 1664
122 29 707 1231
123 30 707 710
126 31 707 1326
128 32 707 1016
136 33 707 1767
147 34 707 1862
149 35 707 1030
151 36 707 1000
154 38 707 185
154 37 707 1327
169 39 707 1904
173 40 707 1441
182 41 707 1824
197 42 707 1903
197 43 707 346
199 44 707 906
200 45 707 828
201 46 707 806
207 47 707 1653
231 48 707 1923
232 49 707 588
238 50 707 1638
238 51 707 333
245 52 707 1736
253 53 707 1789
254 54 707 702
256 55 707 947
256 56 707 380
262 57 707 1633
263 58 707 716
264 59 707 669
264 60 707 472
265 61 707 776
265 62 707 179
265 63 707 384
269 64 707 1471
270 65 707 536
272 66 707 925
276 67 707 1417
293 68 707 1914
297 69 707 1462
297 70 707 358
302 71 707 1512
308 72 707 1685
309 73 707 649
312 74 707 1277
313 75 707 712
319 76 707 1621
320 77 707 750
331 78 707 1866
331 79 707 297
332 80 707 527
337 81 707 1570
348 82 707 1859
350 83 707 1076
355 85 707 377
355 84 707 1518
360 86 707 1514
363 87 707 1152
365 88 707 1065
367 89 707 914
368 90 707 650
371 91 707 1291
372 92 707 611
376 93 707 1441
380 94 707 1431
381 95 707 664
387 96 707 1645
392 97 707 1519
393 98 707 799
393 99 707 370
402 100 707 1827
405 101 707 1313
411 105 707 126
411 104 707 230
411 103 707 461
411 102 707 1664
412 106 707 573
414 107 707 1087
415 108 707 511
432 109 707 1914
435 110 707 1250
440 111 707 1554
447 113 707 418
447 114 707 141
447 112 707 1691
448 115 707 826
449 116 707 842
451 117 707 1027
452 118 707 791
454 119 707 1094
456 120 707 946
463 121 707 1698
463 122 707 352
465 123 707 1000
466 124 707 811
468 125 707 991
470 126 707 900
470 127 707 243
473 128 707 1142
474 129 707 612
476 130 707 991
476 131 707 102
488 132 707 1875
493 134 707 395
493 133 707 1496
495 135 707 1138
505 136 707 1831
509 137 707 1397
510 138 707 845
514 139 707 1392
521 140 707 1729
521 141 707 427
522 142 707 640
524 143 707 1075
529 144 707 1588
531 145 707 1020
536 146 707 1525
536 147 707 193
539 148 707 1299
540 149 707 604
547 150 707 1747
548 151 707 617
549 152 707 727
555 153 707 1630
559 154 707 1348
559 155 707 129
561 156 707 961
562 157 707 664
567 158 707 1574
570 159 707 1164
573 160 707 1150
573 161 707 329
584 162 707 1869
593 163 707 1823
595 164 707 922
598 165 707 1148
603 166 707 1603
603 167 707 195
603 168 707 23
605 169 707 928
607 170 707 919
611 172 707 181
611 171 707 1369
614 173 707 1324
617 174 707 1289
618 175 707 519
620 176 707 1057
623 177 707 1201
626 178 707 1336
633 179 707 1716
637 180 707 1391
638 181 707 706
640 182 707 869
641 183 707 538
642 184 707 790
642 185 707 373
645 188 707 148
645 189 707 265
645 186 707 1300
645 187 707 245
645 190 707 176
648 191 707 1167
655 192 707 1748
660 193 707 1606
660 194 707 241
664 195 707 1399
664 196 707 482
665 197 707 741
665 198 707 152
665 199 707 440
668 200 707 1341
671 201 707 1330
671 202 707 170
671 203 707 370
677 204 707 1609
677 205 707 378
677 206 707 436
680 207 707 1328
680 208 707 340
681 209 707 828
683 210 707 996
689 211 707 1685
692 212 707 1252
700 213 707 1783
707 214 707 1698
707 215 707 443
711 216 707 1385
714 217 707 1331
716 218 707 1033
717 219 707 549
725 220 707 1773
729 221 707 1358
729 222 707 46
735 223 707 1682
736 224 707 751
742 225 707 1676
747 226 707 1546
748 227 707 500
750 228 707 1083
759 231 707 315
759 230 707 37
759 229 707 1814
761 232 707 1048
763 233 707 895
763 234 707 374
763 235 707 61
764 236 707 536
764 237 707 498
765 238 707 853
765 239 707 412
776 240 707 1862
790 241 707 1896
800 242 707 1829
803 243 707 1244
806 244 707 1193
806 245 707 416
816 246 707 1840
829 247 707 1890
839 248 707 1833
846 250 707 14
846 249 707 1722
848 251 707 1075
854 252 707 1633
859 253 707 1528
860 254 707 592
875 255 707 1908
878 256 707 1283
878 257 707 412
883 258 707 1543
894 259 707 1857
895 260 707 757
906 261 707 1860
906 262 707 244
906 263 707 450
907 264 707 791
908 265 707 681
909 266 707 636
909 267 707 357
913 268 707 1408
919 269 707 1637
929 270 707 1832
931 271 707 887
931 272 707 478
932 273 707 621
933 274 707 611
942 275 707 1801
946 276 707 1454
947 279 707 335
947 278 707 488
947 277 707 727
955 280 707 1761
960 281 707 1581
961 282 707 592
964 283 707 1286
973 284 707 1800
975 285 707 887
976 286 707 607
980 289 707 391
980 287 707 1445
980 288 707 303
981 290 707 702
981 291 707 124
983 292 707 879
985 293 707 920
990 294 707 1579
990 295 707 2
996 296 707 1651
1000 297 707 1378
1000 298 707 452
1001 299 707 512
1008 300 707 1704
1012 301 707 1482
1012 302 707 481
1012 303 707 195
1021 304 707 1814
1023 305 707 1051
1024 306 707 596
