3 0 1005 1187
3 1 1005 162
11 2 1005 1762
12 3 1005 808
12 4 1005 128
12 5 1005 242
16 7 1005 471
16 8 1005 198
16 6 1005 1456
17 9 1005 729
20 10 1005 1229
21 11 1005 668
21 12 1005 77
31 13 1005 1834
42 14 1005 1857
43 15 1005 620
45 16 1005 916
50 19 1005 455
50 18 1005 92
50 17 1005 1522
51 20 1005 565
51 21 1005 257
58 22 1005 1702
58 23 1005 185
60 24 1005 1095
60 25 1005 211
67 26 1005 1705
68 27 1005 710
76 28 1005 1784
76 29 1005 243
76 30 1005 128
76 31 1005 315
76 32 1005 349
78 33 1005 997
79 34 1005 858
81 35 1005 995
82 36 1005 767
86 37 1005 1463
91 38 1005 1529
92 39 1005 824
93 40 1005 527
97 41 1005 1384
97 42 1005 70
97 43 1005 475
103 44 1005 1671
108 45 1005 1519
109 46 1005 757
111 47 1005 925
114 48 1005 1255
116 49 1005 1034
116 50 1005 226
117 51 1005 705
133 52 1005 1909
133 53 1005 161
138 54 1005 1556
140 56 1005 385
140 55 1005 930
145 57 1005 1576
151 58 1005 1637
161 59 1005 1841
161 60 1005 462
162 61 1005 745
163 62 1005 612
175 63 1005 1880
176 64 1005 600
178 66 1005 318
178 65 1005 914
180 67 1005 1004
182 68 1005 975
183 69 1005 862
191 70 1005 1778
195 71 1005 1378
213 72 1005 1918
216 73 1005 1193
226 74 1005 1853
228 76 1005 186
228 75 1005 1106
231 77 1005 1226
231 78 1005 439
236 79 1005 1501
240 80 1005 1378
241 81 1005 779
245 82 1005 1380
246 84 1005 17
246 83 1005 749
250 85 1005 1348
250 86 1005 330
250 87 1005 188
254 88 1005 1366
264 89 1005 1853
265 90 1005 609
267 91 1005 1115
274 92 1005 1750
280 94 1005 361
280 93 1005 1612
287 95 1005 1706
288 96 1005 771
288 97 1005 115
297 98 1005 1800
298 99 1005 756
301 100 1005 1201
307 101 1005 1678
319 103 1005 393
319 102 1005 1874
322 104 1005 1180
323 105 1005 772
324 106 1005 712
325 107 1005 716
325 108 1005 233
325 109 1005 449
326 110 1005 743
328 111 1005 1084
330 114 1005 463
330 113 1005 136
330 112 1005 1136
336 115 1005 1607
339 116 1005 1290
347 117 1005 1787
358 118 1005 1863
361 119 1005 1176
362 120 1005 583
362 121 1005 129
367 122 1005 1563
369 123 1005 1047
369 124 1005 253
370 125 1005 663
375 126 1005 1553
375 127 1005 305
376 128 1005 831
376 129 1005 146
376 130 1005 334
376 131 1005 71
380 132 1005 1351
386 133 1005 1607
386 134 1005 300
392 135 1005 1625
393 136 1005 830
395 137 1005 986
399 138 1005 1493
402 139 1005 1170
403 140 1005 636
408 141 1005 1539
420 142 1005 1880
422 143 1005 916
424 144 1005 1109
428 145 1005 1450
443 146 1005 1903
449 147 1005 1613
452 148 1005 1149
453 149 1005 678
453 150 1005 415
455 152 1005 177
455 151 1005 908
456 154 1005 173
456 153 1005 623
458 155 1005 1071
458 156 1005 114
459 157 1005 826
459 158 1005 139
460 159 1005 517
463 160 1005 1143
463 161 1005 407
472 164 1005 115
472 163 1005 86
472 162 1005 1809
473 165 1005 671
479 166 1005 1657
483 167 1005 1453
491 168 1005 1761
492 169 1005 762
493 170 1005 777
493 171 1005 304
493 172 1005 294
494 173 1005 693
495 174 1005 540
497 175 1005 969
497 176 1005 174
498 177 1005 647
509 178 1005 1863
510 179 1005 727
511 180 1005 684
522 181 1005 1865
524 183 1005 153
524 182 1005 1080
530 184 1005 1655
534 185 1005 1350
543 186 1005 1819
544 187 1005 728
548 188 1005 1434
551 189 1005 1153
556 190 1005 1511
556 191 1005 4
557 192 1005 846
559 193 1005 976
559 194 1005 26
559 195 1005 229
565 196 1005 1654
573 197 1005 1793
574 198 1005 800
574 199 1005 437
581 201 1005 449
581 200 1005 1717
589 202 1005 1776
589 203 1005 387
598 204 1005 1826
598 205 1005 111
599 206 1005 614
603 207 1005 1409
603 208 1005 82
605 209 1005 1128
607 210 1005 896
611 211 1005 1391
613 212 1005 888
616 213 1005 1337
624 214 1005 1757
627 215 1005 1203
630 216 1005 1251
636 217 1005 1656
636 218 1005 356
637 219 1005 689
638 220 1005 777
640 222 1005 19
640 221 1005 929
641 223 1005 608
644 224 1005 1176
645 225 1005 772
649 226 1005 1382
652 227 1005 1242
653 228 1005 666
653 229 1005 310
656 231 1005 305
656 230 1005 1239
664 232 1005 1771
668 233 1005 1425
670 234 1005 934
670 235 1005 235
670 236 1005 89
671 237 1005 692
671 238 1005 252
676 239 1005 1543
677 241 1005 410
677 240 1005 736
678 242 1005 645
678 243 1005 306
678 244 1005 257
678 245 1005 119
680 246 1005 1041
684 247 1005 1434
687 248 1005 1143
688 249 1005 748
690 250 1005 902
714 251 1005 1923
718 252 1005 1437
718 253 1005 111
723 254 1005 1585
724 255 1005 788
724 256 1005 430
727 257 1005 1168
729 258 1005 1136
731 259 1005 1053
732 260 1005 654
735 261 1005 1297
736 262 1005 742
743 263 1005 1697
752 264 1005 1813
753 265 1005 591
758 266 1005 1544
762 267 1005 1387
762 268 1005 402
767 269 1005 1522
769 270 1005 1114
770 271 1005 558
774 272 1005 1403
775 273 1005 737
787 274 1005 1878
787 275 1005 367
787 276 1005 284
793 277 1005 1637
793 278 1005 350
795 279 1005 1056
801 280 1005 1656
813 281 1005 1872
813 282 1005 98
823 283 1005 1843
826 284 1005 1333
829 285 1005 1241
830 286 1005 793
836 287 1005 1660
844 289 1005 146
844 288 1005 1765
851 290 1005 1729
852 291 1005 845
856 292 1005 1481
858 293 1005 1123
860 294 1005 889
864 295 1005 1363
869 296 1005 1592
871 298 1005 417
871 297 1005 873
876 299 1005 1591
877 300 1005 499
882 301 1005 1578
884 302 1005 1031
889 303 1005 1546
894 305 1005 343
894 304 1005 1559
895 306 1005 519
