0 382 47 1889
3 384 47 416
3 383 47 1232
3 0 47 1150
3 2 47 343
3 1 47 104
3 3 47 287
7 385 47 1439
8 4 47 1500
8 5 47 315
14 6 47 1663
14 7 47 284
16 386 47 1824
24 387 47 1773
30 8 47 1910
30 9 47 36
32 10 47 930
32 11 47 63
35 12 47 1232
35 13 47 278
37 388 47 1892
45 14 47 1845
45 15 47 76
46 389 47 1809
46 390 47 490
47 392 47 131
47 391 47 527
48 16 47 1199
49 394 47 146
49 393 47 986
50 17 47 1026
50 18 47 179
52 19 47 1068
55 395 47 1643
56 20 47 1472
58 396 47 1228
59 397 47 713
59 398 47 22
59 399 47 73
61 400 47 960
63 21 47 1693
64 22 47 540
64 401 47 1175
64 23 47 423
66 402 47 913
71 403 47 1527
71 24 47 1725
72 404 47 582
76 25 47 1564
81 405 47 1826
81 406 47 474
83 26 47 1707
84 28 47 136
84 27 47 793
86 407 47 1591
92 29 47 1764
93 30 47 556
94 409 47 8
94 408 47 1767
97 411 47 6
97 410 47 1279
99 31 47 1661
106 412 47 1810
107 33 47 401
107 32 47 1778
107 34 47 241
108 413 47 891
109 35 47 971
110 414 47 1128
114 36 47 1527
114 37 47 268
115 415 47 1530
118 38 47 1394
121 39 47 1190
121 40 47 424
123 41 47 982
124 417 47 53
124 416 47 1799
126 418 47 907
127 420 47 96
127 419 47 842
128 42 47 1526
128 43 47 391
131 421 47 1358
133 422 47 1110
134 423 47 845
134 44 47 1661
135 424 47 709
135 45 47 813
138 425 47 1260
139 426 47 673
140 427 47 601
141 46 47 1613
142 48 47 31
142 47 47 813
143 50 47 102
143 49 47 651
144 428 47 1448
144 429 47 219
146 51 47 1325
147 430 47 1250
158 53 47 191
158 52 47 1880
159 54 47 857
161 432 47 435
161 431 47 1902
163 55 47 1381
164 433 47 1334
167 56 47 1489
171 434 47 1719
174 435 47 1329
174 437 47 361
174 436 47 144
175 438 47 650
176 439 47 515
177 57 47 1844
177 58 47 487
178 441 47 232
178 440 47 965
178 442 47 6
188 59 47 1861
189 60 47 533
190 443 47 1884
191 445 47 484
191 444 47 529
191 61 47 870
191 62 47 147
191 63 47 146
192 446 47 641
195 447 47 1165
195 64 47 1404
198 65 47 1194
198 66 47 210
199 68 47 37
199 67 47 831
201 70 47 473
201 69 47 873
203 71 47 931
203 448 47 1783
204 449 47 540
208 72 47 1556
210 73 47 913
211 74 47 643
211 77 47 149
211 76 47 166
211 75 47 489
212 78 47 687
212 450 47 1769
214 79 47 911
215 451 47 1175
222 452 47 1731
224 453 47 1104
226 80 47 1876
228 81 47 893
229 82 47 761
233 83 47 1409
238 454 47 1901
239 84 47 1661
242 85 47 1156
243 457 47 68
243 456 47 65
243 455 47 1527
244 458 47 818
247 459 47 1246
249 86 47 1705
250 460 47 1153
254 87 47 1587
258 88 47 1469
259 462 47 143
259 461 47 1797
259 89 47 784
263 90 47 1406
264 463 47 1547
265 464 47 682
268 465 47 1302
269 91 47 1608
273 467 47 475
273 466 47 1496
275 468 47 1096
276 92 47 1706
280 93 47 1458
281 94 47 657
282 469 47 1723
285 95 47 1478
286 470 47 1386
286 96 47 834
290 471 47 1437
290 97 47 1380
292 98 47 911
292 99 47 467
293 472 47 1327
293 473 47 392
293 100 47 603
294 101 47 782
295 102 47 776
297 103 47 1082
297 104 47 178
299 105 47 1096
302 474 47 1802
306 106 47 1693
308 107 47 966
310 475 47 1789
312 108 47 1472
312 109 47 367
314 476 47 1352
315 110 47 1214
317 479 47 225
317 478 47 315
317 477 47 1150
318 480 47 619
318 111 47 1340
321 112 47 1157
322 481 47 1432
323 482 47 742
325 483 47 908
325 484 47 375
325 485 47 74
325 486 47 170
326 113 47 1500
328 487 47 1255
332 489 47 192
332 488 47 1357
335 490 47 1264
335 491 47 75
339 492 47 1468
342 114 47 1910
342 493 47 1329
345 494 47 1286
347 495 47 1092
347 116 47 108
347 115 47 1565
347 496 47 89
347 497 47 383
348 119 47 248
348 118 47 410
348 117 47 662
350 498 47 1201
352 120 47 1413
353 121 47 548
353 499 47 1151
355 500 47 912
355 503 47 59
355 501 47 165
355 502 47 68
356 122 47 1287
357 505 47 331
357 504 47 1078
359 123 47 1177
363 124 47 1391
364 125 47 790
365 506 47 1773
367 127 47 98
367 128 47 256
367 126 47 1149
368 507 47 1338
369 129 47 1090
371 509 47 112
371 510 47 175
371 508 47 1227
372 511 47 840
374 130 47 1579
375 131 47 711
378 512 47 1678
378 132 47 1162
378 133 47 220
378 134 47 307
379 513 47 592
380 135 47 1093
380 136 47 116
380 514 47 626
385 137 47 1604
386 515 47 1645
388 138 47 1231
388 516 47 1055
389 139 47 564
391 517 47 1159
393 140 47 1387
394 518 47 1172
394 142 47 115
394 141 47 739
395 519 47 607
396 143 47 1101
397 520 47 1132
397 521 47 240
399 522 47 1042
400 146 47 451
400 145 47 66
400 144 47 1494
400 147 47 205
401 523 47 904
401 524 47 459
404 148 47 1473
404 525 47 1310
406 149 47 1017
410 150 47 1369
410 151 47 172
412 152 47 970
413 153 47 662
415 154 47 978
415 155 47 55
417 526 47 1894
419 156 47 1420
424 157 47 1524
430 158 47 1615
433 159 47 1313
439 527 47 1922
441 528 47 1030
442 529 47 709
444 160 47 1872
449 530 47 1699
449 161 47 1595
450 162 47 710
450 163 47 381
451 531 47 968
451 164 47 712
452 166 47 177
452 165 47 503
454 167 47 936
457 168 47 1193
458 169 47 816
462 171 47 429
462 170 47 1448
463 532 47 1874
465 533 47 1088
466 172 47 1356
468 534 47 1237
468 535 47 453
472 536 47 1364
473 537 47 683
474 173 47 1770
475 174 47 786
476 176 47 432
476 175 47 674
476 177 47 185
481 540 47 226
481 539 47 43
481 538 47 1754
482 178 47 1607
482 542 47 28
482 541 47 756
485 544 47 17
485 546 47 322
485 545 47 423
485 543 47 1244
485 179 47 1325
485 180 47 338
487 181 47 944
487 547 47 875
488 182 47 549
488 548 47 702
491 183 47 1163
493 550 47 37
493 549 47 1566
494 551 47 854
496 552 47 1136
497 184 47 1645
497 554 47 19
497 553 47 593
498 555 47 672
500 556 47 1047
501 185 47 1407
502 557 47 1089
507 558 47 1525
507 186 47 1666
508 187 47 500
511 188 47 1166
511 189 47 251
514 560 47 362
514 559 47 1693
516 190 47 1598
517 191 47 517
522 562 47 308
522 561 47 1775
523 564 47 337
523 563 47 517
525 565 47 1131
527 566 47 890
528 567 47 589
531 569 47 173
531 568 47 1280
531 570 47 280
531 571 47 371
534 572 47 1329
534 192 47 1913
536 576 47 212
536 573 47 1128
536 574 47 381
536 575 47 375
543 577 47 1723
544 193 47 1842
545 579 47 35
545 194 47 617
545 578 47 887
547 580 47 987
549 581 47 1018
552 196 47 28
552 195 47 1716
552 582 47 1220
556 583 47 1388
557 584 47 672
558 198 47 389
558 197 47 1658
558 585 47 845
560 199 47 991
566 586 47 1757
569 587 47 1280
569 200 47 1813
571 588 47 1069
572 589 47 565
573 201 47 1439
575 591 47 275
575 590 47 1330
575 202 47 936
576 203 47 657
577 592 47 1082
577 593 47 61
580 204 47 1493
582 594 47 1606
582 596 47 448
582 205 47 940
582 595 47 376
583 206 47 740
585 207 47 1124
586 597 47 1435
588 598 47 907
589 599 47 810
593 600 47 1458
594 209 47 304
594 208 47 1801
599 210 47 1547
599 601 47 1658
602 211 47 1234
604 602 47 1520
605 603 47 529
608 604 47 1285
612 212 47 1841
612 213 47 290
613 605 47 1590
614 214 47 974
616 215 47 928
617 607 47 7
617 608 47 212
617 606 47 1450
618 216 47 1046
622 609 47 1569
622 217 47 1471
622 610 47 459
623 218 47 661
625 611 47 1249
625 612 47 202
626 219 47 1229
627 220 47 762
629 613 47 1489
632 221 47 1602
639 222 47 1694
641 223 47 941
644 224 47 1142
646 225 47 931
646 226 47 440
650 227 47 1438
653 228 47 1153
655 229 47 995
656 230 47 645
657 231 47 699
664 232 47 1720
665 233 47 616
669 234 47 1436
670 236 47 7
670 235 47 824
679 237 47 1817
684 238 47 1595
685 239 47 704
686 240 47 666
687 241 47 541
688 242 47 623
689 243 47 861
690 244 47 629
690 245 47 363
691 246 47 600
697 247 47 1623
698 248 47 868
704 249 47 1614
705 250 47 669
705 251 47 482
707 252 47 996
709 255 47 210
709 253 47 1085
709 254 47 229
715 256 47 1669
735 257 47 1920
739 258 47 1439
740 259 47 561
741 260 47 500
744 261 47 1227
758 262 47 1896
759 263 47 806
764 264 47 1584
765 265 47 847
769 266 47 1439
772 267 47 1224
773 268 47 778
773 269 47 150
775 270 47 921
778 271 47 1154
787 272 47 1801
799 273 47 1882
800 274 47 562
800 275 47 220
802 276 47 978
803 278 47 312
803 277 47 832
804 279 47 779
804 280 47 331
805 281 47 741
806 282 47 570
810 283 47 1463
810 284 47 325
810 285 47 163
816 286 47 1628
817 287 47 635
817 288 47 387
820 289 47 1225
822 290 47 1079
822 292 47 377
822 291 47 11
824 294 47 204
824 293 47 1033
828 295 47 1364
829 296 47 569
836 297 47 1742
839 298 47 1202
846 299 47 1706
847 300 47 849
850 301 47 1301
851 302 47 845
852 303 47 717
853 304 47 693
857 305 47 1440
858 306 47 605
860 307 47 1039
861 308 47 522
861 309 47 8
864 310 47 1156
865 311 47 837
871 312 47 1608
872 313 47 659
872 314 47 230
878 315 47 1683
879 316 47 657
879 317 47 433
879 318 47 480
883 319 47 1421
886 320 47 1143
887 321 47 803
888 322 47 836
892 323 47 1477
894 324 47 996
896 325 47 909
897 326 47 776
898 327 47 767
904 328 47 1678
906 329 47 1123
911 330 47 1576
914 331 47 1161
919 332 47 1555
920 333 47 530
931 334 47 1855
933 335 47 955
942 336 47 1820
950 337 47 1777
951 338 47 770
952 339 47 810
956 340 47 1482
957 346 47 328
957 345 47 242
957 344 47 69
957 343 47 379
957 342 47 112
957 341 47 589
963 347 47 1643
964 348 47 803
964 349 47 445
965 350 47 706
965 351 47 136
968 352 47 1262
975 353 47 1706
976 354 47 562
976 355 47 45
976 356 47 464
979 357 47 1293
985 358 47 1645
992 359 47 1708
993 360 47 664
1001 361 47 1763
1004 362 47 1285
1007 363 47 1324
1007 364 47 357
1027 365 47 1920
1030 366 47 1206
1032 367 47 1077
1033 368 47 729
1036 369 47 1200
1044 370 47 1788
1045 371 47 805
1050 372 47 1587
1055 373 47 1595
1066 374 47 1863
1067 375 47 554
1068 376 47 690
1068 377 47 457
1072 378 47 1408
1073 379 47 754
1074 380 47 580
1076 381 47 1058
