1 0 1903 631
1 1 1903 494
4 2 1903 1158
4 3 1903 387
7 4 1903 1259
7 5 1903 321
10 6 1903 1227
14 7 1903 1425
18 8 1903 1432
23 9 1903 1584
24 10 1903 706
24 11 1903 401
28 12 1903 1485
35 13 1903 1738
36 14 1903 637
36 15 1903 19
38 16 1903 1075
43 17 1903 1546
44 18 1903 771
48 19 1903 1435
51 20 1903 1154
53 21 1903 1011
53 22 1903 274
53 23 1903 349
70 24 1903 1915
71 25 1903 645
71 26 1903 299
75 27 1903 1415
81 28 1903 1638
83 29 1903 1058
85 30 1903 1108
85 31 1903 127
90 32 1903 1531
90 33 1903 253
92 34 1903 1049
105 35 1903 1891
109 36 1903 1411
114 37 1903 1602
118 38 1903 1397
123 39 1903 1575
125 40 1903 1140
129 41 1903 1474
144 42 1903 1906
147 43 1903 1187
150 44 1903 1321
156 46 1903 310
156 45 1903 1667
157 47 1903 867
158 48 1903 720
160 49 1903 1001
161 50 1903 544
164 51 1903 1215
165 52 1903 636
167 53 1903 1012
171 54 1903 1414
176 56 1903 219
176 55 1903 1544
177 57 1903 809
177 58 1903 396
178 59 1903 613
178 60 1903 22
185 61 1903 1737
192 64 1903 475
192 62 1903 1711
192 63 1903 373
193 65 1903 578
194 66 1903 795
197 67 1903 1232
198 68 1903 688
199 69 1903 671
200 70 1903 533
204 71 1903 1398
204 72 1903 148
206 73 1903 1120
206 74 1903 295
211 75 1903 1605
213 76 1903 1030
215 77 1903 1012
217 78 1903 952
217 79 1903 248
217 80 1903 335
221 81 1903 1357
222 82 1903 694
223 83 1903 637
224 84 1903 514
233 85 1903 1818
237 86 1903 1415
238 87 1903 518
239 88 1903 763
243 89 1903 1430
249 90 1903 1671
250 91 1903 601
253 92 1903 1205
254 93 1903 784
259 94 1903 1553
262 95 1903 1328
268 96 1903 1687
273 97 1903 1532
274 98 1903 711
275 99 1903 742
277 100 1903 872
279 104 1903 467
279 103 1903 49
279 101 1903 1003
279 102 1903 178
281 105 1903 1071
283 106 1903 1067
287 107 1903 1440
288 108 1903 717
295 109 1903 1733
296 110 1903 513
298 111 1903 1132
306 114 1903 277
306 113 1903 148
306 112 1903 1781
307 115 1903 589
309 116 1903 1042
311 117 1903 1074
319 118 1903 1783
320 119 1903 582
322 121 1903 276
322 122 1903 468
322 120 1903 1088
325 123 1903 1183
327 124 1903 924
338 125 1903 1856
338 126 1903 192
341 127 1903 1288
345 128 1903 1491
347 129 1903 891
357 130 1903 1843
361 133 1903 210
361 132 1903 300
361 131 1903 1423
364 134 1903 1301
367 135 1903 1257
370 136 1903 1179
371 137 1903 645
371 138 1903 169
375 139 1903 1368
376 140 1903 750
390 141 1903 1899
397 142 1903 1726
399 143 1903 954
401 144 1903 917
402 145 1903 538
403 146 1903 745
405 147 1903 1057
406 148 1903 507
408 149 1903 964
408 150 1903 286
409 151 1903 613
415 153 1903 128
415 152 1903 1673
420 154 1903 1579
421 155 1903 595
422 156 1903 534
424 157 1903 919
426 158 1903 1050
427 159 1903 536
429 160 1903 878
436 161 1903 1703
448 162 1903 1874
456 163 1903 1751
465 164 1903 1815
467 165 1903 1015
468 166 1903 832
473 167 1903 1571
474 168 1903 772
476 169 1903 945
479 171 1903 397
479 170 1903 1335
481 172 1903 904
481 173 1903 415
489 174 1903 1757
491 175 1903 1113
491 176 1903 475
495 179 1903 385
495 177 1903 1438
495 178 1903 266
497 180 1903 1111
499 181 1903 1059
500 182 1903 781
501 183 1903 527
502 184 1903 605
505 185 1903 1229
511 186 1903 1674
511 187 1903 171
512 188 1903 555
513 189 1903 705
514 191 1903 259
514 190 1903 723
519 192 1903 1519
524 193 1903 1558
524 194 1903 489
526 195 1903 972
526 196 1903 25
540 197 1903 1900
542 198 1903 1064
551 199 1903 1827
557 200 1903 1631
559 201 1903 1099
559 202 1903 284
563 203 1903 1486
568 204 1903 1553
577 205 1903 1814
583 206 1903 1634
586 209 1903 466
586 210 1903 120
586 207 1903 1258
586 208 1903 296
588 211 1903 1020
589 212 1903 653
590 213 1903 664
594 214 1903 1350
601 215 1903 1743
603 216 1903 922
607 217 1903 1346
610 218 1903 1146
611 219 1903 585
614 220 1903 1265
615 221 1903 660
617 222 1903 1015
617 223 1903 67
617 224 1903 222
619 225 1903 1075
620 226 1903 802
623 227 1903 1270
633 228 1903 1850
634 229 1903 784
636 230 1903 1087
637 231 1903 500
637 232 1903 374
637 233 1903 364
638 234 1903 679
638 235 1903 11
639 236 1903 775
642 237 1903 1219
644 238 1903 898
645 239 1903 715
650 240 1903 1520
650 241 1903 416
659 242 1903 1799
659 243 1903 89
660 244 1903 585
666 245 1903 1627
671 246 1903 1530
672 248 1903 208
672 247 1903 855
673 249 1903 671
673 250 1903 49
674 251 1903 604
675 252 1903 754
675 253 1903 478
676 254 1903 561
678 257 1903 217
678 256 1903 84
678 255 1903 971
681 258 1903 1264
681 259 1903 478
683 260 1903 1011
683 261 1903 363
686 262 1903 1333
690 263 1903 1436
693 264 1903 1303
698 265 1903 1545
699 267 1903 289
699 266 1903 646
715 268 1903 1910
718 269 1903 1338
720 270 1903 968
726 271 1903 1627
726 272 1903 447
726 273 1903 430
728 274 1903 989
729 275 1903 849
730 276 1903 785
732 277 1903 925
736 278 1903 1406
737 279 1903 519
741 280 1903 1470
752 281 1903 1871
754 282 1903 1062
757 283 1903 1178
758 285 1903 483
758 284 1903 734
764 286 1903 1671
773 287 1903 1821
780 288 1903 1727
786 289 1903 1633
796 290 1903 1852
797 291 1903 557
809 293 1903 420
809 292 1903 1879
815 294 1903 1629
818 295 1903 1157
820 296 1903 1007
820 297 1903 363
821 298 1903 710
823 299 1903 964
825 300 1903 981
828 301 1903 1241
830 302 1903 870
831 303 1903 795
837 305 1903 347
837 304 1903 1627
837 306 1903 156
