2 0 1181 1130
2 1 1181 7
5 2 1181 1297
9 3 1181 1477
15 4 1181 1614
15 5 1181 60
22 6 1181 1732
34 7 1181 1876
36 8 1181 961
41 9 1181 1601
42 10 1181 727
44 11 1181 1142
45 12 1181 775
50 13 1181 1597
52 14 1181 935
64 15 1181 1881
70 16 1181 1625
74 18 1181 118
74 17 1181 1442
76 19 1181 978
77 20 1181 759
77 21 1181 75
78 22 1181 866
78 23 1181 115
82 27 1181 439
82 24 1181 1480
82 25 1181 323
82 26 1181 203
84 28 1181 1025
86 29 1181 1109
90 30 1181 1382
95 31 1181 1559
96 32 1181 665
104 33 1181 1764
113 35 1181 404
113 34 1181 1808
114 36 1181 776
115 37 1181 786
118 38 1181 1289
123 39 1181 1576
134 40 1181 1856
140 41 1181 1633
143 42 1181 1202
143 43 1181 22
144 44 1181 667
147 45 1181 1205
151 46 1181 1415
153 47 1181 905
165 48 1181 1879
168 49 1181 1287
169 50 1181 672
178 51 1181 1796
182 52 1181 1399
182 53 1181 286
182 54 1181 102
184 55 1181 1055
186 56 1181 1065
189 57 1181 1181
210 58 1181 1922
213 59 1181 1291
221 60 1181 1781
224 61 1181 1292
225 62 1181 850
233 63 1181 1777
233 64 1181 219
235 66 1181 476
235 65 1181 1093
237 67 1181 935
244 68 1181 1713
245 69 1181 531
247 70 1181 1104
248 71 1181 839
248 72 1181 152
248 73 1181 466
250 74 1181 1046
252 75 1181 1050
253 76 1181 798
254 77 1181 844
258 78 1181 1372
258 79 1181 275
259 80 1181 832
262 81 1181 1223
262 82 1181 485
268 83 1181 1663
268 84 1181 437
273 87 1181 379
273 85 1181 1510
273 86 1181 159
279 88 1181 1661
280 89 1181 753
283 90 1181 1263
288 91 1181 1519
289 92 1181 789
312 93 1181 1923
319 94 1181 1720
320 95 1181 563
321 96 1181 782
325 97 1181 1349
332 98 1181 1728
337 99 1181 1499
338 100 1181 729
338 101 1181 479
340 102 1181 1116
344 104 1181 183
344 103 1181 1348
352 105 1181 1758
358 106 1181 1644
360 107 1181 933
363 108 1181 1164
365 109 1181 976
365 110 1181 257
365 111 1181 221
372 112 1181 1734
378 114 1181 458
378 113 1181 1647
379 115 1181 558
380 116 1181 807
382 117 1181 1112
385 118 1181 1340
386 119 1181 633
388 120 1181 933
388 121 1181 97
391 122 1181 1199
393 123 1181 960
396 124 1181 1192
401 125 1181 1510
401 126 1181 49
401 127 1181 153
402 128 1181 671
402 129 1181 483
402 130 1181 268
406 131 1181 1373
408 132 1181 1041
417 133 1181 1798
421 134 1181 1470
421 135 1181 353
421 136 1181 106
423 137 1181 1062
427 138 1181 1479
428 139 1181 604
436 140 1181 1791
439 141 1181 1151
441 142 1181 1139
442 143 1181 684
442 144 1181 496
444 145 1181 1042
451 146 1181 1709
453 147 1181 1067
457 148 1181 1464
460 149 1181 1161
466 150 1181 1681
471 151 1181 1594
471 152 1181 8
473 153 1181 1094
474 154 1181 565
475 155 1181 631
478 156 1181 1204
478 157 1181 156
478 158 1181 155
479 159 1181 597
486 160 1181 1708
490 162 1181 261
490 161 1181 1490
491 163 1181 681
492 164 1181 708
493 165 1181 808
495 166 1181 1104
506 170 1181 452
506 167 1181 1861
506 168 1181 176
506 169 1181 105
512 171 1181 1670
517 172 1181 1557
518 173 1181 736
519 174 1181 766
526 175 1181 1706
528 176 1181 883
529 177 1181 515
529 178 1181 463
529 179 1181 150
536 180 1181 1725
538 181 1181 907
539 182 1181 614
543 183 1181 1434
544 184 1181 726
545 185 1181 598
549 186 1181 1364
560 187 1181 1872
563 188 1181 1232
564 189 1181 839
566 190 1181 1073
578 191 1181 1874
580 192 1181 906
582 193 1181 882
583 194 1181 820
583 195 1181 301
585 196 1181 889
585 197 1181 457
599 198 1181 1900
605 199 1181 1612
616 200 1181 1862
624 201 1181 1773
626 202 1181 890
630 203 1181 1359
631 204 1181 709
631 205 1181 10
631 206 1181 37
634 207 1181 1196
634 208 1181 327
635 209 1181 783
641 210 1181 1673
642 211 1181 689
648 212 1181 1617
648 213 1181 4
649 214 1181 797
650 215 1181 801
652 216 1181 876
653 217 1181 752
665 218 1181 1879
665 219 1181 110
669 220 1181 1368
672 221 1181 1157
673 222 1181 628
676 223 1181 1262
678 224 1181 956
679 225 1181 503
680 226 1181 763
681 227 1181 675
691 228 1181 1841
691 229 1181 465
692 231 1181 426
692 230 1181 817
693 232 1181 539
694 233 1181 776
694 234 1181 213
706 235 1181 1876
706 236 1181 16
709 237 1181 1179
710 238 1181 724
711 239 1181 715
712 241 1181 167
712 240 1181 561
717 242 1181 1544
717 243 1181 449
719 244 1181 1090
719 245 1181 384
719 246 1181 256
721 249 1181 19
721 247 1181 902
721 248 1181 84
725 251 1181 137
725 250 1181 1350
726 252 1181 502
734 253 1181 1790
734 254 1181 244
735 255 1181 704
738 256 1181 1145
743 257 1181 1553
743 258 1181 403
743 259 1181 206
746 260 1181 1172
749 261 1181 1286
752 262 1181 1280
760 263 1181 1787
773 264 1181 1891
776 265 1181 1247
776 266 1181 150
777 267 1181 841
784 268 1181 1716
785 269 1181 845
786 270 1181 784
792 271 1181 1621
792 272 1181 27
795 273 1181 1163
799 274 1181 1473
802 275 1181 1200
807 277 1181 179
807 278 1181 171
807 276 1181 1538
808 279 1181 572
808 280 1181 246
816 281 1181 1786
817 282 1181 590
826 283 1181 1822
828 284 1181 1039
829 285 1181 679
839 286 1181 1848
840 287 1181 673
841 288 1181 532
845 289 1181 1433
846 290 1181 731
846 291 1181 387
847 292 1181 776
848 293 1181 518
852 294 1181 1468
855 295 1181 1199
856 296 1181 812
862 298 1181 482
862 297 1181 1682
870 299 1181 1768
870 300 1181 234
873 301 1181 1339
875 302 1181 1110
878 303 1181 1164
881 304 1181 1159
887 305 1181 1653
887 306 1181 109
