0 0 1762 92
4 1 1762 1450
7 2 1762 1229
8 3 1762 695
8 4 1762 333
9 5 1762 648
9 6 1762 144
10 7 1762 676
10 8 1762 158
11 9 1762 725
11 10 1762 492
13 11 1762 1037
14 12 1762 860
17 13 1762 1220
17 14 1762 185
32 15 1762 1908
41 17 1762 432
41 16 1762 1828
48 18 1762 1722
51 19 1762 1328
56 20 1762 1543
56 21 1762 83
64 22 1762 1752
66 23 1762 1043
70 25 1762 434
70 24 1762 1346
80 28 1762 145
80 26 1762 1844
80 27 1762 116
92 29 1762 1876
92 30 1762 278
98 31 1762 1655
99 32 1762 560
99 33 1762 468
100 34 1762 561
108 36 1762 143
108 37 1762 484
108 35 1762 1761
109 38 1762 588
113 39 1762 1465
126 40 1762 1891
127 41 1762 520
134 42 1762 1739
135 43 1762 618
136 44 1762 574
138 45 1762 901
140 46 1762 1136
141 47 1762 534
146 48 1762 1539
147 49 1762 656
147 50 1762 47
158 51 1762 1855
158 52 1762 476
158 53 1762 232
159 55 1762 8
159 54 1762 778
165 56 1762 1623
165 57 1762 186
168 58 1762 1273
177 59 1762 1824
178 60 1762 729
178 61 1762 27
179 62 1762 530
179 63 1762 206
179 64 1762 447
180 65 1762 762
180 66 1762 476
180 67 1762 392
181 68 1762 658
181 69 1762 348
189 70 1762 1764
192 71 1762 1343
200 73 1762 257
200 72 1762 1769
204 74 1762 1361
206 76 1762 269
206 75 1762 1022
208 77 1762 1133
208 78 1762 468
208 79 1762 445
211 80 1762 1223
214 81 1762 1309
215 82 1762 502
219 83 1762 1414
229 85 1762 347
229 84 1762 1829
232 86 1762 1178
232 87 1762 328
238 88 1762 1614
239 89 1762 553
239 90 1762 138
251 91 1762 1882
253 92 1762 1136
254 93 1762 689
255 94 1762 736
266 95 1762 1864
283 96 1762 1915
288 97 1762 1532
288 98 1762 171
295 99 1762 1736
295 100 1762 425
296 101 1762 743
305 102 1762 1801
308 103 1762 1190
309 104 1762 816
310 105 1762 628
310 106 1762 86
310 107 1762 218
311 108 1762 795
317 109 1762 1680
323 110 1762 1664
323 111 1762 489
329 112 1762 1643
330 113 1762 828
331 114 1762 600
334 115 1762 1344
338 116 1762 1450
340 117 1762 1041
340 118 1762 302
340 119 1762 100
345 120 1762 1509
345 121 1762 148
346 123 1762 105
346 124 1762 210
346 122 1762 702
355 125 1762 1807
355 126 1762 207
357 127 1762 1080
361 128 1762 1446
365 129 1762 1422
367 130 1762 1032
368 131 1762 661
370 132 1762 962
371 135 1762 480
371 133 1762 656
371 134 1762 20
375 136 1762 1433
378 137 1762 1236
379 138 1762 597
382 139 1762 1200
382 140 1762 260
384 141 1762 959
388 142 1762 1457
399 143 1762 1858
400 144 1762 813
405 145 1762 1573
405 146 1762 238
405 147 1762 307
405 148 1762 88
408 150 1762 414
408 149 1762 1317
410 151 1762 873
413 156 1762 41
413 155 1762 276
413 153 1762 71
413 154 1762 227
413 152 1762 1229
420 157 1762 1696
422 158 1762 980
424 159 1762 933
424 160 1762 421
426 161 1762 930
427 162 1762 697
430 163 1762 1298
431 164 1762 648
433 165 1762 1002
437 166 1762 1451
439 167 1762 986
440 168 1762 807
440 169 1762 120
450 171 1762 213
450 172 1762 444
450 170 1762 1836
452 173 1762 1026
460 174 1762 1764
461 175 1762 549
462 176 1762 615
463 177 1762 768
466 178 1762 1216
467 179 1762 561
472 180 1762 1568
481 181 1762 1824
483 182 1762 991
483 183 1762 129
485 184 1762 1008
485 185 1762 159
489 186 1762 1357
491 187 1762 891
491 188 1762 428
497 189 1762 1668
497 190 1762 438
503 192 1762 255
503 191 1762 1661
508 193 1762 1588
509 194 1762 779
512 195 1762 1254
512 196 1762 262
512 197 1762 158
515 198 1762 1210
522 199 1762 1735
522 200 1762 121
525 201 1762 1177
529 202 1762 1424
542 203 1762 1893
546 204 1762 1406
546 205 1762 200
546 206 1762 428
546 207 1762 202
546 208 1762 231
551 209 1762 1603
556 210 1762 1586
559 213 1762 419
559 211 1762 1198
559 212 1762 480
562 214 1762 1289
563 215 1762 521
574 216 1762 1864
575 217 1762 568
575 218 1762 290
575 219 1762 488
580 220 1762 1570
581 221 1762 560
582 222 1762 557
584 223 1762 1064
589 224 1762 1606
589 225 1762 174
601 226 1762 1882
602 227 1762 780
602 228 1762 247
603 231 1762 456
603 230 1762 286
603 229 1762 509
607 232 1762 1482
611 233 1762 1406
611 234 1762 439
611 235 1762 391
611 236 1762 399
613 237 1762 1022
614 238 1762 647
615 239 1762 807
621 240 1762 1655
624 241 1762 1154
625 242 1762 659
626 243 1762 750
626 244 1762 81
629 245 1762 1164
632 246 1762 1181
640 248 1762 299
640 249 1762 258
640 247 1762 1761
643 250 1762 1315
649 251 1762 1619
657 252 1762 1793
658 253 1762 721
658 254 1762 165
662 255 1762 1486
663 257 1762 360
663 256 1762 619
663 258 1762 287
666 259 1762 1231
666 260 1762 242
671 261 1762 1573
683 262 1762 1880
689 263 1762 1647
692 264 1762 1316
694 265 1762 1129
700 266 1762 1640
702 267 1762 998
717 268 1762 1904
719 269 1762 898
719 270 1762 121
720 271 1762 842
730 272 1762 1845
734 273 1762 1407
735 274 1762 757
735 275 1762 415
744 276 1762 1826
751 277 1762 1732
753 278 1762 982
753 279 1762 441
755 280 1762 918
755 281 1762 121
755 282 1762 481
772 283 1762 1914
774 284 1762 1118
775 285 1762 592
776 286 1762 588
777 287 1762 760
780 288 1762 1241
782 289 1762 878
789 290 1762 1697
789 291 1762 39
790 292 1762 735
793 293 1762 1341
794 295 1762 82
794 294 1762 565
797 296 1762 1199
799 297 1762 936
803 298 1762 1358
805 299 1762 877
809 300 1762 1449
809 301 1762 182
817 302 1762 1781
820 304 1762 136
820 305 1762 473
820 303 1762 1326
827 306 1762 1698
