1 0 1108 821
7 1 1108 1653
7 2 1108 143
8 3 1108 722
12 4 1108 1439
14 5 1108 930
19 6 1108 1592
31 7 1108 1876
35 8 1108 1455
36 9 1108 602
38 10 1108 1095
42 11 1108 1388
42 12 1108 442
43 13 1108 604
46 14 1108 1144
48 15 1108 951
68 16 1108 1921
71 18 1108 41
71 17 1108 1173
73 19 1108 978
81 20 1108 1793
81 21 1108 335
81 22 1108 492
82 23 1108 585
85 24 1108 1273
85 25 1108 274
89 27 1108 394
89 26 1108 1454
91 28 1108 958
92 29 1108 739
92 30 1108 138
94 31 1108 1113
102 32 1108 1761
104 34 1108 449
104 33 1108 905
105 35 1108 652
106 37 1108 6
106 36 1108 738
111 38 1108 1555
111 39 1108 349
121 40 1108 1845
122 41 1108 644
125 42 1108 1341
126 43 1108 773
130 44 1108 1458
130 45 1108 146
133 46 1108 1327
138 47 1108 1573
148 48 1108 1850
149 49 1108 798
155 50 1108 1624
155 51 1108 144
162 52 1108 1694
165 53 1108 1236
167 54 1108 1126
167 55 1108 486
170 56 1108 1160
174 57 1108 1482
178 58 1108 1373
181 59 1108 1164
185 60 1108 1401
188 61 1108 1197
190 62 1108 918
191 63 1108 715
191 64 1108 463
206 65 1108 1907
211 66 1108 1551
215 67 1108 1461
215 68 1108 154
215 69 1108 492
215 70 1108 213
232 71 1108 1914
237 72 1108 1542
243 73 1108 1617
245 74 1108 1058
248 75 1108 1149
250 76 1108 918
256 77 1108 1643
258 78 1108 1051
260 79 1108 1126
262 80 1108 872
271 81 1108 1805
271 82 1108 468
271 83 1108 159
273 84 1108 1040
292 85 1108 1919
295 86 1108 1343
296 87 1108 525
303 88 1108 1704
316 89 1108 1887
320 90 1108 1416
323 91 1108 1180
324 92 1108 557
324 93 1108 391
326 94 1108 873
327 95 1108 647
333 96 1108 1651
334 97 1108 626
334 98 1108 310
338 99 1108 1476
339 100 1108 519
347 101 1108 1790
351 102 1108 1419
355 103 1108 1358
356 104 1108 584
362 105 1108 1635
363 106 1108 527
363 107 1108 77
363 108 1108 177
377 109 1108 1902
381 110 1108 1493
385 113 1108 247
385 114 1108 292
385 111 1108 1441
385 112 1108 431
390 115 1108 1520
391 116 1108 728
392 117 1108 758
397 118 1108 1599
397 119 1108 468
398 120 1108 563
400 121 1108 1026
406 123 1108 192
406 122 1108 1682
408 124 1108 1000
410 125 1108 958
414 126 1108 1356
417 127 1108 1150
418 128 1108 743
418 129 1108 410
422 130 1108 1422
422 131 1108 291
425 132 1108 1333
430 133 1108 1500
431 134 1108 606
433 135 1108 1006
433 136 1108 386
435 137 1108 1035
440 138 1108 1499
443 139 1108 1330
447 140 1108 1391
450 142 1108 347
450 141 1108 1266
457 143 1108 1726
457 144 1108 394
471 145 1108 1899
472 146 1108 749
472 147 1108 310
472 148 1108 98
475 149 1108 1277
485 150 1108 1843
487 151 1108 892
489 152 1108 951
497 153 1108 1766
499 154 1108 912
503 155 1108 1418
503 156 1108 108
506 157 1108 1227
506 158 1108 357
511 159 1108 1551
511 160 1108 279
514 161 1108 1301
517 162 1108 1258
524 164 1108 479
524 163 1108 1692
527 165 1108 1201
527 166 1108 108
528 167 1108 855
533 168 1108 1565
536 169 1108 1211
538 170 1108 1134
544 171 1108 1618
547 173 1108 269
547 172 1108 1183
549 174 1108 1002
552 175 1108 1221
553 176 1108 678
565 177 1108 1880
572 178 1108 1722
574 179 1108 1026
574 180 1108 208
576 181 1108 1045
578 182 1108 1052
582 183 1108 1391
582 184 1108 491
583 185 1108 529
586 186 1108 1264
590 187 1108 1491
591 188 1108 587
593 189 1108 1113
595 190 1108 897
597 191 1108 1084
598 192 1108 678
610 193 1108 1873
612 194 1108 1051
612 195 1108 90
612 196 1108 8
613 197 1108 580
616 198 1108 1247
618 199 1108 1118
626 200 1108 1791
635 201 1108 1818
636 202 1108 669
637 203 1108 812
637 204 1108 142
637 205 1108 225
643 206 1108 1634
644 207 1108 682
645 208 1108 764
651 209 1108 1615
652 211 1108 153
652 210 1108 739
656 212 1108 1429
659 213 1108 1256
662 214 1108 1343
665 215 1108 1158
665 216 1108 249
673 217 1108 1791
676 218 1108 1200
688 219 1108 1874
699 220 1108 1861
700 221 1108 541
700 222 1108 267
700 223 1108 452
700 224 1108 313
700 225 1108 50
702 226 1108 939
705 227 1108 1235
708 228 1108 1143
710 229 1108 911
713 231 1108 98
713 230 1108 1213
714 232 1108 632
715 233 1108 604
718 234 1108 1159
718 235 1108 314
718 236 1108 375
718 237 1108 239
721 238 1108 1248
721 239 1108 266
722 240 1108 820
723 241 1108 582
724 242 1108 727
726 243 1108 896
726 244 1108 373
727 245 1108 744
732 246 1108 1579
736 247 1108 1347
737 248 1108 530
746 249 1108 1817
754 251 1108 141
754 250 1108 1765
757 252 1108 1304
760 253 1108 1298
763 254 1108 1181
766 255 1108 1250
771 256 1108 1551
771 257 1108 217
772 258 1108 499
772 259 1108 92
775 261 1108 399
775 260 1108 1210
779 262 1108 1464
787 263 1108 1777
787 264 1108 402
788 265 1108 641
792 266 1108 1445
793 267 1108 825
793 268 1108 96
795 269 1108 1028
796 270 1108 782
796 271 1108 10
797 272 1108 543
799 273 1108 933
801 274 1108 1053
804 275 1108 1279
811 276 1108 1738
814 278 1108 79
814 277 1108 1295
818 279 1108 1493
818 280 1108 395
823 281 1108 1517
824 282 1108 705
827 283 1108 1250
829 284 1108 1070
831 285 1108 1072
832 286 1108 719
835 287 1108 1259
839 288 1108 1347
849 289 1108 1834
850 290 1108 688
850 291 1108 158
856 292 1108 1665
859 293 1108 1156
861 294 1108 981
861 295 1108 421
863 296 1108 1042
865 298 1108 494
865 297 1108 874
871 299 1108 1657
874 300 1108 1224
875 301 1108 754
878 302 1108 1250
882 303 1108 1426
884 304 1108 1035
892 305 1108 1755
897 306 1108 1522
