7 0 139 1727
8 1 139 536
11 2 139 1224
12 3 139 815
12 4 139 152
12 5 139 110
15 6 139 1280
16 9 139 314
16 8 139 109
16 7 139 738
17 10 139 836
17 11 139 395
17 12 139 108
19 13 139 955
25 14 139 1629
35 15 139 1838
36 16 139 616
38 17 139 910
46 18 139 1776
50 19 139 1469
55 20 139 1596
55 21 139 177
55 22 139 261
62 23 139 1702
66 24 139 1394
73 25 139 1701
76 27 139 347
76 26 139 1162
80 28 139 1494
86 29 139 1652
89 30 139 1193
100 31 139 1870
103 32 139 1255
103 33 139 316
107 34 139 1379
108 35 139 853
113 36 139 1506
123 37 139 1837
125 38 139 1081
129 39 139 1440
133 40 139 1354
141 41 139 1770
146 42 139 1581
149 43 139 1262
150 44 139 510
151 45 139 505
153 46 139 991
154 47 139 517
158 48 139 1363
158 49 139 185
163 50 139 1585
166 51 139 1241
168 52 139 1096
168 53 139 246
177 54 139 1820
182 56 139 274
182 55 139 1550
186 57 139 1447
190 58 139 1345
190 59 139 375
192 60 139 872
194 61 139 932
197 62 139 1169
197 63 139 381
199 64 139 1045
201 65 139 890
203 66 139 1065
210 67 139 1717
215 68 139 1501
216 69 139 775
216 70 139 332
217 71 139 703
225 73 139 335
225 74 139 115
225 72 139 1754
233 75 139 1751
234 76 139 521
236 77 139 924
239 78 139 1191
241 79 139 889
242 80 139 710
243 81 139 645
245 82 139 909
248 83 139 1308
248 84 139 67
260 85 139 1877
261 86 139 773
263 87 139 1008
263 88 139 420
271 89 139 1753
272 90 139 579
272 91 139 58
272 92 139 491
273 93 139 705
274 95 139 421
274 94 139 568
275 96 139 600
278 97 139 1199
278 98 139 216
283 99 139 1544
287 100 139 1365
290 101 139 1199
292 102 139 941
293 103 139 588
301 104 139 1778
303 105 139 882
307 106 139 1411
308 107 139 761
308 108 139 130
308 109 139 68
310 110 139 1029
313 112 139 255
313 113 139 456
313 111 139 1275
318 116 139 23
318 114 139 1590
318 115 139 226
326 117 139 1786
326 118 139 314
328 119 139 1093
328 120 139 117
328 121 139 56
331 122 139 1296
337 126 139 212
337 125 139 274
337 124 139 196
337 123 139 1672
339 127 139 1048
346 128 139 1692
352 129 139 1618
355 130 139 1151
358 131 139 1246
359 132 139 707
364 133 139 1572
368 134 139 1449
372 135 139 1435
378 136 139 1628
378 137 139 321
382 138 139 1454
384 139 139 1110
384 140 139 465
384 141 139 12
386 142 139 877
386 143 139 352
387 144 139 723
390 145 139 1228
397 146 139 1728
397 147 139 35
399 148 139 1040
399 149 139 341
399 150 139 398
400 151 139 738
402 152 139 885
404 153 139 1048
408 154 139 1427
411 155 139 1308
420 156 139 1827
423 157 139 1193
423 158 139 391
428 159 139 1504
429 160 139 669
429 161 139 363
431 163 139 437
431 162 139 994
432 164 139 842
439 165 139 1707
440 166 139 568
441 167 139 607
443 168 139 931
443 169 139 154
444 170 139 522
450 172 139 332
450 171 139 1626
452 173 139 1129
453 174 139 628
453 175 139 104
455 176 139 1103
457 177 139 944
459 178 139 948
461 182 139 8
461 181 139 176
461 179 139 892
461 180 139 470
465 183 139 1350
468 184 139 1219
468 185 139 413
468 186 139 361
473 188 139 145
473 187 139 1584
473 189 139 140
478 191 139 435
478 190 139 1533
489 192 139 1854
501 193 139 1875
501 194 139 440
501 195 139 101
503 196 139 943
503 197 139 440
507 198 139 1434
509 199 139 940
510 200 139 660
512 201 139 1120
514 202 139 1028
516 203 139 885
523 204 139 1744
524 205 139 696
524 206 139 406
530 207 139 1680
530 208 139 419
533 210 139 205
533 209 139 1322
535 211 139 883
535 212 139 245
539 213 139 1423
541 214 139 1033
541 215 139 493
541 216 139 354
546 217 139 1568
549 219 139 429
549 218 139 1142
553 220 139 1346
555 221 139 908
555 222 139 462
556 223 139 791
557 224 139 546
557 225 139 87
564 226 139 1697
564 227 139 381
565 228 139 689
566 229 139 526
568 230 139 1086
569 231 139 663
573 232 139 1434
573 233 139 7
573 234 139 232
576 235 139 1274
578 236 139 1072
580 237 139 1048
585 238 139 1531
586 240 139 6
586 239 139 522
587 241 139 605
590 242 139 1164
591 243 139 747
602 244 139 1860
603 245 139 649
603 246 139 189
603 247 139 431
604 248 139 841
615 249 139 1871
621 250 139 1672
624 251 139 1299
627 252 139 1222
629 253 139 1005
634 254 139 1519
640 255 139 1676
641 257 139 237
641 258 139 338
641 256 139 658
647 259 139 1656
649 260 139 924
649 261 139 24
651 262 139 991
660 263 139 1818
660 264 139 236
664 265 139 1467
668 266 139 1374
668 267 139 237
671 268 139 1191
677 269 139 1683
681 270 139 1345
684 271 139 1231
684 272 139 37
685 273 139 620
685 274 139 422
686 275 139 740
692 276 139 1669
698 277 139 1639
699 278 139 856
708 279 139 1822
717 280 139 1822
720 281 139 1266
724 282 139 1464
725 283 139 742
726 284 139 779
733 285 139 1711
737 289 139 480
737 288 139 413
737 287 139 428
737 286 139 1365
738 290 139 616
739 291 139 835
740 292 139 709
749 293 139 1799
754 294 139 1523
769 295 139 1906
774 296 139 1539
777 297 139 1271
778 298 139 511
778 299 139 392
781 300 139 1200
793 301 139 1877
796 302 139 1165
798 303 139 1083
799 304 139 526
799 305 139 441
802 306 139 1261
