6 0 1158 1613
6 1 1158 226
6 2 1158 294
6 3 1158 229
9 4 1158 1199
15 5 1158 1669
25 6 1158 1831
31 7 1158 1623
37 9 1158 133
37 8 1158 1635
45 10 1158 1757
48 11 1158 1342
53 12 1158 1504
53 13 1158 480
60 14 1158 1710
61 15 1158 509
61 16 1158 108
62 17 1158 749
71 18 1158 1829
72 19 1158 589
72 20 1158 58
79 21 1158 1738
80 22 1158 515
85 23 1158 1560
85 24 1158 240
111 25 1158 1924
111 26 1158 84
118 27 1158 1730
132 28 1158 1902
136 29 1158 1459
144 30 1158 1775
145 31 1158 508
158 32 1158 1886
168 33 1158 1849
172 34 1158 1354
177 35 1158 1597
182 36 1158 1524
182 37 1158 484
183 38 1158 601
185 39 1158 1021
185 40 1158 161
185 41 1158 342
204 42 1158 1919
204 43 1158 355
204 44 1158 428
213 46 1158 381
213 47 1158 478
213 45 1158 1802
214 48 1158 685
215 49 1158 692
216 50 1158 552
221 51 1158 1498
221 52 1158 77
221 53 1158 497
222 54 1158 838
231 55 1158 1800
237 56 1158 1635
238 57 1158 658
255 58 1158 1914
258 59 1158 1199
263 60 1158 1584
263 61 1158 101
269 62 1158 1646
269 63 1158 176
269 64 1158 283
272 65 1158 1248
276 66 1158 1381
281 67 1158 1579
283 68 1158 1051
283 69 1158 112
285 70 1158 909
290 71 1158 1549
290 72 1158 147
291 73 1158 807
291 74 1158 427
297 75 1158 1640
304 77 1158 160
304 76 1158 1743
306 78 1158 1132
306 79 1158 362
311 80 1158 1543
316 81 1158 1531
318 82 1158 1044
321 83 1158 1209
323 84 1158 906
323 85 1158 276
323 86 1158 431
327 87 1158 1389
329 88 1158 1011
333 89 1158 1479
346 90 1158 1887
347 91 1158 866
347 92 1158 495
350 93 1158 1326
354 95 1158 60
354 94 1158 1361
355 96 1158 621
362 97 1158 1743
362 98 1158 72
364 99 1158 1104
364 100 1158 421
365 101 1158 726
369 102 1158 1351
370 103 1158 573
377 104 1158 1708
379 105 1158 928
383 106 1158 1350
386 107 1158 1194
386 108 1158 69
388 109 1158 1122
388 110 1158 56
392 111 1158 1475
396 112 1158 1450
401 113 1158 1551
406 115 1158 52
406 114 1158 1581
408 116 1158 981
408 117 1158 436
411 118 1158 1194
411 119 1158 7
412 120 1158 816
430 121 1158 1916
431 122 1158 568
436 125 1158 43
436 124 1158 150
436 123 1158 1497
438 126 1158 1053
439 127 1158 746
443 128 1158 1370
443 129 1158 366
445 130 1158 1018
445 131 1158 0
445 132 1158 87
445 133 1158 28
456 134 1158 1866
457 135 1158 816
457 136 1158 179
457 137 1158 471
461 138 1158 1426
475 139 1158 1903
476 140 1158 850
479 141 1158 1162
482 142 1158 1320
491 143 1158 1813
495 144 1158 1422
495 145 1158 411
498 146 1158 1340
499 147 1158 868
505 148 1158 1669
508 149 1158 1308
510 150 1158 1004
510 151 1158 185
511 156 1158 158
511 155 1158 430
511 153 1158 65
511 154 1158 287
511 152 1158 548
519 157 1158 1779
519 158 1158 422
525 159 1158 1664
534 160 1158 1799
535 161 1158 604
542 162 1158 1748
548 165 1158 56
548 163 1158 1627
548 164 1158 104
552 166 1158 1387
556 167 1158 1422
562 168 1158 1610
563 169 1158 765
572 170 1158 1798
573 171 1158 509
575 172 1158 934
578 173 1158 1216
580 174 1158 1081
585 175 1158 1579
586 176 1158 596
587 177 1158 679
587 178 1158 74
593 179 1158 1663
594 181 1158 185
594 180 1158 627
596 182 1158 1001
596 183 1158 61
599 184 1158 1287
600 185 1158 833
604 186 1158 1377
604 187 1158 22
610 188 1158 1666
614 189 1158 1436
615 191 1158 325
615 192 1158 49
615 190 1158 658
621 193 1158 1686
621 194 1158 103
621 195 1158 246
624 196 1158 1338
630 197 1158 1617
637 198 1158 1709
641 199 1158 1366
643 200 1158 949
653 201 1158 1843
656 202 1158 1182
658 203 1158 904
662 204 1158 1435
662 205 1158 495
665 206 1158 1176
668 207 1158 1256
670 208 1158 909
671 209 1158 632
679 210 1158 1758
683 211 1158 1404
690 212 1158 1704
691 213 1158 683
693 214 1158 1037
699 215 1158 1614
704 216 1158 1528
710 217 1158 1686
710 218 1158 340
713 219 1158 1195
714 220 1158 603
718 221 1158 1365
724 222 1158 1680
724 223 1158 174
724 224 1158 106
728 225 1158 1473
728 226 1158 459
731 227 1158 1172
733 228 1158 1113
734 230 1158 240
734 229 1158 835
736 231 1158 904
738 232 1158 894
739 233 1158 633
740 234 1158 714
741 235 1158 708
743 236 1158 927
743 237 1158 96
744 238 1158 551
745 239 1158 792
750 240 1158 1582
750 241 1158 121
752 242 1158 1038
754 243 1158 1033
759 244 1158 1602
762 245 1158 1178
763 246 1158 545
766 247 1158 1291
767 249 1158 413
767 248 1158 649
768 250 1158 642
773 251 1158 1577
776 252 1158 1276
777 253 1158 513
778 254 1158 762
783 255 1158 1509
783 256 1158 163
785 257 1158 1008
786 258 1158 797
799 259 1158 1887
799 260 1158 35
799 261 1158 3
799 262 1158 142
799 263 1158 73
799 264 1158 392
800 265 1158 854
801 266 1158 509
803 267 1158 1070
816 268 1158 1894
816 269 1158 329
817 270 1158 687
821 271 1158 1431
823 272 1158 1135
827 273 1158 1472
832 274 1158 1538
832 275 1158 482
832 276 1158 327
833 278 1158 497
833 277 1158 647
834 279 1158 852
836 280 1158 927
838 281 1158 1093
839 282 1158 523
840 283 1158 699
840 284 1158 192
841 285 1158 588
846 287 1158 380
846 286 1158 1552
855 288 1158 1796
857 289 1158 1130
858 290 1158 545
868 291 1158 1844
871 292 1158 1223
872 293 1158 588
873 294 1158 757
878 295 1158 1578
892 296 1158 1903
894 297 1158 964
895 298 1158 641
896 299 1158 747
897 300 1158 669
901 301 1158 1399
904 302 1158 1322
904 303 1158 319
910 304 1158 1651
912 305 1158 1136
912 306 1158 442
