2 0 436 1118
7 1 436 1516
10 2 436 1154
10 3 436 231
10 4 436 187
11 5 436 855
16 6 436 1603
20 7 436 1492
35 8 436 1907
36 9 436 520
41 10 436 1507
50 11 436 1824
50 12 436 122
54 13 436 1429
62 14 436 1760
63 15 436 562
64 16 436 737
68 17 436 1409
69 18 436 621
72 19 436 1144
72 20 436 82
75 21 436 1164
83 22 436 1787
83 23 436 384
88 27 436 0
88 26 436 231
88 24 436 1511
88 25 436 343
99 28 436 1854
100 29 436 534
100 30 436 397
105 31 436 1496
105 32 436 456
106 33 436 613
112 35 436 215
112 36 436 35
112 34 436 1624
113 37 436 534
120 38 436 1689
121 39 436 753
126 40 436 1590
134 41 436 1762
135 42 436 658
139 43 436 1422
140 45 436 425
140 44 436 675
142 46 436 1123
148 47 436 1658
149 48 436 805
151 49 436 1006
152 50 436 564
157 51 436 1504
161 52 436 1383
169 53 436 1758
174 54 436 1546
186 55 436 1878
192 56 436 1653
193 57 436 769
194 58 436 645
202 59 436 1769
203 60 436 624
208 61 436 1602
213 62 436 1563
217 65 436 10
217 63 436 1372
217 64 436 123
221 66 436 1367
225 67 436 1434
232 68 436 1730
237 69 436 1545
238 70 436 526
238 71 436 203
244 72 436 1645
252 73 436 1793
256 75 436 245
256 74 436 1479
257 76 436 506
257 77 436 364
263 78 436 1633
265 79 436 1085
268 80 436 1145
268 81 436 497
270 82 436 1120
271 83 436 847
284 84 436 1894
285 85 436 818
285 86 436 113
286 87 436 623
288 88 436 991
294 89 436 1670
294 90 436 486
297 91 436 1190
306 92 436 1814
316 94 436 129
316 93 436 1845
332 95 436 1913
332 96 436 199
335 97 436 1210
338 98 436 1299
339 99 436 665
341 100 436 983
347 101 436 1613
357 102 436 1853
360 105 436 361
360 103 436 1185
360 104 436 479
368 106 436 1783
373 107 436 1514
373 108 436 278
376 109 436 1301
380 110 436 1372
383 111 436 1289
385 112 436 1061
389 113 436 1484
390 114 436 624
390 115 436 126
390 116 436 481
391 117 436 715
395 118 436 1403
398 119 436 1230
407 120 436 1821
408 123 436 59
408 122 436 443
408 121 436 743
410 124 436 1058
413 125 436 1260
413 126 436 313
420 127 436 1725
426 128 436 1664
430 129 436 1491
430 130 436 45
433 131 436 1220
435 132 436 990
437 133 436 967
437 134 436 102
441 135 436 1456
442 136 436 569
453 137 436 1860
453 138 436 368
458 139 436 1533
460 140 436 959
461 141 436 523
461 142 436 344
467 143 436 1614
467 144 436 298
469 145 436 1122
469 146 436 129
469 147 436 329
472 148 436 1220
472 149 436 2
476 150 436 1431
480 151 436 1408
487 153 436 69
487 152 436 1732
488 154 436 769
488 155 436 239
491 156 436 1170
499 157 436 1793
499 158 436 126
502 159 436 1144
502 160 436 47
502 161 436 58
510 162 436 1775
511 163 436 712
514 164 436 1255
514 165 436 151
514 166 436 298
514 167 436 93
518 168 436 1382
520 169 436 1092
524 170 436 1482
525 172 436 347
525 171 436 546
533 173 436 1794
533 174 436 270
536 175 436 1297
536 176 436 399
537 177 436 753
543 178 436 1686
554 179 436 1860
556 180 436 1130
571 181 436 1908
572 182 436 504
578 183 436 1661
578 184 436 59
579 185 436 561
583 186 436 1413
585 187 436 921
585 188 436 198
593 190 436 285
593 189 436 1788
594 191 436 700
601 192 436 1733
604 193 436 1148
608 194 436 1486
610 195 436 900
611 196 436 673
616 198 436 359
616 199 436 146
616 197 436 1557
617 200 436 824
617 201 436 36
619 202 436 872
619 203 436 127
619 204 436 445
621 205 436 884
623 206 436 1061
634 207 436 1862
641 208 436 1723
645 209 436 1396
653 210 436 1765
653 211 436 417
653 212 436 107
653 213 436 191
653 214 436 13
653 215 436 63
657 217 436 114
657 216 436 1479
658 218 436 652
659 219 436 693
660 220 436 662
663 221 436 1301
672 222 436 1819
677 223 436 1518
678 224 436 806
679 225 436 781
680 226 436 738
682 227 436 1123
682 228 436 308
685 229 436 1294
686 230 436 624
687 231 436 766
687 232 436 394
692 233 436 1539
694 234 436 1036
696 235 436 1094
698 236 436 1036
698 237 436 376
701 238 436 1216
703 239 436 1100
707 240 436 1425
711 241 436 1476
713 242 436 1123
714 243 436 727
714 244 436 23
722 245 436 1793
723 246 436 592
728 247 436 1541
730 248 436 1135
734 249 436 1423
738 250 436 1346
739 251 436 559
741 252 436 904
746 253 436 1590
750 254 436 1409
754 256 436 142
754 255 436 1447
757 257 436 1278
760 258 436 1245
765 259 436 1588
765 260 436 146
776 261 436 1863
781 262 436 1554
781 263 436 428
782 264 436 772
784 267 436 493
784 265 436 998
784 266 436 22
786 268 436 1080
787 269 436 844
789 270 436 952
791 271 436 1103
792 272 436 822
796 273 436 1477
799 274 436 1193
801 276 436 178
801 275 436 1111
803 277 436 1091
808 278 436 1495
810 279 436 938
810 280 436 189
812 281 436 1121
828 282 436 1912
829 283 436 810
841 285 436 65
841 284 436 1873
849 286 436 1787
850 287 436 729
850 288 436 130
855 289 436 1513
857 290 436 952
863 291 436 1682
865 292 436 1055
870 293 436 1552
872 294 436 953
876 295 436 1486
886 296 436 1847
887 297 436 694
899 298 436 1880
901 299 436 949
909 304 436 471
909 303 436 291
909 305 436 243
909 301 436 98
909 300 436 1771
909 302 436 461
915 306 436 1661
