2 0 1236 1124
4 1 1236 1060
8 2 1236 1459
9 3 1236 696
13 4 1236 1352
16 5 1236 1323
19 6 1236 1335
21 8 1236 191
21 7 1236 963
28 9 1236 1698
28 10 1236 458
28 11 1236 339
35 12 1236 1708
35 13 1236 287
41 14 1236 1688
46 15 1236 1593
64 16 1236 1918
64 17 1236 363
66 18 1236 977
67 19 1236 608
73 20 1236 1636
75 21 1236 1124
75 22 1236 346
75 23 1236 107
76 24 1236 667
82 25 1236 1618
83 26 1236 678
85 27 1236 1051
89 28 1236 1369
95 29 1236 1633
102 30 1236 1735
118 31 1236 1911
123 32 1236 1556
127 33 1236 1421
134 34 1236 1700
138 35 1236 1408
144 38 1236 193
144 37 1236 70
144 36 1236 1632
156 39 1236 1874
158 40 1236 934
160 41 1236 1019
160 42 1236 258
161 43 1236 613
167 44 1236 1625
168 45 1236 742
175 46 1236 1702
176 47 1236 689
178 48 1236 879
185 49 1236 1743
188 50 1236 1149
190 51 1236 1062
192 52 1236 915
196 53 1236 1370
198 54 1236 1010
225 55 1236 1924
226 56 1236 713
230 57 1236 1352
230 58 1236 28
236 59 1236 1658
237 60 1236 644
237 61 1236 284
242 62 1236 1518
242 63 1236 483
255 64 1236 1888
255 65 1236 471
256 67 1236 286
256 66 1236 707
257 68 1236 512
257 69 1236 280
269 70 1236 1885
279 71 1236 1848
279 72 1236 169
281 73 1236 1027
286 74 1236 1598
287 75 1236 616
288 76 1236 865
294 77 1236 1657
294 78 1236 406
304 79 1236 1849
314 80 1236 1841
331 81 1236 1913
331 82 1236 171
336 83 1236 1550
336 84 1236 483
337 85 1236 673
339 86 1236 996
339 87 1236 186
339 88 1236 410
346 89 1236 1700
347 90 1236 694
347 91 1236 280
347 92 1236 41
347 93 1236 460
350 94 1236 1229
351 95 1236 650
355 96 1236 1425
362 97 1236 1700
363 98 1236 650
366 99 1236 1153
366 100 1236 35
370 101 1236 1415
370 102 1236 177
371 103 1236 598
379 104 1236 1783
382 105 1236 1225
384 106 1236 892
393 107 1236 1812
400 108 1236 1696
400 109 1236 393
402 110 1236 1058
404 111 1236 981
406 112 1236 945
406 113 1236 104
413 114 1236 1741
414 115 1236 655
414 116 1236 112
427 117 1236 1893
454 118 1236 1924
457 119 1236 1214
461 120 1236 1400
462 121 1236 521
471 122 1236 1800
472 123 1236 736
477 124 1236 1511
482 125 1236 1604
491 126 1236 1807
497 127 1236 1634
504 128 1236 1722
506 129 1236 948
508 130 1236 1116
510 131 1236 1090
512 132 1236 1007
515 133 1236 1177
524 134 1236 1814
524 135 1236 426
531 136 1236 1736
536 137 1236 1498
543 138 1236 1692
546 139 1236 1182
553 140 1236 1706
555 142 1236 414
555 143 1236 17
555 141 1236 1108
556 144 1236 642
562 145 1236 1638
565 146 1236 1260
576 147 1236 1862
577 148 1236 644
578 149 1236 573
579 150 1236 538
583 151 1236 1457
590 152 1236 1701
594 153 1236 1360
600 154 1236 1678
604 155 1236 1438
609 156 1236 1539
613 157 1236 1365
615 158 1236 1012
615 159 1236 178
618 160 1236 1343
621 162 1236 89
621 161 1236 1182
622 163 1236 747
625 164 1236 1202
638 165 1236 1893
652 166 1236 1898
659 167 1236 1692
659 168 1236 214
662 169 1236 1315
663 170 1236 844
664 172 1236 200
664 171 1236 538
665 173 1236 741
669 174 1236 1433
669 175 1236 291
669 176 1236 106
677 177 1236 1783
677 178 1236 94
686 179 1236 1797
686 180 1236 343
697 181 1236 1870
699 182 1236 990
702 183 1236 1148
702 184 1236 409
707 185 1236 1584
710 186 1236 1314
715 187 1236 1571
719 189 1236 376
719 188 1236 1424
720 191 1236 371
720 192 1236 485
720 190 1236 811
725 193 1236 1513
733 194 1236 1764
734 195 1236 523
736 196 1236 1018
741 197 1236 1592
742 198 1236 739
743 199 1236 673
749 200 1236 1664
753 201 1236 1493
759 202 1236 1647
762 203 1236 1253
768 204 1236 1654
798 205 1236 1924
801 206 1236 1256
803 207 1236 959
813 208 1236 1852
817 209 1236 1386
820 210 1236 1331
826 211 1236 1680
829 212 1236 1271
831 213 1236 1140
839 214 1236 1760
843 215 1236 1398
843 216 1236 192
844 217 1236 865
844 218 1236 338
849 219 1236 1543
850 222 1236 268
850 220 1236 578
850 221 1236 327
858 223 1236 1762
859 224 1236 504
859 225 1236 473
859 226 1236 53
860 227 1236 612
862 228 1236 902
864 229 1236 910
867 231 1236 439
867 230 1236 1197
869 232 1236 1044
873 233 1236 1345
873 234 1236 132
874 235 1236 775
874 236 1236 222
880 237 1236 1661
884 241 1236 354
884 240 1236 328
884 238 1236 1418
884 239 1236 410
890 242 1236 1644
890 243 1236 37
892 244 1236 969
894 245 1236 1055
896 246 1236 1024
899 247 1236 1270
905 251 1236 152
905 250 1236 330
905 248 1236 1678
905 249 1236 366
908 252 1236 1254
910 253 1236 1121
910 254 1236 95
913 255 1236 1337
916 256 1236 1224
925 257 1236 1810
926 258 1236 749
929 259 1236 1181
940 260 1236 1871
941 261 1236 643
941 262 1236 57
943 263 1236 941
943 264 1236 189
945 265 1236 892
946 266 1236 636
956 267 1236 1850
958 268 1236 1007
960 269 1236 984
963 270 1236 1176
963 271 1236 456
967 272 1236 1371
977 273 1236 1852
980 274 1236 1215
980 275 1236 223
981 276 1236 608
981 277 1236 230
982 278 1236 793
986 279 1236 1373
990 280 1236 1373
991 281 1236 707
992 282 1236 859
993 283 1236 536
994 284 1236 579
996 285 1236 1044
998 286 1236 1110
1008 287 1236 1847
1011 288 1236 1250
1012 289 1236 720
1016 290 1236 1475
1016 291 1236 337
1018 292 1236 911
1018 293 1236 237
1018 294 1236 463
1024 295 1236 1609
1024 296 1236 297
1025 297 1236 702
1033 298 1236 1773
1033 299 1236 76
1033 300 1236 418
1035 301 1236 1099
1035 302 1236 263
1036 303 1236 694
1038 304 1236 1114
1047 305 1236 1799
1048 306 1236 705
