3 0 1914 1208
5 1 1914 925
5 2 1914 114
7 3 1914 915
17 4 1914 1835
17 5 1914 116
18 6 1914 844
30 7 1914 1880
35 8 1914 1556
46 9 1914 1862
47 10 1914 612
48 11 1914 732
48 12 1914 361
48 13 1914 490
48 14 1914 421
56 15 1914 1781
56 16 1914 492
60 18 1914 443
60 17 1914 1429
70 19 1914 1837
73 20 1914 1278
77 21 1914 1420
97 22 1914 1921
103 23 1914 1627
108 24 1914 1585
109 25 1914 782
115 26 1914 1680
117 27 1914 970
119 28 1914 1071
121 29 1914 947
128 30 1914 1745
128 31 1914 336
130 32 1914 1007
130 33 1914 168
130 34 1914 262
138 35 1914 1773
142 36 1914 1389
145 37 1914 1246
147 38 1914 1084
156 39 1914 1825
156 40 1914 145
156 41 1914 336
156 42 1914 35
156 43 1914 134
156 44 1914 170
160 45 1914 1358
166 46 1914 1612
167 48 1914 128
167 47 1914 570
168 49 1914 535
168 50 1914 102
170 51 1914 1130
178 52 1914 1778
180 53 1914 1067
180 54 1914 452
187 55 1914 1713
189 57 1914 412
189 56 1914 929
192 58 1914 1255
194 59 1914 1052
194 60 1914 360
203 61 1914 1798
204 62 1914 809
205 63 1914 608
205 64 1914 117
205 65 1914 275
211 68 1914 227
211 66 1914 1649
211 67 1914 193
212 69 1914 572
212 70 1914 392
215 71 1914 1170
215 72 1914 345
216 73 1914 542
223 74 1914 1691
225 75 1914 942
229 76 1914 1385
237 77 1914 1787
241 78 1914 1457
241 79 1914 226
243 80 1914 1094
245 81 1914 1109
246 82 1914 842
247 83 1914 535
248 84 1914 845
249 86 1914 483
249 85 1914 614
260 87 1914 1865
266 88 1914 1640
266 89 1914 474
267 90 1914 843
269 91 1914 977
286 92 1914 1916
286 93 1914 31
290 95 1914 271
290 94 1914 1464
294 96 1914 1452
298 97 1914 1351
298 98 1914 16
307 99 1914 1819
313 100 1914 1633
317 101 1914 1419
317 102 1914 342
321 104 1914 142
321 103 1914 1480
322 105 1914 856
323 106 1914 785
326 107 1914 1235
329 108 1914 1301
333 109 1914 1435
333 110 1914 328
335 111 1914 1067
337 112 1914 879
339 113 1914 1028
351 114 1914 1883
354 115 1914 1176
356 116 1914 956
356 117 1914 273
362 118 1914 1688
366 119 1914 1427
373 120 1914 1716
380 121 1914 1709
380 122 1914 477
386 123 1914 1678
392 124 1914 1654
395 125 1914 1340
398 126 1914 1179
398 127 1914 314
400 128 1914 1002
404 129 1914 1419
408 130 1914 1414
408 131 1914 33
416 132 1914 1770
421 133 1914 1562
422 134 1914 518
427 135 1914 1599
428 136 1914 766
431 137 1914 1286
431 138 1914 393
448 139 1914 1914
456 140 1914 1753
459 141 1914 1173
460 143 1914 205
460 144 1914 146
460 142 1914 563
467 145 1914 1700
467 146 1914 97
469 147 1914 887
469 148 1914 73
469 149 1914 288
472 150 1914 1240
475 151 1914 1179
480 152 1914 1588
481 154 1914 102
481 153 1914 514
491 155 1914 1848
493 156 1914 942
494 157 1914 589
502 158 1914 1751
503 159 1914 727
508 160 1914 1601
508 161 1914 471
508 162 1914 232
517 165 1914 294
517 163 1914 1806
517 164 1914 20
520 166 1914 1222
523 167 1914 1242
524 168 1914 510
524 169 1914 283
524 170 1914 409
529 171 1914 1595
538 172 1914 1804
545 173 1914 1699
550 174 1914 1598
551 175 1914 543
554 176 1914 1145
554 177 1914 272
559 178 1914 1531
571 179 1914 1878
574 181 1914 292
574 182 1914 240
574 180 1914 1243
575 183 1914 714
575 184 1914 179
575 185 1914 235
575 186 1914 370
578 187 1914 1256
582 188 1914 1459
583 189 1914 594
584 190 1914 657
584 191 1914 177
588 192 1914 1460
593 193 1914 1591
593 194 1914 312
596 195 1914 1282
598 196 1914 940
599 197 1914 682
599 198 1914 184
607 199 1914 1776
607 200 1914 478
608 202 1914 376
608 201 1914 780
615 203 1914 1714
624 204 1914 1804
629 205 1914 1570
632 206 1914 1299
641 207 1914 1814
642 208 1914 840
646 209 1914 1484
647 210 1914 703
648 211 1914 669
650 212 1914 982
659 213 1914 1797
663 214 1914 1409
666 215 1914 1309
666 216 1914 230
670 217 1914 1443
676 218 1914 1627
683 219 1914 1710
693 220 1914 1849
706 221 1914 1891
713 222 1914 1707
723 223 1914 1841
728 224 1914 1550
728 225 1914 231
728 226 1914 134
728 227 1914 213
732 228 1914 1386
732 229 1914 316
737 232 1914 88
737 230 1914 1528
737 231 1914 463
743 233 1914 1680
747 234 1914 1399
747 235 1914 462
757 236 1914 1840
757 237 1914 450
758 238 1914 834
759 239 1914 534
760 242 1914 415
760 240 1914 860
760 241 1914 480
774 243 1914 1900
783 244 1914 1815
800 245 1914 1913
802 246 1914 1119
807 248 1914 182
807 247 1914 1587
809 249 1914 928
811 250 1914 1052
815 251 1914 1421
817 252 1914 980
817 253 1914 399
827 254 1914 1852
828 255 1914 511
830 256 1914 997
830 257 1914 460
830 258 1914 164
835 259 1914 1572
839 260 1914 1435
841 261 1914 1085
841 262 1914 428
842 263 1914 524
854 264 1914 1880
854 265 1914 239
855 266 1914 581
858 267 1914 1227
858 268 1914 398
860 269 1914 946
864 270 1914 1393
871 271 1914 1704
872 272 1914 609
874 273 1914 1092
875 274 1914 849
879 275 1914 1368
883 276 1914 1475
890 278 1914 25
890 277 1914 1732
895 279 1914 1562
897 280 1914 1036
897 281 1914 471
897 282 1914 31
897 283 1914 457
900 285 1914 106
900 284 1914 1188
904 286 1914 1408
910 287 1914 1614
918 288 1914 1752
920 289 1914 888
924 290 1914 1390
928 291 1914 1380
928 292 1914 286
931 293 1914 1186
933 294 1914 1023
940 296 1914 52
940 295 1914 1700
949 297 1914 1816
949 298 1914 19
954 299 1914 1575
957 300 1914 1332
966 301 1914 1817
969 302 1914 1189
972 303 1914 1161
976 304 1914 1460
979 305 1914 1273
980 306 1914 812
