2 0 238 1030
2 1 238 250
4 2 238 1033
7 3 238 1160
11 4 238 1383
15 5 238 1407
16 6 238 558
23 7 238 1698
26 8 238 1303
27 9 238 603
29 10 238 975
30 11 238 571
32 12 238 1043
34 13 238 946
34 14 238 73
39 15 238 1565
43 16 238 1436
59 17 238 1911
68 18 238 1801
69 19 238 724
69 20 238 306
73 21 238 1370
73 22 238 310
74 23 238 559
78 24 238 1413
79 26 238 181
79 25 238 512
81 27 238 1125
83 28 238 1030
83 29 238 471
90 30 238 1725
99 31 238 1809
102 32 238 1310
104 34 238 141
104 33 238 1126
105 35 238 522
117 36 238 1874
120 37 238 1305
120 38 238 485
125 39 238 1575
134 40 238 1812
134 41 238 299
134 42 238 340
134 43 238 293
135 44 238 629
143 46 238 424
143 45 238 1793
150 47 238 1743
153 48 238 1204
153 49 238 421
153 50 238 409
153 51 238 100
156 52 238 1328
157 53 238 829
157 54 238 411
162 55 238 1585
173 56 238 1865
173 57 238 473
179 58 238 1671
181 59 238 871
184 60 238 1225
188 61 238 1357
189 62 238 668
190 63 238 831
191 64 238 802
193 65 238 1090
196 66 238 1185
206 67 238 1841
207 68 238 805
211 69 238 1475
217 70 238 1616
217 71 238 131
221 72 238 1425
221 73 238 226
222 75 238 7
222 74 238 836
224 76 238 1029
224 77 238 17
235 78 238 1855
240 79 238 1544
240 80 238 87
240 81 238 363
250 82 238 1846
251 84 238 61
251 83 238 609
257 85 238 1625
257 86 238 481
257 87 238 480
258 88 238 715
258 89 238 480
259 90 238 582
263 91 238 1401
268 92 238 1558
273 95 238 454
273 93 238 1539
273 94 238 349
278 96 238 1555
282 97 238 1433
286 98 238 1415
290 99 238 1463
291 100 238 607
292 101 238 507
294 102 238 938
300 103 238 1653
301 104 238 729
301 105 238 278
302 106 238 599
304 107 238 1102
322 108 238 1918
322 109 238 403
323 110 238 555
333 111 238 1848
334 113 238 127
334 112 238 543
335 114 238 783
336 115 238 862
340 116 238 1436
340 117 238 59
341 118 238 769
343 119 238 1102
344 120 238 609
345 121 238 705
347 123 238 325
347 122 238 1126
349 124 238 893
349 125 238 215
349 126 238 497
358 127 238 1811
367 128 238 1801
367 129 238 381
367 130 238 376
372 131 238 1520
373 132 238 526
373 133 238 391
375 134 238 936
380 135 238 1504
384 136 238 1349
384 137 238 192
393 138 238 1804
400 139 238 1708
402 140 238 1025
405 141 238 1304
405 142 238 487
405 143 238 311
415 144 238 1849
416 145 238 659
417 146 238 857
421 147 238 1431
422 148 238 755
426 149 238 1412
428 150 238 943
433 151 238 1496
434 153 238 313
434 152 238 664
435 154 238 854
444 155 238 1827
447 156 238 1306
448 157 238 613
449 158 238 760
450 159 238 514
457 160 238 1705
458 161 238 713
461 162 238 1225
466 163 238 1536
466 164 238 27
468 165 238 960
471 166 238 1321
471 167 238 151
473 168 238 1115
476 169 238 1204
480 170 238 1437
483 171 238 1244
483 172 238 180
485 173 238 985
485 174 238 76
488 175 238 1229
488 176 238 218
489 178 238 400
489 179 238 234
489 177 238 815
492 180 238 1282
494 181 238 991
496 182 238 1056
496 183 238 388
500 184 238 1363
501 185 238 805
502 187 238 213
502 186 238 856
506 188 238 1462
508 190 238 198
508 189 238 1034
509 191 238 736
513 192 238 1356
516 193 238 1289
516 194 238 2
516 195 238 312
516 196 238 78
518 197 238 875
518 198 238 283
520 199 238 889
523 200 238 1262
524 201 238 706
524 202 238 315
528 203 238 1475
542 204 238 1900
548 205 238 1623
551 206 238 1316
556 207 238 1603
556 208 238 237
561 209 238 1549
567 210 238 1609
567 211 238 491
567 212 238 212
568 213 238 526
571 214 238 1157
572 215 238 714
577 216 238 1581
578 218 238 173
578 217 238 837
581 219 238 1146
581 220 238 103
583 221 238 1108
584 222 238 614
584 223 238 81
586 224 238 1006
587 225 238 700
596 226 238 1813
597 227 238 815
599 228 238 983
605 229 238 1688
608 230 238 1151
611 231 238 1268
612 232 238 531
616 233 238 1436
618 234 238 896
619 235 238 575
620 236 238 675
625 238 238 412
625 237 238 1505
631 239 238 1664
635 240 238 1414
638 241 238 1178
652 242 238 1901
662 243 238 1837
666 244 238 1350
672 245 238 1631
673 246 238 524
674 248 238 132
674 247 238 830
677 249 238 1213
678 250 238 655
681 251 238 1166
682 252 238 701
684 253 238 1062
685 257 238 234
685 254 238 785
685 255 238 154
685 256 238 91
685 258 238 469
688 259 238 1199
695 260 238 1735
696 261 238 500
697 264 238 398
697 265 238 340
697 262 238 620
697 263 238 473
709 266 238 1885
710 267 238 700
715 268 238 1554
716 269 238 581
716 270 238 38
716 271 238 76
716 272 238 424
716 273 238 434
722 274 238 1657
723 275 238 850
725 276 238 1132
726 277 238 701
727 278 238 656
730 279 238 1299
730 280 238 176
732 281 238 982
733 282 238 682
740 283 238 1694
742 284 238 1033
758 285 238 1910
759 286 238 566
763 287 238 1393
764 288 238 650
765 289 238 742
765 290 238 483
765 291 238 441
767 292 238 1035
769 293 238 1138
779 294 238 1853
781 295 238 913
782 296 238 557
786 297 238 1428
790 298 238 1439
792 299 238 1009
798 300 238 1671
805 301 238 1748
808 302 238 1200
812 303 238 1476
815 304 238 1175
816 305 238 579
817 306 238 741
