4 0 1294 1474
9 1 1294 1603
13 2 1294 1470
14 3 1294 684
14 4 1294 293
15 5 1294 775
19 6 1294 1459
19 7 1294 297
20 8 1294 641
22 9 1294 991
24 10 1294 994
28 11 1294 1366
28 12 1294 264
30 13 1294 1069
30 14 1294 272
32 15 1294 1135
35 17 1294 323
35 18 1294 251
35 16 1294 1224
37 19 1294 1060
42 20 1294 1523
43 21 1294 712
44 22 1294 649
50 23 1294 1672
53 24 1294 1340
55 25 1294 908
71 27 1294 47
71 26 1294 1909
85 28 1294 1901
92 29 1294 1738
92 30 1294 153
99 31 1294 1713
99 32 1294 240
104 33 1294 1547
106 34 1294 929
106 35 1294 309
107 36 1294 591
110 39 1294 373
110 37 1294 1296
110 38 1294 253
111 40 1294 709
117 41 1294 1667
125 42 1294 1751
125 43 1294 106
125 44 1294 344
129 45 1294 1394
129 46 1294 52
130 47 1294 760
131 48 1294 783
141 49 1294 1829
141 50 1294 366
161 51 1294 1920
182 52 1294 1921
183 53 1294 536
186 54 1294 1191
187 55 1294 762
189 56 1294 954
196 57 1294 1722
199 58 1294 1269
202 59 1294 1310
203 60 1294 790
207 61 1294 1411
207 62 1294 321
208 63 1294 827
209 64 1294 837
212 65 1294 1205
214 66 1294 1126
215 67 1294 641
215 68 1294 140
228 69 1294 1887
229 70 1294 544
239 71 1294 1852
239 72 1294 69
248 74 1294 351
248 73 1294 1803
256 75 1294 1780
258 76 1294 885
259 77 1294 542
262 78 1294 1327
273 79 1294 1870
274 80 1294 856
277 81 1294 1149
280 82 1294 1189
280 83 1294 71
284 85 1294 158
284 84 1294 1372
291 86 1294 1717
297 87 1294 1629
297 88 1294 356
297 89 1294 166
300 90 1294 1280
301 92 1294 27
301 91 1294 793
303 93 1294 868
308 94 1294 1507
311 95 1294 1222
315 96 1294 1346
317 97 1294 924
320 98 1294 1194
322 99 1294 1064
322 100 1294 268
325 101 1294 1335
326 102 1294 619
327 103 1294 821
330 104 1294 1285
330 105 1294 438
340 106 1294 1850
340 107 1294 118
340 108 1294 184
343 109 1294 1335
352 110 1294 1802
352 111 1294 411
352 112 1294 394
355 114 1294 454
355 113 1294 1323
360 115 1294 1566
360 116 1294 222
360 117 1294 249
364 118 1294 1380
365 119 1294 679
369 120 1294 1412
373 121 1294 1421
373 122 1294 285
387 123 1294 1899
388 124 1294 607
394 125 1294 1675
403 126 1294 1825
405 127 1294 1125
405 128 1294 295
407 129 1294 1053
407 130 1294 434
419 131 1294 1885
422 133 1294 263
422 132 1294 1273
427 134 1294 1602
431 135 1294 1445
432 136 1294 529
432 137 1294 367
433 138 1294 711
435 139 1294 933
435 140 1294 232
440 141 1294 1598
444 142 1294 1444
446 143 1294 946
446 144 1294 289
447 145 1294 868
447 146 1294 399
448 147 1294 629
448 148 1294 414
459 149 1294 1865
461 150 1294 999
463 151 1294 1096
467 152 1294 1469
468 153 1294 514
473 154 1294 1576
474 155 1294 772
476 156 1294 1049
477 157 1294 645
477 158 1294 214
482 159 1294 1534
483 160 1294 538
484 161 1294 724
491 162 1294 1747
493 163 1294 1056
495 164 1294 900
505 165 1294 1841
507 166 1294 1063
507 167 1294 131
513 168 1294 1645
515 169 1294 933
517 170 1294 1036
525 171 1294 1780
529 174 1294 446
529 172 1294 1462
529 173 1294 446
536 175 1294 1739
550 176 1294 1901
553 177 1294 1264
559 178 1294 1609
565 179 1294 1663
568 180 1294 1275
571 181 1294 1196
572 182 1294 711
572 183 1294 355
572 184 1294 54
575 185 1294 1263
575 186 1294 416
576 187 1294 758
577 188 1294 611
578 190 1294 395
578 189 1294 830
587 192 1294 153
587 191 1294 1809
589 193 1294 1102
589 194 1294 395
593 195 1294 1433
601 196 1294 1775
601 197 1294 388
601 198 1294 45
601 199 1294 372
608 201 1294 268
608 200 1294 1729
610 202 1294 908
614 203 1294 1405
615 204 1294 828
618 205 1294 1144
623 206 1294 1558
625 207 1294 1022
625 208 1294 67
633 209 1294 1762
634 210 1294 795
641 211 1294 1710
643 212 1294 960
643 213 1294 475
643 214 1294 258
646 215 1294 1266
646 216 1294 13
650 217 1294 1392
652 218 1294 1001
657 219 1294 1561
661 221 1294 305
661 220 1294 1425
665 222 1294 1445
666 223 1294 815
667 224 1294 538
670 225 1294 1152
676 226 1294 1626
676 227 1294 360
676 228 1294 51
678 229 1294 938
691 230 1294 1888
696 231 1294 1512
699 232 1294 1219
702 233 1294 1236
713 234 1294 1858
715 235 1294 1007
715 236 1294 288
718 237 1294 1230
722 238 1294 1451
723 239 1294 834
729 240 1294 1629
732 241 1294 1318
733 242 1294 690
734 243 1294 773
734 244 1294 34
735 245 1294 610
736 246 1294 849
741 247 1294 1603
742 248 1294 843
744 249 1294 1053
748 250 1294 1419
748 251 1294 382
751 252 1294 1312
751 253 1294 408
753 254 1294 872
757 255 1294 1424
758 256 1294 748
758 257 1294 92
759 258 1294 867
764 259 1294 1601
768 260 1294 1443
771 261 1294 1198
773 262 1294 970
775 263 1294 1054
784 264 1294 1798
787 265 1294 1208
787 266 1294 491
793 267 1294 1648
794 268 1294 541
797 269 1294 1176
799 270 1294 978
800 271 1294 708
811 272 1294 1866
811 273 1294 167
822 274 1294 1857
822 275 1294 106
827 276 1294 1539
828 277 1294 671
829 278 1294 781
839 281 1294 22
839 279 1294 1853
839 280 1294 303
843 282 1294 1441
845 283 1294 923
849 284 1294 1444
854 285 1294 1506
854 286 1294 200
855 291 1294 196
855 292 1294 362
855 290 1294 258
855 287 1294 810
855 288 1294 364
855 289 1294 434
863 293 1294 1774
866 294 1294 1316
866 295 1294 431
866 296 1294 348
871 297 1294 1561
873 298 1294 899
874 299 1294 750
874 300 1294 119
876 301 1294 1125
878 302 1294 1061
883 303 1294 1592
883 304 1294 75
884 305 1294 711
884 306 1294 441
