5 0 213 1513
5 1 213 469
5 2 213 29
15 3 213 1836
17 4 213 968
19 5 213 1091
20 6 213 657
24 7 213 1445
24 8 213 52
26 10 213 80
26 9 213 1060
27 11 213 772
35 12 213 1772
43 13 213 1755
44 14 213 847
44 15 213 193
54 16 213 1844
57 17 213 1218
62 19 213 335
62 18 213 1586
67 20 213 1530
69 21 213 1107
81 22 213 1884
81 23 213 80
81 24 213 172
81 25 213 188
81 26 213 63
81 27 213 491
96 28 213 1906
97 29 213 822
97 30 213 193
98 31 213 759
99 32 213 606
102 33 213 1212
108 34 213 1611
115 35 213 1715
116 36 213 697
118 37 213 1003
125 38 213 1722
127 39 213 1019
127 40 213 118
129 41 213 933
131 42 213 1057
132 43 213 626
132 44 213 389
132 45 213 465
135 46 213 1315
138 47 213 1316
138 48 213 10
146 49 213 1750
146 50 213 290
153 51 213 1727
153 52 213 5
155 53 213 1040
158 54 213 1146
158 55 213 405
159 56 213 509
171 57 213 1874
177 58 213 1663
178 59 213 779
180 60 213 1028
180 61 213 166
184 62 213 1463
187 63 213 1155
188 64 213 866
191 66 213 165
191 65 213 1246
192 67 213 560
192 68 213 143
194 69 213 1056
198 70 213 1421
199 71 213 841
203 72 213 1421
204 73 213 567
204 74 213 217
205 76 213 50
205 75 213 596
208 77 213 1257
214 78 213 1615
220 79 213 1632
221 80 213 797
222 81 213 671
222 82 213 480
222 83 213 155
223 85 213 391
223 84 213 531
224 86 213 753
228 87 213 1491
228 88 213 65
231 89 213 1206
234 90 213 1205
235 91 213 748
238 92 213 1264
240 93 213 942
258 94 213 1916
270 95 213 1877
274 96 213 1394
283 97 213 1827
289 98 213 1684
291 99 213 1068
291 100 213 300
292 101 213 755
295 102 213 1173
297 103 213 878
297 104 213 329
301 106 213 306
301 105 213 1374
305 107 213 1363
306 108 213 823
307 109 213 549
307 110 213 355
310 111 213 1177
310 113 213 31
310 112 213 259
325 115 213 356
325 114 213 1907
331 116 213 1610
334 117 213 1308
335 118 213 623
335 119 213 475
335 120 213 492
336 121 213 599
336 122 213 494
337 123 213 862
345 124 213 1776
346 125 213 672
351 126 213 1502
351 127 213 478
352 128 213 575
352 129 213 265
354 130 213 1127
354 131 213 147
359 132 213 1497
360 133 213 546
363 134 213 1331
363 135 213 42
367 136 213 1423
372 137 213 1526
380 138 213 1751
382 139 213 1082
382 140 213 84
385 141 213 1315
386 142 213 668
390 143 213 1440
391 144 213 850
391 145 213 28
391 146 213 489
394 147 213 1232
396 148 213 960
401 150 213 266
401 151 213 86
401 149 213 1559
404 152 213 1203
407 153 213 1209
408 154 213 576
414 155 213 1625
414 156 213 260
414 157 213 310
416 158 213 1027
421 159 213 1581
430 160 213 1796
438 161 213 1752
439 162 213 787
440 163 213 557
444 164 213 1347
444 165 213 207
449 166 213 1604
455 167 213 1637
456 168 213 624
467 169 213 1864
468 170 213 858
468 171 213 83
472 172 213 1481
476 173 213 1465
476 174 213 390
478 175 213 1102
489 176 213 1856
491 177 213 979
491 178 213 11
498 180 213 183
498 181 213 269
498 179 213 1747
502 182 213 1443
504 183 213 940
528 184 213 1923
530 185 213 1040
532 186 213 869
532 187 213 288
545 188 213 1895
551 189 213 1631
558 190 213 1707
560 191 213 1112
561 192 213 499
561 193 213 169
564 194 213 1210
564 195 213 257
565 196 213 527
565 197 213 110
565 198 213 92
566 200 213 349
566 199 213 642
567 201 213 776
568 202 213 607
570 203 213 1021
571 204 213 701
571 205 213 182
572 206 213 530
578 207 213 1662
579 208 213 818
583 209 213 1398
590 210 213 1694
593 211 213 1206
593 212 213 299
596 213 213 1204
600 214 213 1397
605 215 213 1527
605 216 213 309
613 217 213 1771
614 218 213 559
614 219 213 307
617 220 213 1263
620 221 213 1315
626 222 213 1666
628 223 213 918
628 224 213 156
634 225 213 1670
639 226 213 1509
642 227 213 1312
642 228 213 255
642 229 213 133
643 230 213 574
650 231 213 1746
652 232 213 886
655 233 213 1294
659 234 213 1398
662 235 213 1332
667 236 213 1586
667 237 213 422
667 238 213 239
674 239 213 1740
675 240 213 510
677 241 213 1131
681 242 213 1394
681 243 213 496
692 244 213 1861
693 245 213 501
694 246 213 813
697 247 213 1219
698 248 213 696
704 249 213 1608
716 250 213 1873
717 251 213 681
721 252 213 1476
728 253 213 1710
731 254 213 1304
733 255 213 958
735 256 213 1034
741 257 213 1613
742 258 213 864
744 259 213 955
745 260 213 598
748 261 213 1142
752 262 213 1407
753 263 213 684
754 264 213 823
766 265 213 1873
766 266 213 319
768 267 213 930
775 269 213 65
775 268 213 1731
786 270 213 1865
795 271 213 1811
800 272 213 1532
801 273 213 743
808 274 213 1722
808 275 213 132
818 276 213 1845
821 277 213 1169
823 278 213 981
828 279 213 1580
829 280 213 857
829 281 213 290
830 282 213 615
831 283 213 572
831 284 213 185
840 285 213 1818
840 286 213 270
842 287 213 1100
859 290 213 297
859 288 213 1914
859 289 213 439
873 291 213 1897
877 292 213 1483
880 293 213 1208
882 294 213 1142
885 295 213 1292
891 296 213 1648
892 297 213 710
897 298 213 1598
914 299 213 1913
914 300 213 181
923 301 213 1808
927 302 213 1412
928 303 213 631
934 305 213 61
934 304 213 1667
936 306 213 1073
