3 0 926 1200
18 1 926 1908
22 2 926 1438
22 3 926 445
23 4 926 654
28 5 926 1566
28 6 926 326
28 7 926 373
35 8 926 1740
36 9 926 535
44 10 926 1768
44 11 926 349
44 12 926 135
45 13 926 603
45 14 926 351
48 15 926 1196
48 16 926 331
56 18 926 300
56 17 926 1754
59 19 926 1195
60 20 926 736
60 21 926 84
61 22 926 818
61 23 926 201
62 24 926 796
66 25 926 1470
67 26 926 755
71 27 926 1412
73 28 926 1097
75 29 926 1120
79 30 926 1347
84 31 926 1535
84 32 926 493
90 33 926 1682
92 34 926 1075
94 35 926 912
96 36 926 978
98 37 926 971
107 38 926 1797
107 39 926 229
107 40 926 446
108 41 926 687
108 42 926 33
111 43 926 1218
117 44 926 1680
118 46 926 184
118 45 926 519
122 47 926 1357
125 48 926 1331
125 49 926 122
128 50 926 1196
128 51 926 248
130 52 926 953
140 53 926 1844
146 54 926 1665
148 55 926 1116
150 56 926 1089
153 57 926 1236
158 58 926 1574
160 59 926 1108
161 60 926 811
162 61 926 838
165 62 926 1201
166 63 926 619
168 65 926 232
168 64 926 1113
176 66 926 1780
176 67 926 378
180 68 926 1453
184 69 926 1364
184 70 926 217
187 71 926 1284
199 73 926 71
199 72 926 1882
200 76 926 50
200 75 926 49
200 74 926 749
205 77 926 1525
205 78 926 446
205 79 926 276
208 80 926 1286
211 81 926 1323
211 82 926 81
213 83 926 974
223 84 926 1849
225 85 926 1098
226 86 926 582
227 87 926 574
227 88 926 17
239 89 926 1883
246 90 926 1747
252 91 926 1667
255 92 926 1321
256 93 926 688
259 94 926 1342
264 95 926 1533
268 96 926 1410
271 97 926 1338
271 98 926 105
275 99 926 1447
276 100 926 664
283 101 926 1730
292 102 926 1828
305 103 926 1892
315 104 926 1830
325 105 926 1836
325 106 926 291
327 107 926 882
329 108 926 1095
335 109 926 1616
337 110 926 1065
341 111 926 1489
342 112 926 790
345 113 926 1298
352 114 926 1747
356 115 926 1413
357 116 926 756
357 117 926 226
358 118 926 695
358 119 926 14
363 120 926 1575
366 122 926 361
366 121 926 1206
370 123 926 1495
375 124 926 1541
375 125 926 475
388 126 926 1887
391 127 926 1194
392 128 926 653
394 129 926 1141
395 130 926 563
396 131 926 637
400 132 926 1420
402 133 926 923
407 134 926 1537
411 135 926 1480
415 136 926 1419
415 137 926 114
417 138 926 1069
417 139 926 12
418 140 926 807
424 141 926 1625
428 143 926 325
428 142 926 1403
429 144 926 818
429 145 926 257
431 146 926 877
431 147 926 23
432 148 926 865
443 149 926 1854
444 150 926 776
447 151 926 1184
448 153 926 90
448 152 926 642
457 154 926 1796
461 155 926 1382
465 156 926 1369
465 157 926 333
465 158 926 350
469 159 926 1355
481 160 926 1873
483 162 926 228
483 161 926 1021
495 163 926 1879
497 164 926 1052
497 165 926 427
497 166 926 69
505 167 926 1791
511 168 926 1686
511 169 926 266
530 170 926 1918
531 171 926 642
533 172 926 1082
534 173 926 683
536 174 926 1131
548 175 926 1875
555 176 926 1727
555 177 926 35
556 178 926 676
559 179 926 1283
564 180 926 1522
575 182 926 328
575 181 926 1864
576 183 926 724
576 184 926 364
579 185 926 1304
599 186 926 1920
602 187 926 1329
604 188 926 1052
604 189 926 154
604 190 926 111
606 191 926 1085
612 192 926 1689
618 193 926 1639
618 194 926 63
625 195 926 1710
629 196 926 1396
633 197 926 1449
636 199 926 390
636 200 926 188
636 198 926 1198
638 201 926 1010
638 202 926 262
639 203 926 599
650 204 926 1860
650 205 926 134
650 206 926 101
662 207 926 1884
664 208 926 884
674 209 926 1846
679 210 926 1579
682 211 926 1333
687 212 926 1581
689 213 926 991
697 214 926 1757
697 215 926 9
698 216 926 693
702 217 926 1429
707 218 926 1514
713 220 926 432
713 219 926 1673
714 221 926 664
715 222 926 739
720 223 926 1532
720 224 926 155
721 225 926 832
723 226 926 878
727 227 926 1368
728 228 926 619
732 231 926 278
732 229 926 1345
732 230 926 478
733 232 926 762
733 233 926 286
735 234 926 1095
736 235 926 511
741 236 926 1602
747 237 926 1654
748 239 926 230
748 238 926 788
751 240 926 1202
751 241 926 36
751 242 926 445
753 243 926 1130
754 244 926 499
755 245 926 702
759 246 926 1429
760 247 926 697
769 249 926 54
769 248 926 1806
771 250 926 1017
784 251 926 1892
795 252 926 1859
799 253 926 1449
811 254 926 1883
815 255 926 1448
815 256 926 271
816 258 926 443
816 257 926 654
818 259 926 1027
821 260 926 1181
822 261 926 657
825 262 926 1264
829 263 926 1463
833 264 926 1368
836 265 926 1300
837 266 926 571
840 267 926 1295
849 268 926 1821
852 269 926 1245
852 270 926 331
854 271 926 964
855 272 926 640
858 273 926 1284
858 274 926 470
858 275 926 395
858 276 926 219
863 277 926 1534
865 278 926 1032
869 279 926 1378
872 280 926 1328
872 281 926 180
876 282 926 1486
877 284 926 328
877 283 926 564
878 285 926 510
878 286 926 344
881 287 926 1238
881 288 926 328
886 289 926 1571
886 290 926 240
888 291 926 947
891 292 926 1210
897 293 926 1686
899 294 926 974
900 295 926 544
901 296 926 696
903 297 926 907
909 298 926 1686
911 300 926 130
911 299 926 1123
911 301 926 134
912 302 926 800
913 303 926 561
919 305 926 52
919 304 926 1647
922 306 926 1252
