2 0 197 1137
2 1 197 284
3 2 197 667
4 3 197 649
6 4 197 975
8 5 197 916
10 11 197 382
10 10 197 390
10 9 197 230
10 7 197 382
10 6 197 869
10 8 197 369
13 12 197 1173
18 13 197 1509
22 14 197 1426
26 15 197 1425
34 16 197 1784
35 17 197 794
49 19 197 328
49 18 197 1896
52 20 197 1301
63 21 197 1867
67 22 197 1424
67 23 197 408
67 24 197 99
67 25 197 306
68 26 197 731
68 27 197 91
69 28 197 823
71 29 197 887
74 30 197 1263
74 31 197 440
80 32 197 1634
86 33 197 1641
86 34 197 24
88 35 197 1054
91 36 197 1316
92 37 197 759
94 38 197 1127
102 39 197 1785
103 40 197 505
109 41 197 1679
114 42 197 1564
119 43 197 1573
125 44 197 1652
134 46 197 262
134 47 197 381
134 45 197 1813
146 48 197 1880
151 49 197 1563
153 50 197 1057
161 51 197 1782
163 52 197 911
163 53 197 432
164 54 197 748
167 55 197 1195
168 57 197 259
168 56 197 785
169 58 197 550
170 59 197 669
170 60 197 184
171 61 197 778
175 62 197 1483
179 63 197 1407
181 64 197 892
193 65 197 1875
194 66 197 673
198 67 197 1457
202 68 197 1484
202 69 197 372
202 70 197 109
204 71 197 1024
209 72 197 1592
209 73 197 110
216 74 197 1748
221 76 197 302
221 75 197 1547
229 77 197 1775
230 78 197 681
230 79 197 210
230 80 197 43
230 81 197 349
230 82 197 135
233 83 197 1185
241 84 197 1754
245 85 197 1405
249 86 197 1454
252 87 197 1201
254 88 197 892
255 89 197 754
255 90 197 268
257 91 197 1056
257 92 197 209
257 93 197 458
262 94 197 1601
268 95 197 1652
268 96 197 195
268 97 197 157
269 98 197 681
276 99 197 1701
278 100 197 1140
279 101 197 729
280 102 197 822
285 103 197 1508
289 106 197 189
289 104 197 1454
289 105 197 32
290 107 197 800
291 108 197 609
293 109 197 1125
295 110 197 892
297 111 197 934
302 112 197 1503
302 113 197 339
303 114 197 625
311 115 197 1759
312 116 197 642
312 117 197 298
317 118 197 1577
321 119 197 1411
321 120 197 421
325 121 197 1396
326 122 197 564
327 124 197 103
327 123 197 730
329 125 197 978
330 126 197 815
332 127 197 1133
332 128 197 434
332 129 197 95
336 130 197 1351
336 131 197 145
338 132 197 1093
340 133 197 904
342 134 197 995
345 135 197 1238
349 136 197 1452
350 137 197 551
356 138 197 1656
363 139 197 1722
366 140 197 1216
367 141 197 653
368 142 197 591
375 143 197 1692
383 144 197 1786
386 145 197 1258
390 146 197 1477
398 147 197 1795
406 148 197 1757
414 149 197 1766
416 150 197 1009
425 151 197 1821
426 152 197 505
429 153 197 1195
432 154 197 1279
438 155 197 1669
438 156 197 165
438 157 197 92
442 158 197 1405
442 159 197 475
444 160 197 1142
446 162 197 366
446 161 197 981
447 163 197 514
454 164 197 1699
455 165 197 747
463 166 197 1765
464 167 197 599
467 168 197 1268
470 170 197 307
470 169 197 1312
470 171 197 91
471 172 197 567
479 173 197 1780
479 174 197 195
486 175 197 1693
487 176 197 804
488 177 197 797
490 178 197 869
491 179 197 769
495 180 197 1425
497 181 197 945
500 182 197 1301
501 183 197 592
503 184 197 1011
507 185 197 1454
512 186 197 1565
521 187 197 1823
526 188 197 1549
529 189 197 1251
531 190 197 1073
535 191 197 1360
537 192 197 1071
540 193 197 1180
541 194 197 580
541 195 197 234
541 196 197 286
541 197 197 77
559 198 197 1917
561 199 197 1038
565 200 197 1417
567 201 197 878
568 202 197 526
568 203 197 445
572 204 197 1459
574 205 197 918
577 206 197 1254
578 207 197 649
580 208 197 1000
585 209 197 1511
586 210 197 864
589 211 197 1292
592 212 197 1147
593 213 197 635
595 214 197 975
595 215 197 197
600 216 197 1604
607 217 197 1698
611 218 197 1428
611 219 197 245
613 220 197 1107
624 221 197 1867
626 222 197 974
626 223 197 17
626 224 197 238
628 225 197 871
630 226 197 944
633 227 197 1312
636 228 197 1200
648 229 197 1885
652 230 197 1406
653 231 197 726
654 232 197 805
662 233 197 1755
665 234 197 1276
666 235 197 547
666 236 197 418
667 237 197 855
669 238 197 1058
669 239 197 92
669 240 197 200
671 241 197 915
672 242 197 823
672 243 197 38
672 244 197 386
679 248 197 205
679 247 197 436
679 249 197 382
679 245 197 1705
679 246 197 212
680 250 197 555
681 251 197 512
682 252 197 574
688 253 197 1672
699 254 197 1856
703 255 197 1475
712 256 197 1828
713 258 197 206
713 257 197 508
714 259 197 587
728 260 197 1898
739 261 197 1866
743 262 197 1374
745 263 197 1040
745 264 197 104
745 265 197 137
745 266 197 487
748 267 197 1317
751 269 197 428
751 268 197 1283
758 270 197 1703
759 271 197 748
760 272 197 639
763 273 197 1335
763 274 197 44
763 275 197 192
765 276 197 1043
767 277 197 936
772 279 197 457
772 278 197 1555
773 280 197 659
774 281 197 508
776 282 197 1107
777 283 197 817
780 284 197 1329
782 285 197 893
782 286 197 152
784 287 197 1057
793 288 197 1824
800 289 197 1725
801 290 197 643
811 291 197 1835
812 292 197 648
812 293 197 471
812 294 197 118
812 295 197 258
816 296 197 1465
823 297 197 1708
834 298 197 1858
834 299 197 248
837 300 197 1218
838 301 197 820
840 302 197 1077
847 303 197 1702
848 304 197 604
855 305 197 1731
864 306 197 1798
