0 0 747 140
3 1 747 1259
8 2 747 1559
11 3 747 1165
11 4 747 493
11 5 747 163
12 6 747 610
12 7 747 171
14 8 747 942
21 9 747 1725
22 10 747 832
29 11 747 1741
30 12 747 530
32 13 747 1043
39 14 747 1718
40 15 747 805
41 16 747 507
42 17 747 638
43 18 747 842
46 19 747 1182
49 20 747 1313
60 21 747 1862
64 22 747 1448
67 23 747 1327
67 24 747 441
73 25 747 1657
77 26 747 1418
78 27 747 567
79 28 747 788
81 29 747 881
81 30 747 317
81 31 747 452
88 32 747 1720
94 33 747 1681
94 34 747 391
102 35 747 1762
102 36 747 252
108 37 747 1629
110 38 747 874
111 39 747 534
114 40 747 1210
117 41 747 1190
120 42 747 1186
120 43 747 13
123 44 747 1145
123 45 747 231
133 47 747 155
133 46 747 1840
136 48 747 1192
139 49 747 1183
147 50 747 1757
148 51 747 630
150 52 747 1134
155 53 747 1578
168 55 747 202
168 54 747 1891
175 57 747 232
175 56 747 1735
176 58 747 724
177 59 747 760
178 60 747 669
178 61 747 43
181 62 747 1308
181 63 747 61
185 65 747 380
185 66 747 21
185 64 747 1407
186 67 747 773
187 68 747 651
199 69 747 1880
200 70 747 553
201 71 747 802
208 72 747 1689
208 73 747 308
222 74 747 1896
222 75 747 122
223 76 747 676
227 77 747 1435
227 78 747 181
227 79 747 210
234 80 747 1742
237 81 747 1262
240 82 747 1299
245 83 747 1529
247 84 747 1048
253 85 747 1612
256 86 747 1242
256 87 747 141
263 88 747 1715
263 89 747 188
263 90 747 26
263 91 747 19
265 92 747 905
265 93 747 113
273 94 747 1789
276 95 747 1167
285 96 747 1806
287 97 747 1125
288 98 747 530
289 99 747 764
289 100 747 210
291 101 747 1066
295 102 747 1429
298 103 747 1236
299 104 747 630
301 105 747 955
302 106 747 866
303 107 747 826
309 108 747 1607
317 109 747 1768
321 110 747 1451
321 111 747 300
321 112 747 50
322 113 747 513
324 114 747 943
327 115 747 1332
328 116 747 668
335 117 747 1704
337 118 747 937
344 119 747 1720
346 120 747 1063
355 121 747 1804
357 123 747 462
357 122 747 983
368 124 747 1854
369 125 747 533
378 126 747 1821
383 127 747 1576
383 128 747 443
384 129 747 729
384 130 747 241
388 131 747 1475
390 132 747 904
393 133 747 1341
424 134 747 1924
425 135 747 675
433 136 747 1758
433 137 747 63
435 138 747 898
435 139 747 93
436 140 747 745
436 141 747 416
436 142 747 459
447 143 747 1871
448 144 747 662
454 145 747 1651
467 146 747 1893
467 147 747 392
469 148 747 1094
469 149 747 457
470 150 747 499
470 151 747 102
470 152 747 188
471 153 747 734
477 154 747 1626
477 155 747 331
477 156 747 83
479 157 747 966
482 158 747 1307
482 159 747 97
484 160 747 1059
487 162 747 383
487 161 747 1215
489 163 747 877
494 164 747 1527
508 165 747 1900
511 166 747 1321
512 167 747 634
513 168 747 513
513 169 747 268
518 170 747 1498
519 171 747 605
520 172 747 805
521 173 747 844
523 174 747 975
524 175 747 646
527 176 747 1344
529 177 747 1037
536 178 747 1725
536 179 747 202
537 180 747 564
541 182 747 481
541 181 747 1428
557 183 747 1910
557 184 747 229
557 185 747 139
560 186 747 1287
560 187 747 169
566 188 747 1639
571 189 747 1593
572 190 747 592
573 191 747 792
574 192 747 680
575 193 747 801
577 194 747 958
581 195 747 1455
581 196 747 33
586 197 747 1506
586 198 747 343
587 200 747 329
587 199 747 687
590 201 747 1259
599 202 747 1803
600 203 747 825
602 204 747 883
611 205 747 1819
614 206 747 1222
617 207 747 1268
623 208 747 1684
625 209 747 979
627 210 747 911
629 211 747 970
632 212 747 1166
634 213 747 1104
638 214 747 1457
643 215 747 1555
644 216 747 733
644 217 747 397
645 218 747 648
649 219 747 1388
650 220 747 613
653 221 747 1151
655 222 747 919
656 223 747 845
661 224 747 1601
662 225 747 706
672 226 747 1849
672 227 747 3
681 228 747 1810
685 229 747 1444
686 230 747 613
694 231 747 1762
695 232 747 693
697 233 747 1037
706 234 747 1798
709 235 747 1229
714 236 747 1550
719 237 747 1581
721 239 747 335
721 238 747 1026
722 240 747 841
722 241 747 18
722 242 747 410
723 243 747 660
724 244 747 682
729 245 747 1546
734 246 747 1550
739 247 747 1500
742 248 747 1269
745 249 747 1327
746 250 747 721
751 251 747 1560
752 252 747 858
754 253 747 880
754 254 747 73
756 255 747 1103
756 256 747 340
758 257 747 958
761 259 747 176
761 258 747 1149
774 260 747 1894
777 261 747 1218
781 262 747 1382
781 263 747 239
781 264 747 365
783 267 747 128
783 265 747 1073
783 266 747 276
786 270 747 5
786 268 747 1231
786 269 747 228
788 271 747 1077
791 272 747 1296
791 273 747 312
792 274 747 546
793 275 747 594
794 279 747 54
794 278 747 162
794 276 747 740
794 277 747 258
796 280 747 1080
796 281 747 348
797 282 747 659
797 283 747 483
798 284 747 722
800 285 747 978
802 286 747 904
809 287 747 1738
811 288 747 964
812 289 747 694
814 290 747 888
815 291 747 592
815 292 747 431
816 293 747 849
816 294 747 366
821 295 747 1548
822 296 747 560
822 297 747 170
822 298 747 294
827 299 747 1533
830 300 747 1269
834 301 747 1422
834 302 747 269
836 303 747 1040
839 304 747 1322
844 305 747 1569
844 306 747 264
