6 0 1154 1613
6 1 1154 226
6 2 1154 294
6 3 1154 229
9 4 1154 1199
15 5 1154 1669
25 6 1154 1831
31 7 1154 1623
37 9 1154 133
37 8 1154 1635
45 10 1154 1757
48 11 1154 1342
53 12 1154 1504
53 13 1154 480
60 14 1154 1710
61 15 1154 509
61 16 1154 108
62 17 1154 749
71 18 1154 1829
72 19 1154 589
72 20 1154 58
79 21 1154 1738
80 22 1154 515
85 23 1154 1560
85 24 1154 240
111 25 1154 1924
111 26 1154 84
118 27 1154 1730
132 28 1154 1902
136 29 1154 1459
144 30 1154 1775
145 31 1154 508
158 32 1154 1886
168 33 1154 1849
172 34 1154 1354
177 35 1154 1597
182 36 1154 1524
182 37 1154 484
183 38 1154 601
185 39 1154 1021
185 40 1154 161
185 41 1154 342
204 42 1154 1919
204 43 1154 355
204 44 1154 428
213 46 1154 381
213 47 1154 478
213 45 1154 1802
214 48 1154 685
215 49 1154 692
216 50 1154 552
221 51 1154 1498
221 52 1154 77
221 53 1154 497
222 54 1154 838
231 55 1154 1800
237 56 1154 1635
238 57 1154 658
255 58 1154 1914
258 59 1154 1199
263 60 1154 1584
263 61 1154 101
269 62 1154 1646
269 63 1154 176
269 64 1154 283
272 65 1154 1248
276 66 1154 1381
281 67 1154 1579
283 68 1154 1051
283 69 1154 112
285 70 1154 909
290 71 1154 1549
290 72 1154 147
291 73 1154 807
291 74 1154 427
297 75 1154 1640
304 77 1154 160
304 76 1154 1743
306 78 1154 1132
306 79 1154 362
311 80 1154 1543
316 81 1154 1531
318 82 1154 1044
321 83 1154 1209
323 84 1154 906
323 85 1154 276
323 86 1154 431
327 87 1154 1389
329 88 1154 1011
333 89 1154 1479
346 90 1154 1887
347 91 1154 866
347 92 1154 495
350 93 1154 1326
354 95 1154 60
354 94 1154 1361
355 96 1154 621
362 97 1154 1743
362 98 1154 72
364 99 1154 1104
364 100 1154 421
365 101 1154 726
369 102 1154 1351
370 103 1154 573
377 104 1154 1708
379 105 1154 928
383 106 1154 1350
386 107 1154 1194
386 108 1154 69
388 109 1154 1122
388 110 1154 56
392 111 1154 1475
396 112 1154 1450
401 113 1154 1551
406 115 1154 52
406 114 1154 1581
408 116 1154 981
408 117 1154 436
411 118 1154 1194
411 119 1154 7
412 120 1154 816
430 121 1154 1916
431 122 1154 568
436 125 1154 43
436 124 1154 150
436 123 1154 1497
438 126 1154 1053
439 127 1154 746
443 128 1154 1370
443 129 1154 366
445 130 1154 1018
445 131 1154 0
445 132 1154 87
445 133 1154 28
456 134 1154 1866
457 135 1154 816
457 136 1154 179
457 137 1154 471
461 138 1154 1426
475 139 1154 1903
476 140 1154 850
479 141 1154 1162
482 142 1154 1320
491 143 1154 1813
495 144 1154 1422
495 145 1154 411
498 146 1154 1340
499 147 1154 868
505 148 1154 1669
508 149 1154 1308
510 150 1154 1004
510 151 1154 185
511 156 1154 158
511 155 1154 430
511 153 1154 65
511 154 1154 287
511 152 1154 548
519 157 1154 1779
519 158 1154 422
525 159 1154 1664
534 160 1154 1799
535 161 1154 604
542 162 1154 1748
548 165 1154 56
548 163 1154 1627
548 164 1154 104
552 166 1154 1387
556 167 1154 1422
562 168 1154 1610
563 169 1154 765
572 170 1154 1798
573 171 1154 509
575 172 1154 934
578 173 1154 1216
580 174 1154 1081
585 175 1154 1579
586 176 1154 596
587 177 1154 679
587 178 1154 74
593 179 1154 1663
594 181 1154 185
594 180 1154 627
596 182 1154 1001
596 183 1154 61
599 184 1154 1287
600 185 1154 833
604 186 1154 1377
604 187 1154 22
610 188 1154 1666
614 189 1154 1436
615 191 1154 325
615 192 1154 49
615 190 1154 658
621 193 1154 1686
621 194 1154 103
621 195 1154 246
624 196 1154 1338
630 197 1154 1617
637 198 1154 1709
641 199 1154 1366
643 200 1154 949
653 201 1154 1843
656 202 1154 1182
658 203 1154 904
662 204 1154 1435
662 205 1154 495
665 206 1154 1176
668 207 1154 1256
670 208 1154 909
671 209 1154 632
679 210 1154 1758
683 211 1154 1404
690 212 1154 1704
691 213 1154 683
693 214 1154 1037
699 215 1154 1614
704 216 1154 1528
710 217 1154 1686
710 218 1154 340
713 219 1154 1195
714 220 1154 603
718 221 1154 1365
724 222 1154 1680
724 223 1154 174
724 224 1154 106
728 225 1154 1473
728 226 1154 459
731 227 1154 1172
733 228 1154 1113
734 230 1154 240
734 229 1154 835
736 231 1154 904
738 232 1154 894
739 233 1154 633
740 234 1154 714
741 235 1154 708
743 236 1154 927
743 237 1154 96
744 238 1154 551
745 239 1154 792
750 240 1154 1582
750 241 1154 121
752 242 1154 1038
754 243 1154 1033
759 244 1154 1602
762 245 1154 1178
763 246 1154 545
766 247 1154 1291
767 249 1154 413
767 248 1154 649
768 250 1154 642
773 251 1154 1577
776 252 1154 1276
777 253 1154 513
778 254 1154 762
783 255 1154 1509
783 256 1154 163
785 257 1154 1008
786 258 1154 797
799 259 1154 1887
799 260 1154 35
799 261 1154 3
799 262 1154 142
799 263 1154 73
799 264 1154 392
800 265 1154 854
801 266 1154 509
803 267 1154 1070
816 268 1154 1894
816 269 1154 329
817 270 1154 687
821 271 1154 1431
823 272 1154 1135
827 273 1154 1472
832 274 1154 1538
832 275 1154 482
832 276 1154 327
833 278 1154 497
833 277 1154 647
834 279 1154 852
836 280 1154 927
838 281 1154 1093
839 282 1154 523
840 283 1154 699
840 284 1154 192
841 285 1154 588
846 287 1154 380
846 286 1154 1552
855 288 1154 1796
857 289 1154 1130
858 290 1154 545
868 291 1154 1844
871 292 1154 1223
872 293 1154 588
873 294 1154 757
878 295 1154 1578
892 296 1154 1903
894 297 1154 964
895 298 1154 641
896 299 1154 747
897 300 1154 669
901 301 1154 1399
904 302 1154 1322
904 303 1154 319
910 304 1154 1651
912 305 1154 1136
912 306 1154 442
