0 0 539 253
0 1 539 240
2 2 539 1032
6 3 539 1436
6 4 539 348
6 5 539 334
9 6 539 1318
16 7 539 1694
17 8 539 779
20 9 539 1255
21 10 539 518
21 11 539 431
27 12 539 1653
29 13 539 990
29 14 539 393
31 15 539 953
32 16 539 562
33 17 539 600
33 18 539 79
36 19 539 1157
40 20 539 1431
43 21 539 1310
46 22 539 1157
49 23 539 1183
60 24 539 1865
60 25 539 156
64 26 539 1493
65 27 539 846
65 28 539 238
66 29 539 772
70 30 539 1427
71 31 539 655
74 32 539 1154
75 33 539 613
75 34 539 383
78 35 539 1290
79 36 539 762
88 37 539 1801
89 39 539 447
89 38 539 687
90 40 539 825
93 41 539 1259
97 42 539 1429
98 43 539 702
101 44 539 1210
102 45 539 713
106 46 539 1391
108 47 539 934
110 48 539 944
121 50 539 3
121 49 539 1870
123 51 539 1121
126 52 539 1202
126 53 539 98
129 54 539 1320
130 55 539 867
132 56 539 1007
140 57 539 1773
145 59 539 192
145 58 539 1495
146 60 539 766
146 61 539 472
150 62 539 1456
150 63 539 6
158 64 539 1753
166 65 539 1787
169 66 539 1201
171 67 539 1039
172 68 539 607
174 69 539 1028
174 70 539 190
175 71 539 686
185 72 539 1838
190 73 539 1556
190 74 539 331
190 75 539 171
199 77 539 455
199 76 539 1806
213 78 539 1898
216 79 539 1151
217 80 539 689
218 81 539 558
227 82 539 1827
227 83 539 292
228 84 539 769
228 85 539 305
232 86 539 1378
234 87 539 1055
237 88 539 1218
241 89 539 1440
241 90 539 282
243 91 539 913
243 92 539 305
243 93 539 495
248 95 539 353
248 94 539 1606
255 96 539 1728
259 97 539 1423
261 98 539 873
265 99 539 1348
269 100 539 1436
269 101 539 352
269 102 539 327
279 103 539 1840
285 104 539 1679
288 105 539 1241
291 106 539 1208
296 107 539 1570
303 108 539 1692
306 109 539 1148
308 110 539 986
309 111 539 552
318 112 539 1800
318 113 539 344
322 115 539 207
322 114 539 1427
323 116 539 570
326 117 539 1163
329 118 539 1161
333 119 539 1448
333 120 539 408
333 121 539 146
340 122 539 1745
342 123 539 1091
343 124 539 745
346 125 539 1202
346 126 539 380
349 127 539 1343
361 128 539 1874
375 129 539 1903
375 130 539 367
375 131 539 383
380 132 539 1506
381 133 539 550
387 134 539 1639
387 135 539 336
387 136 539 230
403 137 539 1911
404 138 539 538
408 139 539 1453
410 140 539 1021
417 141 539 1733
420 144 539 453
420 142 539 1288
420 143 539 69
426 145 539 1654
428 146 539 1037
441 147 539 1886
443 148 539 992
447 149 539 1399
454 150 539 1708
455 151 539 565
455 152 539 261
459 153 539 1350
461 154 539 939
464 155 539 1290
465 156 539 531
468 157 539 1161
470 158 539 1094
470 159 539 477
471 160 539 861
479 161 539 1790
485 162 539 1620
492 163 539 1714
493 164 539 781
494 165 539 603
496 166 539 971
499 167 539 1250
500 168 539 629
502 169 539 1091
516 170 539 1902
517 171 539 583
518 172 539 624
524 173 539 1633
524 174 539 427
525 175 539 600
526 176 539 782
532 177 539 1676
533 178 539 637
535 184 539 194
535 183 539 475
535 182 539 350
535 181 539 419
535 180 539 164
535 179 539 1016
542 185 539 1727
542 186 539 121
542 187 539 156
547 188 539 1535
547 189 539 348
554 190 539 1729
556 191 539 994
557 192 539 816
557 193 539 61
558 194 539 591
561 195 539 1155
561 196 539 112
566 197 539 1499
569 198 539 1213
577 199 539 1775
578 200 539 683
585 201 539 1712
588 202 539 1256
597 203 539 1826
601 204 539 1422
603 205 539 1124
614 206 539 1866
615 207 539 552
617 208 539 923
617 209 539 338
618 210 539 508
619 211 539 780
620 212 539 523
620 213 539 78
620 214 539 312
620 215 539 441
624 216 539 1439
627 217 539 1145
632 218 539 1519
634 220 539 482
634 219 539 978
635 221 539 815
641 222 539 1639
641 223 539 280
644 224 539 1286
646 225 539 907
653 226 539 1691
654 227 539 563
656 228 539 1041
659 230 539 488
659 229 539 1196
662 231 539 1207
662 232 539 463
663 233 539 787
663 234 539 332
663 235 539 376
665 236 539 1087
665 237 539 449
667 238 539 978
669 239 539 995
677 240 539 1786
681 241 539 1493
684 242 539 1158
687 243 539 1197
695 244 539 1765
697 245 539 949
697 246 539 470
698 247 539 738
704 249 539 150
704 248 539 1673
710 250 539 1641
712 251 539 891
727 252 539 1905
727 253 539 234
730 254 539 1293
738 255 539 1792
738 256 539 73
740 257 539 975
741 258 539 540
742 259 539 514
746 260 539 1358
749 261 539 1302
753 262 539 1435
759 263 539 1651
767 264 539 1774
770 265 539 1225
770 266 539 317
776 267 539 1660
782 268 539 1670
793 269 539 1861
796 270 539 1278
798 271 539 990
798 272 539 166
799 273 539 524
801 274 539 1117
803 275 539 913
808 280 539 436
808 279 539 336
808 277 539 442
808 276 539 1582
808 278 539 440
810 281 539 953
811 282 539 815
813 283 539 891
817 284 539 1479
822 285 539 1522
825 287 539 228
825 286 539 1227
829 288 539 1419
829 289 539 465
829 290 539 303
829 291 539 112
839 292 539 1834
839 293 539 464
844 295 539 483
844 296 539 58
844 294 539 1561
848 297 539 1431
852 298 539 1347
853 299 539 539
854 300 539 632
855 301 539 735
857 302 539 992
864 303 539 1737
865 304 539 796
866 305 539 651
867 306 539 724
