0 0 63 352
1 1 63 659
1 2 63 354
25 3 63 1923
29 4 63 1478
30 5 63 839
32 6 63 1027
37 7 63 1548
39 8 63 959
40 9 63 602
63 10 63 1923
66 11 63 1231
68 12 63 1103
70 13 63 1017
70 14 63 107
70 15 63 231
74 16 63 1379
74 17 63 372
77 18 63 1175
79 19 63 1087
79 20 63 234
82 21 63 1340
102 22 63 1921
106 23 63 1365
106 24 63 20
109 25 63 1210
115 27 63 68
115 26 63 1626
119 28 63 1460
124 29 63 1568
127 30 63 1198
128 31 63 692
129 32 63 618
131 33 63 1039
134 34 63 1153
136 35 63 1030
141 36 63 1598
143 37 63 998
146 38 63 1253
147 39 63 816
150 40 63 1186
151 41 63 670
151 42 63 5
155 43 63 1400
162 44 63 1724
163 45 63 620
165 46 63 921
172 47 63 1693
172 48 63 195
175 49 63 1213
181 50 63 1651
184 51 63 1162
186 52 63 1087
186 53 63 88
186 54 63 128
188 55 63 937
189 56 63 662
191 57 63 914
205 58 63 1903
205 59 63 267
207 60 63 1138
209 61 63 958
209 62 63 87
212 63 63 1315
215 64 63 1328
218 65 63 1230
219 67 63 63
219 66 63 612
227 68 63 1789
229 69 63 1002
230 70 63 557
230 71 63 380
232 72 63 1043
232 73 63 358
241 74 63 1826
245 75 63 1489
248 76 63 1334
249 77 63 521
254 78 63 1565
257 79 63 1325
257 80 63 288
268 81 63 1857
277 82 63 1797
277 83 63 247
287 85 63 36
287 84 63 1841
292 86 63 1529
293 87 63 530
295 88 63 911
295 89 63 215
295 90 63 367
296 91 63 683
298 92 63 1020
300 93 63 985
305 95 63 227
305 94 63 1603
306 96 63 582
307 97 63 615
307 98 63 71
307 99 63 493
307 100 63 8
308 101 63 857
318 102 63 1829
320 103 63 1118
321 104 63 655
324 105 63 1271
324 106 63 118
325 107 63 729
325 108 63 186
326 109 63 563
331 110 63 1527
331 111 63 141
334 112 63 1273
335 113 63 578
350 114 63 1903
353 115 63 1205
355 116 63 1086
363 117 63 1765
367 118 63 1398
370 119 63 1291
376 120 63 1626
376 121 63 82
378 122 63 1077
383 123 63 1573
384 124 63 635
393 125 63 1799
396 126 63 1284
396 127 63 58
397 128 63 680
402 129 63 1599
404 130 63 907
405 131 63 719
405 132 63 449
407 133 63 1072
410 134 63 1316
414 135 63 1355
414 136 63 28
415 137 63 679
420 138 63 1516
421 139 63 570
431 140 63 1842
432 142 63 343
432 143 63 347
432 141 63 800
433 144 63 612
433 145 63 225
436 146 63 1335
436 147 63 442
438 148 63 1006
438 149 63 397
440 150 63 1066
441 151 63 742
443 152 63 1141
444 153 63 705
445 154 63 792
455 155 63 1850
462 156 63 1705
462 157 63 255
462 158 63 482
463 159 63 781
479 161 63 60
479 162 63 48
479 160 63 1911
480 163 63 512
485 164 63 1581
486 165 63 808
492 166 63 1617
492 167 63 201
495 168 63 1186
496 169 63 547
499 171 63 406
499 172 63 248
499 170 63 1176
500 173 63 827
504 174 63 1373
505 175 63 826
511 176 63 1663
512 177 63 730
514 180 63 463
514 178 63 961
514 179 63 409
515 181 63 842
517 182 63 976
517 183 63 282
518 184 63 532
518 185 63 165
523 186 63 1503
529 187 63 1669
529 188 63 279
533 189 63 1391
538 190 63 1575
545 192 63 196
545 191 63 1697
546 193 63 735
547 194 63 584
555 195 63 1782
556 196 63 752
564 197 63 1755
565 198 63 691
572 199 63 1729
573 200 63 533
575 201 63 1133
578 202 63 1181
578 203 63 459
581 204 63 1145
582 205 63 659
582 206 63 493
582 207 63 313
585 208 63 1256
598 210 63 187
598 209 63 1891
600 211 63 975
603 212 63 1219
603 213 63 73
603 214 63 317
605 215 63 1069
607 216 63 1009
614 217 63 1690
629 218 63 1905
633 219 63 1415
636 220 63 1230
648 221 63 1873
658 222 63 1846
665 223 63 1720
667 224 63 897
671 225 63 1404
671 226 63 210
675 227 63 1438
675 228 63 243
680 230 63 74
680 229 63 1516
690 231 63 1833
690 232 63 38
693 233 63 1156
702 234 63 1801
705 235 63 1254
710 236 63 1586
711 237 63 517
713 238 63 1061
722 239 63 1797
727 240 63 1596
730 241 63 1189
730 242 63 412
730 243 63 313
733 244 63 1204
734 247 63 123
734 248 63 417
734 245 63 600
734 246 63 478
738 249 63 1440
739 250 63 772
741 251 63 986
749 252 63 1775
752 253 63 1200
753 254 63 499
754 255 63 584
757 256 63 1212
761 257 63 1386
765 258 63 1486
771 259 63 1666
771 260 63 449
773 261 63 980
773 262 63 69
779 263 63 1664
788 264 63 1817
788 265 63 279
790 268 63 196
790 266 63 936
790 267 63 63
792 269 63 987
796 270 63 1407
796 271 63 492
797 272 63 628
797 273 63 107
804 274 63 1744
804 275 63 40
808 276 63 1460
813 277 63 1533
814 278 63 516
814 279 63 296
816 280 63 926
816 281 63 86
818 282 63 1020
819 283 63 728
820 284 63 743
822 286 63 57
822 285 63 1012
823 287 63 763
824 288 63 657
827 289 63 1217
827 290 63 42
827 291 63 200
829 292 63 955
832 293 63 1320
836 294 63 1348
837 295 63 616
839 296 63 1119
840 297 63 673
840 298 63 421
842 299 63 924
847 300 63 1589
847 301 63 414
857 302 63 1851
861 304 63 32
861 305 63 280
861 303 63 1354
861 306 63 357
