1 0 1644 846
14 1 1644 1890
27 2 1644 1886
32 3 1644 1606
36 4 1644 1466
40 5 1644 1459
41 7 1644 236
41 8 1644 126
41 6 1644 590
45 9 1644 1488
46 10 1644 855
46 11 1644 387
49 12 1644 1153
53 13 1644 1465
54 14 1644 738
56 16 1644 298
56 15 1644 921
60 17 1644 1437
66 18 1644 1671
71 19 1644 1551
72 20 1644 715
74 21 1644 997
75 22 1644 613
75 23 1644 331
77 24 1644 943
82 25 1644 1512
82 26 1644 477
87 27 1644 1535
91 32 1644 189
91 31 1644 471
91 28 1644 1367
91 29 1644 266
91 30 1644 417
92 33 1644 816
93 34 1644 849
94 35 1644 758
101 36 1644 1690
108 37 1644 1692
112 38 1644 1423
113 39 1644 578
113 40 1644 104
120 41 1644 1742
130 42 1644 1848
130 43 1644 115
134 44 1644 1459
144 45 1644 1851
146 46 1644 1045
149 47 1644 1253
151 48 1644 1074
151 49 1644 167
152 50 1644 777
167 51 1644 1905
168 52 1644 754
172 53 1644 1447
179 54 1644 1716
187 55 1644 1774
190 56 1644 1277
195 57 1644 1554
196 58 1644 663
208 59 1644 1878
210 60 1644 982
212 61 1644 980
213 62 1644 794
221 63 1644 1784
223 66 1644 197
223 67 1644 336
223 64 1644 1071
223 65 1644 384
224 68 1644 615
239 69 1644 1904
242 70 1644 1155
243 71 1644 530
243 72 1644 13
245 73 1644 1093
249 74 1644 1446
251 75 1644 897
253 77 1644 497
253 76 1644 1074
254 78 1644 797
256 79 1644 1016
256 80 1644 467
259 81 1644 1149
259 82 1644 460
262 83 1644 1199
266 84 1644 1414
266 85 1644 436
272 86 1644 1641
273 87 1644 666
275 88 1644 1025
277 89 1644 1000
281 90 1644 1406
281 91 1644 135
283 92 1644 1029
287 93 1644 1470
292 94 1644 1520
294 95 1644 1049
296 97 1644 63
296 96 1644 948
298 98 1644 969
300 99 1644 1075
306 100 1644 1654
307 101 1644 708
308 102 1644 637
310 103 1644 1094
312 104 1644 937
312 105 1644 246
325 106 1644 1891
330 107 1644 1586
330 108 1644 1
331 109 1644 818
332 110 1644 699
333 111 1644 779
334 112 1644 757
339 113 1644 1571
343 114 1644 1411
351 115 1644 1758
352 116 1644 520
357 117 1644 1519
357 118 1644 369
358 119 1644 634
359 120 1644 667
363 121 1644 1456
366 122 1644 1236
371 124 1644 498
371 123 1644 1540
373 125 1644 1019
377 126 1644 1425
377 127 1644 468
382 128 1644 1497
382 129 1644 397
394 130 1644 1873
396 131 1644 1010
400 132 1644 1453
406 133 1644 1646
409 134 1644 1287
415 135 1644 1683
416 136 1644 512
419 137 1644 1290
419 138 1644 262
422 139 1644 1168
422 140 1644 470
422 141 1644 55
423 143 1644 206
423 144 1644 301
423 142 1644 664
424 145 1644 626
427 146 1644 1303
431 147 1644 1383
431 148 1644 58
437 149 1644 1687
438 150 1644 528
442 151 1644 1354
448 155 1644 197
448 154 1644 408
448 153 1644 334
448 152 1644 1618
452 156 1644 1397
454 157 1644 1022
455 158 1644 596
465 159 1644 1842
466 160 1644 745
470 161 1644 1422
470 162 1644 88
475 163 1644 1529
477 164 1644 869
483 165 1644 1614
486 166 1644 1251
488 167 1644 1035
488 168 1644 284
494 169 1644 1652
497 170 1644 1246
500 171 1644 1155
503 172 1644 1257
505 174 1644 164
505 173 1644 1126
506 175 1644 611
507 176 1644 791
509 177 1644 1029
512 178 1644 1238
521 179 1644 1797
527 180 1644 1641
527 181 1644 42
527 182 1644 409
534 183 1644 1735
542 184 1644 1793
543 185 1644 519
546 186 1644 1316
548 187 1644 1118
551 188 1644 1238
553 189 1644 1089
553 190 1644 285
557 191 1644 1414
558 194 1644 422
558 192 1644 694
558 193 1644 344
560 195 1644 972
573 196 1644 1892
575 197 1644 1060
578 198 1644 1261
579 199 1644 611
582 200 1644 1300
582 201 1644 267
584 204 1644 441
584 202 1644 1098
584 203 1644 331
587 205 1644 1298
587 206 1644 96
587 207 1644 491
587 208 1644 169
594 209 1644 1721
597 211 1644 367
597 210 1644 1331
604 212 1644 1708
605 213 1644 724
605 214 1644 201
606 215 1644 702
608 216 1644 1013
608 217 1644 278
614 218 1644 1661
614 219 1644 350
614 220 1644 297
614 221 1644 132
621 222 1644 1721
623 223 1644 1120
627 224 1644 1367
635 225 1644 1756
635 226 1644 460
637 227 1644 913
638 228 1644 703
640 229 1644 1117
641 230 1644 644
647 231 1644 1656
654 232 1644 1693
655 233 1644 626
655 234 1644 496
659 235 1644 1373
661 236 1644 869
661 237 1644 78
664 238 1644 1293
664 239 1644 494
664 240 1644 423
665 241 1644 825
667 242 1644 948
671 243 1644 1442
677 244 1644 1683
687 245 1644 1843
693 246 1644 1631
706 248 1644 142
706 247 1644 1894
712 249 1644 1645
724 250 1644 1884
730 251 1644 1613
733 252 1644 1324
735 253 1644 911
735 254 1644 314
738 256 1644 470
738 255 1644 1167
752 257 1644 1903
754 258 1644 888
755 259 1644 609
756 260 1644 837
758 261 1644 1108
765 262 1644 1712
767 263 1644 977
769 264 1644 1076
774 265 1644 1599
775 266 1644 599
777 268 1644 227
777 267 1644 1081
778 269 1644 752
786 270 1644 1758
788 271 1644 934
790 272 1644 909
793 273 1644 1166
803 274 1644 1852
807 275 1644 1397
809 277 1644 279
809 276 1644 1108
813 278 1644 1361
817 279 1644 1449
817 280 1644 124
817 281 1644 491
818 282 1644 770
820 283 1644 983
823 284 1644 1157
825 285 1644 955
825 286 1644 332
826 288 1644 312
826 287 1644 781
829 289 1644 1254
831 290 1644 903
833 291 1644 890
835 292 1644 1114
836 293 1644 683
841 294 1644 1581
844 295 1644 1240
846 296 1644 1037
859 297 1644 1895
859 298 1644 365
859 299 1644 83
862 300 1644 1243
863 301 1644 550
869 302 1644 1667
872 303 1644 1315
881 304 1644 1811
883 305 1644 950
884 306 1644 704
