3 0 795 1267
12 1 795 1813
17 2 795 1571
19 3 795 877
19 4 795 470
20 5 795 687
34 6 795 1898
38 7 795 1435
55 9 795 366
55 8 795 1916
64 10 795 1826
66 11 795 984
66 12 795 401
74 13 795 1781
89 14 795 1906
91 15 795 960
92 16 795 686
107 17 795 1909
117 18 795 1839
120 19 795 1202
120 20 795 75
125 21 795 1509
127 22 795 904
127 23 795 344
128 24 795 662
131 25 795 1303
134 26 795 1337
142 27 795 1767
142 28 795 187
143 29 795 686
145 30 795 959
149 31 795 1408
150 32 795 561
150 33 795 395
153 34 795 1303
162 36 795 322
162 37 795 435
162 35 795 1821
163 38 795 732
163 39 795 160
163 40 795 47
165 41 795 877
170 42 795 1590
172 43 795 1022
175 44 795 1209
175 45 795 38
178 46 795 1148
180 47 795 1035
184 48 795 1357
191 49 795 1745
195 50 795 1381
195 51 795 467
195 52 795 342
199 53 795 1476
202 54 795 1162
208 55 795 1683
210 56 795 908
213 57 795 1227
213 58 795 215
215 59 795 1092
218 60 795 1274
218 61 795 131
221 62 795 1248
224 63 795 1230
227 69 795 84
227 68 795 478
227 67 795 6
227 65 795 417
227 64 795 1331
227 66 795 423
228 70 795 637
228 71 795 251
231 72 795 1176
237 73 795 1678
240 74 795 1154
242 75 795 1122
252 76 795 1844
261 77 795 1806
263 78 795 1059
264 79 795 624
264 80 795 154
264 81 795 302
264 82 795 410
264 83 795 366
267 85 795 492
267 84 795 1229
269 86 795 1066
271 87 795 1009
274 88 795 1157
279 89 795 1544
281 90 795 912
283 91 795 1020
283 92 795 220
288 93 795 1565
289 94 795 810
299 95 795 1841
304 96 795 1553
304 97 795 360
310 98 795 1616
311 99 795 791
316 100 795 1539
318 101 795 1142
319 102 795 556
322 103 795 1272
324 104 795 1107
326 105 795 1130
329 106 795 1216
330 107 795 588
330 108 795 321
330 109 795 40
338 110 795 1764
340 111 795 1027
340 112 795 167
345 113 795 1516
347 114 795 937
349 115 795 972
355 116 795 1645
357 117 795 881
357 118 795 0
358 119 795 839
361 120 795 1276
364 121 795 1338
365 122 795 774
366 123 795 858
368 124 795 1097
373 125 795 1542
373 126 795 31
378 127 795 1536
379 128 795 867
382 129 795 1238
386 130 795 1493
390 132 795 190
390 133 795 268
390 131 795 1483
392 134 795 1009
394 135 795 937
400 136 795 1670
402 137 795 1063
405 138 795 1184
405 139 795 98
408 141 795 477
408 140 795 1201
409 142 795 688
411 143 795 1117
418 144 795 1705
427 145 795 1810
428 146 795 853
429 147 795 629
430 148 795 627
438 149 795 1763
438 150 795 195
439 151 795 672
439 152 795 359
440 153 795 776
444 154 795 1440
444 155 795 201
444 156 795 367
450 157 795 1622
450 158 795 174
454 159 795 1490
456 160 795 1098
461 161 795 1604
467 162 795 1646
469 163 795 1008
469 164 795 471
469 165 795 280
470 166 795 836
479 167 795 1824
480 168 795 506
480 169 795 0
483 170 795 1227
484 171 795 582
490 172 795 1622
499 173 795 1826
504 174 795 1562
505 175 795 798
506 176 795 650
511 177 795 1582
513 178 795 1078
516 179 795 1212
517 180 795 689
520 181 795 1327
522 182 795 908
524 183 795 1029
526 184 795 1042
527 185 795 821
529 186 795 1124
532 187 795 1339
533 188 795 753
534 189 795 808
535 191 795 47
535 190 795 569
537 192 795 888
543 193 795 1619
545 194 795 925
550 195 795 1521
551 196 795 756
556 197 795 1604
557 198 795 645
561 199 795 1425
563 200 795 974
565 201 795 954
565 202 795 122
566 203 795 627
567 204 795 536
572 205 795 1538
574 206 795 974
574 207 795 457
576 208 795 1139
577 209 795 641
581 210 795 1475
582 211 795 710
583 212 795 544
585 213 795 887
586 214 795 800
593 215 795 1696
594 216 795 696
595 217 795 616
608 218 795 1891
613 219 795 1574
615 220 795 1081
619 221 795 1422
621 222 795 1070
627 223 795 1623
631 224 795 1355
634 225 795 1179
640 227 795 3
640 226 795 1619
642 229 795 41
642 230 795 42
642 228 795 901
644 231 795 970
646 232 795 936
651 233 795 1577
651 234 795 237
657 235 795 1660
660 237 795 280
660 238 795 493
660 236 795 1204
664 239 795 1429
672 240 795 1771
673 241 795 666
673 242 795 199
673 243 795 111
676 244 795 1257
684 245 795 1783
688 246 795 1428
688 247 795 0
689 248 795 818
692 249 795 1153
693 250 795 825
693 251 795 139
699 252 795 1637
701 253 795 995
701 254 795 344
705 255 795 1477
714 257 795 423
714 256 795 1808
717 258 795 1197
720 259 795 1281
730 260 795 1843
732 261 795 971
736 262 795 1480
738 263 795 1098
739 264 795 598
740 265 795 505
747 266 795 1699
749 267 795 891
750 268 795 649
752 269 795 1065
752 270 795 491
752 271 795 415
752 272 795 123
752 273 795 462
759 274 795 1728
759 275 795 414
762 276 795 1222
764 278 795 366
764 277 795 959
769 279 795 1496
775 280 795 1675
781 281 795 1618
783 282 795 1109
789 283 795 1673
791 284 795 1140
800 285 795 1827
803 286 795 1257
814 287 795 1866
817 288 795 1233
818 289 795 685
826 290 795 1777
827 291 795 781
829 292 795 1008
831 293 795 1136
836 294 795 1510
837 295 795 800
839 296 795 1110
841 297 795 1026
845 298 795 1437
846 299 795 751
846 300 795 84
847 301 795 536
850 302 795 1275
856 303 795 1678
857 305 795 409
857 304 795 661
857 306 795 16
