3 0 1659 1222
3 1 1659 150
6 2 1659 1248
8 3 1659 868
12 4 1659 1458
18 5 1659 1634
18 6 1659 378
21 7 1659 1299
28 9 1659 394
28 8 1659 1734
29 10 1659 545
30 11 1659 776
38 12 1659 1751
45 13 1659 1711
45 14 1659 158
51 15 1659 1614
51 16 1659 358
62 17 1659 1861
66 18 1659 1362
71 19 1659 1557
73 20 1659 944
73 21 1659 237
75 22 1659 1073
75 23 1659 3
77 24 1659 1016
81 25 1659 1394
88 27 1659 10
88 26 1659 1733
89 28 1659 525
89 29 1659 201
92 30 1659 1272
93 31 1659 790
95 32 1659 1086
95 33 1659 387
96 34 1659 512
100 35 1659 1419
102 38 1659 93
102 37 1659 11
102 36 1659 1072
109 39 1659 1737
115 40 1659 1642
117 41 1659 997
120 42 1659 1341
122 43 1659 1094
122 44 1659 197
123 47 1659 262
123 46 1659 173
123 45 1659 504
125 48 1659 1129
125 49 1659 355
125 50 1659 10
135 51 1659 1850
143 52 1659 1774
143 53 1659 130
143 54 1659 190
145 55 1659 984
147 56 1659 1001
150 57 1659 1244
158 58 1659 1776
158 59 1659 64
167 60 1659 1825
167 61 1659 368
168 62 1659 774
173 63 1659 1532
175 64 1659 1046
181 65 1659 1679
187 66 1659 1615
191 67 1659 1364
194 68 1659 1199
195 69 1659 664
196 70 1659 541
196 71 1659 347
204 72 1659 1767
209 73 1659 1550
219 74 1659 1840
231 75 1659 1872
232 76 1659 821
247 77 1659 1904
254 78 1659 1731
255 79 1659 512
258 80 1659 1221
262 81 1659 1470
263 83 1659 170
263 84 1659 191
263 82 1659 805
267 85 1659 1346
269 86 1659 941
271 87 1659 955
271 88 1659 197
275 89 1659 1452
275 90 1659 418
283 92 1659 159
283 91 1659 1752
283 93 1659 29
293 94 1659 1836
296 95 1659 1273
296 96 1659 222
303 97 1659 1733
303 98 1659 47
303 99 1659 442
304 100 1659 813
305 101 1659 734
307 103 1659 465
307 102 1659 988
314 104 1659 1738
319 105 1659 1587
319 106 1659 83
319 107 1659 223
319 108 1659 214
319 109 1659 242
319 110 1659 162
321 111 1659 1021
325 112 1659 1438
328 113 1659 1264
329 114 1659 767
329 115 1659 355
333 116 1659 1487
334 117 1659 603
337 118 1659 1341
343 119 1659 1624
344 120 1659 738
345 121 1659 659
348 122 1659 1166
354 123 1659 1672
354 124 1659 246
355 125 1659 714
355 126 1659 187
362 127 1659 1738
368 128 1659 1639
369 129 1659 566
375 130 1659 1649
377 131 1659 1013
388 132 1659 1856
391 133 1659 1289
397 134 1659 1623
397 135 1659 487
397 136 1659 482
397 137 1659 340
397 138 1659 357
398 139 1659 528
401 140 1659 1263
402 141 1659 717
403 142 1659 740
415 143 1659 1880
418 144 1659 1290
421 145 1659 1321
421 146 1659 314
422 147 1659 820
425 148 1659 1186
429 149 1659 1481
436 150 1659 1711
441 152 1659 392
441 153 1659 348
441 151 1659 1544
447 154 1659 1629
447 155 1659 154
451 156 1659 1492
454 157 1659 1240
454 158 1659 218
456 159 1659 1023
460 160 1659 1400
460 161 1659 269
461 162 1659 509
466 163 1659 1572
467 164 1659 517
469 165 1659 1074
471 166 1659 1089
471 167 1659 148
476 168 1659 1565
476 169 1659 280
485 170 1659 1797
488 172 1659 246
488 171 1659 1147
489 173 1659 812
489 174 1659 360
489 175 1659 20
499 176 1659 1843
502 177 1659 1211
502 178 1659 381
503 179 1659 850
503 180 1659 399
506 181 1659 1292
507 182 1659 552
507 183 1659 158
508 184 1659 780
508 185 1659 105
509 186 1659 620
514 187 1659 1508
519 188 1659 1584
523 189 1659 1469
525 190 1659 919
528 191 1659 1166
528 192 1659 121
531 193 1659 1258
533 194 1659 1053
535 195 1659 994
535 196 1659 208
537 197 1659 1092
541 201 1659 165
541 200 1659 231
541 198 1659 1362
541 199 1659 216
544 202 1659 1179
546 203 1659 906
552 204 1659 1608
553 205 1659 563
556 206 1659 1297
561 207 1659 1504
577 208 1659 1913
583 211 1659 281
583 209 1659 1608
583 210 1659 235
584 212 1659 859
587 213 1659 1293
588 214 1659 624
588 215 1659 107
594 216 1659 1642
594 217 1659 351
595 219 1659 412
595 218 1659 792
595 220 1659 453
600 221 1659 1506
600 222 1659 489
600 223 1659 96
603 224 1659 1285
604 225 1659 630
606 226 1659 1025
608 227 1659 913
614 228 1659 1684
617 229 1659 1290
624 230 1659 1737
625 231 1659 750
633 232 1659 1774
633 233 1659 165
634 234 1659 618
634 235 1659 234
634 236 1659 112
639 239 1659 217
639 238 1659 474
639 237 1659 1570
640 240 1659 733
642 241 1659 1041
647 242 1659 1520
661 243 1659 1901
664 244 1659 1233
665 245 1659 638
665 246 1659 307
666 247 1659 753
667 248 1659 634
669 249 1659 945
672 250 1659 1277
680 251 1659 1781
680 252 1659 300
682 253 1659 949
688 254 1659 1688
689 255 1659 650
694 256 1659 1601
696 257 1659 1083
701 258 1659 1546
703 259 1659 978
707 260 1659 1462
707 261 1659 383
714 262 1659 1745
715 263 1659 622
724 264 1659 1796
728 265 1659 1410
728 266 1659 431
729 267 1659 693
730 268 1659 675
730 269 1659 389
750 270 1659 1920
750 271 1659 71
759 272 1659 1802
760 273 1659 575
765 274 1659 1604
768 275 1659 1337
784 276 1659 1911
785 277 1659 512
786 278 1659 788
787 279 1659 646
787 280 1659 322
787 281 1659 272
787 282 1659 279
788 283 1659 738
788 284 1659 13
800 286 1659 449
800 285 1659 1880
801 287 1659 824
801 288 1659 402
814 289 1659 1893
815 290 1659 557
817 291 1659 953
817 292 1659 23
821 293 1659 1420
822 295 1659 349
822 294 1659 679
825 296 1659 1220
827 297 1659 897
827 298 1659 104
834 299 1659 1747
834 300 1659 206
839 302 1659 78
839 303 1659 244
839 301 1659 1538
841 304 1659 949
844 305 1659 1205
859 306 1659 1904
