2 0 439 1118
7 1 439 1516
10 2 439 1154
10 3 439 231
10 4 439 187
11 5 439 855
16 6 439 1603
20 7 439 1492
35 8 439 1907
36 9 439 520
41 10 439 1507
50 11 439 1824
50 12 439 122
54 13 439 1429
62 14 439 1760
63 15 439 562
64 16 439 737
68 17 439 1409
69 18 439 621
72 19 439 1144
72 20 439 82
75 21 439 1164
83 22 439 1787
83 23 439 384
88 27 439 0
88 26 439 231
88 24 439 1511
88 25 439 343
99 28 439 1854
100 29 439 534
100 30 439 397
105 31 439 1496
105 32 439 456
106 33 439 613
112 35 439 215
112 36 439 35
112 34 439 1624
113 37 439 534
120 38 439 1689
121 39 439 753
126 40 439 1590
134 41 439 1762
135 42 439 658
139 43 439 1422
140 45 439 425
140 44 439 675
142 46 439 1123
148 47 439 1658
149 48 439 805
151 49 439 1006
152 50 439 564
157 51 439 1504
161 52 439 1383
169 53 439 1758
174 54 439 1546
186 55 439 1878
192 56 439 1653
193 57 439 769
194 58 439 645
202 59 439 1769
203 60 439 624
208 61 439 1602
213 62 439 1563
217 65 439 10
217 63 439 1372
217 64 439 123
221 66 439 1367
225 67 439 1434
232 68 439 1730
237 69 439 1545
238 70 439 526
238 71 439 203
244 72 439 1645
252 73 439 1793
256 75 439 245
256 74 439 1479
257 76 439 506
257 77 439 364
263 78 439 1633
265 79 439 1085
268 80 439 1145
268 81 439 497
270 82 439 1120
271 83 439 847
284 84 439 1894
285 85 439 818
285 86 439 113
286 87 439 623
288 88 439 991
294 89 439 1670
294 90 439 486
297 91 439 1190
306 92 439 1814
316 94 439 129
316 93 439 1845
332 95 439 1913
332 96 439 199
335 97 439 1210
338 98 439 1299
339 99 439 665
341 100 439 983
347 101 439 1613
357 102 439 1853
360 105 439 361
360 103 439 1185
360 104 439 479
368 106 439 1783
373 107 439 1514
373 108 439 278
376 109 439 1301
380 110 439 1372
383 111 439 1289
385 112 439 1061
389 113 439 1484
390 114 439 624
390 115 439 126
390 116 439 481
391 117 439 715
395 118 439 1403
398 119 439 1230
407 120 439 1821
408 123 439 59
408 122 439 443
408 121 439 743
410 124 439 1058
413 125 439 1260
413 126 439 313
420 127 439 1725
426 128 439 1664
430 129 439 1491
430 130 439 45
433 131 439 1220
435 132 439 990
437 133 439 967
437 134 439 102
441 135 439 1456
442 136 439 569
453 137 439 1860
453 138 439 368
458 139 439 1533
460 140 439 959
461 141 439 523
461 142 439 344
467 143 439 1614
467 144 439 298
469 145 439 1122
469 146 439 129
469 147 439 329
472 148 439 1220
472 149 439 2
476 150 439 1431
480 151 439 1408
487 153 439 69
487 152 439 1732
488 154 439 769
488 155 439 239
491 156 439 1170
499 157 439 1793
499 158 439 126
502 159 439 1144
502 160 439 47
502 161 439 58
510 162 439 1775
511 163 439 712
514 164 439 1255
514 165 439 151
514 166 439 298
514 167 439 93
518 168 439 1382
520 169 439 1092
524 170 439 1482
525 172 439 347
525 171 439 546
533 173 439 1794
533 174 439 270
536 175 439 1297
536 176 439 399
537 177 439 753
543 178 439 1686
554 179 439 1860
556 180 439 1130
571 181 439 1908
572 182 439 504
578 183 439 1661
578 184 439 59
579 185 439 561
583 186 439 1413
585 187 439 921
585 188 439 198
593 190 439 285
593 189 439 1788
594 191 439 700
601 192 439 1733
604 193 439 1148
608 194 439 1486
610 195 439 900
611 196 439 673
616 198 439 359
616 199 439 146
616 197 439 1557
617 200 439 824
617 201 439 36
619 202 439 872
619 203 439 127
619 204 439 445
621 205 439 884
623 206 439 1061
634 207 439 1862
641 208 439 1723
645 209 439 1396
653 210 439 1765
653 211 439 417
653 212 439 107
653 213 439 191
653 214 439 13
653 215 439 63
657 217 439 114
657 216 439 1479
658 218 439 652
659 219 439 693
660 220 439 662
663 221 439 1301
672 222 439 1819
677 223 439 1518
678 224 439 806
679 225 439 781
680 226 439 738
682 227 439 1123
682 228 439 308
685 229 439 1294
686 230 439 624
687 231 439 766
687 232 439 394
692 233 439 1539
694 234 439 1036
696 235 439 1094
698 236 439 1036
698 237 439 376
701 238 439 1216
703 239 439 1100
707 240 439 1425
711 241 439 1476
713 242 439 1123
714 243 439 727
714 244 439 23
722 245 439 1793
723 246 439 592
728 247 439 1541
730 248 439 1135
734 249 439 1423
738 250 439 1346
739 251 439 559
741 252 439 904
746 253 439 1590
750 254 439 1409
754 256 439 142
754 255 439 1447
757 257 439 1278
760 258 439 1245
765 259 439 1588
765 260 439 146
776 261 439 1863
781 262 439 1554
781 263 439 428
782 264 439 772
784 267 439 493
784 265 439 998
784 266 439 22
786 268 439 1080
787 269 439 844
789 270 439 952
791 271 439 1103
792 272 439 822
796 273 439 1477
799 274 439 1193
801 276 439 178
801 275 439 1111
803 277 439 1091
808 278 439 1495
810 279 439 938
810 280 439 189
812 281 439 1121
828 282 439 1912
829 283 439 810
841 285 439 65
841 284 439 1873
849 286 439 1787
850 287 439 729
850 288 439 130
855 289 439 1513
857 290 439 952
863 291 439 1682
865 292 439 1055
870 293 439 1552
872 294 439 953
876 295 439 1486
886 296 439 1847
887 297 439 694
899 298 439 1880
901 299 439 949
909 304 439 471
909 303 439 291
909 305 439 243
909 301 439 98
909 300 439 1771
909 302 439 461
915 306 439 1661
