0 0 1021 114
6 1 1021 1618
6 2 1021 283
19 3 1021 1891
23 4 1021 1367
27 5 1021 1365
29 6 1021 946
29 7 1021 368
36 9 1021 188
36 8 1021 1709
42 10 1021 1679
42 11 1021 455
42 12 1021 413
47 13 1021 1579
49 14 1021 881
54 15 1021 1579
60 17 1021 175
60 18 1021 426
60 16 1021 1677
66 19 1021 1628
68 20 1021 971
68 21 1021 284
71 22 1021 1290
74 23 1021 1295
76 24 1021 1040
78 25 1021 1065
82 26 1021 1392
84 28 1021 237
84 27 1021 1088
86 29 1021 1052
93 30 1021 1730
104 31 1021 1860
108 32 1021 1433
108 33 1021 311
120 34 1021 1883
120 35 1021 2
128 36 1021 1753
129 38 1021 339
129 37 1021 687
136 39 1021 1724
140 40 1021 1373
141 41 1021 659
144 42 1021 1261
144 43 1021 453
146 44 1021 1127
146 45 1021 305
148 46 1021 1063
151 47 1021 1216
153 48 1021 1041
155 49 1021 1082
162 50 1021 1742
167 51 1021 1543
169 52 1021 1121
169 53 1021 137
175 54 1021 1673
183 55 1021 1755
183 56 1021 327
185 57 1021 912
186 58 1021 850
186 59 1021 302
200 60 1021 1897
208 61 1021 1783
208 62 1021 131
209 63 1021 657
209 64 1021 382
216 65 1021 1743
218 67 1021 101
218 66 1021 946
224 68 1021 1621
226 69 1021 878
234 70 1021 1750
236 71 1021 989
244 72 1021 1760
245 73 1021 626
245 74 1021 255
245 75 1021 312
247 76 1021 947
248 77 1021 837
248 78 1021 168
249 79 1021 734
249 80 1021 2
249 81 1021 176
249 82 1021 46
251 83 1021 1079
254 85 1021 186
254 84 1021 1235
255 86 1021 738
258 87 1021 1295
259 88 1021 563
259 89 1021 128
264 90 1021 1600
265 91 1021 841
273 93 1021 37
273 92 1021 1762
281 94 1021 1752
286 95 1021 1515
287 96 1021 527
288 97 1021 604
288 98 1021 70
291 99 1021 1308
294 100 1021 1284
296 101 1021 961
301 102 1021 1520
301 103 1021 163
304 104 1021 1256
305 105 1021 752
312 106 1021 1708
312 107 1021 494
321 108 1021 1807
325 109 1021 1361
326 110 1021 807
330 111 1021 1414
331 112 1021 744
331 113 1021 115
331 114 1021 300
338 115 1021 1721
345 116 1021 1736
347 117 1021 976
351 118 1021 1346
351 119 1021 196
353 120 1021 1004
358 121 1021 1576
362 122 1021 1463
366 123 1021 1493
369 124 1021 1202
371 125 1021 909
374 126 1021 1152
381 127 1021 1722
382 128 1021 799
383 129 1021 664
390 130 1021 1709
390 131 1021 343
391 132 1021 766
392 133 1021 784
396 134 1021 1375
398 135 1021 965
399 136 1021 580
408 137 1021 1807
415 138 1021 1748
415 139 1021 483
415 140 1021 403
415 141 1021 244
419 142 1021 1413
421 143 1021 1126
424 146 1021 96
424 144 1021 1245
424 145 1021 186
430 147 1021 1646
436 148 1021 1662
436 149 1021 30
443 150 1021 1703
447 151 1021 1476
450 152 1021 1182
459 154 1021 303
459 153 1021 1799
465 155 1021 1632
469 156 1021 1423
469 157 1021 26
471 158 1021 886
471 159 1021 346
476 160 1021 1524
492 161 1021 1910
498 162 1021 1620
501 163 1021 1142
506 164 1021 1577
506 165 1021 464
507 166 1021 647
519 167 1021 1884
520 168 1021 664
523 169 1021 1259
525 170 1021 1140
536 171 1021 1854
539 172 1021 1152
540 173 1021 863
547 174 1021 1717
548 175 1021 760
548 176 1021 162
548 177 1021 336
548 178 1021 247
550 179 1021 1015
551 180 1021 813
555 182 1021 60
555 181 1021 1430
556 183 1021 768
558 184 1021 886
558 185 1021 232
560 186 1021 1085
562 187 1021 892
562 188 1021 480
568 189 1021 1667
572 190 1021 1467
573 191 1021 553
575 192 1021 921
579 193 1021 1401
581 194 1021 883
581 195 1021 417
582 196 1021 548
582 197 1021 271
586 198 1021 1474
587 199 1021 781
591 201 1021 137
591 200 1021 1463
593 202 1021 981
593 203 1021 402
594 204 1021 815
602 205 1021 1774
602 206 1021 323
602 207 1021 318
602 208 1021 82
606 209 1021 1468
610 210 1021 1470
612 211 1021 1086
619 212 1021 1704
628 213 1021 1795
632 214 1021 1458
632 215 1021 93
642 216 1021 1849
643 217 1021 851
643 218 1021 255
646 219 1021 1344
649 220 1021 1303
655 221 1021 1680
659 222 1021 1403
661 223 1021 922
668 224 1021 1717
669 225 1021 586
671 226 1021 933
677 227 1021 1676
692 228 1021 1905
695 230 1021 212
695 229 1021 1299
704 231 1021 1816
705 232 1021 787
709 233 1021 1391
713 234 1021 1477
714 235 1021 675
714 236 1021 448
719 237 1021 1583
731 238 1021 1878
733 239 1021 1037
743 240 1021 1833
744 241 1021 766
745 242 1021 810
747 243 1021 937
747 244 1021 197
747 245 1021 380
748 246 1021 774
750 247 1021 1050
761 248 1021 1867
762 249 1021 789
762 250 1021 493
768 251 1021 1622
768 252 1021 15
768 253 1021 129
772 254 1021 1402
779 255 1021 1708
780 256 1021 658
780 257 1021 59
781 258 1021 609
781 259 1021 228
782 260 1021 841
783 261 1021 572
783 262 1021 338
784 263 1021 707
787 264 1021 1256
792 268 1021 318
792 267 1021 313
792 266 1021 298
792 265 1021 1579
793 269 1021 782
798 270 1021 1569
798 271 1021 266
800 272 1021 898
803 273 1021 1143
807 274 1021 1436
808 275 1021 537
810 277 1021 466
810 276 1021 870
811 278 1021 724
814 279 1021 1336
821 280 1021 1737
830 281 1021 1807
837 282 1021 1733
839 283 1021 1115
840 284 1021 806
841 285 1021 514
850 286 1021 1801
851 287 1021 658
867 288 1021 1913
874 289 1021 1694
874 290 1021 17
874 291 1021 389
876 292 1021 973
882 294 1021 195
882 293 1021 1650
885 295 1021 1261
885 296 1021 427
885 297 1021 102
890 298 1021 1606
891 299 1021 543
891 300 1021 82
891 301 1021 461
892 302 1021 732
894 303 1021 1085
897 305 1021 226
897 304 1021 1144
898 306 1021 723
