4 0 578 1381
5 1 578 794
7 2 578 1043
10 3 578 1147
10 4 578 325
11 5 578 858
12 6 578 682
14 7 578 1033
22 8 578 1752
31 9 578 1821
36 10 578 1511
41 11 578 1598
46 12 578 1524
53 13 578 1729
54 14 578 581
56 15 578 1108
57 16 578 742
68 17 578 1871
70 18 578 1075
73 19 578 1176
73 20 578 193
75 21 578 957
76 22 578 613
76 23 578 200
76 24 578 160
83 25 578 1726
87 27 578 121
87 26 578 1412
92 28 578 1562
93 29 578 577
93 30 578 144
99 31 578 1612
118 32 578 1919
121 33 578 1252
124 34 578 1295
128 35 578 1349
129 36 578 832
130 37 578 606
131 38 578 545
131 39 578 73
136 40 578 1587
138 41 578 947
148 42 578 1833
155 43 578 1711
158 44 578 1273
159 45 578 520
160 46 578 699
169 47 578 1814
171 48 578 1108
172 49 578 506
177 50 578 1552
179 51 578 958
179 52 578 409
199 53 578 1920
200 55 578 423
200 56 578 181
200 54 578 591
201 57 578 843
203 58 578 986
204 59 578 523
208 60 578 1371
209 61 578 560
213 62 578 1396
216 63 578 1175
222 64 578 1677
231 65 578 1824
236 66 578 1604
236 67 578 271
236 68 578 434
239 69 578 1157
239 70 578 275
239 71 578 135
242 72 578 1325
244 73 578 1001
249 74 578 1513
252 75 578 1171
254 76 578 1049
255 77 578 827
256 78 578 851
261 79 578 1565
263 80 578 1027
268 81 578 1523
270 82 578 938
272 83 578 1055
274 84 578 950
276 85 578 1110
279 86 578 1202
303 87 578 1923
304 88 578 660
306 89 578 871
309 90 578 1167
326 91 578 1914
331 92 578 1544
331 93 578 22
332 94 578 627
334 95 578 1027
338 96 578 1476
339 97 578 657
339 98 578 34
343 99 578 1374
344 100 578 841
344 101 578 428
348 102 578 1380
360 104 578 231
360 103 578 1876
364 105 578 1416
369 106 578 1558
372 107 578 1333
372 108 578 406
376 109 578 1345
379 110 578 1299
382 111 578 1279
400 112 578 1917
404 113 578 1346
408 114 578 1421
416 115 578 1772
421 116 578 1547
421 117 578 340
421 118 578 225
422 119 578 566
423 120 578 621
428 121 578 1605
433 122 578 1536
437 123 578 1487
454 124 578 1914
454 125 578 286
455 126 578 516
458 127 578 1303
458 128 578 374
458 129 578 486
464 130 578 1620
464 131 578 391
465 132 578 792
469 133 578 1401
470 134 578 724
471 135 578 598
471 136 578 142
473 137 578 986
474 138 578 823
478 139 578 1458
482 140 578 1477
490 141 578 1794
495 142 578 1517
498 143 578 1240
503 144 578 1496
512 145 578 1813
533 146 578 1922
533 147 578 198
534 148 578 525
535 149 578 779
539 150 578 1404
541 151 578 1135
541 152 578 432
545 153 578 1392
546 154 578 752
549 155 578 1161
550 156 578 816
559 157 578 1817
572 158 578 1887
583 159 578 1870
585 160 578 900
585 161 578 255
587 162 578 958
597 163 578 1844
603 164 578 1650
605 165 578 908
605 166 578 486
606 167 578 515
607 168 578 622
608 169 578 822
614 170 578 1630
615 171 578 560
619 172 578 1441
620 173 578 691
622 174 578 1014
623 175 578 752
623 176 578 88
623 177 578 296
640 178 578 1916
640 179 578 100
640 180 578 289
640 181 578 317
641 182 578 777
646 183 578 1519
648 184 578 1007
648 185 578 484
660 186 578 1883
663 187 578 1325
664 188 578 648
668 189 578 1487
675 190 578 1707
675 191 578 250
677 192 578 1024
679 193 578 878
680 194 578 558
683 195 578 1222
684 196 578 835
689 197 578 1597
694 198 578 1515
695 199 578 588
698 200 578 1327
702 201 578 1406
707 202 578 1500
713 203 578 1628
715 204 578 1074
716 205 578 843
722 206 578 1618
728 207 578 1666
728 208 578 377
728 209 578 0
730 210 578 1072
731 211 578 520
740 212 578 1826
748 213 578 1786
753 214 578 1580
754 215 578 582
758 216 578 1402
762 217 578 1364
763 218 578 837
766 219 578 1165
768 220 578 949
770 221 578 1086
778 222 578 1791
780 223 578 1059
782 224 578 1040
786 225 578 1380
790 226 578 1461
791 227 578 563
791 228 578 132
798 229 578 1717
808 231 578 416
808 230 578 1842
809 232 578 706
812 233 578 1327
813 234 578 697
814 235 578 807
815 236 578 742
817 237 578 1074
817 238 578 445
817 239 578 163
818 241 578 216
818 240 578 791
820 242 578 947
821 243 578 648
821 244 578 414
824 245 578 1186
824 246 578 348
827 247 578 1162
830 248 578 1222
844 249 578 1900
851 250 578 1744
855 251 578 1396
856 252 578 759
856 253 578 349
861 254 578 1563
861 255 578 241
866 256 578 1540
866 257 578 441
867 258 578 587
873 259 578 1619
876 260 578 1307
878 261 578 1055
883 262 578 1533
884 263 578 585
884 264 578 82
885 265 578 656
892 266 578 1739
893 267 578 499
895 268 578 1088
896 269 578 773
904 270 578 1765
904 271 578 328
906 272 578 919
907 273 578 674
907 274 578 374
908 275 578 732
908 276 578 138
910 277 578 1142
911 278 578 644
919 279 578 1778
921 280 578 1031
921 281 578 298
924 282 578 1265
924 283 578 156
938 284 578 1897
938 285 578 446
943 286 578 1581
943 287 578 356
950 289 578 456
950 288 578 1689
953 290 578 1191
953 291 578 300
953 292 578 486
954 293 578 750
955 294 578 781
961 295 578 1660
962 296 578 608
962 297 578 361
963 298 578 566
969 299 578 1683
973 300 578 1372
981 301 578 1774
981 302 578 73
981 303 578 449
981 304 578 135
985 305 578 1416
985 306 578 476
