8 0 379 1769
9 1 379 799
9 2 379 81
9 3 379 47
10 4 379 843
10 5 379 432
13 6 379 1264
13 7 379 73
15 8 379 1052
16 9 379 532
23 10 379 1739
29 11 379 1668
29 12 379 256
30 13 379 744
30 14 379 421
30 15 379 451
30 16 379 216
31 17 379 601
33 18 379 974
55 19 379 1922
56 20 379 593
56 21 379 24
56 22 379 190
65 23 379 1813
76 24 379 1859
78 25 379 942
85 26 379 1719
88 27 379 1223
88 28 379 33
92 29 379 1389
92 30 379 293
95 31 379 1226
97 32 379 1035
102 33 379 1508
105 36 379 426
105 37 379 358
105 34 379 1173
105 35 379 2
109 38 379 1407
110 39 379 637
112 40 379 1118
116 41 379 1429
119 42 379 1288
124 44 379 20
124 45 379 97
124 43 379 1507
127 46 379 1178
130 47 379 1256
133 48 379 1238
140 49 379 1707
148 53 379 361
148 50 379 1755
148 51 379 447
148 52 379 472
150 54 379 1099
157 55 379 1745
158 56 379 609
158 57 379 193
158 58 379 112
167 59 379 1825
168 60 379 638
168 61 379 40
168 62 379 39
173 63 379 1587
173 64 379 239
174 65 379 513
175 66 379 633
176 67 379 673
181 68 379 1495
181 69 379 418
181 70 379 25
189 71 379 1783
191 72 379 1118
191 73 379 336
192 74 379 804
194 75 379 1089
195 76 379 660
196 77 379 608
204 78 379 1792
212 79 379 1762
218 80 379 1688
218 81 379 463
234 82 379 1909
234 83 379 250
239 84 379 1558
247 85 379 1770
248 86 379 753
249 87 379 673
249 88 379 408
253 89 379 1353
256 90 379 1317
256 91 379 232
256 92 379 246
261 93 379 1506
286 94 379 1924
288 95 379 1077
292 96 379 1389
298 97 379 1625
301 98 379 1267
305 99 379 1432
309 100 379 1389
310 101 379 505
316 102 379 1685
317 103 379 820
323 104 379 1681
337 105 379 1897
340 106 379 1253
340 107 379 136
344 108 379 1482
344 109 379 10
346 116 379 55
346 115 379 175
346 113 379 275
346 114 379 137
346 112 379 325
346 111 379 1
346 110 379 1084
353 117 379 1713
353 118 379 28
353 119 379 393
359 120 379 1684
371 122 379 264
371 123 379 141
371 121 379 1884
373 124 379 1025
380 125 379 1717
385 126 379 1537
390 127 379 1537
390 128 379 337
396 129 379 1651
402 130 379 1624
404 131 379 960
407 134 379 372
407 133 379 359
407 132 379 1265
410 135 379 1182
411 136 379 702
413 137 379 1089
413 138 379 494
418 139 379 1586
419 140 379 516
420 141 379 617
422 142 379 1116
422 143 379 398
422 144 379 269
425 145 379 1316
435 146 379 1832
448 147 379 1895
452 148 379 1369
459 149 379 1749
461 150 379 1022
466 151 379 1600
471 152 379 1596
473 153 379 874
479 154 379 1672
483 155 379 1429
483 156 379 241
488 157 379 1543
495 158 379 1720
508 159 379 1888
508 160 379 360
514 161 379 1641
521 162 379 1723
529 165 379 124
529 163 379 1756
529 164 379 310
530 166 379 661
543 167 379 1890
552 168 379 1827
554 169 379 879
558 170 379 1397
560 171 379 891
563 173 379 367
563 172 379 1219
572 174 379 1801
574 175 379 1067
575 176 379 768
583 177 379 1790
592 178 379 1797
598 179 379 1634
607 180 379 1810
612 182 379 167
612 181 379 1566
613 183 379 513
614 184 379 628
614 185 379 23
617 186 379 1288
617 187 379 391
618 188 379 612
619 189 379 868
621 190 379 941
623 191 379 1083
626 192 379 1294
627 193 379 530
630 194 379 1226
631 195 379 800
632 196 379 818
635 197 379 1285
635 198 379 87
635 199 379 145
636 200 379 654
647 206 379 381
647 205 379 130
647 204 379 351
647 201 379 1866
647 202 379 67
647 203 379 490
650 207 379 1229
652 208 379 997
653 209 379 605
654 211 379 376
654 210 379 660
660 212 379 1671
660 213 379 85
660 214 379 78
661 215 379 718
665 216 379 1473
668 217 379 1210
670 218 379 1127
670 219 379 286
671 221 379 270
671 220 379 760
674 222 379 1278
676 223 379 959
687 224 379 1862
687 225 379 314
692 226 379 1522
693 227 379 689
695 228 379 1065
697 230 379 248
697 229 379 1001
701 231 379 1408
708 232 379 1702
714 233 379 1652
716 234 379 979
727 235 379 1869
732 236 379 1498
737 238 379 162
737 239 379 498
737 237 379 1602
742 240 379 1567
742 241 379 59
745 242 379 1318
745 243 379 6
745 244 379 207
746 245 379 565
749 246 379 1337
752 247 379 1208
752 248 379 452
753 249 379 507
756 250 379 1251
761 251 379 1533
761 252 379 157
768 253 379 1725
771 254 379 1309
771 255 379 384
772 256 379 587
774 257 379 1033
775 259 379 37
775 258 379 552
776 260 379 533
782 261 379 1617
782 262 379 163
802 263 379 1921
802 264 379 356
805 265 379 1177
806 266 379 598
806 267 379 19
808 269 379 133
808 268 379 1030
811 270 379 1145
820 271 379 1796
822 272 379 1048
823 273 379 629
824 274 379 644
825 275 379 701
827 276 379 876
830 277 379 1272
831 278 379 752
834 279 379 1297
836 280 379 901
836 281 379 313
836 282 379 236
837 283 379 558
843 284 379 1674
844 285 379 640
847 286 379 1250
861 288 379 342
861 287 379 1901
862 289 379 595
865 290 379 1282
865 291 379 465
867 292 379 1049
867 293 379 125
880 294 379 1889
892 295 379 1875
901 296 379 1820
904 297 379 1322
909 298 379 1574
911 299 379 955
924 300 379 1891
927 301 379 1318
927 302 379 177
927 303 379 318
930 304 379 1287
934 305 379 1380
934 306 379 485
