0 0 1311 300
0 1 1311 48
0 2 1311 194
2 3 1311 1133
2 4 1311 278
4 5 1311 1124
6 7 1311 498
6 8 1311 6
6 6 1311 1035
7 9 1311 726
7 10 1311 372
7 11 1311 220
11 12 1311 1461
16 13 1311 1562
18 14 1311 1038
19 15 1311 597
22 16 1311 1343
25 17 1311 1170
30 18 1311 1557
32 19 1311 1073
32 20 1311 56
34 21 1311 1117
39 22 1311 1570
41 23 1311 1017
45 24 1311 1487
46 25 1311 672
47 26 1311 572
48 28 1311 217
48 27 1311 847
54 29 1311 1608
65 30 1311 1864
65 31 1311 426
65 32 1311 109
66 33 1311 689
66 34 1311 253
72 35 1311 1632
75 36 1311 1279
83 37 1311 1783
87 38 1311 1442
88 39 1311 765
99 40 1311 1858
99 41 1311 175
100 42 1311 737
100 43 1311 138
106 44 1311 1670
107 46 1311 233
107 45 1311 623
108 47 1311 704
110 48 1311 893
110 49 1311 279
111 50 1311 757
120 51 1311 1811
120 52 1311 110
128 53 1311 1750
128 54 1311 63
130 56 1311 403
130 55 1311 1108
132 57 1311 1101
137 58 1311 1571
142 59 1311 1531
143 60 1311 552
143 61 1311 187
143 62 1311 281
143 63 1311 323
144 64 1311 786
155 66 1311 110
155 65 1311 1871
156 67 1311 772
159 68 1311 1308
162 69 1311 1331
165 70 1311 1242
169 71 1311 1485
175 72 1311 1652
176 73 1311 791
178 74 1311 1139
187 76 1311 380
187 75 1311 1805
191 77 1311 1432
194 78 1311 1271
195 79 1311 863
195 80 1311 439
203 81 1311 1792
215 82 1311 1879
226 83 1311 1863
227 87 1311 283
227 86 1311 316
227 84 1311 850
227 85 1311 53
228 88 1311 625
230 89 1311 1070
233 91 1311 177
233 90 1311 1229
233 92 1311 211
243 94 1311 212
243 93 1311 1836
249 95 1311 1671
258 96 1311 1819
258 97 1311 414
261 98 1311 1276
268 99 1311 1724
269 100 1311 513
273 101 1311 1386
276 102 1311 1321
280 103 1311 1486
282 104 1311 961
285 105 1311 1196
285 106 1311 158
288 107 1311 1243
289 108 1311 611
289 109 1311 182
290 110 1311 727
292 111 1311 896
300 112 1311 1755
301 113 1311 708
303 114 1311 1091
304 115 1311 685
304 116 1311 232
304 117 1311 342
308 118 1311 1397
309 119 1311 733
314 120 1311 1555
322 123 1311 238
322 124 1311 102
322 121 1311 1752
322 122 1311 146
324 125 1311 1065
327 126 1311 1274
334 127 1311 1740
335 128 1311 578
339 129 1311 1393
355 130 1311 1911
368 132 1311 155
368 131 1311 1891
372 134 1311 350
372 133 1311 1472
374 135 1311 978
374 136 1311 471
374 137 1311 392
376 138 1311 902
381 139 1311 1578
390 140 1311 1819
392 141 1311 997
397 146 1311 347
397 145 1311 332
397 143 1311 443
397 142 1311 1597
397 144 1311 343
401 147 1311 1428
402 148 1311 745
406 149 1311 1452
410 150 1311 1438
414 151 1311 1476
416 152 1311 941
417 154 1311 169
417 153 1311 543
418 155 1311 685
421 156 1311 1239
423 157 1311 1082
427 158 1311 1383
436 159 1311 1821
446 160 1311 1847
446 161 1311 342
447 162 1311 664
450 164 1311 196
450 163 1311 1143
451 165 1311 761
452 166 1311 740
452 167 1311 282
452 168 1311 357
452 169 1311 113
452 170 1311 213
460 171 1311 1764
464 172 1311 1365
471 173 1311 1743
472 174 1311 838
473 175 1311 557
473 176 1311 155
479 177 1311 1627
488 178 1311 1820
495 179 1311 1694
496 180 1311 717
504 181 1311 1770
506 182 1311 995
508 183 1311 1051
520 184 1311 1879
520 185 1311 435
522 186 1311 949
527 187 1311 1537
530 188 1311 1303
535 189 1311 1589
541 190 1311 1663
544 191 1311 1313
546 192 1311 933
548 193 1311 1005
554 194 1311 1656
558 195 1311 1477
558 196 1311 332
558 197 1311 454
558 198 1311 246
563 199 1311 1506
568 201 1311 64
568 200 1311 1517
570 202 1311 1070
571 203 1311 632
574 204 1311 1238
579 205 1311 1598
579 206 1311 110
581 207 1311 1123
587 208 1311 1629
592 209 1311 1536
593 210 1311 530
598 211 1311 1536
601 212 1311 1187
607 213 1311 1614
609 214 1311 1103
609 215 1311 77
612 216 1311 1271
617 217 1311 1538
620 218 1311 1189
626 219 1311 1686
633 220 1311 1737
635 221 1311 1127
637 222 1311 904
638 223 1311 693
638 224 1311 374
639 225 1311 825
640 226 1311 831
640 227 1311 360
640 228 1311 87
643 230 1311 224
643 229 1311 1286
649 231 1311 1626
653 232 1311 1381
653 233 1311 313
653 234 1311 177
654 235 1311 652
655 236 1311 699
655 237 1311 363
662 240 1311 324
662 239 1311 280
662 238 1311 1737
670 241 1311 1750
680 242 1311 1833
687 243 1311 1691
689 244 1311 1058
689 245 1311 126
689 246 1311 125
692 247 1311 1244
701 248 1311 1826
706 250 1311 205
706 249 1311 1578
707 251 1311 719
710 252 1311 1189
710 253 1311 485
717 254 1311 1694
717 255 1311 390
719 258 1311 257
719 259 1311 413
719 256 1311 1085
719 257 1311 377
720 260 1311 767
726 261 1311 1675
728 262 1311 1036
728 263 1311 343
731 264 1311 1312
732 265 1311 829
732 266 1311 155
734 267 1311 874
738 269 1311 451
738 268 1311 1437
741 270 1311 1302
743 271 1311 908
750 272 1311 1726
752 273 1311 908
756 274 1311 1361
772 275 1311 1911
775 276 1311 1219
777 277 1311 1138
782 279 1311 247
782 278 1311 1559
783 280 1311 699
788 281 1311 1511
788 282 1311 458
788 283 1311 433
790 284 1311 1081
794 285 1311 1430
794 286 1311 436
796 287 1311 895
797 288 1311 544
804 289 1311 1712
808 290 1311 1492
808 291 1311 321
808 292 1311 105
811 293 1311 1323
815 294 1311 1437
816 295 1311 574
817 296 1311 714
821 297 1311 1489
821 298 1311 378
821 299 1311 229
834 300 1311 1895
837 301 1311 1176
844 302 1311 1732
848 303 1311 1375
848 304 1311 276
851 305 1311 1221
853 306 1311 917
