0 0 217 279
9 1 217 1806
9 2 217 383
10 3 217 711
14 4 217 1398
16 5 217 1057
18 6 217 982
23 8 217 12
23 7 217 1497
24 9 217 868
29 10 217 1596
36 11 217 1718
44 12 217 1770
44 13 217 454
47 15 217 179
47 14 217 1231
50 16 217 1316
52 18 217 495
52 17 217 1064
53 19 217 711
61 20 217 1773
63 21 217 964
66 22 217 1314
69 23 217 1215
72 24 217 1266
73 25 217 748
78 27 217 325
78 26 217 1518
79 28 217 789
80 29 217 602
80 30 217 14
83 31 217 1172
87 32 217 1441
87 33 217 59
88 34 217 816
90 35 217 1125
93 36 217 1185
94 37 217 818
97 38 217 1221
100 39 217 1182
101 40 217 663
109 41 217 1790
113 42 217 1354
113 43 217 262
116 44 217 1228
117 46 217 244
117 45 217 639
126 47 217 1799
128 48 217 1094
128 49 217 46
128 50 217 18
128 51 217 209
131 52 217 1214
136 53 217 1540
141 54 217 1538
144 56 217 491
144 55 217 1240
146 57 217 1093
150 58 217 1369
151 59 217 650
155 60 217 1463
156 61 217 657
157 62 217 708
160 63 217 1335
161 65 217 424
161 66 217 276
161 64 217 853
168 67 217 1711
173 68 217 1562
173 69 217 106
175 70 217 918
175 71 217 498
183 72 217 1767
186 74 217 48
186 73 217 1237
201 75 217 1907
206 76 217 1534
208 77 217 1052
224 78 217 1911
225 79 217 627
226 80 217 504
232 81 217 1644
235 82 217 1155
236 83 217 742
237 84 217 583
244 85 217 1730
256 86 217 1882
265 87 217 1826
265 88 217 445
270 89 217 1501
271 90 217 633
271 91 217 92
275 92 217 1374
276 93 217 571
282 95 217 5
282 94 217 1644
284 96 217 1082
284 97 217 19
287 98 217 1333
288 99 217 804
288 100 217 363
288 101 217 457
288 102 217 236
290 103 217 988
292 104 217 1053
296 105 217 1445
296 106 217 366
310 107 217 1902
314 108 217 1491
319 109 217 1556
325 110 217 1630
329 111 217 1364
331 112 217 1107
332 114 217 146
332 113 217 742
339 115 217 1743
343 116 217 1426
356 117 217 1890
357 118 217 752
359 119 217 1048
359 120 217 467
359 121 217 374
362 123 217 61
362 122 217 1265
366 124 217 1397
367 125 217 825
369 126 217 1049
372 127 217 1196
377 128 217 1518
377 129 217 42
378 130 217 825
383 131 217 1515
389 132 217 1644
391 135 217 46
391 133 217 1107
391 134 217 263
395 136 217 1408
395 137 217 167
401 138 217 1614
403 139 217 1062
407 140 217 1363
422 141 217 1905
422 142 217 334
423 143 217 814
432 144 217 1795
435 145 217 1194
437 146 217 910
438 147 217 631
438 148 217 424
447 149 217 1825
448 150 217 504
450 151 217 1116
453 154 217 337
453 153 217 285
453 152 217 1191
470 155 217 1913
472 156 217 1116
472 157 217 175
477 158 217 1515
477 159 217 227
477 160 217 396
479 162 217 383
479 161 217 1095
483 163 217 1449
484 164 217 731
484 165 217 115
490 169 217 99
490 166 217 1644
490 167 217 0
490 168 217 478
490 170 217 335
493 172 217 276
493 171 217 1259
499 173 217 1614
505 174 217 1609
505 175 217 486
505 176 217 39
505 177 217 451
505 178 217 190
505 179 217 203
515 181 217 417
515 180 217 1840
516 182 217 771
522 183 217 1617
526 184 217 1463
532 185 217 1633
532 186 217 323
536 187 217 1358
537 189 217 274
537 188 217 770
538 190 217 854
541 191 217 1232
542 192 217 576
546 193 217 1386
547 194 217 666
547 195 217 268
552 196 217 1521
553 197 217 810
553 198 217 82
559 199 217 1680
563 200 217 1474
565 201 217 910
565 202 217 152
565 203 217 324
569 204 217 1490
572 205 217 1169
573 206 217 839
578 207 217 1502
579 208 217 600
587 209 217 1775
599 210 217 1874
600 211 217 664
616 212 217 1910
619 213 217 1312
619 214 217 311
634 215 217 1903
634 216 217 323
635 217 217 691
651 218 217 1911
653 219 217 1022
660 221 217 286
660 220 217 1716
663 222 217 1154
663 223 217 203
666 224 217 1169
668 225 217 1027
669 226 217 683
670 227 217 815
672 228 217 947
675 229 217 1341
677 230 217 890
680 231 217 1154
680 232 217 369
680 233 217 434
681 234 217 653
683 238 217 126
683 237 217 447
683 239 217 293
683 235 217 930
683 236 217 264
684 240 217 794
685 241 217 746
686 242 217 758
688 243 217 920
688 244 217 325
688 245 217 190
691 246 217 1247
694 247 217 1188
696 248 217 1074
697 249 217 688
708 250 217 1870
709 251 217 829
710 252 217 823
712 253 217 985
725 254 217 1889
728 255 217 1188
734 256 217 1680
746 257 217 1873
748 261 217 24
748 260 217 486
748 258 217 1079
748 259 217 462
749 262 217 554
752 263 217 1184
754 264 217 884
755 266 217 295
755 265 217 719
759 267 217 1475
760 268 217 658
763 269 217 1306
769 270 217 1638
778 271 217 1801
779 272 217 564
785 273 217 1618
785 274 217 228
787 275 217 970
791 276 217 1452
791 277 217 234
800 278 217 1803
802 279 217 979
809 280 217 1705
813 281 217 1419
819 282 217 1665
819 283 217 259
823 284 217 1396
823 285 217 60
823 286 217 330
826 288 217 470
826 287 217 1308
830 289 217 1390
833 290 217 1175
833 291 217 315
836 292 217 1292
841 293 217 1588
848 294 217 1732
849 295 217 770
849 296 217 191
854 298 217 35
854 297 217 1499
859 299 217 1530
868 300 217 1819
875 301 217 1697
876 302 217 529
883 303 217 1692
885 304 217 974
885 305 217 68
885 306 217 265
