3 0 1469 1335
5 1 1469 1056
6 2 1469 721
8 3 1469 1139
11 4 1469 1313
20 5 1469 1805
22 6 1469 1087
24 7 1469 897
29 8 1469 1571
39 9 1469 1848
39 10 1469 230
43 11 1469 1390
45 12 1469 949
51 13 1469 1659
52 14 1469 759
60 15 1469 1761
60 16 1469 414
69 17 1469 1823
70 18 1469 598
75 19 1469 1532
77 20 1469 1063
83 21 1469 1610
84 22 1469 782
92 23 1469 1785
93 24 1469 515
102 25 1469 1818
111 27 1469 289
111 26 1469 1808
125 28 1469 1900
125 29 1469 93
125 30 1469 457
127 31 1469 993
128 32 1469 519
131 33 1469 1244
132 34 1469 503
134 35 1469 947
139 37 1469 182
139 36 1469 1582
149 38 1469 1831
155 39 1469 1650
158 40 1469 1257
160 41 1469 1066
165 42 1469 1584
173 43 1469 1783
173 44 1469 261
175 45 1469 986
181 46 1469 1649
183 47 1469 1041
185 48 1469 881
187 49 1469 1041
187 50 1469 180
187 51 1469 417
197 52 1469 1841
198 53 1469 575
203 54 1469 1543
209 56 1469 273
209 55 1469 1649
210 57 1469 861
211 58 1469 623
215 59 1469 1420
236 60 1469 1922
237 61 1469 797
239 62 1469 921
243 63 1469 1477
247 64 1469 1391
250 65 1469 1161
252 66 1469 870
258 67 1469 1629
261 68 1469 1155
268 69 1469 1737
268 70 1469 179
268 71 1469 231
286 72 1469 1916
288 73 1469 873
288 74 1469 275
308 76 1469 26
308 75 1469 1921
310 77 1469 924
315 78 1469 1523
319 79 1469 1453
319 80 1469 168
320 81 1469 766
323 82 1469 1333
324 83 1469 858
334 85 1469 39
334 84 1469 1837
336 86 1469 1077
347 87 1469 1869
353 88 1469 1625
354 89 1469 779
355 90 1469 673
356 91 1469 721
360 93 1469 411
360 92 1469 1484
366 98 1469 391
366 97 1469 106
366 94 1469 1652
366 95 1469 459
366 96 1469 145
368 99 1469 1025
368 100 1469 115
368 101 1469 19
377 102 1469 1811
379 103 1469 1069
380 104 1469 862
392 105 1469 1874
392 106 1469 425
394 107 1469 967
394 108 1469 299
399 109 1469 1547
405 110 1469 1622
408 111 1469 1273
411 112 1469 1262
413 113 1469 1094
416 114 1469 1251
419 115 1469 1155
423 116 1469 1389
423 117 1469 62
428 118 1469 1565
432 119 1469 1351
432 120 1469 83
434 122 1469 3
434 123 1469 375
434 121 1469 926
436 124 1469 1063
440 125 1469 1383
441 126 1469 672
446 127 1469 1505
449 128 1469 1145
456 129 1469 1740
464 130 1469 1776
474 131 1469 1845
475 133 1469 497
475 132 1469 533
478 134 1469 1338
478 135 1469 148
480 136 1469 880
480 137 1469 263
501 138 1469 1921
514 139 1469 1888
519 140 1469 1539
519 141 1469 109
524 142 1469 1569
524 143 1469 78
526 144 1469 1081
529 145 1469 1325
533 146 1469 1383
533 147 1469 389
535 148 1469 1084
535 149 1469 497
537 151 1469 82
537 150 1469 994
537 152 1469 465
539 153 1469 964
541 154 1469 941
543 155 1469 1114
543 156 1469 16
547 157 1469 1435
547 158 1469 5
551 159 1469 1404
554 160 1469 1201
555 161 1469 844
562 163 1469 484
562 162 1469 1747
569 164 1469 1696
576 165 1469 1702
577 166 1469 739
578 167 1469 765
584 168 1469 1681
586 169 1469 1102
586 170 1469 275
588 172 1469 66
588 171 1469 1125
593 173 1469 1601
600 174 1469 1737
614 175 1469 1899
617 176 1469 1281
627 177 1469 1850
630 178 1469 1219
636 179 1469 1663
664 181 1469 282
664 180 1469 1924
664 182 1469 421
665 183 1469 648
666 184 1469 745
673 185 1469 1693
677 186 1469 1380
681 187 1469 1494
685 189 1469 224
685 188 1469 1480
685 190 1469 132
689 192 1469 257
689 191 1469 1369
690 193 1469 517
691 194 1469 686
692 195 1469 695
692 196 1469 287
694 197 1469 1085
694 198 1469 306
697 199 1469 1304
698 200 1469 585
699 201 1469 618
700 202 1469 633
715 203 1469 1907
715 204 1469 222
723 205 1469 1794
723 206 1469 16
724 207 1469 788
727 208 1469 1151
729 209 1469 967
737 213 1469 267
737 211 1469 90
737 210 1469 1757
737 212 1469 216
741 214 1469 1404
743 215 1469 918
743 216 1469 423
745 217 1469 1099
751 218 1469 1663
751 219 1469 2
751 220 1469 321
754 221 1469 1170
757 222 1469 1209
761 223 1469 1457
763 224 1469 969
764 225 1469 831
765 226 1469 867
769 227 1469 1473
771 228 1469 915
773 229 1469 1042
779 231 1469 195
779 230 1469 1612
784 232 1469 1543
794 233 1469 1840
796 234 1469 1078
799 235 1469 1306
804 236 1469 1574
804 237 1469 438
804 238 1469 426
806 239 1469 876
812 240 1469 1677
813 241 1469 591
813 242 1469 342
814 243 1469 513
814 244 1469 391
814 245 1469 41
817 246 1469 1152
834 247 1469 1915
836 248 1469 1038
843 250 1469 271
843 249 1469 1692
845 251 1469 1113
849 252 1469 1347
849 253 1469 303
851 254 1469 982
854 255 1469 1339
857 256 1469 1333
859 257 1469 1101
861 258 1469 937
864 259 1469 1315
866 260 1469 926
866 261 1469 467
875 262 1469 1798
875 263 1469 109
878 264 1469 1280
883 265 1469 1562
883 266 1469 472
883 267 1469 301
885 269 1469 97
885 268 1469 1114
888 270 1469 1269
904 271 1469 1909
905 272 1469 673
906 273 1469 786
906 274 1469 250
912 275 1469 1655
913 276 1469 827
914 277 1469 695
916 278 1469 1065
918 279 1469 928
923 280 1469 1603
925 281 1469 877
925 282 1469 435
928 283 1469 1147
929 284 1469 770
930 285 1469 499
931 286 1469 773
934 287 1469 1239
935 288 1469 857
941 289 1469 1663
955 290 1469 1897
955 291 1469 473
959 292 1469 1426
961 293 1469 1035
973 294 1469 1875
976 295 1469 1209
977 296 1469 717
977 297 1469 232
980 298 1469 1158
981 299 1469 753
985 300 1469 1494
986 301 1469 851
987 302 1469 801
989 304 1469 423
989 305 1469 286
989 303 1469 940
989 306 1469 440
