2 0 1681 1054
4 1 1681 1084
7 2 1681 1318
14 3 1681 1728
14 4 1681 387
21 5 1681 1741
22 6 1681 816
23 7 1681 541
26 8 1681 1337
27 9 1681 839
30 10 1681 1342
32 11 1681 1132
32 12 1681 422
35 13 1681 1280
35 14 1681 348
35 15 1681 353
38 16 1681 1287
38 17 1681 51
39 19 1681 391
39 18 1681 795
45 20 1681 1658
47 21 1681 1116
47 22 1681 394
47 23 1681 20
51 24 1681 1352
51 25 1681 471
51 26 1681 126
51 27 1681 78
54 28 1681 1298
60 29 1681 1621
68 30 1681 1769
68 31 1681 10
75 32 1681 1728
80 33 1681 1503
81 34 1681 508
83 35 1681 900
87 36 1681 1430
96 37 1681 1810
102 38 1681 1611
105 39 1681 1297
105 40 1681 419
105 41 1681 40
109 42 1681 1428
112 43 1681 1342
113 44 1681 612
117 45 1681 1428
119 47 1681 237
119 46 1681 1008
123 48 1681 1427
125 49 1681 983
126 50 1681 624
127 51 1681 684
131 52 1681 1361
138 53 1681 1737
142 54 1681 1372
153 55 1681 1863
154 56 1681 689
157 57 1681 1297
157 58 1681 376
167 59 1681 1840
173 60 1681 1614
174 61 1681 738
177 62 1681 1168
183 63 1681 1641
185 64 1681 994
188 65 1681 1331
191 66 1681 1328
192 67 1681 844
193 68 1681 772
197 69 1681 1372
198 70 1681 847
202 71 1681 1402
202 72 1681 364
206 73 1681 1423
220 74 1681 1896
226 75 1681 1618
232 76 1681 1612
234 77 1681 976
237 78 1681 1333
247 79 1681 1848
251 80 1681 1388
260 81 1681 1813
261 82 1681 575
261 83 1681 314
263 84 1681 996
265 85 1681 1085
266 86 1681 573
283 87 1681 1916
283 88 1681 130
284 89 1681 570
284 90 1681 210
284 91 1681 132
288 92 1681 1433
295 93 1681 1695
301 94 1681 1607
306 95 1681 1606
307 96 1681 796
314 97 1681 1711
314 98 1681 348
317 99 1681 1205
317 100 1681 100
317 101 1681 164
321 104 1681 136
321 103 1681 54
321 102 1681 1390
324 105 1681 1147
324 106 1681 319
335 107 1681 1863
343 108 1681 1765
349 109 1681 1679
349 110 1681 250
355 111 1681 1637
368 113 1681 452
368 114 1681 452
368 112 1681 1889
375 115 1681 1725
375 116 1681 162
376 117 1681 853
377 118 1681 644
387 119 1681 1834
388 120 1681 758
391 121 1681 1337
392 123 1681 201
392 122 1681 714
395 124 1681 1162
396 125 1681 714
409 126 1681 1893
410 127 1681 593
417 128 1681 1740
417 129 1681 290
418 130 1681 821
427 131 1681 1826
428 133 1681 127
428 132 1681 628
435 134 1681 1748
438 135 1681 1223
438 136 1681 423
439 137 1681 520
439 138 1681 177
447 139 1681 1774
448 140 1681 765
449 146 1681 168
449 145 1681 497
449 144 1681 320
449 142 1681 150
449 141 1681 634
449 143 1681 375
451 147 1681 980
454 148 1681 1243
463 149 1681 1806
467 150 1681 1443
478 151 1681 1867
480 154 1681 447
480 153 1681 439
480 152 1681 1067
481 155 1681 687
485 156 1681 1375
488 157 1681 1188
489 158 1681 817
493 159 1681 1346
496 160 1681 1178
502 162 1681 123
502 161 1681 1651
506 163 1681 1475
507 164 1681 858
507 165 1681 349
509 166 1681 1009
517 167 1681 1762
518 168 1681 629
521 169 1681 1153
524 170 1681 1302
529 171 1681 1566
530 172 1681 676
531 173 1681 795
533 174 1681 1068
533 175 1681 123
536 176 1681 1186
536 177 1681 338
545 178 1681 1806
546 179 1681 664
547 180 1681 546
549 181 1681 912
552 182 1681 1275
563 183 1681 1858
564 184 1681 772
566 185 1681 878
567 186 1681 758
567 187 1681 188
572 188 1681 1605
574 189 1681 1061
582 190 1681 1773
585 191 1681 1159
591 192 1681 1628
592 193 1681 756
593 194 1681 596
595 195 1681 1039
596 196 1681 511
597 197 1681 600
601 198 1681 1442
615 199 1681 1896
619 203 1681 89
619 202 1681 351
619 200 1681 1413
619 201 1681 330
620 204 1681 504
629 205 1681 1801
632 206 1681 1191
632 207 1681 272
635 208 1681 1295
635 209 1681 323
639 210 1681 1425
641 211 1681 1036
644 212 1681 1307
644 213 1681 153
645 214 1681 800
645 215 1681 265
645 216 1681 375
645 217 1681 189
646 218 1681 703
661 219 1681 1904
666 220 1681 1515
667 221 1681 820
667 222 1681 157
671 223 1681 1493
674 224 1681 1304
674 225 1681 143
685 226 1681 1863
695 227 1681 1844
695 228 1681 198
695 229 1681 29
700 230 1681 1536
701 231 1681 586
702 232 1681 821
712 233 1681 1835
715 234 1681 1176
715 235 1681 215
716 236 1681 561
719 237 1681 1186
723 238 1681 1354
725 239 1681 895
731 240 1681 1611
731 241 1681 486
732 242 1681 818
735 243 1681 1281
740 244 1681 1560
741 245 1681 737
749 246 1681 1776
753 247 1681 1475
765 249 1681 330
765 248 1681 1881
766 250 1681 664
766 251 1681 322
775 252 1681 1822
779 253 1681 1462
779 254 1681 381
780 255 1681 592
780 256 1681 173
781 257 1681 783
782 258 1681 709
782 259 1681 360
793 260 1681 1863
796 261 1681 1272
796 262 1681 73
799 263 1681 1265
800 264 1681 712
801 266 1681 215
801 265 1681 838
805 267 1681 1397
807 268 1681 901
808 269 1681 584
814 270 1681 1629
816 271 1681 1113
817 272 1681 759
824 273 1681 1732
824 274 1681 293
826 275 1681 1028
826 276 1681 1
827 277 1681 800
838 278 1681 1857
839 279 1681 567
839 280 1681 291
839 281 1681 388
852 282 1681 1888
860 283 1681 1793
863 284 1681 1290
866 285 1681 1213
867 286 1681 689
870 287 1681 1283
874 288 1681 1454
875 289 1681 583
875 290 1681 41
882 291 1681 1702
882 292 1681 477
884 293 1681 994
886 294 1681 957
886 295 1681 339
886 296 1681 413
890 297 1681 1477
891 298 1681 569
892 299 1681 721
893 300 1681 521
893 301 1681 379
894 302 1681 573
897 303 1681 1296
898 304 1681 626
902 305 1681 1475
906 306 1681 1488
