0 0 1829 79
6 1 1829 1629
11 2 1829 1553
13 3 1829 1058
20 4 1829 1733
23 5 1829 1249
26 6 1829 1274
27 7 1829 774
28 8 1829 541
30 9 1829 919
42 10 1829 1878
46 11 1829 1356
47 12 1829 801
48 13 1829 525
55 14 1829 1691
58 15 1829 1332
58 16 1829 488
58 17 1829 200
63 18 1829 1514
64 19 1829 588
68 20 1829 1372
68 21 1829 256
69 22 1829 710
71 23 1829 1027
77 24 1829 1646
79 25 1829 1101
81 26 1829 869
84 27 1829 1339
85 28 1829 832
87 29 1829 999
89 30 1829 984
89 31 1829 434
89 32 1829 416
96 33 1829 1708
96 34 1829 345
106 35 1829 1844
117 36 1829 1856
119 40 1829 48
119 39 1829 135
119 37 1829 976
119 38 1829 320
122 41 1829 1217
130 42 1829 1776
139 43 1829 1801
140 44 1829 565
154 45 1829 1901
161 46 1829 1709
161 47 1829 102
165 48 1829 1464
170 49 1829 1568
172 50 1829 1001
172 51 1829 387
176 52 1829 1432
176 53 1829 473
177 54 1829 669
184 55 1829 1747
186 56 1829 918
187 57 1829 526
190 58 1829 1336
191 59 1829 632
191 60 1829 380
202 61 1829 1860
213 62 1829 1867
217 63 1829 1467
228 64 1829 1859
232 65 1829 1444
234 66 1829 939
236 67 1829 1018
236 68 1829 180
244 69 1829 1772
248 70 1829 1401
252 71 1829 1437
261 72 1829 1804
265 73 1829 1379
266 75 1829 154
266 76 1829 404
266 74 1829 540
267 77 1829 834
267 78 1829 461
273 79 1829 1670
276 80 1829 1316
277 81 1829 766
286 82 1829 1800
289 83 1829 1189
311 84 1829 1922
312 85 1829 597
314 86 1829 926
325 87 1829 1867
327 88 1829 1038
328 89 1829 522
330 90 1829 925
333 91 1829 1330
338 92 1829 1564
344 93 1829 1613
350 95 1829 112
350 94 1829 1679
353 96 1829 1275
353 97 1829 309
364 98 1829 1866
366 99 1829 1046
368 100 1829 961
369 101 1829 691
379 102 1829 1847
385 104 1829 166
385 103 1829 1616
389 105 1829 1489
390 106 1829 507
390 107 1829 53
401 108 1829 1858
402 109 1829 514
405 112 1829 64
405 110 1829 1342
405 111 1829 83
410 113 1829 1591
413 114 1829 1240
418 115 1829 1538
418 116 1829 59
419 117 1829 677
423 118 1829 1469
426 119 1829 1262
427 120 1829 517
429 121 1829 996
444 122 1829 1904
449 123 1829 1582
450 124 1829 846
450 125 1829 71
459 126 1829 1798
459 127 1829 191
465 128 1829 1624
465 129 1829 427
466 130 1829 804
466 131 1829 95
468 132 1829 893
471 133 1829 1340
472 134 1829 708
473 135 1829 625
474 136 1829 844
474 137 1829 183
476 138 1829 1022
476 139 1829 433
476 140 1829 89
478 142 1829 9
478 141 1829 873
479 143 1829 524
481 144 1829 1104
482 145 1829 841
485 146 1829 1265
499 147 1829 1897
499 148 1829 372
499 149 1829 141
499 150 1829 53
500 151 1829 597
501 152 1829 764
502 153 1829 603
503 154 1829 528
516 155 1829 1890
517 156 1829 711
517 157 1829 264
518 158 1829 770
518 159 1829 95
524 161 1829 316
524 162 1829 353
524 160 1829 1616
528 163 1829 1430
534 164 1829 1635
537 165 1829 1247
539 166 1829 1115
540 167 1829 649
542 168 1829 883
543 169 1829 615
544 170 1829 694
553 171 1829 1800
558 172 1829 1580
560 173 1829 1036
563 174 1829 1172
568 175 1829 1568
570 176 1829 986
574 177 1829 1380
574 178 1829 477
574 179 1829 5
575 180 1829 730
584 181 1829 1825
591 182 1829 1743
595 183 1829 1483
595 184 1829 373
595 185 1829 206
598 186 1829 1256
598 187 1829 290
599 188 1829 811
600 189 1829 742
610 190 1829 1838
611 191 1829 579
614 192 1829 1338
616 193 1829 926
617 194 1829 742
624 195 1829 1698
625 196 1829 520
626 197 1829 503
627 198 1829 813
635 199 1829 1782
641 200 1829 1651
642 201 1829 615
644 202 1829 1014
650 203 1829 1682
654 204 1829 1371
654 205 1829 177
656 206 1829 942
662 207 1829 1652
666 208 1829 1355
668 209 1829 885
670 210 1829 903
673 211 1829 1256
680 212 1829 1711
681 213 1829 764
684 214 1829 1290
691 215 1829 1715
691 216 1829 497
692 217 1829 795
694 218 1829 1057
698 219 1829 1429
715 220 1829 1915
716 221 1829 825
724 222 1829 1762
724 223 1829 140
725 224 1829 702
725 225 1829 114
725 226 1829 462
726 227 1829 654
726 228 1829 294
730 229 1829 1398
732 231 1829 483
732 230 1829 1048
733 232 1829 567
734 233 1829 620
734 234 1829 279
734 235 1829 114
735 236 1829 811
735 237 1829 61
735 238 1829 111
735 239 1829 196
738 240 1829 1189
743 241 1829 1528
744 242 1829 859
754 243 1829 1851
762 244 1829 1764
763 245 1829 582
764 246 1829 792
765 247 1829 573
770 248 1829 1561
772 249 1829 951
775 250 1829 1200
781 251 1829 1650
785 252 1829 1371
788 253 1829 1308
796 254 1829 1792
797 255 1829 825
798 256 1829 778
800 257 1829 873
802 258 1829 979
805 259 1829 1257
811 260 1829 1640
811 261 1829 287
815 262 1829 1358
827 263 1829 1881
835 264 1829 1761
835 265 1829 419
836 266 1829 689
838 267 1829 1091
838 268 1829 485
841 269 1829 1175
843 270 1829 904
843 271 1829 436
844 272 1829 683
845 273 1829 861
845 274 1829 240
845 275 1829 386
858 276 1829 1890
868 279 1829 120
868 278 1829 301
868 277 1829 1836
871 280 1829 1246
880 281 1829 1813
882 282 1829 1018
885 283 1829 1267
885 284 1829 198
888 285 1829 1323
890 286 1829 1036
893 287 1829 1183
894 288 1829 753
898 289 1829 1378
901 290 1829 1261
912 291 1829 1862
914 292 1829 1006
915 293 1829 779
915 294 1829 480
917 295 1829 901
917 296 1829 170
919 298 1829 89
919 297 1829 902
922 299 1829 1344
931 300 1829 1818
937 301 1829 1626
937 302 1829 88
937 303 1829 385
937 304 1829 47
938 305 1829 764
940 306 1829 966
