0 0 179 71
1 1 179 687
3 2 179 951
4 3 179 588
5 4 179 552
6 5 179 775
7 6 179 756
10 7 179 1192
11 8 179 726
16 9 179 1517
18 10 179 1110
20 11 179 972
21 12 179 576
22 13 179 638
28 14 179 1621
29 15 179 747
29 16 179 327
30 17 179 525
34 18 179 1371
45 19 179 1871
46 20 179 830
47 21 179 845
52 22 179 1533
57 23 179 1526
58 24 179 857
66 25 179 1789
77 26 179 1869
85 27 179 1782
86 28 179 858
89 29 179 1172
90 30 179 586
96 31 179 1633
105 32 179 1827
108 33 179 1297
111 34 179 1157
113 35 179 983
117 36 179 1446
118 37 179 701
120 38 179 1033
120 39 179 463
120 40 179 348
125 41 179 1568
133 42 179 1774
135 43 179 960
135 44 179 150
137 46 179 280
137 45 179 1062
139 47 179 889
140 48 179 742
143 49 179 1155
143 50 179 171
147 51 179 1429
148 52 179 607
151 53 179 1250
163 54 179 1882
166 55 179 1151
168 56 179 1079
172 57 179 1350
178 58 179 1656
179 59 179 688
180 60 179 830
182 61 179 899
182 62 179 334
186 63 179 1478
188 64 179 930
192 65 179 1401
194 66 179 1070
197 67 179 1203
201 68 179 1406
202 69 179 638
205 70 179 1225
210 71 179 1551
214 72 179 1416
216 73 179 908
221 74 179 1522
224 75 179 1186
226 76 179 995
227 77 179 573
231 78 179 1375
238 79 179 1719
243 80 179 1508
245 81 179 980
247 82 179 1040
253 83 179 1627
255 84 179 1001
257 85 179 1081
259 86 179 1025
260 87 179 576
263 88 179 1340
263 89 179 6
273 90 179 1829
273 91 179 95
275 92 179 970
275 93 179 345
280 94 179 1557
284 95 179 1374
287 96 179 1234
287 97 179 295
287 98 179 29
288 99 179 673
306 100 179 1917
308 101 179 1002
312 102 179 1408
312 103 179 103
323 104 179 1854
324 105 179 544
324 106 179 13
330 107 179 1624
336 108 179 1652
337 109 179 695
337 110 179 155
338 111 179 505
352 112 179 1900
363 113 179 1861
365 114 179 1105
373 115 179 1775
381 116 179 1784
382 117 179 631
382 118 179 477
390 119 179 1774
390 120 179 375
390 121 179 493
398 122 179 1788
402 123 179 1399
403 124 179 734
405 125 179 1130
406 126 179 581
408 127 179 1071
411 128 179 1275
411 129 179 148
423 130 179 1877
424 131 179 700
425 132 179 543
426 133 179 701
433 134 179 1727
434 135 179 505
439 136 179 1496
441 137 179 936
448 138 179 1698
448 139 179 456
450 140 179 1068
453 141 179 1325
454 142 179 849
455 143 179 644
463 144 179 1776
466 145 179 1323
466 146 179 120
468 147 179 1033
471 148 179 1165
478 149 179 1706
483 150 179 1514
484 151 179 602
491 154 179 297
491 153 179 180
491 152 179 1743
495 155 179 1424
497 156 179 1139
497 157 179 8
500 158 179 1294
501 159 179 723
514 160 179 1888
515 161 179 866
515 162 179 349
520 163 179 1503
521 164 179 742
525 165 179 1380
538 166 179 1886
541 167 179 1198
541 168 179 134
542 169 179 599
542 170 179 279
543 171 179 847
544 173 179 21
544 172 179 858
545 174 179 705
547 175 179 975
552 176 179 1569
555 177 179 1143
560 178 179 1547
563 179 179 1335
565 180 179 1010
569 181 179 1472
579 182 179 1830
583 183 179 1493
584 184 179 559
587 185 179 1275
589 186 179 881
589 187 179 363
589 188 179 403
589 189 179 303
592 190 179 1291
596 191 179 1488
601 192 179 1566
603 193 179 974
603 194 179 493
603 195 179 201
605 196 179 976
608 197 179 1270
617 198 179 1826
617 199 179 396
621 200 179 1361
622 201 179 846
624 202 179 899
625 203 179 566
629 204 179 1427
630 205 179 667
636 206 179 1669
643 207 179 1722
647 208 179 1399
650 209 179 1247
658 210 179 1779
678 212 179 385
678 211 179 1920
690 213 179 1883
696 214 179 1638
696 215 179 415
698 216 179 961
699 217 179 780
701 218 179 944
705 219 179 1392
705 220 179 498
710 221 179 1523
711 222 179 794
719 223 179 1756
722 224 179 1232
723 225 179 715
726 226 179 1205
735 227 179 1809
739 228 179 1452
740 229 179 503
763 231 179 298
763 230 179 1923
766 232 179 1241
769 233 179 1151
783 234 179 1899
783 235 179 163
784 236 179 572
787 237 179 1264
787 238 179 65
796 239 179 1817
801 240 179 1531
803 241 179 1084
805 242 179 888
807 243 179 1081
807 244 179 448
810 245 179 1296
812 246 179 1102
818 247 179 1608
821 248 179 1260
821 249 179 77
824 253 179 434
824 252 179 325
824 250 179 1165
824 251 179 195
833 254 179 1822
841 255 179 1762
841 256 179 52
843 257 179 1068
846 258 179 1259
847 259 179 711
851 260 179 1386
859 261 179 1784
859 262 179 269
861 263 179 895
864 264 179 1249
868 265 179 1480
869 266 179 679
872 267 179 1159
887 268 179 1909
891 269 179 1474
899 270 179 1767
905 271 179 1621
906 272 179 714
908 273 179 1052
916 274 179 1786
919 275 179 1338
920 276 179 634
926 277 179 1638
929 278 179 1307
940 279 179 1861
945 280 179 1538
950 281 179 1522
951 282 179 548
955 283 179 1375
958 284 179 1263
965 285 179 1727
979 286 179 1898
980 287 179 807
983 290 179 111
983 288 179 1253
983 289 179 136
987 291 179 1429
987 292 179 5
990 293 179 1278
990 294 179 430
996 295 179 1671
997 296 179 815
1015 297 179 1917
1023 298 179 1756
1025 299 179 892
1026 300 179 616
1037 301 179 1868
1043 302 179 1624
1050 303 179 1711
1050 304 179 234
1054 305 179 1468
1058 306 179 1406
