0 0 821 409
4 1 821 1410
7 2 821 1287
9 3 821 938
11 4 821 893
12 5 821 828
12 6 821 86
13 7 821 625
18 8 821 1559
20 9 821 1004
22 10 821 1106
22 11 821 394
24 12 821 998
25 13 821 727
32 14 821 1711
38 18 821 438
38 17 821 253
38 15 821 1638
38 16 821 218
43 19 821 1584
44 20 821 546
45 21 821 606
46 22 821 795
49 23 821 1151
59 24 821 1829
66 26 821 199
66 25 821 1745
66 27 821 76
66 28 821 152
66 29 821 400
72 30 821 1636
72 31 821 215
72 32 821 368
73 34 821 170
73 33 821 738
86 36 821 192
86 37 821 493
86 35 821 1892
87 38 821 826
91 39 821 1482
91 40 821 204
93 41 821 988
97 42 821 1380
103 43 821 1635
104 44 821 785
105 45 821 788
107 46 821 1130
108 47 821 527
109 48 821 571
109 49 821 228
109 50 821 343
110 51 821 819
111 52 821 645
112 53 821 658
112 54 821 28
119 55 821 1727
120 57 821 136
120 56 821 615
122 58 821 1034
124 59 821 1073
125 60 821 628
125 61 821 9
125 62 821 473
128 63 821 1158
131 64 821 1292
133 65 821 891
133 66 821 26
133 67 821 260
134 68 821 556
141 69 821 1743
145 70 821 1446
151 71 821 1649
155 72 821 1351
157 73 821 880
161 74 821 1379
165 75 821 1482
168 76 821 1150
170 77 821 1084
170 78 821 365
172 79 821 1040
173 80 821 615
178 81 821 1597
182 82 821 1430
192 83 821 1849
192 84 821 57
193 85 821 816
197 86 821 1494
203 87 821 1634
204 88 821 709
204 89 821 367
207 90 821 1276
207 91 821 56
211 92 821 1384
217 93 821 1678
218 95 821 194
218 94 821 854
219 96 821 515
219 97 821 221
219 98 821 343
228 99 821 1819
229 100 821 762
231 101 821 869
244 102 821 1895
245 103 821 752
246 104 821 706
247 105 821 618
251 106 821 1392
258 107 821 1689
261 108 821 1203
261 109 821 470
262 110 821 576
266 111 821 1456
273 112 821 1695
292 113 821 1919
292 114 821 458
294 115 821 956
295 116 821 504
296 117 821 548
298 118 821 1100
298 119 821 476
301 120 821 1321
301 121 821 316
305 123 821 189
305 124 821 466
305 122 821 1475
309 125 821 1390
309 126 821 265
314 127 821 1598
314 128 821 26
317 129 821 1184
319 130 821 967
321 131 821 929
322 133 821 470
322 134 821 277
322 132 821 741
328 135 821 1670
334 136 821 1626
335 137 821 678
337 138 821 1142
341 139 821 1364
345 140 821 1348
352 143 821 239
352 142 821 430
352 141 821 1729
359 144 821 1715
366 145 821 1745
366 146 821 285
370 147 821 1390
373 148 821 1219
382 149 821 1822
388 150 821 1615
401 151 821 1891
403 152 821 1046
411 155 821 446
411 153 821 1791
411 154 821 497
414 156 821 1319
421 157 821 1706
421 158 821 285
424 159 821 1241
424 160 821 352
431 161 821 1718
437 163 821 19
437 162 821 1663
441 164 821 1428
446 165 821 1572
447 166 821 715
450 167 821 1224
456 168 821 1641
457 169 821 713
460 170 821 1255
468 171 821 1751
471 172 821 1331
477 173 821 1660
479 174 821 1052
484 175 821 1517
493 176 821 1810
496 177 821 1236
496 178 821 399
497 179 821 645
499 180 821 1104
500 183 821 128
500 181 821 799
500 182 821 379
504 184 821 1494
506 185 821 1000
515 186 821 1807
517 187 821 874
531 188 821 1898
539 189 821 1756
539 190 821 351
549 192 821 392
549 191 821 1845
558 193 821 1825
560 194 821 1011
565 195 821 1554
565 196 821 66
565 197 821 411
566 198 821 735
566 199 821 142
568 200 821 1030
570 201 821 985
576 202 821 1674
577 203 821 506
578 204 821 567
586 205 821 1789
587 206 821 559
590 207 821 1310
591 208 821 739
593 209 821 905
594 211 821 82
594 210 821 560
597 212 821 1306
602 213 821 1564
602 214 821 137
606 215 821 1478
609 216 821 1339
614 217 821 1534
614 218 821 449
614 219 821 427
621 220 821 1690
629 221 821 1765
632 222 821 1251
641 223 821 1810
641 224 821 361
644 225 821 1335
648 226 821 1358
652 227 821 1431
653 228 821 649
657 229 821 1422
661 230 821 1451
665 231 821 1398
666 232 821 500
666 233 821 257
671 234 821 1540
671 235 821 118
673 236 821 1050
682 237 821 1797
686 238 821 1486
692 242 821 134
692 241 821 497
692 240 821 441
692 239 821 1629
694 243 821 993
697 244 821 1195
697 245 821 268
698 246 821 538
699 247 821 753
705 248 821 1687
709 251 821 456
709 249 821 1458
709 250 821 215
722 252 821 1886
722 253 821 308
722 254 821 377
725 255 821 1189
731 256 821 1659
739 257 821 1788
739 258 821 144
742 259 821 1157
742 260 821 431
744 261 821 1053
745 262 821 661
748 263 821 1242
752 264 821 1378
754 265 821 1087
759 266 821 1507
761 270 821 427
761 269 821 18
761 267 821 1049
761 268 821 24
765 271 821 1467
765 272 821 48
766 273 821 745
782 274 821 1911
785 275 821 1192
791 276 821 1631
791 277 821 257
792 279 821 93
792 278 821 614
793 280 821 796
794 281 821 604
800 282 821 1668
802 283 821 1115
805 284 821 1207
807 285 821 994
811 287 821 192
811 286 821 1436
820 288 821 1804
820 289 821 350
820 290 821 383
823 291 821 1186
829 292 821 1652
829 293 821 328
832 294 821 1198
835 295 821 1312
843 296 821 1761
844 297 821 817
849 298 821 1539
849 299 821 108
850 300 821 686
854 301 821 1413
855 302 821 728
861 303 821 1669
863 304 821 1031
864 305 821 672
864 306 821 408
