0 0 810 33
3 1 810 1225
3 2 810 0
9 3 810 1676
11 4 810 901
12 5 810 653
12 6 810 298
16 7 810 1487
28 9 810 173
28 8 810 1876
32 10 810 1417
32 11 810 5
32 12 810 400
32 13 810 480
32 14 810 365
34 15 810 945
34 16 810 158
42 17 810 1755
43 18 810 747
48 19 810 1577
48 20 810 317
52 21 810 1365
52 22 810 334
56 23 810 1478
64 24 810 1755
75 25 810 1863
76 26 810 868
81 27 810 1601
83 29 810 466
83 28 810 994
84 30 810 780
93 31 810 1821
97 32 810 1396
100 33 810 1167
101 34 810 507
104 35 810 1231
105 39 810 323
105 38 810 232
105 37 810 250
105 36 810 810
106 40 810 592
113 41 810 1734
126 42 810 1887
127 43 810 657
127 44 810 123
127 45 810 211
127 46 810 77
132 47 810 1518
133 48 810 516
133 49 810 41
135 50 810 1110
137 51 810 874
142 52 810 1551
142 53 810 50
147 54 810 1554
148 55 810 592
150 57 810 446
150 56 810 890
160 58 810 1845
162 59 810 963
169 60 810 1710
170 61 810 622
170 62 810 493
174 63 810 1410
177 64 810 1318
182 65 810 1520
183 66 810 533
186 67 810 1157
200 68 810 1897
202 69 810 1059
202 70 810 134
212 71 810 1833
217 72 810 1522
217 73 810 423
219 74 810 985
220 75 810 508
224 76 810 1403
229 77 810 1601
233 78 810 1355
238 79 810 1544
246 80 810 1785
249 81 810 1275
251 82 810 1085
253 83 810 953
256 84 810 1281
266 86 810 270
266 85 810 1831
270 87 810 1345
275 88 810 1537
285 89 810 1840
285 90 810 340
285 91 810 364
285 92 810 329
288 93 810 1194
289 94 810 538
302 95 810 1895
305 96 810 1241
305 97 810 476
308 98 810 1264
309 99 810 527
314 100 810 1602
315 101 810 844
320 102 810 1545
324 103 810 1382
334 104 810 1831
337 105 810 1201
340 106 810 1276
342 107 810 1127
344 108 810 990
346 109 810 1046
348 110 810 1114
351 111 810 1214
353 112 810 1015
353 113 810 301
355 115 810 434
355 114 810 1102
359 116 810 1461
363 117 810 1464
363 118 810 129
367 119 810 1411
370 120 810 1250
372 121 810 1113
377 122 810 1545
377 123 810 57
378 124 810 718
385 125 810 1695
390 126 810 1503
390 127 810 328
399 128 810 1810
401 129 810 1015
404 130 810 1191
406 131 810 926
406 132 810 337
407 133 810 828
418 134 810 1866
420 135 810 941
426 136 810 1655
432 137 810 1628
434 138 810 1047
434 139 810 79
435 140 810 555
437 142 810 354
437 143 810 490
437 141 810 1067
438 144 810 725
440 145 810 1051
443 146 810 1274
443 147 810 28
443 148 810 92
443 149 810 104
443 150 810 433
450 151 810 1701
450 152 810 347
458 153 810 1777
461 154 810 1201
461 155 810 489
464 156 810 1224
468 157 810 1487
469 158 810 663
469 159 810 135
475 160 810 1623
477 161 810 947
480 162 810 1242
494 163 810 1900
502 164 810 1780
502 165 810 187
504 166 810 876
504 167 810 186
504 168 810 360
504 169 810 160
505 170 810 704
513 173 810 50
513 172 810 417
513 171 810 1758
514 174 810 856
514 175 810 183
515 176 810 758
517 177 810 1054
520 178 810 1256
525 179 810 1592
525 180 810 421
529 182 810 236
529 181 810 1475
536 183 810 1705
537 184 810 581
541 185 810 1415
542 186 810 578
542 187 810 484
547 188 810 1552
551 189 810 1376
557 190 810 1641
557 191 810 168
559 192 810 965
561 193 810 911
561 194 810 381
566 195 810 1532
573 196 810 1750
573 197 810 379
574 198 810 635
575 199 810 538
575 200 810 174
577 201 810 1087
582 202 810 1592
593 203 810 1856
596 204 810 1325
597 205 810 599
600 206 810 1283
600 207 810 297
602 208 810 921
604 209 810 1017
610 212 810 230
610 211 810 169
610 210 810 1655
612 213 810 995
618 214 810 1639
618 215 810 147
619 216 810 710
623 217 810 1461
626 218 810 1318
626 219 810 365
631 221 810 392
631 220 810 1534
632 222 810 558
634 223 810 908
634 224 810 443
635 225 810 536
636 226 810 793
640 227 810 1431
645 228 810 1594
648 232 810 419
648 231 810 379
648 230 810 358
648 229 810 1248
649 233 810 718
653 234 810 1418
656 235 810 1258
665 236 810 1807
665 237 810 305
665 238 810 380
680 240 810 131
680 241 810 281
680 239 810 1906
684 242 810 1488
685 243 810 534
691 244 810 1645
695 245 810 1472
706 246 810 1862
719 247 810 1895
722 249 810 233
722 248 810 1196
723 251 810 288
723 250 810 822
725 252 810 985
725 253 810 270
727 254 810 928
734 255 810 1707
735 256 810 528
736 257 810 683
740 258 810 1412
741 259 810 789
748 260 810 1731
756 261 810 1777
757 262 810 628
762 263 810 1597
763 264 810 659
766 265 810 1276
772 266 810 1674
776 267 810 1436
781 271 810 405
781 270 810 265
781 269 810 381
781 268 810 1501
783 272 810 1080
786 273 810 1336
786 274 810 233
789 275 810 1252
790 276 810 829
790 277 810 24
793 278 810 1188
795 279 810 896
796 280 810 598
797 281 810 823
797 282 810 234
801 283 810 1360
801 284 810 426
801 285 810 69
804 286 810 1318
804 287 810 149
811 288 810 1714
817 289 810 1636
818 290 810 729
820 291 810 1124
821 292 810 818
826 293 810 1516
826 294 810 175
826 295 810 278
831 296 810 1578
840 297 810 1815
849 298 810 1800
849 299 810 369
856 300 810 1722
856 301 810 425
856 302 810 393
857 303 810 814
870 304 810 1893
870 305 810 417
872 306 810 1132
