4 0 1422 1442
6 1 1422 1089
6 2 1422 356
7 3 1422 628
9 4 1422 905
12 5 1422 1315
16 6 1422 1398
21 7 1422 1506
22 8 1422 637
26 9 1422 1475
31 10 1422 1570
34 11 1422 1202
36 12 1422 1079
36 13 1422 296
36 14 1422 187
42 15 1422 1621
43 16 1422 762
44 17 1422 706
45 18 1422 693
47 19 1422 1137
47 20 1422 133
47 21 1422 183
61 22 1422 1896
67 23 1422 1633
69 24 1422 1126
75 25 1422 1612
75 26 1422 433
78 27 1422 1180
85 28 1422 1694
86 29 1422 508
105 30 1422 1919
110 31 1422 1549
111 32 1422 844
119 33 1422 1759
119 34 1422 387
123 35 1422 1478
125 36 1422 1024
130 37 1422 1562
131 38 1422 548
142 39 1422 1860
154 40 1422 1875
155 41 1422 522
157 42 1422 883
159 43 1422 1138
162 44 1422 1284
164 45 1422 1006
168 46 1422 1487
173 47 1422 1604
178 48 1422 1557
178 49 1422 259
179 50 1422 828
179 51 1422 173
183 52 1422 1424
183 53 1422 178
195 54 1422 1880
198 55 1422 1259
200 56 1422 1118
201 57 1422 647
205 58 1422 1426
208 59 1422 1218
210 60 1422 881
210 61 1422 218
217 62 1422 1736
217 63 1422 128
221 65 1422 21
221 66 1422 358
221 64 1422 1481
224 67 1422 1245
234 68 1422 1833
235 69 1422 633
236 70 1422 597
238 71 1422 1125
238 72 1422 158
239 73 1422 757
242 74 1422 1186
247 75 1422 1536
250 76 1422 1224
251 77 1422 757
251 78 1422 349
251 79 1422 120
251 80 1422 124
252 81 1422 753
257 82 1422 1547
261 83 1422 1434
266 84 1422 1605
273 86 1422 124
273 85 1422 1745
274 87 1422 666
283 88 1422 1803
285 89 1422 1052
285 90 1422 360
285 91 1422 376
285 92 1422 135
288 93 1422 1255
290 94 1422 979
296 95 1422 1656
297 96 1422 710
298 97 1422 754
303 98 1422 1581
306 99 1422 1263
307 100 1422 648
307 101 1422 241
314 102 1422 1695
316 103 1422 923
321 104 1422 1586
327 106 1422 15
327 105 1422 1628
328 107 1422 666
330 108 1422 916
330 109 1422 344
330 110 1422 34
330 111 1422 360
330 112 1422 298
333 113 1422 1306
335 115 1422 128
335 114 1422 1093
336 116 1422 595
336 117 1422 302
336 118 1422 448
342 119 1422 1660
351 120 1422 1821
357 121 1422 1617
361 122 1422 1366
362 125 1422 221
362 124 1422 273
362 123 1422 780
364 126 1422 989
365 127 1422 828
372 128 1422 1703
376 129 1422 1454
377 130 1422 825
377 131 1422 470
379 132 1422 1101
381 133 1422 1010
385 134 1422 1397
394 135 1422 1807
396 136 1422 982
397 137 1422 623
405 138 1422 1773
419 139 1422 1902
426 140 1422 1729
430 141 1422 1383
436 142 1422 1674
440 143 1422 1458
442 144 1422 1018
477 145 1422 1924
477 146 1422 78
478 147 1422 753
478 148 1422 161
479 149 1422 851
481 150 1422 1060
481 151 1422 408
481 152 1422 306
491 153 1422 1846
495 154 1422 1367
497 155 1422 955
498 156 1422 800
500 157 1422 914
501 158 1422 650
505 159 1422 1365
506 160 1422 638
508 161 1422 1112
510 162 1422 887
514 163 1422 1386
518 164 1422 1443
522 165 1422 1489
525 166 1422 1184
528 167 1422 1212
538 168 1422 1834
541 169 1422 1210
543 170 1422 1070
557 173 1422 471
557 171 1422 1897
557 172 1422 453
568 174 1422 1856
568 175 1422 438
579 176 1422 1867
589 177 1422 1832
595 181 1422 236
595 178 1422 1687
595 179 1422 273
595 180 1422 142
596 182 1422 666
597 183 1422 852
597 184 1422 393
597 185 1422 417
597 186 1422 163
600 187 1422 1179
605 188 1422 1568
605 189 1422 441
607 191 1422 67
607 190 1422 1007
621 192 1422 1898
621 193 1422 408
624 194 1422 1264
625 195 1422 617
625 196 1422 495
625 197 1422 288
625 198 1422 15
629 199 1422 1453
630 200 1422 740
631 201 1422 790
632 202 1422 843
634 203 1422 876
641 204 1422 1705
643 205 1422 1088
655 206 1422 1879
663 207 1422 1760
680 208 1422 1915
682 209 1422 929
684 210 1422 1013
686 211 1422 892
689 212 1422 1152
689 213 1422 376
692 214 1422 1222
692 215 1422 401
692 216 1422 446
692 217 1422 35
694 218 1422 992
696 219 1422 1026
699 220 1422 1325
699 221 1422 4
704 222 1422 1569
708 223 1422 1393
708 224 1422 202
710 225 1422 1002
735 226 1422 1924
735 227 1422 45
737 228 1422 1132
740 229 1422 1238
751 230 1422 1867
756 231 1422 1579
765 232 1422 1817
765 233 1422 234
769 234 1422 1458
772 235 1422 1277
775 236 1422 1317
782 237 1422 1714
784 238 1422 1072
787 241 1422 328
787 240 1422 463
787 239 1422 1230
790 242 1422 1189
791 243 1422 638
795 244 1422 1352
795 245 1422 115
796 246 1422 840
801 247 1422 1521
803 248 1422 1110
804 251 1422 459
804 249 1422 862
804 250 1422 171
807 252 1422 1220
809 253 1422 913
809 254 1422 127
810 255 1422 736
813 256 1422 1145
817 257 1422 1375
818 258 1422 674
819 259 1422 703
821 260 1422 1089
831 261 1422 1833
832 262 1422 628
833 263 1422 676
835 264 1422 986
839 265 1422 1359
841 266 1422 999
843 267 1422 917
844 268 1422 843
855 269 1422 1869
857 270 1422 1009
858 271 1422 656
860 272 1422 888
866 273 1422 1687
867 274 1422 563
869 275 1422 997
870 276 1422 739
872 281 1422 402
872 280 1422 161
872 278 1422 40
872 277 1422 930
872 279 1422 86
873 282 1422 859
873 283 1422 269
875 284 1422 1067
879 286 1422 359
879 285 1422 1407
881 288 1422 106
881 287 1422 903
882 289 1422 721
882 290 1422 131
893 291 1422 1866
895 292 1422 1040
895 293 1422 368
895 294 1422 140
896 295 1422 554
902 296 1422 1625
903 297 1422 513
908 298 1422 1577
927 299 1422 1918
929 300 1422 1041
939 301 1422 1848
940 302 1422 677
943 303 1422 1166
951 304 1422 1778
955 305 1422 1439
960 306 1422 1496
