8 0 485 1763
18 1 485 1852
18 2 485 243
21 3 485 1191
22 4 485 580
29 5 485 1695
30 6 485 867
32 8 485 281
32 7 485 1084
33 9 485 629
37 10 485 1470
38 11 485 865
41 12 485 1189
45 13 485 1360
48 14 485 1174
48 15 485 164
49 16 485 509
53 17 485 1447
63 18 485 1832
68 19 485 1552
72 20 485 1470
74 21 485 1073
79 22 485 1594
88 23 485 1805
90 24 485 1047
90 25 485 313
90 26 485 269
100 28 485 376
100 27 485 1835
117 29 485 1913
118 30 485 646
123 31 485 1578
123 32 485 0
126 33 485 1165
128 34 485 1065
130 35 485 1006
133 36 485 1282
138 38 485 311
138 37 485 1566
140 39 485 934
140 40 485 196
141 41 485 815
141 42 485 344
141 43 485 173
143 44 485 978
148 45 485 1560
152 46 485 1465
154 50 485 307
154 49 485 238
154 47 485 1040
154 48 485 238
160 51 485 1638
177 52 485 1913
181 53 485 1444
181 54 485 82
182 59 485 267
182 58 485 144
182 57 485 363
182 56 485 257
182 55 485 689
186 60 485 1426
188 61 485 956
189 62 485 707
189 63 485 293
204 64 485 1908
213 65 485 1816
214 69 485 167
214 68 485 294
214 66 485 865
214 67 485 23
215 70 485 806
216 71 485 867
218 72 485 1136
220 73 485 897
224 74 485 1356
225 75 485 655
226 76 485 728
230 77 485 1421
231 78 485 826
235 79 485 1411
236 80 485 772
239 81 485 1153
244 82 485 1596
244 83 485 138
249 84 485 1605
251 85 485 933
256 87 485 480
256 86 485 1590
258 88 485 1083
258 89 485 376
259 90 485 748
261 91 485 919
265 92 485 1422
265 93 485 43
269 94 485 1433
272 98 485 190
272 97 485 51
272 95 485 1164
272 96 485 107
274 99 485 1087
275 100 485 695
279 101 485 1441
280 102 485 746
280 103 485 71
284 104 485 1356
288 105 485 1365
289 106 485 501
291 107 485 1015
291 108 485 88
295 109 485 1352
307 110 485 1885
308 111 485 761
312 112 485 1461
313 113 485 657
317 115 485 272
317 114 485 1419
320 116 485 1285
321 117 485 569
322 118 485 612
324 119 485 974
324 120 485 226
324 121 485 384
325 122 485 865
335 123 485 1843
338 124 485 1343
347 125 485 1811
351 126 485 1369
353 127 485 1092
357 128 485 1389
357 129 485 191
358 130 485 547
359 131 485 677
362 132 485 1230
368 133 485 1664
369 134 485 716
372 135 485 1255
372 136 485 407
377 137 485 1525
378 138 485 706
378 139 485 240
378 140 485 431
379 141 485 574
379 142 485 392
385 144 485 415
385 143 485 1656
401 145 485 1912
405 146 485 1382
406 147 485 765
407 148 485 548
410 149 485 1161
419 150 485 1804
423 151 485 1463
427 152 485 1364
429 153 485 1140
430 154 485 860
430 155 485 311
431 156 485 576
432 157 485 827
433 158 485 652
437 159 485 1469
456 160 485 1920
459 161 485 1334
464 162 485 1551
473 163 485 1822
474 164 485 804
477 165 485 1208
481 166 485 1455
488 167 485 1722
499 168 485 1865
499 169 485 164
507 170 485 1789
513 171 485 1684
521 173 485 372
521 172 485 1787
522 174 485 543
527 175 485 1577
545 176 485 1916
547 177 485 1134
551 178 485 1428
555 179 485 1356
555 180 485 429
556 181 485 604
557 184 485 311
557 182 485 543
557 183 485 227
559 185 485 1009
562 186 485 1237
562 187 485 90
563 189 485 405
563 188 485 803
564 190 485 678
569 191 485 1505
571 192 485 873
574 193 485 1161
574 194 485 245
576 195 485 1022
578 196 485 947
578 197 485 494
579 198 485 851
581 200 485 456
581 199 485 1131
586 201 485 1585
587 202 485 825
587 203 485 384
590 204 485 1296
590 205 485 119
595 206 485 1600
597 207 485 991
598 208 485 596
601 210 485 319
601 209 485 1208
605 211 485 1367
608 212 485 1324
611 213 485 1220
613 214 485 1040
616 215 485 1315
617 216 485 790
620 217 485 1323
625 218 485 1510
632 219 485 1719
645 220 485 1895
649 221 485 1364
651 222 485 918
655 223 485 1460
659 224 485 1410
659 225 485 284
660 226 485 811
661 228 485 126
661 227 485 626
665 229 485 1446
666 230 485 629
670 231 485 1422
670 232 485 282
670 233 485 296
672 234 485 899
673 235 485 768
680 236 485 1704
680 237 485 159
681 238 485 856
681 239 485 192
684 241 485 246
684 240 485 1334
688 242 485 1418
693 243 485 1519
693 244 485 86
696 245 485 1236
696 246 485 180
701 247 485 1577
701 248 485 120
702 250 485 232
702 249 485 854
707 251 485 1548
709 252 485 909
711 253 485 1056
714 254 485 1160
716 255 485 1016
717 256 485 666
720 257 485 1289
722 258 485 899
724 259 485 1012
727 260 485 1233
729 261 485 974
730 262 485 865
732 263 485 1075
733 264 485 579
734 265 485 822
736 266 485 1085
738 269 485 272
738 268 485 321
738 267 485 1028
743 270 485 1536
744 271 485 631
744 272 485 467
747 273 485 1318
747 274 485 385
753 275 485 1649
764 276 485 1871
767 277 485 1323
771 278 485 1373
771 279 485 174
771 280 485 103
774 281 485 1159
775 282 485 505
778 283 485 1197
781 284 485 1214
783 285 485 1005
784 286 485 512
787 287 485 1150
789 288 485 1060
798 289 485 1807
798 290 485 101
798 291 485 414
801 292 485 1185
809 293 485 1768
811 294 485 884
811 295 485 360
814 297 485 343
814 296 485 1305
816 298 485 940
819 299 485 1188
819 300 485 150
821 301 485 1077
824 302 485 1256
832 303 485 1773
835 304 485 1242
840 305 485 1525
842 306 485 1081
