3 0 611 1213
10 1 611 1728
12 2 611 1113
12 3 611 83
15 4 611 1179
17 5 611 965
19 6 611 1120
19 7 611 275
23 12 611 194
23 11 611 29
23 9 611 341
23 8 611 1356
23 10 611 383
26 13 611 1298
27 14 611 770
35 15 611 1771
41 17 611 61
41 16 611 1671
42 19 611 9
42 18 611 508
44 20 611 907
54 21 611 1835
65 22 611 1859
65 23 611 217
65 24 611 496
66 25 611 803
73 29 611 72
73 28 611 410
73 26 611 1730
73 27 611 189
74 30 611 641
75 31 611 831
76 32 611 637
76 33 611 442
79 34 611 1291
80 35 611 829
83 38 611 139
83 37 611 480
83 36 611 1190
88 39 611 1559
88 40 611 364
105 41 611 1915
125 42 611 1920
125 43 611 35
132 44 611 1689
136 45 611 1445
141 46 611 1535
149 47 611 1789
153 48 611 1406
155 49 611 1135
155 50 611 241
162 51 611 1717
183 52 611 1922
188 53 611 1602
196 54 611 1774
199 55 611 1302
207 56 611 1794
209 57 611 896
214 58 611 1511
214 59 611 375
217 60 611 1160
219 61 611 930
227 62 611 1790
230 63 611 1284
236 64 611 1625
240 65 611 1476
243 66 611 1317
249 67 611 1677
249 68 611 6
260 69 611 1865
261 70 611 581
264 71 611 1190
274 72 611 1847
276 73 611 874
281 74 611 1569
283 75 611 917
293 76 611 1840
302 77 611 1824
302 78 611 452
304 79 611 976
307 80 611 1193
318 81 611 1866
319 82 611 708
322 83 611 1199
330 84 611 1755
331 85 611 848
332 86 611 834
334 87 611 959
335 88 611 593
352 89 611 1914
354 90 611 960
354 91 611 294
356 92 611 893
362 93 611 1688
362 94 611 398
366 96 611 125
366 95 611 1359
367 97 611 636
367 98 611 335
367 99 611 212
367 100 611 127
375 101 611 1783
383 102 611 1783
387 103 611 1465
388 104 611 554
390 105 611 975
398 106 611 1795
400 107 611 1047
400 108 611 32
401 109 611 857
405 110 611 1387
418 111 611 1895
418 112 611 443
419 113 611 535
421 114 611 1106
424 115 611 1218
424 116 611 222
425 117 611 590
429 118 611 1453
430 119 611 776
431 120 611 642
431 121 611 358
433 123 611 17
433 122 611 1083
435 124 611 905
435 125 611 286
435 126 611 297
435 127 611 158
435 128 611 475
435 129 611 210
436 130 611 791
439 131 611 1204
443 133 611 239
443 132 611 1489
444 134 611 849
447 135 611 1335
447 136 611 83
450 137 611 1167
451 138 611 644
452 139 611 779
454 140 611 978
461 141 611 1711
463 142 611 926
469 143 611 1660
470 144 611 526
472 145 611 990
480 146 611 1775
480 147 611 358
481 148 611 582
483 149 611 1105
485 150 611 1136
489 151 611 1459
491 152 611 1107
495 153 611 1483
500 154 611 1495
507 155 611 1694
508 156 611 699
516 157 611 1765
517 158 611 560
517 159 611 267
518 160 611 678
524 161 611 1636
525 162 611 572
532 167 611 203
532 166 611 406
532 163 611 1747
532 164 611 65
532 165 611 183
538 168 611 1610
545 169 611 1696
547 170 611 1135
549 171 611 980
560 172 611 1871
561 173 611 673
568 174 611 1723
569 175 611 855
573 176 611 1356
577 177 611 1348
581 178 611 1415
591 179 611 1839
591 180 611 436
602 181 611 1863
607 182 611 1501
610 183 611 1295
612 184 611 998
615 185 611 1257
615 186 611 96
615 187 611 5
616 188 611 669
618 189 611 1079
619 190 611 636
619 191 611 242
620 194 611 101
620 192 611 606
620 193 611 376
623 195 611 1266
625 196 611 1139
627 197 611 1104
632 198 611 1595
632 199 611 343
633 200 611 584
638 201 611 1572
639 202 611 672
640 203 611 810
653 204 611 1894
653 205 611 156
658 206 611 1513
658 207 611 433
664 208 611 1685
665 209 611 640
665 210 611 337
668 212 611 350
668 211 611 1276
669 213 611 646
677 214 611 1756
678 215 611 740
678 216 611 135
681 217 611 1202
682 218 611 748
683 219 611 732
683 220 611 87
683 221 611 400
687 222 611 1459
688 223 611 531
690 224 611 1060
692 226 611 373
692 225 611 892
696 227 611 1494
697 229 611 456
697 228 611 572
703 231 611 252
703 230 611 1641
709 232 611 1677
711 233 611 1072
714 234 611 1255
715 235 611 788
718 236 611 1190
719 237 611 690
722 238 611 1325
723 239 611 842
729 240 611 1669
734 241 611 1587
734 242 611 245
734 243 611 29
735 244 611 742
738 245 611 1285
747 246 611 1817
759 247 611 1885
760 248 611 545
763 249 611 1286
765 250 611 1131
776 251 611 1861
776 252 611 355
777 253 611 862
777 254 611 256
777 255 611 184
777 256 611 112
777 257 611 141
783 258 611 1675
785 259 611 1001
792 260 611 1707
792 261 611 18
800 262 611 1786
803 263 611 1229
805 264 611 923
805 265 611 85
810 266 611 1523
813 267 611 1202
816 268 611 1315
818 269 611 968
822 270 611 1474
826 271 611 1369
835 272 611 1801
845 273 611 1831
847 274 611 988
847 275 611 424
847 276 611 154
851 277 611 1430
858 278 611 1713
865 279 611 1699
867 280 611 1000
867 281 611 413
869 282 611 949
872 283 611 1211
875 284 611 1249
882 285 611 1704
891 286 611 1821
892 287 611 815
893 288 611 816
895 289 611 1071
896 290 611 675
898 291 611 1049
900 292 611 939
900 293 611 323
902 294 611 1059
908 295 611 1650
915 296 611 1725
917 297 611 941
919 298 611 1030
920 299 611 656
926 300 611 1686
927 301 611 615
928 302 611 569
933 303 611 1502
940 304 611 1736
946 305 611 1686
946 306 611 60
