0 0 811 33
3 1 811 1225
3 2 811 0
9 3 811 1676
11 4 811 901
12 5 811 653
12 6 811 298
16 7 811 1487
28 9 811 173
28 8 811 1876
32 10 811 1417
32 11 811 5
32 12 811 400
32 13 811 480
32 14 811 365
34 15 811 945
34 16 811 158
42 17 811 1755
43 18 811 747
48 19 811 1577
48 20 811 317
52 21 811 1365
52 22 811 334
56 23 811 1478
64 24 811 1755
75 25 811 1863
76 26 811 868
81 27 811 1601
83 29 811 466
83 28 811 994
84 30 811 780
93 31 811 1821
97 32 811 1396
100 33 811 1167
101 34 811 507
104 35 811 1231
105 39 811 323
105 38 811 232
105 37 811 250
105 36 811 810
106 40 811 592
113 41 811 1734
126 42 811 1887
127 43 811 657
127 44 811 123
127 45 811 211
127 46 811 77
132 47 811 1518
133 48 811 516
133 49 811 41
135 50 811 1110
137 51 811 874
142 52 811 1551
142 53 811 50
147 54 811 1554
148 55 811 592
150 57 811 446
150 56 811 890
160 58 811 1845
162 59 811 963
169 60 811 1710
170 61 811 622
170 62 811 493
174 63 811 1410
177 64 811 1318
182 65 811 1520
183 66 811 533
186 67 811 1157
200 68 811 1897
202 69 811 1059
202 70 811 134
212 71 811 1833
217 72 811 1522
217 73 811 423
219 74 811 985
220 75 811 508
224 76 811 1403
229 77 811 1601
233 78 811 1355
238 79 811 1544
246 80 811 1785
249 81 811 1275
251 82 811 1085
253 83 811 953
256 84 811 1281
266 86 811 270
266 85 811 1831
270 87 811 1345
275 88 811 1537
285 89 811 1840
285 90 811 340
285 91 811 364
285 92 811 329
288 93 811 1194
289 94 811 538
302 95 811 1895
305 96 811 1241
305 97 811 476
308 98 811 1264
309 99 811 527
314 100 811 1602
315 101 811 844
320 102 811 1545
324 103 811 1382
334 104 811 1831
337 105 811 1201
340 106 811 1276
342 107 811 1127
344 108 811 990
346 109 811 1046
348 110 811 1114
351 111 811 1214
353 112 811 1015
353 113 811 301
355 115 811 434
355 114 811 1102
359 116 811 1461
363 117 811 1464
363 118 811 129
367 119 811 1411
370 120 811 1250
372 121 811 1113
377 122 811 1545
377 123 811 57
378 124 811 718
385 125 811 1695
390 126 811 1503
390 127 811 328
399 128 811 1810
401 129 811 1015
404 130 811 1191
406 131 811 926
406 132 811 337
407 133 811 828
418 134 811 1866
420 135 811 941
426 136 811 1655
432 137 811 1628
434 138 811 1047
434 139 811 79
435 140 811 555
437 142 811 354
437 143 811 490
437 141 811 1067
438 144 811 725
440 145 811 1051
443 146 811 1274
443 147 811 28
443 148 811 92
443 149 811 104
443 150 811 433
450 151 811 1701
450 152 811 347
458 153 811 1777
461 154 811 1201
461 155 811 489
464 156 811 1224
468 157 811 1487
469 158 811 663
469 159 811 135
475 160 811 1623
477 161 811 947
480 162 811 1242
494 163 811 1900
502 164 811 1780
502 165 811 187
504 166 811 876
504 167 811 186
504 168 811 360
504 169 811 160
505 170 811 704
513 173 811 50
513 172 811 417
513 171 811 1758
514 174 811 856
514 175 811 183
515 176 811 758
517 177 811 1054
520 178 811 1256
525 179 811 1592
525 180 811 421
529 182 811 236
529 181 811 1475
536 183 811 1705
537 184 811 581
541 185 811 1415
542 186 811 578
542 187 811 484
547 188 811 1552
551 189 811 1376
557 190 811 1641
557 191 811 168
559 192 811 965
561 193 811 911
561 194 811 381
566 195 811 1532
573 196 811 1750
573 197 811 379
574 198 811 635
575 199 811 538
575 200 811 174
577 201 811 1087
582 202 811 1592
593 203 811 1856
596 204 811 1325
597 205 811 599
600 206 811 1283
600 207 811 297
602 208 811 921
604 209 811 1017
610 212 811 230
610 211 811 169
610 210 811 1655
612 213 811 995
618 214 811 1639
618 215 811 147
619 216 811 710
623 217 811 1461
626 218 811 1318
626 219 811 365
631 221 811 392
631 220 811 1534
632 222 811 558
634 223 811 908
634 224 811 443
635 225 811 536
636 226 811 793
640 227 811 1431
645 228 811 1594
648 232 811 419
648 231 811 379
648 230 811 358
648 229 811 1248
649 233 811 718
653 234 811 1418
656 235 811 1258
665 236 811 1807
665 237 811 305
665 238 811 380
680 240 811 131
680 241 811 281
680 239 811 1906
684 242 811 1488
685 243 811 534
691 244 811 1645
695 245 811 1472
706 246 811 1862
719 247 811 1895
722 249 811 233
722 248 811 1196
723 251 811 288
723 250 811 822
725 252 811 985
725 253 811 270
727 254 811 928
734 255 811 1707
735 256 811 528
736 257 811 683
740 258 811 1412
741 259 811 789
748 260 811 1731
756 261 811 1777
757 262 811 628
762 263 811 1597
763 264 811 659
766 265 811 1276
772 266 811 1674
776 267 811 1436
781 271 811 405
781 270 811 265
781 269 811 381
781 268 811 1501
783 272 811 1080
786 273 811 1336
786 274 811 233
789 275 811 1252
790 276 811 829
790 277 811 24
793 278 811 1188
795 279 811 896
796 280 811 598
797 281 811 823
797 282 811 234
801 283 811 1360
801 284 811 426
801 285 811 69
804 286 811 1318
804 287 811 149
811 288 811 1714
817 289 811 1636
818 290 811 729
820 291 811 1124
821 292 811 818
826 293 811 1516
826 294 811 175
826 295 811 278
831 296 811 1578
840 297 811 1815
849 298 811 1800
849 299 811 369
856 300 811 1722
856 301 811 425
856 302 811 393
857 303 811 814
870 304 811 1893
870 305 811 417
872 306 811 1132
