3 0 1754 1164
22 1 1754 1920
23 2 1754 783
28 3 1754 1537
30 4 1754 1019
34 5 1754 1451
35 6 1754 654
36 7 1754 779
37 8 1754 572
40 10 1754 43
40 9 1754 1266
43 11 1754 1250
44 12 1754 524
48 13 1754 1474
51 14 1754 1161
53 15 1754 949
55 16 1754 1067
63 17 1754 1780
67 19 1754 155
67 18 1754 1388
69 20 1754 1138
69 21 1754 55
69 22 1754 238
80 23 1754 1857
84 24 1754 1401
89 25 1754 1506
89 26 1754 232
95 27 1754 1664
102 28 1754 1692
104 29 1754 1067
105 30 1754 601
105 31 1754 109
109 32 1754 1401
112 33 1754 1154
116 34 1754 1462
117 35 1754 828
119 36 1754 1081
122 37 1754 1260
130 38 1754 1778
131 39 1754 564
133 40 1754 1045
136 41 1754 1246
137 42 1754 547
138 43 1754 640
140 44 1754 1118
140 45 1754 190
141 47 1754 243
141 46 1754 830
149 48 1754 1753
150 49 1754 608
150 50 1754 456
152 51 1754 1017
155 52 1754 1264
155 53 1754 255
156 54 1754 661
158 55 1754 1109
164 56 1754 1681
165 57 1754 850
165 58 1754 136
169 59 1754 1438
172 60 1754 1219
174 61 1754 915
176 62 1754 1012
180 63 1754 1430
181 64 1754 664
192 65 1754 1858
200 66 1754 1773
203 67 1754 1295
203 68 1754 12
203 69 1754 333
211 70 1754 1792
218 71 1754 1732
218 72 1754 2
219 73 1754 823
221 74 1754 1034
230 75 1754 1816
234 76 1754 1433
239 77 1754 1522
240 78 1754 739
243 79 1754 1211
244 80 1754 675
261 81 1754 1913
271 82 1754 1835
273 83 1754 1083
274 84 1754 611
279 85 1754 1509
280 86 1754 770
283 87 1754 1146
283 88 1754 492
283 89 1754 353
285 90 1754 1072
285 91 1754 231
287 92 1754 1123
287 93 1754 339
290 96 1754 233
290 95 1754 130
290 94 1754 1270
292 97 1754 1042
306 98 1754 1900
309 99 1754 1184
309 100 1754 342
313 101 1754 1460
313 102 1754 230
317 103 1754 1420
318 104 1754 740
319 105 1754 648
321 106 1754 1015
321 107 1754 440
324 108 1754 1146
325 109 1754 769
330 110 1754 1600
330 111 1754 158
330 112 1754 110
331 113 1754 849
332 114 1754 762
335 115 1754 1230
337 116 1754 1004
347 117 1754 1853
348 118 1754 818
350 119 1754 1080
352 120 1754 1088
353 121 1754 627
354 122 1754 802
359 123 1754 1584
362 124 1754 1186
367 125 1754 1561
368 126 1754 608
373 127 1754 1587
377 128 1754 1478
379 129 1754 903
384 130 1754 1583
384 131 1754 390
389 132 1754 1547
393 133 1754 1479
395 134 1754 869
397 135 1754 1140
403 136 1754 1683
403 137 1754 415
403 138 1754 343
416 139 1754 1887
416 140 1754 494
416 141 1754 330
443 142 1754 1924
449 143 1754 1648
450 144 1754 677
452 145 1754 913
452 146 1754 120
452 147 1754 274
457 148 1754 1501
457 149 1754 39
459 150 1754 1051
459 151 1754 305
459 152 1754 223
460 154 1754 96
460 153 1754 819
466 155 1754 1640
467 156 1754 657
468 157 1754 571
468 158 1754 234
470 159 1754 1104
470 160 1754 40
474 161 1754 1352
476 163 1754 243
476 162 1754 886
478 164 1754 1111
481 165 1754 1210
482 166 1754 536
483 167 1754 556
498 168 1754 1905
503 169 1754 1547
507 170 1754 1472
508 171 1754 588
513 172 1754 1510
514 173 1754 856
515 174 1754 586
516 175 1754 757
517 176 1754 627
519 177 1754 1078
521 178 1754 907
521 179 1754 273
525 182 1754 85
525 181 1754 334
525 180 1754 1440
529 183 1754 1438
537 184 1754 1777
540 185 1754 1278
540 186 1754 166
541 187 1754 727
545 188 1754 1382
548 189 1754 1154
548 190 1754 482
550 192 1754 181
550 191 1754 1111
553 193 1754 1163
563 194 1754 1847
565 195 1754 1066
569 196 1754 1368
575 197 1754 1681
576 198 1754 537
580 200 1754 376
580 199 1754 1391
584 201 1754 1489
584 202 1754 294
596 203 1754 1878
596 204 1754 492
596 205 1754 462
597 206 1754 719
600 208 1754 232
600 207 1754 1292
603 209 1754 1263
605 210 1754 1012
610 211 1754 1503
615 212 1754 1588
627 213 1754 1885
632 214 1754 1588
638 215 1754 1630
641 216 1754 1266
645 217 1754 1372
645 218 1754 390
653 219 1754 1758
655 220 1754 1044
662 221 1754 1734
664 222 1754 1098
665 223 1754 750
667 224 1754 1065
667 225 1754 360
667 226 1754 407
667 227 1754 346
669 228 1754 933
673 229 1754 1445
676 230 1754 1314
678 231 1754 871
679 232 1754 541
683 233 1754 1440
692 234 1754 1821
704 235 1754 1875
704 236 1754 39
704 237 1754 131
706 238 1754 946
709 239 1754 1314
710 240 1754 558
711 241 1754 798
711 242 1754 494
711 243 1754 119
711 244 1754 141
713 245 1754 903
717 246 1754 1447
717 247 1754 220
722 249 1754 216
722 248 1754 1500
729 250 1754 1724
749 251 1754 1920
752 252 1754 1290
753 253 1754 703
753 254 1754 347
754 255 1754 566
754 256 1754 391
758 257 1754 1468
759 262 1754 358
759 261 1754 373
759 258 1754 813
759 259 1754 131
759 260 1754 55
760 263 1754 712
772 265 1754 141
772 264 1754 1874
774 267 1754 148
774 268 1754 64
774 266 1754 962
780 269 1754 1637
785 270 1754 1591
787 271 1754 1134
787 272 1754 425
789 273 1754 1001
792 274 1754 1199
792 275 1754 245
795 276 1754 1240
797 277 1754 979
798 278 1754 608
798 279 1754 161
799 280 1754 837
799 281 1754 186
800 282 1754 771
801 283 1754 717
807 284 1754 1645
810 285 1754 1318
815 286 1754 1505
823 287 1754 1762
825 288 1754 1093
828 289 1754 1255
832 290 1754 1484
832 291 1754 495
835 292 1754 1243
836 293 1754 815
839 295 1754 184
839 296 1754 439
839 294 1754 1258
846 297 1754 1706
846 298 1754 169
846 299 1754 0
857 300 1754 1866
860 301 1754 1299
860 302 1754 156
868 303 1754 1787
869 304 1754 550
870 305 1754 590
874 306 1754 1494
