0 0 1629 470
7 1 1629 1705
8 2 1629 599
8 3 1629 419
12 4 1629 1473
15 5 1629 1284
16 6 1629 803
18 8 1629 443
18 7 1629 1098
19 9 1629 658
22 10 1629 1166
44 11 1629 1922
45 12 1629 554
48 13 1629 1219
51 15 1629 227
51 14 1629 1317
51 16 1629 238
53 18 1629 56
53 17 1629 1014
58 19 1629 1544
58 20 1629 486
66 21 1629 1756
66 22 1629 153
67 23 1629 659
69 24 1629 869
75 25 1629 1630
78 26 1629 1145
80 27 1629 1135
80 28 1629 284
80 29 1629 332
84 30 1629 1486
84 31 1629 152
87 32 1629 1217
90 33 1629 1245
93 35 1629 97
93 34 1629 1187
93 36 1629 383
97 37 1629 1449
98 38 1629 829
101 39 1629 1344
101 40 1629 492
102 41 1629 563
102 42 1629 430
104 43 1629 1062
105 44 1629 796
108 45 1629 1274
126 47 1629 318
126 46 1629 1917
128 48 1629 1020
143 49 1629 1905
148 50 1629 1544
148 51 1629 34
154 52 1629 1660
155 53 1629 840
158 54 1629 1317
159 55 1629 638
164 56 1629 1552
175 57 1629 1864
179 58 1629 1474
187 59 1629 1768
187 60 1629 139
192 61 1629 1592
193 62 1629 814
193 63 1629 111
195 64 1629 1097
197 65 1629 1013
198 66 1629 705
201 67 1629 1233
201 68 1629 31
204 69 1629 1220
212 70 1629 1768
213 71 1629 714
213 72 1629 184
214 73 1629 636
216 74 1629 1052
226 75 1629 1847
229 76 1629 1326
231 77 1629 1015
239 78 1629 1787
244 79 1629 1520
250 80 1629 1638
251 81 1629 827
251 82 1629 115
251 83 1629 303
252 84 1629 712
256 85 1629 1451
256 86 1629 417
256 87 1629 376
266 88 1629 1852
267 89 1629 548
267 90 1629 469
267 91 1629 443
281 92 1629 1900
283 93 1629 986
286 94 1629 1205
287 95 1629 824
293 96 1629 1674
293 97 1629 318
306 98 1629 1890
313 99 1629 1708
314 100 1629 569
315 101 1629 683
315 102 1629 286
322 104 1629 136
322 103 1629 1724
323 105 1629 829
331 106 1629 1774
333 107 1629 1023
340 108 1629 1713
344 109 1629 1394
347 110 1629 1237
348 112 1629 77
348 111 1629 537
360 114 1629 130
360 113 1629 1879
363 115 1629 1236
367 116 1629 1477
368 117 1629 510
371 118 1629 1323
376 119 1629 1570
377 120 1629 596
377 121 1629 328
380 122 1629 1306
384 123 1629 1408
385 124 1629 750
388 125 1629 1324
389 126 1629 739
391 127 1629 1123
395 128 1629 1356
395 129 1629 227
395 130 1629 173
397 131 1629 1007
399 133 1629 79
399 132 1629 1049
401 134 1629 950
403 135 1629 954
404 136 1629 541
404 137 1629 315
404 138 1629 166
413 139 1629 1807
418 140 1629 1601
421 141 1629 1318
422 143 1629 457
422 142 1629 588
425 144 1629 1236
436 145 1629 1856
436 146 1629 366
436 147 1629 20
437 148 1629 856
450 149 1629 1894
453 150 1629 1271
456 151 1629 1164
458 153 1629 320
458 152 1629 919
460 154 1629 1111
460 155 1629 240
463 156 1629 1302
464 157 1629 803
466 158 1629 973
467 159 1629 736
467 160 1629 90
468 161 1629 651
473 162 1629 1592
477 163 1629 1485
480 164 1629 1221
480 165 1629 229
484 166 1629 1413
506 167 1629 1922
508 168 1629 928
510 169 1629 1100
511 170 1629 695
514 172 1629 343
514 171 1629 1162
518 173 1629 1440
531 174 1629 1893
534 175 1629 1202
540 176 1629 1664
541 177 1629 848
541 178 1629 171
542 179 1629 819
544 180 1629 958
545 182 1629 267
545 181 1629 718
549 183 1629 1387
551 184 1629 880
553 185 1629 933
553 186 1629 88
554 187 1629 728
556 188 1629 892
557 189 1629 709
562 190 1629 1576
568 191 1629 1662
571 192 1629 1266
575 193 1629 1354
582 194 1629 1717
584 195 1629 950
590 196 1629 1651
592 197 1629 1027
595 198 1629 1161
597 201 1629 369
597 199 1629 1007
597 200 1629 443
599 202 1629 1017
605 203 1629 1680
608 204 1629 1198
608 205 1629 109
609 206 1629 820
613 207 1629 1404
613 208 1629 351
623 209 1629 1834
624 210 1629 501
624 211 1629 454
625 212 1629 632
625 213 1629 154
632 214 1629 1703
635 215 1629 1297
635 216 1629 383
635 217 1629 205
636 220 1629 141
636 219 1629 288
636 218 1629 605
637 221 1629 684
639 222 1629 1029
639 223 1629 218
643 224 1629 1449
645 225 1629 957
654 226 1629 1821
656 227 1629 913
662 228 1629 1648
664 229 1629 943
668 230 1629 1476
669 231 1629 636
675 232 1629 1612
677 233 1629 1088
677 234 1629 375
678 235 1629 588
684 236 1629 1626
685 237 1629 512
685 238 1629 188
686 240 1629 113
686 239 1629 771
687 241 1629 609
687 242 1629 377
689 243 1629 983
689 244 1629 208
691 245 1629 1122
693 246 1629 1030
695 247 1629 1111
700 249 1629 419
700 248 1629 1576
701 250 1629 566
705 251 1629 1445
705 252 1629 422
707 253 1629 873
708 254 1629 866
714 255 1629 1684
717 256 1629 1264
718 260 1629 213
718 259 1629 241
718 258 1629 231
718 257 1629 798
728 261 1629 1832
734 262 1629 1680
737 263 1629 1333
737 264 1629 357
745 265 1629 1789
746 266 1629 767
750 267 1629 1468
757 268 1629 1704
759 269 1629 1115
764 270 1629 1595
773 271 1629 1796
773 272 1629 17
781 273 1629 1758
781 274 1629 174
785 275 1629 1457
785 276 1629 306
785 277 1629 45
785 278 1629 10
785 279 1629 326
795 280 1629 1851
796 281 1629 709
799 282 1629 1262
802 285 1629 30
802 286 1629 214
802 283 1629 1228
802 284 1629 376
803 287 1629 739
803 288 1629 222
804 289 1629 615
807 290 1629 1248
808 291 1629 828
808 292 1629 280
819 293 1629 1871
820 295 1629 206
820 294 1629 558
821 296 1629 853
823 297 1629 969
824 298 1629 625
824 299 1629 344
824 300 1629 355
828 301 1629 1487
831 302 1629 1332
831 303 1629 460
832 304 1629 749
833 305 1629 695
837 306 1629 1428
