7 0 244 1721
12 1 244 1588
16 2 244 1386
16 3 244 34
25 4 244 1814
29 5 244 1373
31 6 244 883
39 7 244 1750
42 9 244 410
42 8 244 1263
43 10 244 566
48 11 244 1517
50 12 244 1041
55 13 244 1570
55 14 244 457
60 15 244 1551
62 16 244 908
70 17 244 1757
71 18 244 709
73 19 244 1099
74 20 244 548
77 21 244 1226
83 22 244 1665
90 23 244 1694
91 24 244 582
93 25 244 1072
99 26 244 1637
101 27 244 959
111 28 244 1837
111 29 244 251
116 30 244 1546
116 31 244 297
116 32 244 220
130 33 244 1898
133 34 244 1270
144 35 244 1857
144 36 244 437
146 37 244 1120
162 38 244 1910
169 39 244 1738
169 40 244 432
172 41 244 1156
173 42 244 637
183 43 244 1853
187 44 244 1468
187 45 244 42
190 48 244 363
190 46 244 1278
190 47 244 301
191 49 244 641
191 50 244 138
192 51 244 506
193 52 244 612
196 53 244 1329
197 54 244 803
197 55 244 495
207 56 244 1847
213 57 244 1617
217 58 244 1377
218 59 244 742
224 60 244 1660
234 61 244 1848
244 62 244 1838
246 63 244 1011
247 64 244 789
247 65 244 269
250 66 244 1296
252 67 244 1067
252 68 244 299
253 69 244 524
255 70 244 1113
262 71 244 1713
270 72 244 1771
272 73 244 896
273 74 244 667
276 75 244 1317
277 76 244 589
284 77 244 1737
284 78 244 226
285 79 244 539
292 80 244 1718
295 81 244 1336
296 82 244 595
299 83 244 1195
299 84 244 113
301 85 244 1039
307 86 244 1610
308 87 244 816
310 88 244 1095
311 89 244 775
311 90 244 10
312 91 244 745
318 92 244 1668
321 93 244 1167
321 94 244 77
322 95 244 508
325 96 244 1243
330 97 244 1550
332 98 244 1064
335 99 244 1199
336 100 244 671
336 101 244 210
336 102 244 1
344 103 244 1763
348 105 244 349
348 104 244 1453
349 106 244 659
355 107 244 1640
356 108 244 662
360 109 244 1410
370 110 244 1831
370 111 244 110
374 112 244 1391
375 113 244 837
377 115 244 324
377 114 244 948
380 116 244 1252
381 117 244 642
383 118 244 898
389 119 244 1674
390 120 244 583
390 121 244 480
404 122 244 1897
408 123 244 1448
409 126 244 44
409 124 244 514
409 125 244 368
410 127 244 604
411 128 244 818
411 129 244 158
411 130 244 74
413 131 244 963
414 132 244 672
416 133 244 952
424 134 244 1793
429 135 244 1508
432 136 244 1334
433 137 244 757
439 138 244 1667
445 139 244 1688
445 140 244 379
458 141 244 1894
458 142 244 153
464 143 244 1609
466 144 244 869
475 145 244 1824
478 146 244 1279
479 147 244 830
479 148 244 219
485 149 244 1678
488 150 244 1180
489 151 244 600
490 152 244 652
493 153 244 1314
494 154 244 615
494 155 244 190
494 156 244 237
494 157 244 477
497 158 244 1248
499 159 244 1085
499 160 244 304
499 161 244 55
500 162 244 822
501 163 244 503
504 164 244 1335
505 165 244 867
509 166 244 1362
509 167 244 439
511 168 244 969
515 169 244 1365
517 170 244 914
517 171 244 495
519 172 244 900
521 173 244 1134
524 174 244 1295
525 175 244 614
525 176 244 326
525 177 244 287
526 178 244 579
527 179 244 614
529 180 244 1013
531 182 244 384
531 181 244 1139
533 183 244 1064
535 184 244 902
539 185 244 1399
539 186 244 311
542 187 244 1283
542 188 244 336
547 189 244 1602
550 190 244 1270
551 191 244 856
555 192 244 1433
556 193 244 581
560 194 244 1383
560 195 244 323
562 196 244 1072
567 199 244 2
567 200 244 462
567 197 244 1575
567 198 244 273
568 201 244 840
576 202 244 1785
577 203 244 779
578 204 244 764
579 205 244 685
585 206 244 1625
589 208 244 19
589 207 244 1443
589 209 244 0
597 210 244 1788
609 211 244 1875
618 212 244 1823
619 213 244 633
619 214 244 71
621 215 244 1090
626 216 244 1596
632 217 244 1682
637 218 244 1526
648 219 244 1861
649 222 244 102
649 220 244 556
649 221 244 78
652 223 244 1291
652 224 244 94
652 225 244 57
654 226 244 986
654 227 244 318
660 228 244 1675
662 229 244 971
666 230 244 1466
667 231 244 676
667 232 244 14
668 233 244 577
668 234 244 152
668 235 244 173
671 236 244 1278
676 238 244 300
676 239 244 217
676 237 244 1530
683 240 244 1698
684 241 244 792
687 242 244 1264
687 243 244 335
694 244 244 1738
697 245 244 1320
699 246 244 958
700 247 244 799
701 249 244 293
701 248 244 510
702 250 244 652
705 251 244 1315
705 252 244 48
705 253 244 336
709 254 244 1370
709 255 244 383
710 256 244 737
710 257 244 494
711 258 244 685
712 259 244 706
718 260 244 1623
721 261 244 1307
728 262 244 1692
730 263 244 972
730 264 244 458
732 265 244 1112
743 266 244 1861
746 268 244 481
746 267 244 1246
755 269 244 1822
762 270 244 1736
762 271 244 66
766 272 244 1382
769 273 244 1309
769 274 244 163
775 275 244 1688
776 276 244 738
783 277 244 1691
787 278 244 1477
788 279 244 698
790 280 244 1024
790 281 244 187
797 282 244 1733
801 283 244 1381
801 284 244 318
801 285 244 151
802 286 244 627
807 287 244 1602
809 288 244 1131
816 289 244 1693
820 290 244 1361
821 291 244 784
822 292 244 845
827 293 244 1518
828 294 244 518
828 295 244 391
830 297 244 291
830 296 244 1025
839 298 244 1801
840 299 244 626
844 300 244 1384
850 301 244 1636
850 302 244 318
851 303 244 612
851 304 244 481
852 305 244 586
863 306 244 1858
