0 0 1398 376
4 1 1398 1492
5 2 1398 640
6 3 1398 567
6 4 1398 482
9 5 1398 1174
12 6 1398 1285
12 7 1398 391
14 8 1398 994
15 9 1398 837
15 10 1398 365
23 11 1398 1792
23 12 1398 482
27 13 1398 1351
27 14 1398 382
29 15 1398 943
32 17 1398 437
32 18 1398 169
32 16 1398 1230
33 19 1398 754
38 20 1398 1587
40 21 1398 1086
40 22 1398 80
41 23 1398 826
53 24 1398 1884
56 25 1398 1170
61 26 1398 1571
63 27 1398 946
70 28 1398 1728
71 29 1398 793
74 30 1398 1242
75 31 1398 817
77 32 1398 1036
81 33 1398 1416
86 34 1398 1520
90 35 1398 1407
93 36 1398 1154
98 38 1398 454
98 37 1398 1503
99 39 1398 538
106 40 1398 1718
106 41 1398 411
108 42 1398 1093
109 43 1398 524
116 44 1398 1707
116 45 1398 255
121 48 1398 418
121 47 1398 187
121 46 1398 1505
129 49 1398 1776
140 50 1398 1866
147 51 1398 1746
149 52 1398 1121
151 53 1398 995
153 54 1398 1089
156 55 1398 1215
160 56 1398 1412
167 57 1398 1738
168 58 1398 607
171 59 1398 1236
176 60 1398 1528
176 61 1398 339
177 62 1398 587
177 63 1398 200
182 64 1398 1520
186 65 1398 1472
187 66 1398 755
189 67 1398 991
197 68 1398 1755
199 69 1398 899
206 70 1398 1714
212 71 1398 1651
227 72 1398 1907
232 73 1398 1555
234 74 1398 961
237 75 1398 1175
255 76 1398 1917
259 77 1398 1480
261 78 1398 1043
267 79 1398 1629
272 80 1398 1589
276 81 1398 1383
277 82 1398 527
289 83 1398 1877
290 84 1398 851
294 85 1398 1421
300 86 1398 1621
300 87 1398 41
300 88 1398 326
300 89 1398 305
320 90 1398 1920
323 91 1398 1340
325 92 1398 895
328 93 1398 1142
330 94 1398 935
334 95 1398 1378
341 96 1398 1748
343 97 1398 893
345 98 1398 929
345 99 1398 235
349 100 1398 1425
350 101 1398 514
350 102 1398 356
354 105 1398 215
354 104 1398 62
354 103 1398 1444
362 106 1398 1763
366 107 1398 1490
366 108 1398 34
376 109 1398 1839
379 110 1398 1222
390 111 1398 1856
391 112 1398 694
393 113 1398 903
398 115 1398 144
398 114 1398 1572
405 116 1398 1737
406 117 1398 634
409 118 1398 1273
409 119 1398 98
417 120 1398 1775
418 121 1398 714
419 122 1398 665
423 123 1398 1450
425 125 1398 373
425 124 1398 904
426 126 1398 755
427 127 1398 765
428 128 1398 619
433 129 1398 1508
437 130 1398 1352
439 131 1398 1024
440 132 1398 550
441 134 1398 203
441 133 1398 807
443 135 1398 1075
445 136 1398 1027
447 137 1398 1008
456 138 1398 1815
457 139 1398 636
462 142 1398 6
462 143 1398 411
462 140 1398 1582
462 141 1398 130
464 144 1398 1008
464 145 1398 64
465 146 1398 645
483 147 1398 1917
487 148 1398 1494
488 149 1398 791
493 150 1398 1566
495 151 1398 1113
500 152 1398 1544
501 154 1398 385
501 153 1398 831
502 155 1398 710
510 156 1398 1773
511 157 1398 831
512 158 1398 539
518 159 1398 1613
522 160 1398 1384
524 161 1398 998
526 165 1398 197
526 164 1398 487
526 162 1398 870
526 163 1398 451
529 166 1398 1305
538 167 1398 1812
539 168 1398 699
539 169 1398 497
541 170 1398 1042
542 171 1398 728
543 172 1398 744
544 174 1398 441
544 173 1398 636
550 175 1398 1644
551 176 1398 707
551 177 1398 253
551 178 1398 441
552 179 1398 839
558 180 1398 1652
559 181 1398 763
562 182 1398 1195
570 183 1398 1753
581 184 1398 1866
581 185 1398 238
585 186 1398 1405
591 187 1398 1644
591 188 1398 422
595 189 1398 1417
598 193 1398 202
598 192 1398 468
598 191 1398 195
598 190 1398 1226
601 194 1398 1177
602 195 1398 584
605 196 1398 1185
609 197 1398 1480
619 198 1398 1849
620 199 1398 811
621 200 1398 683
622 201 1398 758
625 202 1398 1217
627 203 1398 997
633 204 1398 1674
634 205 1398 837
634 206 1398 369
636 207 1398 907
636 208 1398 389
637 210 1398 3
637 209 1398 665
642 211 1398 1520
642 212 1398 389
648 213 1398 1624
660 214 1398 1885
661 215 1398 620
668 216 1398 1727
670 217 1398 1042
671 219 1398 248
671 218 1398 509
672 220 1398 716
677 221 1398 1585
681 222 1398 1389
684 223 1398 1206
687 224 1398 1195
688 225 1398 846
688 226 1398 260
689 227 1398 542
693 228 1398 1384
701 230 1398 459
701 229 1398 1782
704 231 1398 1151
704 232 1398 328
709 233 1398 1555
709 234 1398 155
711 235 1398 894
715 237 1398 198
715 238 1398 78
715 236 1398 1471
717 239 1398 1029
725 240 1398 1793
725 241 1398 497
728 242 1398 1255
734 243 1398 1682
738 244 1398 1414
744 245 1398 1631
751 246 1398 1730
752 248 1398 241
752 247 1398 768
753 249 1398 557
754 250 1398 781
754 251 1398 142
756 252 1398 971
761 253 1398 1600
761 254 1398 94
763 255 1398 1023
766 257 1398 10
766 256 1398 1294
773 258 1398 1726
774 259 1398 828
775 260 1398 576
783 261 1398 1751
787 262 1398 1447
788 263 1398 532
788 264 1398 206
789 265 1398 777
792 266 1398 1191
793 267 1398 759
797 268 1398 1469
799 269 1398 991
801 270 1398 1073
806 271 1398 1529
808 272 1398 963
812 273 1398 1404
812 274 1398 379
812 275 1398 219
812 276 1398 330
818 277 1398 1632
825 278 1398 1717
829 279 1398 1489
831 280 1398 1040
835 281 1398 1416
835 282 1398 300
836 283 1398 827
838 285 1398 316
838 286 1398 180
838 284 1398 1000
839 287 1398 652
843 288 1398 1460
845 289 1398 1057
850 290 1398 1525
854 291 1398 1461
854 292 1398 396
857 295 1398 42
857 294 1398 452
857 293 1398 1175
859 296 1398 974
860 297 1398 722
864 298 1398 1475
865 299 1398 637
865 300 1398 439
867 301 1398 971
870 302 1398 1224
873 303 1398 1175
877 304 1398 1408
880 305 1398 1176
882 306 1398 1104
