0 0 1379 0
3 1 1379 1308
6 2 1379 1277
9 3 1379 1304
9 4 1379 489
11 5 1379 999
16 6 1379 1498
19 7 1379 1253
22 9 1379 7
22 8 1379 1311
23 10 1379 675
27 11 1379 1403
36 12 1379 1809
38 13 1379 1105
40 14 1379 961
40 15 1379 250
43 17 1379 13
43 18 1379 479
43 16 1379 1170
44 19 1379 748
48 20 1379 1357
58 21 1379 1845
63 22 1379 1545
66 23 1379 1154
75 24 1379 1810
78 26 1379 314
78 25 1379 1288
79 27 1379 546
80 28 1379 645
81 29 1379 858
81 30 1379 387
82 31 1379 499
82 32 1379 140
92 33 1379 1844
103 34 1379 1858
104 35 1379 746
112 36 1379 1772
115 37 1379 1260
123 38 1379 1784
126 39 1379 1305
126 40 1379 180
129 41 1379 1157
134 42 1379 1600
138 43 1379 1471
140 44 1379 1045
145 45 1379 1603
145 46 1379 453
148 48 1379 364
148 47 1379 1177
153 49 1379 1589
154 50 1379 708
163 51 1379 1801
163 52 1379 102
163 53 1379 388
164 54 1379 691
164 55 1379 79
170 57 1379 123
170 56 1379 1687
174 58 1379 1419
176 59 1379 1126
177 60 1379 684
179 61 1379 951
180 62 1379 607
180 63 1379 452
185 65 1379 176
185 64 1379 1545
188 66 1379 1262
201 67 1379 1889
204 68 1379 1171
204 69 1379 215
204 70 1379 402
214 71 1379 1835
214 72 1379 153
216 73 1379 1098
217 78 1379 109
217 79 1379 207
217 77 1379 73
217 76 1379 245
217 75 1379 200
217 74 1379 567
218 80 1379 835
220 81 1379 1062
220 82 1379 182
222 83 1379 981
222 84 1379 149
223 86 1379 397
223 85 1379 511
229 87 1379 1676
232 88 1379 1153
240 89 1379 1778
242 90 1379 983
248 91 1379 1648
256 92 1379 1766
257 93 1379 658
258 94 1379 620
261 95 1379 1153
262 96 1379 549
265 97 1379 1148
275 98 1379 1851
277 99 1379 868
277 100 1379 340
277 101 1379 489
277 102 1379 5
277 103 1379 148
280 104 1379 1186
281 105 1379 798
287 106 1379 1647
289 107 1379 928
296 108 1379 1746
296 109 1379 490
304 110 1379 1759
310 111 1379 1614
310 112 1379 14
313 113 1379 1211
313 114 1379 291
318 115 1379 1547
319 116 1379 769
324 117 1379 1550
324 118 1379 302
326 119 1379 1034
333 120 1379 1704
338 121 1379 1511
339 122 1379 735
342 123 1379 1318
345 124 1379 1156
346 126 1379 69
346 125 1379 678
350 127 1379 1420
350 128 1379 478
353 129 1379 1338
358 130 1379 1576
360 131 1379 1022
360 132 1379 147
363 133 1379 1165
371 135 1379 346
371 134 1379 1792
373 136 1379 1056
373 137 1379 33
380 138 1379 1720
383 139 1379 1276
384 140 1379 788
388 141 1379 1393
399 142 1379 1855
400 144 1379 19
400 143 1379 663
403 145 1379 1294
409 146 1379 1634
410 147 1379 554
410 148 1379 367
412 149 1379 998
412 150 1379 384
414 151 1379 923
415 152 1379 845
416 153 1379 816
418 154 1379 1089
419 155 1379 754
425 156 1379 1678
426 157 1379 612
428 158 1379 917
429 159 1379 507
430 162 1379 449
430 163 1379 407
430 160 1379 729
430 161 1379 226
431 164 1379 839
432 165 1379 737
436 166 1379 1467
437 167 1379 773
440 168 1379 1343
451 169 1379 1870
451 170 1379 491
452 171 1379 736
460 172 1379 1755
462 175 1379 310
462 173 1379 951
462 174 1379 245
467 176 1379 1580
467 177 1379 71
470 178 1379 1298
478 179 1379 1786
480 180 1379 969
484 181 1379 1439
486 182 1379 1053
490 183 1379 1405
492 184 1379 954
493 185 1379 652
493 186 1379 176
496 187 1379 1255
496 188 1379 76
498 189 1379 1038
499 191 1379 443
499 190 1379 592
501 192 1379 1040
504 193 1379 1212
505 194 1379 546
506 195 1379 562
508 196 1379 944
512 197 1379 1448
519 198 1379 1749
522 199 1379 1206
530 200 1379 1752
531 201 1379 860
533 203 1379 421
533 202 1379 1135
534 204 1379 506
539 205 1379 1572
541 206 1379 1093
550 207 1379 1819
551 208 1379 571
552 209 1379 778
554 210 1379 1098
560 211 1379 1606
563 212 1379 1238
565 213 1379 1055
569 214 1379 1462
572 215 1379 1214
574 216 1379 1098
576 217 1379 969
580 218 1379 1378
580 219 1379 186
581 220 1379 560
581 221 1379 211
582 223 1379 305
582 222 1379 697
585 224 1379 1277
585 225 1379 47
591 226 1379 1620
592 227 1379 542
592 228 1379 404
598 229 1379 1608
601 235 1379 109
601 236 1379 303
601 234 1379 34
601 230 1379 1291
601 232 1379 247
601 231 1379 132
601 233 1379 92
602 237 1379 631
604 238 1379 898
607 239 1379 1306
611 240 1379 1483
611 241 1379 281
612 242 1379 683
615 243 1379 1223
626 244 1379 1864
628 245 1379 910
630 246 1379 1130
646 247 1379 1910
652 248 1379 1675
655 249 1379 1256
659 250 1379 1388
673 252 1379 69
673 251 1379 1899
678 253 1379 1562
679 254 1379 645
684 255 1379 1540
684 256 1379 163
685 257 1379 830
687 258 1379 1068
687 259 1379 459
699 260 1379 1877
700 261 1379 550
704 262 1379 1415
706 263 1379 887
710 264 1379 1411
712 265 1379 966
716 266 1379 1359
719 267 1379 1146
721 268 1379 1021
725 269 1379 1353
727 273 1379 71
727 272 1379 70
727 270 1379 911
727 271 1379 466
728 274 1379 627
728 275 1379 279
732 276 1379 1453
736 277 1379 1398
736 278 1379 366
736 279 1379 367
737 280 1379 842
743 281 1379 1635
744 282 1379 792
746 283 1379 1072
746 284 1379 219
749 285 1379 1316
749 286 1379 62
750 287 1379 610
754 289 1379 418
754 288 1379 1371
765 290 1379 1870
769 291 1379 1398
773 292 1379 1487
773 293 1379 438
777 294 1379 1354
779 295 1379 933
780 296 1379 791
787 297 1379 1720
794 298 1379 1736
796 299 1379 897
800 300 1379 1476
815 301 1379 1908
817 302 1379 889
817 303 1379 321
817 304 1379 345
819 305 1379 921
828 306 1379 1828
