2 0 1921 933
11 1 1921 1826
12 2 1921 549
12 3 1921 361
15 4 1921 1172
16 5 1921 713
18 6 1921 970
19 8 1921 168
19 7 1921 512
20 9 1921 755
20 10 1921 68
23 11 1921 1277
24 12 1921 826
28 13 1921 1421
31 14 1921 1182
32 15 1921 660
34 16 1921 1073
35 17 1921 736
42 18 1921 1706
44 19 1921 1065
46 20 1921 997
55 21 1921 1801
55 22 1921 128
64 23 1921 1796
67 24 1921 1309
67 25 1921 65
71 29 1921 27
71 28 1921 125
71 26 1921 1448
71 27 1921 147
72 30 1921 779
74 31 1921 925
77 32 1921 1326
78 33 1921 768
78 34 1921 375
79 36 1921 380
79 35 1921 722
85 38 1921 35
85 37 1921 1665
88 39 1921 1175
88 40 1921 230
98 41 1921 1849
99 42 1921 822
101 43 1921 1027
105 44 1921 1488
105 45 1921 338
106 46 1921 685
121 47 1921 1907
127 48 1921 1674
127 49 1921 21
127 50 1921 69
127 51 1921 207
135 52 1921 1782
138 53 1921 1146
141 54 1921 1298
143 55 1921 1057
150 56 1921 1698
151 57 1921 678
153 58 1921 976
155 59 1921 1106
158 60 1921 1190
159 61 1921 823
159 62 1921 387
159 63 1921 141
173 64 1921 1900
175 65 1921 1068
187 67 1921 57
187 66 1921 1876
189 68 1921 1046
189 69 1921 459
189 70 1921 280
192 71 1921 1332
193 72 1921 700
194 73 1921 530
195 74 1921 835
197 75 1921 1073
199 76 1921 978
201 77 1921 1025
201 78 1921 307
203 79 1921 971
206 80 1921 1305
210 81 1921 1466
210 82 1921 397
210 83 1921 103
222 84 1921 1882
223 85 1921 571
225 87 1921 179
225 86 1921 1068
229 88 1921 1395
232 89 1921 1243
234 90 1921 949
240 91 1921 1627
241 92 1921 689
242 93 1921 854
258 94 1921 1910
261 95 1921 1331
265 96 1921 1461
266 97 1921 681
268 98 1921 1051
268 99 1921 420
268 100 1921 387
269 101 1921 627
270 102 1921 861
273 103 1921 1215
279 104 1921 1666
280 105 1921 661
284 106 1921 1431
287 107 1921 1251
287 108 1921 310
287 109 1921 225
287 110 1921 78
288 111 1921 672
288 112 1921 370
288 113 1921 5
295 114 1921 1726
301 118 1921 183
301 117 1921 283
301 115 1921 1649
301 116 1921 425
304 119 1921 1328
335 120 1921 1924
342 121 1921 1696
343 122 1921 587
350 123 1921 1727
354 124 1921 1434
355 125 1921 577
356 126 1921 643
364 127 1921 1771
365 128 1921 545
369 129 1921 1429
374 130 1921 1536
374 131 1921 296
388 132 1921 1899
397 133 1921 1812
398 134 1921 584
399 135 1921 677
400 136 1921 604
402 137 1921 1107
402 138 1921 362
405 139 1921 1221
407 140 1921 1065
414 141 1921 1741
422 142 1921 1793
425 143 1921 1169
428 144 1921 1164
428 145 1921 277
431 146 1921 1256
432 147 1921 683
434 148 1921 1052
434 149 1921 260
436 150 1921 906
439 152 1921 497
439 151 1921 1177
445 154 1921 420
445 153 1921 1647
446 155 1921 615
446 156 1921 40
448 157 1921 1058
455 158 1921 1705
457 159 1921 1088
457 160 1921 18
462 161 1921 1584
463 162 1921 705
464 163 1921 806
465 164 1921 613
472 165 1921 1706
473 166 1921 697
473 167 1921 482
477 168 1921 1345
479 169 1921 1049
481 170 1921 1044
484 171 1921 1242
494 172 1921 1846
496 175 1921 183
496 173 1921 887
496 174 1921 263
505 176 1921 1828
508 177 1921 1342
509 178 1921 563
512 179 1921 1157
515 180 1921 1246
527 181 1921 1884
528 183 1921 285
528 182 1921 719
529 184 1921 522
529 185 1921 359
536 186 1921 1724
536 187 1921 251
540 188 1921 1392
553 189 1921 1893
554 190 1921 636
558 191 1921 1471
561 192 1921 1327
564 193 1921 1198
567 194 1921 1203
571 195 1921 1405
573 196 1921 1036
575 197 1921 987
576 198 1921 556
580 199 1921 1382
585 200 1921 1504
586 201 1921 773
589 203 1921 3
589 202 1921 1262
591 204 1921 1141
596 205 1921 1588
599 206 1921 1255
604 207 1921 1535
608 208 1921 1384
608 209 1921 237
609 210 1921 712
610 212 1921 495
610 211 1921 623
611 213 1921 548
619 214 1921 1766
619 215 1921 58
620 216 1921 865
620 217 1921 420
620 218 1921 283
620 219 1921 254
635 221 1921 446
635 220 1921 1907
637 222 1921 1015
641 223 1921 1377
641 224 1921 413
646 225 1921 1498
656 226 1921 1840
657 227 1921 647
663 228 1921 1609
664 229 1921 783
666 230 1921 1071
667 231 1921 840
668 232 1921 786
670 233 1921 1105
675 234 1921 1577
675 235 1921 472
676 236 1921 621
677 237 1921 716
679 238 1921 1069
680 239 1921 859
682 240 1921 1028
682 241 1921 188
683 242 1921 791
686 243 1921 1155
689 244 1921 1181
689 245 1921 12
691 246 1921 975
692 247 1921 779
696 248 1921 1356
699 249 1921 1144
700 250 1921 539
701 251 1921 615
702 252 1921 703
702 253 1921 301
706 254 1921 1399
708 255 1921 1057
714 256 1921 1683
723 257 1921 1810
728 258 1921 1515
733 259 1921 1567
739 260 1921 1673
740 261 1921 607
750 262 1921 1851
751 263 1921 600
753 264 1921 1090
762 265 1921 1796
770 266 1921 1762
773 267 1921 1314
775 268 1921 895
778 269 1921 1294
782 270 1921 1362
782 271 1921 149
785 272 1921 1276
789 273 1921 1349
792 274 1921 1150
799 275 1921 1718
804 276 1921 1579
812 277 1921 1785
812 278 1921 195
812 279 1921 400
813 280 1921 522
815 281 1921 1061
818 286 1921 137
818 285 1921 455
818 287 1921 484
818 283 1921 464
818 282 1921 1216
818 284 1921 243
824 288 1921 1630
825 289 1921 519
826 290 1921 714
827 291 1921 735
829 292 1921 1126
833 293 1921 1426
835 298 1921 64
835 297 1921 190
835 295 1921 420
835 294 1921 1111
835 296 1921 262
838 299 1921 1309
838 300 1921 175
843 301 1921 1586
852 302 1921 1808
852 303 1921 62
859 305 1921 390
859 304 1921 1707
862 306 1921 1264
