0 0 12 109
0 1 12 149
15 2 12 1903
19 3 12 1425
19 4 12 203
21 5 12 897
24 6 12 1214
26 7 12 897
31 8 12 1500
33 9 12 936
34 10 12 803
34 11 12 15
35 12 12 752
36 13 12 797
38 14 12 953
39 15 12 548
39 16 12 496
42 19 12 239
42 18 12 71
42 17 12 1220
45 20 12 1343
45 21 12 325
46 22 12 806
51 23 12 1573
63 24 12 1884
70 25 12 1714
72 27 12 38
72 26 12 945
73 28 12 722
85 29 12 1878
85 30 12 392
89 31 12 1445
89 32 12 333
93 33 12 1428
102 34 12 1807
103 35 12 735
103 36 12 156
106 37 12 1152
116 38 12 1835
117 39 12 603
117 40 12 104
121 41 12 1402
127 42 12 1661
130 43 12 1262
130 44 12 177
147 46 12 484
147 47 12 260
147 45 12 1913
149 48 12 968
149 49 12 345
152 50 12 1157
152 51 12 60
157 52 12 1589
158 53 12 525
158 54 12 284
165 55 12 1709
168 57 12 330
168 56 12 1267
172 58 12 1466
172 59 12 413
184 60 12 1876
187 61 12 1176
187 62 12 175
192 63 12 1547
193 64 12 543
196 65 12 1282
201 66 12 1606
204 67 12 1249
206 68 12 914
206 69 12 217
206 70 12 392
209 71 12 1269
212 72 12 1310
216 73 12 1392
216 74 12 135
227 75 12 1865
228 76 12 588
232 77 12 1469
236 78 12 1395
249 79 12 1895
252 80 12 1230
253 81 12 684
255 82 12 994
255 83 12 377
256 85 12 332
256 84 12 721
264 86 12 1781
271 87 12 1733
274 88 12 1143
274 89 12 98
278 90 12 1393
286 91 12 1751
292 92 12 1610
296 93 12 1421
297 94 12 651
298 95 12 852
301 96 12 1226
301 97 12 114
302 98 12 719
303 99 12 820
303 100 12 307
306 101 12 1159
309 102 12 1271
310 103 12 750
322 104 12 1878
331 105 12 1812
332 106 12 675
332 107 12 196
332 108 12 389
332 109 12 344
334 110 12 1121
341 111 12 1722
342 112 12 860
347 113 12 1496
349 114 12 1108
352 115 12 1192
352 116 12 181
359 117 12 1723
360 118 12 825
360 119 12 211
364 120 12 1426
373 121 12 1798
373 122 12 105
374 123 12 816
375 124 12 749
376 125 12 565
381 126 12 1584
390 127 12 1813
391 128 12 740
394 129 12 1207
395 130 12 638
395 131 12 473
396 132 12 750
397 133 12 574
402 134 12 1588
402 135 12 70
405 136 12 1338
405 137 12 244
405 138 12 424
406 139 12 833
411 140 12 1581
416 141 12 1584
419 142 12 1343
420 143 12 799
422 144 12 902
427 145 12 1595
429 146 12 890
429 147 12 114
429 148 12 313
433 149 12 1384
434 150 12 671
438 151 12 1428
441 152 12 1213
442 153 12 507
445 154 12 1319
445 155 12 433
447 156 12 1053
447 157 12 455
447 158 12 0
450 159 12 1312
450 160 12 228
451 161 12 786
455 162 12 1381
457 163 12 1107
463 164 12 1630
464 165 12 647
466 166 12 972
466 167 12 285
476 168 12 1832
478 169 12 1037
486 170 12 1778
497 171 12 1861
500 172 12 1299
518 173 12 1916
519 174 12 554
527 175 12 1766
527 176 12 454
530 177 12 1231
540 178 12 1839
542 179 12 1078
547 180 12 1600
551 181 12 1469
556 182 12 1499
559 183 12 1281
560 184 12 536
562 185 12 1135
565 186 12 1184
565 187 12 242
568 188 12 1180
571 189 12 1154
573 190 12 941
575 192 12 243
575 191 12 883
577 193 12 1037
578 194 12 605
579 195 12 795
579 196 12 203
579 197 12 236
581 198 12 1093
581 199 12 254
582 200 12 623
583 202 12 206
583 201 12 605
586 203 12 1201
591 204 12 1530
592 205 12 734
592 206 12 129
595 207 12 1221
607 208 12 1878
611 209 12 1477
626 210 12 1903
633 211 12 1747
634 212 12 540
635 213 12 847
641 214 12 1637
642 215 12 683
645 216 12 1211
645 217 12 99
646 218 12 570
646 219 12 495
650 220 12 1387
651 221 12 729
653 222 12 1029
654 223 12 678
654 224 12 95
656 225 12 895
662 226 12 1618
662 227 12 262
665 228 12 1311
671 229 12 1684
676 232 12 137
676 230 12 1563
676 231 12 218
681 233 12 1584
681 234 12 455
683 235 12 994
686 236 12 1262
686 237 12 298
692 238 12 1675
699 239 12 1727
701 240 12 1005
714 242 12 289
714 241 12 1887
720 243 12 1627
723 244 12 1175
725 245 12 1119
725 246 12 342
728 247 12 1321
731 248 12 1325
741 249 12 1846
746 251 12 103
746 250 12 1508
751 252 12 1590
752 253 12 598
753 254 12 791
762 255 12 1818
767 256 12 1500
771 257 12 1453
773 258 12 1106
774 259 12 634
776 260 12 1040
784 261 12 1791
794 262 12 1835
794 263 12 194
804 264 12 1839
810 265 12 1685
816 266 12 1609
818 267 12 881
818 268 12 391
819 269 12 642
823 270 12 1345
825 271 12 913
825 272 12 349
826 273 12 768
830 274 12 1414
834 275 12 1424
834 276 12 440
837 277 12 1327
841 278 12 1427
843 279 12 900
844 280 12 553
844 281 12 296
845 282 12 862
849 283 12 1389
849 284 12 175
853 285 12 1460
854 286 12 552
858 287 12 1464
859 288 12 792
860 289 12 561
864 290 12 1418
871 291 12 1734
873 292 12 1117
875 293 12 1040
876 294 12 686
878 297 12 95
878 296 12 52
878 295 12 1138
885 298 12 1713
889 299 12 1415
893 300 12 1435
897 301 12 1385
899 302 12 930
900 303 12 682
901 304 12 501
902 305 12 595
908 306 12 1679
