0 0 1867 60
2 1 1867 936
2 2 1867 115
3 3 1867 639
5 4 1867 945
8 5 1867 1188
8 6 1867 83
20 8 1867 154
20 7 1867 1884
23 9 1867 1209
25 10 1867 1069
27 11 1867 872
33 15 1867 469
33 12 1867 1676
33 13 1867 446
33 14 1867 100
37 16 1867 1366
38 18 1867 240
38 17 1867 815
42 19 1867 1404
42 20 1867 153
46 21 1867 1479
48 22 1867 1074
50 23 1867 1003
52 24 1867 1133
54 26 1867 368
54 25 1867 1138
57 27 1867 1249
68 28 1867 1862
69 29 1867 646
69 30 1867 118
73 31 1867 1490
76 32 1867 1163
77 33 1867 680
77 34 1867 20
79 35 1867 1005
80 36 1867 576
81 37 1867 750
83 38 1867 882
85 39 1867 1027
87 40 1867 1132
90 41 1867 1300
92 42 1867 870
98 43 1867 1649
103 44 1867 1514
104 45 1867 513
105 46 1867 645
109 47 1867 1379
109 48 1867 388
111 49 1867 1010
112 50 1867 508
112 51 1867 109
127 52 1867 1904
136 53 1867 1798
140 54 1867 1468
141 55 1867 506
149 56 1867 1787
151 57 1867 1036
155 58 1867 1431
162 59 1867 1732
163 60 1867 819
164 61 1867 759
164 62 1867 21
168 63 1867 1433
170 64 1867 1091
175 65 1867 1503
181 66 1867 1633
183 67 1867 995
183 68 1867 426
185 69 1867 1019
194 70 1867 1818
195 71 1867 615
206 72 1867 1857
208 73 1867 1137
208 74 1867 271
209 75 1867 777
210 76 1867 608
214 77 1867 1349
218 78 1867 1414
219 79 1867 619
219 80 1867 492
221 81 1867 914
222 82 1867 860
223 84 1867 137
223 85 1867 9
223 83 1867 852
228 86 1867 1511
231 87 1867 1289
233 88 1867 1137
237 89 1867 1439
240 90 1867 1143
244 91 1867 1464
247 92 1867 1244
249 94 1867 208
249 95 1867 373
249 93 1867 1075
252 96 1867 1279
256 97 1867 1362
257 98 1867 558
257 99 1867 10
258 100 1867 804
263 101 1867 1575
265 102 1867 953
268 103 1867 1293
270 104 1867 1117
279 105 1867 1817
279 106 1867 176
280 107 1867 766
285 108 1867 1527
286 109 1867 690
295 110 1867 1822
295 111 1867 438
300 112 1867 1547
301 113 1867 811
304 114 1867 1239
314 115 1867 1830
323 116 1867 1823
325 117 1867 1094
328 118 1867 1295
330 119 1867 1081
348 120 1867 1917
348 121 1867 344
356 122 1867 1783
358 123 1867 911
367 125 1867 353
367 124 1867 1801
370 126 1867 1296
371 127 1867 782
373 128 1867 929
382 129 1867 1823
386 130 1867 1423
389 131 1867 1171
390 132 1867 790
394 133 1867 1403
401 134 1867 1740
402 135 1867 842
415 136 1867 1886
419 137 1867 1492
425 138 1867 1659
425 139 1867 244
433 140 1867 1758
434 141 1867 744
440 142 1867 1687
440 143 1867 446
445 144 1867 1542
446 145 1867 705
456 146 1867 1842
456 147 1867 432
464 148 1867 1761
464 149 1867 302
464 150 1867 475
464 151 1867 184
464 152 1867 66
468 155 1867 460
468 153 1867 1402
468 154 1867 17
475 156 1867 1716
475 157 1867 41
479 158 1867 1416
480 159 1867 764
481 160 1867 521
484 161 1867 1318
492 162 1867 1762
498 163 1867 1629
501 164 1867 1191
502 165 1867 650
507 166 1867 1572
507 167 1867 143
509 168 1867 996
509 169 1867 396
520 170 1867 1869
520 171 1867 331
524 172 1867 1360
526 173 1867 1051
529 174 1867 1248
532 175 1867 1172
533 176 1867 581
536 177 1867 1336
539 178 1867 1294
541 179 1867 1096
541 180 1867 436
542 181 1867 864
544 182 1867 946
545 183 1867 626
549 184 1867 1347
552 185 1867 1238
554 186 1867 1104
557 187 1867 1313
561 188 1867 1385
564 189 1867 1279
566 190 1867 1050
576 192 1867 75
576 191 1867 1844
578 193 1867 894
584 194 1867 1648
584 195 1867 439
586 196 1867 907
586 197 1867 58
589 198 1867 1180
591 199 1867 891
593 200 1867 1057
600 201 1867 1698
604 202 1867 1360
608 203 1867 1364
608 204 1867 358
608 205 1867 144
609 206 1867 749
611 207 1867 940
611 208 1867 154
612 209 1867 770
621 211 1867 380
621 210 1867 1803
622 212 1867 671
622 213 1867 320
622 214 1867 328
627 215 1867 1581
627 216 1867 372
629 217 1867 1135
629 218 1867 281
641 219 1867 1878
645 220 1867 1470
645 221 1867 259
646 222 1867 682
652 223 1867 1642
655 224 1867 1270
655 225 1867 24
655 226 1867 255
655 227 1867 465
658 228 1867 1327
659 230 1867 265
659 229 1867 808
660 231 1867 523
660 232 1867 156
660 233 1867 403
660 234 1867 38
661 235 1867 662
665 236 1867 1428
670 237 1867 1506
670 238 1867 268
673 241 1867 164
673 239 1867 1203
673 240 1867 489
676 242 1867 1159
677 243 1867 615
681 244 1867 1400
682 245 1867 670
685 246 1867 1172
691 247 1867 1679
692 250 1867 66
692 248 1867 566
692 249 1867 66
699 251 1867 1696
706 252 1867 1701
709 253 1867 1226
712 254 1867 1345
713 255 1867 798
715 256 1867 1016
721 257 1867 1643
721 258 1867 93
721 259 1867 333
730 260 1867 1813
730 261 1867 284
735 262 1867 1537
738 263 1867 1270
739 264 1867 504
742 268 1867 281
742 267 1867 267
742 266 1867 224
742 265 1867 1280
747 269 1867 1591
747 270 1867 152
748 271 1867 790
749 272 1867 866
751 273 1867 1003
755 274 1867 1388
758 275 1867 1306
760 276 1867 1025
760 277 1867 66
760 278 1867 241
761 279 1867 600
762 280 1867 776
763 281 1867 501
772 282 1867 1824
775 283 1867 1260
776 285 1867 494
776 284 1867 741
777 286 1867 747
778 287 1867 854
780 288 1867 983
783 289 1867 1165
788 290 1867 1570
795 291 1867 1709
799 292 1867 1412
810 293 1867 1860
813 295 1867 205
813 294 1867 1315
814 296 1867 552
823 297 1867 1813
823 298 1867 111
823 299 1867 120
823 300 1867 446
825 301 1867 905
829 302 1867 1397
831 303 1867 900
841 304 1867 1839
844 305 1867 1200
845 306 1867 829
