1 0 187 762
1 1 187 99
4 2 187 1305
8 3 187 1387
10 4 187 983
11 5 187 741
13 6 187 1081
16 7 187 1244
17 8 187 686
20 9 187 1325
21 10 187 701
40 11 187 1918
41 12 187 574
44 13 187 1262
44 14 187 80
45 15 187 732
52 19 187 322
52 18 187 280
52 16 187 1724
52 17 187 371
54 20 187 1072
55 21 187 701
57 22 187 963
58 23 187 735
58 24 187 26
58 25 187 424
62 26 187 1400
68 27 187 1616
74 28 187 1665
76 29 187 952
76 30 187 407
76 31 187 121
77 35 187 393
77 34 187 362
77 36 187 9
77 32 187 737
77 33 187 144
78 37 187 516
79 38 187 533
80 39 187 627
82 40 187 893
83 41 187 500
83 42 187 146
84 43 187 595
86 44 187 989
89 45 187 1236
91 46 187 1134
95 47 187 1371
104 48 187 1826
108 49 187 1376
117 50 187 1824
127 51 187 1836
136 52 187 1817
144 53 187 1750
144 54 187 349
144 55 187 60
146 56 187 1060
147 57 187 569
151 58 187 1361
152 59 187 559
155 60 187 1266
159 61 187 1390
164 62 187 1503
170 63 187 1659
172 64 187 917
173 65 187 580
176 67 187 430
176 66 187 1180
178 68 187 900
184 69 187 1612
185 70 187 723
188 71 187 1208
196 72 187 1763
201 73 187 1578
205 74 187 1353
206 75 187 572
207 77 187 368
207 76 187 555
213 78 187 1671
214 79 187 714
217 80 187 1214
217 81 187 28
224 82 187 1715
224 83 187 289
226 84 187 1052
226 85 187 495
226 86 187 229
228 87 187 912
235 88 187 1720
235 89 187 302
238 90 187 1257
242 91 187 1364
244 92 187 1079
258 93 187 1899
261 94 187 1285
265 95 187 1427
267 97 187 412
267 96 187 921
272 98 187 1602
272 99 187 409
272 100 187 55
273 101 187 704
273 102 187 471
273 103 187 213
274 104 187 653
275 108 187 396
275 107 187 238
275 106 187 73
275 105 187 615
282 109 187 1702
286 110 187 1430
287 111 187 692
288 112 187 823
289 113 187 646
292 114 187 1269
295 115 187 1237
300 116 187 1600
303 117 187 1214
304 118 187 606
304 119 187 421
304 120 187 350
304 121 187 268
305 122 187 634
306 124 187 355
306 123 187 598
309 125 187 1283
309 126 187 128
317 127 187 1788
317 128 187 292
327 129 187 1850
332 130 187 1575
332 131 187 142
333 132 187 690
336 133 187 1262
337 134 187 658
338 135 187 509
342 136 187 1481
347 137 187 1501
352 138 187 1560
352 139 187 436
352 140 187 422
369 141 187 1916
370 142 187 515
370 143 187 18
371 144 187 796
372 145 187 564
373 146 187 541
373 147 187 432
374 148 187 629
374 149 187 47
382 150 187 1752
388 151 187 1631
395 152 187 1731
398 154 187 58
398 153 187 1181
405 155 187 1712
405 156 187 70
414 157 187 1798
422 158 187 1782
425 159 187 1294
425 160 187 487
425 161 187 209
436 164 187 126
436 163 187 470
436 162 187 1870
439 165 187 1287
439 166 187 2
443 167 187 1485
459 168 187 1913
460 169 187 759
466 170 187 1681
466 171 187 98
471 173 187 169
471 172 187 1578
497 174 187 1924
497 175 187 359
503 176 187 1677
504 177 187 615
511 178 187 1726
518 179 187 1716
519 180 187 742
525 181 187 1620
528 184 187 98
528 182 187 1159
528 183 187 244
539 185 187 1868
539 186 187 336
543 187 187 1434
546 188 187 1203
548 189 187 871
548 190 187 439
554 191 187 1608
560 192 187 1644
560 193 187 266
572 194 187 1874
572 195 187 212
572 196 187 45
572 197 187 45
581 198 187 1816
585 199 187 1434
586 200 187 561
588 201 187 980
588 202 187 444
596 203 187 1794
596 204 187 291
602 205 187 1653
602 206 187 53
607 207 187 1561
610 208 187 1181
616 210 187 34
616 209 187 1624
620 211 187 1379
620 212 187 71
620 213 187 66
621 214 187 552
622 215 187 791
624 216 187 975
630 219 187 183
630 218 187 372
630 217 187 1625
632 220 187 951
632 221 187 493
632 222 187 282
634 223 187 1041
634 224 187 320
634 225 187 72
634 226 187 379
637 227 187 1312
637 228 187 219
644 230 187 314
644 229 187 1711
650 231 187 1632
651 232 187 724
651 233 187 292
654 234 187 1154
660 235 187 1686
663 236 187 1175
666 237 187 1289
678 239 187 369
678 238 187 1878
687 240 187 1815
688 241 187 699
688 242 187 252
693 243 187 1504
694 244 187 836
696 245 187 984
701 246 187 1536
706 247 187 1577
712 248 187 1638
714 249 187 1082
717 250 187 1162
717 251 187 344
722 252 187 1598
728 253 187 1633
728 254 187 482
728 255 187 67
729 256 187 697
732 257 187 1328
736 259 187 218
736 258 187 1474
739 260 187 1274
740 261 187 665
743 262 187 1342
747 263 187 1395
750 264 187 1310
750 265 187 327
751 266 187 655
758 267 187 1704
759 268 187 836
760 269 187 790
765 270 187 1541
771 271 187 1611
777 272 187 1672
777 273 187 2
777 274 187 292
777 275 187 252
777 276 187 241
778 277 187 703
778 278 187 204
781 279 187 1260
781 280 187 461
782 281 187 726
787 282 187 1598
789 283 187 1062
790 284 187 548
803 286 187 34
803 285 187 1894
805 287 187 1015
812 288 187 1734
814 289 187 1087
816 290 187 988
824 291 187 1772
831 292 187 1739
837 293 187 1659
839 294 187 1020
842 295 187 1149
845 296 187 1282
846 297 187 781
846 298 187 194
847 299 187 509
847 300 187 329
855 301 187 1757
856 302 187 741
857 303 187 848
861 304 187 1466
865 305 187 1476
866 306 187 597
