1 0 1817 562
11 1 1817 1847
12 2 1817 550
19 3 1817 1734
22 4 1817 1318
24 5 1817 934
28 6 1817 1374
29 7 1817 521
32 8 1817 1215
36 9 1817 1376
38 10 1817 983
43 11 1817 1556
48 12 1817 1531
51 13 1817 1334
52 14 1817 540
64 15 1817 1885
66 16 1817 896
70 17 1817 1432
73 19 1817 199
73 18 1817 1300
74 20 1817 672
93 21 1817 1919
93 22 1817 359
94 23 1817 548
94 24 1817 405
95 25 1817 777
96 26 1817 750
97 27 1817 705
104 28 1817 1709
108 29 1817 1349
112 30 1817 1377
115 31 1817 1308
121 32 1817 1637
129 33 1817 1794
138 34 1817 1816
140 35 1817 1111
141 36 1817 679
142 37 1817 674
147 38 1817 1557
152 39 1817 1504
152 40 1817 278
162 41 1817 1852
163 42 1817 568
163 43 1817 209
163 44 1817 326
164 45 1817 573
165 46 1817 675
170 48 1817 270
170 47 1817 1600
172 49 1817 972
174 50 1817 882
174 51 1817 89
174 52 1817 109
175 53 1817 684
179 54 1817 1405
180 55 1817 567
184 57 1817 2
184 56 1817 1488
187 58 1817 1328
188 59 1817 540
188 60 1817 183
189 61 1817 668
190 62 1817 737
198 63 1817 1791
222 64 1817 1923
227 65 1817 1599
237 66 1817 1844
243 67 1817 1662
247 68 1817 1443
251 69 1817 1353
254 70 1817 1205
254 71 1817 222
263 72 1817 1800
270 73 1817 1720
280 74 1817 1846
281 75 1817 744
285 78 1817 221
285 76 1817 1350
285 77 1817 150
293 79 1817 1757
293 80 1817 101
295 81 1817 1075
295 82 1817 435
296 83 1817 736
296 84 1817 467
299 85 1817 1287
302 86 1817 1198
304 87 1817 953
304 88 1817 388
307 89 1817 1248
312 90 1817 1548
313 91 1817 677
316 92 1817 1270
318 93 1817 1016
321 94 1817 1321
326 95 1817 1535
328 96 1817 1115
329 97 1817 702
329 98 1817 210
330 99 1817 651
331 100 1817 654
333 101 1817 938
333 102 1817 157
334 103 1817 841
341 104 1817 1691
342 107 1817 314
342 106 1817 214
342 105 1817 659
343 108 1817 763
344 109 1817 660
347 110 1817 1142
350 111 1817 1337
357 112 1817 1705
362 113 1817 1496
362 114 1817 438
364 117 1817 1
364 115 1817 1033
364 116 1817 233
367 118 1817 1324
368 119 1817 636
368 120 1817 400
370 121 1817 890
373 122 1817 1273
373 123 1817 194
380 124 1817 1729
381 125 1817 528
383 126 1817 877
384 127 1817 783
384 128 1817 399
384 129 1817 311
389 130 1817 1554
390 131 1817 647
401 132 1817 1864
406 133 1817 1495
408 134 1817 1103
410 135 1817 1088
412 136 1817 917
417 137 1817 1518
419 138 1817 969
426 139 1817 1732
428 140 1817 1073
430 141 1817 884
430 142 1817 190
436 143 1817 1653
436 144 1817 105
436 145 1817 211
438 146 1817 896
445 147 1817 1698
446 148 1817 577
446 149 1817 288
449 150 1817 1301
451 151 1817 1113
454 152 1817 1303
459 154 1817 250
459 153 1817 1499
465 155 1817 1688
470 156 1817 1590
483 157 1817 1887
485 158 1817 1037
488 159 1817 1163
495 160 1817 1707
499 161 1817 1355
509 163 1817 451
509 162 1817 1840
511 164 1817 1031
511 165 1817 494
515 166 1817 1397
515 167 1817 210
515 168 1817 392
518 169 1817 1275
518 170 1817 115
519 171 1817 639
521 172 1817 957
526 173 1817 1516
530 174 1817 1487
534 175 1817 1441
535 176 1817 699
540 177 1817 1544
540 178 1817 89
545 179 1817 1518
550 180 1817 1557
552 183 1817 110
552 182 1817 205
552 181 1817 1103
554 184 1817 934
554 185 1817 441
557 186 1817 1269
557 187 1817 365
560 188 1817 1245
563 189 1817 1339
567 190 1817 1422
569 192 1817 481
569 191 1817 955
576 193 1817 1730
576 194 1817 24
582 195 1817 1643
584 196 1817 969
590 197 1817 1663
591 198 1817 622
596 199 1817 1536
597 200 1817 738
598 201 1817 686
601 202 1817 1306
604 203 1817 1227
604 204 1817 173
605 205 1817 661
605 206 1817 156
612 207 1817 1711
612 208 1817 12
613 209 1817 734
615 211 1817 45
615 210 1817 988
624 212 1817 1798
628 213 1817 1443
633 214 1817 1530
634 215 1817 603
637 216 1817 1149
644 217 1817 1729
648 218 1817 1442
649 219 1817 590
652 220 1817 1150
654 221 1817 1032
656 222 1817 890
658 223 1817 977
666 224 1817 1777
668 225 1817 1084
668 226 1817 158
671 227 1817 1151
675 228 1817 1491
683 230 1817 471
683 229 1817 1769
685 231 1817 961
687 232 1817 922
687 233 1817 477
688 234 1817 780
690 235 1817 871
697 236 1817 1722
699 237 1817 903
710 240 1817 284
710 238 1817 1862
710 239 1817 272
714 241 1817 1482
714 242 1817 353
715 243 1817 510
715 244 1817 351
719 245 1817 1376
721 246 1817 1082
723 248 1817 200
723 247 1817 962
727 249 1817 1346
727 250 1817 493
730 251 1817 1164
730 252 1817 221
730 253 1817 32
730 254 1817 385
736 255 1817 1630
743 257 1817 328
743 256 1817 1720
747 258 1817 1374
749 259 1817 1013
750 260 1817 503
752 264 1817 262
752 261 1817 929
752 262 1817 220
752 263 1817 168
752 265 1817 27
754 266 1817 1048
757 267 1817 1320
758 268 1817 662
759 269 1817 659
760 270 1817 806
760 271 1817 246
768 272 1817 1791
771 273 1817 1170
771 274 1817 305
776 275 1817 1593
777 277 1817 379
777 276 1817 679
778 278 1817 626
778 279 1817 400
778 280 1817 2
780 281 1817 1120
782 282 1817 951
782 283 1817 145
785 284 1817 1275
788 285 1817 1232
789 286 1817 740
791 287 1817 889
791 288 1817 92
793 289 1817 1075
795 290 1817 1075
799 291 1817 1394
803 292 1817 1453
804 293 1817 849
811 294 1817 1694
814 295 1817 1280
817 296 1817 1261
817 297 1817 184
817 298 1817 248
817 299 1817 323
817 300 1817 328
823 301 1817 1686
823 302 1817 299
827 303 1817 1465
828 305 1817 246
828 304 1817 539
831 306 1817 1298
