3 0 1302 1159
3 1 1302 451
3 2 1302 478
5 3 1302 1072
13 4 1302 1780
15 5 1302 983
17 6 1302 922
20 9 1302 88
20 8 1302 363
20 7 1302 1309
22 10 1302 1092
23 11 1302 809
24 12 1302 864
25 13 1302 692
28 14 1302 1233
38 15 1302 1843
47 16 1302 1811
49 17 1302 901
51 18 1302 1033
52 19 1302 691
57 20 1302 1509
57 21 1302 96
63 22 1302 1679
63 23 1302 210
63 24 1302 320
63 25 1302 230
70 26 1302 1709
71 28 1302 252
71 27 1302 613
84 29 1302 1893
87 30 1302 1188
93 31 1302 1619
93 32 1302 302
93 33 1302 346
97 34 1302 1386
102 35 1302 1561
106 36 1302 1409
113 37 1302 1724
117 38 1302 1348
121 39 1302 1368
128 40 1302 1701
128 41 1302 64
130 42 1302 947
134 43 1302 1449
134 44 1302 168
143 45 1302 1797
143 46 1302 251
146 47 1302 1212
152 48 1302 1679
161 49 1302 1796
170 50 1302 1796
174 51 1302 1459
181 52 1302 1731
182 53 1302 643
185 54 1302 1197
187 55 1302 1063
188 56 1302 696
188 57 1302 268
189 58 1302 752
194 59 1302 1549
197 60 1302 1198
197 61 1302 308
199 62 1302 1056
199 63 1302 394
200 64 1302 825
204 65 1302 1397
205 66 1302 507
206 67 1302 518
209 68 1302 1230
214 69 1302 1597
214 70 1302 434
214 71 1302 87
218 72 1302 1477
223 73 1302 1589
225 74 1302 914
229 75 1302 1445
231 79 1302 447
231 78 1302 41
231 76 1302 1073
231 77 1302 229
246 80 1302 1904
246 81 1302 497
247 82 1302 859
247 83 1302 381
247 84 1302 97
253 85 1302 1654
262 86 1302 1812
267 87 1302 1583
269 88 1302 1073
269 89 1302 323
270 90 1302 864
272 91 1302 1141
274 92 1302 972
281 93 1302 1723
281 94 1302 169
285 95 1302 1393
287 96 1302 932
288 97 1302 552
289 98 1302 624
290 99 1302 696
293 100 1302 1290
299 101 1302 1658
314 102 1302 1906
314 103 1302 81
318 104 1302 1362
325 105 1302 1708
340 106 1302 1906
340 107 1302 142
346 108 1302 1654
352 109 1302 1677
369 110 1302 1914
369 111 1302 466
369 112 1302 226
369 113 1302 305
374 114 1302 1570
375 115 1302 701
379 116 1302 1374
380 117 1302 675
380 118 1302 297
382 119 1302 1096
387 120 1302 1509
388 121 1302 849
392 122 1302 1369
394 123 1302 907
395 124 1302 733
398 125 1302 1217
400 126 1302 1040
406 127 1302 1678
410 128 1302 1419
414 129 1302 1446
415 130 1302 512
416 131 1302 520
421 132 1302 1530
424 133 1302 1269
426 134 1302 1082
426 135 1302 245
427 136 1302 515
428 137 1302 777
430 138 1302 944
430 139 1302 313
436 140 1302 1672
442 141 1302 1670
453 142 1302 1854
456 143 1302 1321
456 144 1302 333
456 145 1302 397
458 146 1302 914
459 147 1302 667
459 148 1302 153
463 150 1302 19
463 151 1302 256
463 149 1302 1393
463 152 1302 255
467 153 1302 1453
469 154 1302 1112
469 155 1302 440
469 156 1302 288
471 157 1302 999
474 158 1302 1273
474 159 1302 144
475 160 1302 668
475 161 1302 228
476 163 1302 207
476 162 1302 647
479 164 1302 1164
483 165 1302 1393
484 166 1302 861
486 167 1302 881
489 168 1302 1148
492 169 1302 1325
492 170 1302 185
493 171 1302 596
499 172 1302 1656
515 173 1302 1909
519 174 1302 1348
527 175 1302 1763
529 176 1302 919
529 177 1302 48
530 180 1302 302
530 181 1302 372
530 178 1302 573
530 179 1302 336
535 182 1302 1525
535 183 1302 26
539 184 1302 1427
539 185 1302 255
539 186 1302 265
539 187 1302 77
539 188 1302 157
540 189 1302 641
552 190 1302 1882
556 191 1302 1441
560 192 1302 1429
561 193 1302 799
566 194 1302 1569
570 195 1302 1443
572 196 1302 1022
578 197 1302 1646
578 198 1302 156
579 199 1302 864
583 201 1302 32
583 200 1302 1461
587 202 1302 1444
588 203 1302 753
591 204 1302 1207
595 205 1302 1347
596 206 1302 525
596 207 1302 270
596 208 1302 104
599 209 1302 1273
603 212 1302 425
603 210 1302 1445
603 211 1302 239
605 213 1302 937
613 214 1302 1767
613 215 1302 295
614 216 1302 628
615 217 1302 620
616 218 1302 705
618 219 1302 908
620 220 1302 1128
621 221 1302 783
622 222 1302 724
623 223 1302 506
627 224 1302 1368
628 225 1302 669
630 226 1302 1092
631 228 1302 339
631 227 1302 857
641 229 1302 1830
642 230 1302 741
645 231 1302 1198
654 232 1302 1817
660 233 1302 1634
661 234 1302 799
661 235 1302 269
662 236 1302 853
663 237 1302 772
664 239 1302 79
664 238 1302 744
670 240 1302 1655
689 241 1302 1920
703 242 1302 1898
704 243 1302 809
706 244 1302 1120
712 245 1302 1642
714 246 1302 1015
714 247 1302 491
716 248 1302 957
719 249 1302 1273
720 250 1302 815
720 251 1302 402
722 252 1302 940
725 253 1302 1172
731 254 1302 1661
732 255 1302 677
735 256 1302 1233
737 257 1302 937
740 258 1302 1309
741 259 1302 538
741 260 1302 255
746 261 1302 1592
757 262 1302 1855
757 263 1302 199
758 264 1302 532
758 265 1302 247
758 266 1302 347
759 268 1302 137
759 267 1302 716
764 269 1302 1497
768 270 1302 1367
776 271 1302 1781
785 272 1302 1801
786 273 1302 626
789 274 1302 1178
791 275 1302 1133
792 276 1302 810
802 277 1302 1840
805 278 1302 1311
811 279 1302 1650
816 280 1302 1578
817 281 1302 600
826 282 1302 1825
828 283 1302 991
830 284 1302 1014
830 285 1302 339
830 286 1302 257
831 287 1302 644
845 288 1302 1898
845 289 1302 122
847 290 1302 960
857 291 1302 1841
861 292 1302 1387
861 293 1302 206
868 295 1302 62
868 296 1302 64
868 294 1302 1749
875 297 1302 1699
875 298 1302 277
877 299 1302 873
880 300 1302 1294
880 301 1302 299
880 302 1302 354
884 303 1302 1384
894 304 1302 1831
896 305 1302 959
897 306 1302 525
