4 0 740 1374
14 1 740 1846
17 2 740 1206
17 3 740 366
17 4 740 62
17 5 740 196
17 6 740 285
17 7 740 120
19 8 740 982
37 9 740 1918
40 10 740 1241
41 11 740 795
42 12 740 532
42 13 740 419
45 14 740 1334
46 15 740 820
48 16 740 1034
49 18 740 9
49 17 740 792
50 19 740 806
52 20 740 1070
52 21 740 81
52 22 740 92
52 23 740 192
55 24 740 1273
57 25 740 1097
70 26 740 1887
71 27 740 733
86 28 740 1905
88 29 740 1101
88 30 740 497
88 31 740 39
90 32 740 885
92 33 740 909
95 35 740 427
95 34 740 1186
101 36 740 1689
110 37 740 1814
114 38 740 1374
114 39 740 371
115 40 740 665
115 41 740 333
117 42 740 889
117 43 740 377
117 44 740 306
117 45 740 57
119 46 740 986
124 47 740 1598
124 48 740 108
126 49 740 962
126 50 740 104
126 51 740 224
136 52 740 1850
138 53 740 1079
143 54 740 1499
146 55 740 1293
154 56 740 1753
156 57 740 1013
158 58 740 1018
160 59 740 890
160 60 740 234
164 61 740 1476
164 62 740 139
173 63 740 1805
177 64 740 1420
180 65 740 1202
190 66 740 1835
195 67 740 1547
198 68 740 1157
200 69 740 906
202 70 740 1056
205 71 740 1145
208 72 740 1343
213 73 740 1562
213 74 740 141
214 75 740 737
216 76 740 1116
222 77 740 1640
231 78 740 1810
234 79 740 1215
234 80 740 110
234 81 740 289
235 82 740 624
237 83 740 942
239 85 740 272
239 86 740 113
239 84 740 997
246 87 740 1731
249 88 740 1335
258 89 740 1818
259 90 740 598
260 91 740 675
261 94 740 136
261 92 740 796
261 93 740 484
263 96 740 194
263 95 740 1113
265 97 740 1008
267 98 740 881
269 99 740 1029
269 100 740 147
273 101 740 1364
273 102 740 440
275 103 740 1126
285 104 740 1831
287 105 740 884
288 106 740 806
288 107 740 287
290 108 740 938
291 109 740 762
291 110 740 176
291 111 740 113
293 112 740 1127
300 113 740 1728
301 114 740 779
312 115 740 1870
313 116 740 852
315 117 740 1121
316 118 740 808
319 119 740 1148
321 120 740 1088
321 121 740 104
321 122 740 212
324 126 740 348
324 125 740 380
324 123 740 1264
324 124 740 307
325 127 740 858
329 128 740 1425
331 129 740 952
332 131 740 108
332 130 740 543
333 132 740 758
334 133 740 781
336 134 740 1068
337 135 740 671
345 136 740 1773
349 137 740 1422
351 138 740 1036
351 139 740 112
355 140 740 1391
363 141 740 1751
364 142 740 793
365 143 740 572
371 144 740 1642
371 145 740 485
375 146 740 1472
377 147 740 993
383 148 740 1630
383 149 740 191
383 150 740 261
385 151 740 997
385 152 740 200
391 153 740 1658
402 154 740 1865
402 155 740 42
405 156 740 1151
407 157 740 1101
408 158 740 819
412 159 740 1451
413 160 740 535
425 161 740 1872
426 162 740 786
442 163 740 1911
442 164 740 218
442 165 740 68
445 166 740 1280
445 167 740 346
446 168 740 660
446 169 740 107
446 170 740 96
450 172 740 85
450 171 740 1354
451 173 740 696
457 174 740 1681
460 175 740 1262
463 176 740 1236
468 177 740 1564
473 178 740 1546
480 179 740 1747
481 180 740 832
484 181 740 1280
487 182 740 1153
490 183 740 1234
491 184 740 690
495 185 740 1470
505 186 740 1833
507 187 740 1024
508 188 740 840
510 189 740 1025
514 190 740 1444
515 191 740 671
516 192 740 603
521 193 740 1509
526 194 740 1502
530 195 740 1444
532 196 740 964
533 197 740 806
533 198 740 353
538 199 740 1574
540 200 740 1129
542 201 740 1126
542 202 740 332
547 203 740 1522
547 204 740 94
548 205 740 832
550 206 740 912
554 207 740 1429
568 208 740 1902
569 209 740 603
570 210 740 731
575 211 740 1512
579 212 740 1480
581 213 740 996
582 214 740 618
585 215 740 1179
586 216 740 719
590 217 740 1477
593 218 740 1220
594 221 740 255
594 219 740 673
594 220 740 160
598 222 740 1431
603 223 740 1559
604 224 740 588
608 225 740 1350
609 226 740 750
610 227 740 500
612 231 740 429
612 230 740 298
612 229 740 237
612 228 740 1118
615 232 740 1210
629 233 740 1897
630 234 740 617
636 235 740 1631
638 236 740 947
643 237 740 1556
645 238 740 1139
653 239 740 1782
654 240 740 557
654 241 740 403
656 242 740 1047
656 243 740 237
656 244 740 293
667 245 740 1857
669 246 740 1116
674 247 740 1531
676 249 740 322
676 248 740 891
677 250 740 724
681 251 740 1411
686 252 740 1511
691 253 740 1605
695 254 740 1414
697 255 740 873
703 256 740 1619
704 257 740 698
706 258 740 934
707 259 740 669
707 260 740 81
707 261 740 412
707 262 740 310
713 263 740 1665
713 264 740 305
713 265 740 302
713 266 740 301
718 268 740 379
718 267 740 1507
720 269 740 912
720 270 740 231
722 271 740 1087
722 272 740 338
726 273 740 1363
726 274 740 115
732 275 740 1681
734 276 740 1133
737 277 740 1194
740 278 740 1266
741 279 740 655
741 280 740 233
744 281 740 1144
749 282 740 1533
750 283 740 796
754 284 740 1437
755 285 740 811
756 286 740 843
761 287 740 1530
761 288 740 482
767 289 740 1668
767 290 740 11
767 291 740 249
768 292 740 622
768 293 740 469
775 296 740 93
775 295 740 145
775 294 740 1700
778 297 740 1307
789 298 740 1856
807 299 740 1916
812 300 740 1556
817 301 740 1533
820 302 740 1152
835 303 740 1904
835 304 740 90
840 305 740 1562
842 306 740 1072
