1 0 606 522
1 1 606 391
2 2 606 759
5 3 606 1209
6 4 606 748
8 5 606 999
9 6 606 795
9 7 606 223
13 8 606 1396
14 9 606 534
15 10 606 791
17 11 606 1008
17 12 606 196
18 13 606 674
18 14 606 386
26 15 606 1786
26 16 606 274
26 17 606 215
31 18 606 1599
36 19 606 1558
37 20 606 665
37 21 606 54
38 22 606 504
40 23 606 1007
43 24 606 1328
43 25 606 243
43 26 606 274
43 27 606 355
48 29 606 292
48 28 606 1527
49 30 606 820
49 31 606 418
56 32 606 1726
61 33 606 1595
61 34 606 161
65 35 606 1420
66 36 606 702
67 37 606 665
68 38 606 639
72 39 606 1395
79 40 606 1744
81 41 606 1058
87 42 606 1623
87 43 606 400
88 44 606 850
91 45 606 1271
92 46 606 681
95 48 606 322
95 47 606 1306
97 49 606 915
98 50 606 513
101 51 606 1310
102 52 606 713
104 53 606 1102
108 54 606 1382
108 55 606 468
117 56 606 1812
123 57 606 1677
132 58 606 1806
133 59 606 504
134 60 606 724
134 61 606 439
135 62 606 620
137 63 606 1103
143 64 606 1638
143 65 606 373
146 66 606 1207
147 67 606 525
148 68 606 512
150 69 606 891
152 70 606 1084
157 71 606 1534
162 72 606 1500
162 73 606 203
169 74 606 1739
174 79 606 56
174 78 606 156
174 75 606 1531
174 76 606 355
174 77 606 104
178 80 606 1487
180 81 606 893
180 82 606 33
181 83 606 612
188 84 606 1703
192 85 606 1434
198 86 606 1630
199 87 606 623
199 88 606 213
205 89 606 1618
210 90 606 1532
212 91 606 950
213 92 606 784
213 93 606 135
214 94 606 670
217 96 606 437
217 95 606 1305
218 97 606 519
219 98 606 686
219 99 606 477
219 100 606 64
219 101 606 155
220 102 606 794
224 103 606 1356
232 104 606 1755
234 105 606 904
241 106 606 1734
242 107 606 509
245 108 606 1288
253 109 606 1775
253 110 606 112
260 111 606 1708
265 112 606 1520
272 113 606 1749
274 114 606 942
282 115 606 1756
282 116 606 406
282 117 606 7
285 118 606 1324
285 119 606 203
286 120 606 667
287 121 606 583
287 122 606 312
288 123 606 818
291 124 606 1283
291 125 606 133
292 126 606 749
296 127 606 1365
300 128 606 1458
300 129 606 433
302 130 606 1093
310 131 606 1761
313 132 606 1342
318 133 606 1604
336 134 606 1917
339 135 606 1331
339 136 606 98
340 137 606 601
341 138 606 781
342 139 606 799
348 140 606 1624
350 141 606 1121
353 143 606 362
353 142 606 1259
358 144 606 1506
365 145 606 1749
369 146 606 1354
371 147 606 959
373 148 606 1117
374 149 606 839
376 150 606 899
376 151 606 429
378 153 606 482
378 152 606 1119
385 154 606 1734
389 155 606 1406
397 156 606 1767
411 157 606 1901
411 158 606 72
417 160 606 154
417 161 606 369
417 159 606 1621
419 162 606 976
420 163 606 855
421 164 606 681
421 165 606 275
421 166 606 365
431 167 606 1841
439 168 606 1757
444 169 606 1535
450 170 606 1658
457 171 606 1729
460 172 606 1151
461 173 606 525
462 174 606 504
466 175 606 1471
469 176 606 1248
481 177 606 1875
484 178 606 1237
488 179 606 1459
489 180 606 704
496 182 606 248
496 181 606 1715
497 183 606 618
501 184 606 1459
502 185 606 664
503 186 606 641
504 187 606 860
512 188 606 1794
513 189 606 511
517 191 606 122
517 190 606 1488
518 192 606 529
520 193 606 1084
521 194 606 645
524 195 606 1255
524 196 606 145
524 197 606 404
529 198 606 1605
532 199 606 1230
536 200 606 1384
540 201 606 1438
542 202 606 1127
547 203 606 1507
549 204 606 1105
551 205 606 1095
554 206 606 1203
555 207 606 594
569 209 606 263
569 210 606 157
569 208 606 1903
578 211 606 1817
579 212 606 663
580 213 606 538
582 214 606 917
582 215 606 364
582 216 606 121
582 217 606 357
585 219 606 17
585 218 606 1321
590 220 606 1558
594 221 606 1430
594 222 606 46
597 223 606 1245
597 224 606 46
602 225 606 1535
605 227 606 66
605 226 606 1200
614 228 606 1805
617 229 606 1173
620 230 606 1325
621 231 606 843
621 232 606 269
621 233 606 6
621 234 606 74
624 235 606 1190
625 236 606 587
626 237 606 665
630 239 606 364
630 238 606 1438
634 240 606 1385
634 241 606 47
636 242 606 882
641 243 606 1530
641 244 606 353
646 245 606 1596
650 246 606 1383
667 249 606 281
667 248 606 167
667 247 606 1915
669 250 606 1134
676 251 606 1713
678 252 606 1008
683 253 606 1587
688 254 606 1596
700 255 606 1879
704 256 606 1392
713 257 606 1806
717 258 606 1460
721 259 606 1494
730 260 606 1820
732 261 606 1137
733 262 606 714
734 263 606 729
735 264 606 862
738 265 606 1238
743 266 606 1547
744 268 606 463
744 267 606 657
750 269 606 1651
757 270 606 1701
761 271 606 1380
762 272 606 844
764 273 606 956
765 274 606 557
770 275 606 1511
771 277 606 440
771 276 606 547
773 278 606 892
773 279 606 375
773 280 606 152
776 281 606 1209
785 282 606 1824
790 284 606 39
790 283 606 1524
795 285 606 1537
803 286 606 1760
804 287 606 607
804 288 606 335
804 289 606 120
811 290 606 1723
812 291 606 706
814 292 606 1130
825 294 606 469
825 295 606 247
825 293 606 1868
828 296 606 1258
828 297 606 152
829 298 606 668
831 299 606 1039
831 300 606 48
832 301 606 726
836 303 606 440
836 302 606 1451
837 304 606 505
843 305 606 1679
845 306 606 868
