5 0 940 1576
5 1 940 168
6 2 940 800
12 3 940 1633
13 4 940 646
20 5 940 1741
20 6 940 113
24 7 940 1436
28 8 940 1423
32 9 940 1365
36 10 940 1458
37 11 940 738
38 12 940 734
39 13 940 849
46 14 940 1697
59 15 940 1889
59 16 940 391
59 17 940 253
76 18 940 1915
79 19 940 1201
81 20 940 965
84 21 940 1249
87 22 940 1278
96 23 940 1798
98 24 940 869
102 25 940 1352
102 26 940 86
111 28 940 255
111 27 940 1812
113 29 940 1055
113 30 940 278
124 31 940 1854
128 32 940 1390
131 33 940 1253
132 34 940 737
137 36 940 360
137 35 940 1573
140 38 940 466
140 37 940 1215
144 39 940 1387
144 40 940 58
155 41 940 1866
159 42 940 1450
159 43 940 271
159 44 940 418
161 45 940 1096
164 47 940 367
164 46 940 1236
168 48 940 1386
168 49 940 309
168 50 940 429
168 51 940 194
168 52 940 47
169 54 940 139
169 53 940 526
169 55 940 326
170 56 940 814
172 57 940 926
173 58 940 763
176 59 940 1219
182 60 940 1654
182 61 940 225
185 62 940 1181
185 63 940 367
187 64 940 1087
192 65 940 1528
195 66 940 1272
199 67 940 1405
199 68 940 112
199 69 940 123
204 70 940 1529
206 71 940 1101
213 72 940 1711
214 73 940 528
217 74 940 1143
219 75 940 1024
226 76 940 1723
228 77 940 1007
232 78 940 1380
239 79 940 1697
239 80 940 115
245 81 940 1644
245 82 940 426
256 83 940 1870
257 85 940 83
257 84 940 625
266 86 940 1807
267 87 940 863
269 88 940 1114
269 89 940 410
270 90 940 759
274 91 940 1359
274 92 940 451
277 93 940 1172
283 94 940 1657
291 95 940 1757
292 96 940 685
294 97 940 1083
296 98 940 1108
297 99 940 814
304 100 940 1749
312 101 940 1755
312 102 940 254
315 103 940 1262
316 104 940 705
319 105 940 1253
319 106 940 407
323 107 940 1444
326 108 940 1308
328 109 940 1039
329 110 940 528
336 111 940 1731
340 112 940 1470
342 113 940 990
344 114 940 1103
344 115 940 10
351 116 940 1724
354 117 940 1236
360 118 940 1666
362 119 940 1003
368 121 940 409
368 122 940 291
368 120 940 1646
374 123 940 1627
377 124 940 1289
377 125 940 169
378 126 940 649
379 127 940 539
380 128 940 795
383 130 940 339
383 129 940 1310
384 131 940 640
393 132 940 1824
394 133 940 566
406 134 940 1873
406 135 940 284
410 136 940 1390
412 137 940 1089
415 138 940 1164
418 139 940 1297
423 140 940 1601
423 141 940 362
427 143 940 74
427 142 940 1479
436 144 940 1807
438 145 940 952
447 146 940 1813
451 147 940 1385
451 148 940 68
457 149 940 1647
457 150 940 33
461 151 940 1373
464 153 940 104
464 152 940 1341
466 154 940 1093
469 155 940 1339
473 156 940 1464
474 157 940 552
488 158 940 1897
489 159 940 536
490 160 940 603
498 161 940 1793
499 162 940 649
521 163 940 1923
522 164 940 700
531 165 940 1812
541 166 940 1832
543 167 940 904
545 168 940 1042
546 169 940 819
547 170 940 544
548 173 940 369
548 171 940 634
548 172 940 71
551 174 940 1327
554 175 940 1284
555 176 940 854
555 177 940 216
562 178 940 1744
562 179 940 336
562 180 940 281
565 181 940 1188
565 182 940 470
567 183 940 1072
570 184 940 1277
572 185 940 890
575 186 940 1224
582 187 940 1719
586 188 940 1398
587 189 940 534
588 190 940 745
589 191 940 837
591 192 940 1116
592 193 940 628
593 194 940 694
600 195 940 1732
606 196 940 1637
610 197 940 1481
613 198 940 1298
632 199 940 1919
634 200 940 1045
636 201 940 909
636 202 940 343
639 203 940 1174
641 204 940 1102
644 205 940 1323
647 206 940 1302
649 207 940 971
650 208 940 702
657 210 940 484
657 209 940 1733
660 211 940 1247
661 212 940 732
666 213 940 1561
666 214 940 254
669 215 940 1339
672 216 940 1322
677 217 940 1502
678 218 940 645
685 219 940 1735
686 220 940 588
686 221 940 113
690 222 940 1431
691 223 940 508
691 224 940 73
697 225 940 1631
701 226 940 1442
705 227 940 1368
710 228 940 1599
715 229 940 1519
720 230 940 1571
723 231 940 1298
724 232 940 843
731 233 940 1749
734 234 940 1216
737 235 940 1297
738 236 940 845
741 237 940 1220
754 238 940 1894
766 239 940 1878
771 240 940 1512
771 241 940 252
773 242 940 1016
778 243 940 1589
778 244 940 49
782 245 940 1422
782 246 940 105
786 248 940 373
786 247 940 1480
789 249 940 1279
789 250 940 409
789 251 940 135
790 252 940 835
794 253 940 1487
797 254 940 1331
799 255 940 931
803 256 940 1402
811 257 940 1760
813 258 940 1101
817 259 940 1396
826 260 940 1805
837 261 940 1858
840 262 940 1297
842 263 940 1107
842 264 940 162
844 266 940 403
844 265 940 1111
846 267 940 907
846 268 940 344
848 269 940 882
848 270 940 494
848 271 940 102
853 272 940 1532
854 275 940 335
854 274 940 223
854 273 940 692
856 276 940 1021
864 277 940 1767
864 278 940 458
865 279 940 575
870 280 940 1526
883 281 940 1887
885 282 940 994
885 283 940 319
887 284 940 1109
891 285 940 1435
891 286 940 462
894 287 940 1280
894 288 940 418
894 289 940 285
903 290 940 1819
905 294 940 72
905 293 940 498
905 291 940 1010
905 292 940 119
910 295 940 1578
912 296 940 880
922 297 940 1834
926 298 940 1426
927 299 940 863
929 300 940 1018
931 301 940 1122
933 302 940 1135
937 303 940 1415
938 305 940 307
938 304 940 785
939 306 940 528
