8 0 248 1782
9 1 248 620
15 2 248 1682
21 3 248 1609
25 4 248 1368
33 5 248 1756
33 6 248 133
47 7 248 1899
48 10 248 354
48 8 248 668
48 9 248 338
52 11 248 1349
52 12 248 315
56 13 248 1439
57 14 248 839
59 15 248 1027
64 16 248 1556
65 17 248 833
68 18 248 1182
69 19 248 736
70 20 248 764
78 21 248 1775
81 22 248 1231
90 23 248 1829
95 24 248 1560
95 25 248 275
96 27 248 0
96 26 248 769
99 28 248 1271
99 29 248 341
104 30 248 1512
105 31 248 522
108 32 248 1178
108 33 248 268
112 34 248 1390
122 35 248 1845
123 36 248 637
131 37 248 1792
137 38 248 1674
137 39 248 42
139 40 248 1037
140 41 248 732
143 42 248 1250
143 43 248 324
143 44 248 30
145 45 248 1023
146 46 248 604
152 47 248 1688
155 48 248 1314
156 49 248 795
157 50 248 800
175 51 248 1916
179 52 248 1441
179 53 248 119
182 55 248 6
182 54 248 1208
185 56 248 1314
193 57 248 1778
193 58 248 49
195 59 248 1092
197 60 248 986
197 61 248 132
198 63 248 327
198 62 248 628
199 64 248 751
207 65 248 1756
207 66 248 170
207 67 248 46
207 68 248 48
209 69 248 919
209 70 248 389
216 71 248 1689
218 72 248 1083
220 73 248 1139
226 75 248 32
226 74 248 1624
227 76 248 525
229 77 248 906
238 78 248 1799
239 79 248 537
244 80 248 1596
246 81 248 1006
247 83 248 475
247 82 248 611
251 84 248 1465
256 85 248 1520
258 86 248 1005
260 87 248 1059
262 88 248 985
266 89 248 1384
267 90 248 530
268 91 248 784
275 92 248 1742
276 93 248 582
278 94 248 980
280 95 248 904
280 96 248 103
282 97 248 923
287 98 248 1497
287 99 248 198
288 100 248 852
289 101 248 558
295 104 248 406
295 103 248 394
295 102 248 1640
297 105 248 1036
298 106 248 832
298 107 248 301
298 108 248 419
301 109 248 1176
305 110 248 1406
305 111 248 407
320 112 248 1904
324 113 248 1437
328 114 248 1421
343 115 248 1905
347 116 248 1446
347 117 248 152
348 118 248 786
351 119 248 1155
352 120 248 751
354 121 248 1036
356 122 248 986
357 123 248 589
357 124 248 388
362 125 248 1529
373 126 248 1871
374 127 248 501
374 128 248 159
375 129 248 720
385 130 248 1853
390 131 248 1526
393 132 248 1334
398 133 248 1600
404 134 248 1609
406 135 248 1037
409 136 248 1291
409 137 248 217
409 138 248 69
409 139 248 429
410 140 248 687
411 141 248 703
412 142 248 639
419 143 248 1733
433 144 248 1903
433 145 248 123
434 146 248 805
434 147 248 305
436 148 248 1085
438 149 248 999
442 150 248 1382
454 152 248 136
454 153 248 341
454 151 248 1876
458 154 248 1371
465 155 248 1740
470 156 248 1496
472 157 248 1050
472 158 248 5
473 159 248 801
475 160 248 1090
475 161 248 331
475 162 248 142
481 163 248 1624
484 164 248 1248
493 165 248 1804
495 166 248 998
495 167 248 303
503 168 248 1752
503 169 248 383
504 170 248 614
507 176 248 397
507 175 248 47
507 174 248 468
507 171 248 1229
507 172 248 83
507 173 248 357
510 177 248 1178
511 178 248 611
511 179 248 265
512 180 248 723
517 181 248 1565
520 182 248 1340
522 183 248 1084
525 184 248 1263
539 185 248 1902
543 186 248 1389
545 187 248 992
545 188 248 229
553 189 248 1793
557 192 248 211
557 190 248 1466
557 191 248 240
560 193 248 1193
563 194 248 1263
563 195 248 356
564 196 248 560
566 197 248 940
566 198 248 485
566 199 248 98
568 200 248 1050
569 202 248 478
569 201 248 502
570 203 248 702
570 204 248 385
570 205 248 153
578 206 248 1792
585 207 248 1704
594 208 248 1798
597 209 248 1323
600 212 248 439
600 210 248 1343
600 211 248 318
606 213 248 1665
606 214 248 77
610 215 248 1449
612 216 248 915
614 217 248 983
614 218 248 360
617 219 248 1271
617 220 248 415
617 221 248 5
617 222 248 73
629 223 248 1883
630 225 248 374
630 224 248 842
632 226 248 1017
633 227 248 815
635 229 248 111
635 228 248 1018
639 230 248 1412
643 231 248 1381
644 232 248 693
645 233 248 513
647 234 248 1140
647 235 248 221
649 236 248 1086
650 237 248 638
651 238 248 698
653 239 248 1109
653 240 248 109
659 241 248 1610
661 242 248 1118
662 243 248 830
662 244 248 449
665 245 248 1148
672 246 248 1725
672 247 248 471
674 248 248 1115
681 249 248 1739
685 250 248 1366
690 251 248 1502
691 252 248 579
693 253 248 1138
699 254 248 1607
701 255 248 1044
701 256 248 428
702 257 248 519
710 258 248 1784
710 259 248 11
712 260 248 1060
714 261 248 977
715 262 248 685
721 263 248 1687
731 264 248 1836
744 265 248 1886
749 266 248 1550
759 267 248 1851
760 268 248 524
768 269 248 1781
768 270 248 363
768 271 248 276
768 272 248 284
771 273 248 1176
774 274 248 1161
775 275 248 730
776 276 248 811
779 277 248 1168
783 278 248 1433
789 279 248 1619
790 280 248 573
791 281 248 546
797 282 248 1624
800 283 248 1204
801 284 248 670
811 285 248 1834
812 286 248 802
816 287 248 1479
817 288 248 830
817 289 248 95
824 290 248 1717
825 291 248 566
826 292 248 778
827 293 248 687
827 294 248 49
829 295 248 1056
831 296 248 924
835 297 248 1356
837 298 248 918
837 299 248 488
842 300 248 1522
851 301 248 1798
862 302 248 1871
865 303 248 1259
869 304 248 1375
871 305 248 1089
874 306 248 1217
