3 0 1476 1335
5 1 1476 1056
6 2 1476 721
8 3 1476 1139
11 4 1476 1313
20 5 1476 1805
22 6 1476 1087
24 7 1476 897
29 8 1476 1571
39 9 1476 1848
39 10 1476 230
43 11 1476 1390
45 12 1476 949
51 13 1476 1659
52 14 1476 759
60 15 1476 1761
60 16 1476 414
69 17 1476 1823
70 18 1476 598
75 19 1476 1532
77 20 1476 1063
83 21 1476 1610
84 22 1476 782
92 23 1476 1785
93 24 1476 515
102 25 1476 1818
111 27 1476 289
111 26 1476 1808
125 28 1476 1900
125 29 1476 93
125 30 1476 457
127 31 1476 993
128 32 1476 519
131 33 1476 1244
132 34 1476 503
134 35 1476 947
139 37 1476 182
139 36 1476 1582
149 38 1476 1831
155 39 1476 1650
158 40 1476 1257
160 41 1476 1066
165 42 1476 1584
173 43 1476 1783
173 44 1476 261
175 45 1476 986
181 46 1476 1649
183 47 1476 1041
185 48 1476 881
187 49 1476 1041
187 50 1476 180
187 51 1476 417
197 52 1476 1841
198 53 1476 575
203 54 1476 1543
209 56 1476 273
209 55 1476 1649
210 57 1476 861
211 58 1476 623
215 59 1476 1420
236 60 1476 1922
237 61 1476 797
239 62 1476 921
243 63 1476 1477
247 64 1476 1391
250 65 1476 1161
252 66 1476 870
258 67 1476 1629
261 68 1476 1155
268 69 1476 1737
268 70 1476 179
268 71 1476 231
286 72 1476 1916
288 73 1476 873
288 74 1476 275
308 76 1476 26
308 75 1476 1921
310 77 1476 924
315 78 1476 1523
319 79 1476 1453
319 80 1476 168
320 81 1476 766
323 82 1476 1333
324 83 1476 858
334 85 1476 39
334 84 1476 1837
336 86 1476 1077
347 87 1476 1869
353 88 1476 1625
354 89 1476 779
355 90 1476 673
356 91 1476 721
360 93 1476 411
360 92 1476 1484
366 98 1476 391
366 97 1476 106
366 94 1476 1652
366 95 1476 459
366 96 1476 145
368 99 1476 1025
368 100 1476 115
368 101 1476 19
377 102 1476 1811
379 103 1476 1069
380 104 1476 862
392 105 1476 1874
392 106 1476 425
394 107 1476 967
394 108 1476 299
399 109 1476 1547
405 110 1476 1622
408 111 1476 1273
411 112 1476 1262
413 113 1476 1094
416 114 1476 1251
419 115 1476 1155
423 116 1476 1389
423 117 1476 62
428 118 1476 1565
432 119 1476 1351
432 120 1476 83
434 122 1476 3
434 123 1476 375
434 121 1476 926
436 124 1476 1063
440 125 1476 1383
441 126 1476 672
446 127 1476 1505
449 128 1476 1145
456 129 1476 1740
464 130 1476 1776
474 131 1476 1845
475 133 1476 497
475 132 1476 533
478 134 1476 1338
478 135 1476 148
480 136 1476 880
480 137 1476 263
501 138 1476 1921
514 139 1476 1888
519 140 1476 1539
519 141 1476 109
524 142 1476 1569
524 143 1476 78
526 144 1476 1081
529 145 1476 1325
533 146 1476 1383
533 147 1476 389
535 148 1476 1084
535 149 1476 497
537 151 1476 82
537 150 1476 994
537 152 1476 465
539 153 1476 964
541 154 1476 941
543 155 1476 1114
543 156 1476 16
547 157 1476 1435
547 158 1476 5
551 159 1476 1404
554 160 1476 1201
555 161 1476 844
562 163 1476 484
562 162 1476 1747
569 164 1476 1696
576 165 1476 1702
577 166 1476 739
578 167 1476 765
584 168 1476 1681
586 169 1476 1102
586 170 1476 275
588 172 1476 66
588 171 1476 1125
593 173 1476 1601
600 174 1476 1737
614 175 1476 1899
617 176 1476 1281
627 177 1476 1850
630 178 1476 1219
636 179 1476 1663
664 181 1476 282
664 180 1476 1924
664 182 1476 421
665 183 1476 648
666 184 1476 745
673 185 1476 1693
677 186 1476 1380
681 187 1476 1494
685 189 1476 224
685 188 1476 1480
685 190 1476 132
689 192 1476 257
689 191 1476 1369
690 193 1476 517
691 194 1476 686
692 195 1476 695
692 196 1476 287
694 197 1476 1085
694 198 1476 306
697 199 1476 1304
698 200 1476 585
699 201 1476 618
700 202 1476 633
715 203 1476 1907
715 204 1476 222
723 205 1476 1794
723 206 1476 16
724 207 1476 788
727 208 1476 1151
729 209 1476 967
737 213 1476 267
737 211 1476 90
737 210 1476 1757
737 212 1476 216
741 214 1476 1404
743 215 1476 918
743 216 1476 423
745 217 1476 1099
751 218 1476 1663
751 219 1476 2
751 220 1476 321
754 221 1476 1170
757 222 1476 1209
761 223 1476 1457
763 224 1476 969
764 225 1476 831
765 226 1476 867
769 227 1476 1473
771 228 1476 915
773 229 1476 1042
779 231 1476 195
779 230 1476 1612
784 232 1476 1543
794 233 1476 1840
796 234 1476 1078
799 235 1476 1306
804 236 1476 1574
804 237 1476 438
804 238 1476 426
806 239 1476 876
812 240 1476 1677
813 241 1476 591
813 242 1476 342
814 243 1476 513
814 244 1476 391
814 245 1476 41
817 246 1476 1152
834 247 1476 1915
836 248 1476 1038
843 250 1476 271
843 249 1476 1692
845 251 1476 1113
849 252 1476 1347
849 253 1476 303
851 254 1476 982
854 255 1476 1339
857 256 1476 1333
859 257 1476 1101
861 258 1476 937
864 259 1476 1315
866 260 1476 926
866 261 1476 467
875 262 1476 1798
875 263 1476 109
878 264 1476 1280
883 265 1476 1562
883 266 1476 472
883 267 1476 301
885 269 1476 97
885 268 1476 1114
888 270 1476 1269
904 271 1476 1909
905 272 1476 673
906 273 1476 786
906 274 1476 250
912 275 1476 1655
913 276 1476 827
914 277 1476 695
916 278 1476 1065
918 279 1476 928
923 280 1476 1603
925 281 1476 877
925 282 1476 435
928 283 1476 1147
929 284 1476 770
930 285 1476 499
931 286 1476 773
934 287 1476 1239
935 288 1476 857
941 289 1476 1663
955 290 1476 1897
955 291 1476 473
959 292 1476 1426
961 293 1476 1035
973 294 1476 1875
976 295 1476 1209
977 296 1476 717
977 297 1476 232
980 298 1476 1158
981 299 1476 753
985 300 1476 1494
986 301 1476 851
987 302 1476 801
989 304 1476 423
989 305 1476 286
989 303 1476 940
989 306 1476 440
