10 0 853 1851
13 1 853 1192
13 2 853 365
13 3 853 262
16 4 853 1309
19 5 853 1144
35 6 853 1912
37 7 853 878
39 8 853 885
40 12 853 269
40 11 853 193
40 9 853 547
40 10 853 76
50 13 853 1843
52 14 853 936
54 15 853 1085
61 16 853 1735
63 17 853 946
64 19 853 48
64 18 853 652
67 20 853 1247
68 21 853 868
71 22 853 1146
77 23 853 1630
80 24 853 1144
80 25 853 144
80 26 853 318
81 27 853 710
84 29 853 50
84 28 853 1200
87 30 853 1243
90 31 853 1265
92 32 853 1072
93 33 853 652
94 34 853 624
95 35 853 699
99 36 853 1369
100 37 853 795
105 38 853 1515
105 39 853 113
119 40 853 1899
119 41 853 353
120 42 853 663
123 43 853 1302
125 45 853 192
125 46 853 239
125 44 853 1025
127 47 853 955
135 48 853 1764
136 49 853 823
136 50 853 462
138 53 853 447
138 51 853 1117
138 52 853 43
141 54 853 1218
143 56 853 46
143 55 853 982
144 57 853 659
146 58 853 1042
149 59 853 1165
150 60 853 825
153 61 853 1201
158 62 853 1602
159 63 853 834
162 64 853 1228
163 65 853 736
165 66 853 1046
170 67 853 1541
173 68 853 1219
173 69 853 237
179 70 853 1641
181 71 853 939
185 72 853 1356
186 73 853 539
186 74 853 73
188 76 853 205
188 75 853 893
196 77 853 1768
197 78 853 605
199 79 853 952
209 80 853 1829
212 81 853 1288
214 82 853 871
214 83 853 377
219 85 853 126
219 84 853 1513
222 86 853 1222
223 87 853 624
227 88 853 1359
232 89 853 1566
233 90 853 653
234 91 853 709
240 92 853 1678
240 93 853 349
243 94 853 1212
244 95 853 697
245 96 853 676
253 97 853 1753
253 98 853 73
253 99 853 289
255 100 853 1070
256 101 853 622
262 102 853 1660
267 103 853 1527
269 104 853 1106
273 105 853 1447
279 106 853 1685
283 107 853 1428
283 108 853 374
283 109 853 324
284 110 853 777
284 111 853 202
284 112 853 54
284 113 853 89
287 114 853 1260
291 115 853 1461
291 116 853 330
294 117 853 1225
297 118 853 1246
299 119 853 1102
303 120 853 1438
303 121 853 422
303 122 853 182
308 123 853 1577
313 124 853 1508
315 125 853 932
318 126 853 1186
320 127 853 1006
323 128 853 1251
326 129 853 1300
326 130 853 216
326 131 853 377
333 133 853 315
333 132 853 1694
342 134 853 1807
345 135 853 1207
350 136 853 1552
353 137 853 1268
356 138 853 1195
356 139 853 65
356 140 853 365
363 142 853 249
363 141 853 1718
365 143 853 1034
366 144 853 789
366 145 853 451
367 146 853 654
372 147 853 1589
374 148 853 1014
380 149 853 1675
380 150 853 367
384 151 853 1375
385 152 853 506
387 153 853 895
388 154 853 775
389 155 853 647
389 156 853 440
389 157 853 83
389 158 853 18
389 159 853 174
389 160 853 261
390 162 853 176
390 161 853 679
392 163 853 998
392 164 853 107
392 165 853 400
392 166 853 432
398 169 853 53
398 167 853 1663
398 168 853 207
408 170 853 1834
410 172 853 29
410 171 853 986
413 173 853 1180
414 174 853 737
420 175 853 1644
420 176 853 172
422 177 853 1072
423 178 853 788
425 180 853 277
425 179 853 1057
430 181 853 1521
448 182 853 1916
453 183 853 1501
455 184 853 933
456 185 853 766
464 186 853 1795
465 187 853 798
469 188 853 1465
472 189 853 1159
473 190 853 766
477 191 853 1469
480 192 853 1250
482 193 853 1020
489 194 853 1728
495 195 853 1610
500 196 853 1542
503 197 853 1176
505 199 853 388
505 200 853 18
505 198 853 926
507 201 853 915
511 202 853 1382
513 203 853 961
521 204 853 1766
524 205 853 1305
528 206 853 1345
531 207 853 1250
531 208 853 158
533 210 853 475
533 209 853 1055
536 211 853 1293
539 212 853 1220
541 213 853 885
550 214 853 1821
551 215 853 664
552 216 853 687
553 218 853 64
553 217 853 600
556 219 853 1266
557 220 853 530
562 221 853 1558
562 222 853 198
564 223 853 972
567 224 853 1211
567 225 853 365
573 226 853 1661
575 227 853 934
579 228 853 1377
581 230 853 102
581 229 853 1052
583 231 853 920
583 232 853 145
583 233 853 399
585 234 853 1038
588 235 853 1287
588 236 853 139
590 237 853 955
596 238 853 1659
601 239 853 1553
605 240 853 1345
606 241 853 544
607 242 853 640
607 243 853 409
608 244 853 684
612 245 853 1398
612 246 853 249
612 247 853 364
614 248 853 1123
616 249 853 1064
618 250 853 922
620 251 853 941
622 252 853 1112
627 253 853 1585
635 254 853 1783
635 255 853 385
636 256 853 717
636 257 853 409
642 258 853 1675
646 259 853 1401
651 260 853 1568
651 261 853 411
660 262 853 1798
662 263 853 1030
664 264 853 953
668 265 853 1479
671 266 853 1147
672 267 853 820
680 268 853 1772
681 269 853 534
682 270 853 525
688 271 853 1657
689 272 853 865
689 273 853 436
699 274 853 1846
715 275 853 1910
717 276 853 917
724 278 853 288
724 277 853 1714
731 279 853 1737
731 280 853 115
734 281 853 1297
741 282 853 1735
741 283 853 313
741 284 853 129
743 285 853 1085
750 287 853 485
750 286 853 1733
751 288 853 540
752 289 853 653
753 290 853 570
759 291 853 1655
762 292 853 1205
762 293 853 258
778 294 853 1909
780 295 853 933
781 296 853 670
786 297 853 1534
790 298 853 1381
792 299 853 1129
792 300 853 250
796 301 853 1353
797 302 853 516
798 303 853 588
799 304 853 538
802 305 853 1189
802 306 853 76
