0 0 538 253
0 1 538 240
2 2 538 1032
6 3 538 1436
6 4 538 348
6 5 538 334
9 6 538 1318
16 7 538 1694
17 8 538 779
20 9 538 1255
21 10 538 518
21 11 538 431
27 12 538 1653
29 13 538 990
29 14 538 393
31 15 538 953
32 16 538 562
33 17 538 600
33 18 538 79
36 19 538 1157
40 20 538 1431
43 21 538 1310
46 22 538 1157
49 23 538 1183
60 24 538 1865
60 25 538 156
64 26 538 1493
65 27 538 846
65 28 538 238
66 29 538 772
70 30 538 1427
71 31 538 655
74 32 538 1154
75 33 538 613
75 34 538 383
78 35 538 1290
79 36 538 762
88 37 538 1801
89 39 538 447
89 38 538 687
90 40 538 825
93 41 538 1259
97 42 538 1429
98 43 538 702
101 44 538 1210
102 45 538 713
106 46 538 1391
108 47 538 934
110 48 538 944
121 50 538 3
121 49 538 1870
123 51 538 1121
126 52 538 1202
126 53 538 98
129 54 538 1320
130 55 538 867
132 56 538 1007
140 57 538 1773
145 59 538 192
145 58 538 1495
146 60 538 766
146 61 538 472
150 62 538 1456
150 63 538 6
158 64 538 1753
166 65 538 1787
169 66 538 1201
171 67 538 1039
172 68 538 607
174 69 538 1028
174 70 538 190
175 71 538 686
185 72 538 1838
190 73 538 1556
190 74 538 331
190 75 538 171
199 77 538 455
199 76 538 1806
213 78 538 1898
216 79 538 1151
217 80 538 689
218 81 538 558
227 82 538 1827
227 83 538 292
228 84 538 769
228 85 538 305
232 86 538 1378
234 87 538 1055
237 88 538 1218
241 89 538 1440
241 90 538 282
243 91 538 913
243 92 538 305
243 93 538 495
248 95 538 353
248 94 538 1606
255 96 538 1728
259 97 538 1423
261 98 538 873
265 99 538 1348
269 100 538 1436
269 101 538 352
269 102 538 327
279 103 538 1840
285 104 538 1679
288 105 538 1241
291 106 538 1208
296 107 538 1570
303 108 538 1692
306 109 538 1148
308 110 538 986
309 111 538 552
318 112 538 1800
318 113 538 344
322 115 538 207
322 114 538 1427
323 116 538 570
326 117 538 1163
329 118 538 1161
333 119 538 1448
333 120 538 408
333 121 538 146
340 122 538 1745
342 123 538 1091
343 124 538 745
346 125 538 1202
346 126 538 380
349 127 538 1343
361 128 538 1874
375 129 538 1903
375 130 538 367
375 131 538 383
380 132 538 1506
381 133 538 550
387 134 538 1639
387 135 538 336
387 136 538 230
403 137 538 1911
404 138 538 538
408 139 538 1453
410 140 538 1021
417 141 538 1733
420 144 538 453
420 142 538 1288
420 143 538 69
426 145 538 1654
428 146 538 1037
441 147 538 1886
443 148 538 992
447 149 538 1399
454 150 538 1708
455 151 538 565
455 152 538 261
459 153 538 1350
461 154 538 939
464 155 538 1290
465 156 538 531
468 157 538 1161
470 158 538 1094
470 159 538 477
471 160 538 861
479 161 538 1790
485 162 538 1620
492 163 538 1714
493 164 538 781
494 165 538 603
496 166 538 971
499 167 538 1250
500 168 538 629
502 169 538 1091
516 170 538 1902
517 171 538 583
518 172 538 624
524 173 538 1633
524 174 538 427
525 175 538 600
526 176 538 782
532 177 538 1676
533 178 538 637
535 184 538 194
535 183 538 475
535 182 538 350
535 181 538 419
535 180 538 164
535 179 538 1016
542 185 538 1727
542 186 538 121
542 187 538 156
547 188 538 1535
547 189 538 348
554 190 538 1729
556 191 538 994
557 192 538 816
557 193 538 61
558 194 538 591
561 195 538 1155
561 196 538 112
566 197 538 1499
569 198 538 1213
577 199 538 1775
578 200 538 683
585 201 538 1712
588 202 538 1256
597 203 538 1826
601 204 538 1422
603 205 538 1124
614 206 538 1866
615 207 538 552
617 208 538 923
617 209 538 338
618 210 538 508
619 211 538 780
620 212 538 523
620 213 538 78
620 214 538 312
620 215 538 441
624 216 538 1439
627 217 538 1145
632 218 538 1519
634 220 538 482
634 219 538 978
635 221 538 815
641 222 538 1639
641 223 538 280
644 224 538 1286
646 225 538 907
653 226 538 1691
654 227 538 563
656 228 538 1041
659 230 538 488
659 229 538 1196
662 231 538 1207
662 232 538 463
663 233 538 787
663 234 538 332
663 235 538 376
665 236 538 1087
665 237 538 449
667 238 538 978
669 239 538 995
677 240 538 1786
681 241 538 1493
684 242 538 1158
687 243 538 1197
695 244 538 1765
697 245 538 949
697 246 538 470
698 247 538 738
704 249 538 150
704 248 538 1673
710 250 538 1641
712 251 538 891
727 252 538 1905
727 253 538 234
730 254 538 1293
738 255 538 1792
738 256 538 73
740 257 538 975
741 258 538 540
742 259 538 514
746 260 538 1358
749 261 538 1302
753 262 538 1435
759 263 538 1651
767 264 538 1774
770 265 538 1225
770 266 538 317
776 267 538 1660
782 268 538 1670
793 269 538 1861
796 270 538 1278
798 271 538 990
798 272 538 166
799 273 538 524
801 274 538 1117
803 275 538 913
808 280 538 436
808 279 538 336
808 277 538 442
808 276 538 1582
808 278 538 440
810 281 538 953
811 282 538 815
813 283 538 891
817 284 538 1479
822 285 538 1522
825 287 538 228
825 286 538 1227
829 288 538 1419
829 289 538 465
829 290 538 303
829 291 538 112
839 292 538 1834
839 293 538 464
844 295 538 483
844 296 538 58
844 294 538 1561
848 297 538 1431
852 298 538 1347
853 299 538 539
854 300 538 632
855 301 538 735
857 302 538 992
864 303 538 1737
865 304 538 796
866 305 538 651
867 306 538 724
