11 0 460 1870
23 1 460 1885
32 2 460 1803
33 3 460 680
33 4 460 172
36 5 460 1205
39 6 460 1178
46 7 460 1693
49 9 460 256
49 8 460 1272
51 10 460 885
52 11 460 677
55 12 460 1320
77 13 460 1922
78 14 460 602
78 15 460 24
79 18 460 2
79 17 460 331
79 16 460 857
82 19 460 1157
83 20 460 540
88 21 460 1570
89 22 460 783
95 23 460 1653
101 24 460 1658
101 25 460 107
102 26 460 819
103 27 460 801
103 28 460 170
103 29 460 403
103 30 460 183
103 31 460 209
103 32 460 325
109 33 460 1680
111 34 460 949
116 35 460 1538
117 36 460 724
119 37 460 1021
121 38 460 953
124 39 460 1145
125 40 460 814
125 41 460 270
130 42 460 1569
134 43 460 1453
134 44 460 76
139 45 460 1580
142 46 460 1303
147 47 460 1603
149 48 460 915
153 49 460 1380
155 50 460 955
159 51 460 1395
164 52 460 1496
166 54 460 419
166 55 460 299
166 53 460 1047
168 56 460 1102
168 57 460 149
170 58 460 947
170 59 460 65
170 60 460 385
170 61 460 377
175 62 460 1523
177 64 460 72
177 63 460 868
178 65 460 676
178 66 460 352
183 67 460 1564
185 68 460 973
187 69 460 989
190 70 460 1224
198 71 460 1761
201 72 460 1303
202 76 460 1
202 75 460 270
202 74 460 342
202 73 460 781
205 77 460 1254
210 78 460 1577
210 79 460 78
211 80 460 728
213 81 460 1140
222 82 460 1810
223 83 460 714
227 84 460 1373
228 85 460 713
229 86 460 637
232 87 460 1202
235 88 460 1261
236 89 460 649
236 90 460 435
237 91 460 574
237 92 460 73
239 93 460 888
240 94 460 759
240 95 460 437
241 96 460 672
242 97 460 700
246 98 460 1381
249 99 460 1325
252 100 460 1227
258 101 460 1663
259 102 460 630
269 104 460 156
269 103 460 1850
271 105 460 1119
271 106 460 92
272 107 460 714
273 108 460 705
273 109 460 149
273 110 460 297
281 111 460 1773
281 112 460 497
283 113 460 869
286 114 460 1261
289 115 460 1170
289 116 460 491
290 117 460 808
294 118 460 1420
297 119 460 1283
297 120 460 38
299 123 460 323
299 122 460 303
299 121 460 1075
300 124 460 553
301 125 460 649
307 126 460 1687
307 127 460 415
307 128 460 22
317 129 460 1830
322 130 460 1522
325 131 460 1226
334 132 460 1798
334 133 460 252
335 134 460 775
337 135 460 989
338 136 460 510
350 137 460 1885
351 138 460 558
351 139 460 254
352 140 460 621
362 141 460 1848
362 142 460 497
364 143 460 1111
364 144 460 352
365 145 460 587
365 146 460 77
367 147 460 1129
372 148 460 1551
377 149 460 1514
388 150 460 1870
396 151 460 1788
399 153 460 97
399 152 460 1204
402 154 460 1286
402 155 460 152
406 156 460 1360
406 157 460 306
409 158 460 1296
413 159 460 1431
417 160 460 1356
422 161 460 1601
423 162 460 692
424 163 460 799
425 164 460 551
427 165 460 996
441 166 460 1899
441 167 460 244
441 168 460 93
441 169 460 272
442 170 460 659
443 172 460 250
443 171 460 531
446 173 460 1166
447 174 460 662
447 175 460 115
448 176 460 577
450 177 460 1116
464 178 460 1896
477 179 460 1891
478 180 460 572
479 181 460 557
480 182 460 788
480 183 460 432
492 184 460 1884
498 185 460 1658
498 186 460 21
505 187 460 1701
507 188 460 890
508 189 460 622
513 191 460 204
513 190 460 1554
514 192 460 588
516 193 460 1052
517 194 460 822
519 195 460 944
522 196 460 1155
528 197 460 1622
529 198 460 560
532 199 460 1280
533 200 460 612
541 201 460 1757
543 202 460 1035
546 203 460 1279
547 204 460 855
550 205 460 1339
555 206 460 1538
555 207 460 38
559 208 460 1359
562 209 460 1170
567 212 460 335
567 210 460 1499
567 211 460 243
570 213 460 1330
571 214 460 858
572 215 460 798
573 216 460 813
573 217 460 259
574 218 460 839
575 219 460 818
577 220 460 974
577 221 460 198
580 222 460 1278
584 223 460 1396
585 224 460 643
585 225 460 455
596 226 460 1868
598 227 460 1123
598 228 460 343
604 229 460 1642
606 230 460 885
608 231 460 880
609 232 460 556
610 233 460 615
613 234 460 1279
614 235 460 739
618 236 460 1447
622 237 460 1434
627 238 460 1502
628 240 460 120
628 239 460 545
643 241 460 1908
643 242 460 341
649 243 460 1645
651 244 460 1047
654 245 460 1310
662 246 460 1794
665 250 460 131
665 249 460 23
665 248 460 193
665 247 460 1183
667 251 460 895
668 252 460 782
674 253 460 1667
674 254 460 305
674 255 460 413
674 256 460 478
679 257 460 1564
680 259 460 400
680 258 460 636
684 260 460 1395
684 261 460 415
690 262 460 1619
696 263 460 1642
696 264 460 285
697 265 460 619
703 266 460 1612
709 269 460 118
709 267 460 1644
709 268 460 50
712 270 460 1276
715 271 460 1303
716 272 460 682
716 273 460 294
717 274 460 697
719 275 460 991
727 276 460 1782
732 278 460 348
732 277 460 1558
735 279 460 1257
736 280 460 585
737 281 460 684
739 282 460 929
739 283 460 320
744 284 460 1510
761 286 460 98
761 285 460 1914
762 287 460 814
762 288 460 310
763 289 460 865
763 290 460 261
772 291 460 1808
773 292 460 798
775 293 460 1102
777 294 460 1074
783 295 460 1629
783 296 460 288
784 297 460 623
788 298 460 1359
788 299 460 428
794 300 460 1622
794 301 460 149
796 303 460 74
796 302 460 1132
797 304 460 672
798 305 460 753
798 306 460 212
