0 0 1446 269
4 1 1446 1459
6 2 1446 1005
8 3 1446 1077
10 4 1446 890
16 5 1446 1664
18 6 1446 974
25 8 1446 2
25 7 1446 1707
28 9 1446 1211
30 10 1446 949
30 11 1446 55
30 12 1446 352
31 13 1446 788
33 14 1446 954
35 15 1446 1083
37 16 1446 882
42 18 1446 74
42 17 1446 1553
45 19 1446 1149
46 20 1446 591
47 21 1446 589
49 22 1446 892
51 23 1446 978
54 24 1446 1273
58 25 1446 1376
60 29 1446 378
60 28 1446 10
60 27 1446 55
60 26 1446 1021
67 30 1446 1705
67 31 1446 262
68 32 1446 712
70 33 1446 901
76 34 1446 1637
78 35 1446 876
85 37 1446 124
85 36 1446 1712
92 38 1446 1737
92 39 1446 328
94 40 1446 1099
96 41 1446 955
104 42 1446 1794
107 43 1446 1169
108 44 1446 685
108 45 1446 235
114 46 1446 1667
119 47 1446 1549
125 48 1446 1667
126 49 1446 633
129 50 1446 1219
129 51 1446 64
134 52 1446 1538
138 53 1446 1392
139 54 1446 753
144 55 1446 1605
145 57 1446 27
145 56 1446 567
152 58 1446 1729
156 59 1446 1439
157 60 1446 643
159 61 1446 918
166 62 1446 1697
171 63 1446 1549
175 64 1446 1430
176 65 1446 687
179 66 1446 1267
183 67 1446 1375
185 68 1446 1076
185 69 1446 78
188 70 1446 1295
189 71 1446 758
196 72 1446 1741
202 74 1446 50
202 73 1446 1671
207 75 1446 1560
208 76 1446 720
214 77 1446 1647
214 78 1446 292
216 79 1446 1037
222 80 1446 1633
226 81 1446 1396
226 82 1446 312
229 83 1446 1301
231 84 1446 1083
237 85 1446 1640
238 86 1446 649
241 87 1446 1244
241 88 1446 148
241 89 1446 31
241 90 1446 309
247 91 1446 1685
247 92 1446 319
247 93 1446 298
253 95 1446 181
253 94 1446 1609
256 96 1446 1183
256 97 1446 244
262 98 1446 1664
284 99 1446 1922
286 100 1446 892
286 101 1446 292
286 102 1446 472
291 103 1446 1589
294 106 1446 248
294 104 1446 1262
294 105 1446 461
302 107 1446 1791
305 108 1446 1342
307 109 1446 1117
309 110 1446 885
310 111 1446 844
316 112 1446 1659
317 113 1446 691
324 114 1446 1730
327 115 1446 1171
328 116 1446 605
328 117 1446 395
328 118 1446 465
335 119 1446 1714
335 120 1446 38
335 121 1446 23
338 122 1446 1227
340 123 1446 1045
347 124 1446 1694
352 125 1446 1535
352 126 1446 438
356 127 1446 1443
356 128 1446 61
364 129 1446 1793
364 130 1446 377
364 131 1446 475
379 134 1446 145
379 133 1446 294
379 132 1446 1908
382 135 1446 1341
384 136 1446 924
385 137 1446 648
385 138 1446 38
386 139 1446 622
390 140 1446 1392
391 141 1446 782
400 142 1446 1826
402 143 1446 956
404 144 1446 1071
408 145 1446 1389
408 146 1446 25
413 147 1446 1553
413 148 1446 492
413 149 1446 438
418 150 1446 1500
419 151 1446 788
426 152 1446 1703
438 153 1446 1874
450 154 1446 1884
452 155 1446 869
454 156 1446 990
458 157 1446 1352
467 158 1446 1820
473 159 1446 1652
473 160 1446 22
474 161 1446 730
481 162 1446 1729
485 163 1446 1473
486 164 1446 739
486 165 1446 409
487 166 1446 860
491 167 1446 1364
492 168 1446 546
492 169 1446 389
492 170 1446 247
504 172 1446 356
504 171 1446 1882
512 173 1446 1767
512 174 1446 322
515 175 1446 1180
515 176 1446 121
515 177 1446 271
529 178 1446 1898
529 179 1446 304
534 180 1446 1509
535 181 1446 810
537 182 1446 950
542 183 1446 1548
542 184 1446 293
547 185 1446 1514
548 186 1446 696
548 187 1446 34
548 188 1446 335
551 189 1446 1200
551 190 1446 351
556 191 1446 1496
557 192 1446 753
557 193 1446 311
558 194 1446 600
559 195 1446 661
561 196 1446 977
561 197 1446 353
561 198 1446 216
562 199 1446 662
563 200 1446 528
564 201 1446 586
566 202 1446 1006
566 203 1446 102
566 204 1446 190
571 205 1446 1542
571 206 1446 431
582 207 1446 1861
587 208 1446 1551
588 209 1446 703
589 210 1446 748
590 211 1446 719
594 212 1446 1379
599 213 1446 1515
599 214 1446 142
601 215 1446 1137
608 216 1446 1704
608 217 1446 181
611 218 1446 1180
614 219 1446 1150
620 220 1446 1637
621 221 1446 826
623 222 1446 1029
626 223 1446 1270
626 224 1446 38
627 225 1446 675
629 226 1446 1128
629 227 1446 45
632 228 1446 1167
637 230 1446 203
637 229 1446 1586
644 231 1446 1693
644 232 1446 54
647 233 1446 1236
654 234 1446 1701
656 235 1446 923
663 236 1446 1728
664 237 1446 847
668 238 1446 1358
669 239 1446 675
671 240 1446 1083
672 241 1446 760
672 242 1446 407
677 243 1446 1556
677 244 1446 452
682 245 1446 1557
682 246 1446 117
685 248 1446 168
685 247 1446 1162
689 249 1446 1387
691 250 1446 881
692 251 1446 796
694 252 1446 1098
696 253 1446 990
698 254 1446 949
704 255 1446 1626
708 256 1446 1482
714 258 1446 64
714 257 1446 1661
718 259 1446 1440
718 260 1446 413
718 261 1446 385
719 262 1446 693
732 263 1446 1890
733 264 1446 499
735 265 1446 980
736 266 1446 664
736 267 1446 143
743 268 1446 1739
746 269 1446 1144
749 270 1446 1333
750 271 1446 857
751 272 1446 748
752 273 1446 504
752 274 1446 67
754 275 1446 877
754 276 1446 418
758 277 1446 1397
759 278 1446 817
759 279 1446 406
760 280 1446 558
773 281 1446 1891
782 282 1446 1801
789 283 1446 1704
790 284 1446 704
793 285 1446 1332
794 286 1446 594
796 287 1446 988
796 288 1446 286
796 289 1446 74
800 290 1446 1365
800 291 1446 67
801 292 1446 783
811 293 1446 1842
811 294 1446 261
812 297 1446 442
812 295 1446 697
812 296 1446 67
814 298 1446 1056
818 299 1446 1397
820 300 1446 892
834 301 1446 1899
838 302 1446 1348
840 304 1446 54
840 305 1446 24
840 303 1446 949
840 306 1446 48
