5 0 635 1588
22 1 635 1913
22 2 635 475
25 3 635 1270
28 4 635 1171
30 5 635 1140
32 6 635 908
35 7 635 1338
37 8 635 1039
40 9 635 1171
40 10 635 72
40 11 635 419
41 12 635 793
46 13 635 1544
46 14 635 191
47 15 635 540
54 19 635 16
54 18 635 198
54 16 635 1731
54 17 635 484
56 20 635 1136
58 21 635 1076
58 22 635 395
67 23 635 1814
68 24 635 570
69 25 635 685
71 26 635 1062
72 27 635 589
76 28 635 1493
76 29 635 7
81 30 635 1496
84 31 635 1150
89 32 635 1534
89 33 635 13
91 34 635 953
95 35 635 1491
96 36 635 572
97 37 635 723
98 38 635 733
99 39 635 792
113 40 635 1902
116 41 635 1169
120 42 635 1413
122 43 635 1013
122 44 635 427
122 45 635 97
123 46 635 662
124 47 635 799
128 48 635 1461
131 49 635 1323
135 50 635 1399
141 51 635 1662
143 52 635 1016
143 53 635 285
143 54 635 248
144 55 635 512
149 56 635 1518
150 57 635 586
151 58 635 700
151 59 635 485
151 60 635 78
151 61 635 318
159 62 635 1770
161 63 635 1032
166 64 635 1600
167 65 635 847
168 66 635 810
169 67 635 779
170 68 635 590
171 69 635 625
184 70 635 1892
186 71 635 1007
192 72 635 1676
195 73 635 1331
195 74 635 39
208 75 635 1892
213 76 635 1587
216 77 635 1306
220 78 635 1387
220 79 635 472
220 80 635 22
220 81 635 262
222 82 635 1053
222 83 635 170
223 84 635 532
231 86 635 133
231 85 635 1758
234 87 635 1248
241 88 635 1690
241 89 635 441
255 90 635 1897
271 91 635 1911
271 92 635 23
271 93 635 247
272 94 635 714
277 95 635 1583
280 96 635 1324
280 97 635 381
283 98 635 1338
288 99 635 1505
291 100 635 1212
300 101 635 1808
300 102 635 208
301 103 635 836
305 104 635 1355
305 105 635 392
321 106 635 1911
327 107 635 1610
327 108 635 246
327 109 635 281
328 110 635 850
328 111 635 212
330 113 635 227
330 114 635 463
330 112 635 1123
337 115 635 1740
340 116 635 1189
345 117 635 1600
346 118 635 499
354 119 635 1766
355 120 635 713
359 121 635 1486
361 123 635 149
361 122 635 1014
362 124 635 652
377 125 635 1906
379 126 635 983
383 127 635 1428
384 128 635 616
384 129 635 380
385 130 635 567
388 131 635 1206
401 132 635 1892
410 133 635 1807
413 134 635 1185
413 135 635 139
413 136 635 54
413 137 635 217
414 138 635 739
414 139 635 140
422 140 635 1772
422 141 635 448
424 142 635 1002
428 143 635 1409
433 144 635 1515
439 145 635 1685
440 146 635 787
447 147 635 1720
454 148 635 1709
456 149 635 898
456 150 635 393
462 151 635 1649
471 152 635 1806
476 153 635 1497
477 154 635 791
483 155 635 1651
484 156 635 794
484 157 635 59
484 158 635 183
488 159 635 1373
491 160 635 1333
491 161 635 483
493 162 635 993
501 163 635 1790
507 164 635 1638
512 165 635 1568
512 166 635 244
515 167 635 1241
517 168 635 966
517 169 635 323
523 170 635 1686
525 171 635 972
526 173 635 359
526 172 635 860
545 174 635 1918
545 175 635 264
545 176 635 483
550 177 635 1529
551 178 635 558
553 179 635 892
555 180 635 1119
558 181 635 1187
564 182 635 1643
570 183 635 1643
586 184 635 1911
587 185 635 843
590 186 635 1325
590 187 635 395
592 188 635 1015
596 189 635 1459
599 190 635 1270
618 192 635 33
618 191 635 1919
621 193 635 1290
622 194 635 731
625 195 635 1288
629 196 635 1380
631 197 635 1136
638 198 635 1695
650 199 635 1872
654 200 635 1440
658 201 635 1470
659 202 635 754
663 203 635 1386
665 204 635 1137
669 205 635 1346
670 206 635 788
674 207 635 1446
679 208 635 1503
680 209 635 527
683 210 635 1167
686 211 635 1189
690 212 635 1426
693 213 635 1215
693 214 635 254
693 215 635 145
694 216 635 764
697 217 635 1275
706 218 635 1804
707 220 635 243
707 219 635 795
715 221 635 1773
715 222 635 226
719 223 635 1432
721 224 635 978
728 225 635 1691
730 226 635 938
734 227 635 1494
739 228 635 1552
740 229 635 629
741 230 635 809
744 231 635 1271
752 232 635 1758
753 233 635 610
757 234 635 1377
762 235 635 1573
762 236 635 433
762 237 635 257
763 238 635 506
764 240 635 54
764 239 635 564
773 241 635 1803
774 242 635 816
774 243 635 487
774 244 635 292
774 245 635 80
774 246 635 493
775 247 635 743
777 248 635 1036
778 249 635 586
779 250 635 524
779 251 635 105
782 252 635 1257
784 253 635 900
790 254 635 1629
795 255 635 1591
798 256 635 1243
801 258 635 408
801 257 635 1246
805 259 635 1370
805 260 635 407
808 261 635 1219
817 262 635 1819
819 263 635 873
825 264 635 1642
834 265 635 1821
838 266 635 1355
839 267 635 815
847 268 635 1763
848 269 635 605
854 270 635 1636
855 271 635 507
856 272 635 769
859 273 635 1239
860 274 635 740
860 275 635 364
862 276 635 956
868 277 635 1663
870 278 635 1140
872 279 635 897
875 280 635 1198
875 281 635 195
875 282 635 457
877 283 635 966
877 284 635 105
878 285 635 704
878 286 635 14
879 287 635 858
881 288 635 906
888 289 635 1710
888 290 635 330
890 291 635 1112
898 292 635 1773
900 293 635 1060
900 294 635 157
901 295 635 759
917 296 635 1909
928 297 635 1868
929 298 635 770
929 299 635 396
930 300 635 650
935 301 635 1603
937 302 635 904
937 303 635 431
939 304 635 874
939 305 635 16
942 306 635 1260
