1 0 88 768
3 1 88 972
6 2 88 1143
6 3 88 243
9 4 88 1245
13 5 88 1403
17 6 88 1479
17 7 88 233
21 8 88 1457
24 9 88 1228
26 10 88 971
27 11 88 796
32 12 88 1566
33 13 88 647
36 14 88 1252
38 15 88 1020
42 16 88 1432
46 17 88 1449
50 18 88 1347
51 19 88 692
51 20 88 195
56 21 88 1577
60 22 88 1484
61 23 88 743
62 24 88 838
64 25 88 1053
66 26 88 925
68 27 88 1004
71 28 88 1322
71 29 88 428
71 30 88 54
78 31 88 1694
86 32 88 1772
86 33 88 487
86 34 88 470
89 35 88 1314
91 36 88 1077
94 37 88 1233
100 38 88 1629
100 39 88 329
109 40 88 1815
111 41 88 1114
113 42 88 1090
113 43 88 4
113 44 88 31
120 45 88 1699
121 46 88 847
126 47 88 1587
128 48 88 901
130 49 88 920
134 50 88 1347
135 51 88 645
135 52 88 376
136 53 88 667
140 54 88 1366
142 55 88 1115
146 57 88 399
146 56 88 1413
149 58 88 1329
149 59 88 192
149 60 88 478
149 61 88 474
150 62 88 835
152 63 88 1028
155 64 88 1173
158 65 88 1201
160 66 88 949
162 67 88 1079
162 68 88 176
173 69 88 1863
184 70 88 1867
184 71 88 198
191 72 88 1745
193 73 88 1017
194 74 88 801
196 76 88 487
196 75 88 1006
200 77 88 1480
201 78 88 712
203 79 88 1064
203 80 88 205
206 81 88 1262
206 82 88 103
206 83 88 401
208 84 88 1006
211 85 88 1333
214 86 88 1317
216 87 88 1105
218 88 88 1046
221 89 88 1279
230 90 88 1826
231 91 88 677
240 92 88 1828
244 93 88 1437
252 94 88 1776
255 95 88 1340
255 96 88 278
255 97 88 61
256 98 88 755
257 99 88 754
258 100 88 749
265 101 88 1693
269 102 88 1411
271 103 88 962
273 104 88 978
276 105 88 1148
277 106 88 825
280 107 88 1283
288 108 88 1790
288 109 88 360
289 110 88 628
300 111 88 1858
306 112 88 1612
306 113 88 265
322 114 88 1911
324 115 88 1140
324 116 88 370
324 117 88 434
324 118 88 22
332 119 88 1765
341 120 88 1808
349 121 88 1769
349 122 88 33
350 124 88 37
350 123 88 821
353 125 88 1189
353 126 88 295
353 127 88 308
356 128 88 1166
360 129 88 1385
361 130 88 727
361 131 88 425
362 132 88 724
374 133 88 1882
374 134 88 314
374 135 88 437
382 136 88 1776
384 137 88 1065
388 138 88 1348
396 139 88 1783
397 141 88 34
397 140 88 508
400 142 88 1239
401 143 88 685
402 144 88 651
415 145 88 1892
417 146 88 990
422 147 88 1563
426 148 88 1450
427 149 88 635
429 150 88 970
437 151 88 1769
437 152 88 38
439 153 88 914
441 154 88 870
443 155 88 905
449 156 88 1660
450 157 88 589
452 158 88 925
459 159 88 1713
460 160 88 852
461 162 88 117
461 163 88 404
461 161 88 516
466 164 88 1557
466 165 88 203
468 166 88 1133
474 167 88 1654
486 168 88 1875
490 169 88 1474
493 170 88 1289
496 171 88 1230
498 173 88 164
498 172 88 1010
501 174 88 1257
509 175 88 1774
510 176 88 529
513 177 88 1272
513 178 88 170
513 179 88 69
513 180 88 198
514 181 88 657
515 182 88 783
516 183 88 530
516 184 88 415
518 185 88 882
518 186 88 386
525 187 88 1734
527 188 88 1012
530 189 88 1334
531 190 88 701
534 192 88 140
534 191 88 1186
539 193 88 1560
541 194 88 930
558 195 88 1916
568 196 88 1841
569 197 88 835
571 198 88 1052
571 199 88 447
572 200 88 759
575 201 88 1261
581 202 88 1612
595 203 88 1900
598 204 88 1271
604 205 88 1664
605 206 88 759
614 207 88 1799
619 208 88 1582
621 212 88 418
621 211 88 387
621 209 88 1020
621 210 88 376
622 213 88 855
627 214 88 1514
627 215 88 194
633 216 88 1658
638 217 88 1512
655 218 88 1913
656 219 88 675
663 220 88 1741
666 221 88 1323
667 222 88 642
668 223 88 540
669 224 88 772
669 225 88 102
671 226 88 1090
675 227 88 1375
678 228 88 1158
681 229 88 1266
692 230 88 1858
698 231 88 1618
698 232 88 219
704 233 88 1647
707 234 88 1235
708 235 88 862
710 236 88 969
711 237 88 807
714 238 88 1184
715 240 88 123
715 239 88 675
716 241 88 512
716 242 88 152
733 243 88 1916
735 244 88 958
735 245 88 313
736 246 88 768
739 248 88 45
739 247 88 1209
740 251 88 329
740 249 88 735
740 250 88 257
741 252 88 846
741 253 88 377
742 254 88 631
746 255 88 1360
747 256 88 618
749 257 88 1071
751 258 88 1127
754 259 88 1168
755 260 88 574
758 261 88 1308
759 262 88 640
759 263 88 316
761 264 88 1087
762 266 88 168
762 265 88 682
763 267 88 695
768 268 88 1545
769 269 88 651
772 270 88 1149
773 271 88 851
773 272 88 328
776 273 88 1238
777 274 88 551
780 275 88 1228
783 276 88 1171
784 277 88 651
789 278 88 1507
789 279 88 458
792 280 88 1259
801 281 88 1805
804 282 88 1330
804 283 88 422
806 284 88 1009
811 285 88 1528
812 286 88 772
820 287 88 1766
822 288 88 1016
831 289 88 1799
831 290 88 244
840 291 88 1823
845 292 88 1604
845 293 88 15
845 294 88 101
846 295 88 739
855 296 88 1796
863 297 88 1761
864 298 88 828
864 299 88 275
864 300 88 145
864 301 88 72
869 302 88 1588
872 303 88 1318
877 304 88 1510
880 305 88 1330
880 306 88 1
