2 0 624 898
3 1 624 576
3 2 624 121
3 3 624 471
4 4 624 740
7 5 624 1174
8 6 624 583
11 7 624 1286
13 8 624 1079
17 9 624 1364
17 10 624 481
21 11 624 1398
22 12 624 794
24 13 624 920
31 14 624 1732
32 15 624 554
32 16 624 334
33 17 624 639
36 18 624 1290
41 19 624 1565
43 20 624 894
46 21 624 1219
48 22 624 964
49 23 624 679
53 24 624 1401
53 25 624 125
58 26 624 1531
59 27 624 755
60 28 624 685
60 29 624 227
66 30 624 1676
67 31 624 737
68 32 624 698
71 33 624 1166
78 34 624 1749
78 35 624 156
78 36 624 84
80 37 624 908
83 38 624 1234
84 39 624 629
88 40 624 1357
88 41 624 312
90 42 624 1116
94 43 624 1378
99 44 624 1513
109 45 624 1848
116 48 624 377
116 46 624 1734
116 47 624 316
118 49 624 1102
124 50 624 1671
127 51 624 1256
134 52 624 1732
141 53 624 1710
149 54 624 1781
154 55 624 1603
159 56 624 1536
163 57 624 1367
165 58 624 994
166 59 624 615
171 60 624 1568
179 61 624 1752
180 62 624 600
181 63 624 851
187 64 624 1613
193 65 624 1668
194 66 624 699
199 67 624 1553
201 68 624 1096
206 69 624 1575
206 70 624 470
210 71 624 1350
213 72 624 1329
214 73 624 660
214 74 624 208
215 76 624 103
215 75 624 581
220 77 624 1511
222 78 624 1091
226 79 624 1477
226 80 624 316
229 81 624 1214
229 82 624 378
234 84 624 480
234 85 624 419
234 83 624 1508
236 86 624 930
238 87 624 913
241 88 624 1310
241 89 624 145
242 90 624 544
243 91 624 641
253 92 624 1838
254 93 624 619
256 94 624 986
261 95 624 1530
267 96 624 1636
267 97 624 264
274 98 624 1689
282 99 624 1769
285 100 624 1149
285 101 624 180
288 102 624 1145
289 103 624 726
290 105 624 320
290 104 624 631
300 106 624 1851
302 107 624 1071
307 108 624 1502
310 109 624 1199
315 110 624 1500
315 111 624 25
315 112 624 275
319 115 624 353
319 114 624 298
319 113 624 1441
323 116 624 1373
325 117 624 1017
325 118 624 371
328 119 624 1193
329 120 624 738
336 121 624 1711
336 122 624 242
338 123 624 950
340 124 624 1031
348 125 624 1753
352 126 624 1436
353 127 624 710
358 128 624 1599
359 129 624 603
361 130 624 869
369 131 624 1764
376 132 624 1746
379 136 624 69
379 135 624 135
379 133 624 1246
379 134 624 328
384 137 624 1576
386 138 624 876
386 139 624 159
386 140 624 493
394 141 624 1783
397 142 624 1336
397 143 624 110
398 144 624 570
399 145 624 519
399 146 624 366
399 147 624 396
399 148 624 320
400 150 624 156
400 149 624 632
401 151 624 619
410 153 624 496
410 152 624 1818
412 154 624 1031
416 155 624 1362
427 156 624 1862
427 157 624 194
433 158 624 1620
434 159 624 802
435 160 624 809
437 161 624 1140
441 162 624 1397
443 163 624 898
443 164 624 329
449 165 624 1660
449 166 624 203
451 167 624 954
453 168 624 1113
453 169 624 162
453 170 624 284
460 173 624 211
460 171 624 1721
460 172 624 140
461 174 624 700
463 175 624 880
463 176 624 375
463 177 624 131
463 178 624 379
464 179 624 512
468 180 624 1387
470 181 624 1039
470 182 624 390
472 183 624 966
472 184 624 446
472 185 624 249
483 186 624 1870
486 187 624 1250
486 188 624 215
488 189 624 891
488 190 624 197
497 191 624 1799
509 192 624 1881
509 193 624 73
512 194 624 1275
515 195 624 1277
515 196 624 386
515 197 624 437
522 198 624 1706
523 200 624 315
523 199 624 834
526 201 624 1336
529 202 624 1208
529 203 624 157
529 204 624 348
529 205 624 359
529 206 624 479
535 207 624 1607
542 208 624 1721
542 209 624 150
544 210 624 987
551 211 624 1730
558 212 624 1740
560 213 624 1108
563 214 624 1340
570 215 624 1694
571 216 624 750
571 217 624 430
571 218 624 452
571 219 624 79
578 220 624 1714
580 221 624 878
581 222 624 738
581 223 624 222
594 224 624 1889
594 225 624 410
602 226 624 1764
602 227 624 66
603 228 624 860
607 230 624 493
607 229 624 1347
618 231 624 1863
618 232 624 350
622 233 624 1470
622 234 624 196
622 235 624 50
630 236 624 1756
630 237 624 232
631 239 624 87
631 238 624 618
638 240 624 1695
638 241 624 263
642 242 624 1453
642 243 624 64
651 246 624 59
651 244 624 1828
651 245 624 391
652 247 624 773
653 248 624 658
658 249 624 1506
659 250 624 527
671 251 624 1881
687 252 624 1909
693 253 624 1626
695 254 624 1044
699 255 624 1362
700 256 624 597
702 258 624 193
702 257 624 986
713 259 624 1863
714 260 624 519
714 261 624 413
715 262 624 746
715 263 624 374
720 264 624 1582
722 265 624 1049
726 267 624 269
726 266 624 1380
728 268 624 911
731 269 624 1289
742 270 624 1863
743 271 624 518
750 272 624 1736
750 273 624 365
750 274 624 309
754 275 624 1451
758 276 624 1350
759 277 624 674
759 278 624 318
764 279 624 1497
764 280 624 350
766 281 624 991
769 282 624 1332
772 283 624 1279
773 284 624 820
774 285 624 537
786 286 624 1878
787 287 624 649
787 288 624 425
788 289 624 759
792 290 624 1378
793 291 624 769
793 292 624 39
794 293 624 680
798 294 624 1492
801 295 624 1281
805 296 624 1442
807 297 624 1079
807 298 624 407
808 299 624 778
810 300 624 936
817 301 624 1714
825 302 624 1787
828 303 624 1294
833 305 624 9
833 304 624 1568
833 306 624 144
