0 0 748 140
3 1 748 1259
8 2 748 1559
11 3 748 1165
11 4 748 493
11 5 748 163
12 6 748 610
12 7 748 171
14 8 748 942
21 9 748 1725
22 10 748 832
29 11 748 1741
30 12 748 530
32 13 748 1043
39 14 748 1718
40 15 748 805
41 16 748 507
42 17 748 638
43 18 748 842
46 19 748 1182
49 20 748 1313
60 21 748 1862
64 22 748 1448
67 23 748 1327
67 24 748 441
73 25 748 1657
77 26 748 1418
78 27 748 567
79 28 748 788
81 29 748 881
81 30 748 317
81 31 748 452
88 32 748 1720
94 33 748 1681
94 34 748 391
102 35 748 1762
102 36 748 252
108 37 748 1629
110 38 748 874
111 39 748 534
114 40 748 1210
117 41 748 1190
120 42 748 1186
120 43 748 13
123 44 748 1145
123 45 748 231
133 47 748 155
133 46 748 1840
136 48 748 1192
139 49 748 1183
147 50 748 1757
148 51 748 630
150 52 748 1134
155 53 748 1578
168 55 748 202
168 54 748 1891
175 57 748 232
175 56 748 1735
176 58 748 724
177 59 748 760
178 60 748 669
178 61 748 43
181 62 748 1308
181 63 748 61
185 65 748 380
185 66 748 21
185 64 748 1407
186 67 748 773
187 68 748 651
199 69 748 1880
200 70 748 553
201 71 748 802
208 72 748 1689
208 73 748 308
222 74 748 1896
222 75 748 122
223 76 748 676
227 77 748 1435
227 78 748 181
227 79 748 210
234 80 748 1742
237 81 748 1262
240 82 748 1299
245 83 748 1529
247 84 748 1048
253 85 748 1612
256 86 748 1242
256 87 748 141
263 88 748 1715
263 89 748 188
263 90 748 26
263 91 748 19
265 92 748 905
265 93 748 113
273 94 748 1789
276 95 748 1167
285 96 748 1806
287 97 748 1125
288 98 748 530
289 99 748 764
289 100 748 210
291 101 748 1066
295 102 748 1429
298 103 748 1236
299 104 748 630
301 105 748 955
302 106 748 866
303 107 748 826
309 108 748 1607
317 109 748 1768
321 110 748 1451
321 111 748 300
321 112 748 50
322 113 748 513
324 114 748 943
327 115 748 1332
328 116 748 668
335 117 748 1704
337 118 748 937
344 119 748 1720
346 120 748 1063
355 121 748 1804
357 123 748 462
357 122 748 983
368 124 748 1854
369 125 748 533
378 126 748 1821
383 127 748 1576
383 128 748 443
384 129 748 729
384 130 748 241
388 131 748 1475
390 132 748 904
393 133 748 1341
424 134 748 1924
425 135 748 675
433 136 748 1758
433 137 748 63
435 138 748 898
435 139 748 93
436 140 748 745
436 141 748 416
436 142 748 459
447 143 748 1871
448 144 748 662
454 145 748 1651
467 146 748 1893
467 147 748 392
469 148 748 1094
469 149 748 457
470 150 748 499
470 151 748 102
470 152 748 188
471 153 748 734
477 154 748 1626
477 155 748 331
477 156 748 83
479 157 748 966
482 158 748 1307
482 159 748 97
484 160 748 1059
487 162 748 383
487 161 748 1215
489 163 748 877
494 164 748 1527
508 165 748 1900
511 166 748 1321
512 167 748 634
513 168 748 513
513 169 748 268
518 170 748 1498
519 171 748 605
520 172 748 805
521 173 748 844
523 174 748 975
524 175 748 646
527 176 748 1344
529 177 748 1037
536 178 748 1725
536 179 748 202
537 180 748 564
541 182 748 481
541 181 748 1428
557 183 748 1910
557 184 748 229
557 185 748 139
560 186 748 1287
560 187 748 169
566 188 748 1639
571 189 748 1593
572 190 748 592
573 191 748 792
574 192 748 680
575 193 748 801
577 194 748 958
581 195 748 1455
581 196 748 33
586 197 748 1506
586 198 748 343
587 200 748 329
587 199 748 687
590 201 748 1259
599 202 748 1803
600 203 748 825
602 204 748 883
611 205 748 1819
614 206 748 1222
617 207 748 1268
623 208 748 1684
625 209 748 979
627 210 748 911
629 211 748 970
632 212 748 1166
634 213 748 1104
638 214 748 1457
643 215 748 1555
644 216 748 733
644 217 748 397
645 218 748 648
649 219 748 1388
650 220 748 613
653 221 748 1151
655 222 748 919
656 223 748 845
661 224 748 1601
662 225 748 706
672 226 748 1849
672 227 748 3
681 228 748 1810
685 229 748 1444
686 230 748 613
694 231 748 1762
695 232 748 693
697 233 748 1037
706 234 748 1798
709 235 748 1229
714 236 748 1550
719 237 748 1581
721 239 748 335
721 238 748 1026
722 240 748 841
722 241 748 18
722 242 748 410
723 243 748 660
724 244 748 682
729 245 748 1546
734 246 748 1550
739 247 748 1500
742 248 748 1269
745 249 748 1327
746 250 748 721
751 251 748 1560
752 252 748 858
754 253 748 880
754 254 748 73
756 255 748 1103
756 256 748 340
758 257 748 958
761 259 748 176
761 258 748 1149
774 260 748 1894
777 261 748 1218
781 262 748 1382
781 263 748 239
781 264 748 365
783 267 748 128
783 265 748 1073
783 266 748 276
786 270 748 5
786 268 748 1231
786 269 748 228
788 271 748 1077
791 272 748 1296
791 273 748 312
792 274 748 546
793 275 748 594
794 279 748 54
794 278 748 162
794 276 748 740
794 277 748 258
796 280 748 1080
796 281 748 348
797 282 748 659
797 283 748 483
798 284 748 722
800 285 748 978
802 286 748 904
809 287 748 1738
811 288 748 964
812 289 748 694
814 290 748 888
815 291 748 592
815 292 748 431
816 293 748 849
816 294 748 366
821 295 748 1548
822 296 748 560
822 297 748 170
822 298 748 294
827 299 748 1533
830 300 748 1269
834 301 748 1422
834 302 748 269
836 303 748 1040
839 304 748 1322
844 305 748 1569
844 306 748 264
