0 0 1615 94
5 1 1615 1520
8 2 1615 1237
11 3 1615 1156
15 4 1615 1481
17 5 1615 1109
19 6 1615 1015
19 7 1615 35
20 8 1615 760
28 9 1615 1753
32 10 1615 1476
37 11 1615 1533
49 12 1615 1880
51 13 1615 973
65 14 1615 1896
69 15 1615 1459
69 16 1615 178
70 18 1615 366
70 17 1615 590
75 19 1615 1538
75 20 1615 257
76 21 1615 591
82 22 1615 1617
84 23 1615 987
85 24 1615 796
92 25 1615 1748
101 26 1615 1814
102 27 1615 735
104 28 1615 1126
104 29 1615 397
105 30 1615 630
113 31 1615 1759
113 32 1615 320
119 33 1615 1674
124 34 1615 1525
128 35 1615 1360
130 36 1615 1002
133 39 1615 186
133 37 1615 1206
133 38 1615 234
135 40 1615 880
138 41 1615 1309
140 42 1615 937
140 43 1615 84
140 44 1615 133
141 45 1615 697
142 46 1615 865
145 47 1615 1308
147 48 1615 965
154 49 1615 1718
154 50 1615 386
154 51 1615 89
155 52 1615 641
155 53 1615 233
157 54 1615 918
161 55 1615 1428
170 58 1615 360
170 56 1615 1828
170 57 1615 250
176 59 1615 1657
179 60 1615 1220
179 61 1615 280
180 62 1615 834
180 63 1615 363
182 64 1615 1122
188 65 1615 1642
191 66 1615 1212
191 67 1615 206
195 68 1615 1372
196 70 1615 457
196 69 1615 535
198 72 1615 355
198 73 1615 180
198 71 1615 897
199 74 1615 658
201 75 1615 872
206 76 1615 1579
211 77 1615 1532
212 78 1615 853
212 79 1615 98
214 80 1615 883
215 81 1615 505
222 82 1615 1694
225 84 1615 10
225 83 1615 1332
226 85 1615 541
228 86 1615 1117
228 87 1615 87
229 88 1615 755
229 89 1615 96
233 90 1615 1457
234 91 1615 752
235 92 1615 845
236 93 1615 502
238 94 1615 890
239 95 1615 600
239 96 1615 475
240 97 1615 573
242 98 1615 887
242 99 1615 415
246 100 1615 1409
247 101 1615 658
258 103 1615 429
258 102 1615 1860
261 104 1615 1261
265 105 1615 1413
271 106 1615 1658
271 107 1615 461
276 108 1615 1500
276 109 1615 46
284 110 1615 1774
284 111 1615 295
287 113 1615 261
287 112 1615 1321
288 114 1615 773
289 115 1615 714
290 116 1615 510
294 117 1615 1426
294 118 1615 352
295 119 1615 581
296 120 1615 525
298 121 1615 1125
302 122 1615 1376
305 123 1615 1275
307 124 1615 1003
313 125 1615 1630
313 126 1615 52
321 127 1615 1778
324 128 1615 1214
324 129 1615 57
324 130 1615 397
326 131 1615 1005
327 133 1615 437
327 132 1615 645
328 134 1615 614
328 135 1615 225
329 136 1615 570
332 137 1615 1265
332 138 1615 71
333 139 1615 522
334 140 1615 808
335 141 1615 656
336 142 1615 512
337 143 1615 709
337 144 1615 247
340 145 1615 1162
344 146 1615 1355
345 147 1615 583
351 149 1615 175
351 150 1615 89
351 148 1615 1653
353 152 1615 221
353 153 1615 306
353 151 1615 974
362 154 1615 1815
362 155 1615 284
365 156 1615 1207
366 157 1615 584
370 158 1615 1351
375 159 1615 1555
379 160 1615 1360
388 161 1615 1804
391 162 1615 1171
395 163 1615 1442
400 164 1615 1573
401 165 1615 769
406 166 1615 1574
408 167 1615 884
413 168 1615 1572
414 169 1615 548
414 170 1615 144
417 171 1615 1170
421 172 1615 1354
429 173 1615 1755
436 174 1615 1697
444 175 1615 1793
445 176 1615 612
446 177 1615 666
448 178 1615 1028
456 179 1615 1765
456 180 1615 274
460 182 1615 125
460 181 1615 1393
462 183 1615 1039
475 184 1615 1893
479 185 1615 1347
480 186 1615 784
480 187 1615 339
481 188 1615 546
481 189 1615 329
483 190 1615 942
499 191 1615 1911
509 192 1615 1838
509 193 1615 440
511 194 1615 1086
513 195 1615 928
517 196 1615 1409
519 197 1615 995
521 198 1615 1060
525 199 1615 1403
530 201 1615 471
530 200 1615 1512
532 202 1615 935
534 203 1615 1104
534 204 1615 31
535 205 1615 844
540 206 1615 1544
540 207 1615 391
541 208 1615 533
541 209 1615 22
546 210 1615 1596
547 211 1615 540
551 212 1615 1480
556 213 1615 1510
559 214 1615 1281
572 215 1615 1891
578 216 1615 1679
578 217 1615 132
582 218 1615 1474
582 219 1615 225
598 220 1615 1910
601 221 1615 1235
601 222 1615 337
604 223 1615 1242
609 224 1615 1531
609 225 1615 158
612 226 1615 1256
614 227 1615 913
615 228 1615 668
616 230 1615 383
616 229 1615 769
621 231 1615 1542
626 232 1615 1531
631 233 1615 1550
631 234 1615 253
638 235 1615 1728
638 236 1615 458
640 237 1615 945
642 238 1615 1007
644 239 1615 1048
651 240 1615 1728
651 241 1615 392
658 242 1615 1730
659 243 1615 524
660 244 1615 658
660 245 1615 401
660 246 1615 430
660 247 1615 328
662 248 1615 1084
664 249 1615 1119
667 250 1615 1173
670 251 1615 1277
674 252 1615 1446
675 253 1615 834
679 254 1615 1418
679 255 1615 276
679 256 1615 134
685 257 1615 1617
690 258 1615 1498
699 259 1615 1798
704 260 1615 1513
705 261 1615 631
711 262 1615 1647
717 263 1615 1688
722 264 1615 1563
722 265 1615 53
724 266 1615 934
735 267 1615 1855
738 268 1615 1256
742 269 1615 1477
746 270 1615 1433
747 271 1615 733
749 272 1615 1049
749 273 1615 425
749 274 1615 422
754 275 1615 1517
758 276 1615 1429
765 277 1615 1737
766 278 1615 584
768 279 1615 1129
774 280 1615 1653
776 281 1615 927
784 282 1615 1754
788 283 1615 1473
793 284 1615 1520
795 286 1615 96
795 285 1615 1031
796 287 1615 696
796 288 1615 132
810 289 1615 1901
815 290 1615 1594
816 291 1615 765
820 292 1615 1371
822 293 1615 1134
826 294 1615 1460
828 295 1615 1097
829 296 1615 670
829 297 1615 42
831 298 1615 886
832 299 1615 604
836 300 1615 1392
837 301 1615 499
839 302 1615 996
844 303 1615 1531
850 305 1615 440
850 304 1615 1611
850 306 1615 227
