0 0 24 466
0 384 24 1175
0 387 24 436
0 386 24 12
0 385 24 35
2 389 24 398
2 388 24 981
5 390 24 1309
5 1 24 1565
7 392 24 238
7 391 24 963
10 393 24 1237
11 394 24 822
11 395 24 409
12 396 24 849
13 3 24 269
13 2 24 1752
16 4 24 1332
18 5 24 1011
18 398 24 62
18 397 24 1689
22 399 24 1489
25 400 24 1241
25 6 24 1735
28 401 24 1287
28 7 24 1145
29 9 24 131
29 8 24 796
32 402 24 1385
35 10 24 1608
45 11 24 1845
45 12 24 300
45 404 24 290
45 403 24 1894
46 406 24 426
46 405 24 825
47 13 24 964
48 407 24 918
48 14 24 708
48 15 24 378
49 408 24 797
52 16 24 1434
52 17 24 334
52 18 24 411
54 20 24 353
54 409 24 1558
54 19 24 1062
54 411 24 441
54 410 24 444
55 21 24 788
58 412 24 1446
61 22 24 1630
64 23 24 1221
65 413 24 1726
65 414 24 392
68 24 24 1444
69 415 24 1477
71 416 24 975
72 417 24 650
72 418 24 74
74 25 24 1633
77 419 24 1580
78 420 24 515
78 421 24 475
79 422 24 690
79 423 24 274
81 27 24 347
81 26 24 1701
83 28 24 910
87 424 24 1783
87 425 24 142
87 29 24 1460
87 30 24 382
88 426 24 524
89 31 24 895
89 32 24 52
101 427 24 1892
102 428 24 540
103 429 24 522
103 33 24 1896
106 430 24 1323
106 34 24 1144
107 35 24 557
107 36 24 183
108 431 24 944
109 432 24 666
110 37 24 1170
112 38 24 1066
113 39 24 729
114 40 24 801
115 43 24 164
115 42 24 248
115 41 24 739
123 44 24 1789
125 46 24 472
125 45 24 1102
126 47 24 547
127 433 24 1917
134 434 24 1693
135 436 24 377
135 435 24 639
138 48 24 1872
138 437 24 1308
149 438 24 1861
149 439 24 349
152 49 24 1900
154 440 24 1533
156 441 24 1018
161 442 24 1564
161 50 24 1822
165 443 24 1347
167 51 24 1653
170 52 24 1155
171 53 24 532
175 54 24 1482
177 444 24 1879
178 445 24 867
180 55 24 1603
182 446 24 1442
182 447 24 436
183 448 24 844
186 449 24 1270
190 451 24 198
190 450 24 1358
191 56 24 1859
192 57 24 530
193 58 24 750
196 452 24 1614
196 453 24 406
198 454 24 973
199 455 24 766
199 59 24 1623
200 456 24 597
202 458 24 110
202 459 24 148
202 457 24 1111
202 461 24 459
202 462 24 378
202 463 24 274
202 464 24 235
202 60 24 1234
202 460 24 300
206 61 24 1388
206 62 24 235
206 465 24 1424
209 63 24 1260
213 466 24 1700
215 64 24 1674
216 65 24 712
217 467 24 1453
217 468 24 33
223 469 24 1677
224 66 24 1793
224 67 24 329
225 470 24 1099
230 471 24 1592
231 68 24 1744
231 69 24 150
231 70 24 195
231 71 24 264
231 472 24 714
234 72 24 1192
237 474 24 47
237 473 24 1650
240 74 24 260
240 73 24 1607
241 475 24 1421
242 476 24 836
245 477 24 1267
245 478 24 320
245 75 24 1538
246 76 24 539
247 479 24 916
248 481 24 88
248 480 24 624
250 482 24 1047
250 77 24 1466
253 483 24 1194
254 78 24 1357
254 79 24 341
255 484 24 1089
257 485 24 1124
257 80 24 1161
260 82 24 400
260 486 24 1255
260 487 24 260
260 81 24 1153
262 83 24 935
262 488 24 943
264 490 24 42
264 489 24 927
267 491 24 1190
267 84 24 1563
268 85 24 654
270 492 24 1197
274 86 24 1665
277 494 24 49
277 493 24 1712
278 87 24 1444
278 88 24 414
279 495 24 1074
280 496 24 639
282 89 24 1466
283 497 24 1289
283 90 24 622
285 498 24 1111
285 499 24 454
287 500 24 1092
288 92 24 420
288 91 24 1577
292 93 24 1367
296 94 24 1420
299 95 24 1338
300 96 24 504
302 97 24 912
302 98 24 415
304 501 24 1913
304 502 24 402
304 99 24 1076
306 503 24 1092
306 504 24 171
307 100 24 1234
307 101 24 143
308 102 24 728
313 505 24 1691
315 103 24 1722
317 506 24 1409
322 104 24 1704
327 105 24 1557
327 106 24 460
330 507 24 1889
330 508 24 359
331 108 24 271
331 107 24 1473
334 509 24 1476
342 109 24 1868
344 111 24 393
344 110 24 1063
345 510 24 1855
346 115 24 80
346 112 24 1098
346 114 24 462
346 113 24 408
348 116 24 987
348 511 24 1254
349 512 24 791
351 117 24 1224
351 513 24 1119
355 515 24 212
355 514 24 1449
357 118 24 1622
358 516 24 1337
359 119 24 1019
360 517 24 1109
361 121 24 348
361 120 24 972
362 518 24 1110
364 520 24 169
364 519 24 1035
368 521 24 1440
369 522 24 510
371 523 24 1030
371 123 24 277
371 122 24 1839
375 124 24 1452
376 125 24 542
377 524 24 1635
384 126 24 1769
387 525 24 1833
387 526 24 394
389 527 24 926
391 127 24 1750
391 128 24 187
392 129 24 847
394 130 24 1033
394 528 24 1600
396 529 24 897
397 530 24 782
399 131 24 1552
401 531 24 1471
401 532 24 156
401 133 24 280
401 132 24 1050
403 134 24 1031
405 136 24 425
405 135 24 1017
406 137 24 603
409 533 24 1790
409 141 24 192
409 140 24 193
409 139 24 5
409 138 24 1156
412 144 24 403
412 143 24 470
412 142 24 1172
412 147 24 11
412 145 24 229
412 146 24 479
414 148 24 904
416 534 24 1749
417 150 24 350
417 149 24 1339
417 535 24 635
420 151 24 1205
423 152 24 1214
423 536 24 1610
426 153 24 1320
426 154 24 104
428 155 24 885
428 156 24 228
428 157 24 450
428 158 24 270
431 159 24 1161
435 537 24 1880
437 538 24 1022
438 160 24 1713
439 161 24 635
440 539 24 1322
442 162 24 1286
446 163 24 1349
446 540 24 1640
447 164 24 834
449 541 24 1290
451 165 24 1436
454 166 24 1267
455 167 24 817
458 168 24 1301
458 542 24 1826
462 543 24 1391
462 169 24 1370
464 544 24 997
465 545 24 712
465 546 24 399
465 547 24 78
465 548 24 263
467 170 24 1579
467 171 24 384
467 172 24 67
473 549 24 1761
473 173 24 1617
474 174 24 825
475 175 24 779
477 176 24 1101
479 550 24 1662
481 177 24 1368
483 552 24 179
483 553 24 76
483 554 24 285
483 551 24 1455
488 555 24 1576
490 178 24 1798
492 556 24 1403
493 179 24 1222
493 180 24 63
495 557 24 1297
499 559 24 262
499 558 24 1381
501 181 24 1757
502 561 24 482
502 182 24 845
502 560 24 1297
502 562 24 288
503 184 24 497
503 183 24 772
506 563 24 1386
507 564 24 694
507 565 24 383
509 566 24 1098
511 185 24 1753
511 186 24 337
511 567 24 925
514 568 24 1295
515 569 24 813
516 570 24 526
517 187 24 1655
517 188 24 175
517 189 24 146
518 190 24 788
520 571 24 1381
520 572 24 86
527 573 24 1713
530 574 24 1319
531 575 24 803
532 191 24 1900
532 192 24 332
536 576 24 1539
538 577 24 1043
538 578 24 33
540 579 24 922
544 581 24 315
544 580 24 1434
545 582 24 662
551 194 24 217
551 193 24 1919
553 583 24 1763
555 195 24 1482
556 196 24 831
556 584 24 1160
559 585 24 1251
562 586 24 1292
562 587 24 79
563 197 24 1748
567 589 24 172
567 588 24 1505
568 198 24 1560
570 592 24 498
570 591 24 313
570 590 24 1157
570 199 24 892
571 594 24 24
571 593 24 760
572 200 24 886
574 595 24 1158
576 597 24 439
576 596 24 1002
577 598 24 697
577 201 24 1586
578 202 24 634
578 599 24 613
582 203 24 1459
583 600 24 1539
587 601 24 1398
588 602 24 707
588 204 24 1684
592 603 24 1375
595 605 24 280
595 604 24 1235
599 607 24 390
599 606 24 1369
600 608 24 681
601 205 24 1890
603 206 24 1137
604 610 24 37
604 611 24 360
604 609 24 1406
607 613 24 458
607 612 24 1263
608 207 24 1522
608 208 24 494
611 209 24 1249
618 210 24 1709
619 211 24 784
620 212 24 576
622 213 24 972
624 214 24 1097
636 215 24 1880
643 216 24 1715
644 217 24 513
645 218 24 851
647 219 24 1006
649 220 24 1098
654 221 24 1537
655 222 24 641
658 223 24 1155
659 224 24 581
664 225 24 1604
664 226 24 51
664 227 24 73
668 228 24 1399
671 229 24 1267
683 230 24 1873
686 231 24 1278
693 232 24 1733
695 235 24 401
695 234 24 336
695 233 24 906
697 236 24 1123
700 237 24 1310
702 238 24 1013
703 239 24 532
704 240 24 615
705 241 24 739
708 242 24 1160
709 245 24 3
709 244 24 361
709 243 24 850
712 246 24 1323
715 247 24 1285
716 248 24 821
716 249 24 262
723 250 24 1692
723 251 24 317
725 252 24 897
726 253 24 554
733 254 24 1718
736 255 24 1273
738 256 24 944
742 257 24 1403
744 258 24 877
744 259 24 79
754 260 24 1838
756 261 24 1064
756 262 24 122
759 263 24 1152
762 264 24 1301
762 265 24 430
764 266 24 976
769 267 24 1595
770 268 24 635
771 269 24 695
772 270 24 756
772 271 24 404
776 272 24 1424
776 274 24 390
776 275 24 359
776 276 24 377
776 273 24 318
783 277 24 1716
784 278 24 793
785 279 24 578
785 280 24 281
786 281 24 691
789 282 24 1176
791 283 24 1137
796 284 24 1500
801 285 24 1556
801 286 24 381
804 287 24 1178
806 288 24 1113
808 289 24 987
812 290 24 1382
818 291 24 1644
818 292 24 432
820 293 24 934
821 294 24 619
825 295 24 1476
826 296 24 616
826 297 24 8
830 298 24 1474
841 299 24 1856
843 300 24 951
849 301 24 1652
850 302 24 650
850 303 24 125
854 304 24 1430
857 305 24 1287
858 306 24 818
859 307 24 578
859 308 24 164
863 309 24 1359
865 310 24 896
868 311 24 1153
869 312 24 609
869 313 24 299
876 314 24 1722
879 315 24 1147
888 316 24 1813
890 317 24 910
895 318 24 1576
901 319 24 1669
901 320 24 49
908 321 24 1723
908 322 24 482
913 323 24 1572
916 324 24 1238
918 325 24 1036
932 326 24 1896
932 327 24 489
938 328 24 1624
939 329 24 838
945 330 24 1667
945 331 24 369
945 332 24 241
946 333 24 862
951 334 24 1551
952 335 24 554
952 336 24 41
954 337 24 1050
960 338 24 1631
960 339 24 213
961 340 24 737
968 341 24 1727
970 342 24 1014
976 344 24 91
976 345 24 228
976 343 24 1678
978 346 24 1034
978 347 24 133
980 348 24 1137
984 349 24 1396
989 350 24 1588
995 351 24 1631
995 352 24 356
1002 353 24 1729
1011 354 24 1806
1014 355 24 1153
1017 356 24 1170
1019 357 24 1002
1020 358 24 812
1020 359 24 394
1023 360 24 1315
1023 361 24 328
1025 362 24 878
1028 363 24 1250
1034 364 24 1616
1035 365 24 527
1037 366 24 912
1043 367 24 1672
1044 368 24 672
1047 369 24 1167
1049 370 24 1105
1050 371 24 762
1053 372 24 1204
1057 373 24 1363
1059 374 24 932
1059 375 24 247
1060 376 24 708
1061 377 24 728
1065 378 24 1481
1067 379 24 1010
1067 380 24 2
1075 381 24 1763
1078 383 24 227
1078 382 24 1277
