0 0 15 109
0 1 15 149
15 2 15 1903
19 3 15 1425
19 4 15 203
21 5 15 897
24 6 15 1214
26 7 15 897
31 8 15 1500
33 9 15 936
34 10 15 803
34 11 15 15
35 12 15 752
36 13 15 797
38 14 15 953
39 15 15 548
39 16 15 496
42 19 15 239
42 18 15 71
42 17 15 1220
45 20 15 1343
45 21 15 325
46 22 15 806
51 23 15 1573
63 24 15 1884
70 25 15 1714
72 27 15 38
72 26 15 945
73 28 15 722
85 29 15 1878
85 30 15 392
89 31 15 1445
89 32 15 333
93 33 15 1428
102 34 15 1807
103 35 15 735
103 36 15 156
106 37 15 1152
116 38 15 1835
117 39 15 603
117 40 15 104
121 41 15 1402
127 42 15 1661
130 43 15 1262
130 44 15 177
147 46 15 484
147 47 15 260
147 45 15 1913
149 48 15 968
149 49 15 345
152 50 15 1157
152 51 15 60
157 52 15 1589
158 53 15 525
158 54 15 284
165 55 15 1709
168 57 15 330
168 56 15 1267
172 58 15 1466
172 59 15 413
184 60 15 1876
187 61 15 1176
187 62 15 175
192 63 15 1547
193 64 15 543
196 65 15 1282
201 66 15 1606
204 67 15 1249
206 68 15 914
206 69 15 217
206 70 15 392
209 71 15 1269
212 72 15 1310
216 73 15 1392
216 74 15 135
227 75 15 1865
228 76 15 588
232 77 15 1469
236 78 15 1395
249 79 15 1895
252 80 15 1230
253 81 15 684
255 82 15 994
255 83 15 377
256 85 15 332
256 84 15 721
264 86 15 1781
271 87 15 1733
274 88 15 1143
274 89 15 98
278 90 15 1393
286 91 15 1751
292 92 15 1610
296 93 15 1421
297 94 15 651
298 95 15 852
301 96 15 1226
301 97 15 114
302 98 15 719
303 99 15 820
303 100 15 307
306 101 15 1159
309 102 15 1271
310 103 15 750
322 104 15 1878
331 105 15 1812
332 106 15 675
332 107 15 196
332 108 15 389
332 109 15 344
334 110 15 1121
341 111 15 1722
342 112 15 860
347 113 15 1496
349 114 15 1108
352 115 15 1192
352 116 15 181
359 117 15 1723
360 118 15 825
360 119 15 211
364 120 15 1426
373 121 15 1798
373 122 15 105
374 123 15 816
375 124 15 749
376 125 15 565
381 126 15 1584
390 127 15 1813
391 128 15 740
394 129 15 1207
395 130 15 638
395 131 15 473
396 132 15 750
397 133 15 574
402 134 15 1588
402 135 15 70
405 136 15 1338
405 137 15 244
405 138 15 424
406 139 15 833
411 140 15 1581
416 141 15 1584
419 142 15 1343
420 143 15 799
422 144 15 902
427 145 15 1595
429 146 15 890
429 147 15 114
429 148 15 313
433 149 15 1384
434 150 15 671
438 151 15 1428
441 152 15 1213
442 153 15 507
445 154 15 1319
445 155 15 433
447 156 15 1053
447 157 15 455
447 158 15 0
450 159 15 1312
450 160 15 228
451 161 15 786
455 162 15 1381
457 163 15 1107
463 164 15 1630
464 165 15 647
466 166 15 972
466 167 15 285
476 168 15 1832
478 169 15 1037
486 170 15 1778
497 171 15 1861
500 172 15 1299
518 173 15 1916
519 174 15 554
527 175 15 1766
527 176 15 454
530 177 15 1231
540 178 15 1839
542 179 15 1078
547 180 15 1600
551 181 15 1469
556 182 15 1499
559 183 15 1281
560 184 15 536
562 185 15 1135
565 186 15 1184
565 187 15 242
568 188 15 1180
571 189 15 1154
573 190 15 941
575 192 15 243
575 191 15 883
577 193 15 1037
578 194 15 605
579 195 15 795
579 196 15 203
579 197 15 236
581 198 15 1093
581 199 15 254
582 200 15 623
583 202 15 206
583 201 15 605
586 203 15 1201
591 204 15 1530
592 205 15 734
592 206 15 129
595 207 15 1221
607 208 15 1878
611 209 15 1477
626 210 15 1903
633 211 15 1747
634 212 15 540
635 213 15 847
641 214 15 1637
642 215 15 683
645 216 15 1211
645 217 15 99
646 218 15 570
646 219 15 495
650 220 15 1387
651 221 15 729
653 222 15 1029
654 223 15 678
654 224 15 95
656 225 15 895
662 226 15 1618
662 227 15 262
665 228 15 1311
671 229 15 1684
676 232 15 137
676 230 15 1563
676 231 15 218
681 233 15 1584
681 234 15 455
683 235 15 994
686 236 15 1262
686 237 15 298
692 238 15 1675
699 239 15 1727
701 240 15 1005
714 242 15 289
714 241 15 1887
720 243 15 1627
723 244 15 1175
725 245 15 1119
725 246 15 342
728 247 15 1321
731 248 15 1325
741 249 15 1846
746 251 15 103
746 250 15 1508
751 252 15 1590
752 253 15 598
753 254 15 791
762 255 15 1818
767 256 15 1500
771 257 15 1453
773 258 15 1106
774 259 15 634
776 260 15 1040
784 261 15 1791
794 262 15 1835
794 263 15 194
804 264 15 1839
810 265 15 1685
816 266 15 1609
818 267 15 881
818 268 15 391
819 269 15 642
823 270 15 1345
825 271 15 913
825 272 15 349
826 273 15 768
830 274 15 1414
834 275 15 1424
834 276 15 440
837 277 15 1327
841 278 15 1427
843 279 15 900
844 280 15 553
844 281 15 296
845 282 15 862
849 283 15 1389
849 284 15 175
853 285 15 1460
854 286 15 552
858 287 15 1464
859 288 15 792
860 289 15 561
864 290 15 1418
871 291 15 1734
873 292 15 1117
875 293 15 1040
876 294 15 686
878 297 15 95
878 296 15 52
878 295 15 1138
885 298 15 1713
889 299 15 1415
893 300 15 1435
897 301 15 1385
899 302 15 930
900 303 15 682
901 304 15 501
902 305 15 595
908 306 15 1679
