5 0 787 1582
7 1 787 1040
8 2 787 637
8 3 787 489
10 4 787 909
10 5 787 478
11 7 787 424
11 8 787 268
11 6 787 511
14 9 787 1268
21 10 787 1727
26 11 787 1541
33 12 787 1726
33 13 787 234
35 16 787 98
35 14 787 944
35 15 787 252
38 17 787 1331
40 18 787 1057
45 19 787 1571
45 20 787 88
45 21 787 200
54 22 787 1799
63 23 787 1806
69 24 787 1682
69 25 787 56
74 26 787 1537
77 27 787 1201
87 28 787 1836
88 29 787 531
98 30 787 1849
103 31 787 1502
104 32 787 499
109 33 787 1596
110 34 787 845
111 35 787 569
115 36 787 1428
115 37 787 7
120 38 787 1562
122 39 787 1090
124 40 787 980
125 41 787 555
125 42 787 469
130 43 787 1604
134 44 787 1385
139 45 787 1559
141 46 787 949
142 48 787 461
142 47 787 583
150 49 787 1778
162 50 787 1877
164 51 787 928
165 52 787 532
169 53 787 1368
172 54 787 1156
176 55 787 1382
179 56 787 1166
180 57 787 756
181 58 787 731
182 59 787 852
183 60 787 866
186 61 787 1234
187 62 787 513
193 63 787 1662
196 64 787 1343
196 65 787 225
198 66 787 1041
198 67 787 130
201 69 787 374
201 68 787 1313
202 70 787 748
202 71 787 91
209 72 787 1693
222 73 787 1892
223 74 787 591
227 75 787 1458
233 79 787 122
233 78 787 421
233 76 787 1655
233 77 787 194
235 80 787 1031
237 81 787 953
238 82 787 740
238 83 787 57
239 84 787 579
241 85 787 921
243 86 787 970
245 88 787 440
245 87 787 1056
249 89 787 1388
252 90 787 1328
253 91 787 672
256 92 787 1200
257 93 787 710
257 94 787 223
263 96 787 42
263 95 787 1670
264 98 787 261
264 97 787 732
267 99 787 1159
268 100 787 518
269 101 787 819
272 102 787 1194
272 103 787 86
274 104 787 1030
282 105 787 1785
285 106 787 1159
286 107 787 565
287 108 787 777
293 109 787 1623
299 110 787 1651
301 111 787 971
301 112 787 334
302 113 787 609
309 114 787 1745
319 117 787 455
319 115 787 1837
319 116 787 494
321 118 787 1083
321 119 787 422
324 120 787 1179
340 121 787 1910
346 122 787 1615
356 123 787 1850
358 124 787 971
358 125 787 75
359 126 787 816
361 127 787 983
367 128 787 1668
368 129 787 845
372 130 787 1415
374 131 787 923
385 132 787 1858
388 133 787 1186
393 134 787 1529
393 135 787 212
399 136 787 1684
400 137 787 653
402 138 787 952
403 139 787 718
409 140 787 1686
409 141 787 405
409 142 787 278
410 143 787 741
416 144 787 1661
416 145 787 356
416 146 787 337
417 147 787 590
419 149 787 310
419 148 787 889
422 150 787 1176
427 151 787 1511
432 152 787 1573
440 153 787 1763
455 154 787 1905
456 155 787 532
458 156 787 1129
461 157 787 1268
463 158 787 1040
465 159 787 954
467 160 787 968
467 161 787 175
468 162 787 821
479 163 787 1856
479 164 787 207
480 165 787 728
482 166 787 1038
484 167 787 1073
486 168 787 1004
491 169 787 1533
491 170 787 153
499 171 787 1766
503 172 787 1428
503 173 787 364
504 174 787 660
505 175 787 774
511 176 787 1631
513 177 787 873
513 178 787 189
514 179 787 614
520 182 787 94
520 180 787 1662
520 181 787 225
524 183 787 1357
529 184 787 1594
539 185 787 1829
542 186 787 1274
542 187 787 94
545 188 787 1206
547 189 787 996
549 191 787 416
549 190 787 1007
554 192 787 1537
575 193 787 1922
581 194 787 1675
586 195 787 1510
591 196 787 1509
591 197 787 346
592 198 787 534
594 199 787 933
597 200 787 1242
600 201 787 1189
605 202 787 1511
608 203 787 1280
608 204 787 157
611 205 787 1335
611 206 787 83
614 207 787 1209
616 208 787 1103
618 209 787 1130
619 211 787 255
619 210 787 826
621 212 787 1079
621 213 787 425
624 214 787 1217
625 215 787 742
625 216 787 81
629 217 787 1388
629 218 787 262
629 219 787 302
633 220 787 1378
635 221 787 943
643 222 787 1791
643 223 787 7
644 224 787 525
650 225 787 1661
650 226 787 228
654 227 787 1431
655 228 787 613
657 229 787 1074
660 230 787 1190
663 231 787 1284
663 232 787 338
666 233 787 1180
669 234 787 1296
669 235 787 473
670 236 787 639
671 237 787 738
674 239 787 259
674 238 787 1200
681 240 787 1746
681 241 787 65
683 242 787 916
683 243 787 75
683 244 787 170
684 245 787 751
687 246 787 1261
689 247 787 1111
690 248 787 704
692 249 787 933
696 250 787 1429
696 251 787 120
696 252 787 84
696 253 787 231
700 254 787 1480
700 255 787 299
703 256 787 1323
708 257 787 1503
709 259 787 420
709 258 787 754
711 260 787 1106
712 261 787 576
713 262 787 595
713 263 787 28
724 264 787 1865
728 265 787 1466
738 266 787 1842
747 267 787 1824
749 268 787 1054
750 269 787 744
750 270 787 102
753 271 787 1267
753 272 787 188
753 273 787 3
753 274 787 481
756 275 787 1312
756 276 787 26
763 277 787 1715
771 278 787 1761
778 279 787 1698
778 280 787 400
780 281 787 1041
781 282 787 726
786 283 787 1605
791 284 787 1570
793 285 787 1069
796 287 787 106
796 286 787 1200
802 288 787 1624
804 289 787 997
806 290 787 1075
808 291 787 1061
824 292 787 1909
825 293 787 779
827 294 787 1077
830 295 787 1169
834 296 787 1394
836 297 787 888
836 298 787 135
837 299 787 629
838 300 787 834
842 301 787 1362
842 302 787 57
854 303 787 1885
855 305 787 162
855 304 787 830
866 306 787 1857
