2 0 234 1030
2 1 234 250
4 2 234 1033
7 3 234 1160
11 4 234 1383
15 5 234 1407
16 6 234 558
23 7 234 1698
26 8 234 1303
27 9 234 603
29 10 234 975
30 11 234 571
32 12 234 1043
34 13 234 946
34 14 234 73
39 15 234 1565
43 16 234 1436
59 17 234 1911
68 18 234 1801
69 19 234 724
69 20 234 306
73 21 234 1370
73 22 234 310
74 23 234 559
78 24 234 1413
79 26 234 181
79 25 234 512
81 27 234 1125
83 28 234 1030
83 29 234 471
90 30 234 1725
99 31 234 1809
102 32 234 1310
104 34 234 141
104 33 234 1126
105 35 234 522
117 36 234 1874
120 37 234 1305
120 38 234 485
125 39 234 1575
134 40 234 1812
134 41 234 299
134 42 234 340
134 43 234 293
135 44 234 629
143 46 234 424
143 45 234 1793
150 47 234 1743
153 48 234 1204
153 49 234 421
153 50 234 409
153 51 234 100
156 52 234 1328
157 53 234 829
157 54 234 411
162 55 234 1585
173 56 234 1865
173 57 234 473
179 58 234 1671
181 59 234 871
184 60 234 1225
188 61 234 1357
189 62 234 668
190 63 234 831
191 64 234 802
193 65 234 1090
196 66 234 1185
206 67 234 1841
207 68 234 805
211 69 234 1475
217 70 234 1616
217 71 234 131
221 72 234 1425
221 73 234 226
222 75 234 7
222 74 234 836
224 76 234 1029
224 77 234 17
235 78 234 1855
240 79 234 1544
240 80 234 87
240 81 234 363
250 82 234 1846
251 84 234 61
251 83 234 609
257 85 234 1625
257 86 234 481
257 87 234 480
258 88 234 715
258 89 234 480
259 90 234 582
263 91 234 1401
268 92 234 1558
273 95 234 454
273 93 234 1539
273 94 234 349
278 96 234 1555
282 97 234 1433
286 98 234 1415
290 99 234 1463
291 100 234 607
292 101 234 507
294 102 234 938
300 103 234 1653
301 104 234 729
301 105 234 278
302 106 234 599
304 107 234 1102
322 108 234 1918
322 109 234 403
323 110 234 555
333 111 234 1848
334 113 234 127
334 112 234 543
335 114 234 783
336 115 234 862
340 116 234 1436
340 117 234 59
341 118 234 769
343 119 234 1102
344 120 234 609
345 121 234 705
347 123 234 325
347 122 234 1126
349 124 234 893
349 125 234 215
349 126 234 497
358 127 234 1811
367 128 234 1801
367 129 234 381
367 130 234 376
372 131 234 1520
373 132 234 526
373 133 234 391
375 134 234 936
380 135 234 1504
384 136 234 1349
384 137 234 192
393 138 234 1804
400 139 234 1708
402 140 234 1025
405 141 234 1304
405 142 234 487
405 143 234 311
415 144 234 1849
416 145 234 659
417 146 234 857
421 147 234 1431
422 148 234 755
426 149 234 1412
428 150 234 943
433 151 234 1496
434 153 234 313
434 152 234 664
435 154 234 854
444 155 234 1827
447 156 234 1306
448 157 234 613
449 158 234 760
450 159 234 514
457 160 234 1705
458 161 234 713
461 162 234 1225
466 163 234 1536
466 164 234 27
468 165 234 960
471 166 234 1321
471 167 234 151
473 168 234 1115
476 169 234 1204
480 170 234 1437
483 171 234 1244
483 172 234 180
485 173 234 985
485 174 234 76
488 175 234 1229
488 176 234 218
489 178 234 400
489 179 234 234
489 177 234 815
492 180 234 1282
494 181 234 991
496 182 234 1056
496 183 234 388
500 184 234 1363
501 185 234 805
502 187 234 213
502 186 234 856
506 188 234 1462
508 190 234 198
508 189 234 1034
509 191 234 736
513 192 234 1356
516 193 234 1289
516 194 234 2
516 195 234 312
516 196 234 78
518 197 234 875
518 198 234 283
520 199 234 889
523 200 234 1262
524 201 234 706
524 202 234 315
528 203 234 1475
542 204 234 1900
548 205 234 1623
551 206 234 1316
556 207 234 1603
556 208 234 237
561 209 234 1549
567 210 234 1609
567 211 234 491
567 212 234 212
568 213 234 526
571 214 234 1157
572 215 234 714
577 216 234 1581
578 218 234 173
578 217 234 837
581 219 234 1146
581 220 234 103
583 221 234 1108
584 222 234 614
584 223 234 81
586 224 234 1006
587 225 234 700
596 226 234 1813
597 227 234 815
599 228 234 983
605 229 234 1688
608 230 234 1151
611 231 234 1268
612 232 234 531
616 233 234 1436
618 234 234 896
619 235 234 575
620 236 234 675
625 238 234 412
625 237 234 1505
631 239 234 1664
635 240 234 1414
638 241 234 1178
652 242 234 1901
662 243 234 1837
666 244 234 1350
672 245 234 1631
673 246 234 524
674 248 234 132
674 247 234 830
677 249 234 1213
678 250 234 655
681 251 234 1166
682 252 234 701
684 253 234 1062
685 257 234 234
685 254 234 785
685 255 234 154
685 256 234 91
685 258 234 469
688 259 234 1199
695 260 234 1735
696 261 234 500
697 264 234 398
697 265 234 340
697 262 234 620
697 263 234 473
709 266 234 1885
710 267 234 700
715 268 234 1554
716 269 234 581
716 270 234 38
716 271 234 76
716 272 234 424
716 273 234 434
722 274 234 1657
723 275 234 850
725 276 234 1132
726 277 234 701
727 278 234 656
730 279 234 1299
730 280 234 176
732 281 234 982
733 282 234 682
740 283 234 1694
742 284 234 1033
758 285 234 1910
759 286 234 566
763 287 234 1393
764 288 234 650
765 289 234 742
765 290 234 483
765 291 234 441
767 292 234 1035
769 293 234 1138
779 294 234 1853
781 295 234 913
782 296 234 557
786 297 234 1428
790 298 234 1439
792 299 234 1009
798 300 234 1671
805 301 234 1748
808 302 234 1200
812 303 234 1476
815 304 234 1175
816 305 234 579
817 306 234 741
