1 0 705 623
5 1 705 1477
6 2 705 556
16 3 705 1842
16 4 705 77
24 5 705 1772
25 6 705 709
35 7 705 1843
41 9 705 257
41 8 705 1616
52 10 705 1862
52 11 705 17
55 12 705 1259
65 13 705 1851
66 14 705 567
70 15 705 1358
72 16 705 915
83 17 705 1870
84 18 705 628
85 19 705 793
86 20 705 612
91 21 705 1600
93 22 705 1097
94 23 705 848
96 24 705 1126
99 25 705 1333
102 26 705 1299
113 27 705 1858
119 28 705 1664
122 29 705 1231
123 30 705 710
126 31 705 1326
128 32 705 1016
136 33 705 1767
147 34 705 1862
149 35 705 1030
151 36 705 1000
154 38 705 185
154 37 705 1327
169 39 705 1904
173 40 705 1441
182 41 705 1824
197 42 705 1903
197 43 705 346
199 44 705 906
200 45 705 828
201 46 705 806
207 47 705 1653
231 48 705 1923
232 49 705 588
238 50 705 1638
238 51 705 333
245 52 705 1736
253 53 705 1789
254 54 705 702
256 55 705 947
256 56 705 380
262 57 705 1633
263 58 705 716
264 59 705 669
264 60 705 472
265 61 705 776
265 62 705 179
265 63 705 384
269 64 705 1471
270 65 705 536
272 66 705 925
276 67 705 1417
293 68 705 1914
297 69 705 1462
297 70 705 358
302 71 705 1512
308 72 705 1685
309 73 705 649
312 74 705 1277
313 75 705 712
319 76 705 1621
320 77 705 750
331 78 705 1866
331 79 705 297
332 80 705 527
337 81 705 1570
348 82 705 1859
350 83 705 1076
355 85 705 377
355 84 705 1518
360 86 705 1514
363 87 705 1152
365 88 705 1065
367 89 705 914
368 90 705 650
371 91 705 1291
372 92 705 611
376 93 705 1441
380 94 705 1431
381 95 705 664
387 96 705 1645
392 97 705 1519
393 98 705 799
393 99 705 370
402 100 705 1827
405 101 705 1313
411 105 705 126
411 104 705 230
411 103 705 461
411 102 705 1664
412 106 705 573
414 107 705 1087
415 108 705 511
432 109 705 1914
435 110 705 1250
440 111 705 1554
447 113 705 418
447 114 705 141
447 112 705 1691
448 115 705 826
449 116 705 842
451 117 705 1027
452 118 705 791
454 119 705 1094
456 120 705 946
463 121 705 1698
463 122 705 352
465 123 705 1000
466 124 705 811
468 125 705 991
470 126 705 900
470 127 705 243
473 128 705 1142
474 129 705 612
476 130 705 991
476 131 705 102
488 132 705 1875
493 134 705 395
493 133 705 1496
495 135 705 1138
505 136 705 1831
509 137 705 1397
510 138 705 845
514 139 705 1392
521 140 705 1729
521 141 705 427
522 142 705 640
524 143 705 1075
529 144 705 1588
531 145 705 1020
536 146 705 1525
536 147 705 193
539 148 705 1299
540 149 705 604
547 150 705 1747
548 151 705 617
549 152 705 727
555 153 705 1630
559 154 705 1348
559 155 705 129
561 156 705 961
562 157 705 664
567 158 705 1574
570 159 705 1164
573 160 705 1150
573 161 705 329
584 162 705 1869
593 163 705 1823
595 164 705 922
598 165 705 1148
603 166 705 1603
603 167 705 195
603 168 705 23
605 169 705 928
607 170 705 919
611 172 705 181
611 171 705 1369
614 173 705 1324
617 174 705 1289
618 175 705 519
620 176 705 1057
623 177 705 1201
626 178 705 1336
633 179 705 1716
637 180 705 1391
638 181 705 706
640 182 705 869
641 183 705 538
642 184 705 790
642 185 705 373
645 188 705 148
645 189 705 265
645 186 705 1300
645 187 705 245
645 190 705 176
648 191 705 1167
655 192 705 1748
660 193 705 1606
660 194 705 241
664 195 705 1399
664 196 705 482
665 197 705 741
665 198 705 152
665 199 705 440
668 200 705 1341
671 201 705 1330
671 202 705 170
671 203 705 370
677 204 705 1609
677 205 705 378
677 206 705 436
680 207 705 1328
680 208 705 340
681 209 705 828
683 210 705 996
689 211 705 1685
692 212 705 1252
700 213 705 1783
707 214 705 1698
707 215 705 443
711 216 705 1385
714 217 705 1331
716 218 705 1033
717 219 705 549
725 220 705 1773
729 221 705 1358
729 222 705 46
735 223 705 1682
736 224 705 751
742 225 705 1676
747 226 705 1546
748 227 705 500
750 228 705 1083
759 231 705 315
759 230 705 37
759 229 705 1814
761 232 705 1048
763 233 705 895
763 234 705 374
763 235 705 61
764 236 705 536
764 237 705 498
765 238 705 853
765 239 705 412
776 240 705 1862
790 241 705 1896
800 242 705 1829
803 243 705 1244
806 244 705 1193
806 245 705 416
816 246 705 1840
829 247 705 1890
839 248 705 1833
846 250 705 14
846 249 705 1722
848 251 705 1075
854 252 705 1633
859 253 705 1528
860 254 705 592
875 255 705 1908
878 256 705 1283
878 257 705 412
883 258 705 1543
894 259 705 1857
895 260 705 757
906 261 705 1860
906 262 705 244
906 263 705 450
907 264 705 791
908 265 705 681
909 266 705 636
909 267 705 357
913 268 705 1408
919 269 705 1637
929 270 705 1832
931 271 705 887
931 272 705 478
932 273 705 621
933 274 705 611
942 275 705 1801
946 276 705 1454
947 279 705 335
947 278 705 488
947 277 705 727
955 280 705 1761
960 281 705 1581
961 282 705 592
964 283 705 1286
973 284 705 1800
975 285 705 887
976 286 705 607
980 289 705 391
980 287 705 1445
980 288 705 303
981 290 705 702
981 291 705 124
983 292 705 879
985 293 705 920
990 294 705 1579
990 295 705 2
996 296 705 1651
1000 297 705 1378
1000 298 705 452
1001 299 705 512
1008 300 705 1704
1012 301 705 1482
1012 302 705 481
1012 303 705 195
1021 304 705 1814
1023 305 705 1051
1024 306 705 596
