1 0 1699 571
2 1 1699 866
2 2 1699 396
4 3 1699 1052
5 4 1699 803
5 5 1699 132
6 6 1699 717
7 7 1699 794
8 10 1699 312
8 8 1699 664
8 9 1699 382
10 11 1699 931
16 12 1699 1618
16 13 1699 472
21 14 1699 1498
28 15 1699 1724
30 16 1699 879
31 17 1699 744
33 18 1699 1009
34 19 1699 779
34 20 1699 434
38 21 1699 1378
39 22 1699 745
40 23 1699 499
41 24 1699 667
42 25 1699 795
42 26 1699 245
43 28 1699 421
43 27 1699 712
46 29 1699 1271
50 30 1699 1376
52 31 1699 1060
53 32 1699 507
57 33 1699 1417
59 34 1699 962
65 35 1699 1632
66 38 1699 375
66 37 1699 187
66 36 1699 682
76 39 1699 1852
76 40 1699 189
79 41 1699 1330
80 42 1699 710
82 43 1699 1009
83 44 1699 852
84 46 1699 117
84 45 1699 831
85 47 1699 665
86 48 1699 696
91 49 1699 1579
92 50 1699 744
94 51 1699 982
95 52 1699 759
100 53 1699 1526
101 54 1699 637
103 56 1699 120
103 55 1699 1118
112 57 1699 1821
112 58 1699 384
112 59 1699 7
121 60 1699 1811
121 61 1699 5
121 62 1699 372
124 63 1699 1317
126 64 1699 930
129 67 1699 200
129 65 1699 1176
129 66 1699 424
133 68 1699 1434
141 69 1699 1791
143 70 1699 1042
144 72 1699 369
144 71 1699 692
146 73 1699 1082
147 74 1699 590
149 75 1699 1028
150 76 1699 667
156 77 1699 1661
161 78 1699 1572
169 79 1699 1761
170 80 1699 677
175 81 1699 1505
175 82 1699 16
176 83 1699 767
177 84 1699 527
177 85 1699 394
177 86 1699 301
179 87 1699 905
180 88 1699 780
188 89 1699 1769
193 90 1699 1512
194 91 1699 785
201 94 1699 41
201 95 1699 184
201 92 1699 1727
201 93 1699 367
203 96 1699 957
206 97 1699 1318
206 98 1699 79
211 99 1699 1600
211 100 1699 407
221 101 1699 1842
224 102 1699 1155
225 103 1699 829
226 105 1699 51
226 104 1699 536
227 106 1699 613
232 107 1699 1602
234 108 1699 936
239 109 1699 1533
239 110 1699 450
239 111 1699 383
239 112 1699 248
240 113 1699 548
243 115 1699 306
243 114 1699 1254
260 116 1699 1913
265 117 1699 1530
266 118 1699 790
267 119 1699 535
269 120 1699 875
273 121 1699 1443
277 122 1699 1345
282 125 1699 257
282 124 1699 279
282 123 1699 1589
284 126 1699 889
284 127 1699 1
286 128 1699 1040
286 129 1699 406
286 130 1699 70
289 131 1699 1274
294 132 1699 1582
308 133 1699 1897
312 134 1699 1353
313 135 1699 760
313 136 1699 349
315 137 1699 1111
315 138 1699 231
315 139 1699 475
322 140 1699 1706
323 141 1699 624
336 142 1699 1894
339 143 1699 1171
342 144 1699 1319
344 145 1699 1128
345 146 1699 537
348 147 1699 1179
350 148 1699 1037
356 149 1699 1659
356 150 1699 195
360 151 1699 1352
361 152 1699 527
365 153 1699 1468
366 154 1699 725
368 155 1699 889
368 156 1699 496
372 157 1699 1491
373 158 1699 550
373 159 1699 279
375 160 1699 1087
376 161 1699 611
377 162 1699 561
378 163 1699 529
382 164 1699 1462
384 165 1699 1101
385 166 1699 726
385 167 1699 276
387 168 1699 1119
387 169 1699 493
399 170 1699 1881
400 171 1699 802
403 173 1699 314
403 172 1699 1299
404 174 1699 754
404 175 1699 250
408 176 1699 1473
408 177 1699 174
408 178 1699 270
410 179 1699 1076
416 180 1699 1644
422 181 1699 1634
424 182 1699 888
427 183 1699 1306
427 184 1699 211
428 185 1699 643
429 186 1699 746
429 187 1699 113
432 188 1699 1171
432 189 1699 464
432 190 1699 264
433 191 1699 783
434 192 1699 560
446 193 1699 1876
449 194 1699 1313
451 195 1699 1094
451 196 1699 62
455 197 1699 1365
461 202 1699 59
461 200 1699 401
461 201 1699 260
461 198 1699 1633
461 199 1699 217
462 203 1699 544
469 204 1699 1702
472 205 1699 1317
472 206 1699 52
472 207 1699 212
473 208 1699 714
473 209 1699 474
476 211 1699 321
476 210 1699 1340
479 212 1699 1220
483 213 1699 1399
484 214 1699 559
488 215 1699 1377
494 216 1699 1648
497 217 1699 1180
497 218 1699 317
498 220 1699 355
498 219 1699 819
499 221 1699 612
501 222 1699 1029
502 223 1699 655
502 224 1699 229
504 225 1699 1098
504 226 1699 242
508 227 1699 1347
510 228 1699 926
515 233 1699 52
515 232 1699 466
515 230 1699 188
515 229 1699 1584
515 231 1699 108
516 234 1699 674
520 235 1699 1384
525 236 1699 1575
525 237 1699 344
530 238 1699 1528
531 239 1699 819
532 240 1699 590
533 241 1699 533
536 242 1699 1324
537 243 1699 697
539 244 1699 1048
550 245 1699 1867
554 246 1699 1487
556 247 1699 1086
559 248 1699 1317
570 249 1699 1861
574 250 1699 1371
575 251 1699 807
577 252 1699 1047
578 253 1699 814
586 254 1699 1787
593 255 1699 1713
596 256 1699 1156
599 257 1699 1329
599 258 1699 314
600 259 1699 604
602 260 1699 1075
603 261 1699 630
606 262 1699 1211
608 263 1699 1054
608 264 1699 286
611 265 1699 1231
619 266 1699 1780
622 267 1699 1168
623 268 1699 724
625 269 1699 1100
632 270 1699 1727
635 271 1699 1303
640 272 1699 1576
644 273 1699 1423
644 274 1699 228
651 275 1699 1747
654 276 1699 1213
654 277 1699 332
659 278 1699 1531
659 279 1699 286
664 280 1699 1535
666 281 1699 1080
666 282 1699 30
668 283 1699 990
668 284 1699 212
671 285 1699 1305
673 286 1699 986
678 287 1699 1576
678 288 1699 189
680 289 1699 886
680 290 1699 227
680 291 1699 245
680 292 1699 29
682 293 1699 923
688 294 1699 1668
700 295 1699 1885
703 296 1699 1247
703 297 1699 270
703 298 1699 410
710 304 1699 133
710 303 1699 216
710 302 1699 361
710 305 1699 67
710 300 1699 86
710 299 1699 1742
710 301 1699 319
713 306 1699 1156
