0 0 1637 155
1 1 1637 553
6 2 1637 1532
7 3 1637 807
9 4 1637 1035
13 7 1637 184
13 8 1637 165
13 5 1637 1493
13 6 1637 265
19 9 1637 1681
22 10 1637 1264
26 11 1637 1366
29 12 1637 1154
30 13 1637 841
30 14 1637 354
32 15 1637 935
33 16 1637 826
38 17 1637 1591
39 18 1637 838
42 19 1637 1175
42 20 1637 473
44 21 1637 1141
47 22 1637 1183
49 23 1637 1121
57 24 1637 1774
59 25 1637 952
61 26 1637 946
68 27 1637 1701
69 28 1637 560
69 29 1637 486
70 30 1637 596
70 31 1637 58
73 32 1637 1278
73 33 1637 44
79 34 1637 1645
83 35 1637 1348
86 36 1637 1202
98 37 1637 1877
123 38 1637 1924
123 39 1637 415
127 40 1637 1484
129 41 1637 886
134 42 1637 1551
134 43 1637 480
135 44 1637 620
141 45 1637 1678
141 46 1637 191
142 47 1637 770
159 48 1637 1915
170 49 1637 1872
172 50 1637 1048
177 51 1637 1498
181 52 1637 1470
183 53 1637 948
186 54 1637 1324
188 55 1637 939
191 57 1637 410
191 56 1637 1295
193 58 1637 957
193 59 1637 82
194 60 1637 547
194 61 1637 489
199 62 1637 1549
204 63 1637 1604
206 64 1637 1084
209 66 1637 87
209 65 1637 1205
211 67 1637 1110
213 68 1637 1121
215 69 1637 930
221 70 1637 1658
223 71 1637 873
228 72 1637 1592
228 73 1637 423
234 74 1637 1615
239 75 1637 1512
244 76 1637 1515
245 77 1637 702
246 78 1637 501
246 79 1637 96
247 80 1637 761
247 81 1637 175
254 82 1637 1710
255 83 1637 613
259 84 1637 1362
261 85 1637 1022
262 86 1637 513
262 87 1637 330
263 88 1637 645
264 89 1637 705
264 90 1637 53
265 91 1637 791
267 92 1637 920
277 93 1637 1841
285 94 1637 1792
287 95 1637 995
290 96 1637 1261
301 97 1637 1871
304 98 1637 1320
307 99 1637 1339
312 100 1637 1591
314 101 1637 1006
319 102 1637 1573
321 104 1637 213
321 105 1637 175
321 103 1637 985
331 106 1637 1831
333 107 1637 1047
336 108 1637 1257
343 109 1637 1737
347 110 1637 1349
348 111 1637 592
358 112 1637 1834
359 113 1637 861
362 115 1637 371
362 114 1637 1246
363 116 1637 704
365 117 1637 936
365 118 1637 241
365 119 1637 62
366 120 1637 692
372 121 1637 1681
372 122 1637 465
372 123 1637 416
374 124 1637 877
375 125 1637 866
387 126 1637 1878
393 127 1637 1676
394 128 1637 555
395 129 1637 620
395 130 1637 250
400 131 1637 1568
403 132 1637 1306
405 134 1637 430
405 133 1637 1086
411 135 1637 1679
412 136 1637 527
413 137 1637 724
413 138 1637 399
416 139 1637 1187
418 140 1637 1116
422 141 1637 1390
424 142 1637 998
425 143 1637 832
428 144 1637 1280
432 145 1637 1385
434 146 1637 881
434 147 1637 59
435 148 1637 594
439 150 1637 291
439 151 1637 324
439 149 1637 1421
445 152 1637 1630
448 153 1637 1258
449 154 1637 647
459 155 1637 1834
460 156 1637 541
463 157 1637 1157
463 158 1637 108
466 161 1637 155
466 162 1637 492
466 159 1637 1272
466 160 1637 221
467 163 1637 637
471 164 1637 1486
478 165 1637 1706
481 166 1637 1210
482 167 1637 748
482 168 1637 430
486 169 1637 1492
494 170 1637 1769
509 171 1637 1904
510 172 1637 537
512 173 1637 978
514 174 1637 870
517 175 1637 1227
518 176 1637 683
523 177 1637 1557
525 178 1637 1060
529 179 1637 1416
545 180 1637 1909
554 181 1637 1819
556 182 1637 1081
558 183 1637 1058
558 184 1637 328
568 185 1637 1851
579 186 1637 1862
579 187 1637 48
579 188 1637 439
580 189 1637 520
582 190 1637 1138
585 191 1637 1294
586 192 1637 616
588 193 1637 1052
590 194 1637 966
592 195 1637 961
594 196 1637 898
594 197 1637 360
597 198 1637 1271
602 199 1637 1499
602 200 1637 175
602 201 1637 133
607 202 1637 1553
609 203 1637 1027
614 204 1637 1577
614 205 1637 312
621 206 1637 1712
622 207 1637 652
622 208 1637 387
625 209 1637 1345
628 210 1637 1151
630 212 1637 97
630 211 1637 909
631 213 1637 616
634 214 1637 1287
634 215 1637 326
636 216 1637 998
640 217 1637 1358
640 218 1637 308
645 219 1637 1560
653 220 1637 1769
656 222 1637 308
656 221 1637 1162
666 223 1637 1834
666 224 1637 353
666 225 1637 474
669 226 1637 1287
673 227 1637 1410
673 228 1637 11
683 232 1637 285
683 231 1637 322
683 230 1637 328
683 229 1637 1834
687 233 1637 1486
690 234 1637 1241
698 235 1637 1775
698 236 1637 266
698 237 1637 54
702 239 1637 16
702 240 1637 138
702 238 1637 1406
705 241 1637 1210
710 242 1637 1585
712 243 1637 1019
715 244 1637 1294
715 245 1637 229
718 246 1637 1197
718 247 1637 0
725 248 1637 1689
726 249 1637 640
739 250 1637 1887
743 251 1637 1464
743 252 1637 51
749 253 1637 1636
755 254 1637 1655
757 255 1637 937
764 256 1637 1749
770 257 1637 1643
771 258 1637 673
773 259 1637 1102
775 261 1637 301
775 260 1637 950
776 262 1637 640
776 263 1637 478
778 264 1637 1016
779 265 1637 828
780 266 1637 623
781 267 1637 535
784 268 1637 1300
788 270 1637 59
788 269 1637 1436
790 271 1637 944
802 272 1637 1877
802 273 1637 292
806 274 1637 1421
807 275 1637 558
812 276 1637 1502
815 277 1637 1214
816 279 1637 124
816 278 1637 540
819 280 1637 1202
822 281 1637 1286
828 282 1637 1645
831 283 1637 1296
842 284 1637 1872
843 285 1637 788
843 286 1637 271
844 287 1637 573
852 290 1637 26
852 288 1637 1756
852 289 1637 303
853 291 1637 548
856 292 1637 1305
856 293 1637 303
858 294 1637 991
866 295 1637 1762
867 296 1637 569
869 298 1637 3
869 297 1637 1107
869 299 1637 466
874 300 1637 1530
875 301 1637 661
876 302 1637 625
876 303 1637 253
877 304 1637 580
879 305 1637 942
884 306 1637 1512
