2 0 1459 959
4 1 1459 871
8 2 1459 1359
20 3 1459 1876
23 4 1459 1321
29 5 1459 1631
32 6 1459 1299
40 7 1459 1759
53 8 1459 1888
55 9 1459 1018
56 10 1459 540
58 11 1459 1001
58 12 1459 350
62 13 1459 1412
65 14 1459 1338
67 15 1459 1068
67 16 1459 354
71 17 1459 1399
73 18 1459 908
78 19 1459 1525
79 20 1459 834
79 21 1459 445
79 22 1459 322
79 23 1459 187
79 24 1459 441
79 25 1459 11
80 26 1459 552
89 27 1459 1814
90 28 1459 817
90 29 1459 158
95 30 1459 1526
96 31 1459 675
101 32 1459 1547
107 33 1459 1673
108 34 1459 841
108 35 1459 285
108 36 1459 275
119 37 1459 1864
122 38 1459 1236
122 39 1459 491
128 40 1459 1644
137 41 1459 1812
137 42 1459 166
138 43 1459 805
143 44 1459 1524
143 45 1459 409
144 47 1459 107
144 46 1459 596
145 48 1459 826
146 49 1459 854
148 50 1459 947
148 51 1459 471
149 52 1459 822
162 53 1459 1892
165 54 1459 1145
166 55 1459 514
167 56 1459 549
170 57 1459 1171
174 58 1459 1434
177 59 1459 1309
179 60 1459 1078
183 61 1459 1410
185 62 1459 941
192 63 1459 1729
196 64 1459 1417
204 65 1459 1790
208 66 1459 1378
209 67 1459 601
210 68 1459 571
212 69 1459 1052
213 70 1459 793
213 71 1459 415
213 72 1459 162
213 73 1459 416
222 74 1459 1805
224 76 1459 279
224 75 1459 946
228 77 1459 1442
229 78 1459 588
229 79 1459 32
232 80 1459 1339
232 81 1459 445
234 82 1459 987
247 83 1459 1888
249 84 1459 1135
251 85 1459 1054
259 86 1459 1777
264 87 1459 1580
265 88 1459 528
265 89 1459 327
271 90 1459 1661
273 91 1459 1029
273 92 1459 429
283 93 1459 1852
286 95 1459 234
286 94 1459 1337
288 96 1459 871
288 97 1459 361
291 98 1459 1312
297 99 1459 1658
299 100 1459 955
318 101 1459 1919
322 102 1459 1460
329 104 1459 61
329 103 1459 1699
330 105 1459 532
330 106 1459 308
330 107 1459 405
330 108 1459 86
330 109 1459 198
330 110 1459 235
332 111 1459 1031
333 112 1459 582
337 113 1459 1402
350 114 1459 1895
351 115 1459 633
351 116 1459 422
353 117 1459 978
354 118 1459 594
354 119 1459 362
354 120 1459 12
361 121 1459 1723
361 122 1459 73
361 123 1459 243
364 124 1459 1315
370 125 1459 1688
386 126 1459 1910
386 127 1459 235
388 128 1459 1004
393 129 1459 1571
393 130 1459 75
403 132 1459 129
403 131 1459 1843
404 133 1459 855
406 134 1459 1001
409 135 1459 1344
411 136 1459 909
414 137 1459 1213
423 138 1459 1826
424 139 1459 603
425 140 1459 746
429 141 1459 1372
433 142 1459 1493
433 143 1459 329
433 144 1459 92
434 145 1459 630
434 146 1459 447
436 147 1459 952
448 148 1459 1881
449 149 1459 704
456 150 1459 1737
465 151 1459 1817
472 152 1459 1691
474 153 1459 950
480 154 1459 1645
483 155 1459 1157
493 156 1459 1846
496 157 1459 1217
496 158 1459 383
496 159 1459 298
497 160 1459 546
497 161 1459 73
500 165 1459 317
500 164 1459 123
500 162 1459 1326
500 163 1459 440
502 166 1459 901
508 167 1459 1651
508 168 1459 400
509 169 1459 550
515 170 1459 1649
517 171 1459 1133
519 172 1459 1077
536 173 1459 1916
541 174 1459 1541
542 175 1459 565
542 176 1459 229
548 177 1459 1668
548 178 1459 151
549 179 1459 685
552 180 1459 1241
554 183 1459 300
554 181 1459 958
554 182 1459 278
562 184 1459 1758
562 185 1459 182
562 186 1459 151
564 187 1459 1104
566 188 1459 1134
574 189 1459 1769
578 190 1459 1423
584 191 1459 1617
585 192 1459 830
590 193 1459 1528
590 194 1459 56
591 195 1459 673
591 196 1459 46
593 197 1459 1053
593 198 1459 206
600 199 1459 1699
606 200 1459 1653
607 201 1459 720
608 202 1459 551
611 203 1459 1331
613 204 1459 979
614 205 1459 604
615 206 1459 740
622 207 1459 1700
625 208 1459 1333
627 209 1459 1080
629 211 1459 177
629 210 1459 928
631 212 1459 1065
637 213 1459 1623
639 214 1459 981
644 215 1459 1513
651 216 1459 1719
653 217 1459 1026
654 218 1459 607
665 220 1459 165
665 219 1459 1865
672 221 1459 1721
673 222 1459 517
674 223 1459 555
676 224 1459 1051
676 225 1459 32
676 226 1459 302
680 227 1459 1473
691 228 1459 1859
692 229 1459 868
693 230 1459 519
695 231 1459 1101
699 232 1459 1462
699 233 1459 376
701 234 1459 956
702 235 1459 521
702 236 1459 406
704 237 1459 872
707 238 1459 1245
710 239 1459 1153
714 240 1459 1367
714 241 1459 375
721 242 1459 1696
721 243 1459 54
722 244 1459 841
725 245 1459 1245
726 246 1459 551
728 247 1459 1132
729 249 1459 467
729 248 1459 546
731 250 1459 878
733 251 1459 945
733 252 1459 445
733 253 1459 265
738 254 1459 1533
749 255 1459 1856
749 256 1459 203
769 258 1459 279
769 257 1459 1921
771 259 1459 947
771 260 1459 301
774 261 1459 1191
782 262 1459 1765
782 263 1459 465
783 264 1459 560
791 265 1459 1751
792 266 1459 639
793 267 1459 688
794 269 1459 460
794 268 1459 666
796 270 1459 1106
797 271 1459 846
804 272 1459 1705
808 273 1459 1378
808 274 1459 498
815 275 1459 1715
815 276 1459 25
815 277 1459 462
821 278 1459 1639
828 279 1459 1730
832 280 1459 1405
834 281 1459 1095
836 282 1459 926
840 283 1459 1392
857 284 1459 1914
862 285 1459 1499
863 286 1459 655
866 287 1459 1197
867 288 1459 767
869 289 1459 1024
869 290 1459 318
869 291 1459 410
870 292 1459 592
870 293 1459 298
871 294 1459 852
871 295 1459 175
872 296 1459 534
875 297 1459 1231
879 298 1459 1419
881 299 1459 1014
882 300 1459 606
890 301 1459 1788
890 302 1459 465
890 303 1459 86
893 304 1459 1285
893 305 1459 31
896 306 1459 1164
