0 0 373 159
0 1 373 27
2 2 373 1073
7 3 373 1584
10 4 373 1281
10 5 373 223
19 6 373 1801
21 7 373 986
24 8 373 1329
28 9 373 1435
34 10 373 1641
34 11 373 300
39 12 373 1581
41 13 373 1122
45 14 373 1384
51 15 373 1668
56 19 373 366
56 18 373 192
56 16 373 1554
56 17 373 23
57 20 373 606
58 21 373 640
60 22 373 1085
64 23 373 1350
66 24 373 955
72 25 373 1620
91 26 373 1918
92 27 373 657
98 28 373 1682
101 29 373 1234
104 30 373 1183
107 31 373 1320
109 32 373 973
110 33 373 784
111 34 373 716
112 35 373 676
117 36 373 1532
128 38 373 312
128 37 373 1855
133 39 373 1567
133 40 373 126
135 41 373 1107
135 42 373 167
135 43 373 164
135 44 373 196
141 45 373 1619
143 46 373 979
144 48 373 343
144 47 373 804
151 49 373 1740
151 50 373 325
153 51 373 908
154 52 373 662
154 53 373 253
156 54 373 1092
160 55 373 1444
161 56 373 867
167 57 373 1647
168 58 373 629
173 59 373 1586
173 60 373 230
176 61 373 1144
179 64 373 251
179 65 373 321
179 62 373 1229
179 63 373 95
182 66 373 1251
183 67 373 796
183 68 373 405
184 69 373 708
184 70 373 136
190 71 373 1623
196 72 373 1636
197 73 373 550
197 74 373 240
201 76 373 472
201 75 373 1424
203 77 373 920
206 78 373 1154
209 79 373 1260
210 80 373 640
212 81 373 1114
212 82 373 314
223 83 373 1866
225 85 373 274
225 84 373 908
226 86 373 657
227 87 373 719
233 88 373 1616
236 89 373 1197
243 90 373 1733
252 91 373 1810
255 92 373 1226
256 93 373 651
259 94 373 1336
261 95 373 907
270 96 373 1802
270 97 373 72
280 98 373 1837
289 99 373 1800
289 100 373 367
289 101 373 183
289 102 373 398
294 103 373 1559
299 104 373 1604
300 105 373 627
303 106 373 1197
303 107 373 112
303 108 373 13
308 109 373 1593
310 110 373 971
321 111 373 1871
321 112 373 493
324 113 373 1293
326 114 373 945
328 115 373 1040
329 116 373 829
332 117 373 1287
334 118 373 1111
348 119 373 1901
353 120 373 1588
354 121 373 531
356 122 373 1105
358 123 373 1133
360 124 373 899
360 125 373 251
360 126 373 397
362 127 373 984
364 128 373 1138
367 129 373 1258
372 130 373 1546
372 131 373 399
374 132 373 1007
377 133 373 1278
379 134 373 892
379 135 373 457
380 136 373 716
381 137 373 679
381 138 373 261
381 139 373 281
383 140 373 1002
384 141 373 545
385 144 373 225
385 142 373 706
385 143 373 23
393 145 373 1787
396 146 373 1316
407 147 373 1857
413 150 373 77
413 148 373 1631
413 149 373 296
414 151 373 515
416 152 373 886
427 154 373 212
427 153 373 1860
435 155 373 1760
437 156 373 1002
440 157 373 1189
441 158 373 660
445 159 373 1353
445 160 373 229
445 161 373 212
447 162 373 899
448 164 373 46
448 163 373 679
449 165 373 571
450 166 373 863
452 167 373 1140
452 168 373 400
452 169 373 487
452 170 373 323
452 171 373 149
454 172 373 1025
455 173 373 829
457 174 373 899
459 175 373 1042
466 176 373 1749
468 177 373 1081
470 178 373 908
472 179 373 1037
473 181 373 464
473 180 373 859
476 182 373 1278
477 183 373 841
480 184 373 1180
482 185 373 1031
486 186 373 1438
488 187 373 1071
490 188 373 1065
492 189 373 1057
496 190 373 1379
500 192 373 18
500 191 373 1452
501 193 373 833
501 194 373 52
502 195 373 789
507 196 373 1571
507 197 373 27
521 198 373 1902
526 199 373 1578
528 201 373 176
528 200 373 923
532 202 373 1456
535 203 373 1143
549 204 373 1897
559 205 373 1852
563 206 373 1414
563 207 373 56
565 208 373 961
567 210 373 10
567 209 373 1094
577 211 373 1846
577 212 373 281
582 213 373 1548
582 214 373 494
589 215 373 1689
590 216 373 858
590 217 373 57
594 218 373 1423
596 219 373 939
598 220 373 1057
605 221 373 1716
605 222 373 74
608 223 373 1268
610 224 373 1033
611 225 373 796
611 226 373 130
611 227 373 192
612 228 373 777
612 229 373 109
616 230 373 1396
623 231 373 1722
625 232 373 1104
628 233 373 1254
628 234 373 113
629 235 373 682
631 236 373 933
631 237 373 135
633 238 373 869
636 239 373 1253
641 240 373 1541
645 241 373 1382
645 242 373 110
658 243 373 1895
660 244 373 1046
664 245 373 1458
667 248 373 338
667 249 373 287
667 246 373 1170
667 247 373 395
678 250 373 1856
683 251 373 1514
684 252 373 528
686 253 373 962
687 254 373 521
689 258 373 110
689 257 373 187
689 255 373 1131
689 256 373 102
691 259 373 1100
698 260 373 1721
701 261 373 1222
704 262 373 1203
705 263 373 851
711 264 373 1623
711 265 373 213
712 266 373 741
714 267 373 951
718 268 373 1435
725 269 373 1737
726 270 373 756
727 271 373 723
729 272 373 1113
729 273 373 170
732 274 373 1322
737 275 373 1599
742 278 373 222
742 277 373 103
742 276 373 1605
747 279 373 1499
752 280 373 1551
758 281 373 1660
766 282 373 1778
766 283 373 490
766 284 373 178
775 285 373 1807
778 287 373 142
778 286 373 1193
779 288 373 733
781 289 373 907
782 290 373 579
783 291 373 745
783 292 373 25
790 293 373 1693
794 296 373 179
794 295 373 319
794 294 373 1456
797 297 373 1184
797 298 373 272
798 299 373 832
799 300 373 716
799 301 373 219
801 302 373 885
802 303 373 526
806 304 373 1455
808 305 373 1132
808 306 373 400
