3 0 1374 1234
16 1 1374 1895
18 2 1374 924
19 3 1374 505
19 4 1374 59
21 5 1374 1033
24 6 1374 1172
27 7 1374 1201
31 9 1374 200
31 8 1374 1350
33 10 1374 1084
33 11 1374 457
42 12 1374 1810
42 13 1374 481
43 14 1374 577
43 15 1374 264
50 17 1374 167
50 16 1374 1698
55 19 1374 372
55 18 1374 1570
57 20 1374 1115
57 21 1374 64
57 22 1374 189
57 23 1374 19
58 24 1374 717
59 25 1374 728
60 26 1374 783
61 27 1374 712
69 28 1374 1763
71 29 1374 1078
72 30 1374 566
72 31 1374 86
75 32 1374 1229
77 33 1374 1072
78 34 1374 728
81 35 1374 1336
84 36 1374 1284
88 38 1374 360
88 37 1374 1445
90 39 1374 1141
95 40 1374 1560
95 41 1374 300
98 42 1374 1303
108 43 1374 1836
108 44 1374 206
112 45 1374 1429
117 46 1374 1524
118 47 1374 695
121 48 1374 1205
125 49 1374 1368
127 50 1374 980
131 51 1374 1394
132 52 1374 817
141 53 1374 1813
141 54 1374 299
144 55 1374 1170
151 56 1374 1705
153 57 1374 904
160 58 1374 1713
163 59 1374 1255
163 60 1374 249
163 61 1374 460
167 62 1374 1362
167 63 1374 271
172 64 1374 1558
174 65 1374 998
177 66 1374 1152
178 67 1374 737
184 68 1374 1677
187 69 1374 1165
189 70 1374 905
189 71 1374 253
196 72 1374 1732
196 73 1374 428
197 74 1374 736
198 75 1374 815
199 77 1374 278
199 76 1374 686
206 78 1374 1738
209 79 1374 1212
211 80 1374 1129
211 81 1374 88
215 82 1374 1432
215 83 1374 395
215 84 1374 98
217 85 1374 1097
220 86 1374 1193
223 87 1374 1341
224 88 1374 773
228 89 1374 1483
233 90 1374 1556
233 91 1374 379
239 92 1374 1656
241 93 1374 1029
243 94 1374 892
245 95 1374 1100
246 96 1374 862
248 97 1374 1031
248 98 1374 277
250 99 1374 1133
250 100 1374 277
251 101 1374 786
253 103 1374 39
253 104 1374 462
253 102 1374 942
254 105 1374 727
259 106 1374 1587
259 107 1374 389
261 108 1374 1077
265 109 1374 1408
265 110 1374 484
269 111 1374 1427
271 112 1374 1091
272 114 1374 126
272 115 1374 160
272 113 1374 500
274 116 1374 953
276 117 1374 967
276 118 1374 173
276 119 1374 461
283 120 1374 1729
290 121 1374 1736
303 123 1374 194
303 122 1374 1889
308 124 1374 1534
309 125 1374 526
310 126 1374 522
311 127 1374 702
315 128 1374 1461
320 129 1374 1561
332 130 1374 1878
337 131 1374 1579
337 132 1374 0
338 133 1374 605
340 134 1374 935
340 135 1374 342
342 136 1374 1071
346 137 1374 1392
357 138 1374 1857
360 139 1374 1295
364 140 1374 1434
365 142 1374 264
365 141 1374 803
368 143 1374 1289
370 144 1374 998
370 145 1374 128
373 146 1374 1213
376 147 1374 1155
378 148 1374 902
379 149 1374 732
379 150 1374 146
388 151 1374 1819
389 152 1374 857
396 153 1374 1741
399 154 1374 1328
399 155 1374 466
400 156 1374 822
401 157 1374 748
401 158 1374 429
412 159 1374 1861
412 160 1374 205
414 161 1374 884
415 162 1374 853
419 163 1374 1440
423 164 1374 1455
424 165 1374 829
428 166 1374 1426
428 167 1374 486
432 168 1374 1490
439 169 1374 1709
441 170 1374 1013
445 171 1374 1485
447 172 1374 1035
448 173 1374 802
450 174 1374 951
452 175 1374 926
456 176 1374 1472
457 177 1374 599
459 178 1374 1120
463 179 1374 1406
466 180 1374 1237
469 181 1374 1291
476 182 1374 1725
477 183 1374 729
481 184 1374 1414
481 185 1374 58
482 186 1374 721
482 187 1374 184
485 188 1374 1202
485 189 1374 469
489 191 1374 323
489 190 1374 1444
491 192 1374 963
511 193 1374 1920
513 194 1374 1090
514 195 1374 550
526 196 1374 1875
527 197 1374 748
535 198 1374 1759
535 199 1374 169
536 200 1374 627
537 201 1374 726
542 202 1374 1590
544 203 1374 1118
550 204 1374 1643
551 205 1374 586
552 206 1374 784
552 207 1374 54
553 208 1374 789
553 209 1374 401
555 211 1374 223
555 210 1374 918
560 212 1374 1552
562 213 1374 947
563 214 1374 623
564 215 1374 838
566 216 1374 1084
566 217 1374 124
566 218 1374 25
570 219 1374 1396
570 220 1374 107
573 221 1374 1241
576 222 1374 1209
578 223 1374 1020
578 224 1374 264
579 225 1374 690
580 226 1374 521
582 227 1374 1039
588 228 1374 1637
588 229 1374 401
590 230 1374 975
591 231 1374 723
592 232 1374 764
594 233 1374 951
595 234 1374 778
596 235 1374 511
602 236 1374 1625
603 237 1374 606
605 238 1374 1010
606 239 1374 828
609 240 1374 1199
610 241 1374 667
613 242 1374 1320
614 243 1374 800
618 244 1374 1475
621 245 1374 1221
622 246 1374 695
622 247 1374 15
625 249 1374 251
625 248 1374 1297
629 250 1374 1391
637 251 1374 1750
638 252 1374 722
638 253 1374 362
638 254 1374 61
641 255 1374 1310
645 256 1374 1442
646 257 1374 570
647 258 1374 853
649 259 1374 952
649 260 1374 64
655 261 1374 1669
655 262 1374 342
655 263 1374 388
659 264 1374 1351
659 265 1374 195
663 266 1374 1383
664 269 1374 112
664 268 1374 169
664 267 1374 601
666 270 1374 1138
666 271 1374 477
668 272 1374 1038
670 273 1374 1122
670 274 1374 196
674 275 1374 1365
684 277 1374 409
684 276 1374 1846
688 278 1374 1469
690 279 1374 968
709 280 1374 1919
710 281 1374 505
716 282 1374 1667
720 283 1374 1385
722 284 1374 934
725 286 1374 1
725 287 1374 401
725 285 1374 1149
727 288 1374 890
731 289 1374 1393
733 290 1374 993
735 291 1374 1055
741 292 1374 1677
741 293 1374 58
742 294 1374 764
746 296 1374 324
746 295 1374 1455
748 297 1374 931
752 298 1374 1373
755 299 1374 1280
763 300 1374 1763
763 301 1374 94
771 302 1374 1771
774 303 1374 1184
776 304 1374 1038
778 305 1374 914
779 306 1374 712
