2 0 1917 1101
4 1 1917 892
4 2 1917 480
8 3 1917 1426
8 4 1917 318
9 5 1917 606
10 6 1917 532
13 7 1917 1271
14 9 1917 310
14 8 1917 565
17 10 1917 1196
19 11 1917 921
19 12 1917 230
29 13 1917 1852
31 14 1917 992
52 15 1917 1922
52 16 1917 144
53 20 1917 283
53 19 1917 307
53 18 1917 348
53 17 1917 621
55 21 1917 923
56 22 1917 807
64 23 1917 1779
66 24 1917 974
68 25 1917 988
70 26 1917 1130
70 27 1917 79
73 28 1917 1277
74 29 1917 532
74 30 1917 282
81 31 1917 1706
82 32 1917 683
87 33 1917 1578
87 34 1917 379
90 35 1917 1241
90 36 1917 22
98 38 1917 442
98 37 1917 1791
104 39 1917 1615
108 40 1917 1452
110 41 1917 881
111 42 1917 735
112 43 1917 778
114 44 1917 1072
117 45 1917 1338
125 46 1917 1774
125 47 1917 7
129 48 1917 1376
132 49 1917 1317
136 50 1917 1379
140 51 1917 1374
140 52 1917 269
144 53 1917 1464
144 54 1917 115
144 55 1917 178
144 56 1917 84
145 58 1917 452
145 57 1917 625
148 59 1917 1254
152 60 1917 1401
152 61 1917 453
171 62 1917 1918
171 63 1917 32
171 64 1917 27
175 65 1917 1415
175 66 1917 237
176 67 1917 577
180 68 1917 1473
186 69 1917 1676
200 70 1917 1899
200 71 1917 277
200 72 1917 179
201 73 1917 658
202 74 1917 779
205 77 1917 28
205 76 1917 187
205 75 1917 1327
206 78 1917 706
211 79 1917 1560
213 80 1917 1138
215 81 1917 1122
216 82 1917 627
228 83 1917 1884
230 84 1917 1077
231 85 1917 833
235 86 1917 1436
238 87 1917 1143
242 88 1917 1462
242 89 1917 200
245 90 1917 1157
248 91 1917 1321
251 92 1917 1339
253 93 1917 1112
253 94 1917 213
255 95 1917 999
257 96 1917 887
258 97 1917 703
259 98 1917 751
264 99 1917 1581
266 100 1917 1101
269 101 1917 1197
269 102 1917 458
275 103 1917 1625
278 104 1917 1343
280 105 1917 1102
283 106 1917 1194
288 107 1917 1536
289 108 1917 684
290 109 1917 713
307 110 1917 1916
307 111 1917 55
317 112 1917 1844
318 115 1917 278
318 114 1917 116
318 113 1917 816
326 116 1917 1750
326 117 1917 33
328 118 1917 880
330 119 1917 1118
345 120 1917 1904
347 121 1917 1018
349 122 1917 1039
352 123 1917 1273
353 124 1917 519
354 125 1917 577
355 126 1917 862
357 127 1917 991
357 128 1917 444
364 129 1917 1705
364 130 1917 440
368 131 1917 1409
371 132 1917 1202
373 134 1917 459
373 133 1917 1049
384 135 1917 1865
385 136 1917 664
387 137 1917 927
388 138 1917 541
402 139 1917 1900
407 140 1917 1563
416 141 1917 1824
416 142 1917 459
417 144 1917 209
417 143 1917 749
419 145 1917 1101
423 146 1917 1402
424 147 1917 523
426 148 1917 996
437 149 1917 1860
440 150 1917 1174
441 151 1917 853
448 152 1917 1747
453 153 1917 1557
458 154 1917 1602
458 155 1917 82
458 156 1917 158
460 157 1917 1110
462 158 1917 1106
463 159 1917 765
463 160 1917 240
463 161 1917 203
465 162 1917 1091
467 163 1917 904
467 164 1917 273
468 165 1917 506
469 166 1917 778
470 167 1917 794
470 168 1917 357
470 169 1917 175
475 170 1917 1539
476 171 1917 823
480 172 1917 1417
482 173 1917 904
486 174 1917 1480
486 175 1917 80
487 176 1917 559
487 177 1917 290
489 178 1917 1063
492 179 1917 1343
494 181 1917 338
494 180 1917 1099
514 182 1917 1920
515 183 1917 509
516 184 1917 531
521 185 1917 1511
526 186 1917 1586
531 187 1917 1570
535 189 1917 376
535 188 1917 1372
542 190 1917 1707
546 191 1917 1478
553 192 1917 1745
560 193 1917 1700
566 194 1917 1660
570 195 1917 1360
571 196 1917 732
575 197 1917 1479
575 198 1917 475
581 200 1917 322
581 199 1917 1627
582 201 1917 608
582 202 1917 166
583 203 1917 820
583 204 1917 320
583 205 1917 350
587 206 1917 1361
588 208 1917 76
588 207 1917 843
593 209 1917 1522
597 210 1917 1447
605 211 1917 1793
605 212 1917 46
611 213 1917 1688
616 214 1917 1591
625 215 1917 1826
625 216 1917 207
626 217 1917 582
626 218 1917 372
627 219 1917 686
628 220 1917 845
630 221 1917 1132
634 222 1917 1347
649 223 1917 1905
649 224 1917 393
649 225 1917 60
651 226 1917 1002
657 227 1917 1641
660 228 1917 1169
660 229 1917 119
663 230 1917 1272
665 231 1917 1004
672 232 1917 1739
676 233 1917 1360
678 234 1917 1020
678 235 1917 491
678 236 1917 172
680 240 1917 150
680 239 1917 180
680 237 1917 1100
680 238 1917 188
681 241 1917 743
685 242 1917 1493
693 243 1917 1775
694 244 1917 854
704 245 1917 1839
708 247 1917 56
708 246 1917 1431
708 248 1917 109
716 249 1917 1759
719 250 1917 1152
719 251 1917 150
721 252 1917 1106
728 253 1917 1714
729 254 1917 782
731 255 1917 1115
734 259 1917 260
734 258 1917 427
734 256 1917 1185
734 257 1917 185
737 260 1917 1272
743 261 1917 1644
748 262 1917 1598
760 266 1917 53
760 263 1917 1882
760 264 1917 249
760 265 1917 442
761 267 1917 611
762 268 1917 668
764 269 1917 1099
770 270 1917 1653
772 271 1917 1032
772 272 1917 394
772 273 1917 192
773 274 1917 536
773 275 1917 102
778 276 1917 1564
783 277 1917 1497
785 278 1917 1051
785 279 1917 478
786 280 1917 554
788 281 1917 946
793 282 1917 1532
796 283 1917 1335
798 284 1917 891
800 285 1917 1122
809 287 1917 25
809 286 1917 1822
810 288 1917 578
820 289 1917 1829
823 290 1917 1230
839 291 1917 1912
840 292 1917 673
850 293 1917 1853
851 295 1917 430
851 294 1917 832
853 296 1917 1069
858 297 1917 1536
863 298 1917 1525
863 299 1917 411
871 300 1917 1785
872 301 1917 820
875 302 1917 1313
877 304 1917 106
877 305 1917 120
877 303 1917 935
883 306 1917 1680
