0 0 135 346
7 1 135 1711
8 2 135 516
11 3 135 1142
14 4 135 1215
14 5 135 177
15 6 135 630
16 8 135 188
16 7 135 635
17 9 135 699
23 10 135 1653
23 11 135 428
23 12 135 111
29 13 135 1632
30 14 135 860
41 15 135 1868
47 16 135 1672
50 18 135 108
50 17 135 1218
51 19 135 717
53 20 135 1111
53 21 135 464
57 22 135 1400
61 23 135 1357
63 24 135 1132
64 25 135 581
64 26 135 176
65 27 135 680
74 28 135 1804
74 29 135 167
79 30 135 1551
81 31 135 1044
86 32 135 1509
87 33 135 696
89 35 135 109
89 34 135 1044
90 38 135 157
90 37 135 282
90 36 135 529
92 39 135 1114
92 40 135 264
92 41 135 56
94 42 135 986
94 43 135 66
95 44 135 757
95 45 135 157
98 46 135 1208
102 47 135 1477
104 48 135 1120
110 49 135 1669
110 50 135 204
110 51 135 428
111 52 135 603
114 53 135 1171
116 54 135 1036
125 56 135 310
125 55 135 1806
127 57 135 1084
127 58 135 9
128 59 135 634
128 60 135 1
140 61 135 1875
141 62 135 755
141 63 135 20
143 64 135 1072
144 65 135 609
145 66 135 843
148 67 135 1339
149 68 135 587
150 69 135 751
153 70 135 1338
157 71 135 1389
159 72 135 1061
161 74 135 453
161 73 135 919
163 75 135 1055
167 76 135 1402
170 77 135 1334
171 78 135 600
173 79 135 974
176 80 135 1297
177 81 135 623
181 82 135 1484
181 83 135 134
194 84 135 1888
196 87 135 337
196 85 135 1123
196 86 135 441
201 88 135 1585
204 89 135 1162
211 90 135 1723
215 92 135 272
215 91 135 1370
219 93 135 1447
221 95 135 314
221 94 135 1112
224 96 135 1225
226 97 135 966
228 98 135 919
228 99 135 148
231 100 135 1238
239 101 135 1794
241 104 135 330
241 102 135 889
241 103 135 368
242 105 135 739
245 106 135 1291
251 107 135 1608
252 108 135 718
267 109 135 1905
267 110 135 404
269 112 135 484
269 111 135 901
271 113 135 959
274 114 135 1261
277 115 135 1302
277 116 135 390
278 117 135 620
278 118 135 57
290 119 135 1873
290 120 135 168
291 121 135 506
297 122 135 1678
301 123 135 1350
303 124 135 953
316 125 135 1893
318 126 135 1117
323 127 135 1538
330 128 135 1732
330 129 135 139
338 132 135 414
338 133 135 451
338 130 135 1755
338 131 135 436
344 134 135 1660
348 135 135 1428
354 136 135 1659
356 137 135 1115
363 138 135 1729
366 139 135 1149
374 140 135 1757
375 141 135 757
380 142 135 1544
385 143 135 1605
386 144 135 758
387 145 135 821
389 146 135 886
392 147 135 1237
392 148 135 186
399 149 135 1734
409 150 135 1848
410 151 135 604
412 152 135 908
414 153 135 971
429 154 135 1905
430 155 135 732
430 156 135 115
434 157 135 1464
437 158 135 1340
437 159 135 362
442 160 135 1546
448 161 135 1678
457 162 135 1801
458 163 135 578
458 164 135 149
471 165 135 1892
471 166 135 486
471 167 135 32
474 168 135 1223
482 169 135 1758
487 170 135 1568
490 171 135 1200
491 172 135 816
492 173 135 832
492 174 135 115
495 175 135 1335
497 176 135 886
497 177 135 73
498 178 135 591
498 179 135 131
500 180 135 1007
509 181 135 1805
513 182 135 1352
535 183 135 1922
535 184 135 215
538 185 135 1151
542 186 135 1452
546 187 135 1368
546 188 135 471
548 189 135 928
551 191 135 194
551 190 135 1313
558 192 135 1700
562 193 135 1366
567 194 135 1527
567 195 135 79
569 196 135 880
571 197 135 965
575 198 135 1455
576 200 135 335
576 199 135 790
577 201 135 853
577 202 135 13
577 203 135 353
577 204 135 166
578 205 135 648
585 206 135 1712
585 207 135 76
586 208 135 855
587 209 135 569
595 210 135 1770
595 211 135 41
597 212 135 873
600 213 135 1208
603 214 135 1280
609 215 135 1666
609 216 135 325
618 218 135 363
618 217 135 1804
620 219 135 923
620 220 135 440
622 221 135 1043
626 222 135 1486
626 223 135 295
626 224 135 444
630 225 135 1374
634 226 135 1424
638 227 135 1375
641 229 135 36
641 230 135 454
641 228 135 1229
651 231 135 1846
652 232 135 543
659 233 135 1726
666 234 135 1721
666 235 135 153
674 236 135 1792
676 237 135 998
684 238 135 1756
688 239 135 1492
692 240 135 1363
696 241 135 1376
697 242 135 512
706 243 135 1826
708 244 135 1082
711 245 135 1271
714 248 135 86
714 247 135 492
714 246 135 1246
722 249 135 1786
728 250 135 1678
730 251 135 1001
731 252 135 602
732 253 135 531
732 254 135 350
735 255 135 1216
738 256 135 1291
744 257 135 1642
754 258 135 1833
755 259 135 717
758 260 135 1148
758 261 135 337
759 262 135 771
760 263 135 819
760 264 135 114
770 265 135 1849
774 266 135 1423
776 267 135 1071
780 268 135 1411
782 269 135 1126
791 270 135 1799
794 271 135 1252
794 272 135 47
795 273 135 796
799 274 135 1485
801 275 135 988
802 276 135 530
807 277 135 1584
809 278 135 1137
811 279 135 1098
811 280 135 127
813 281 135 932
816 282 135 1288
820 283 135 1368
820 284 135 283
824 285 135 1377
827 287 135 11
827 286 135 1244
831 288 135 1375
832 289 135 504
833 290 135 787
833 291 135 149
835 292 135 1090
837 293 135 1038
837 294 135 343
839 295 135 1025
840 296 135 605
846 297 135 1618
853 298 135 1711
856 299 135 1158
864 300 135 1773
864 301 135 174
866 302 135 1005
868 303 135 884
884 305 135 426
884 304 135 1912
886 306 135 954
