0 0 370 159
0 1 370 27
2 2 370 1073
7 3 370 1584
10 4 370 1281
10 5 370 223
19 6 370 1801
21 7 370 986
24 8 370 1329
28 9 370 1435
34 10 370 1641
34 11 370 300
39 12 370 1581
41 13 370 1122
45 14 370 1384
51 15 370 1668
56 19 370 366
56 18 370 192
56 16 370 1554
56 17 370 23
57 20 370 606
58 21 370 640
60 22 370 1085
64 23 370 1350
66 24 370 955
72 25 370 1620
91 26 370 1918
92 27 370 657
98 28 370 1682
101 29 370 1234
104 30 370 1183
107 31 370 1320
109 32 370 973
110 33 370 784
111 34 370 716
112 35 370 676
117 36 370 1532
128 38 370 312
128 37 370 1855
133 39 370 1567
133 40 370 126
135 41 370 1107
135 42 370 167
135 43 370 164
135 44 370 196
141 45 370 1619
143 46 370 979
144 48 370 343
144 47 370 804
151 49 370 1740
151 50 370 325
153 51 370 908
154 52 370 662
154 53 370 253
156 54 370 1092
160 55 370 1444
161 56 370 867
167 57 370 1647
168 58 370 629
173 59 370 1586
173 60 370 230
176 61 370 1144
179 64 370 251
179 65 370 321
179 62 370 1229
179 63 370 95
182 66 370 1251
183 67 370 796
183 68 370 405
184 69 370 708
184 70 370 136
190 71 370 1623
196 72 370 1636
197 73 370 550
197 74 370 240
201 76 370 472
201 75 370 1424
203 77 370 920
206 78 370 1154
209 79 370 1260
210 80 370 640
212 81 370 1114
212 82 370 314
223 83 370 1866
225 85 370 274
225 84 370 908
226 86 370 657
227 87 370 719
233 88 370 1616
236 89 370 1197
243 90 370 1733
252 91 370 1810
255 92 370 1226
256 93 370 651
259 94 370 1336
261 95 370 907
270 96 370 1802
270 97 370 72
280 98 370 1837
289 99 370 1800
289 100 370 367
289 101 370 183
289 102 370 398
294 103 370 1559
299 104 370 1604
300 105 370 627
303 106 370 1197
303 107 370 112
303 108 370 13
308 109 370 1593
310 110 370 971
321 111 370 1871
321 112 370 493
324 113 370 1293
326 114 370 945
328 115 370 1040
329 116 370 829
332 117 370 1287
334 118 370 1111
348 119 370 1901
353 120 370 1588
354 121 370 531
356 122 370 1105
358 123 370 1133
360 124 370 899
360 125 370 251
360 126 370 397
362 127 370 984
364 128 370 1138
367 129 370 1258
372 130 370 1546
372 131 370 399
374 132 370 1007
377 133 370 1278
379 134 370 892
379 135 370 457
380 136 370 716
381 137 370 679
381 138 370 261
381 139 370 281
383 140 370 1002
384 141 370 545
385 144 370 225
385 142 370 706
385 143 370 23
393 145 370 1787
396 146 370 1316
407 147 370 1857
413 150 370 77
413 148 370 1631
413 149 370 296
414 151 370 515
416 152 370 886
427 154 370 212
427 153 370 1860
435 155 370 1760
437 156 370 1002
440 157 370 1189
441 158 370 660
445 159 370 1353
445 160 370 229
445 161 370 212
447 162 370 899
448 164 370 46
448 163 370 679
449 165 370 571
450 166 370 863
452 167 370 1140
452 168 370 400
452 169 370 487
452 170 370 323
452 171 370 149
454 172 370 1025
455 173 370 829
457 174 370 899
459 175 370 1042
466 176 370 1749
468 177 370 1081
470 178 370 908
472 179 370 1037
473 181 370 464
473 180 370 859
476 182 370 1278
477 183 370 841
480 184 370 1180
482 185 370 1031
486 186 370 1438
488 187 370 1071
490 188 370 1065
492 189 370 1057
496 190 370 1379
500 192 370 18
500 191 370 1452
501 193 370 833
501 194 370 52
502 195 370 789
507 196 370 1571
507 197 370 27
521 198 370 1902
526 199 370 1578
528 201 370 176
528 200 370 923
532 202 370 1456
535 203 370 1143
549 204 370 1897
559 205 370 1852
563 206 370 1414
563 207 370 56
565 208 370 961
567 210 370 10
567 209 370 1094
577 211 370 1846
577 212 370 281
582 213 370 1548
582 214 370 494
589 215 370 1689
590 216 370 858
590 217 370 57
594 218 370 1423
596 219 370 939
598 220 370 1057
605 221 370 1716
605 222 370 74
608 223 370 1268
610 224 370 1033
611 225 370 796
611 226 370 130
611 227 370 192
612 228 370 777
612 229 370 109
616 230 370 1396
623 231 370 1722
625 232 370 1104
628 233 370 1254
628 234 370 113
629 235 370 682
631 236 370 933
631 237 370 135
633 238 370 869
636 239 370 1253
641 240 370 1541
645 241 370 1382
645 242 370 110
658 243 370 1895
660 244 370 1046
664 245 370 1458
667 248 370 338
667 249 370 287
667 246 370 1170
667 247 370 395
678 250 370 1856
683 251 370 1514
684 252 370 528
686 253 370 962
687 254 370 521
689 258 370 110
689 257 370 187
689 255 370 1131
689 256 370 102
691 259 370 1100
698 260 370 1721
701 261 370 1222
704 262 370 1203
705 263 370 851
711 264 370 1623
711 265 370 213
712 266 370 741
714 267 370 951
718 268 370 1435
725 269 370 1737
726 270 370 756
727 271 370 723
729 272 370 1113
729 273 370 170
732 274 370 1322
737 275 370 1599
742 278 370 222
742 277 370 103
742 276 370 1605
747 279 370 1499
752 280 370 1551
758 281 370 1660
766 282 370 1778
766 283 370 490
766 284 370 178
775 285 370 1807
778 287 370 142
778 286 370 1193
779 288 370 733
781 289 370 907
782 290 370 579
783 291 370 745
783 292 370 25
790 293 370 1693
794 296 370 179
794 295 370 319
794 294 370 1456
797 297 370 1184
797 298 370 272
798 299 370 832
799 300 370 716
799 301 370 219
801 302 370 885
802 303 370 526
806 304 370 1455
808 305 370 1132
808 306 370 400
