1 0 1746 581
2 1 1746 616
2 2 1746 64
2 3 1746 228
2 4 1746 181
4 5 1746 995
5 6 1746 640
8 7 1746 1336
13 8 1746 1603
15 9 1746 1085
23 10 1746 1792
23 11 1746 115
24 12 1746 656
28 13 1746 1413
28 14 1746 206
29 15 1746 824
29 16 1746 18
30 17 1746 818
31 18 1746 649
34 19 1746 1308
47 20 1746 1891
48 21 1746 696
69 22 1746 1921
70 23 1746 571
72 24 1746 919
73 25 1746 740
76 26 1746 1251
77 27 1746 796
78 28 1746 678
85 29 1746 1702
85 30 1746 317
85 31 1746 252
87 32 1746 890
89 33 1746 896
89 34 1746 216
89 35 1746 25
89 36 1746 35
91 37 1746 899
93 38 1746 995
94 39 1746 612
96 40 1746 1119
104 41 1746 1769
108 42 1746 1474
108 43 1746 360
111 44 1746 1302
111 45 1746 36
118 47 1746 323
118 46 1746 1739
122 48 1746 1345
127 49 1746 1530
131 50 1746 1375
131 51 1746 367
136 52 1746 1563
139 53 1746 1284
140 54 1746 606
149 55 1746 1809
150 56 1746 619
154 57 1746 1417
157 58 1746 1234
161 59 1746 1365
167 60 1746 1668
175 61 1746 1769
176 62 1746 658
185 63 1746 1825
186 64 1746 767
191 65 1746 1540
194 66 1746 1149
200 67 1746 1684
203 68 1746 1197
203 69 1746 180
204 70 1746 789
206 71 1746 1044
213 72 1746 1747
213 73 1746 37
213 74 1746 189
213 75 1746 121
216 76 1746 1146
221 77 1746 1561
224 78 1746 1194
226 79 1746 882
228 80 1746 925
230 81 1746 927
234 82 1746 1375
236 83 1746 1073
236 84 1746 327
248 85 1746 1875
249 86 1746 614
254 87 1746 1531
254 88 1746 290
254 89 1746 331
257 90 1746 1330
258 91 1746 542
263 92 1746 1590
268 93 1746 1554
269 94 1746 868
272 95 1746 1274
274 96 1746 1111
279 97 1746 1574
284 98 1746 1517
290 99 1746 1687
291 100 1746 811
291 101 1746 54
293 102 1746 1051
296 103 1746 1165
297 104 1746 741
297 105 1746 331
298 106 1746 545
303 107 1746 1525
305 108 1746 1094
305 109 1746 484
306 110 1746 662
308 113 1746 351
308 114 1746 440
308 111 1746 983
308 112 1746 223
309 115 1746 741
309 116 1746 394
314 117 1746 1510
319 118 1746 1498
320 119 1746 817
322 120 1746 925
327 121 1746 1542
331 122 1746 1394
332 123 1746 865
333 124 1746 774
333 125 1746 246
337 126 1746 1378
337 127 1746 192
339 128 1746 1094
340 129 1746 840
342 130 1746 934
347 132 1746 43
347 131 1746 1497
351 133 1746 1432
351 134 1746 71
353 135 1746 870
362 136 1746 1801
362 137 1746 210
362 138 1746 332
382 139 1746 1920
385 140 1746 1330
387 142 1746 437
387 141 1746 1013
394 143 1746 1730
399 144 1746 1593
399 145 1746 347
399 146 1746 319
402 147 1746 1239
404 148 1746 1114
404 149 1746 127
406 150 1746 879
411 151 1746 1526
411 152 1746 76
412 153 1746 700
413 154 1746 761
416 155 1746 1193
417 156 1746 585
417 157 1746 185
417 158 1746 390
417 159 1746 494
419 163 1746 253
419 162 1746 431
419 160 1746 877
419 161 1746 352
423 164 1746 1474
425 165 1746 1090
427 166 1746 940
428 167 1746 716
428 168 1746 279
432 169 1746 1494
433 170 1746 865
433 171 1746 184
436 172 1746 1177
441 173 1746 1502
445 174 1746 1411
455 175 1746 1837
457 176 1746 1105
462 177 1746 1588
465 178 1746 1197
465 179 1746 427
475 181 1746 139
475 180 1746 1852
477 182 1746 1002
479 183 1746 967
491 184 1746 1885
494 185 1746 1333
498 186 1746 1420
501 187 1746 1267
502 188 1746 670
503 189 1746 803
503 190 1746 285
509 191 1746 1615
516 192 1746 1744
524 193 1746 1762
526 194 1746 1043
528 195 1746 977
529 196 1746 582
529 197 1746 184
529 198 1746 255
530 199 1746 502
533 200 1746 1331
538 201 1746 1528
540 202 1746 959
545 203 1746 1544
548 204 1746 1186
549 205 1746 695
549 206 1746 348
550 207 1746 499
553 208 1746 1213
554 210 1746 88
554 209 1746 849
556 211 1746 921
558 212 1746 913
571 213 1746 1887
572 214 1746 567
573 215 1746 737
576 216 1746 1275
580 219 1746 141
580 218 1746 292
580 217 1746 1388
585 220 1746 1595
590 221 1746 1598
590 222 1746 45
594 223 1746 1401
597 224 1746 1209
600 225 1746 1174
600 226 1746 364
603 228 1746 458
603 227 1746 1340
603 229 1746 434
606 230 1746 1254
608 231 1746 921
611 232 1746 1332
612 233 1746 694
614 234 1746 1021
614 235 1746 324
616 236 1746 1104
620 237 1746 1382
627 238 1746 1705
630 239 1746 1190
632 240 1746 984
634 241 1746 921
634 242 1746 53
641 243 1746 1746
642 244 1746 714
645 245 1746 1288
646 246 1746 701
654 247 1746 1782
657 249 1746 305
657 248 1746 1194
663 250 1746 1627
665 251 1746 1118
674 252 1746 1816
674 253 1746 114
675 254 1746 832
681 255 1746 1658
685 256 1746 1482
689 258 1746 335
689 260 1746 330
689 257 1746 1483
689 259 1746 12
691 261 1746 933
691 262 1746 40
692 263 1746 779
697 264 1746 1519
699 265 1746 1092
704 267 1746 219
704 266 1746 1513
705 269 1746 243
705 268 1746 866
710 270 1746 1557
719 271 1746 1817
725 272 1746 1608
727 273 1746 1027
729 274 1746 1081
730 275 1746 673
735 276 1746 1544
735 277 1746 224
736 278 1746 686
746 279 1746 1845
746 280 1746 472
747 281 1746 507
747 282 1746 145
747 283 1746 152
748 284 1746 731
748 285 1746 135
750 286 1746 1030
753 287 1746 1218
761 288 1746 1786
764 289 1746 1287
765 290 1746 766
770 291 1746 1546
772 292 1746 1047
779 293 1746 1693
780 294 1746 859
780 295 1746 51
782 296 1746 880
785 298 1746 226
785 297 1746 1198
790 299 1746 1547
797 300 1746 1699
797 301 1746 482
799 302 1746 915
801 303 1746 951
802 304 1746 672
809 305 1746 1735
813 306 1746 1434
