2 0 1235 1124
4 1 1235 1060
8 2 1235 1459
9 3 1235 696
13 4 1235 1352
16 5 1235 1323
19 6 1235 1335
21 8 1235 191
21 7 1235 963
28 9 1235 1698
28 10 1235 458
28 11 1235 339
35 12 1235 1708
35 13 1235 287
41 14 1235 1688
46 15 1235 1593
64 16 1235 1918
64 17 1235 363
66 18 1235 977
67 19 1235 608
73 20 1235 1636
75 21 1235 1124
75 22 1235 346
75 23 1235 107
76 24 1235 667
82 25 1235 1618
83 26 1235 678
85 27 1235 1051
89 28 1235 1369
95 29 1235 1633
102 30 1235 1735
118 31 1235 1911
123 32 1235 1556
127 33 1235 1421
134 34 1235 1700
138 35 1235 1408
144 38 1235 193
144 37 1235 70
144 36 1235 1632
156 39 1235 1874
158 40 1235 934
160 41 1235 1019
160 42 1235 258
161 43 1235 613
167 44 1235 1625
168 45 1235 742
175 46 1235 1702
176 47 1235 689
178 48 1235 879
185 49 1235 1743
188 50 1235 1149
190 51 1235 1062
192 52 1235 915
196 53 1235 1370
198 54 1235 1010
225 55 1235 1924
226 56 1235 713
230 57 1235 1352
230 58 1235 28
236 59 1235 1658
237 60 1235 644
237 61 1235 284
242 62 1235 1518
242 63 1235 483
255 64 1235 1888
255 65 1235 471
256 67 1235 286
256 66 1235 707
257 68 1235 512
257 69 1235 280
269 70 1235 1885
279 71 1235 1848
279 72 1235 169
281 73 1235 1027
286 74 1235 1598
287 75 1235 616
288 76 1235 865
294 77 1235 1657
294 78 1235 406
304 79 1235 1849
314 80 1235 1841
331 81 1235 1913
331 82 1235 171
336 83 1235 1550
336 84 1235 483
337 85 1235 673
339 86 1235 996
339 87 1235 186
339 88 1235 410
346 89 1235 1700
347 90 1235 694
347 91 1235 280
347 92 1235 41
347 93 1235 460
350 94 1235 1229
351 95 1235 650
355 96 1235 1425
362 97 1235 1700
363 98 1235 650
366 99 1235 1153
366 100 1235 35
370 101 1235 1415
370 102 1235 177
371 103 1235 598
379 104 1235 1783
382 105 1235 1225
384 106 1235 892
393 107 1235 1812
400 108 1235 1696
400 109 1235 393
402 110 1235 1058
404 111 1235 981
406 112 1235 945
406 113 1235 104
413 114 1235 1741
414 115 1235 655
414 116 1235 112
427 117 1235 1893
454 118 1235 1924
457 119 1235 1214
461 120 1235 1400
462 121 1235 521
471 122 1235 1800
472 123 1235 736
477 124 1235 1511
482 125 1235 1604
491 126 1235 1807
497 127 1235 1634
504 128 1235 1722
506 129 1235 948
508 130 1235 1116
510 131 1235 1090
512 132 1235 1007
515 133 1235 1177
524 134 1235 1814
524 135 1235 426
531 136 1235 1736
536 137 1235 1498
543 138 1235 1692
546 139 1235 1182
553 140 1235 1706
555 142 1235 414
555 143 1235 17
555 141 1235 1108
556 144 1235 642
562 145 1235 1638
565 146 1235 1260
576 147 1235 1862
577 148 1235 644
578 149 1235 573
579 150 1235 538
583 151 1235 1457
590 152 1235 1701
594 153 1235 1360
600 154 1235 1678
604 155 1235 1438
609 156 1235 1539
613 157 1235 1365
615 158 1235 1012
615 159 1235 178
618 160 1235 1343
621 162 1235 89
621 161 1235 1182
622 163 1235 747
625 164 1235 1202
638 165 1235 1893
652 166 1235 1898
659 167 1235 1692
659 168 1235 214
662 169 1235 1315
663 170 1235 844
664 172 1235 200
664 171 1235 538
665 173 1235 741
669 174 1235 1433
669 175 1235 291
669 176 1235 106
677 177 1235 1783
677 178 1235 94
686 179 1235 1797
686 180 1235 343
697 181 1235 1870
699 182 1235 990
702 183 1235 1148
702 184 1235 409
707 185 1235 1584
710 186 1235 1314
715 187 1235 1571
719 189 1235 376
719 188 1235 1424
720 191 1235 371
720 192 1235 485
720 190 1235 811
725 193 1235 1513
733 194 1235 1764
734 195 1235 523
736 196 1235 1018
741 197 1235 1592
742 198 1235 739
743 199 1235 673
749 200 1235 1664
753 201 1235 1493
759 202 1235 1647
762 203 1235 1253
768 204 1235 1654
798 205 1235 1924
801 206 1235 1256
803 207 1235 959
813 208 1235 1852
817 209 1235 1386
820 210 1235 1331
826 211 1235 1680
829 212 1235 1271
831 213 1235 1140
839 214 1235 1760
843 215 1235 1398
843 216 1235 192
844 217 1235 865
844 218 1235 338
849 219 1235 1543
850 222 1235 268
850 220 1235 578
850 221 1235 327
858 223 1235 1762
859 224 1235 504
859 225 1235 473
859 226 1235 53
860 227 1235 612
862 228 1235 902
864 229 1235 910
867 231 1235 439
867 230 1235 1197
869 232 1235 1044
873 233 1235 1345
873 234 1235 132
874 235 1235 775
874 236 1235 222
880 237 1235 1661
884 241 1235 354
884 240 1235 328
884 238 1235 1418
884 239 1235 410
890 242 1235 1644
890 243 1235 37
892 244 1235 969
894 245 1235 1055
896 246 1235 1024
899 247 1235 1270
905 251 1235 152
905 250 1235 330
905 248 1235 1678
905 249 1235 366
908 252 1235 1254
910 253 1235 1121
910 254 1235 95
913 255 1235 1337
916 256 1235 1224
925 257 1235 1810
926 258 1235 749
929 259 1235 1181
940 260 1235 1871
941 261 1235 643
941 262 1235 57
943 263 1235 941
943 264 1235 189
945 265 1235 892
946 266 1235 636
956 267 1235 1850
958 268 1235 1007
960 269 1235 984
963 270 1235 1176
963 271 1235 456
967 272 1235 1371
977 273 1235 1852
980 274 1235 1215
980 275 1235 223
981 276 1235 608
981 277 1235 230
982 278 1235 793
986 279 1235 1373
990 280 1235 1373
991 281 1235 707
992 282 1235 859
993 283 1235 536
994 284 1235 579
996 285 1235 1044
998 286 1235 1110
1008 287 1235 1847
1011 288 1235 1250
1012 289 1235 720
1016 290 1235 1475
1016 291 1235 337
1018 292 1235 911
1018 293 1235 237
1018 294 1235 463
1024 295 1235 1609
1024 296 1235 297
1025 297 1235 702
1033 298 1235 1773
1033 299 1235 76
1033 300 1235 418
1035 301 1235 1099
1035 302 1235 263
1036 303 1235 694
1038 304 1235 1114
1047 305 1235 1799
1048 306 1235 705
