0 0 1589 262
1 1 1589 586
4 2 1589 1167
4 3 1589 296
5 4 1589 627
7 5 1589 1002
8 6 1589 577
9 7 1589 793
12 8 1589 1157
15 9 1589 1308
16 10 1589 679
19 11 1589 1177
22 12 1589 1285
26 13 1589 1404
33 14 1589 1707
34 15 1589 795
37 16 1589 1174
37 17 1589 475
39 18 1589 933
40 19 1589 780
44 20 1589 1468
50 21 1589 1638
50 22 1589 371
52 23 1589 970
52 24 1589 460
53 25 1589 746
58 26 1589 1496
59 28 1589 353
59 27 1589 667
61 29 1589 902
61 30 1589 133
62 31 1589 614
67 32 1589 1603
68 33 1589 558
73 34 1589 1528
85 35 1589 1879
86 36 1589 644
89 37 1589 1332
90 38 1589 641
91 39 1589 625
91 40 1589 178
91 41 1589 341
92 42 1589 850
100 43 1589 1760
106 44 1589 1643
113 46 1589 29
113 45 1589 1697
116 47 1589 1333
117 48 1589 667
119 49 1589 1089
126 50 1589 1696
129 51 1589 1255
131 52 1589 1053
132 53 1589 551
138 54 1589 1661
139 57 1589 197
139 56 1589 214
139 55 1589 549
147 58 1589 1760
156 59 1589 1805
160 60 1589 1431
170 61 1589 1835
170 62 1589 440
170 63 1589 254
173 65 1589 65
173 64 1589 1174
178 66 1589 1499
179 67 1589 726
188 68 1589 1800
196 69 1589 1752
196 70 1589 151
204 71 1589 1767
212 73 1589 307
212 72 1589 1758
213 74 1589 602
215 75 1589 1127
216 76 1589 787
217 77 1589 535
220 78 1589 1252
221 79 1589 687
222 80 1589 717
222 81 1589 162
251 82 1589 1924
254 83 1589 1189
256 84 1589 1130
257 85 1589 803
261 86 1589 1485
263 87 1589 1052
264 88 1589 822
266 89 1589 979
272 90 1589 1665
272 91 1589 446
277 92 1589 1496
278 93 1589 760
280 95 1589 267
280 94 1589 1119
289 96 1589 1826
290 97 1589 595
291 98 1589 586
296 99 1589 1577
296 100 1589 198
299 101 1589 1228
303 102 1589 1457
304 103 1589 839
306 104 1589 938
317 105 1589 1854
321 106 1589 1421
322 107 1589 746
334 108 1589 1874
335 109 1589 534
341 110 1589 1686
346 111 1589 1604
348 112 1589 870
350 113 1589 1073
352 114 1589 1088
355 115 1589 1268
365 116 1589 1835
368 117 1589 1176
370 118 1589 1049
370 119 1589 371
371 120 1589 504
371 121 1589 447
380 122 1589 1828
381 123 1589 821
381 124 1589 87
387 125 1589 1629
387 126 1589 271
389 127 1589 998
391 128 1589 1113
391 129 1589 334
394 130 1589 1225
394 131 1589 192
406 132 1589 1874
411 133 1589 1599
411 134 1589 489
415 135 1589 1413
416 136 1589 629
418 137 1589 1084
418 138 1589 251
421 139 1589 1201
424 140 1589 1306
425 141 1589 739
427 143 1589 288
427 142 1589 1102
430 144 1589 1217
430 145 1589 60
435 146 1589 1501
435 147 1589 422
440 148 1589 1596
448 149 1589 1775
448 150 1589 357
449 151 1589 650
453 153 1589 215
453 152 1589 1471
455 154 1589 1072
461 155 1589 1676
464 156 1589 1325
465 157 1589 636
466 158 1589 752
469 159 1589 1233
474 161 1589 423
474 160 1589 1582
479 162 1589 1557
484 163 1589 1539
487 164 1589 1233
491 165 1589 1494
497 166 1589 1655
500 167 1589 1195
501 168 1589 584
506 169 1589 1599
507 170 1589 638
508 171 1589 750
510 172 1589 925
518 173 1589 1772
520 174 1589 989
527 175 1589 1690
530 176 1589 1269
535 177 1589 1539
540 180 1589 128
540 179 1589 26
540 178 1589 1528
548 181 1589 1773
551 182 1589 1326
554 183 1589 1263
568 184 1589 1901
569 185 1589 575
570 186 1589 646
576 187 1589 1658
577 188 1589 526
578 190 1589 88
578 189 1589 738
596 191 1589 1918
596 192 1589 332
598 193 1589 942
603 194 1589 1543
605 195 1589 883
607 196 1589 1106
611 197 1589 1488
613 198 1589 980
619 199 1589 1648
619 200 1589 330
619 201 1589 305
627 202 1589 1763
648 203 1589 1922
650 204 1589 1136
655 205 1589 1531
661 206 1589 1650
667 207 1589 1623
670 208 1589 1150
673 209 1589 1306
673 210 1589 406
680 211 1589 1710
682 212 1589 1032
683 213 1589 725
685 214 1589 1105
692 215 1589 1734
694 216 1589 1021
694 217 1589 294
699 218 1589 1563
700 219 1589 658
701 220 1589 848
721 221 1589 1921
722 222 1589 669
730 223 1589 1771
735 224 1589 1511
736 226 1589 418
736 225 1589 645
751 229 1589 105
751 227 1589 1907
751 228 1589 228
752 230 1589 584
759 231 1589 1706
760 232 1589 559
769 233 1589 1805
775 234 1589 1621
782 235 1589 1747
782 236 1589 9
785 239 1589 369
785 237 1589 1329
785 238 1589 127
786 240 1589 849
788 241 1589 947
789 242 1589 507
792 244 1589 331
792 243 1589 1144
792 245 1589 303
794 246 1589 885
799 247 1589 1531
807 248 1589 1762
814 249 1589 1734
822 250 1589 1787
823 251 1589 811
833 252 1589 1849
833 253 1589 321
834 255 1589 334
834 254 1589 800
839 256 1589 1561
857 257 1589 1917
857 258 1589 410
857 259 1589 490
859 260 1589 1113
865 261 1589 1667
869 262 1589 1394
871 263 1589 1045
872 264 1589 722
873 265 1589 625
876 266 1589 1151
879 267 1589 1152
881 268 1589 1029
884 269 1589 1283
891 270 1589 1724
897 271 1589 1617
897 272 1589 167
900 273 1589 1193
907 274 1589 1733
916 275 1589 1825
920 276 1589 1413
924 277 1589 1449
928 278 1589 1439
931 279 1589 1208
937 280 1589 1684
938 284 1589 243
938 283 1589 419
938 281 1589 812
938 282 1589 145
945 285 1589 1697
953 286 1589 1781
953 287 1589 237
955 288 1589 1005
958 291 1589 16
958 289 1589 1286
958 290 1589 185
960 292 1589 918
965 293 1589 1561
968 294 1589 1181
970 295 1589 1106
974 296 1589 1477
978 297 1589 1387
978 298 1589 422
984 299 1589 1631
986 300 1589 1077
992 301 1589 1658
993 304 1589 9
993 305 1589 169
993 302 1589 501
993 303 1589 479
994 306 1589 644
