1 0 1648 846
14 1 1648 1890
27 2 1648 1886
32 3 1648 1606
36 4 1648 1466
40 5 1648 1459
41 7 1648 236
41 8 1648 126
41 6 1648 590
45 9 1648 1488
46 10 1648 855
46 11 1648 387
49 12 1648 1153
53 13 1648 1465
54 14 1648 738
56 16 1648 298
56 15 1648 921
60 17 1648 1437
66 18 1648 1671
71 19 1648 1551
72 20 1648 715
74 21 1648 997
75 22 1648 613
75 23 1648 331
77 24 1648 943
82 25 1648 1512
82 26 1648 477
87 27 1648 1535
91 32 1648 189
91 31 1648 471
91 28 1648 1367
91 29 1648 266
91 30 1648 417
92 33 1648 816
93 34 1648 849
94 35 1648 758
101 36 1648 1690
108 37 1648 1692
112 38 1648 1423
113 39 1648 578
113 40 1648 104
120 41 1648 1742
130 42 1648 1848
130 43 1648 115
134 44 1648 1459
144 45 1648 1851
146 46 1648 1045
149 47 1648 1253
151 48 1648 1074
151 49 1648 167
152 50 1648 777
167 51 1648 1905
168 52 1648 754
172 53 1648 1447
179 54 1648 1716
187 55 1648 1774
190 56 1648 1277
195 57 1648 1554
196 58 1648 663
208 59 1648 1878
210 60 1648 982
212 61 1648 980
213 62 1648 794
221 63 1648 1784
223 66 1648 197
223 67 1648 336
223 64 1648 1071
223 65 1648 384
224 68 1648 615
239 69 1648 1904
242 70 1648 1155
243 71 1648 530
243 72 1648 13
245 73 1648 1093
249 74 1648 1446
251 75 1648 897
253 77 1648 497
253 76 1648 1074
254 78 1648 797
256 79 1648 1016
256 80 1648 467
259 81 1648 1149
259 82 1648 460
262 83 1648 1199
266 84 1648 1414
266 85 1648 436
272 86 1648 1641
273 87 1648 666
275 88 1648 1025
277 89 1648 1000
281 90 1648 1406
281 91 1648 135
283 92 1648 1029
287 93 1648 1470
292 94 1648 1520
294 95 1648 1049
296 97 1648 63
296 96 1648 948
298 98 1648 969
300 99 1648 1075
306 100 1648 1654
307 101 1648 708
308 102 1648 637
310 103 1648 1094
312 104 1648 937
312 105 1648 246
325 106 1648 1891
330 107 1648 1586
330 108 1648 1
331 109 1648 818
332 110 1648 699
333 111 1648 779
334 112 1648 757
339 113 1648 1571
343 114 1648 1411
351 115 1648 1758
352 116 1648 520
357 117 1648 1519
357 118 1648 369
358 119 1648 634
359 120 1648 667
363 121 1648 1456
366 122 1648 1236
371 124 1648 498
371 123 1648 1540
373 125 1648 1019
377 126 1648 1425
377 127 1648 468
382 128 1648 1497
382 129 1648 397
394 130 1648 1873
396 131 1648 1010
400 132 1648 1453
406 133 1648 1646
409 134 1648 1287
415 135 1648 1683
416 136 1648 512
419 137 1648 1290
419 138 1648 262
422 139 1648 1168
422 140 1648 470
422 141 1648 55
423 143 1648 206
423 144 1648 301
423 142 1648 664
424 145 1648 626
427 146 1648 1303
431 147 1648 1383
431 148 1648 58
437 149 1648 1687
438 150 1648 528
442 151 1648 1354
448 155 1648 197
448 154 1648 408
448 153 1648 334
448 152 1648 1618
452 156 1648 1397
454 157 1648 1022
455 158 1648 596
465 159 1648 1842
466 160 1648 745
470 161 1648 1422
470 162 1648 88
475 163 1648 1529
477 164 1648 869
483 165 1648 1614
486 166 1648 1251
488 167 1648 1035
488 168 1648 284
494 169 1648 1652
497 170 1648 1246
500 171 1648 1155
503 172 1648 1257
505 174 1648 164
505 173 1648 1126
506 175 1648 611
507 176 1648 791
509 177 1648 1029
512 178 1648 1238
521 179 1648 1797
527 180 1648 1641
527 181 1648 42
527 182 1648 409
534 183 1648 1735
542 184 1648 1793
543 185 1648 519
546 186 1648 1316
548 187 1648 1118
551 188 1648 1238
553 189 1648 1089
553 190 1648 285
557 191 1648 1414
558 194 1648 422
558 192 1648 694
558 193 1648 344
560 195 1648 972
573 196 1648 1892
575 197 1648 1060
578 198 1648 1261
579 199 1648 611
582 200 1648 1300
582 201 1648 267
584 204 1648 441
584 202 1648 1098
584 203 1648 331
587 205 1648 1298
587 206 1648 96
587 207 1648 491
587 208 1648 169
594 209 1648 1721
597 211 1648 367
597 210 1648 1331
604 212 1648 1708
605 213 1648 724
605 214 1648 201
606 215 1648 702
608 216 1648 1013
608 217 1648 278
614 218 1648 1661
614 219 1648 350
614 220 1648 297
614 221 1648 132
621 222 1648 1721
623 223 1648 1120
627 224 1648 1367
635 225 1648 1756
635 226 1648 460
637 227 1648 913
638 228 1648 703
640 229 1648 1117
641 230 1648 644
647 231 1648 1656
654 232 1648 1693
655 233 1648 626
655 234 1648 496
659 235 1648 1373
661 236 1648 869
661 237 1648 78
664 238 1648 1293
664 239 1648 494
664 240 1648 423
665 241 1648 825
667 242 1648 948
671 243 1648 1442
677 244 1648 1683
687 245 1648 1843
693 246 1648 1631
706 248 1648 142
706 247 1648 1894
712 249 1648 1645
724 250 1648 1884
730 251 1648 1613
733 252 1648 1324
735 253 1648 911
735 254 1648 314
738 256 1648 470
738 255 1648 1167
752 257 1648 1903
754 258 1648 888
755 259 1648 609
756 260 1648 837
758 261 1648 1108
765 262 1648 1712
767 263 1648 977
769 264 1648 1076
774 265 1648 1599
775 266 1648 599
777 268 1648 227
777 267 1648 1081
778 269 1648 752
786 270 1648 1758
788 271 1648 934
790 272 1648 909
793 273 1648 1166
803 274 1648 1852
807 275 1648 1397
809 277 1648 279
809 276 1648 1108
813 278 1648 1361
817 279 1648 1449
817 280 1648 124
817 281 1648 491
818 282 1648 770
820 283 1648 983
823 284 1648 1157
825 285 1648 955
825 286 1648 332
826 288 1648 312
826 287 1648 781
829 289 1648 1254
831 290 1648 903
833 291 1648 890
835 292 1648 1114
836 293 1648 683
841 294 1648 1581
844 295 1648 1240
846 296 1648 1037
859 297 1648 1895
859 298 1648 365
859 299 1648 83
862 300 1648 1243
863 301 1648 550
869 302 1648 1667
872 303 1648 1315
881 304 1648 1811
883 305 1648 950
884 306 1648 704
