9 0 1585 1812
9 1 1585 401
18 2 1585 1805
20 3 1585 1034
21 4 1585 635
22 5 1585 828
23 6 1585 789
29 7 1585 1655
33 8 1585 1474
33 9 1585 477
35 10 1585 990
36 11 1585 788
37 12 1585 686
40 13 1585 1158
40 14 1585 361
40 15 1585 102
42 17 1585 51
42 16 1585 1114
45 18 1585 1242
46 19 1585 773
49 20 1585 1239
49 21 1585 472
59 22 1585 1836
62 23 1585 1297
62 24 1585 387
63 26 1585 239
63 27 1585 266
63 25 1585 864
66 28 1585 1195
68 29 1585 967
71 30 1585 1203
71 31 1585 295
72 32 1585 706
74 33 1585 987
85 34 1585 1866
88 35 1585 1218
91 36 1585 1262
93 37 1585 1088
93 38 1585 46
97 39 1585 1392
98 40 1585 565
100 41 1585 1087
104 42 1585 1357
105 43 1585 782
107 44 1585 980
109 45 1585 1120
111 47 1585 398
111 46 1585 902
112 48 1585 612
114 49 1585 902
115 50 1585 538
118 51 1585 1310
118 52 1585 34
129 53 1585 1868
132 54 1585 1262
135 56 1585 490
135 55 1585 1339
136 57 1585 507
137 58 1585 647
144 59 1585 1695
145 60 1585 588
146 61 1585 522
146 62 1585 460
147 63 1585 506
150 64 1585 1199
151 66 1585 82
151 65 1585 694
157 67 1585 1623
160 68 1585 1216
162 69 1585 1067
163 70 1585 765
163 71 1585 26
163 72 1585 4
171 74 1585 207
171 75 1585 152
171 73 1585 1775
173 76 1585 1040
175 77 1585 1053
175 78 1585 317
178 79 1585 1191
191 80 1585 1887
199 81 1585 1766
204 84 1585 428
204 83 1585 293
204 82 1585 1579
213 85 1585 1818
213 86 1585 261
214 87 1585 762
220 88 1585 1650
221 89 1585 527
222 90 1585 728
223 92 1585 441
223 93 1585 276
223 91 1585 755
224 94 1585 803
224 95 1585 43
225 96 1585 627
226 97 1585 850
231 98 1585 1508
231 99 1585 285
233 100 1585 1038
236 101 1585 1203
238 102 1585 1107
242 103 1585 1469
242 104 1585 137
243 105 1585 512
246 106 1585 1305
246 107 1585 183
252 108 1585 1660
254 109 1585 1110
254 110 1585 298
258 111 1585 1362
258 112 1585 189
262 113 1585 1380
269 114 1585 1732
270 115 1585 747
271 116 1585 868
271 117 1585 166
271 118 1585 78
274 119 1585 1306
274 120 1585 433
277 121 1585 1244
291 122 1585 1898
292 123 1585 689
292 124 1585 339
292 125 1585 10
297 126 1585 1509
303 127 1585 1653
305 128 1585 971
305 129 1585 164
309 131 1585 189
309 130 1585 1449
313 132 1585 1470
313 133 1585 32
313 134 1585 152
314 135 1585 684
315 136 1585 659
315 137 1585 109
315 138 1585 155
325 139 1585 1841
326 140 1585 513
326 141 1585 77
328 142 1585 1026
329 143 1585 540
329 144 1585 228
332 145 1585 1291
333 146 1585 565
335 148 1585 469
335 147 1585 985
335 149 1585 56
337 150 1585 1100
337 151 1585 460
338 153 1585 201
338 152 1585 772
346 154 1585 1776
353 155 1585 1719
356 156 1585 1230
356 157 1585 417
358 158 1585 1130
358 159 1585 127
360 160 1585 927
365 161 1585 1576
367 162 1585 1136
372 163 1585 1496
377 164 1585 1585
377 165 1585 109
386 166 1585 1816
386 167 1585 157
389 168 1585 1228
391 169 1585 1047
391 170 1585 87
392 173 1585 161
392 171 1585 758
392 172 1585 10
393 174 1585 793
393 175 1585 356
393 176 1585 217
397 177 1585 1358
397 178 1585 461
399 179 1585 973
403 180 1585 1369
404 181 1585 523
407 182 1585 1184
409 183 1585 915
411 184 1585 989
413 185 1585 989
416 186 1585 1342
419 188 1585 180
419 189 1585 358
419 187 1585 1269
423 191 1585 241
423 190 1585 1379
425 192 1585 904
425 193 1585 28
427 194 1585 913
428 195 1585 861
429 196 1585 865
433 197 1585 1455
435 198 1585 879
435 199 1585 118
439 201 1585 407
439 200 1585 1399
445 202 1585 1682
449 203 1585 1346
462 204 1585 1893
462 205 1585 342
462 206 1585 449
463 207 1585 610
466 208 1585 1332
470 209 1585 1419
475 210 1585 1501
484 211 1585 1797
496 212 1585 1881
496 213 1585 156
497 214 1585 682
497 215 1585 404
497 216 1585 392
497 217 1585 221
498 218 1585 507
499 219 1585 596
500 220 1585 692
501 221 1585 547
515 222 1585 1901
517 223 1585 869
522 224 1585 1593
530 225 1585 1771
538 226 1585 1778
553 227 1585 1907
556 228 1585 1173
567 229 1585 1857
571 230 1585 1416
572 231 1585 687
572 232 1585 478
572 233 1585 342
577 234 1585 1499
579 235 1585 961
580 236 1585 766
588 237 1585 1762
590 238 1585 946
591 239 1585 647
592 240 1585 539
593 241 1585 731
604 242 1585 1861
605 243 1585 685
606 244 1585 781
611 245 1585 1507
611 246 1585 285
612 247 1585 748
615 248 1585 1270
616 249 1585 509
616 250 1585 469
617 251 1585 643
619 252 1585 948
619 253 1585 283
623 254 1585 1351
624 255 1585 851
624 256 1585 430
625 257 1585 812
631 258 1585 1678
631 259 1585 122
631 260 1585 488
631 261 1585 466
635 262 1585 1362
639 263 1585 1400
639 264 1585 3
640 265 1585 814
643 266 1585 1318
648 267 1585 1539
649 268 1585 582
655 269 1585 1645
660 270 1585 1562
661 271 1585 554
664 272 1585 1199
672 273 1585 1784
672 274 1585 56
684 275 1585 1885
685 276 1585 611
688 279 1585 85
688 277 1585 1215
688 278 1585 88
692 280 1585 1486
694 281 1585 1030
695 282 1585 636
696 283 1585 664
700 284 1585 1387
701 285 1585 773
707 287 1585 194
707 286 1585 1663
709 288 1585 915
710 289 1585 648
711 290 1585 531
723 291 1585 1878
723 292 1585 84
724 293 1585 824
724 294 1585 158
724 295 1585 72
727 297 1585 460
727 296 1585 1294
728 298 1585 682
741 299 1585 1891
741 300 1585 188
742 301 1585 670
742 302 1585 166
747 303 1585 1550
749 304 1585 871
759 305 1585 1839
763 306 1585 1368
