4 0 673 1481
16 1 673 1880
17 2 673 840
25 3 673 1781
30 4 673 1579
36 5 673 1631
37 6 673 596
38 7 673 729
38 8 673 48
43 9 673 1545
44 10 673 657
45 11 673 607
46 12 673 662
48 13 673 981
49 14 673 762
50 15 673 680
54 16 673 1383
59 20 673 141
59 19 673 411
59 18 673 103
59 17 673 1601
60 21 673 578
63 22 673 1206
63 23 673 41
75 24 673 1884
77 25 673 891
78 26 673 512
84 27 673 1624
91 28 673 1699
96 29 673 1516
96 30 673 34
97 31 673 594
100 32 673 1209
104 33 673 1424
106 34 673 1070
108 35 673 959
110 36 673 1130
113 38 673 91
113 37 673 1269
114 39 673 582
117 40 673 1283
124 41 673 1713
124 42 673 188
130 43 673 1658
133 44 673 1329
133 45 673 77
134 47 673 236
134 46 673 824
135 48 673 785
135 49 673 180
136 50 673 752
151 51 673 1906
155 52 673 1433
156 53 673 682
166 54 673 1836
168 55 673 903
169 56 673 673
170 57 673 799
179 58 673 1821
180 59 673 688
182 60 673 1118
184 61 673 897
186 62 673 954
186 63 673 456
191 65 673 62
191 64 673 1510
194 66 673 1322
197 67 673 1163
207 68 673 1836
214 69 673 1728
218 70 673 1474
218 71 673 113
223 72 673 1509
227 73 673 1446
229 75 673 352
229 76 673 389
229 74 673 1052
233 77 673 1473
234 78 673 636
243 79 673 1806
243 80 673 66
243 81 673 276
244 82 673 839
249 83 673 1518
250 85 673 53
250 84 673 764
252 86 673 1086
253 87 673 527
258 88 673 1512
258 89 673 167
258 90 673 285
258 91 673 330
262 92 673 1372
265 93 673 1328
269 95 673 386
269 94 673 1388
270 96 673 759
276 97 673 1657
276 98 673 147
279 99 673 1267
280 100 673 679
285 101 673 1586
285 102 673 324
287 103 673 981
288 104 673 631
289 105 673 638
289 106 673 396
305 107 673 1911
310 108 673 1554
314 109 673 1484
315 110 673 513
317 111 673 1125
317 112 673 163
317 113 673 15
318 114 673 621
319 115 673 842
319 116 673 58
323 117 673 1360
329 118 673 1616
333 119 673 1457
335 120 673 900
336 121 673 795
341 122 673 1575
347 123 673 1669
351 124 673 1442
354 125 673 1143
355 126 673 666
355 127 673 180
355 128 673 58
356 129 673 666
361 130 673 1518
362 131 673 657
365 132 673 1325
368 133 673 1294
370 134 673 1126
370 135 673 405
382 136 673 1876
390 137 673 1782
392 138 673 887
392 139 673 126
397 140 673 1581
399 141 673 1099
401 142 673 897
401 143 673 28
406 144 673 1579
408 145 673 1085
408 146 673 167
412 147 673 1357
413 148 673 707
414 149 673 545
414 150 673 327
417 152 673 40
417 151 673 1323
418 154 673 366
418 153 673 615
427 155 673 1809
427 156 673 10
428 157 673 580
432 158 673 1463
436 159 673 1412
450 160 673 1896
450 161 673 215
460 162 673 1852
462 163 673 888
475 164 673 1891
483 165 673 1780
490 166 673 1724
491 167 673 794
492 168 673 813
492 169 673 215
494 171 673 200
494 172 673 472
494 170 673 891
498 173 673 1490
507 174 673 1800
514 175 673 1726
523 176 673 1822
528 177 673 1547
528 178 673 90
528 179 673 357
530 180 673 976
533 181 673 1234
537 182 673 1398
541 183 673 1438
541 184 673 338
541 185 673 194
542 186 673 616
543 187 673 709
545 188 673 927
548 189 673 1242
548 190 673 395
551 192 673 318
551 191 673 1295
555 193 673 1400
555 194 673 154
559 195 673 1366
562 196 673 1172
562 197 673 9
562 198 673 62
569 199 673 1723
572 200 673 1285
575 201 673 1298
576 202 673 543
576 203 673 491
581 204 673 1578
581 205 673 126
582 206 673 850
582 207 673 475
583 208 673 740
584 209 673 565
600 212 673 490
600 210 673 1912
600 211 673 388
602 213 673 1106
602 214 673 436
603 215 673 662
604 216 673 741
604 217 673 413
605 218 673 550
612 219 673 1696
615 220 673 1164
617 221 673 1014
625 222 673 1791
630 223 673 1496
637 224 673 1745
642 225 673 1521
651 226 673 1807
653 227 673 997
656 228 673 1335
656 229 673 433
657 230 673 553
666 231 673 1812
670 232 673 1484
670 233 673 291
672 234 673 997
677 235 673 1602
678 236 673 690
680 237 673 906
688 239 673 211
688 238 673 1785
691 240 673 1268
691 241 673 141
704 242 673 1894
704 243 673 362
707 244 673 1255
707 245 673 6
708 246 673 805
710 247 673 1137
712 248 673 963
716 249 673 1416
717 250 673 624
718 251 673 758
722 252 673 1384
722 253 673 290
723 254 673 559
723 255 673 270
727 256 673 1431
729 257 673 972
730 258 673 671
730 259 673 57
730 260 673 244
738 261 673 1778
740 262 673 1064
740 263 673 306
740 264 673 11
740 265 673 99
741 267 673 199
741 268 673 108
741 266 673 828
742 269 673 758
756 270 673 1896
764 271 673 1760
765 272 673 553
765 273 673 338
765 274 673 428
767 275 673 1022
769 276 673 1045
773 278 673 240
773 277 673 1428
780 279 673 1738
781 280 673 715
782 281 673 670
782 282 673 33
792 283 673 1843
799 284 673 1734
806 285 673 1720
806 286 673 428
809 287 673 1194
815 288 673 1657
816 289 673 726
816 290 673 170
822 291 673 1643
822 292 673 235
829 293 673 1727
842 294 673 1891
846 295 673 1415
848 296 673 1001
853 297 673 1587
853 298 673 350
856 299 673 1156
858 300 673 1103
859 301 673 606
861 302 673 1028
861 303 673 205
865 304 673 1445
866 305 673 789
866 306 673 204
