0 0 689 247
3 1 689 1292
6 2 689 1194
7 3 689 655
7 4 689 85
12 5 689 1597
14 6 689 921
15 8 689 8
15 7 689 780
19 9 689 1352
19 10 689 248
24 11 689 1553
25 12 689 661
30 13 689 1605
33 14 689 1147
34 15 689 665
35 16 689 855
39 17 689 1447
41 18 689 937
42 19 689 787
42 20 689 383
42 21 689 435
43 22 689 636
46 23 689 1175
48 24 689 1052
52 25 689 1451
52 26 689 43
56 27 689 1458
57 28 689 581
60 29 689 1296
68 30 689 1780
70 31 689 1007
70 32 689 120
70 33 689 271
70 34 689 275
70 35 689 369
76 36 689 1618
78 37 689 1084
83 38 689 1516
84 39 689 745
93 40 689 1828
94 41 689 645
94 42 689 486
97 43 689 1293
97 44 689 243
97 45 689 251
103 46 689 1678
104 47 689 718
115 48 689 1868
115 49 689 401
115 50 689 480
115 51 689 387
116 52 689 717
119 53 689 1181
119 54 689 303
126 55 689 1737
127 57 689 18
127 56 689 655
132 58 689 1527
133 59 689 558
138 60 689 1554
142 61 689 1388
142 62 689 199
143 63 689 636
148 64 689 1497
151 65 689 1165
155 67 689 389
155 66 689 1433
158 68 689 1330
159 69 689 777
161 70 689 971
168 71 689 1695
179 72 689 1856
179 73 689 192
181 74 689 883
187 75 689 1662
199 76 689 1874
202 77 689 1268
204 78 689 932
205 79 689 801
212 80 689 1698
215 81 689 1249
220 82 689 1514
220 83 689 180
221 84 689 816
225 86 689 290
225 85 689 1392
226 87 689 863
239 88 689 1892
239 89 689 462
245 90 689 1638
250 91 689 1600
254 92 689 1482
256 93 689 957
258 96 689 446
258 95 689 440
258 94 689 1116
266 97 689 1774
273 98 689 1721
275 99 689 1002
276 100 689 742
279 101 689 1288
282 102 689 1313
284 103 689 1091
288 104 689 1354
289 105 689 709
289 106 689 456
290 107 689 525
290 108 689 298
291 109 689 565
299 110 689 1788
302 111 689 1312
304 112 689 1011
305 113 689 725
306 115 689 304
306 114 689 785
315 116 689 1799
315 117 689 18
322 118 689 1745
322 119 689 104
324 120 689 875
325 121 689 570
325 122 689 422
326 123 689 867
328 124 689 1064
331 125 689 1296
331 126 689 213
333 127 689 898
335 128 689 1001
335 129 689 443
338 130 689 1216
338 131 689 99
342 132 689 1471
353 135 689 409
353 134 689 58
353 133 689 1854
364 136 689 1861
364 137 689 422
365 138 689 750
365 139 689 106
367 140 689 935
374 141 689 1689
375 142 689 564
378 143 689 1327
379 144 689 599
379 145 689 326
380 146 689 588
381 147 689 756
381 148 689 171
382 149 689 811
383 151 689 428
383 152 689 28
383 150 689 565
389 155 689 172
389 153 689 1616
389 154 689 127
390 156 689 866
390 157 689 445
390 158 689 27
390 159 689 58
390 160 689 496
394 161 689 1483
398 162 689 1448
406 163 689 1780
409 164 689 1274
415 165 689 1688
423 166 689 1765
425 167 689 1081
426 168 689 667
426 169 689 376
426 170 689 368
430 171 689 1376
433 172 689 1192
439 173 689 1638
441 174 689 1093
443 175 689 1110
443 176 689 5
445 177 689 1019
445 178 689 268
446 179 689 738
447 180 689 707
451 181 689 1382
452 182 689 726
452 183 689 190
461 184 689 1802
462 185 689 787
462 186 689 71
470 187 689 1780
477 188 689 1727
486 189 689 1810
490 190 689 1467
494 192 689 395
494 191 689 1415
495 193 689 692
500 194 689 1535
504 195 689 1377
504 196 689 241
505 197 689 709
505 198 689 52
506 200 689 485
506 199 689 836
510 201 689 1431
510 202 689 88
517 203 689 1720
517 204 689 442
519 205 689 1113
522 206 689 1160
522 207 689 315
523 208 689 522
525 210 689 166
525 209 689 941
533 211 689 1771
533 212 689 176
536 213 689 1213
539 214 689 1275
541 215 689 1038
542 216 689 756
545 217 689 1258
559 218 689 1902
559 219 689 486
565 220 689 1617
581 221 689 1910
584 222 689 1279
585 223 689 781
586 224 689 833
588 225 689 877
590 226 689 981
591 228 689 102
591 227 689 500
597 229 689 1641
599 230 689 869
602 231 689 1221
604 232 689 967
608 233 689 1357
608 234 689 252
611 235 689 1200
614 236 689 1293
616 237 689 931
622 238 689 1672
623 239 689 689
628 240 689 1552
634 241 689 1680
637 242 689 1257
638 243 689 785
644 244 689 1644
650 245 689 1620
653 246 689 1239
655 247 689 1106
658 249 689 496
658 248 689 1341
659 250 689 621
661 251 689 907
662 252 689 731
666 253 689 1490
669 254 689 1144
670 255 689 500
670 256 689 152
673 257 689 1232
675 258 689 886
679 259 689 1489
679 260 689 132
680 261 689 659
680 262 689 212
681 263 689 806
681 264 689 72
683 265 689 870
684 266 689 804
685 267 689 744
687 268 689 961
687 269 689 74
693 270 689 1669
700 271 689 1749
705 272 689 1511
708 273 689 1213
709 274 689 859
720 275 689 1861
721 277 689 493
721 276 689 652
723 278 689 1062
725 279 689 1138
730 280 689 1563
739 281 689 1799
741 282 689 1083
746 283 689 1530
748 284 689 1019
761 286 689 489
761 285 689 1887
765 287 689 1402
765 288 689 213
771 289 689 1677
773 290 689 1048
773 291 689 61
773 292 689 44
773 293 689 183
774 294 689 556
776 295 689 893
780 296 689 1468
780 297 689 451
781 298 689 713
782 299 689 773
783 300 689 816
783 301 689 494
783 302 689 145
786 303 689 1266
787 304 689 752
788 305 689 796
791 306 689 1320
