0 0 1014 282
1 1 1014 683
1 2 1014 213
3 3 1014 1030
4 4 1014 513
7 5 1014 1258
8 6 1014 508
10 8 1014 180
10 7 1014 1126
16 9 1014 1668
18 10 1014 882
18 11 1014 99
25 12 1014 1742
25 13 1014 85
26 14 1014 691
28 15 1014 915
29 16 1014 748
29 17 1014 59
31 18 1014 993
33 19 1014 870
33 20 1014 257
36 21 1014 1331
36 22 1014 44
39 23 1014 1278
40 24 1014 705
40 25 1014 63
42 26 1014 1074
44 27 1014 1020
48 28 1014 1389
53 29 1014 1557
56 30 1014 1233
57 31 1014 715
58 32 1014 790
60 33 1014 1121
73 34 1014 1886
74 35 1014 522
78 36 1014 1395
79 37 1014 813
80 38 1014 746
80 39 1014 239
81 40 1014 671
87 41 1014 1616
90 42 1014 1174
90 43 1014 204
91 44 1014 711
94 46 1014 228
94 45 1014 1306
97 47 1014 1241
98 48 1014 744
98 49 1014 453
100 50 1014 1127
101 51 1014 784
106 54 1014 490
106 52 1014 1534
106 53 1014 455
108 55 1014 876
109 56 1014 638
110 57 1014 859
110 58 1014 325
110 59 1014 450
110 60 1014 183
114 61 1014 1413
120 62 1014 1662
121 64 1014 434
121 65 1014 166
121 63 1014 548
124 66 1014 1233
125 67 1014 621
125 68 1014 124
125 69 1014 169
129 70 1014 1445
140 71 1014 1859
143 72 1014 1238
144 73 1014 754
144 74 1014 199
145 76 1014 156
145 75 1014 566
153 77 1014 1765
154 78 1014 567
157 79 1014 1323
165 80 1014 1760
173 81 1014 1757
173 82 1014 276
175 84 1014 430
175 85 1014 448
175 83 1014 935
177 86 1014 1106
177 87 1014 335
178 88 1014 630
180 89 1014 1010
189 90 1014 1808
190 93 1014 295
190 91 1014 535
190 92 1014 488
190 94 1014 55
193 95 1014 1183
205 96 1014 1878
206 97 1014 626
213 98 1014 1694
214 99 1014 545
214 100 1014 72
219 101 1014 1531
221 102 1014 1117
222 103 1014 574
224 104 1014 933
227 105 1014 1192
231 106 1014 1471
232 107 1014 779
232 108 1014 256
242 109 1014 1849
243 110 1014 719
244 111 1014 798
244 112 1014 292
246 113 1014 927
247 115 1014 350
247 114 1014 615
249 116 1014 1136
250 117 1014 726
250 118 1014 118
266 119 1014 1911
268 120 1014 984
270 121 1014 898
287 122 1014 1915
289 123 1014 1038
289 124 1014 286
291 125 1014 909
295 126 1014 1371
297 127 1014 942
298 128 1014 698
300 129 1014 941
301 130 1014 612
305 132 1014 70
305 133 1014 21
305 131 1014 1455
308 134 1014 1250
308 135 1014 228
309 136 1014 640
315 137 1014 1627
315 138 1014 2
318 139 1014 1162
320 141 1014 326
320 140 1014 902
320 142 1014 78
321 143 1014 706
321 144 1014 290
323 145 1014 1009
323 146 1014 243
327 147 1014 1486
332 148 1014 1605
338 149 1014 1630
338 150 1014 46
341 151 1014 1152
342 152 1014 507
349 153 1014 1708
353 154 1014 1485
355 155 1014 1099
360 156 1014 1540
360 157 1014 78
360 158 1014 287
360 159 1014 24
367 160 1014 1746
368 162 1014 81
368 161 1014 528
371 163 1014 1240
374 164 1014 1237
377 165 1014 1189
378 166 1014 728
378 167 1014 271
383 168 1014 1601
383 169 1014 386
389 170 1014 1635
393 171 1014 1434
394 172 1014 723
396 173 1014 881
398 174 1014 1009
399 175 1014 657
400 176 1014 819
403 177 1014 1209
404 178 1014 747
407 179 1014 1201
408 180 1014 666
417 181 1014 1810
420 182 1014 1261
422 183 1014 992
424 184 1014 894
428 185 1014 1384
430 186 1014 947
430 187 1014 286
430 188 1014 460
430 189 1014 150
431 190 1014 613
432 191 1014 561
435 192 1014 1339
449 193 1014 1903
452 194 1014 1340
452 195 1014 373
452 196 1014 245
453 197 1014 763
457 198 1014 1394
459 200 1014 281
459 199 1014 1026
473 201 1014 1896
482 202 1014 1809
485 203 1014 1219
504 204 1014 1920
505 205 1014 536
505 206 1014 429
510 207 1014 1551
511 208 1014 699
512 211 1014 330
512 210 1014 280
512 209 1014 828
515 212 1014 1256
517 213 1014 1011
520 214 1014 1282
531 215 1014 1861
534 216 1014 1191
536 217 1014 1013
536 218 1014 345
544 221 1014 441
544 220 1014 241
544 219 1014 1777
551 222 1014 1735
555 223 1014 1450
562 224 1014 1697
564 225 1014 1074
564 226 1014 95
565 227 1014 745
569 228 1014 1465
570 231 1014 55
570 230 1014 412
570 229 1014 635
577 232 1014 1740
583 233 1014 1646
585 234 1014 919
586 235 1014 694
586 236 1014 0
586 237 1014 42
588 239 1014 358
588 238 1014 997
590 240 1014 955
593 241 1014 1321
598 242 1014 1511
603 243 1014 1557
611 244 1014 1795
611 245 1014 282
614 246 1014 1230
614 247 1014 328
615 248 1014 620
619 249 1014 1404
621 250 1014 1106
624 251 1014 1156
624 252 1014 418
629 253 1014 1541
630 254 1014 785
638 256 1014 161
638 257 1014 359
638 255 1014 1765
642 258 1014 1446
643 259 1014 845
643 260 1014 440
649 265 1014 225
649 261 1014 1609
649 262 1014 86
649 263 1014 63
649 264 1014 415
650 266 1014 515
655 268 1014 91
655 267 1014 1534
656 269 1014 588
667 270 1014 1860
670 271 1014 1149
670 272 1014 16
686 273 1014 1911
687 274 1014 822
688 275 1014 845
689 277 1014 178
689 276 1014 854
694 278 1014 1580
698 279 1014 1415
706 280 1014 1769
713 281 1014 1692
713 282 1014 124
713 283 1014 60
717 284 1014 1454
720 285 1014 1181
725 287 1014 199
725 286 1014 1561
726 288 1014 860
728 289 1014 1079
729 290 1014 533
734 291 1014 1565
735 292 1014 520
735 293 1014 152
745 294 1014 1842
748 295 1014 1271
751 296 1014 1235
755 297 1014 1448
757 298 1014 1142
762 299 1014 1569
769 300 1014 1692
775 301 1014 1620
775 302 1014 236
775 303 1014 32
779 304 1014 1468
791 305 1014 1881
793 306 1014 1140
