3 0 1924 1309
3 1 1924 86
13 2 1924 1836
18 3 1924 1548
21 4 1924 1164
23 5 1924 888
24 6 1924 758
29 7 1924 1575
37 8 1924 1776
42 9 1924 1585
48 10 1924 1683
54 11 1924 1666
58 12 1924 1425
64 13 1924 1668
65 14 1924 602
69 15 1924 1354
71 16 1924 1133
74 17 1924 1160
78 18 1924 1396
80 19 1924 1072
83 20 1924 1226
85 21 1924 1041
86 22 1924 589
90 23 1924 1468
94 24 1924 1383
105 25 1924 1872
106 26 1924 780
107 27 1924 547
110 28 1924 1208
123 29 1924 1886
129 30 1924 1635
132 31 1924 1244
132 32 1924 297
132 33 1924 340
132 34 1924 37
136 35 1924 1383
142 36 1924 1687
158 37 1924 1909
159 38 1924 630
159 39 1924 409
167 40 1924 1767
169 41 1924 1103
169 42 1924 315
169 43 1924 80
169 44 1924 226
171 45 1924 915
178 46 1924 1737
180 47 1924 917
187 48 1924 1729
187 49 1924 208
190 50 1924 1227
190 51 1924 153
192 52 1924 876
200 53 1924 1754
207 54 1924 1697
207 55 1924 267
211 58 1924 165
211 56 1924 1422
211 57 1924 368
214 59 1924 1217
214 60 1924 108
214 61 1924 211
214 62 1924 367
223 63 1924 1814
235 64 1924 1875
235 65 1924 438
239 66 1924 1368
241 67 1924 1084
247 68 1924 1630
250 69 1924 1143
255 70 1924 1591
258 71 1924 1148
259 72 1924 529
261 73 1924 987
264 74 1924 1230
264 75 1924 123
265 76 1924 725
266 77 1924 508
269 78 1924 1242
269 79 1924 467
269 80 1924 134
277 81 1924 1787
278 82 1924 743
280 83 1924 999
281 84 1924 659
285 87 1924 468
285 85 1924 1482
285 86 1924 367
286 88 1924 567
293 89 1924 1695
306 90 1924 1886
309 91 1924 1318
316 92 1924 1743
319 93 1924 1338
319 94 1924 300
324 95 1924 1556
325 96 1924 735
325 97 1924 426
325 98 1924 130
332 99 1924 1712
336 100 1924 1471
337 101 1924 653
340 102 1924 1212
341 103 1924 585
342 105 1924 78
342 104 1924 542
347 106 1924 1548
356 107 1924 1813
357 108 1924 523
362 109 1924 1574
366 110 1924 1466
368 111 1924 914
370 112 1924 1051
376 113 1924 1622
378 115 1924 246
378 114 1924 1082
382 116 1924 1392
385 117 1924 1293
388 118 1924 1154
388 119 1924 393
388 120 1924 70
390 121 1924 899
391 122 1924 517
402 123 1924 1859
405 125 1924 272
405 124 1924 1182
408 126 1924 1330
410 127 1924 1116
411 128 1924 687
416 129 1924 1598
419 130 1924 1312
419 131 1924 299
419 132 1924 377
423 133 1924 1454
425 134 1924 920
429 135 1924 1406
430 136 1924 575
430 137 1924 157
430 138 1924 457
431 139 1924 581
442 140 1924 1858
442 141 1924 478
453 142 1924 1869
455 144 1924 228
455 143 1924 918
457 145 1924 972
457 146 1924 267
457 147 1924 121
457 148 1924 255
457 149 1924 54
457 150 1924 163
461 151 1924 1367
464 152 1924 1196
470 153 1924 1662
476 154 1924 1641
477 155 1924 572
477 156 1924 135
480 157 1924 1277
483 158 1924 1327
483 159 1924 269
484 160 1924 672
484 161 1924 431
486 162 1924 1126
487 163 1924 850
487 164 1924 261
490 165 1924 1166
491 166 1924 536
496 167 1924 1521
497 168 1924 701
502 169 1924 1601
507 170 1924 1595
510 171 1924 1235
511 172 1924 835
512 173 1924 573
512 174 1924 459
517 175 1924 1517
519 176 1924 954
524 177 1924 1523
530 178 1924 1630
530 179 1924 210
530 180 1924 4
533 181 1924 1209
534 182 1924 861
535 183 1924 633
539 184 1924 1435
550 185 1924 1870
552 186 1924 1028
553 187 1924 640
560 188 1924 1738
560 189 1924 348
563 190 1924 1270
566 191 1924 1223
567 192 1924 754
567 193 1924 187
577 194 1924 1833
581 195 1924 1427
584 196 1924 1277
586 197 1924 1019
587 198 1924 656
589 200 1924 436
589 199 1924 987
590 201 1924 671
593 202 1924 1344
594 203 1924 578
594 204 1924 383
595 205 1924 853
596 206 1924 531
597 207 1924 623
600 208 1924 1202
600 209 1924 124
605 210 1924 1542
606 211 1924 537
611 212 1924 1571
613 213 1924 1117
613 214 1924 264
617 215 1924 1388
621 216 1924 1494
621 217 1924 493
624 220 1924 138
624 219 1924 316
624 218 1924 1339
633 221 1924 1820
640 222 1924 1707
640 223 1924 353
640 224 1924 331
640 225 1924 372
640 226 1924 480
641 227 1924 647
642 228 1924 664
644 230 1924 239
644 229 1924 957
655 231 1924 1860
656 232 1924 867
657 233 1924 643
664 234 1924 1699
667 235 1924 1258
675 236 1924 1789
675 237 1924 283
675 238 1924 249
676 239 1924 582
679 240 1924 1338
679 241 1924 404
683 242 1924 1363
689 243 1924 1613
690 244 1924 731
691 245 1924 733
696 246 1924 1576
701 247 1924 1562
711 249 1924 444
711 248 1924 1848
722 250 1924 1857
723 251 1924 783
728 252 1924 1604
728 253 1924 340
729 254 1924 848
730 255 1924 540
732 256 1924 888
734 260 1924 372
734 259 1924 10
734 258 1924 247
734 257 1924 991
743 261 1924 1808
755 262 1924 1883
755 263 1924 245
764 264 1924 1809
770 265 1924 1607
775 266 1924 1594
777 267 1924 927
780 268 1924 1343
782 269 1924 931
787 270 1924 1524
790 271 1924 1211
790 272 1924 243
791 273 1924 757
793 274 1924 903
799 275 1924 1658
799 276 1924 457
799 277 1924 93
804 278 1924 1547
809 279 1924 1522
810 280 1924 720
811 281 1924 843
812 282 1924 724
812 283 1924 219
814 284 1924 1024
818 286 1924 255
818 285 1924 1380
819 287 1924 526
826 288 1924 1720
829 289 1924 1158
829 290 1924 369
830 294 1924 209
830 291 1924 798
830 292 1924 35
830 293 1924 238
834 296 1924 445
834 295 1924 1454
836 297 1924 1117
843 298 1924 1729
845 299 1924 1049
847 300 1924 1063
848 301 1924 649
848 302 1924 219
850 303 1924 916
851 304 1924 845
852 305 1924 645
853 306 1924 540
