6 0 889 1683
6 1 889 201
6 2 889 434
8 3 889 1122
8 4 889 238
11 7 889 120
11 8 889 489
11 5 889 1251
11 6 889 425
13 9 889 992
15 10 889 873
16 11 889 549
17 12 889 865
21 13 889 1412
23 14 889 1125
30 15 889 1749
31 16 889 739
33 18 889 85
33 17 889 1061
34 19 889 806
34 20 889 35
41 21 889 1746
41 22 889 467
47 23 889 1647
51 24 889 1480
54 25 889 1146
55 26 889 636
56 27 889 778
56 28 889 48
60 29 889 1470
67 30 889 1740
67 31 889 485
74 32 889 1714
82 33 889 1768
83 35 889 180
83 34 889 620
90 36 889 1727
91 37 889 669
93 38 889 1108
98 39 889 1598
99 40 889 676
102 41 889 1322
103 42 889 750
108 43 889 1551
112 44 889 1440
114 45 889 1116
116 46 889 1074
118 47 889 930
118 48 889 137
122 49 889 1452
124 50 889 1077
136 51 889 1876
141 52 889 1555
141 53 889 129
141 54 889 475
152 55 889 1861
158 56 889 1659
159 57 889 712
164 58 889 1566
166 59 889 1017
167 60 889 614
172 61 889 1571
172 62 889 71
174 63 889 943
177 64 889 1177
177 65 889 388
178 66 889 760
180 67 889 1021
181 68 889 791
183 69 889 945
183 70 889 22
183 71 889 70
195 72 889 1878
195 73 889 412
195 74 889 129
196 75 889 638
198 76 889 996
199 77 889 840
199 78 889 206
199 79 889 363
199 80 889 71
205 81 889 1631
206 82 889 641
207 83 889 521
207 84 889 393
215 85 889 1789
216 86 889 854
221 87 889 1584
224 88 889 1292
225 89 889 684
225 90 889 446
227 91 889 1014
229 92 889 1027
229 93 889 91
231 94 889 984
233 95 889 1030
236 96 889 1250
243 97 889 1731
243 98 889 374
245 99 889 1052
245 100 889 356
245 101 889 52
245 102 889 138
247 103 889 1116
251 104 889 1430
253 105 889 1007
275 106 889 1922
278 107 889 1143
278 108 889 0
286 109 889 1761
287 110 889 865
288 111 889 818
289 112 889 506
292 113 889 1203
294 114 889 945
296 115 889 907
298 116 889 930
302 117 889 1475
303 118 889 549
306 119 889 1312
310 120 889 1458
312 121 889 1100
318 122 889 1654
318 123 889 107
319 124 889 499
321 125 889 932
323 126 889 967
331 127 889 1786
335 128 889 1353
337 129 889 1024
340 130 889 1313
343 131 889 1189
343 132 889 466
345 135 889 18
345 133 889 1079
345 134 889 7
349 136 889 1493
353 137 889 1449
355 138 889 1016
358 139 889 1311
366 140 889 1791
372 141 889 1636
377 142 889 1584
381 143 889 1455
388 144 889 1744
393 145 889 1552
394 146 889 508
401 147 889 1749
403 148 889 1071
403 149 889 76
403 150 889 99
410 151 889 1699
413 152 889 1181
415 153 889 986
420 154 889 1518
423 155 889 1181
423 156 889 323
423 157 889 31
424 158 889 617
424 159 889 497
424 160 889 39
424 161 889 136
431 162 889 1715
433 163 889 900
433 164 889 448
438 165 889 1600
438 166 889 352
442 167 889 1352
445 168 889 1195
447 169 889 926
450 170 889 1339
454 172 889 459
454 171 889 1406
457 173 889 1163
461 174 889 1446
468 175 889 1747
472 176 889 1440
472 177 889 199
472 178 889 288
474 180 889 424
474 179 889 871
477 181 889 1142
478 182 889 715
481 183 889 1276
483 184 889 925
488 185 889 1539
488 186 889 8
492 187 889 1404
496 188 889 1485
497 189 889 751
503 190 889 1620
507 191 889 1461
508 192 889 831
509 193 889 518
512 194 889 1271
518 195 889 1655
528 196 889 1845
529 197 889 684
531 198 889 1007
531 199 889 143
534 200 889 1200
536 201 889 1081
537 202 889 553
537 203 889 144
538 204 889 661
539 205 889 618
542 206 889 1240
542 207 889 18
546 208 889 1465
553 209 889 1695
559 211 889 123
559 210 889 1665
565 212 889 1668
571 213 889 1670
571 214 889 72
572 215 889 822
576 216 889 1345
576 217 889 438
590 218 889 1900
591 219 889 834
596 220 889 1592
598 221 889 872
606 222 889 1791
606 223 889 444
609 224 889 1231
618 225 889 1802
619 226 889 574
630 227 889 1865
639 228 889 1816
646 229 889 1715
655 230 889 1826
656 231 889 756
658 232 889 1117
658 233 889 144
663 234 889 1596
666 235 889 1268
667 236 889 588
668 237 889 571
669 240 889 298
669 239 889 306
669 238 889 615
686 241 889 1914
697 242 889 1864
704 243 889 1714
706 244 889 1011
711 245 889 1497
718 246 889 1718
720 250 889 309
720 249 889 449
720 248 889 446
720 247 889 1086
724 251 889 1407
725 252 889 708
725 253 889 172
725 254 889 476
725 255 889 328
728 256 889 1214
728 257 889 109
729 258 889 838
730 259 889 783
730 260 889 43
733 261 889 1299
733 262 889 126
739 263 889 1674
747 264 889 1794
749 265 889 908
751 266 889 931
756 268 889 74
756 267 889 1524
757 269 889 729
757 270 889 233
758 271 889 774
765 272 889 1747
770 273 889 1593
771 274 889 535
776 275 889 1602
778 277 889 77
778 276 889 933
782 278 889 1358
788 279 889 1659
788 280 889 84
792 281 889 1413
796 282 889 1419
800 283 889 1367
804 285 889 419
804 284 889 1406
804 286 889 47
806 287 889 944
811 288 889 1592
814 289 889 1268
814 290 889 54
814 291 889 479
820 292 889 1658
828 293 889 1756
828 294 889 262
830 295 889 923
838 297 889 189
838 296 889 1787
848 298 889 1845
848 299 889 102
849 300 889 565
849 301 889 194
851 302 889 1012
857 303 889 1641
857 304 889 215
861 305 889 1459
866 306 889 1584
