6 0 1278 1661
10 1 1278 1362
12 2 1278 913
12 3 1278 242
12 4 1278 227
13 5 1278 729
13 6 1278 287
24 7 1278 1871
28 9 1278 255
28 8 1278 1424
30 10 1278 1005
34 11 1278 1494
35 12 1278 719
40 13 1278 1580
46 14 1278 1673
49 15 1278 1335
52 16 1278 1342
57 18 1278 168
57 17 1278 1518
61 19 1278 1411
61 20 1278 103
62 21 1278 536
64 22 1278 965
70 23 1278 1679
75 24 1278 1517
83 27 1278 70
83 28 1278 98
83 26 1278 166
83 25 1278 1794
84 29 1278 671
85 30 1278 522
89 31 1278 1437
90 32 1278 776
94 33 1278 1459
97 34 1278 1257
103 35 1278 1667
108 36 1278 1513
114 38 1278 98
114 37 1278 1647
124 39 1278 1845
125 40 1278 847
126 41 1278 616
127 42 1278 645
127 43 1278 9
129 44 1278 905
140 45 1278 1857
140 46 1278 281
144 47 1278 1433
149 48 1278 1561
157 49 1278 1758
157 50 1278 245
161 51 1278 1439
172 52 1278 1862
176 53 1278 1453
178 54 1278 1134
180 55 1278 1125
180 56 1278 397
183 57 1278 1159
184 58 1278 649
184 59 1278 358
185 60 1278 562
185 61 1278 217
193 62 1278 1772
194 63 1278 752
200 64 1278 1658
204 65 1278 1493
205 66 1278 718
208 67 1278 1184
208 68 1278 322
208 69 1278 6
215 70 1278 1746
221 71 1278 1619
225 72 1278 1419
225 73 1278 247
226 74 1278 564
230 75 1278 1411
239 76 1278 1815
241 77 1278 955
242 78 1278 773
247 79 1278 1585
252 80 1278 1512
253 81 1278 658
253 82 1278 433
253 83 1278 265
253 84 1278 426
255 85 1278 1007
260 86 1278 1500
263 87 1278 1247
263 88 1278 325
263 89 1278 132
266 90 1278 1269
266 91 1278 354
268 92 1278 998
274 93 1278 1665
277 94 1278 1283
278 95 1278 629
279 96 1278 768
288 97 1278 1818
288 98 1278 275
291 99 1278 1337
293 100 1278 1139
295 101 1278 1021
297 102 1278 1110
302 104 1278 11
302 103 1278 1554
303 105 1278 550
303 106 1278 19
309 107 1278 1614
311 108 1278 889
317 109 1278 1647
320 110 1278 1234
324 112 1278 385
324 111 1278 1366
326 113 1278 989
327 114 1278 770
336 115 1278 1828
343 116 1278 1709
348 117 1278 1507
348 118 1278 325
349 119 1278 650
367 120 1278 1917
371 121 1278 1395
372 122 1278 859
372 123 1278 190
373 124 1278 661
377 125 1278 1392
378 126 1278 620
384 127 1278 1679
386 128 1278 889
397 129 1278 1859
398 130 1278 643
419 131 1278 1922
420 132 1278 680
424 135 1278 491
424 133 1278 1361
424 134 1278 445
428 136 1278 1472
429 137 1278 803
429 138 1278 253
438 139 1278 1800
440 140 1278 987
449 141 1278 1810
449 142 1278 357
450 143 1278 602
451 144 1278 822
460 145 1278 1828
473 146 1278 1893
473 147 1278 8
475 148 1278 895
479 149 1278 1379
480 150 1278 845
483 151 1278 1185
487 152 1278 1492
492 153 1278 1550
495 154 1278 1344
501 155 1278 1668
501 156 1278 162
503 157 1278 920
505 158 1278 893
506 159 1278 543
517 160 1278 1855
517 161 1278 265
518 162 1278 725
520 163 1278 955
522 164 1278 1003
525 165 1278 1237
526 166 1278 686
528 167 1278 948
529 168 1278 544
529 169 1278 279
529 170 1278 356
531 171 1278 905
534 173 1278 449
534 172 1278 1253
539 174 1278 1587
539 175 1278 107
541 176 1278 1038
541 177 1278 256
544 178 1278 1293
545 179 1278 758
549 180 1278 1423
550 181 1278 611
551 182 1278 784
555 183 1278 1435
557 184 1278 1013
561 185 1278 1383
561 186 1278 429
563 187 1278 1054
563 188 1278 16
564 189 1278 701
564 190 1278 328
565 191 1278 552
575 192 1278 1835
581 193 1278 1635
592 194 1278 1870
593 195 1278 722
595 196 1278 1085
598 197 1278 1327
603 198 1278 1523
608 199 1278 1509
610 200 1278 1141
612 201 1278 945
616 202 1278 1389
617 203 1278 615
619 204 1278 1022
630 205 1278 1865
641 206 1278 1856
643 207 1278 1042
656 208 1278 1887
659 209 1278 1237
660 210 1278 630
670 211 1278 1830
675 212 1278 1552
675 213 1278 135
677 214 1278 1044
680 215 1278 1243
684 216 1278 1405
687 217 1278 1214
698 218 1278 1866
703 219 1278 1545
704 220 1278 807
709 221 1278 1556
711 222 1278 932
719 223 1278 1767
731 224 1278 1875
738 225 1278 1729
740 226 1278 994
745 227 1278 1543
746 228 1278 503
747 229 1278 865
749 230 1278 947
755 231 1278 1636
756 232 1278 657
763 233 1278 1708
768 234 1278 1541
768 235 1278 478
771 236 1278 1147
771 237 1278 168
771 238 1278 413
773 239 1278 1073
777 240 1278 1451
780 241 1278 1312
782 242 1278 1092
783 243 1278 704
783 244 1278 70
783 245 1278 423
785 246 1278 924
792 247 1278 1700
793 248 1278 591
794 249 1278 627
797 250 1278 1241
806 251 1278 1795
810 252 1278 1385
824 253 1278 1903
825 254 1278 701
830 255 1278 1509
830 256 1278 12
835 257 1278 1546
836 258 1278 665
839 259 1278 1218
841 260 1278 870
841 261 1278 313
842 262 1278 538
844 263 1278 1022
844 264 1278 290
846 265 1278 919
849 266 1278 1172
857 267 1278 1768
858 268 1278 518
859 269 1278 565
859 270 1278 95
862 271 1278 1237
863 272 1278 801
864 273 1278 793
864 274 1278 94
868 276 1278 464
868 277 1278 228
868 275 1278 1420
875 278 1278 1696
879 279 1278 1451
880 280 1278 804
883 281 1278 1219
885 282 1278 952
894 283 1278 1801
899 284 1278 1548
901 285 1278 1076
901 286 1278 250
902 287 1278 679
904 288 1278 1006
904 289 1278 32
904 290 1278 465
909 291 1278 1525
913 292 1278 1428
915 293 1278 1119
915 294 1278 203
917 295 1278 1137
918 298 1278 414
918 297 1278 70
918 296 1278 773
920 299 1278 1076
923 300 1278 1176
925 301 1278 1080
928 302 1278 1181
928 303 1278 25
929 304 1278 532
929 305 1278 4
931 306 1278 994
