5 0 1520 1543
5 1 1520 250
5 2 1520 153
8 3 1520 1261
8 4 1520 234
8 5 1520 162
11 6 1520 1313
14 7 1520 1201
15 8 1520 857
18 9 1520 1199
19 10 1520 716
19 11 1520 210
19 12 1520 218
23 13 1520 1474
23 14 1520 369
26 15 1520 1194
30 16 1520 1403
30 17 1520 436
36 20 1520 80
36 18 1520 1647
36 19 1520 372
43 21 1520 1729
44 22 1520 564
48 23 1520 1474
50 24 1520 924
51 25 1520 777
55 26 1520 1458
56 27 1520 757
66 28 1520 1831
70 29 1520 1448
79 30 1520 1809
80 31 1520 532
80 32 1520 134
80 33 1520 6
80 34 1520 162
82 35 1520 1089
85 39 1520 444
85 38 1520 94
85 37 1520 299
85 36 1520 1322
90 40 1520 1571
93 41 1520 1288
96 42 1520 1163
98 43 1520 1085
101 44 1520 1340
102 45 1520 563
108 46 1520 1612
108 47 1520 26
111 48 1520 1234
122 49 1520 1857
122 50 1520 28
124 51 1520 1121
125 52 1520 523
126 53 1520 864
129 54 1520 1200
136 55 1520 1738
142 56 1520 1611
143 58 1520 336
143 57 1520 603
147 59 1520 1382
148 60 1520 629
149 61 1520 555
152 62 1520 1295
155 63 1520 1334
158 66 1520 76
158 67 1520 212
158 64 1520 1314
158 65 1520 184
161 68 1520 1311
164 69 1520 1204
173 70 1520 1796
175 71 1520 1103
175 72 1520 342
178 73 1520 1203
179 74 1520 725
180 75 1520 717
181 76 1520 565
185 77 1520 1404
185 78 1520 134
185 79 1520 361
187 80 1520 1089
191 81 1520 1431
195 82 1520 1448
209 83 1520 1898
213 84 1520 1419
214 86 1520 9
214 85 1520 688
217 87 1520 1194
218 88 1520 730
218 89 1520 348
222 90 1520 1403
223 91 1520 718
236 92 1520 1887
237 93 1520 636
244 94 1520 1739
246 95 1520 1016
264 96 1520 1918
272 97 1520 1754
279 98 1520 1695
282 99 1520 1156
282 100 1520 486
286 101 1520 1400
287 104 1520 60
287 103 1520 29
287 102 1520 640
288 105 1520 850
289 106 1520 778
292 107 1520 1245
292 108 1520 139
292 109 1520 483
295 110 1520 1173
295 111 1520 206
295 112 1520 469
309 114 1520 292
309 113 1520 1900
311 115 1520 1123
313 116 1520 1031
316 117 1520 1322
326 118 1520 1839
327 119 1520 626
327 120 1520 175
328 121 1520 807
332 122 1520 1406
334 123 1520 962
341 124 1520 1726
343 125 1520 1078
345 126 1520 1140
351 127 1520 1630
355 128 1520 1388
361 129 1520 1634
362 130 1520 723
363 131 1520 736
369 132 1520 1633
371 133 1520 902
380 134 1520 1799
386 135 1520 1614
387 136 1520 791
391 137 1520 1419
401 138 1520 1837
402 139 1520 569
412 140 1520 1834
413 141 1520 688
415 143 1520 247
415 142 1520 1055
417 144 1520 1100
420 145 1520 1196
420 146 1520 248
436 147 1520 1912
436 148 1520 343
437 149 1520 616
453 150 1520 1909
454 151 1520 596
464 152 1520 1839
466 153 1520 1069
468 154 1520 980
473 155 1520 1604
492 156 1520 1918
497 157 1520 1602
497 158 1520 227
499 159 1520 907
505 160 1520 1634
507 161 1520 1072
515 163 1520 430
515 162 1520 1781
521 164 1520 1684
521 165 1520 437
521 166 1520 497
525 167 1520 1491
525 168 1520 100
526 169 1520 603
526 170 1520 331
531 171 1520 1537
535 172 1520 1409
538 173 1520 1270
539 174 1520 716
543 175 1520 1411
549 176 1520 1676
552 177 1520 1159
560 178 1520 1786
561 179 1520 530
562 180 1520 829
565 181 1520 1153
568 182 1520 1287
569 183 1520 771
575 184 1520 1649
575 185 1520 127
576 186 1520 821
577 187 1520 564
587 188 1520 1847
587 189 1520 195
593 190 1520 1620
595 191 1520 1113
598 192 1520 1192
600 193 1520 929
601 194 1520 860
602 195 1520 761
603 196 1520 832
604 197 1520 625
604 198 1520 487
605 199 1520 663
606 200 1520 698
607 201 1520 681
616 202 1520 1811
622 203 1520 1665
622 204 1520 284
622 205 1520 371
624 206 1520 1111
625 207 1520 569
625 208 1520 352
629 209 1520 1494
639 210 1520 1852
640 211 1520 759
647 212 1520 1740
653 213 1520 1621
653 214 1520 77
653 215 1520 481
660 216 1520 1710
662 217 1520 1009
663 218 1520 705
668 219 1520 1557
673 220 1520 1540
684 221 1520 1858
689 222 1520 1569
699 223 1520 1829
701 224 1520 907
704 225 1520 1143
704 226 1520 345
704 227 1520 479
704 228 1520 410
716 229 1520 1879
717 230 1520 579
719 231 1520 1051
720 232 1520 671
722 233 1520 1123
730 234 1520 1757
730 235 1520 147
733 236 1520 1266
738 237 1520 1546
738 238 1520 487
741 239 1520 1277
743 240 1520 940
743 241 1520 252
743 242 1520 212
743 243 1520 352
743 244 1520 268
744 245 1520 860
747 246 1520 1297
752 247 1520 1495
753 249 1520 378
753 248 1520 851
755 250 1520 976
762 251 1520 1747
772 252 1520 1845
773 253 1520 855
775 254 1520 1048
776 255 1520 765
778 256 1520 1036
793 257 1520 1906
794 258 1520 757
796 259 1520 1066
796 260 1520 26
797 261 1520 632
797 262 1520 158
797 263 1520 397
799 264 1520 915
800 266 1520 88
800 265 1520 801
801 267 1520 617
809 268 1520 1788
820 269 1520 1854
822 270 1520 1140
822 271 1520 164
823 272 1520 522
827 273 1520 1352
828 274 1520 616
831 275 1520 1287
837 276 1520 1645
840 277 1520 1217
845 279 1520 46
845 278 1520 1561
853 280 1520 1770
854 281 1520 774
859 282 1520 1552
859 283 1520 31
861 284 1520 903
862 285 1520 757
864 286 1520 1131
871 288 1520 74
871 287 1520 1741
873 289 1520 992
875 290 1520 1035
878 291 1520 1284
879 292 1520 788
883 293 1520 1345
886 294 1520 1251
886 295 1520 308
886 296 1520 93
893 297 1520 1739
897 298 1520 1362
901 299 1520 1391
902 300 1520 772
903 301 1520 679
909 302 1520 1631
911 303 1520 922
914 304 1520 1163
915 305 1520 812
918 306 1520 1224
