2 0 1737 902
3 1 1737 716
5 2 1737 893
6 3 1737 621
8 4 1737 882
12 5 1737 1448
17 6 1737 1575
20 7 1737 1238
21 8 1737 726
34 10 1737 39
34 9 1737 1890
38 11 1737 1475
40 12 1737 1048
43 13 1737 1175
43 14 1737 416
43 15 1737 403
45 16 1737 1063
48 17 1737 1318
50 19 1737 123
50 18 1737 934
52 20 1737 1027
52 21 1737 263
56 22 1737 1412
56 23 1737 117
57 24 1737 827
57 25 1737 122
59 26 1737 975
64 28 1737 59
64 27 1737 1543
66 29 1737 1024
67 30 1737 854
86 31 1737 1919
97 32 1737 1863
98 33 1737 515
106 34 1737 1791
112 35 1737 1620
112 36 1737 285
115 37 1737 1187
117 38 1737 996
120 39 1737 1244
122 40 1737 1048
122 41 1737 136
125 42 1737 1297
125 43 1737 351
126 44 1737 520
126 45 1737 95
129 47 1737 87
129 46 1737 1254
133 48 1737 1450
135 49 1737 1107
139 50 1737 1393
144 51 1737 1562
144 52 1737 312
144 53 1737 93
150 54 1737 1616
151 55 1737 639
154 56 1737 1229
155 57 1737 776
162 58 1737 1719
163 59 1737 759
163 60 1737 472
163 61 1737 31
166 62 1737 1179
172 63 1737 1627
174 64 1737 1036
174 65 1737 44
179 66 1737 1536
180 67 1737 533
183 68 1737 1308
184 69 1737 721
184 70 1737 118
193 71 1737 1800
193 72 1737 322
199 73 1737 1615
201 74 1737 999
203 75 1737 890
205 76 1737 890
207 77 1737 1060
212 78 1737 1521
213 79 1737 731
214 80 1737 793
216 81 1737 888
216 82 1737 93
218 83 1737 876
223 84 1737 1555
226 85 1737 1216
232 86 1737 1606
240 87 1737 1770
241 88 1737 823
244 89 1737 1152
244 90 1737 390
248 91 1737 1433
252 92 1737 1393
252 93 1737 237
253 94 1737 771
255 95 1737 1016
257 96 1737 881
262 97 1737 1595
265 98 1737 1240
265 99 1737 475
265 100 1737 483
266 101 1737 720
267 102 1737 703
268 103 1737 729
270 104 1737 988
275 105 1737 1518
278 106 1737 1240
279 107 1737 622
281 108 1737 1018
282 109 1737 725
288 110 1737 1673
288 111 1737 168
291 112 1737 1179
293 113 1737 987
306 114 1737 1890
311 115 1737 1509
322 116 1737 1863
322 117 1737 303
322 118 1737 71
329 119 1737 1744
329 120 1737 362
336 121 1737 1690
342 122 1737 1634
342 123 1737 156
342 124 1737 330
343 127 1737 84
343 125 1737 610
343 126 1737 406
344 128 1737 843
359 129 1737 1907
359 130 1737 8
362 131 1737 1220
369 132 1737 1745
371 136 1737 184
371 135 1737 72
371 134 1737 247
371 133 1737 1045
374 137 1737 1289
383 138 1737 1812
383 139 1737 37
397 140 1737 1901
399 141 1737 984
400 142 1737 752
400 143 1737 97
404 148 1737 271
404 147 1737 406
404 144 1737 1403
404 145 1737 221
404 146 1737 253
407 149 1737 1187
409 150 1737 1078
410 151 1737 578
415 152 1737 1523
419 154 1737 113
419 153 1737 1421
420 155 1737 718
422 156 1737 1011
423 157 1737 547
423 158 1737 398
423 159 1737 378
425 160 1737 1111
428 161 1737 1156
435 162 1737 1703
437 163 1737 1035
438 164 1737 716
438 165 1737 453
438 166 1737 348
438 167 1737 134
439 168 1737 739
448 169 1737 1818
451 170 1737 1324
452 173 1737 34
452 172 1737 415
452 171 1737 574
460 174 1737 1767
463 175 1737 1302
465 176 1737 938
470 177 1737 1536
471 180 1737 357
471 181 1737 0
471 178 1737 677
471 179 1737 108
478 182 1737 1737
483 183 1737 1581
484 184 1737 829
488 185 1737 1355
494 186 1737 1621
494 187 1737 323
496 188 1737 932
500 189 1737 1454
502 190 1737 986
507 191 1737 1562
509 192 1737 890
513 193 1737 1434
514 194 1737 850
515 195 1737 745
518 196 1737 1206
524 197 1737 1641
527 198 1737 1306
529 199 1737 950
538 201 1737 119
538 200 1737 1798
543 202 1737 1591
543 203 1737 378
551 204 1737 1787
552 205 1737 503
552 206 1737 162
556 207 1737 1488
561 208 1737 1578
562 209 1737 735
569 210 1737 1704
573 211 1737 1400
581 212 1737 1795
581 213 1737 290
581 214 1737 21
583 215 1737 1111
586 216 1737 1343
586 217 1737 122
586 218 1737 206
589 219 1737 1286
590 220 1737 757
590 221 1737 25
592 222 1737 1126
595 223 1737 1210
596 224 1737 831
602 225 1737 1687
608 226 1737 1609
610 227 1737 906
612 228 1737 1109
614 230 1737 96
614 229 1737 1022
617 231 1737 1221
617 232 1737 230
623 233 1737 1652
623 234 1737 235
623 235 1737 237
623 236 1737 333
627 237 1737 1358
634 239 1737 326
634 238 1737 1718
637 240 1737 1192
637 241 1737 132
638 242 1737 670
638 243 1737 197
644 244 1737 1674
649 245 1737 1510
656 246 1737 1692
657 247 1737 599
661 248 1737 1412
667 249 1737 1663
670 250 1737 1326
672 251 1737 1083
676 252 1737 1435
676 253 1737 19
676 254 1737 192
684 255 1737 1772
686 257 1737 381
686 256 1737 917
690 258 1737 1471
690 259 1737 100
691 260 1737 819
694 261 1737 1181
694 262 1737 379
695 263 1737 555
696 265 1737 482
696 264 1737 638
699 268 1737 55
699 267 1737 142
699 266 1737 1170
706 269 1737 1708
707 270 1737 777
723 271 1737 1909
723 272 1737 329
732 273 1737 1805
732 274 1737 94
733 275 1737 624
736 276 1737 1279
738 277 1737 928
742 278 1737 1460
745 279 1737 1246
765 280 1737 1920
767 281 1737 1009
771 282 1737 1418
775 283 1737 1370
781 284 1737 1621
783 285 1737 937
790 287 1737 210
790 286 1737 1711
794 288 1737 1459
794 289 1737 387
797 290 1737 1244
809 291 1737 1877
818 292 1737 1812
824 293 1737 1617
828 294 1737 1431
828 295 1737 11
834 297 1737 115
834 296 1737 1678
838 298 1737 1483
841 299 1737 1191
841 300 1737 340
846 301 1737 1549
847 302 1737 544
853 303 1737 1629
855 304 1737 886
858 305 1737 1341
859 306 1737 754
