2 0 569 1005
3 1 569 609
9 2 569 1681
21 3 569 1885
21 4 569 333
22 5 569 684
24 6 569 894
37 8 569 145
37 7 569 1895
39 9 569 991
48 10 569 1821
51 11 569 1209
53 12 569 925
57 13 569 1482
60 15 569 414
60 14 569 1160
61 16 569 682
65 17 569 1447
69 18 569 1385
72 19 569 1170
85 20 569 1889
92 21 569 1716
92 22 569 153
93 23 569 528
93 24 569 87
103 26 569 156
103 25 569 1844
109 27 569 1646
109 28 569 479
110 29 569 642
113 30 569 1213
116 31 569 1293
118 32 569 1022
124 33 569 1681
130 34 569 1632
131 35 569 687
135 37 569 363
135 36 569 1450
147 38 569 1876
148 39 569 840
148 40 569 50
155 41 569 1693
155 42 569 415
156 43 569 733
157 44 569 611
168 45 569 1868
173 46 569 1572
175 47 569 879
177 48 569 1053
177 49 569 319
177 50 569 394
179 51 569 1013
182 52 569 1315
185 53 569 1313
185 54 569 192
188 56 569 456
188 55 569 1213
191 57 569 1153
200 58 569 1798
200 59 569 413
201 60 569 527
204 61 569 1172
208 62 569 1416
212 63 569 1427
219 64 569 1702
220 66 569 186
220 65 569 528
223 67 569 1169
231 68 569 1775
231 69 569 472
233 70 569 888
233 71 569 319
238 72 569 1496
239 73 569 544
241 74 569 1119
241 75 569 196
244 76 569 1301
247 77 569 1344
257 78 569 1842
257 79 569 144
257 80 569 272
260 81 569 1201
261 82 569 592
261 83 569 159
261 84 569 248
261 85 569 200
275 86 569 1902
281 87 569 1634
285 88 569 1488
285 89 569 419
285 90 569 231
285 91 569 297
285 92 569 489
289 94 569 312
289 93 569 1463
290 95 569 802
290 96 569 277
292 97 569 912
294 98 569 955
294 99 569 82
300 100 569 1681
300 101 569 402
302 102 569 1029
303 103 569 581
307 104 569 1355
307 105 569 74
311 106 569 1441
312 107 569 770
312 108 569 193
333 109 569 1921
343 110 569 1837
345 111 569 1036
348 112 569 1236
354 114 569 140
354 113 569 1654
357 115 569 1251
358 116 569 580
361 117 569 1256
364 118 569 1178
369 119 569 1502
370 120 569 550
370 121 569 477
375 122 569 1606
379 124 569 241
379 123 569 1355
380 125 569 591
388 126 569 1754
388 127 569 33
388 128 569 232
388 129 569 317
398 130 569 1844
398 131 569 388
398 132 569 388
406 134 569 387
406 133 569 1759
414 135 569 1794
414 136 569 172
414 137 569 11
415 138 569 728
415 139 569 173
416 140 569 683
418 141 569 1132
422 142 569 1440
426 143 569 1491
427 144 569 507
429 145 569 1119
431 146 569 985
432 147 569 760
435 148 569 1322
437 149 569 986
437 150 569 222
439 151 569 945
445 152 569 1658
449 153 569 1378
453 154 569 1456
456 155 569 1204
457 156 569 721
462 157 569 1598
462 158 569 339
463 159 569 764
463 160 569 245
467 161 569 1408
468 162 569 537
477 163 569 1801
477 164 569 77
481 165 569 1448
482 166 569 648
486 167 569 1401
489 168 569 1266
489 169 569 270
491 170 569 1079
492 171 569 568
493 172 569 527
495 173 569 1005
496 174 569 818
499 175 569 1343
501 176 569 961
501 177 569 114
502 178 569 848
504 179 569 1047
509 180 569 1530
511 181 569 993
512 182 569 635
515 183 569 1171
515 184 569 94
517 185 569 898
518 186 569 654
520 187 569 935
520 188 569 302
522 189 569 1108
524 191 569 498
524 190 569 1073
529 192 569 1596
542 193 569 1889
552 194 569 1852
555 195 569 1200
556 196 569 594
561 197 569 1564
565 198 569 1414
567 200 569 471
567 199 569 983
572 201 569 1508
576 202 569 1419
578 203 569 1052
588 204 569 1832
593 205 569 1579
593 206 569 417
594 207 569 653
595 210 569 243
595 209 569 112
595 208 569 559
596 211 569 607
597 212 569 750
600 213 569 1217
603 214 569 1158
606 215 569 1177
607 216 569 773
610 217 569 1291
617 218 569 1706
619 219 569 1103
620 220 569 793
626 221 569 1637
628 222 569 1099
628 223 569 158
630 224 569 1122
631 225 569 580
633 226 569 896
634 227 569 563
636 228 569 1077
641 229 569 1543
642 230 569 749
645 231 569 1321
646 232 569 625
654 233 569 1789
655 234 569 576
655 235 569 22
660 236 569 1499
665 237 569 1507
668 243 569 190
668 242 569 375
668 241 569 0
668 240 569 481
668 239 569 440
668 238 569 1264
669 244 569 865
669 245 569 465
675 246 569 1672
675 247 569 379
676 248 569 731
677 250 569 426
677 249 569 675
680 251 569 1227
688 252 569 1783
688 253 569 311
688 254 569 189
689 255 569 758
689 256 569 409
692 257 569 1261
703 258 569 1855
706 259 569 1251
707 260 569 682
715 261 569 1779
720 262 569 1501
722 263 569 941
725 264 569 1288
726 265 569 846
741 266 569 1907
743 267 569 886
744 268 569 641
746 269 569 1136
751 270 569 1603
754 271 569 1190
754 272 569 26
757 273 569 1265
758 274 569 622
759 275 569 792
762 276 569 1261
764 277 569 908
767 278 569 1218
768 279 569 656
769 280 569 833
770 281 569 516
778 282 569 1756
778 283 569 401
780 284 569 1116
784 285 569 1446
788 287 569 313
788 286 569 1463
793 288 569 1599
800 289 569 1742
805 290 569 1537
805 291 569 237
810 292 569 1577
810 293 569 13
816 294 569 1682
817 296 569 424
817 295 569 626
821 297 569 1359
822 298 569 826
822 299 569 18
822 300 569 483
823 301 569 786
829 302 569 1663
834 303 569 1520
836 304 569 997
839 305 569 1161
842 306 569 1201
