7 0 572 1696
7 1 572 22
7 2 572 110
8 3 572 759
9 4 572 763
10 5 572 650
13 7 572 22
13 8 572 105
13 6 572 1219
14 9 572 798
18 10 572 1413
18 11 572 230
20 12 572 923
20 13 572 181
25 16 572 154
25 14 572 1544
25 15 572 400
28 18 572 293
28 17 572 1293
33 19 572 1546
33 20 572 206
38 21 572 1573
43 22 572 1508
49 23 572 1663
52 24 572 1181
52 25 572 479
58 26 572 1612
62 27 572 1480
65 28 572 1286
65 29 572 422
67 30 572 1034
74 31 572 1706
85 32 572 1858
86 33 572 528
87 36 572 14
87 37 572 178
87 34 572 837
87 35 572 97
91 38 572 1375
93 39 572 1003
94 40 572 595
95 41 572 625
96 42 572 712
96 43 572 368
100 45 572 116
100 44 572 1449
101 46 572 500
105 47 572 1362
105 48 572 212
106 49 572 540
106 50 572 122
110 51 572 1419
111 52 572 599
120 53 572 1813
121 56 572 438
121 57 572 372
121 55 572 122
121 54 572 585
126 58 572 1503
126 59 572 283
128 60 572 963
134 61 572 1664
135 62 572 660
141 63 572 1607
148 64 572 1689
154 65 572 1631
154 66 572 297
154 67 572 395
157 68 572 1269
161 69 572 1447
161 70 572 386
175 71 572 1901
185 72 572 1842
188 73 572 1215
190 74 572 950
195 75 572 1506
196 76 572 860
198 77 572 1139
198 78 572 213
200 79 572 1064
215 80 572 1903
215 81 572 249
218 82 572 1267
219 84 572 300
219 83 572 746
224 85 572 1539
226 86 572 1106
226 87 572 45
237 88 572 1868
238 89 572 714
243 90 572 1584
248 91 572 1566
249 92 572 599
251 94 572 40
251 93 572 1092
252 95 572 856
265 96 572 1889
267 97 572 1029
268 98 572 604
275 99 572 1743
282 100 572 1744
282 101 572 105
282 102 572 92
283 105 572 146
283 103 572 690
283 104 572 154
288 106 572 1501
291 107 572 1309
292 108 572 862
294 109 572 1003
297 110 572 1187
300 114 572 304
300 113 572 439
300 112 572 159
300 111 572 1224
301 115 572 713
301 116 572 396
311 117 572 1839
314 118 572 1307
314 119 572 150
315 121 572 252
315 122 572 452
315 120 572 525
316 123 572 554
324 124 572 1787
325 125 572 744
328 126 572 1301
329 127 572 750
332 128 572 1175
332 129 572 94
337 130 572 1542
345 131 572 1756
346 133 572 395
346 132 572 535
349 134 572 1244
358 135 572 1798
358 136 572 156
359 137 572 576
360 138 572 591
360 139 572 153
360 140 572 37
367 141 572 1722
369 142 572 1107
370 143 572 865
374 144 572 1452
374 145 572 360
378 146 572 1406
378 147 572 159
379 148 572 787
382 150 572 460
382 149 572 1252
382 151 572 50
388 153 572 454
388 152 572 1647
391 154 572 1217
395 155 572 1492
400 156 572 1578
404 157 572 1463
405 158 572 827
408 159 572 1334
409 160 572 769
410 162 572 134
410 161 572 751
411 163 572 768
415 164 572 1385
419 165 572 1356
420 166 572 688
427 167 572 1689
429 168 572 1120
429 169 572 431
430 170 572 556
437 171 572 1744
440 172 572 1247
443 173 572 1153
443 174 572 112
444 175 572 728
446 176 572 1069
451 177 572 1512
453 178 572 1026
457 179 572 1427
460 180 572 1262
462 181 572 1141
475 182 572 1888
485 183 572 1847
490 184 572 1559
494 185 572 1492
494 186 572 109
494 187 572 80
496 188 572 1102
502 190 572 220
502 189 572 1676
503 191 572 618
509 192 572 1674
512 193 572 1181
515 194 572 1309
518 195 572 1211
523 196 572 1588
523 197 572 339
527 199 572 96
527 198 572 1404
532 200 572 1596
538 201 572 1642
540 202 572 964
540 203 572 356
541 204 572 695
542 205 572 640
543 210 572 423
543 212 572 436
543 211 572 65
543 209 572 489
543 207 572 493
543 206 572 727
543 208 572 341
546 213 572 1324
546 214 572 72
551 215 572 1553
552 216 572 787
552 217 572 211
554 218 572 1133
563 219 572 1818
566 220 572 1247
567 221 572 607
568 222 572 586
572 224 572 210
572 223 572 1368
583 226 572 70
583 227 572 66
583 225 572 1862
591 228 572 1769
592 229 572 826
594 230 572 1065
595 231 572 730
595 232 572 107
597 233 572 930
605 234 572 1756
610 235 572 1545
610 236 572 176
615 237 572 1532
618 238 572 1152
620 239 572 918
621 240 572 765
626 241 572 1540
632 242 572 1664
633 243 572 613
636 244 572 1253
636 245 572 154
636 246 572 181
636 247 572 349
638 248 572 1109
644 249 572 1680
644 250 572 423
648 251 572 1376
650 252 572 1130
655 253 572 1510
656 254 572 774
658 255 572 988
660 256 572 1055
665 258 572 145
665 257 572 1521
666 259 572 758
667 260 572 570
668 261 572 660
669 262 572 648
673 263 572 1440
677 264 572 1349
683 265 572 1618
695 266 572 1882
699 267 572 1431
703 268 572 1493
703 269 572 452
707 270 572 1376
710 271 572 1180
712 272 572 984
712 273 572 215
714 274 572 1053
720 275 572 1631
722 276 572 868
736 277 572 1898
736 278 572 114
736 279 572 55
742 280 572 1680
748 281 572 1646
750 282 572 882
750 283 572 89
750 284 572 402
756 285 572 1613
761 286 572 1524
762 287 572 522
762 288 572 155
763 289 572 768
763 290 572 489
764 291 572 580
768 294 572 348
768 295 572 104
768 292 572 1387
768 293 572 393
770 296 572 892
770 297 572 223
773 298 572 1189
778 299 572 1560
778 300 572 197
779 301 572 675
780 302 572 780
781 303 572 657
781 304 572 304
784 305 572 1168
784 306 572 392
