2 0 1919 1101
4 1 1919 892
4 2 1919 480
8 3 1919 1426
8 4 1919 318
9 5 1919 606
10 6 1919 532
13 7 1919 1271
14 9 1919 310
14 8 1919 565
17 10 1919 1196
19 11 1919 921
19 12 1919 230
29 13 1919 1852
31 14 1919 992
52 15 1919 1922
52 16 1919 144
53 20 1919 283
53 19 1919 307
53 18 1919 348
53 17 1919 621
55 21 1919 923
56 22 1919 807
64 23 1919 1779
66 24 1919 974
68 25 1919 988
70 26 1919 1130
70 27 1919 79
73 28 1919 1277
74 29 1919 532
74 30 1919 282
81 31 1919 1706
82 32 1919 683
87 33 1919 1578
87 34 1919 379
90 35 1919 1241
90 36 1919 22
98 38 1919 442
98 37 1919 1791
104 39 1919 1615
108 40 1919 1452
110 41 1919 881
111 42 1919 735
112 43 1919 778
114 44 1919 1072
117 45 1919 1338
125 46 1919 1774
125 47 1919 7
129 48 1919 1376
132 49 1919 1317
136 50 1919 1379
140 51 1919 1374
140 52 1919 269
144 53 1919 1464
144 54 1919 115
144 55 1919 178
144 56 1919 84
145 58 1919 452
145 57 1919 625
148 59 1919 1254
152 60 1919 1401
152 61 1919 453
171 62 1919 1918
171 63 1919 32
171 64 1919 27
175 65 1919 1415
175 66 1919 237
176 67 1919 577
180 68 1919 1473
186 69 1919 1676
200 70 1919 1899
200 71 1919 277
200 72 1919 179
201 73 1919 658
202 74 1919 779
205 77 1919 28
205 76 1919 187
205 75 1919 1327
206 78 1919 706
211 79 1919 1560
213 80 1919 1138
215 81 1919 1122
216 82 1919 627
228 83 1919 1884
230 84 1919 1077
231 85 1919 833
235 86 1919 1436
238 87 1919 1143
242 88 1919 1462
242 89 1919 200
245 90 1919 1157
248 91 1919 1321
251 92 1919 1339
253 93 1919 1112
253 94 1919 213
255 95 1919 999
257 96 1919 887
258 97 1919 703
259 98 1919 751
264 99 1919 1581
266 100 1919 1101
269 101 1919 1197
269 102 1919 458
275 103 1919 1625
278 104 1919 1343
280 105 1919 1102
283 106 1919 1194
288 107 1919 1536
289 108 1919 684
290 109 1919 713
307 110 1919 1916
307 111 1919 55
317 112 1919 1844
318 115 1919 278
318 114 1919 116
318 113 1919 816
326 116 1919 1750
326 117 1919 33
328 118 1919 880
330 119 1919 1118
345 120 1919 1904
347 121 1919 1018
349 122 1919 1039
352 123 1919 1273
353 124 1919 519
354 125 1919 577
355 126 1919 862
357 127 1919 991
357 128 1919 444
364 129 1919 1705
364 130 1919 440
368 131 1919 1409
371 132 1919 1202
373 134 1919 459
373 133 1919 1049
384 135 1919 1865
385 136 1919 664
387 137 1919 927
388 138 1919 541
402 139 1919 1900
407 140 1919 1563
416 141 1919 1824
416 142 1919 459
417 144 1919 209
417 143 1919 749
419 145 1919 1101
423 146 1919 1402
424 147 1919 523
426 148 1919 996
437 149 1919 1860
440 150 1919 1174
441 151 1919 853
448 152 1919 1747
453 153 1919 1557
458 154 1919 1602
458 155 1919 82
458 156 1919 158
460 157 1919 1110
462 158 1919 1106
463 159 1919 765
463 160 1919 240
463 161 1919 203
465 162 1919 1091
467 163 1919 904
467 164 1919 273
468 165 1919 506
469 166 1919 778
470 167 1919 794
470 168 1919 357
470 169 1919 175
475 170 1919 1539
476 171 1919 823
480 172 1919 1417
482 173 1919 904
486 174 1919 1480
486 175 1919 80
487 176 1919 559
487 177 1919 290
489 178 1919 1063
492 179 1919 1343
494 181 1919 338
494 180 1919 1099
514 182 1919 1920
515 183 1919 509
516 184 1919 531
521 185 1919 1511
526 186 1919 1586
531 187 1919 1570
535 189 1919 376
535 188 1919 1372
542 190 1919 1707
546 191 1919 1478
553 192 1919 1745
560 193 1919 1700
566 194 1919 1660
570 195 1919 1360
571 196 1919 732
575 197 1919 1479
575 198 1919 475
581 200 1919 322
581 199 1919 1627
582 201 1919 608
582 202 1919 166
583 203 1919 820
583 204 1919 320
583 205 1919 350
587 206 1919 1361
588 208 1919 76
588 207 1919 843
593 209 1919 1522
597 210 1919 1447
605 211 1919 1793
605 212 1919 46
611 213 1919 1688
616 214 1919 1591
625 215 1919 1826
625 216 1919 207
626 217 1919 582
626 218 1919 372
627 219 1919 686
628 220 1919 845
630 221 1919 1132
634 222 1919 1347
649 223 1919 1905
649 224 1919 393
649 225 1919 60
651 226 1919 1002
657 227 1919 1641
660 228 1919 1169
660 229 1919 119
663 230 1919 1272
665 231 1919 1004
672 232 1919 1739
676 233 1919 1360
678 234 1919 1020
678 235 1919 491
678 236 1919 172
680 240 1919 150
680 239 1919 180
680 237 1919 1100
680 238 1919 188
681 241 1919 743
685 242 1919 1493
693 243 1919 1775
694 244 1919 854
704 245 1919 1839
708 247 1919 56
708 246 1919 1431
708 248 1919 109
716 249 1919 1759
719 250 1919 1152
719 251 1919 150
721 252 1919 1106
728 253 1919 1714
729 254 1919 782
731 255 1919 1115
734 259 1919 260
734 258 1919 427
734 256 1919 1185
734 257 1919 185
737 260 1919 1272
743 261 1919 1644
748 262 1919 1598
760 266 1919 53
760 263 1919 1882
760 264 1919 249
760 265 1919 442
761 267 1919 611
762 268 1919 668
764 269 1919 1099
770 270 1919 1653
772 271 1919 1032
772 272 1919 394
772 273 1919 192
773 274 1919 536
773 275 1919 102
778 276 1919 1564
783 277 1919 1497
785 278 1919 1051
785 279 1919 478
786 280 1919 554
788 281 1919 946
793 282 1919 1532
796 283 1919 1335
798 284 1919 891
800 285 1919 1122
809 287 1919 25
809 286 1919 1822
810 288 1919 578
820 289 1919 1829
823 290 1919 1230
839 291 1919 1912
840 292 1919 673
850 293 1919 1853
851 295 1919 430
851 294 1919 832
853 296 1919 1069
858 297 1919 1536
863 298 1919 1525
863 299 1919 411
871 300 1919 1785
872 301 1919 820
875 302 1919 1313
877 304 1919 106
877 305 1919 120
877 303 1919 935
883 306 1919 1680
