7 0 911 1744
10 1 911 1158
11 2 911 730
12 3 911 772
19 4 911 1717
25 5 911 1634
30 6 911 1600
30 7 911 269
39 8 911 1819
41 9 911 920
42 10 911 661
42 11 911 382
42 12 911 138
45 13 911 1280
50 14 911 1508
53 15 911 1225
57 16 911 1387
57 17 911 137
58 22 911 32
58 21 911 371
58 18 911 557
58 19 911 443
58 20 911 251
66 23 911 1781
67 24 911 533
67 25 911 350
74 26 911 1693
81 27 911 1745
85 28 911 1407
90 29 911 1560
97 30 911 1706
98 31 911 710
99 32 911 747
99 33 911 138
100 34 911 740
100 35 911 167
100 36 911 2
103 37 911 1341
105 38 911 872
114 39 911 1827
117 40 911 1281
119 41 911 898
123 42 911 1363
123 43 911 22
123 44 911 2
123 45 911 172
123 46 911 401
123 47 911 392
125 48 911 1088
130 49 911 1606
137 50 911 1739
141 51 911 1360
141 52 911 460
142 53 911 844
144 54 911 881
148 55 911 1372
150 56 911 1126
152 58 911 238
152 57 911 873
156 59 911 1367
167 60 911 1865
175 61 911 1780
176 62 911 787
176 63 911 259
178 64 911 1139
190 65 911 1876
195 67 911 0
195 66 911 1559
196 68 911 540
199 69 911 1340
202 70 911 1223
202 71 911 46
205 72 911 1189
206 73 911 655
208 74 911 1087
211 75 911 1278
213 77 911 10
213 76 911 932
221 78 911 1779
221 79 911 361
233 80 911 1873
236 81 911 1301
237 82 911 656
244 83 911 1726
251 85 911 345
251 86 911 249
251 84 911 1745
260 87 911 1827
263 88 911 1181
266 89 911 1292
268 90 911 966
270 91 911 1054
272 92 911 1102
276 93 911 1430
289 94 911 1886
293 96 911 111
293 95 911 1425
295 97 911 1104
296 98 911 807
296 99 911 51
297 100 911 537
297 101 911 400
305 102 911 1776
311 104 911 382
311 103 911 1672
318 106 911 170
318 105 911 1693
325 107 911 1729
331 108 911 1682
336 109 911 1527
336 110 911 440
338 111 911 1115
340 112 911 1019
349 113 911 1802
353 114 911 1418
354 115 911 564
356 116 911 1124
358 117 911 985
358 118 911 438
359 119 911 793
365 120 911 1626
371 121 911 1656
372 122 911 743
375 125 911 169
375 124 911 373
375 123 911 1172
376 126 911 868
382 127 911 1684
383 128 911 693
388 129 911 1586
391 130 911 1167
399 131 911 1752
401 132 911 1127
408 133 911 1727
415 134 911 1748
419 135 911 1473
423 136 911 1449
425 137 911 908
428 138 911 1343
428 139 911 51
428 140 911 174
428 141 911 445
428 142 911 145
433 143 911 1578
434 144 911 852
442 145 911 1776
442 146 911 34
445 147 911 1225
445 148 911 12
448 149 911 1322
448 150 911 301
450 151 911 1050
451 154 911 350
451 153 911 14
451 152 911 666
452 155 911 806
457 156 911 1581
458 157 911 604
461 158 911 1299
461 159 911 213
462 160 911 825
462 161 911 411
464 164 911 360
464 163 911 95
464 162 911 1035
465 165 911 612
481 166 911 1912
484 167 911 1216
484 168 911 53
495 169 911 1870
497 170 911 1039
497 171 911 215
502 173 911 386
502 172 911 1567
503 174 911 619
506 175 911 1181
511 176 911 1511
513 177 911 1089
513 178 911 319
514 179 911 522
514 180 911 134
519 181 911 1568
525 182 911 1671
528 183 911 1296
531 184 911 1285
531 185 911 117
533 186 911 1086
535 187 911 1113
539 188 911 1377
541 189 911 942
550 190 911 1816
551 191 911 845
556 192 911 1534
558 193 911 1130
561 194 911 1151
567 195 911 1687
570 196 911 1334
570 197 911 49
573 198 911 1218
573 199 911 239
581 200 911 1788
582 201 911 743
585 202 911 1171
585 203 911 66
585 204 911 282
585 205 911 86
589 206 911 1407
589 207 911 279
592 208 911 1320
594 209 911 1093
597 212 911 284
597 210 911 1219
597 211 911 491
598 213 911 776
598 214 911 79
601 215 911 1181
602 216 911 665
608 217 911 1664
609 218 911 735
609 219 911 243
613 220 911 1451
614 221 911 799
622 222 911 1763
624 223 911 1036
624 224 911 53
624 225 911 194
625 226 911 605
625 227 911 437
628 228 911 1160
629 229 911 856
637 230 911 1771
641 231 911 1462
650 232 911 1796
650 233 911 80
651 234 911 659
654 235 911 1315
654 236 911 396
659 237 911 1604
661 238 911 1013
664 239 911 1199
665 240 911 634
666 241 911 806
673 242 911 1718
673 243 911 283
679 244 911 1647
682 245 911 1324
683 246 911 560
684 247 911 758
686 248 911 1051
699 249 911 1894
701 250 911 1022
706 251 911 1595
709 252 911 1239
711 253 911 975
712 254 911 713
714 255 911 989
716 259 911 88
716 258 911 13
716 257 911 134
716 256 911 905
720 260 911 1405
722 261 911 970
724 262 911 1044
724 263 911 463
727 264 911 1247
733 265 911 1682
734 267 911 204
734 268 911 117
734 266 911 620
735 269 911 688
736 270 911 785
738 271 911 985
739 272 911 650
743 273 911 1460
748 274 911 1533
749 275 911 644
751 276 911 1005
755 277 911 1479
758 278 911 1314
759 279 911 654
764 280 911 1558
772 281 911 1772
775 282 911 1310
778 283 911 1190
786 285 911 176
786 284 911 1758
786 286 911 222
787 287 911 821
790 288 911 1291
795 289 911 1595
795 290 911 410
795 291 911 261
800 292 911 1591
802 293 911 925
809 294 911 1718
814 295 911 1588
820 296 911 1687
823 297 911 1254
825 298 911 961
838 299 911 1889
839 300 911 704
839 301 911 356
840 302 911 640
840 303 911 363
842 305 911 37
842 304 911 1109
844 306 911 944
