0 0 1128 339
4 1 1128 1434
7 2 1128 1146
7 3 1128 45
18 4 1128 1854
21 5 1128 1246
25 6 1128 1493
25 7 1128 204
26 10 1128 65
26 8 1128 781
26 9 1128 145
29 11 1128 1187
35 12 1128 1637
42 15 1128 398
42 13 1128 1720
42 14 1128 370
47 16 1128 1513
58 18 1128 256
58 17 1128 1866
62 19 1128 1367
63 20 1128 569
64 21 1128 597
65 22 1128 843
67 23 1128 1064
68 24 1128 588
69 25 1128 598
74 26 1128 1573
76 29 1128 389
76 27 1128 1028
76 28 1128 81
82 30 1128 1670
82 31 1128 238
83 32 1128 540
84 33 1128 819
86 34 1128 903
90 35 1128 1384
107 37 1128 309
107 38 1128 319
107 36 1128 1915
109 39 1128 905
115 40 1128 1614
115 41 1128 9
116 42 1128 624
116 43 1128 440
123 44 1128 1698
127 46 1128 436
127 47 1128 76
127 45 1128 1474
129 48 1128 1119
133 49 1128 1393
140 50 1128 1743
140 51 1128 442
142 52 1128 1091
144 53 1128 1025
144 54 1128 390
150 55 1128 1666
151 57 1128 81
151 56 1128 591
155 58 1128 1381
158 59 1128 1256
163 60 1128 1598
163 61 1128 464
163 62 1128 122
163 63 1128 391
163 64 1128 399
171 65 1128 1751
172 66 1128 647
173 67 1128 817
174 68 1128 816
176 69 1128 910
176 70 1128 408
179 71 1128 1204
184 72 1128 1546
187 73 1128 1276
193 74 1128 1677
194 75 1128 559
208 77 1128 403
208 76 1128 1897
211 78 1128 1291
213 79 1128 1039
213 80 1128 161
218 81 1128 1497
228 82 1128 1834
229 83 1128 612
230 84 1128 570
233 85 1128 1228
235 86 1128 1071
239 87 1128 1439
239 88 1128 429
242 89 1128 1162
243 90 1128 793
253 91 1128 1833
254 92 1128 852
256 93 1128 988
259 94 1128 1231
262 95 1128 1150
271 96 1128 1812
271 97 1128 233
271 98 1128 41
282 99 1128 1871
283 100 1128 827
288 101 1128 1543
291 102 1128 1184
291 103 1128 208
293 104 1128 984
294 105 1128 539
295 106 1128 820
302 107 1128 1740
305 108 1128 1273
313 109 1128 1756
320 110 1128 1693
320 111 1128 187
321 112 1128 715
321 113 1128 342
323 115 1128 101
323 114 1128 1094
324 116 1128 555
328 117 1128 1434
335 118 1128 1745
337 119 1128 1095
338 120 1128 680
340 121 1128 1132
340 122 1128 388
345 124 1128 117
345 123 1128 1579
346 125 1128 500
346 126 1128 351
347 127 1128 558
347 128 1128 44
348 129 1128 526
349 130 1128 672
355 131 1128 1664
355 132 1128 362
359 134 1128 211
359 133 1128 1345
360 135 1128 543
360 136 1128 312
366 137 1128 1625
371 138 1128 1553
371 139 1128 31
371 140 1128 408
374 141 1128 1255
374 142 1128 166
375 143 1128 597
379 144 1128 1393
380 145 1128 605
382 146 1128 1118
383 147 1128 509
392 148 1128 1818
394 149 1128 1130
395 151 1128 377
395 150 1128 595
395 152 1128 412
397 153 1128 870
400 154 1128 1190
406 155 1128 1620
409 156 1128 1154
414 157 1128 1529
414 158 1128 90
414 159 1128 484
414 160 1128 187
414 161 1128 262
421 162 1128 1696
422 163 1128 746
424 164 1128 1084
424 165 1128 28
432 166 1128 1750
435 167 1128 1294
435 168 1128 131
436 169 1128 551
443 170 1128 1713
444 171 1128 854
453 172 1128 1806
460 173 1128 1714
461 174 1128 687
465 175 1128 1349
467 176 1128 965
474 177 1128 1716
474 178 1128 186
478 179 1128 1437
481 180 1128 1307
489 181 1128 1767
490 182 1128 664
491 183 1128 838
502 184 1128 1856
502 185 1128 295
505 186 1128 1252
509 187 1128 1416
509 188 1128 154
510 189 1128 516
513 190 1128 1313
514 191 1128 708
519 192 1128 1535
521 193 1128 1068
529 194 1128 1768
529 195 1128 145
533 196 1128 1484
536 197 1128 1345
540 198 1128 1438
544 199 1128 1364
545 200 1128 779
552 201 1128 1748
552 202 1128 377
555 203 1128 1267
558 204 1128 1341
564 205 1128 1666
564 206 1128 495
565 207 1128 623
565 208 1128 183
573 209 1128 1766
574 210 1128 654
578 211 1128 1363
581 212 1128 1343
582 213 1128 577
584 214 1128 1102
584 215 1128 345
589 216 1128 1522
590 217 1128 857
591 218 1128 814
592 219 1128 788
593 221 1128 333
593 220 1128 701
595 222 1128 1140
600 223 1128 1540
603 224 1128 1162
605 225 1128 1005
608 226 1128 1243
609 227 1128 738
620 228 1128 1870
621 229 1128 541
629 230 1128 1789
634 231 1128 1545
634 232 1128 277
635 233 1128 746
636 234 1128 658
640 235 1128 1483
644 236 1128 1389
647 237 1128 1322
651 239 1128 190
651 238 1128 1422
658 240 1128 1724
659 241 1128 629
662 242 1128 1233
662 243 1128 312
670 244 1128 1786
682 245 1128 1875
685 246 1128 1290
687 247 1128 957
700 248 1128 1890
704 249 1128 1423
705 250 1128 548
706 251 1128 626
707 252 1128 530
708 253 1128 649
709 254 1128 663
709 255 1128 445
710 256 1128 608
711 260 1128 422
711 259 1128 336
711 258 1128 104
711 257 1128 762
717 261 1128 1682
718 262 1128 677
723 263 1128 1566
737 264 1128 1901
739 265 1128 1033
741 266 1128 1085
742 267 1128 596
752 268 1128 1844
757 269 1128 1544
759 270 1128 880
759 271 1128 199
763 272 1128 1360
764 273 1128 624
766 274 1128 989
766 275 1128 72
768 276 1128 1025
769 277 1128 827
775 278 1128 1678
778 279 1128 1212
784 280 1128 1639
784 281 1128 285
785 282 1128 772
785 283 1128 447
803 284 1128 1918
806 285 1128 1163
808 286 1128 1015
813 289 1128 212
813 287 1128 1552
813 288 1128 83
815 290 1128 874
816 291 1128 627
819 292 1128 1217
821 293 1128 1085
828 294 1128 1692
828 295 1128 42
840 296 1128 1876
845 297 1128 1592
845 298 1128 335
846 299 1128 752
847 300 1128 789
848 301 1128 693
850 302 1128 1038
850 303 1128 346
851 305 1128 348
851 304 1128 542
854 306 1128 1190
