2 0 311 1125
2 1 311 463
4 2 311 992
6 3 311 1012
6 4 311 450
11 5 311 1517
11 6 311 75
11 7 311 481
12 9 311 424
12 8 311 752
20 10 311 1776
21 11 311 702
23 12 311 1114
24 13 311 814
26 14 311 1007
27 15 311 850
27 16 311 445
28 17 311 563
34 18 311 1688
39 19 311 1514
41 20 311 1130
41 21 311 115
41 22 311 382
41 23 311 392
41 24 311 398
43 25 311 972
49 26 311 1681
52 27 311 1314
57 28 311 1510
57 29 311 10
57 30 311 44
60 31 311 1144
64 32 311 1490
66 33 311 955
73 34 311 1733
75 35 311 1136
77 36 311 1104
80 37 311 1251
81 38 311 860
81 39 311 455
82 40 311 587
82 41 311 451
87 42 311 1602
88 43 311 831
94 44 311 1642
96 45 311 888
97 46 311 836
109 47 311 1874
118 48 311 1805
119 49 311 550
119 50 311 87
119 51 311 313
130 52 311 1867
131 53 311 674
132 54 311 638
134 56 311 80
134 55 311 1009
135 57 311 599
136 58 311 613
140 59 311 1402
148 60 311 1761
149 61 311 685
151 62 311 895
152 64 311 379
152 63 311 742
153 65 311 632
155 66 311 1136
155 67 311 158
157 68 311 1006
166 69 311 1795
172 70 311 1670
174 71 311 1118
180 72 311 1627
183 73 311 1232
185 74 311 927
186 76 311 438
186 75 311 679
190 77 311 1476
191 78 311 674
195 79 311 1435
195 80 311 136
202 81 311 1731
206 82 311 1433
208 83 311 960
218 84 311 1848
224 85 311 1655
227 86 311 1202
228 87 311 816
228 88 311 316
229 89 311 723
231 90 311 1055
232 91 311 504
233 92 311 637
237 93 311 1382
238 94 311 619
247 95 311 1826
251 96 311 1481
252 97 311 859
252 98 311 451
254 99 311 1010
260 100 311 1677
261 101 311 677
262 102 311 868
262 103 311 9
263 104 311 804
265 105 311 893
266 106 311 610
267 107 311 635
273 108 311 1672
285 109 311 1884
286 110 311 570
287 111 311 529
297 112 311 1850
299 113 311 1102
302 115 311 29
302 114 311 1266
305 116 311 1177
316 117 311 1859
317 118 311 819
318 119 311 648
322 120 311 1354
322 121 311 319
330 122 311 1766
330 123 311 283
331 124 311 740
334 125 311 1166
334 126 311 481
334 127 311 244
335 128 311 612
337 129 311 1025
339 130 311 1122
344 131 311 1504
346 132 311 1025
351 133 311 1588
357 134 311 1683
361 135 311 1383
362 136 311 863
366 137 311 1424
366 138 311 155
368 139 311 954
370 140 311 1044
371 141 311 566
373 144 311 152
373 142 311 1068
373 143 311 357
374 145 311 526
375 146 311 579
379 147 311 1460
379 148 311 116
380 149 311 590
381 150 311 649
386 151 311 1546
386 152 311 39
393 153 311 1727
398 154 311 1581
402 155 311 1357
403 156 311 835
404 157 311 584
407 158 311 1194
412 161 311 366
412 162 311 22
412 159 311 1563
412 160 311 412
413 163 311 646
414 164 311 762
416 165 311 991
420 166 311 1429
420 167 311 261
423 168 311 1344
432 169 311 1807
434 170 311 1090
440 171 311 1678
447 172 311 1704
455 173 311 1789
460 174 311 1528
461 175 311 787
464 176 311 1175
468 177 311 1409
468 178 311 130
468 179 311 213
469 180 311 587
471 184 311 376
471 183 311 22
471 181 311 945
471 182 311 128
476 185 311 1501
480 186 311 1464
483 189 311 325
483 187 311 1222
483 188 311 7
484 192 311 229
484 191 311 278
484 190 311 548
485 193 311 517
486 194 311 542
487 195 311 678
488 196 311 544
488 197 311 422
493 198 311 1520
495 199 311 1085
497 203 311 233
497 202 311 115
497 200 311 1022
497 201 311 317
501 204 311 1424
503 205 311 895
511 207 311 174
511 206 311 1767
511 208 311 198
512 210 311 181
512 209 311 793
516 211 311 1350
516 212 311 454
518 213 311 981
520 214 311 975
524 218 311 269
524 215 311 1391
524 216 311 237
524 217 311 0
527 219 311 1185
531 220 311 1452
531 221 311 206
531 222 311 254
533 223 311 1018
536 224 311 1259
537 225 311 811
541 226 311 1448
544 227 311 1186
547 228 311 1247
548 230 311 243
548 229 311 850
549 231 311 753
558 232 311 1814
560 233 311 969
562 234 311 1116
562 235 311 270
563 236 311 830
572 237 311 1819
573 238 311 522
577 239 311 1406
583 240 311 1658
586 241 311 1289
588 242 311 1023
590 243 311 1139
590 244 311 144
592 245 311 1122
599 246 311 1749
602 247 311 1173
606 248 311 1467
608 249 311 1076
608 250 311 440
609 251 311 543
609 252 311 152
609 253 311 334
614 254 311 1558
615 255 311 815
615 256 311 62
617 257 311 1022
619 258 311 899
620 259 311 613
624 260 311 1372
625 261 311 581
626 262 311 852
629 263 311 1273
630 264 311 549
634 265 311 1353
638 266 311 1460
642 267 311 1409
650 268 311 1789
651 269 311 705
652 270 311 560
652 271 311 343
656 272 311 1403
657 273 311 788
661 274 311 1452
661 275 311 163
663 276 311 1108
665 277 311 1040
667 278 311 874
667 279 311 136
669 280 311 987
669 281 311 275
675 282 311 1644
675 283 311 170
675 284 311 409
681 285 311 1624
682 286 311 600
686 287 311 1480
689 288 311 1336
689 289 311 300
689 290 311 207
696 291 311 1733
698 292 311 919
708 293 311 1834
708 294 311 33
710 296 311 436
710 295 311 1077
716 297 311 1674
717 298 311 589
718 299 311 716
723 300 311 1586
723 301 311 339
726 302 311 1308
727 303 311 761
728 305 311 97
728 304 311 515
730 306 311 1065
