1 0 441 803
1 1 441 363
1 2 441 162
2 3 441 619
8 4 441 1674
10 5 441 1064
12 6 441 1065
13 7 441 578
19 8 441 1629
24 9 441 1543
29 10 441 1605
32 11 441 1267
33 12 441 723
35 13 441 1052
36 14 441 797
39 15 441 1270
42 16 441 1325
42 17 441 62
46 18 441 1403
47 19 441 775
47 20 441 69
48 21 441 549
50 22 441 892
51 23 441 846
51 24 441 491
56 25 441 1590
56 26 441 31
57 28 441 205
57 27 441 567
58 29 441 688
62 30 441 1432
66 31 441 1402
67 32 441 517
70 33 441 1337
70 34 441 157
74 35 441 1467
75 36 441 854
77 37 441 962
78 38 441 859
85 39 441 1748
86 40 441 657
86 41 441 159
94 42 441 1779
95 43 441 840
96 44 441 499
97 45 441 829
100 46 441 1322
100 47 441 185
107 48 441 1701
109 49 441 972
109 50 441 69
111 51 441 1043
114 52 441 1193
125 53 441 1865
130 54 441 1553
130 55 441 254
134 56 441 1396
137 59 441 84
137 57 441 1240
137 58 441 128
139 60 441 1032
139 61 441 498
139 62 441 373
141 63 441 940
141 64 441 111
141 65 441 202
142 66 441 749
145 67 441 1310
147 68 441 895
150 69 441 1255
150 70 441 416
150 71 441 362
152 72 441 1127
157 73 441 1579
157 74 441 117
167 75 441 1834
168 78 441 347
168 76 441 694
168 77 441 52
173 79 441 1586
173 80 441 268
181 81 441 1771
182 82 441 790
185 83 441 1157
186 85 441 389
186 86 441 209
186 84 441 619
187 87 441 577
194 88 441 1708
203 89 441 1827
203 90 441 70
208 91 441 1538
209 92 441 834
210 93 441 775
211 94 441 716
211 95 441 158
218 96 441 1710
219 97 441 838
220 98 441 729
220 99 441 297
220 100 441 79
220 101 441 11
223 102 441 1215
223 103 441 445
224 104 441 556
230 105 441 1631
240 106 441 1840
245 107 441 1538
252 108 441 1748
258 109 441 1643
262 110 441 1485
265 111 441 1344
267 112 441 893
267 113 441 466
274 114 441 1741
277 115 441 1186
283 116 441 1632
285 117 441 1141
285 118 441 320
291 119 441 1646
309 120 441 1918
309 121 441 172
314 122 441 1527
316 123 441 992
319 124 441 1184
320 125 441 802
324 126 441 1453
324 127 441 352
325 128 441 863
337 129 441 1883
337 130 441 123
345 131 441 1781
348 133 441 49
348 132 441 1248
353 134 441 1507
353 135 441 256
354 136 441 555
354 137 441 344
355 138 441 600
357 139 441 913
357 140 441 474
358 141 441 595
359 142 441 754
359 143 441 64
359 144 441 342
360 145 441 651
361 146 441 644
361 147 441 368
363 148 441 959
367 150 441 450
367 149 441 1455
368 151 441 569
369 152 441 517
371 154 441 304
371 153 441 1007
381 155 441 1832
381 156 441 409
381 157 441 223
384 158 441 1186
390 159 441 1679
390 160 441 177
394 161 441 1487
395 162 441 675
403 163 441 1789
408 164 441 1520
414 165 441 1628
414 166 441 95
415 167 441 844
417 168 441 884
421 169 441 1484
422 170 441 631
425 171 441 1288
426 172 441 541
429 173 441 1332
432 174 441 1172
435 175 441 1322
438 176 441 1342
442 177 441 1462
443 178 441 650
444 179 441 532
444 180 441 157
446 181 441 1085
449 182 441 1318
452 183 441 1333
456 184 441 1432
460 185 441 1479
463 186 441 1263
463 187 441 240
469 188 441 1670
474 189 441 1599
482 190 441 1772
482 191 441 331
484 192 441 1083
485 193 441 846
486 194 441 735
488 195 441 911
498 196 441 1845
500 197 441 889
500 198 441 469
501 199 441 638
502 200 441 555
509 201 441 1725
513 202 441 1408
517 203 441 1399
518 204 441 823
520 205 441 1087
520 206 441 28
522 207 441 1110
530 208 441 1759
532 209 441 907
532 210 441 490
534 211 441 871
539 212 441 1497
540 213 441 653
545 214 441 1521
547 215 441 1017
547 216 441 169
550 217 441 1267
550 218 441 356
550 219 441 40
550 220 441 365
558 221 441 1780
560 222 441 1098
563 223 441 1209
569 224 441 1636
569 225 441 299
569 226 441 204
575 227 441 1620
576 228 441 596
576 229 441 261
580 231 441 452
580 230 441 1401
582 232 441 992
582 233 441 11
596 234 441 1902
596 235 441 356
601 236 441 1601
611 237 441 1843
612 238 441 509
612 239 441 345
616 242 441 406
616 240 441 1451
616 241 441 152
617 243 441 763
619 244 441 1109
621 245 441 900
622 246 441 759
622 247 441 430
625 248 441 1249
631 249 441 1643
632 250 441 741
633 251 441 578
634 252 441 533
634 253 441 428
634 254 441 272
635 255 441 700
636 256 441 627
636 257 441 199
642 258 441 1688
643 259 441 524
645 260 441 883
645 261 441 333
646 262 441 514
651 263 441 1498
655 264 441 1430
655 265 441 37
664 266 441 1804
668 267 441 1486
669 268 441 676
672 269 441 1165
675 270 441 1341
675 271 441 251
676 272 441 757
676 273 441 11
677 274 441 514
677 275 441 213
681 277 441 335
681 278 441 100
681 276 441 1373
682 279 441 735
686 280 441 1465
693 281 441 1698
693 282 441 370
695 283 441 877
699 284 441 1444
700 285 441 823
710 286 441 1844
711 287 441 563
717 288 441 1664
720 289 441 1201
726 290 441 1654
730 291 441 1402
730 292 441 154
746 293 441 1909
750 294 441 1386
752 295 441 1117
757 296 441 1563
758 297 441 832
761 298 441 1257
763 299 441 1072
765 300 441 1021
768 301 441 1197
774 302 441 1679
774 303 441 83
774 304 441 302
774 305 441 490
781 306 441 1745
