2 0 1741 1064
3 1 1741 834
5 2 1741 986
7 3 1741 904
14 4 1741 1690
15 5 1741 679
16 6 1741 739
18 7 1741 1083
18 8 1741 352
23 9 1741 1542
25 10 1741 897
25 11 1741 316
29 12 1741 1385
29 13 1741 297
31 14 1741 980
35 17 1741 125
35 18 1741 435
35 15 1741 1377
35 16 1741 426
37 19 1741 920
40 20 1741 1190
40 21 1741 434
45 22 1741 1570
45 23 1741 92
50 24 1741 1603
50 25 1741 416
52 27 1741 161
52 26 1741 1132
57 28 1741 1555
57 29 1741 128
58 30 1741 710
60 31 1741 1126
60 32 1741 186
62 33 1741 982
68 34 1741 1686
71 35 1741 1218
72 36 1741 783
73 39 1741 56
73 37 1741 597
73 38 1741 307
77 40 1741 1349
77 41 1741 479
77 42 1741 267
78 43 1741 694
80 44 1741 1062
81 45 1741 633
82 46 1741 705
91 48 1741 152
91 47 1741 1821
93 49 1741 934
96 50 1741 1256
96 51 1741 69
96 52 1741 240
100 53 1741 1494
103 54 1741 1341
104 55 1741 629
107 56 1741 1188
109 57 1741 893
112 58 1741 1226
115 59 1741 1274
119 60 1741 1471
120 61 1741 578
124 62 1741 1453
124 63 1741 224
125 64 1741 831
132 65 1741 1695
132 66 1741 129
132 67 1741 403
133 68 1741 535
139 69 1741 1687
140 70 1741 593
148 71 1741 1754
155 73 1741 378
155 72 1741 1742
160 74 1741 1495
161 76 1741 167
161 75 1741 711
163 77 1741 876
165 78 1741 954
167 79 1741 970
173 80 1741 1635
176 81 1741 1236
176 82 1741 9
177 83 1741 620
178 84 1741 796
179 85 1741 641
181 86 1741 886
182 87 1741 617
187 88 1741 1565
189 89 1741 1057
189 90 1741 29
198 91 1741 1814
201 92 1741 1296
203 93 1741 958
204 94 1741 509
205 95 1741 771
207 96 1741 950
207 97 1741 43
215 98 1741 1787
218 99 1741 1292
219 100 1741 503
219 101 1741 302
222 102 1741 1286
222 103 1741 390
222 104 1741 341
226 106 1741 251
226 105 1741 1426
234 107 1741 1786
258 108 1741 1923
259 109 1741 630
259 110 1741 462
259 111 1741 312
270 112 1741 1864
270 113 1741 255
275 115 1741 235
275 114 1741 1563
276 116 1741 568
277 117 1741 833
281 118 1741 1352
281 119 1741 190
282 120 1741 809
286 121 1741 1436
287 122 1741 762
291 123 1741 1402
297 124 1741 1657
298 125 1741 704
298 126 1741 458
299 127 1741 784
307 128 1741 1793
308 129 1741 724
314 130 1741 1685
314 131 1741 124
316 132 1741 1014
321 134 1741 466
321 133 1741 1587
324 135 1741 1333
336 136 1741 1874
341 137 1741 1544
341 138 1741 279
344 139 1741 1295
344 140 1741 389
346 141 1741 1024
347 142 1741 618
349 143 1741 935
350 144 1741 594
356 145 1741 1641
368 146 1741 1875
370 147 1741 1040
373 148 1741 1319
373 149 1741 274
373 150 1741 203
373 151 1741 117
374 152 1741 615
379 154 1741 483
379 153 1741 1596
381 155 1741 991
385 156 1741 1464
394 157 1741 1808
395 158 1741 657
400 159 1741 1561
402 160 1741 968
406 161 1741 1392
424 162 1741 1917
427 163 1741 1199
429 164 1741 870
429 165 1741 338
432 166 1741 1223
432 167 1741 277
439 168 1741 1713
439 169 1741 229
439 170 1741 285
441 171 1741 948
442 173 1741 57
442 172 1741 554
449 174 1741 1726
456 175 1741 1709
457 176 1741 818
465 177 1741 1752
466 178 1741 808
466 179 1741 15
467 180 1741 753
470 181 1741 1342
474 182 1741 1389
479 183 1741 1519
480 184 1741 521
485 185 1741 1568
489 186 1741 1433
492 187 1741 1342
494 188 1741 1104
498 189 1741 1399
506 190 1741 1794
506 191 1741 66
508 192 1741 887
509 193 1741 642
509 194 1741 326
511 195 1741 922
513 196 1741 1031
516 197 1741 1344
516 198 1741 64
516 199 1741 256
516 200 1741 418
521 201 1741 1598
524 202 1741 1251
526 203 1741 1090
542 204 1741 1913
545 205 1741 1179
549 206 1741 1487
550 207 1741 558
558 208 1741 1795
559 209 1741 698
559 210 1741 173
565 211 1741 1636
567 212 1741 1000
568 213 1741 641
569 214 1741 808
574 215 1741 1551
574 216 1741 2
574 217 1741 398
575 218 1741 678
578 219 1741 1226
579 220 1741 830
588 221 1741 1805
590 222 1741 1098
590 223 1741 313
590 224 1741 360
590 225 1741 219
590 226 1741 61
600 227 1741 1837
606 228 1741 1655
607 229 1741 804
608 230 1741 678
612 231 1741 1399
618 232 1741 1688
619 233 1741 552
624 234 1741 1522
626 235 1741 1080
626 236 1741 90
626 237 1741 299
631 238 1741 1531
634 240 1741 80
634 239 1741 1266
636 241 1741 874
640 242 1741 1472
640 243 1741 405
643 244 1741 1226
643 245 1741 158
645 246 1741 991
645 247 1741 246
653 248 1741 1759
654 249 1741 700
656 250 1741 919
657 251 1741 633
658 252 1741 665
659 253 1741 762
663 254 1741 1351
664 255 1741 537
665 256 1741 500
667 257 1741 937
668 258 1741 730
675 259 1741 1693
677 260 1741 1118
682 261 1741 1575
683 262 1741 827
685 263 1741 991
685 264 1741 20
686 265 1741 699
698 266 1741 1873
698 267 1741 448
700 268 1741 1043
706 269 1741 1652
710 270 1741 1460
716 271 1741 1627
717 272 1741 791
720 273 1741 1336
723 274 1741 1146
735 275 1741 1880
735 276 1741 333
736 277 1741 692
738 278 1741 1012
738 279 1741 201
741 280 1741 1153
748 281 1741 1739
748 282 1741 78
750 283 1741 955
759 284 1741 1809
759 285 1741 44
760 286 1741 733
762 287 1741 925
764 288 1741 1125
766 289 1741 984
767 290 1741 580
769 291 1741 1078
773 292 1741 1494
781 298 1741 385
781 296 1741 46
781 297 1741 480
781 294 1741 148
781 293 1741 1763
781 295 1741 430
782 299 1741 526
782 300 1741 210
783 301 1741 542
785 302 1741 1127
785 303 1741 106
788 304 1741 1165
791 305 1741 1217
799 306 1741 1767
