1 0 1906 631
1 1 1906 494
4 2 1906 1158
4 3 1906 387
7 4 1906 1259
7 5 1906 321
10 6 1906 1227
14 7 1906 1425
18 8 1906 1432
23 9 1906 1584
24 10 1906 706
24 11 1906 401
28 12 1906 1485
35 13 1906 1738
36 14 1906 637
36 15 1906 19
38 16 1906 1075
43 17 1906 1546
44 18 1906 771
48 19 1906 1435
51 20 1906 1154
53 21 1906 1011
53 22 1906 274
53 23 1906 349
70 24 1906 1915
71 25 1906 645
71 26 1906 299
75 27 1906 1415
81 28 1906 1638
83 29 1906 1058
85 30 1906 1108
85 31 1906 127
90 32 1906 1531
90 33 1906 253
92 34 1906 1049
105 35 1906 1891
109 36 1906 1411
114 37 1906 1602
118 38 1906 1397
123 39 1906 1575
125 40 1906 1140
129 41 1906 1474
144 42 1906 1906
147 43 1906 1187
150 44 1906 1321
156 46 1906 310
156 45 1906 1667
157 47 1906 867
158 48 1906 720
160 49 1906 1001
161 50 1906 544
164 51 1906 1215
165 52 1906 636
167 53 1906 1012
171 54 1906 1414
176 56 1906 219
176 55 1906 1544
177 57 1906 809
177 58 1906 396
178 59 1906 613
178 60 1906 22
185 61 1906 1737
192 64 1906 475
192 62 1906 1711
192 63 1906 373
193 65 1906 578
194 66 1906 795
197 67 1906 1232
198 68 1906 688
199 69 1906 671
200 70 1906 533
204 71 1906 1398
204 72 1906 148
206 73 1906 1120
206 74 1906 295
211 75 1906 1605
213 76 1906 1030
215 77 1906 1012
217 78 1906 952
217 79 1906 248
217 80 1906 335
221 81 1906 1357
222 82 1906 694
223 83 1906 637
224 84 1906 514
233 85 1906 1818
237 86 1906 1415
238 87 1906 518
239 88 1906 763
243 89 1906 1430
249 90 1906 1671
250 91 1906 601
253 92 1906 1205
254 93 1906 784
259 94 1906 1553
262 95 1906 1328
268 96 1906 1687
273 97 1906 1532
274 98 1906 711
275 99 1906 742
277 100 1906 872
279 104 1906 467
279 103 1906 49
279 101 1906 1003
279 102 1906 178
281 105 1906 1071
283 106 1906 1067
287 107 1906 1440
288 108 1906 717
295 109 1906 1733
296 110 1906 513
298 111 1906 1132
306 114 1906 277
306 113 1906 148
306 112 1906 1781
307 115 1906 589
309 116 1906 1042
311 117 1906 1074
319 118 1906 1783
320 119 1906 582
322 121 1906 276
322 122 1906 468
322 120 1906 1088
325 123 1906 1183
327 124 1906 924
338 125 1906 1856
338 126 1906 192
341 127 1906 1288
345 128 1906 1491
347 129 1906 891
357 130 1906 1843
361 133 1906 210
361 132 1906 300
361 131 1906 1423
364 134 1906 1301
367 135 1906 1257
370 136 1906 1179
371 137 1906 645
371 138 1906 169
375 139 1906 1368
376 140 1906 750
390 141 1906 1899
397 142 1906 1726
399 143 1906 954
401 144 1906 917
402 145 1906 538
403 146 1906 745
405 147 1906 1057
406 148 1906 507
408 149 1906 964
408 150 1906 286
409 151 1906 613
415 153 1906 128
415 152 1906 1673
420 154 1906 1579
421 155 1906 595
422 156 1906 534
424 157 1906 919
426 158 1906 1050
427 159 1906 536
429 160 1906 878
436 161 1906 1703
448 162 1906 1874
456 163 1906 1751
465 164 1906 1815
467 165 1906 1015
468 166 1906 832
473 167 1906 1571
474 168 1906 772
476 169 1906 945
479 171 1906 397
479 170 1906 1335
481 172 1906 904
481 173 1906 415
489 174 1906 1757
491 175 1906 1113
491 176 1906 475
495 179 1906 385
495 177 1906 1438
495 178 1906 266
497 180 1906 1111
499 181 1906 1059
500 182 1906 781
501 183 1906 527
502 184 1906 605
505 185 1906 1229
511 186 1906 1674
511 187 1906 171
512 188 1906 555
513 189 1906 705
514 191 1906 259
514 190 1906 723
519 192 1906 1519
524 193 1906 1558
524 194 1906 489
526 195 1906 972
526 196 1906 25
540 197 1906 1900
542 198 1906 1064
551 199 1906 1827
557 200 1906 1631
559 201 1906 1099
559 202 1906 284
563 203 1906 1486
568 204 1906 1553
577 205 1906 1814
583 206 1906 1634
586 209 1906 466
586 210 1906 120
586 207 1906 1258
586 208 1906 296
588 211 1906 1020
589 212 1906 653
590 213 1906 664
594 214 1906 1350
601 215 1906 1743
603 216 1906 922
607 217 1906 1346
610 218 1906 1146
611 219 1906 585
614 220 1906 1265
615 221 1906 660
617 222 1906 1015
617 223 1906 67
617 224 1906 222
619 225 1906 1075
620 226 1906 802
623 227 1906 1270
633 228 1906 1850
634 229 1906 784
636 230 1906 1087
637 231 1906 500
637 232 1906 374
637 233 1906 364
638 234 1906 679
638 235 1906 11
639 236 1906 775
642 237 1906 1219
644 238 1906 898
645 239 1906 715
650 240 1906 1520
650 241 1906 416
659 242 1906 1799
659 243 1906 89
660 244 1906 585
666 245 1906 1627
671 246 1906 1530
672 248 1906 208
672 247 1906 855
673 249 1906 671
673 250 1906 49
674 251 1906 604
675 252 1906 754
675 253 1906 478
676 254 1906 561
678 257 1906 217
678 256 1906 84
678 255 1906 971
681 258 1906 1264
681 259 1906 478
683 260 1906 1011
683 261 1906 363
686 262 1906 1333
690 263 1906 1436
693 264 1906 1303
698 265 1906 1545
699 267 1906 289
699 266 1906 646
715 268 1906 1910
718 269 1906 1338
720 270 1906 968
726 271 1906 1627
726 272 1906 447
726 273 1906 430
728 274 1906 989
729 275 1906 849
730 276 1906 785
732 277 1906 925
736 278 1906 1406
737 279 1906 519
741 280 1906 1470
752 281 1906 1871
754 282 1906 1062
757 283 1906 1178
758 285 1906 483
758 284 1906 734
764 286 1906 1671
773 287 1906 1821
780 288 1906 1727
786 289 1906 1633
796 290 1906 1852
797 291 1906 557
809 293 1906 420
809 292 1906 1879
815 294 1906 1629
818 295 1906 1157
820 296 1906 1007
820 297 1906 363
821 298 1906 710
823 299 1906 964
825 300 1906 981
828 301 1906 1241
830 302 1906 870
831 303 1906 795
837 305 1906 347
837 304 1906 1627
837 306 1906 156
