2 0 1259 910
4 1 1259 993
4 2 1259 264
11 3 1259 1718
11 4 1259 243
11 5 1259 379
12 6 1259 712
18 8 1259 133
18 7 1259 1670
19 9 1259 519
25 10 1259 1627
26 11 1259 716
30 12 1259 1447
32 13 1259 1087
34 14 1259 907
46 15 1259 1873
49 16 1259 1222
50 17 1259 671
51 18 1259 787
55 19 1259 1398
60 20 1259 1570
60 21 1259 130
60 22 1259 44
60 23 1259 410
64 24 1259 1370
64 25 1259 105
69 26 1259 1503
72 27 1259 1194
80 28 1259 1782
81 29 1259 802
82 30 1259 735
83 31 1259 800
85 32 1259 907
85 33 1259 392
85 34 1259 8
85 35 1259 345
86 36 1259 824
89 37 1259 1161
90 38 1259 834
94 39 1259 1453
100 40 1259 1623
100 41 1259 183
106 42 1259 1660
120 43 1259 1902
125 44 1259 1505
126 46 1259 101
126 45 1259 703
130 47 1259 1488
134 48 1259 1451
138 49 1259 1383
146 50 1259 1779
151 51 1259 1548
158 54 1259 337
158 52 1259 1749
158 53 1259 239
159 55 1259 779
161 56 1259 948
169 57 1259 1779
169 58 1259 347
169 59 1259 137
170 60 1259 800
174 61 1259 1442
183 62 1259 1812
186 63 1259 1256
193 64 1259 1709
194 65 1259 826
201 66 1259 1733
203 67 1259 1054
205 68 1259 1079
206 69 1259 562
208 70 1259 1048
208 71 1259 61
216 72 1259 1761
219 73 1259 1259
226 74 1259 1700
230 77 1259 66
230 76 1259 395
230 75 1259 1387
231 78 1259 830
232 79 1259 667
232 80 1259 4
232 81 1259 15
238 82 1259 1668
238 83 1259 398
240 84 1259 948
242 85 1259 1112
244 86 1259 976
245 87 1259 668
245 88 1259 55
248 89 1259 1153
251 90 1259 1321
253 91 1259 970
254 92 1259 813
255 93 1259 697
256 98 1259 193
256 97 1259 403
256 94 1259 652
256 95 1259 180
256 96 1259 295
257 99 1259 678
259 100 1259 895
261 101 1259 971
261 102 1259 409
263 103 1259 889
263 104 1259 334
270 105 1259 1717
277 106 1259 1711
277 107 1259 489
277 108 1259 463
279 109 1259 874
279 110 1259 384
281 111 1259 882
283 112 1259 949
288 114 1259 132
288 113 1259 1604
289 115 1259 785
296 116 1259 1699
300 117 1259 1414
300 118 1259 308
301 119 1259 596
309 120 1259 1775
311 121 1259 1064
313 122 1259 999
323 123 1259 1851
326 124 1259 1165
326 125 1259 78
329 126 1259 1172
331 127 1259 1064
332 128 1259 606
337 129 1259 1520
339 130 1259 1092
357 131 1259 1916
366 133 1259 151
366 132 1259 1797
373 134 1259 1697
375 135 1259 957
380 136 1259 1531
381 137 1259 778
381 138 1259 63
384 139 1259 1155
387 141 1259 486
387 142 1259 205
387 140 1259 1325
389 143 1259 1105
390 144 1259 768
390 145 1259 438
390 146 1259 21
392 147 1259 1134
393 148 1259 564
401 149 1259 1792
401 150 1259 406
402 151 1259 805
402 152 1259 94
407 153 1259 1522
408 154 1259 827
416 155 1259 1755
430 156 1259 1897
430 157 1259 482
436 158 1259 1648
436 159 1259 256
437 160 1259 545
438 161 1259 647
447 162 1259 1808
448 163 1259 868
455 164 1259 1707
455 165 1259 392
457 166 1259 1010
458 167 1259 797
468 168 1259 1832
470 169 1259 1099
473 170 1259 1179
475 171 1259 920
479 172 1259 1350
481 173 1259 1078
484 174 1259 1196
487 175 1259 1289
488 176 1259 859
497 177 1259 1818
499 178 1259 1082
500 180 1259 57
500 181 1259 38
500 179 1259 727
501 182 1259 500
502 183 1259 739
504 184 1259 1113
504 185 1259 286
513 186 1259 1822
513 187 1259 275
516 188 1259 1249
527 189 1259 1866
529 190 1259 985
531 191 1259 1048
533 192 1259 1055
540 193 1259 1732
541 194 1259 609
542 195 1259 678
543 196 1259 602
546 197 1259 1262
549 198 1259 1322
549 199 1259 375
553 200 1259 1353
556 201 1259 1148
559 202 1259 1226
563 203 1259 1389
564 204 1259 612
568 205 1259 1411
572 206 1259 1380
574 207 1259 941
574 208 1259 325
578 209 1259 1463
580 211 1259 78
580 210 1259 895
583 212 1259 1325
585 213 1259 921
585 214 1259 199
586 215 1259 507
586 216 1259 147
588 217 1259 1068
594 218 1259 1679
598 220 1259 495
598 219 1259 1421
599 221 1259 734
603 222 1259 1472
616 223 1259 1890
616 224 1259 114
616 225 1259 131
624 226 1259 1790
629 228 1259 468
629 227 1259 1543
630 229 1259 517
631 230 1259 686
636 231 1259 1522
636 232 1259 495
637 233 1259 706
640 234 1259 1298
641 235 1259 833
642 236 1259 736
644 237 1259 1035
644 238 1259 127
650 239 1259 1627
651 240 1259 831
653 241 1259 880
665 242 1259 1874
672 243 1259 1711
674 244 1259 971
676 245 1259 907
682 246 1259 1648
682 247 1259 133
687 249 1259 102
687 248 1259 1533
688 250 1259 531
692 251 1259 1459
697 252 1259 1507
706 253 1259 1826
715 254 1259 1804
716 255 1259 618
721 256 1259 1601
724 257 1259 1261
727 259 1259 481
727 258 1259 1275
732 260 1259 1545
740 261 1259 1761
740 262 1259 473
747 263 1259 1733
748 264 1259 776
751 265 1259 1298
756 266 1259 1507
757 267 1259 618
762 268 1259 1547
765 269 1259 1290
772 270 1259 1696
774 271 1259 1036
776 272 1259 941
776 273 1259 51
777 274 1259 590
782 275 1259 1540
783 276 1259 785
789 277 1259 1686
791 278 1259 919
793 279 1259 1131
793 280 1259 408
799 281 1259 1656
799 282 1259 10
799 283 1259 365
815 284 1259 1911
818 285 1259 1152
818 286 1259 14
819 287 1259 594
820 288 1259 827
821 289 1259 679
824 290 1259 1156
828 291 1259 1399
834 292 1259 1684
839 293 1259 1570
839 294 1259 81
841 296 1259 407
841 297 1259 141
841 295 1259 994
843 298 1259 934
848 299 1259 1597
851 300 1259 1324
853 301 1259 1029
854 302 1259 510
854 303 1259 242
854 304 1259 331
858 305 1259 1419
859 306 1259 517
