0 1156 0 1888
0 384 0 114
0 383 0 150
0 382 0 400
0 381 0 1745
0 3027 0 1913
0 2278 0 319
0 2640 0 1871
0 3425 0 1706
0 1898 0 1780
0 1529 0 1883
0 778 0 1560
0 3824 0 1879
0 3825 0 339
0 2277 0 1888
1 386 0 267
1 1157 0 626
1 3826 0 623
1 385 0 718
1 387 0 283
2 391 0 209
2 389 0 290
2 390 0 297
2 779 0 902
2 388 0 767
3 392 0 674
3 2641 0 1252
3 780 0 739
4 393 0 564
4 3827 0 1322
5 2642 0 926
5 1899 0 1544
5 0 0 1558
6 1158 0 1599
6 1159 0 197
6 1 0 803
7 3828 0 1271
7 2 0 819
7 1900 0 1083
7 394 0 1281
7 395 0 179
7 396 0 292
8 2643 0 1321
8 3829 0 795
8 3426 0 1759
9 2644 0 538
9 781 0 1681
10 3427 0 1017
10 2645 0 618
10 782 0 691
10 1160 0 1352
11 1534 0 345
11 2646 0 598
11 1531 0 92
11 1535 0 472
11 1530 0 1868
11 783 0 865
11 2279 0 1855
11 1161 0 783
11 1533 0 303
11 1532 0 243
12 1901 0 1535
12 3 0 1530
12 2648 0 284
12 2647 0 565
13 3830 0 1534
13 3831 0 381
13 2280 0 1122
13 784 0 914
14 1537 0 327
14 4 0 881
14 1536 0 1231
15 1162 0 1359
15 1163 0 168
15 3028 0 1906
16 2649 0 1446
16 2650 0 95
16 785 0 1201
16 1902 0 1460
17 786 0 774
17 3833 0 146
17 3832 0 1380
17 3834 0 218
17 1903 0 644
18 1904 0 508
18 2651 0 997
18 1538 0 1429
18 3428 0 1790
18 2652 0 340
19 1539 0 801
19 1540 0 173
20 3835 0 1217
21 398 0 149
21 397 0 1898
21 3429 0 1181
22 1905 0 1441
22 3029 0 1705
22 3030 0 303
23 400 0 135
23 399 0 991
23 2653 0 1539
24 3031 0 1095
24 3836 0 1448
24 1541 0 1546
24 1542 0 42
25 787 0 1756
26 3032 0 932
26 2281 0 1888
26 3837 0 1024
26 3838 0 22
26 1907 0 408
26 1906 0 1437
26 5 0 1875
27 3430 0 1622
27 788 0 922
28 3839 0 1118
28 1909 0 98
28 1908 0 973
29 1164 0 1901
29 1910 0 611
29 2654 0 1680
30 3433 0 288
30 1165 0 690
30 3432 0 15
30 3431 0 1206
31 2282 0 1582
31 2655 0 1000
31 6 0 1512
31 7 0 139
31 1167 0 492
31 1166 0 716
32 2656 0 815
32 1543 0 1772
32 1911 0 1190
33 3034 0 384
33 3843 0 208
33 3033 0 1729
33 2657 0 713
33 3840 0 1595
33 3841 0 470
33 3842 0 423
34 402 0 368
34 789 0 1709
34 1168 0 1343
34 3846 0 121
34 3844 0 559
34 401 0 1855
34 790 0 408
34 3845 0 422
35 791 0 656
35 1169 0 794
36 10 0 42
36 792 0 608
36 9 0 382
36 1170 0 815
36 8 0 1597
37 793 0 696
37 3847 0 1168
37 11 0 617
38 794 0 703
38 2283 0 1701
38 2284 0 137
38 1171 0 893
38 1544 0 1619
39 12 0 1015
40 1912 0 1788
40 2285 0 893
40 3036 0 143
40 3035 0 1690
41 1547 0 166
41 1546 0 157
41 1545 0 1271
42 3436 0 425
42 3435 0 142
42 3037 0 1047
42 2286 0 1061
42 3434 0 1875
42 13 0 1298
43 3848 0 1632
43 3038 0 859
43 1172 0 1553
43 2658 0 1845
44 3039 0 769
44 1914 0 347
44 2659 0 552
44 1913 0 1442
45 795 0 1711
46 2660 0 942
46 14 0 1350
46 15 0 283
46 1548 0 1555
46 3437 0 1377
47 404 0 234
47 403 0 1892
48 2661 0 876
48 3040 0 1407
48 1173 0 1503
48 2287 0 1660
48 2288 0 127
48 2289 0 196
48 1175 0 3
48 1174 0 24
48 405 0 599
48 406 0 495
49 1549 0 1173
49 2662 0 721
50 797 0 480
50 796 0 1581
50 2663 0 562
50 3041 0 1139
51 800 0 259
51 799 0 248
51 798 0 748
51 801 0 30
51 3849 0 1763
51 1553 0 424
51 1552 0 192
51 1551 0 380
51 1550 0 889
52 3850 0 686
53 2664 0 1212
53 3042 0 1202
53 16 0 1721
53 2665 0 8
54 3851 0 1032
54 3438 0 1761
54 3852 0 458
55 1555 0 97
55 1176 0 1707
55 17 0 1067
55 1554 0 1456
55 407 0 1693
56 3439 0 932
56 803 0 268
56 802 0 1531
56 1177 0 550
56 408 0 690
57 3440 0 622
57 2666 0 1383
58 1916 0 44
58 1915 0 1897
58 1178 0 1008
58 3043 0 1496
59 3854 0 179
59 3853 0 1506
59 18 0 1352
59 2290 0 1868
59 804 0 1213
61 3855 0 1047
61 19 0 998
61 1179 0 1174
62 805 0 1262
62 1180 0 522
62 2291 0 1210
62 2292 0 31
63 1182 0 420
63 1181 0 568
63 2293 0 786
64 20 0 1166
64 2296 0 126
64 2294 0 866
64 2295 0 319
64 1184 0 226
64 1183 0 626
65 806 0 1154
65 410 0 108
65 409 0 1807
65 1185 0 842
66 1557 0 234
66 1917 0 1779
66 1556 0 1862
67 2667 0 1843
67 807 0 916
67 1186 0 1112
67 3442 0 393
67 3443 0 217
67 3441 0 1833
68 1918 0 1096
68 21 0 1463
69 411 0 1406
69 3856 0 1787
69 1919 0 563
69 3044 0 1869
69 3857 0 250
70 3444 0 1284
70 1920 0 779
70 1921 0 111
70 1922 0 375
70 1923 0 441
71 1924 0 651
71 1188 0 272
71 1187 0 1459
71 412 0 874
72 1189 0 546
72 808 0 1569
72 1190 0 180
73 2297 0 1827
73 413 0 942
74 2668 0 1689
74 23 0 135
74 24 0 87
74 3445 0 1401
74 22 0 1678
75 25 0 743
75 1925 0 1448
76 26 0 589
76 2298 0 1183
76 27 0 60
77 3858 0 1752
77 810 0 450
77 809 0 1570
77 1926 0 1055
78 414 0 1523
78 2299 0 996
78 2300 0 77
78 2670 0 478
78 2669 0 1415
78 3859 0 720
78 3860 0 316
80 811 0 1302
80 812 0 71
80 3446 0 1649
80 1928 0 334
80 2671 0 888
80 28 0 1427
80 1929 0 32
80 1192 0 408
80 1191 0 1781
80 3447 0 4
80 3448 0 48
80 1930 0 158
80 1927 0 1254
81 415 0 1338
82 3861 0 1488
82 29 0 1004
82 1558 0 1911
82 2301 0 1438
83 814 0 126
83 813 0 1257
85 2303 0 266
85 2302 0 1247
85 1559 0 1270
86 3449 0 1655
86 2304 0 785
86 3862 0 1405
87 30 0 1571
87 1560 0 978
87 32 0 146
87 31 0 219
88 1931 0 1772
88 1932 0 8
89 1561 0 1129
89 815 0 1662
89 416 0 1780
89 3045 0 1920
89 3863 0 1166
90 2672 0 1840
90 417 0 850
90 2673 0 483
90 2674 0 297
90 3046 0 517
90 1933 0 1125
90 1195 0 452
90 1194 0 448
90 1193 0 1830
90 1934 0 490
91 2675 0 690
91 3864 0 1099
92 2676 0 524
93 3865 0 894
93 37 0 246
93 36 0 476
93 35 0 463
93 34 0 445
93 33 0 1685
94 3450 0 1766
94 1562 0 1552
94 418 0 1486
94 816 0 1544
94 817 0 485
94 1196 0 1475
94 1935 0 1471
95 1563 0 531
95 1197 0 511
95 419 0 639
96 3451 0 1051
96 3866 0 1191
96 3453 0 435
96 3454 0 258
96 2305 0 1842
96 1198 0 559
96 3452 0 403
96 420 0 593
97 3870 0 484
97 3869 0 98
97 3868 0 138
97 422 0 292
97 3047 0 1699
97 3867 0 666
97 1936 0 1338
97 818 0 1325
97 2306 0 652
97 2677 0 1599
97 421 0 770
98 3872 0 419
98 3048 0 745
98 3871 0 843
99 2307 0 1061
99 1564 0 1385
99 3049 0 859
99 1199 0 1173
100 1937 0 1170
100 38 0 1694
100 423 0 1253
101 3873 0 1145
101 3874 0 89
101 39 0 861
101 1200 0 1129
101 819 0 1369
102 820 0 784
102 2308 0 1153
102 40 0 795
103 1565 0 1361
103 3455 0 1718
103 3875 0 958
104 3050 0 1588
104 3876 0 674
104 1938 0 1389
105 3456 0 995
106 2309 0 1378
106 41 0 1381
107 3051 0 1277
107 3052 0 152
107 3877 0 1330
107 3053 0 14
108 3457 0 1196
108 1201 0 1737
108 2310 0 962
108 1566 0 1604
108 424 0 1754
109 1202 0 850
109 1203 0 412
109 425 0 623
110 1939 0 1627
110 1940 0 282
110 2678 0 1891
111 3460 0 199
111 3459 0 116
111 3458 0 1243
111 1204 0 1036
112 1567 0 1409
112 1568 0 432
112 1569 0 263
112 1570 0 475
112 3461 0 542
113 2681 0 481
113 2679 0 1165
113 2680 0 106
114 1205 0 1296
114 3878 0 1713
114 1941 0 1479
114 821 0 1876
115 1207 0 193
115 2683 0 37
115 1571 0 1319
115 1206 0 852
115 2682 0 885
116 1208 0 811
116 1573 0 151
116 3462 0 1345
116 1572 0 643
116 2311 0 1756
117 822 0 1293
117 426 0 1794
117 3463 0 857
117 1942 0 1314
118 3879 0 1457
118 3880 0 218
118 3054 0 1862
118 823 0 739
118 824 0 245
119 43 0 337
119 2312 0 1317
119 42 0 1888
119 2313 0 458
119 1210 0 180
119 1209 0 1146
119 2314 0 292
120 3464 0 1157
120 3055 0 884
120 3056 0 154
120 3057 0 493
120 2684 0 1597
121 3465 0 677
121 2685 0 533
122 1943 0 1501
122 3058 0 1104
122 1211 0 1337
122 3881 0 1379
123 44 0 1384
124 825 0 1611
124 2686 0 1191
124 826 0 408
125 2316 0 476
125 1945 0 293
125 2317 0 192
125 2315 0 1616
125 2318 0 153
125 1944 0 1156
126 2319 0 567
127 1213 0 425
127 1212 0 1542
127 1946 0 1087
127 1574 0 1859
128 3882 0 1615
128 427 0 1866
130 1947 0 1238
130 2320 0 1458
130 827 0 1659
131 3059 0 1807
131 2321 0 595
131 45 0 1779
132 3060 0 664
132 3061 0 252
132 428 0 1397
132 2322 0 565
132 1948 0 1035
132 1214 0 1599
132 3883 0 1433
132 3884 0 108
132 1949 0 428
133 1215 0 784
133 1216 0 363
133 3885 0 501
134 2323 0 1118
134 1217 0 733
134 828 0 1478
134 46 0 1231
135 429 0 1315
135 830 0 372
135 829 0 726
136 47 0 904
137 1950 0 1548
137 2324 0 1299
138 430 0 1183
138 2687 0 1899
138 2688 0 389
138 2689 0 367
138 2690 0 181
139 49 0 484
139 48 0 1236
139 3063 0 283
139 3062 0 1689
139 431 0 555
140 1576 0 130
140 50 0 799
140 2691 0 993
140 1575 0 1895
141 831 0 1629
141 1951 0 1359
141 432 0 1101
141 433 0 352
141 3466 0 1920
142 2325 0 1516
142 51 0 1092
142 3467 0 667
142 434 0 760
142 1952 0 674
143 3468 0 587
143 832 0 911
143 3886 0 1847
144 1577 0 1489
145 1953 0 1217
145 1218 0 1867
146 52 0 1471
146 833 0 1311
146 1954 0 765
147 834 0 642
147 1219 0 1059
148 2694 0 17
148 836 0 150
148 2692 0 1759
148 2693 0 12
148 835 0 708
148 1955 0 972
148 837 0 423
149 435 0 1726
149 1578 0 1583
149 2326 0 1699
149 2327 0 241
149 2328 0 25
149 3471 0 353
149 53 0 1156
149 3470 0 215
149 3469 0 1614
150 54 0 566
150 2695 0 994
150 55 0 94
151 2697 0 364
151 2698 0 109
151 1956 0 1159
151 1579 0 1096
151 2696 0 530
151 3064 0 1881
151 1580 0 432
152 1220 0 1503
152 56 0 1050
152 2330 0 420
152 2329 0 1331
152 2699 0 529
152 1582 0 269
152 3887 0 1798
152 1581 0 739
153 3065 0 972
153 838 0 1576
153 436 0 1377
153 1957 0 1018
153 437 0 432
153 57 0 684
154 1583 0 1026
155 2700 0 1159
155 3066 0 1027
155 1222 0 220
155 1221 0 1182
156 1584 0 994
156 2701 0 680
156 1223 0 796
157 3067 0 1138
157 2702 0 801
157 1224 0 614
157 59 0 138
157 58 0 1442
158 839 0 1577
158 3472 0 1803
158 2703 0 794
158 840 0 46
159 1226 0 484
159 1225 0 959
160 2704 0 968
160 60 0 1285
160 1585 0 1488
161 2331 0 1821
161 3068 0 1389
162 2332 0 705
162 2705 0 1132
162 3069 0 690
163 3071 0 358
163 3072 0 36
163 438 0 1841
163 3070 0 834
164 61 0 1451
164 2706 0 1082
165 2333 0 1248
165 62 0 637
165 3888 0 1891
165 1227 0 1647
166 63 0 593
166 842 0 186
166 841 0 1783
167 3889 0 1096
167 64 0 735
167 439 0 1440
167 1228 0 1055
167 441 0 498
167 440 0 223
168 3073 0 1600
169 843 0 1276
169 1586 0 1824
169 3473 0 1868
171 1958 0 1918
171 3476 0 466
171 3890 0 1355
171 3475 0 413
171 3474 0 1065
172 844 0 1258
172 1229 0 1497
172 1230 0 453
172 442 0 1518
172 2707 0 1781
173 1961 0 183
173 1960 0 385
173 1962 0 74
173 3074 0 1591
173 2334 0 1778
173 1959 0 985
174 66 0 470
174 845 0 1030
174 3891 0 1197
174 65 0 1748
174 443 0 885
174 444 0 182
175 1231 0 1195
175 1963 0 940
175 2708 0 1242
175 445 0 815
175 846 0 585
176 1587 0 1743
177 67 0 1255
177 3892 0 1196
177 1589 0 248
177 1588 0 771
177 2710 0 475
177 2709 0 989
178 68 0 852
178 847 0 1276
178 1590 0 535
178 446 0 1259
179 3075 0 1658
179 2711 0 1140
179 848 0 570
179 2335 0 1608
180 1592 0 340
180 2712 0 746
180 1591 0 996
180 2336 0 640
180 69 0 886
180 3893 0 1226
180 1593 0 159
181 3895 0 107
181 3894 0 801
181 2713 0 679
181 2715 0 460
181 2714 0 445
181 850 0 166
181 849 0 965
183 3896 0 989
183 3477 0 1880
183 2337 0 1316
183 851 0 1095
184 447 0 1657
185 2338 0 915
185 2339 0 219
185 2340 0 240
185 2341 0 0
185 852 0 1079
186 2342 0 507
186 1964 0 1864
186 3897 0 1181
186 448 0 966
187 2343 0 673
187 1965 0 764
187 3076 0 1787
187 70 0 1731
187 1594 0 1747
188 3898 0 1034
188 3077 0 776
188 853 0 1303
189 1595 0 969
190 2345 0 111
190 2344 0 1159
190 1966 0 1181
191 1967 0 662
191 71 0 1475
192 1232 0 1916
192 3478 0 1800
192 854 0 1389
192 855 0 308
193 3899 0 1589
193 1968 0 952
193 856 0 662
194 857 0 792
194 858 0 23
194 72 0 1297
194 74 0 202
194 73 0 490
194 1969 0 801
195 1970 0 558
196 1971 0 798
196 1972 0 389
196 3900 0 1155
197 449 0 1868
197 450 0 324
197 3078 0 1828
198 2716 0 1916
199 2346 0 1817
199 859 0 1526
199 2717 0 684
200 1234 0 44
200 1974 0 280
200 1973 0 1393
200 3901 0 1380
200 860 0 854
200 1233 0 1760
201 1235 0 710
201 2718 0 889
201 452 0 411
201 451 0 1366
201 75 0 1709
202 2719 0 678
202 3479 0 1834
202 3480 0 56
202 3079 0 1514
202 3902 0 1029
203 3080 0 521
203 2720 0 742
203 1975 0 1224
204 861 0 1420
204 1976 0 722
204 2347 0 1497
204 2348 0 494
205 453 0 1434
205 454 0 397
205 1977 0 798
206 76 0 1499
207 1236 0 1642
207 2349 0 1174
207 2721 0 1408
207 3903 0 1534
207 1237 0 7
208 1978 0 1210
208 862 0 1362
208 1979 0 358
208 1980 0 360
208 1596 0 1918
208 455 0 1290
209 863 0 843
209 3081 0 1636
209 77 0 1340
210 78 0 675
210 79 0 232
210 3481 0 1754
210 3904 0 1278
211 2722 0 1454
212 1598 0 386
212 1599 0 258
212 1597 0 1436
212 1238 0 1514
212 864 0 1197
212 3082 0 1168
212 3482 0 969
212 3483 0 134
213 1239 0 854
213 865 0 745
213 866 0 391
213 456 0 1562
214 2723 0 1322
214 867 0 684
214 3084 0 116
214 3083 0 1046
214 80 0 1436
215 1981 0 1742
215 458 0 137
215 2350 0 1768
215 1982 0 219
215 457 0 1040
215 868 0 614
215 3484 0 1340
216 3085 0 950
216 3485 0 570
217 1600 0 1591
217 2724 0 1233
217 3486 0 803
218 3905 0 1767
218 869 0 1342
218 3086 0 942
218 1601 0 672
219 3906 0 613
220 3087 0 917
220 81 0 1610
220 459 0 1535
221 460 0 729
221 82 0 748
221 2725 0 1410
222 3487 0 1504
222 3489 0 156
222 3488 0 30
222 462 0 296
222 3907 0 1237
222 461 0 553
223 2726 0 1054
223 870 0 1512
223 84 0 205
223 85 0 478
223 83 0 942
224 86 0 672
224 1602 0 1659
224 3490 0 1072
225 871 0 1121
225 463 0 1299
225 1983 0 1830
225 1984 0 408
226 872 0 834
226 87 0 915
226 3908 0 1416
226 2351 0 1858
226 464 0 624
226 1985 0 723
227 3492 0 133
227 3491 0 1153
227 1603 0 1291
228 1986 0 1097
228 1604 0 698
228 89 0 350
228 88 0 1119
228 3088 0 1791
229 1987 0 716
229 3910 0 372
229 3913 0 295
229 3909 0 1146
229 3912 0 461
229 1988 0 360
229 3911 0 456
230 3914 0 502
230 1240 0 1915
230 465 0 1477
230 466 0 305
231 90 0 1338
231 3915 0 861
231 467 0 522
231 468 0 182
232 873 0 1673
232 1241 0 918
232 2727 0 1828
232 2728 0 466
232 2352 0 1673
232 3089 0 1424
232 1605 0 1494
233 1990 0 311
233 1989 0 1443
233 1991 0 320
233 3493 0 1644
233 1242 0 647
233 2353 0 616
234 3495 0 80
234 3496 0 487
234 3494 0 732
235 2729 0 1227
235 874 0 1323
235 2730 0 159
235 2731 0 160
235 1244 0 365
235 1243 0 1050
236 1246 0 238
236 1992 0 1177
236 1245 0 767
236 1993 0 404
237 2354 0 1463
237 875 0 925
237 3090 0 1535
238 1606 0 1661
238 1607 0 41
238 3497 0 1460
238 469 0 1721
238 1608 0 490
238 91 0 1717
239 2732 0 1489
239 1994 0 1241
239 1995 0 99
239 92 0 728
240 3916 0 1798
240 3498 0 984
241 3499 0 607
241 2355 0 1406
242 1609 0 1486
242 3091 0 1574
243 2733 0 1362
243 2734 0 6
243 1996 0 1405
243 2357 0 129
243 2356 0 872
243 1997 0 374
244 93 0 1556
244 876 0 1689
244 877 0 16
245 3500 0 1405
245 2358 0 891
247 3501 0 981
247 2735 0 1351
248 2361 0 411
248 2360 0 142
248 2359 0 1194
248 1999 0 391
248 1998 0 1562
248 878 0 1405
249 94 0 1500
250 879 0 1139
250 3503 0 358
250 2001 0 425
250 2003 0 233
250 2362 0 1036
250 2000 0 1036
250 3502 0 1341
250 2002 0 286
251 470 0 1886
251 1248 0 231
251 1247 0 1908
252 880 0 1026
252 2737 0 90
252 2736 0 1605
252 95 0 1268
253 96 0 744
253 3092 0 1868
254 2739 0 465
254 2738 0 994
254 881 0 1056
254 3917 0 1897
254 3504 0 1440
255 1610 0 1892
255 1611 0 373
255 471 0 1347
255 3093 0 977
255 3094 0 105
256 97 0 1295
256 1250 0 88
256 1249 0 1588
256 1612 0 576
256 882 0 1088
256 3918 0 1057
257 1251 0 741
257 3919 0 597
257 883 0 513
257 1613 0 814
257 475 0 95
257 474 0 416
257 473 0 45
257 472 0 933
257 2363 0 1747
258 2740 0 1375
258 2004 0 1794
258 3095 0 1154
258 884 0 559
258 1252 0 568
258 3505 0 1412
258 1614 0 837
258 1615 0 239
259 2364 0 957
259 1616 0 859
259 3920 0 972
259 2005 0 750
260 476 0 1177
260 1617 0 526
261 2365 0 1065
261 885 0 1202
261 3507 0 459
261 2741 0 1334
261 2006 0 970
261 3506 0 1172
261 98 0 1527
262 1253 0 1424
262 3921 0 1318
262 886 0 550
262 3096 0 1374
262 2742 0 656
263 2367 0 69
263 2366 0 1051
263 3922 0 699
263 477 0 1332
264 3097 0 919
264 3508 0 1295
264 1618 0 1462
264 2007 0 1206
264 2368 0 605
265 2369 0 608
265 478 0 1070
265 2743 0 1324
265 3923 0 967
266 2008 0 937
266 99 0 1560
266 3924 0 667
267 2370 0 975
267 1254 0 1595
267 479 0 939
267 887 0 1532
269 3098 0 1539
269 3925 0 1212
269 100 0 1308
269 2371 0 1085
270 2011 0 361
270 481 0 137
270 2010 0 249
270 480 0 1289
270 2009 0 1465
271 3099 0 897
272 2372 0 1202
272 3509 0 1769
272 482 0 900
273 3100 0 893
273 1619 0 1822
274 2744 0 1816
274 3926 0 1571
275 3510 0 1251
276 3104 0 25
276 3103 0 54
276 3102 0 310
276 3101 0 1304
276 2745 0 965
276 2746 0 246
276 483 0 1453
276 3927 0 1117
276 3928 0 343
277 3511 0 1039
277 888 0 1847
277 889 0 334
277 890 0 46
277 1620 0 1461
277 2012 0 1733
278 2747 0 1079
278 484 0 990
279 3105 0 1230
279 1255 0 1872
280 893 0 49
280 891 0 1282
280 3512 0 1320
280 892 0 400
281 894 0 722
282 895 0 551
282 896 0 421
282 2748 0 1491
282 3106 0 1241
282 3107 0 477
282 3109 0 204
282 3108 0 347
282 2013 0 1559
283 3515 0 370
283 2014 0 625
283 3514 0 60
283 2373 0 1858
283 2374 0 326
283 3513 0 1334
283 101 0 1901
283 102 0 51
283 103 0 349
284 2015 0 568
284 1256 0 1517
284 1257 0 53
284 3110 0 1022
284 104 0 677
285 897 0 1268
285 898 0 79
285 485 0 1741
285 1621 0 1786
285 486 0 143
286 1623 0 184
286 2749 0 1482
286 899 0 513
286 1622 0 637
287 900 0 638
287 105 0 1249
287 3111 0 1303
287 2375 0 1457
287 2376 0 88
288 3516 0 1498
288 3112 0 589
288 2750 0 1003
290 487 0 1591
291 3517 0 1211
291 1259 0 77
291 1258 0 1723
291 3929 0 1907
292 1260 0 812
292 1624 0 1653
293 3113 0 1514
294 1261 0 1129
294 106 0 1720
295 3518 0 1442
296 901 0 1825
296 2751 0 1771
296 3114 0 1285
296 1262 0 1063
296 1625 0 1403
296 2377 0 1817
296 3519 0 587
296 107 0 980
297 2016 0 1888
297 2017 0 168
297 902 0 661
298 1626 0 978
298 3115 0 952
298 1627 0 484
298 1628 0 328
298 108 0 953
298 2018 0 531
299 109 0 781
299 1263 0 1238
300 1629 0 889
300 903 0 1153
300 1264 0 693
300 3116 0 1009
300 110 0 520
300 2752 0 1399
300 2019 0 1140
301 3118 0 166
301 3117 0 642
302 1265 0 910
302 488 0 1880
303 3119 0 931
303 3120 0 29
303 3121 0 109
304 3930 0 1893
304 2753 0 1355
304 904 0 1378
305 2020 0 1591
305 3520 0 1798
305 3521 0 415
305 2022 0 301
305 2021 0 465
306 1266 0 1346
306 111 0 1634
306 112 0 8
306 493 0 305
306 492 0 295
306 491 0 336
306 905 0 969
306 489 0 1395
306 3523 0 431
306 3122 0 1271
306 490 0 163
306 906 0 260
306 3522 0 637
307 494 0 710
307 3524 0 542
308 3934 0 302
308 3933 0 123
308 3932 0 296
308 2378 0 1884
308 3931 0 1418
309 3935 0 763
309 3525 0 986
309 3526 0 219
309 3936 0 350
309 3527 0 159
309 3938 0 154
309 3939 0 265
309 113 0 1209
309 907 0 1330
309 2023 0 1433
309 2024 0 489
309 2025 0 238
309 3937 0 80
310 114 0 627
311 2379 0 1188
311 3528 0 1135
311 2754 0 1711
312 498 0 261
312 497 0 218
312 496 0 202
312 495 0 1594
313 1267 0 1707
313 3529 0 984
313 499 0 630
313 1268 0 380
314 1630 0 1901
314 2026 0 1545
314 500 0 509
315 1269 0 889
315 1631 0 618
315 501 0 737
315 115 0 1600
316 116 0 703
317 2381 0 201
317 2380 0 1623
317 2755 0 1675
317 1632 0 1102
317 1270 0 1066
317 1271 0 356
318 3940 0 1813
319 3941 0 609
319 3942 0 382
319 502 0 1474
319 3123 0 1890
320 1633 0 1325
320 3943 0 745
320 1272 0 1144
320 2756 0 1151
321 3944 0 723
321 3124 0 1079
322 503 0 1169
322 117 0 1619
322 1273 0 1013
322 118 0 388
322 119 0 256
323 2382 0 1672
323 3945 0 899
323 3530 0 1850
324 3126 0 415
324 2383 0 775
324 120 0 1076
324 1274 0 1069
324 3125 0 1184
324 3946 0 736
324 908 0 1905
324 909 0 464
324 2757 0 1403
324 1634 0 1429
325 910 0 543
325 3531 0 931
325 1275 0 584
326 911 0 645
326 1276 0 534
326 3947 0 901
326 3127 0 983
327 3948 0 724
327 3532 0 896
328 2387 0 88
328 2386 0 148
328 2385 0 487
328 2758 0 1486
328 2384 0 1488
328 121 0 1480
328 122 0 136
328 1278 0 430
328 1277 0 1095
329 123 0 502
329 912 0 1312
330 3128 0 1495
330 2027 0 1910
330 3534 0 428
330 3533 0 1193
330 913 0 808
330 2028 0 151
330 3129 0 437
330 3130 0 283
330 2029 0 180
330 1635 0 1685
331 3131 0 868
331 914 0 500
332 3535 0 999
332 3536 0 412
332 1636 0 1004
332 2760 0 77
332 2759 0 1482
333 3537 0 610
333 124 0 1473
333 125 0 14
334 3538 0 618
334 1638 0 328
334 3132 0 1161
334 1637 0 902
334 126 0 746
335 2389 0 371
335 2388 0 1709
335 2761 0 1179
336 1279 0 1771
336 2390 0 736
336 3133 0 931
337 504 0 1907
337 2392 0 424
337 2391 0 511
337 3134 0 621
337 1280 0 720
337 2030 0 1744
337 2031 0 348
338 3949 0 1864
338 2763 0 15
338 2762 0 1315
338 1281 0 500
338 915 0 1722
338 916 0 331
338 1639 0 1424
338 3950 0 233
339 3135 0 1142
339 917 0 849
339 2764 0 829
339 918 0 284
339 2765 0 315
339 507 0 365
339 506 0 433
339 505 0 902
340 3951 0 1017
340 3952 0 123
340 3953 0 436
340 2032 0 1161
340 127 0 1665
341 3954 0 617
341 2033 0 818
341 511 0 230
341 508 0 1018
341 510 0 112
341 509 0 302
342 128 0 914
342 3136 0 1326
342 1282 0 1416
343 129 0 858
343 2394 0 77
343 2393 0 1646
344 2034 0 1246
344 3539 0 1852
344 3137 0 1113
344 2766 0 1576
345 130 0 964
345 131 0 204
346 1283 0 1391
346 3138 0 1021
346 1640 0 1751
347 2767 0 1309
347 3139 0 811
347 3540 0 1322
347 3541 0 343
347 3542 0 209
347 3543 0 186
348 2768 0 673
348 3545 0 32
348 3544 0 830
349 3955 0 1762
350 2769 0 1019
350 1284 0 1409
350 3956 0 680
350 3957 0 61
351 3960 0 196
351 3959 0 66
351 2395 0 1754
351 3958 0 866
351 2770 0 779
352 132 0 1738
353 3140 0 1634
353 2396 0 889
353 3141 0 465
354 1641 0 1783
354 133 0 1040
354 3142 0 570
354 2397 0 685
354 512 0 1894
355 134 0 849
355 3961 0 1420
355 2035 0 1860
356 1285 0 1636
356 3546 0 1757
356 514 0 246
356 513 0 1123
357 1286 0 626
357 1287 0 491
357 1288 0 164
357 1289 0 96
357 3962 0 894
357 1642 0 1253
357 515 0 592
357 3547 0 724
358 919 0 1919
358 920 0 194
359 3145 0 232
359 1290 0 1117
359 3144 0 402
359 3143 0 1587
359 2036 0 1455
359 921 0 784
359 135 0 1460
360 2771 0 1825
360 1645 0 162
360 1646 0 420
360 1644 0 280
360 1643 0 1210
360 2399 0 93
360 2398 0 1640
360 923 0 280
360 922 0 762
361 3147 0 353
361 3963 0 1434
361 3146 0 984
362 3548 0 1584
362 516 0 1577
362 3549 0 362
362 2400 0 984
363 518 0 309
363 517 0 767
363 925 0 230
363 924 0 1295
363 3550 0 506
364 519 0 807
364 137 0 398
364 1291 0 1588
364 1292 0 208
364 1647 0 1450
364 138 0 264
364 136 0 1559
364 926 0 721
364 3964 0 1177
365 927 0 784
366 139 0 881
366 3552 0 18
366 3553 0 397
366 3551 0 1201
366 3967 0 337
366 2773 0 423
366 3966 0 159
366 2772 0 1615
366 3965 0 879
367 140 0 683
367 3554 0 733
367 928 0 950
367 1648 0 1246
367 3148 0 1616
367 520 0 1333
368 929 0 772
368 1293 0 1437
368 1294 0 41
368 521 0 638
369 931 0 421
369 930 0 503
369 3555 0 990
369 1295 0 785
369 3556 0 344
369 3149 0 1077
369 3150 0 144
369 2401 0 1747
369 2774 0 1228
369 522 0 566
370 523 0 712
370 3151 0 731
371 3557 0 910
371 2402 0 892
371 3152 0 752
372 2775 0 1332
372 1650 0 110
372 1649 0 1508
372 3153 0 608
373 3154 0 868
373 2777 0 129
373 141 0 1616
373 2776 0 752
374 3157 0 344
374 3156 0 32
374 3155 0 784
375 524 0 1558
375 2038 0 36
375 2037 0 1910
376 1651 0 1392
376 3158 0 900
377 3159 0 766
377 2779 0 267
377 2778 0 1431
377 1296 0 1779
378 3558 0 1740
378 3559 0 453
378 3161 0 257
378 3160 0 815
380 2403 0 1810
380 2780 0 1164
380 525 0 1549
380 2404 0 198
380 1297 0 1334
380 932 0 1862
380 1298 0 356
380 2039 0 1583
380 3162 0 906
381 3560 0 1193
381 2405 0 683
382 2406 0 656
382 933 0 891
382 526 0 1052
383 3561 0 1013
383 934 0 501
383 527 0 627
384 3968 0 1917
384 1299 0 1380
385 936 0 394
385 935 0 1125
386 142 0 1886
386 3562 0 1248
386 2040 0 1678
386 528 0 1260
386 143 0 337
386 3563 0 310
387 529 0 746
388 1301 0 456
388 1300 0 1345
389 2408 0 289
389 2407 0 1739
389 2409 0 6
390 3163 0 1835
390 3969 0 1664
390 1653 0 488
390 1652 0 1899
391 1654 0 721
391 3970 0 511
392 2410 0 1317
393 1302 0 1527
394 2781 0 1899
394 2782 0 336
394 2411 0 979
394 144 0 1755
394 2412 0 170
395 2041 0 1816
396 3566 0 143
396 3564 0 1843
396 530 0 1817
396 3565 0 320
396 3567 0 126
396 1303 0 1266
396 2783 0 908
396 2784 0 224
396 2785 0 313
396 937 0 1860
397 2786 0 685
397 2787 0 133
397 1304 0 521
398 3568 0 905
398 1656 0 34
398 1655 0 1730
398 938 0 1059
398 531 0 959
398 3971 0 1717
400 145 0 1629
400 3166 0 141
400 3164 0 1845
400 2413 0 1628
400 3569 0 985
400 532 0 1071
400 3165 0 154
400 534 0 429
400 533 0 440
401 535 0 552
402 2790 0 200
402 2042 0 1704
402 1657 0 1475
402 536 0 587
402 2791 0 201
402 2789 0 255
402 2788 0 1575
403 1305 0 1657
403 939 0 1514
403 2043 0 820
403 2792 0 528
404 2414 0 1495
405 3167 0 1583
405 3972 0 1742
405 940 0 941
406 3973 0 791
406 2044 0 1193
407 1658 0 1563
407 3169 0 143
407 2794 0 387
407 2795 0 196
407 2796 0 19
407 3974 0 709
407 3975 0 362
407 3168 0 893
407 2793 0 1436
407 146 0 1709
408 2797 0 641
408 537 0 1656
408 2798 0 494
408 941 0 1144
408 1306 0 1522
409 3976 0 936
410 1659 0 1219
411 147 0 1443
411 1660 0 515
412 539 0 88
412 3170 0 1551
412 538 0 1471
412 3570 0 1882
412 1308 0 355
412 1307 0 1480
413 148 0 929
413 2799 0 1500
413 942 0 1552
414 1309 0 1011
414 1661 0 1177
414 3571 0 887
415 3572 0 592
415 540 0 1308
415 2415 0 1866
416 2800 0 1314
416 2419 0 470
416 2418 0 258
416 2417 0 260
416 2416 0 663
417 1310 0 1338
417 943 0 1382
417 2802 0 405
417 2803 0 471
417 2801 0 862
417 1311 0 422
418 2804 0 702
418 2420 0 916
418 2045 0 1874
419 2046 0 511
420 2421 0 963
420 2422 0 285
420 2806 0 156
420 2423 0 234
420 3573 0 1514
420 1662 0 1638
420 2805 0 1102
421 3977 0 1878
421 3978 0 243
421 3171 0 1821
422 1312 0 1548
422 541 0 1703
422 149 0 1825
422 2807 0 976
422 2808 0 127
422 2809 0 379
423 150 0 565
423 3574 0 1189
423 542 0 573
424 944 0 1715
424 2047 0 1543
424 2810 0 923
425 1663 0 1526
425 151 0 1050
426 3172 0 1546
426 2811 0 1021
427 3576 0 206
427 3575 0 1455
427 3577 0 451
427 945 0 1326
427 152 0 907
428 3979 0 1693
428 3980 0 475
428 543 0 1577
429 2425 0 464
429 3981 0 670
429 3982 0 392
429 2424 0 1797
429 3983 0 404
429 3173 0 1280
430 153 0 1270
430 2426 0 660
430 154 0 484
430 1664 0 1509
431 2048 0 1703
431 544 0 1282
432 2049 0 673
432 3578 0 1525
432 3174 0 1222
432 2050 0 136
433 1665 0 1273
433 3579 0 509
434 1313 0 1877
434 2427 0 1481
435 3984 0 1673
435 2051 0 1236
436 1666 0 1195
436 3580 0 1154
436 3175 0 1488
437 1314 0 1282
437 3985 0 875
437 1315 0 311
438 155 0 1753
439 1667 0 1176
440 2812 0 1897
440 3581 0 1419
440 946 0 1895
440 3986 0 1294
440 3176 0 1463
441 3582 0 500
442 3584 0 478
442 3583 0 773
442 2429 0 497
442 1668 0 1310
442 2428 0 1781
442 546 0 367
442 545 0 1858
443 1316 0 1638
443 2052 0 1767
443 2053 0 421
443 3585 0 649
443 2814 0 318
443 2815 0 103
443 2430 0 567
443 2813 0 1219
444 550 0 17
444 548 0 59
444 547 0 1096
444 549 0 118
444 1669 0 1077
444 2816 0 842
444 2054 0 724
444 2817 0 406
445 3586 0 913
445 2056 0 124
445 3587 0 498
445 2055 0 571
445 3588 0 460
445 947 0 1516
446 2431 0 1328
446 3177 0 1609
446 2432 0 177
446 2057 0 777
446 156 0 1765
447 1670 0 1159
448 551 0 1359
448 3987 0 1785
448 1317 0 1597
449 948 0 1474
449 3589 0 1363
450 3178 0 1488
450 3590 0 655
450 157 0 1473
451 2818 0 1715
451 3179 0 847
451 3180 0 199
451 3181 0 62
451 158 0 801
451 950 0 219
451 949 0 924
452 2819 0 516
452 159 0 663
452 3988 0 1431
452 2058 0 1668
452 3989 0 465
452 3990 0 82
453 160 0 502
453 161 0 54
453 163 0 94
453 162 0 66
454 3591 0 1427
454 3183 0 417
454 2434 0 203
454 2433 0 1790
454 3182 0 1292
454 3184 0 292
455 3593 0 165
455 3592 0 795
456 1318 0 1754
456 3595 0 309
456 951 0 1497
456 3594 0 659
457 2059 0 1556
457 2820 0 1555
458 1320 0 283
458 3596 0 1019
458 3186 0 115
458 3185 0 1476
458 952 0 983
458 953 0 84
458 954 0 318
458 1319 0 982
458 552 0 1834
459 1321 0 855
459 1671 0 1881
459 2060 0 1130
459 3188 0 63
459 1672 0 198
459 3187 0 553
459 1673 0 37
459 1674 0 71
460 164 0 1741
460 165 0 315
461 2061 0 984
461 2821 0 1442
462 553 0 1378
463 2062 0 1054
463 2435 0 1801
464 1675 0 1603
464 1323 0 284
464 1322 0 1542
464 2063 0 756
465 1676 0 533
465 554 0 1221
466 955 0 1779
466 2436 0 1234
467 2823 0 418
467 3597 0 1823
467 3598 0 267
467 3189 0 1761
467 2822 0 1658
468 3599 0 509
468 2824 0 819
468 956 0 1063
468 957 0 381
469 3190 0 1109
469 1677 0 1351
469 2825 0 577
469 166 0 1820
470 2064 0 1645
471 167 0 893
471 168 0 360
471 3191 0 981
471 3192 0 213
471 1324 0 1697
471 3193 0 254
472 2828 0 35
472 2827 0 178
472 2826 0 1296
473 170 0 41
473 171 0 304
473 169 0 1092
474 556 0 170
474 2829 0 1031
474 2437 0 1786
474 555 0 1796
475 1326 0 147
475 557 0 761
475 1325 0 1402
475 2438 0 576
476 2439 0 805
476 958 0 1783
477 172 0 1354
477 2830 0 1313
477 3600 0 1814
477 2831 0 110
478 1678 0 1828
479 960 0 247
479 959 0 1148
479 2065 0 1826
480 559 0 358
480 558 0 1535
481 1327 0 1631
481 173 0 1431
481 2066 0 1125
482 1679 0 1491
482 2832 0 1559
483 2068 0 312
483 2067 0 915
483 3601 0 1631
483 961 0 1401
483 1329 0 284
483 1328 0 971
483 962 0 379
484 1680 0 982
484 1330 0 729
484 2441 0 333
484 2440 0 1755
484 2069 0 690
485 963 0 1132
486 2070 0 1037
486 174 0 1498
486 1331 0 1125
487 1332 0 738
488 560 0 1775
488 1681 0 1453
489 1333 0 975
489 1334 0 425
489 1335 0 263
490 3602 0 1744
490 175 0 1384
491 1336 0 898
491 3603 0 598
491 3194 0 1921
491 1337 0 149
491 1682 0 1163
491 3604 0 404
491 2442 0 1724
492 1683 0 745
493 2833 0 1855
493 1338 0 869
493 1684 0 779
494 1685 0 508
495 1686 0 644
495 3195 0 1376
495 176 0 1518
495 2834 0 877
495 2835 0 301
495 561 0 1730
496 3605 0 1544
496 1687 0 614
497 964 0 1885
497 965 0 121
497 562 0 1030
497 3606 0 608
497 3607 0 428
497 563 0 272
497 1688 0 603
497 564 0 409
498 968 0 306
498 966 0 708
498 2443 0 1702
498 967 0 420
499 1339 0 1676
499 3196 0 1483
499 2836 0 1494
499 3608 0 1133
499 565 0 1078
499 1340 0 114
500 3197 0 660
500 2072 0 132
500 2444 0 978
500 2071 0 1902
501 1341 0 1071
501 1342 0 135
501 566 0 1083
501 969 0 1299
502 2073 0 872
502 3609 0 1203
502 177 0 1723
503 3610 0 784
503 1343 0 1078
503 178 0 672
503 1689 0 1624
504 970 0 1327
504 971 0 396
504 1344 0 683
505 1348 0 155
505 1347 0 256
505 567 0 1453
505 1346 0 40
505 1345 0 695
506 2445 0 1681
506 3200 0 90
506 2074 0 1387
506 568 0 693
506 3198 0 1666
506 2446 0 341
506 3199 0 247
507 2837 0 1790
507 2838 0 206
507 2448 0 150
507 2447 0 721
507 2449 0 135
509 2839 0 1046
509 3201 0 1326
509 2840 0 157
509 1690 0 1650
509 2450 0 1090
510 2452 0 426
510 2451 0 629
511 180 0 229
511 179 0 1768
511 1349 0 1655
511 972 0 1714
512 570 0 5
512 569 0 1618
512 973 0 694
512 3611 0 1818
513 2453 0 1169
513 1351 0 182
513 2075 0 1700
513 1691 0 1454
513 3202 0 1384
513 1350 0 1071
514 2076 0 686
514 974 0 977
514 181 0 1228
515 3612 0 1309
515 2841 0 1634
515 2842 0 6
515 2454 0 1102
515 2455 0 21
515 182 0 736
516 975 0 974
516 1692 0 1263
517 184 0 293
517 3203 0 1473
517 183 0 1014
518 1693 0 1033
518 2078 0 240
518 2077 0 1405
518 2843 0 1196
518 3613 0 1230
518 1352 0 1504
519 976 0 1156
519 2079 0 540
519 2456 0 1462
520 1694 0 908
520 2457 0 658
520 2458 0 12
521 1695 0 574
521 1696 0 144
521 1353 0 1299
521 2844 0 1256
521 3614 0 1224
521 3205 0 248
521 3204 0 1450
522 978 0 489
522 977 0 1304
522 571 0 1846
523 2846 0 229
523 2845 0 1103
523 3206 0 1110
523 1355 0 490
523 1354 0 1096
524 1356 0 838
525 573 0 220
525 2080 0 1652
525 2082 0 206
525 2081 0 2
525 572 0 1221
526 2459 0 1659
526 2460 0 22
526 2847 0 1234
527 1697 0 1652
527 1357 0 1243
527 3207 0 1397
527 185 0 1839
528 2848 0 1118
528 2461 0 1100
528 2849 0 284
528 3615 0 1698
529 2084 0 44
529 2083 0 1403
529 574 0 1423
529 3616 0 513
529 3617 0 475
530 187 0 468
530 186 0 1222
530 3208 0 1310
530 2085 0 507
531 2850 0 1279
531 1358 0 1494
531 188 0 555
531 2086 0 505
532 2087 0 739
532 2088 0 93
533 189 0 1020
533 3209 0 1304
533 1698 0 1625
533 1359 0 1044
533 2089 0 675
534 575 0 1555
534 576 0 65
535 1699 0 931
535 979 0 1894
535 980 0 259
536 2851 0 1537
536 3210 0 1245
536 3211 0 347
536 577 0 914
537 3212 0 781
537 981 0 1130
537 2852 0 851
537 1700 0 891
537 3213 0 52
537 3618 0 1757
538 1360 0 1510
538 3214 0 566
539 3215 0 753
539 191 0 85
539 190 0 1620
540 1702 0 140
540 1703 0 169
540 2090 0 1735
540 3619 0 1194
540 1705 0 153
540 578 0 1355
540 983 0 25
540 2462 0 1882
540 982 0 1234
540 1701 0 1169
540 1704 0 348
541 2092 0 241
541 984 0 552
541 2094 0 453
541 2093 0 405
541 2091 0 678
541 3216 0 890
541 3217 0 488
542 2095 0 693
543 2096 0 761
543 985 0 930
543 3620 0 1332
543 1706 0 1193
544 192 0 1522
545 2097 0 947
546 579 0 1625
546 3220 0 39
546 3219 0 368
546 3218 0 1542
547 986 0 1362
547 2463 0 1716
547 2098 0 1099
547 1361 0 1815
548 1363 0 71
548 1364 0 282
548 1362 0 508
548 1365 0 213
548 3621 0 1569
549 193 0 1526
549 194 0 379
549 580 0 1181
550 2099 0 1291
550 195 0 628
551 2100 0 749
551 2853 0 1903
551 3221 0 1512
551 2464 0 1364
553 3622 0 1591
554 1366 0 1608
554 1707 0 1861
554 1708 0 417
555 1367 0 572
555 196 0 1550
555 987 0 1777
556 3222 0 1520
556 988 0 573
556 1709 0 1043
556 2101 0 1520
557 3626 0 92
557 3625 0 455
557 3624 0 330
557 992 0 76
557 990 0 62
557 3623 0 1466
557 991 0 13
557 3627 0 427
557 989 0 646
558 3628 0 855
558 3223 0 1057
559 2102 0 1230
559 1710 0 1197
559 1368 0 1451
560 3631 0 307
560 3224 0 958
560 3632 0 184
560 3630 0 435
560 3629 0 880
560 1711 0 607
561 2103 0 1013
561 581 0 1880
561 1369 0 1018
561 3225 0 570
562 3633 0 1016
562 582 0 568
562 2854 0 1870
563 197 0 1791
563 3634 0 619
564 198 0 520
564 583 0 1142
564 1370 0 1338
565 1714 0 237
565 584 0 729
565 585 0 457
565 1712 0 1571
565 1713 0 72
566 2104 0 1560
566 2105 0 158
567 993 0 1836
567 1715 0 987
567 586 0 1050
567 1716 0 14
567 3635 0 1447
567 3226 0 1608
568 1371 0 1488
568 2465 0 1914
568 2106 0 1104
568 199 0 1439
569 2466 0 802
569 2467 0 304
569 1373 0 78
569 1372 0 727
569 1717 0 893
570 1374 0 867
570 1718 0 746
570 994 0 1266
570 2107 0 894
570 3227 0 1292
571 2855 0 1797
572 1719 0 1000
572 3636 0 1600
572 1375 0 1136
572 2108 0 959
573 587 0 1618
573 1720 0 629
573 2856 0 1128
573 2468 0 1424
573 1376 0 719
573 1377 0 464
573 3228 0 1284
574 1721 0 581
574 2109 0 948
574 995 0 1464
575 200 0 1734
575 1722 0 572
575 996 0 765
575 997 0 419
576 588 0 1143
576 201 0 816
577 590 0 382
577 589 0 558
578 202 0 1082
578 1378 0 1525
579 2469 0 1619
579 998 0 1422
580 1379 0 1001
580 2470 0 632
581 1723 0 1610
581 3637 0 1826
581 3638 0 368
581 3229 0 1770
581 3230 0 4
581 2471 0 801
582 3231 0 803
582 3641 0 484
582 3640 0 40
582 3639 0 858
583 2110 0 1810
584 2111 0 643
584 1380 0 1361
584 999 0 1594
585 3642 0 1290
585 1724 0 1351
585 592 0 121
585 2112 0 536
585 591 0 1750
585 1000 0 617
586 203 0 1762
587 593 0 1113
587 2113 0 1128
587 594 0 238
587 2472 0 1608
588 3643 0 1181
589 3644 0 579
589 2857 0 1911
589 1001 0 1474
590 3646 0 117
590 3645 0 761
591 1725 0 1629
591 2473 0 1378
592 2474 0 640
592 1726 0 618
592 595 0 1503
592 1003 0 175
592 1002 0 1210
593 596 0 672
593 597 0 301
593 1381 0 1815
593 3232 0 1867
593 2475 0 583
594 2859 0 124
594 2858 0 1576
594 3647 0 1489
594 1727 0 1090
594 204 0 1784
594 205 0 261
595 3648 0 865
596 1728 0 1054
596 3233 0 1240
596 2476 0 1163
596 2114 0 1828
596 599 0 203
596 598 0 1168
597 2477 0 508
597 3234 0 757
597 3649 0 885
597 1004 0 1522
597 1382 0 1476
597 600 0 774
598 2115 0 1128
598 3235 0 798
598 606 0 138
598 603 0 365
598 601 0 838
598 602 0 403
598 605 0 95
598 604 0 112
599 2116 0 777
599 3236 0 602
600 1729 0 1422
600 206 0 1621
600 2478 0 1180
600 2479 0 116
600 2480 0 122
600 1383 0 1241
601 2860 0 1730
602 1384 0 1137
603 1385 0 546
604 1730 0 1458
604 2117 0 1576
604 3650 0 1720
604 607 0 1613
604 207 0 1400
604 1005 0 1748
605 3652 0 65
605 3651 0 544
605 2118 0 712
605 1731 0 806
606 3237 0 1743
607 3653 0 997
607 2119 0 1138
608 3238 0 892
608 3240 0 366
608 3239 0 44
608 1386 0 1545
609 3657 0 277
609 3658 0 268
609 3654 0 1102
609 3655 0 245
609 3656 0 39
609 3241 0 642
610 2121 0 385
610 2120 0 1321
611 2481 0 1864
611 1732 0 1651
611 208 0 1697
611 2122 0 821
611 1007 0 289
611 1006 0 1708
612 1387 0 1363
612 3242 0 1168
613 1008 0 1031
613 3243 0 683
613 210 0 234
613 209 0 1025
613 1733 0 897
613 211 0 41
614 1734 0 599
614 212 0 800
614 2482 0 1330
614 3244 0 516
615 2861 0 1903
615 3247 0 160
615 3246 0 199
615 3245 0 761
616 608 0 1879
616 2123 0 1562
616 1009 0 1268
616 213 0 958
616 214 0 433
617 2862 0 940
617 1010 0 622
618 2124 0 879
618 2125 0 359
619 2863 0 1021
619 215 0 1198
620 2483 0 1646
621 609 0 1591
621 1735 0 1738
621 3248 0 1612
621 2864 0 990
621 1388 0 1803
621 3659 0 1874
622 2865 0 813
622 216 0 1242
623 1011 0 1684
623 2484 0 1331
624 217 0 977
624 2126 0 1660
624 1736 0 1312
624 3249 0 1167
624 3250 0 486
625 3660 0 1451
625 3661 0 181
626 1738 0 396
626 1737 0 994
626 2869 0 16
626 2868 0 341
626 2867 0 41
626 2866 0 1386
626 3251 0 995
627 1739 0 625
627 2870 0 533
628 610 0 1731
628 3252 0 1042
629 2871 0 977
629 2872 0 200
630 2128 0 419
630 3663 0 252
630 2874 0 359
630 3662 0 1498
630 2127 0 1652
630 1740 0 1240
630 2873 0 669
631 3254 0 208
631 3665 0 476
631 3664 0 768
631 1741 0 707
631 218 0 1726
631 1742 0 196
631 2129 0 693
631 611 0 1181
631 3253 0 1298
632 3255 0 502
632 1389 0 1860
632 1012 0 1817
633 2130 0 939
634 612 0 1331
634 2485 0 1863
635 1744 0 427
635 1743 0 1485
636 1390 0 1350
636 2486 0 902
637 1745 0 1042
637 3666 0 1634
637 3667 0 293
638 2487 0 932
638 3668 0 611
639 2488 0 688
639 2489 0 182
639 2490 0 339
639 2132 0 305
639 2131 0 1663
639 3256 0 1731
639 3257 0 327
640 2491 0 575
640 3258 0 514
640 219 0 1827
640 2875 0 1846
641 1391 0 1579
641 2133 0 874
641 1013 0 1814
642 3259 0 880
642 1392 0 580
642 220 0 1017
643 1014 0 888
643 3260 0 565
644 2876 0 1436
644 613 0 1835
644 2877 0 462
645 1017 0 353
645 1016 0 167
645 1015 0 1042
645 3670 0 98
645 3669 0 1701
646 3672 0 106
646 1018 0 580
646 614 0 1101
646 2878 0 1087
646 222 0 337
646 221 0 1352
646 3671 0 612
646 1746 0 1808
648 2134 0 1715
648 2492 0 1774
648 3673 0 898
648 2135 0 131
648 1019 0 954
649 2493 0 842
649 223 0 1265
649 1747 0 1191
649 2136 0 696
649 1020 0 684
650 1395 0 223
650 1021 0 856
650 1748 0 796
650 3261 0 1742
650 3262 0 113
650 2494 0 782
650 1393 0 1750
650 1394 0 166
651 1396 0 562
651 1397 0 64
651 3674 0 1154
651 2137 0 1118
651 2495 0 655
651 2496 0 375
651 2497 0 7
651 2498 0 338
652 3676 0 278
652 3675 0 848
652 3677 0 409
652 2881 0 62
652 2880 0 348
652 1398 0 796
652 2879 0 1641
652 1399 0 470
653 2499 0 988
653 224 0 1397
654 3678 0 887
654 2882 0 984
654 1400 0 1011
654 3263 0 1465
655 2500 0 878
655 2501 0 36
655 615 0 1819
657 3265 0 441
657 3264 0 1299
657 3266 0 405
658 1022 0 1771
658 1401 0 1393
658 3679 0 1493
658 3680 0 337
658 2502 0 1222
658 2503 0 456
658 616 0 1162
659 3681 0 528
659 1402 0 730
659 2138 0 1767
660 2883 0 1676
660 1749 0 1845
661 1404 0 316
661 1750 0 559
661 1403 0 1062
661 3267 0 1465
662 2505 0 288
662 2504 0 1427
663 3682 0 1486
663 1023 0 1584
664 1751 0 1176
664 3268 0 1220
664 2506 0 945
665 225 0 1880
666 2884 0 1677
666 1024 0 1237
666 2507 0 972
666 226 0 707
666 1405 0 1507
666 1752 0 905
667 2508 0 529
667 617 0 1813
667 1754 0 301
667 1755 0 310
667 1753 0 624
668 2139 0 1810
668 2509 0 518
668 1757 0 455
668 1756 0 596
669 1758 0 742
669 2510 0 782
669 1026 0 319
669 1025 0 1314
670 1406 0 1380
670 1759 0 644
671 2511 0 953
671 3270 0 150
671 3269 0 1693
671 2140 0 1327
671 618 0 1468
673 2885 0 1701
673 3271 0 1071
674 1760 0 1460
674 1407 0 1426
674 1408 0 431
674 227 0 1753
674 1761 0 103
675 1762 0 807
675 2512 0 1402
676 2886 0 1183
676 228 0 1052
676 3683 0 1894
676 2141 0 1535
677 1763 0 920
678 3272 0 1521
678 229 0 869
678 1027 0 1802
678 3684 0 1084
681 2887 0 1581
682 1028 0 1352
682 1765 0 391
682 1764 0 1509
683 3274 0 1
683 619 0 1876
683 620 0 28
683 2142 0 1705
683 3273 0 1498
684 2513 0 1821
684 1766 0 881
685 2143 0 1070
685 1767 0 674
686 1409 0 1884
686 2144 0 790
686 3275 0 1321
686 230 0 1759
686 1030 0 209
686 3276 0 344
686 1029 0 1437
687 3277 0 836
687 621 0 1390
687 3686 0 241
687 3685 0 1815
687 1031 0 736
687 622 0 309
687 623 0 134
688 2146 0 141
688 2145 0 1092
688 3278 0 540
688 3279 0 196
688 3280 0 370
689 1769 0 423
689 2515 0 83
689 1768 0 1398
689 3687 0 1111
689 2514 0 1536
690 2147 0 1038
690 625 0 179
690 624 0 1236
691 2148 0 501
692 231 0 1652
692 3281 0 1447
693 1410 0 1695
693 1411 0 374
694 2149 0 1249
694 1770 0 1599
695 232 0 1203
696 1032 0 1807
696 2518 0 384
696 2517 0 236
696 1773 0 121
696 1772 0 497
696 2516 0 1694
696 1771 0 945
697 1033 0 820
697 2888 0 1910
697 626 0 1725
697 627 0 108
697 3283 0 116
697 3282 0 1604
698 233 0 1157
698 234 0 34
699 3689 0 374
699 3688 0 1838
699 2889 0 1005
699 1412 0 1642
699 1413 0 492
700 3284 0 1284
700 1034 0 1276
700 2519 0 1425
701 235 0 1338
701 2890 0 1098
701 236 0 146
701 1035 0 710
702 1774 0 1685
702 2520 0 1012
702 3285 0 934
703 237 0 899
703 3690 0 1408
704 2150 0 1840
705 1414 0 1607
706 239 0 31
706 240 0 218
706 2893 0 81
706 2892 0 213
706 3691 0 1322
706 238 0 1155
706 2891 0 1507
706 2151 0 1109
706 2152 0 235
708 3286 0 1686
709 2895 0 179
709 2894 0 1240
709 3287 0 569
710 2521 0 1795
710 2896 0 693
711 3289 0 254
711 3288 0 1032
711 3693 0 418
711 1036 0 1845
711 1415 0 1620
711 1416 0 339
711 3692 0 1557
712 628 0 1906
712 2897 0 909
712 1775 0 1846
712 2899 0 442
712 2898 0 205
712 1776 0 384
713 1037 0 1059
713 1038 0 428
713 241 0 1747
713 3291 0 275
713 3290 0 992
714 3694 0 1332
714 1039 0 728
714 242 0 695
714 1417 0 1191
714 1777 0 1011
715 1418 0 858
715 2522 0 1541
716 3292 0 1228
716 3293 0 11
717 1778 0 1183
717 1779 0 309
717 1040 0 1147
718 2901 0 187
718 2900 0 1641
718 2523 0 1242
718 243 0 1455
719 2153 0 1886
719 1041 0 1073
719 244 0 785
720 3294 0 1403
720 1042 0 745
720 2902 0 893
721 3295 0 549
721 1419 0 1660
721 2524 0 1279
721 2525 0 56
722 1421 0 244
722 1420 0 592
722 629 0 1845
722 2903 0 1101
722 3695 0 1783
722 3296 0 529
723 1422 0 694
723 1047 0 187
723 1046 0 121
723 1045 0 302
723 1044 0 24
723 1043 0 1230
723 2526 0 952
724 630 0 882
724 3696 0 910
724 1780 0 1746
724 245 0 1578
724 2527 0 766
725 1049 0 223
725 1048 0 948
725 2528 0 596
726 3698 0 413
726 3699 0 102
726 3697 0 1037
727 246 0 1209
728 247 0 563
728 1781 0 1352
728 3297 0 1628
728 1782 0 294
728 1050 0 1297
728 1423 0 1516
728 3700 0 1052
728 2904 0 1675
728 2905 0 301
728 1051 0 411
730 248 0 1092
730 631 0 1688
730 1783 0 1133
731 1785 0 281
731 1784 0 862
731 3299 0 74
731 3300 0 356
731 2906 0 1337
731 2907 0 181
731 3298 0 1309
732 249 0 1105
732 2154 0 1895
732 2155 0 364
732 3301 0 658
733 2156 0 699
733 3302 0 865
733 1424 0 1592
735 250 0 1310
735 3701 0 1749
736 632 0 1671
736 2910 0 360
736 1052 0 1764
736 1053 0 467
736 2909 0 24
736 252 0 64
736 251 0 573
736 2908 0 1544
737 3702 0 878
737 255 0 382
737 254 0 422
737 253 0 618
737 2911 0 665
737 256 0 478
738 2912 0 824
738 2158 0 134
738 1054 0 909
738 2157 0 1593
739 633 0 1151
739 3703 0 1089
739 1425 0 1683
740 635 0 343
740 1786 0 1825
740 3704 0 786
740 634 0 850
741 2159 0 1200
741 2160 0 422
741 1426 0 907
741 2529 0 1910
741 2530 0 207
742 1787 0 1026
742 3705 0 1108
742 3706 0 437
743 1788 0 595
743 1789 0 289
743 3303 0 1844
743 1427 0 901
744 2531 0 1156
744 2532 0 170
744 1055 0 1686
744 2533 0 191
744 257 0 1742
744 3707 0 1091
744 636 0 1476
744 258 0 365
744 637 0 202
745 2163 0 265
745 2166 0 337
745 2165 0 146
745 2164 0 9
745 2162 0 474
745 2161 0 1377
745 1790 0 1142
745 3304 0 1017
746 638 0 1029
746 1792 0 251
746 1791 0 857
747 2534 0 1162
747 640 0 319
747 2535 0 86
747 639 0 633
748 2536 0 641
748 3305 0 1340
749 2913 0 1860
750 2538 0 218
750 2167 0 1587
750 2537 0 874
750 1056 0 1627
751 641 0 1361
752 2539 0 1043
752 3708 0 1767
752 3709 0 254
752 1793 0 1677
752 3306 0 1398
753 1428 0 1836
753 2168 0 1338
753 259 0 1828
754 2540 0 918
754 1429 0 644
754 1794 0 1090
755 1430 0 573
755 1057 0 1550
756 3307 0 1469
756 1431 0 654
756 2914 0 1701
756 1795 0 1137
756 1059 0 207
756 1058 0 862
757 642 0 1663
757 260 0 1479
759 3308 0 1296
760 3309 0 812
760 3310 0 157
760 1060 0 1429
760 2169 0 1697
760 2170 0 431
761 1432 0 1593
761 643 0 1477
762 2915 0 1668
762 3311 0 895
762 644 0 752
763 1433 0 1054
764 646 0 419
764 645 0 1126
764 650 0 341
764 647 0 210
764 2916 0 918
764 648 0 11
764 649 0 343
765 262 0 347
765 2543 0 169
765 261 0 1792
765 2541 0 1854
765 2542 0 403
765 2171 0 1584
765 1796 0 1825
765 3710 0 1891
765 651 0 784
766 263 0 828
766 652 0 758
767 2917 0 1189
768 2544 0 1324
768 1797 0 1201
769 654 0 175
769 653 0 1216
769 3313 0 318
769 3312 0 1711
769 264 0 1190
770 1061 0 1830
770 3711 0 1554
770 3314 0 509
770 265 0 507
770 2918 0 1269
771 266 0 763
771 1062 0 861
771 2545 0 1310
772 655 0 1309
772 3315 0 1043
772 3316 0 137
772 2172 0 1733
773 656 0 529
773 3712 0 1315
773 2173 0 826
773 2546 0 1097
773 2919 0 1214
773 657 0 268
774 3713 0 700
775 658 0 1053
776 1063 0 1519
776 267 0 1568
778 1064 0 1058
778 2920 0 1554
778 268 0 923
779 3714 0 1537
780 269 0 1019
780 1434 0 1915
780 2174 0 1735
781 3715 0 923
782 270 0 1052
782 1800 0 160
782 1799 0 36
782 1798 0 1901
782 271 0 343
782 3716 0 620
784 1801 0 1133
785 2921 0 1730
785 2922 0 56
785 2547 0 1877
786 661 0 30
786 660 0 295
786 659 0 1858
787 2175 0 1710
787 3717 0 1528
787 1065 0 1810
788 2176 0 604
788 2923 0 1260
788 2548 0 1230
789 2549 0 699
789 272 0 1747
789 3718 0 1093
789 2924 0 842
791 3719 0 877
791 2550 0 885
791 2551 0 139
791 2925 0 951
791 1804 0 246
791 1802 0 1717
791 1803 0 372
791 3720 0 234
792 663 0 34
792 2926 0 763
792 662 0 1631
792 3721 0 522
792 3722 0 380
792 3723 0 236
792 3724 0 293
792 2927 0 118
793 3319 0 365
793 3318 0 180
793 1435 0 1893
793 665 0 42
793 3725 0 701
793 3317 0 1921
793 664 0 709
794 3320 0 680
794 2177 0 1676
795 1436 0 1084
795 2178 0 771
795 3726 0 979
795 1437 0 414
796 2552 0 1547
796 2928 0 1353
796 273 0 1695
796 1066 0 1802
796 1805 0 1539
796 2929 0 180
797 1438 0 925
797 667 0 179
797 666 0 1435
797 1806 0 679
797 2553 0 837
798 1067 0 996
798 1807 0 783
799 2930 0 1152
799 1068 0 538
799 1809 0 380
799 1069 0 178
799 1808 0 864
799 668 0 984
800 669 0 758
800 670 0 343
800 2932 0 257
800 2931 0 526
801 2933 0 644
801 1070 0 1122
801 3727 0 1613
802 1439 0 1554
802 2180 0 218
802 3322 0 433
802 3321 0 1760
802 274 0 1608
802 671 0 959
802 2179 0 1712
803 2181 0 622
803 1071 0 1033
803 672 0 784
804 673 0 834
804 3323 0 965
804 1441 0 119
804 1440 0 1090
805 3324 0 701
805 275 0 1194
805 3728 0 1491
806 1442 0 932
806 276 0 656
806 2182 0 1150
807 277 0 807
807 278 0 479
808 3729 0 1296
808 2183 0 1094
809 1810 0 1850
809 2184 0 777
809 674 0 1557
810 675 0 592
811 2554 0 1901
813 2556 0 420
813 1072 0 1849
813 2555 0 1008
814 1811 0 1509
814 279 0 1743
814 3325 0 1799
815 281 0 143
815 280 0 671
816 1444 0 164
816 1443 0 1843
816 676 0 1652
816 282 0 660
817 1813 0 432
817 677 0 757
817 2185 0 1754
817 1812 0 1197
818 1445 0 976
818 1815 0 108
818 1814 0 822
819 3730 0 1862
820 678 0 1306
820 679 0 110
821 2186 0 1428
821 2187 0 344
821 1073 0 1776
822 3326 0 1767
822 3731 0 1166
823 2188 0 904
825 1816 0 1733
826 680 0 1684
827 2189 0 1351
827 2934 0 1924
827 3328 0 94
827 283 0 1872
827 3327 0 1509
827 2935 0 160
828 1074 0 1732
828 2557 0 1905
829 1446 0 1861
829 1447 0 88
829 1449 0 471
829 2936 0 1093
829 1448 0 143
830 1817 0 1599
830 1818 0 57
830 2558 0 1101
831 284 0 1483
831 3329 0 1377
831 2190 0 1357
831 682 0 96
831 681 0 1514
832 3330 0 791
833 2191 0 1028
833 3331 0 641
833 1819 0 1227
833 1075 0 1535
833 1076 0 110
833 1820 0 490
834 1077 0 541
834 285 0 1186
834 2559 0 1371
835 2192 0 984
836 2193 0 566
836 683 0 1563
837 2562 0 376
837 2561 0 179
837 2560 0 1260
837 3333 0 466
837 3332 0 1451
838 2937 0 1807
838 2564 0 311
838 2938 0 0
838 2563 0 543
838 1450 0 1809
839 1078 0 1560
839 286 0 1587
840 2194 0 1387
840 287 0 584
841 1079 0 934
841 684 0 1504
841 685 0 98
841 1821 0 1780
841 288 0 735
841 1451 0 1296
841 1822 0 79
842 3732 0 1921
842 2939 0 1375
842 2940 0 363
843 686 0 930
843 3734 0 440
843 687 0 454
843 1452 0 1130
843 2565 0 1551
843 1823 0 1109
843 3733 0 784
844 2566 0 783
844 3735 0 513
844 2942 0 36
844 1081 0 131
844 1080 0 1193
844 2941 0 1002
845 688 0 976
845 1453 0 1060
845 1082 0 854
845 3334 0 1764
846 1824 0 1206
846 289 0 1577
847 290 0 860
847 1825 0 742
847 291 0 328
847 1083 0 1129
847 2567 0 1211
847 1084 0 140
848 292 0 534
848 2568 0 659
848 1826 0 693
849 3737 0 396
849 689 0 1465
849 1827 0 745
849 3736 0 1575
851 3335 0 1636
851 1828 0 955
851 293 0 1251
851 295 0 350
851 3738 0 1108
851 294 0 477
852 1830 0 21
852 1829 0 548
852 2195 0 1875
852 3336 0 581
852 2569 0 1450
854 1831 0 1107
854 1085 0 1722
854 1454 0 1803
854 2196 0 1061
855 296 0 1400
855 1455 0 766
856 690 0 1739
856 1456 0 698
856 1832 0 1035
856 1086 0 897
856 2943 0 1885
856 2570 0 1366
857 2572 0 17
857 2571 0 820
857 2945 0 433
857 2944 0 645
858 2947 0 278
858 2197 0 1440
858 1457 0 1139
858 3337 0 1685
858 2948 0 305
858 2946 0 682
859 1833 0 1146
859 1087 0 1340
859 691 0 1207
859 1834 0 148
860 1835 0 612
860 2198 0 1060
860 3338 0 1023
860 2573 0 1266
861 692 0 1073
861 2574 0 507
861 2199 0 643
862 1458 0 1394
862 2201 0 479
862 2200 0 754
863 2949 0 1496
863 298 0 264
863 297 0 1792
863 299 0 278
863 693 0 1095
863 2575 0 1083
863 694 0 337
863 695 0 288
863 1459 0 558
864 1461 0 479
864 1460 0 600
864 300 0 815
865 1836 0 1559
865 3739 0 1900
866 2950 0 1185
867 2576 0 1392
868 2202 0 1624
869 301 0 1566
869 1088 0 1835
869 1462 0 1514
869 696 0 1654
869 3740 0 1378
869 2203 0 729
870 2951 0 1429
870 2205 0 256
870 2204 0 818
871 3339 0 1869
871 2577 0 1372
871 3741 0 1075
873 2206 0 1300
874 3742 0 1268
874 1089 0 1514
874 302 0 1565
874 304 0 53
874 303 0 72
875 3341 0 216
875 1837 0 1846
875 2952 0 1565
875 3340 0 1461
875 697 0 1628
876 2207 0 1333
876 1091 0 294
876 1090 0 1007
876 2208 0 151
876 305 0 967
876 1093 0 221
876 698 0 768
876 1463 0 1712
876 1092 0 196
876 2209 0 184
877 306 0 750
877 2953 0 915
877 1838 0 886
877 699 0 710
877 307 0 294
878 3344 0 96
878 3346 0 488
878 3343 0 219
878 3345 0 97
878 3342 0 1198
878 2954 0 812
879 3744 0 407
879 1464 0 1310
879 308 0 934
879 3743 0 1583
879 1094 0 1224
880 1839 0 1247
880 3347 0 910
881 2578 0 1842
881 1465 0 1040
882 1095 0 1241
882 2210 0 1684
882 1466 0 705
882 1096 0 212
882 309 0 1152
883 701 0 239
883 700 0 1615
883 1467 0 588
884 2211 0 947
884 3348 0 1427
884 3349 0 360
884 3350 0 411
884 1468 0 501
885 2213 0 346
885 2212 0 821
885 1840 0 1527
885 3351 0 533
885 1100 0 425
885 1099 0 138
885 1098 0 171
885 1097 0 1151
886 702 0 1151
887 1844 0 363
887 2214 0 982
887 1843 0 214
887 1842 0 162
887 3746 0 7
887 3745 0 1778
887 1101 0 1049
887 1841 0 1042
888 310 0 1650
888 3747 0 857
888 2955 0 1836
888 2956 0 130
889 703 0 1178
889 704 0 0
889 3352 0 1447
889 3748 0 806
889 3749 0 408
890 1469 0 1638
891 3353 0 943
891 1470 0 535
892 1102 0 1574
892 705 0 1306
892 706 0 0
892 3750 0 1163
892 1845 0 1557
893 2957 0 1558
893 2958 0 258
893 1103 0 770
893 311 0 1596
894 2579 0 1894
894 3354 0 1318
894 2215 0 1724
894 2216 0 227
894 2959 0 724
895 3356 0 225
895 3355 0 521
895 3751 0 1306
895 1104 0 1025
895 1106 0 486
895 1105 0 264
896 2580 0 883
896 312 0 1262
897 313 0 546
897 1846 0 1585
897 2217 0 1304
898 2960 0 1463
898 2581 0 1000
900 314 0 1157
901 2218 0 1412
901 2219 0 180
901 1472 0 266
901 1471 0 1850
901 2961 0 1218
902 2220 0 642
902 2962 0 753
902 2582 0 1460
902 707 0 1848
903 315 0 1335
904 3357 0 1825
904 1847 0 1744
904 1473 0 1228
905 316 0 1132
905 1848 0 854
905 317 0 399
905 1475 0 473
905 1474 0 570
906 3752 0 1869
906 2963 0 1364
907 3358 0 1142
907 708 0 1584
907 1849 0 982
907 2964 0 796
908 318 0 1269
908 1476 0 1237
908 319 0 4
909 320 0 844
909 1477 0 775
909 321 0 178
910 1850 0 1328
910 3753 0 1461
910 3359 0 1143
910 322 0 833
910 1851 0 225
911 1107 0 1912
911 2583 0 1821
912 1108 0 659
912 709 0 1507
913 323 0 1271
913 2585 0 67
913 2584 0 1024
913 324 0 159
913 1852 0 1143
913 1478 0 1351
914 325 0 723
914 1853 0 673
914 1479 0 616
915 1109 0 1299
915 2965 0 1759
915 3360 0 1497
915 2967 0 179
915 2966 0 407
917 710 0 1582
918 1855 0 305
918 1854 0 1471
918 3754 0 1792
918 2586 0 1533
919 3755 0 529
920 2221 0 1918
920 1110 0 1575
920 1856 0 1054
921 1480 0 1746
921 327 0 495
921 2587 0 1257
921 326 0 1733
921 1857 0 608
921 2589 0 154
921 2222 0 683
921 2588 0 215
922 1111 0 1086
922 1481 0 818
923 1482 0 757
923 1858 0 1091
923 3756 0 1368
924 328 0 1217
924 3361 0 1813
924 3757 0 641
924 711 0 1696
925 3760 0 129
925 3758 0 796
925 3759 0 85
926 712 0 886
926 2590 0 1591
926 3761 0 749
926 2968 0 1861
927 329 0 1258
927 1859 0 1429
927 2591 0 661
927 1483 0 1365
928 3362 0 1374
928 713 0 943
928 1484 0 760
928 714 0 173
928 1860 0 846
929 715 0 706
931 3762 0 1525
931 2969 0 1540
931 1485 0 1202
931 3763 0 471
931 3764 0 316
932 2970 0 575
932 3765 0 725
934 330 0 1719
934 2592 0 1697
934 2971 0 1035
935 1486 0 1448
935 331 0 789
935 2593 0 772
936 332 0 542
936 333 0 201
936 1487 0 533
937 2972 0 1188
937 3766 0 1558
937 2223 0 1911
937 2224 0 339
938 334 0 927
938 3364 0 21
938 3768 0 259
938 3363 0 1843
938 3767 0 530
939 1112 0 1914
939 1488 0 1176
939 1861 0 1859
940 717 0 68
940 716 0 1859
940 3769 0 1024
940 2225 0 1328
940 335 0 1030
940 718 0 455
941 2226 0 600
941 336 0 503
941 719 0 610
942 337 0 588
942 2594 0 1707
942 3365 0 1441
942 1489 0 1148
943 3770 0 1273
943 3771 0 223
943 720 0 1036
943 2595 0 739
943 3772 0 420
944 2227 0 1166
945 1490 0 1194
945 721 0 980
945 3773 0 1117
946 2973 0 1818
946 3366 0 1368
947 2974 0 850
947 722 0 1127
947 1863 0 315
947 1862 0 1752
947 1864 0 359
947 2596 0 1477
948 1867 0 50
948 2975 0 552
948 1870 0 473
948 1869 0 209
948 1866 0 473
948 2228 0 1364
948 1865 0 743
948 1868 0 284
949 3774 0 1424
949 1113 0 1852
949 3367 0 1245
949 3368 0 478
950 3369 0 797
950 3370 0 462
950 3371 0 377
951 3775 0 1084
951 1114 0 938
951 338 0 1819
951 723 0 1444
952 3372 0 898
952 339 0 515
952 3373 0 236
952 340 0 435
953 724 0 944
953 3375 0 464
953 3374 0 829
954 3776 0 1178
954 1115 0 1297
954 3376 0 562
954 3377 0 214
955 2977 0 96
955 3777 0 721
955 341 0 1293
955 2597 0 1784
955 725 0 1060
955 2976 0 1693
956 2980 0 268
956 2981 0 485
956 3378 0 868
956 1491 0 1870
956 2229 0 1785
956 1116 0 976
956 2978 0 615
956 2979 0 409
957 3379 0 604
957 2230 0 649
957 1871 0 1811
958 1872 0 712
958 1493 0 366
958 1492 0 944
959 2231 0 1089
959 1873 0 735
960 2232 0 616
960 2233 0 128
960 342 0 1574
960 3380 0 1310
960 1494 0 954
961 3382 0 82
961 3381 0 856
961 1495 0 611
962 1117 0 1656
962 1496 0 529
962 2234 0 957
963 2982 0 1737
963 3778 0 1753
963 2598 0 1783
963 3779 0 439
964 3781 0 121
964 3780 0 694
964 726 0 1811
965 1497 0 1144
965 343 0 1507
965 3782 0 806
965 1874 0 1625
966 1498 0 532
966 1118 0 1378
967 3784 0 132
967 3383 0 1659
967 3783 0 1082
968 2235 0 1664
968 1499 0 1048
968 1500 0 270
968 3785 0 556
969 3384 0 966
969 1875 0 1372
969 3385 0 258
969 1119 0 1260
970 2237 0 421
970 2238 0 276
970 728 0 496
970 727 0 1613
970 2599 0 1698
970 2236 0 923
971 2983 0 1781
971 2241 0 95
971 1121 0 462
971 3786 0 1221
971 2240 0 453
971 2600 0 526
971 3386 0 1119
971 1501 0 1273
971 2239 0 521
971 2242 0 193
971 1120 0 913
971 3787 0 460
972 3387 0 507
972 2243 0 719
973 3788 0 916
973 1122 0 1086
973 2984 0 919
973 729 0 1268
974 730 0 862
974 731 0 23
974 3388 0 1072
975 344 0 1852
975 1123 0 948
975 1876 0 1618
976 1503 0 430
976 1502 0 1512
977 2245 0 409
977 2244 0 1591
977 1124 0 1095
977 3389 0 1243
977 2246 0 206
978 1125 0 828
978 2247 0 637
978 345 0 1189
979 1126 0 836
979 2985 0 1647
980 2601 0 1811
980 346 0 991
981 3390 0 1411
981 2986 0 886
982 3391 0 680
983 3789 0 1835
983 2248 0 1509
983 1877 0 1789
983 3392 0 543
983 2602 0 1218
984 1878 0 745
984 2987 0 1267
985 3790 0 1069
985 1127 0 1628
986 1128 0 552
986 1129 0 490
987 3791 0 933
987 1504 0 1860
988 2249 0 1587
989 1879 0 1573
989 1130 0 1322
990 2603 0 1705
991 732 0 1913
991 1132 0 369
991 1880 0 1081
991 1131 0 884
992 3393 0 1805
992 733 0 596
992 734 0 419
992 3394 0 371
992 2988 0 1756
992 2989 0 87
992 3792 0 1525
992 2990 0 30
993 1881 0 873
993 2606 0 121
993 2605 0 64
993 2608 0 330
993 2604 0 1257
993 2607 0 281
994 2609 0 818
994 3793 0 1023
994 2250 0 1648
995 1133 0 1422
996 1138 0 103
996 1137 0 83
996 1136 0 482
996 1135 0 143
996 1134 0 509
996 735 0 1445
996 2991 0 1460
996 736 0 363
996 347 0 1912
996 348 0 94
997 737 0 842
997 3395 0 1572
998 3396 0 766
998 349 0 1066
999 1505 0 1884
999 2610 0 1541
1000 2252 0 27
1000 2251 0 1681
1001 350 0 1143
1001 2611 0 972
1001 3398 0 198
1001 2992 0 1549
1001 2612 0 62
1001 3397 0 1280
1001 1506 0 1029
1002 2253 0 880
1002 2254 0 0
1002 1882 0 1815
1002 3399 0 580
1002 738 0 1562
1002 739 0 197
1002 740 0 98
1002 3794 0 1771
1003 2255 0 761
1003 3400 0 653
1003 2614 0 487
1003 2615 0 260
1003 351 0 1000
1003 2613 0 1132
1003 3795 0 628
1004 353 0 259
1004 352 0 522
1004 2616 0 643
1004 2617 0 479
1004 2993 0 1200
1004 741 0 1007
1005 742 0 795
1005 1139 0 1800
1006 3401 0 1168
1006 3402 0 431
1007 3403 0 629
1007 3796 0 1475
1008 1140 0 1235
1008 2618 0 1443
1008 354 0 1358
1008 2619 0 243
1008 2620 0 18
1008 3797 0 797
1009 355 0 636
1009 743 0 1393
1010 1141 0 910
1010 357 0 294
1010 1508 0 490
1010 1507 0 1827
1010 356 0 732
1010 2256 0 1720
1011 1142 0 680
1011 3798 0 1266
1012 1143 0 535
1012 2621 0 1451
1013 1509 0 1329
1014 2622 0 996
1014 2994 0 1837
1015 2623 0 504
1016 3404 0 1823
1016 2257 0 1637
1016 2995 0 1070
1016 1883 0 1898
1016 2258 0 389
1016 2996 0 249
1016 3405 0 33
1017 2997 0 597
1017 1510 0 1454
1017 3800 0 220
1017 3799 0 1607
1018 745 0 42
1018 744 0 1808
1018 747 0 130
1018 746 0 320
1019 2998 0 1088
1019 1884 0 1144
1020 358 0 1838
1020 2999 0 810
1020 2259 0 1414
1020 3000 0 25
1020 748 0 921
1021 3406 0 1560
1021 3001 0 503
1021 3002 0 342
1021 3801 0 1401
1022 3802 0 598
1022 3003 0 690
1023 2624 0 1784
1023 359 0 1254
1023 1144 0 1864
1024 2625 0 705
1024 3004 0 921
1024 3005 0 150
1024 3006 0 240
1024 3408 0 114
1024 3407 0 1210
1025 2260 0 1580
1025 750 0 354
1025 749 0 1556
1025 3409 0 854
1025 2261 0 133
1026 361 0 255
1026 360 0 1159
1026 2626 0 1047
1026 1885 0 1720
1027 1511 0 1848
1028 362 0 1001
1029 2627 0 1170
1029 3803 0 1707
1030 3011 0 34
1030 751 0 1586
1030 3009 0 260
1030 3008 0 64
1030 3007 0 1671
1030 3010 0 143
1031 3804 0 1060
1032 3012 0 942
1033 1145 0 1846
1033 3805 0 939
1033 1146 0 305
1033 363 0 1601
1033 752 0 1173
1033 1147 0 268
1033 2628 0 1484
1033 753 0 157
1034 1512 0 1712
1035 1513 0 778
1035 3806 0 885
1036 3807 0 751
1036 3808 0 36
1036 1514 0 736
1036 1148 0 1207
1037 3809 0 708
1037 364 0 1358
1037 3411 0 10
1037 3410 0 1884
1038 365 0 860
1038 2263 0 290
1038 2262 0 1894
1038 754 0 1599
1039 755 0 635
1039 3412 0 956
1039 1886 0 1888
1039 1887 0 362
1040 3013 0 1774
1040 2629 0 1693
1040 3014 0 455
1040 366 0 1053
1040 3810 0 1276
1040 3413 0 538
1041 3811 0 647
1041 756 0 1036
1042 3812 0 812
1042 3813 0 357
1042 2264 0 1460
1042 3015 0 977
1042 367 0 1060
1043 1515 0 1706
1043 2265 0 595
1043 2266 0 331
1044 1888 0 1600
1044 2267 0 693
1045 3814 0 1316
1045 3815 0 7
1045 2630 0 1530
1046 1149 0 1851
1046 3016 0 1406
1046 1150 0 264
1046 1151 0 480
1047 757 0 1632
1047 369 0 127
1047 2268 0 1314
1047 758 0 234
1047 368 0 1544
1048 3018 0 444
1048 759 0 865
1048 3414 0 1757
1048 370 0 832
1048 3017 0 896
1049 1517 0 148
1049 1516 0 1646
1049 3415 0 640
1049 371 0 544
1050 2269 0 1243
1050 3019 0 1074
1050 2631 0 1532
1050 372 0 505
1051 2270 0 801
1051 1518 0 952
1051 1519 0 108
1051 373 0 753
1052 3020 0 873
1052 761 0 311
1052 1889 0 1768
1052 760 0 1419
1053 1152 0 1697
1054 1153 0 835
1054 3021 0 1065
1054 3022 0 348
1055 374 0 1494
1055 2633 0 144
1055 2632 0 1514
1056 3416 0 1731
1056 1520 0 1517
1056 1890 0 1483
1056 3816 0 1867
1056 763 0 315
1056 1521 0 172
1056 3817 0 442
1056 762 0 1351
1056 3818 0 338
1057 1154 0 1150
1057 764 0 645
1058 1891 0 950
1058 2271 0 1730
1059 1892 0 755
1059 1522 0 1336
1059 2634 0 1367
1059 375 0 1475
1060 2272 0 1028
1060 376 0 528
1061 2635 0 997
1062 1523 0 1277
1062 3417 0 1640
1062 3023 0 1773
1062 765 0 1559
1062 2273 0 891
1062 3819 0 1685
1062 1524 0 443
1063 1525 0 590
1063 1893 0 1382
1063 1894 0 400
1063 377 0 1250
1064 3418 0 876
1065 1526 0 905
1066 378 0 1344
1066 3820 0 1428
1067 3024 0 1510
1068 2636 0 1706
1068 379 0 895
1068 1895 0 1592
1068 2274 0 1651
1068 3821 0 1098
1069 767 0 290
1069 766 0 1707
1069 2275 0 547
1069 3025 0 1039
1070 3419 0 1687
1070 3420 0 322
1070 768 0 523
1070 1155 0 1887
1071 769 0 653
1071 770 0 342
1071 1896 0 1214
1071 3421 0 860
1071 3422 0 173
1073 3026 0 1411
1073 3823 0 348
1073 3822 0 1539
1073 771 0 1016
1073 772 0 431
1073 773 0 257
1074 3423 0 1160
1074 776 0 185
1074 775 0 28
1074 774 0 512
1074 1527 0 1825
1074 1528 0 274
1074 380 0 1656
1074 2637 0 1680
1075 2638 0 564
1076 2276 0 1724
1077 2639 0 959
1077 3424 0 1310
1079 1897 0 1771
1080 777 0 1659
