3 0 1301 1159
3 1 1301 451
3 2 1301 478
5 3 1301 1072
13 4 1301 1780
15 5 1301 983
17 6 1301 922
20 9 1301 88
20 8 1301 363
20 7 1301 1309
22 10 1301 1092
23 11 1301 809
24 12 1301 864
25 13 1301 692
28 14 1301 1233
38 15 1301 1843
47 16 1301 1811
49 17 1301 901
51 18 1301 1033
52 19 1301 691
57 20 1301 1509
57 21 1301 96
63 22 1301 1679
63 23 1301 210
63 24 1301 320
63 25 1301 230
70 26 1301 1709
71 28 1301 252
71 27 1301 613
84 29 1301 1893
87 30 1301 1188
93 31 1301 1619
93 32 1301 302
93 33 1301 346
97 34 1301 1386
102 35 1301 1561
106 36 1301 1409
113 37 1301 1724
117 38 1301 1348
121 39 1301 1368
128 40 1301 1701
128 41 1301 64
130 42 1301 947
134 43 1301 1449
134 44 1301 168
143 45 1301 1797
143 46 1301 251
146 47 1301 1212
152 48 1301 1679
161 49 1301 1796
170 50 1301 1796
174 51 1301 1459
181 52 1301 1731
182 53 1301 643
185 54 1301 1197
187 55 1301 1063
188 56 1301 696
188 57 1301 268
189 58 1301 752
194 59 1301 1549
197 60 1301 1198
197 61 1301 308
199 62 1301 1056
199 63 1301 394
200 64 1301 825
204 65 1301 1397
205 66 1301 507
206 67 1301 518
209 68 1301 1230
214 69 1301 1597
214 70 1301 434
214 71 1301 87
218 72 1301 1477
223 73 1301 1589
225 74 1301 914
229 75 1301 1445
231 79 1301 447
231 78 1301 41
231 76 1301 1073
231 77 1301 229
246 80 1301 1904
246 81 1301 497
247 82 1301 859
247 83 1301 381
247 84 1301 97
253 85 1301 1654
262 86 1301 1812
267 87 1301 1583
269 88 1301 1073
269 89 1301 323
270 90 1301 864
272 91 1301 1141
274 92 1301 972
281 93 1301 1723
281 94 1301 169
285 95 1301 1393
287 96 1301 932
288 97 1301 552
289 98 1301 624
290 99 1301 696
293 100 1301 1290
299 101 1301 1658
314 102 1301 1906
314 103 1301 81
318 104 1301 1362
325 105 1301 1708
340 106 1301 1906
340 107 1301 142
346 108 1301 1654
352 109 1301 1677
369 110 1301 1914
369 111 1301 466
369 112 1301 226
369 113 1301 305
374 114 1301 1570
375 115 1301 701
379 116 1301 1374
380 117 1301 675
380 118 1301 297
382 119 1301 1096
387 120 1301 1509
388 121 1301 849
392 122 1301 1369
394 123 1301 907
395 124 1301 733
398 125 1301 1217
400 126 1301 1040
406 127 1301 1678
410 128 1301 1419
414 129 1301 1446
415 130 1301 512
416 131 1301 520
421 132 1301 1530
424 133 1301 1269
426 134 1301 1082
426 135 1301 245
427 136 1301 515
428 137 1301 777
430 138 1301 944
430 139 1301 313
436 140 1301 1672
442 141 1301 1670
453 142 1301 1854
456 143 1301 1321
456 144 1301 333
456 145 1301 397
458 146 1301 914
459 147 1301 667
459 148 1301 153
463 150 1301 19
463 151 1301 256
463 149 1301 1393
463 152 1301 255
467 153 1301 1453
469 154 1301 1112
469 155 1301 440
469 156 1301 288
471 157 1301 999
474 158 1301 1273
474 159 1301 144
475 160 1301 668
475 161 1301 228
476 163 1301 207
476 162 1301 647
479 164 1301 1164
483 165 1301 1393
484 166 1301 861
486 167 1301 881
489 168 1301 1148
492 169 1301 1325
492 170 1301 185
493 171 1301 596
499 172 1301 1656
515 173 1301 1909
519 174 1301 1348
527 175 1301 1763
529 176 1301 919
529 177 1301 48
530 180 1301 302
530 181 1301 372
530 178 1301 573
530 179 1301 336
535 182 1301 1525
535 183 1301 26
539 184 1301 1427
539 185 1301 255
539 186 1301 265
539 187 1301 77
539 188 1301 157
540 189 1301 641
552 190 1301 1882
556 191 1301 1441
560 192 1301 1429
561 193 1301 799
566 194 1301 1569
570 195 1301 1443
572 196 1301 1022
578 197 1301 1646
578 198 1301 156
579 199 1301 864
583 201 1301 32
583 200 1301 1461
587 202 1301 1444
588 203 1301 753
591 204 1301 1207
595 205 1301 1347
596 206 1301 525
596 207 1301 270
596 208 1301 104
599 209 1301 1273
603 212 1301 425
603 210 1301 1445
603 211 1301 239
605 213 1301 937
613 214 1301 1767
613 215 1301 295
614 216 1301 628
615 217 1301 620
616 218 1301 705
618 219 1301 908
620 220 1301 1128
621 221 1301 783
622 222 1301 724
623 223 1301 506
627 224 1301 1368
628 225 1301 669
630 226 1301 1092
631 228 1301 339
631 227 1301 857
641 229 1301 1830
642 230 1301 741
645 231 1301 1198
654 232 1301 1817
660 233 1301 1634
661 234 1301 799
661 235 1301 269
662 236 1301 853
663 237 1301 772
664 239 1301 79
664 238 1301 744
670 240 1301 1655
689 241 1301 1920
703 242 1301 1898
704 243 1301 809
706 244 1301 1120
712 245 1301 1642
714 246 1301 1015
714 247 1301 491
716 248 1301 957
719 249 1301 1273
720 250 1301 815
720 251 1301 402
722 252 1301 940
725 253 1301 1172
731 254 1301 1661
732 255 1301 677
735 256 1301 1233
737 257 1301 937
740 258 1301 1309
741 259 1301 538
741 260 1301 255
746 261 1301 1592
757 262 1301 1855
757 263 1301 199
758 264 1301 532
758 265 1301 247
758 266 1301 347
759 268 1301 137
759 267 1301 716
764 269 1301 1497
768 270 1301 1367
776 271 1301 1781
785 272 1301 1801
786 273 1301 626
789 274 1301 1178
791 275 1301 1133
792 276 1301 810
802 277 1301 1840
805 278 1301 1311
811 279 1301 1650
816 280 1301 1578
817 281 1301 600
826 282 1301 1825
828 283 1301 991
830 284 1301 1014
830 285 1301 339
830 286 1301 257
831 287 1301 644
845 288 1301 1898
845 289 1301 122
847 290 1301 960
857 291 1301 1841
861 292 1301 1387
861 293 1301 206
868 295 1301 62
868 296 1301 64
868 294 1301 1749
875 297 1301 1699
875 298 1301 277
877 299 1301 873
880 300 1301 1294
880 301 1301 299
880 302 1301 354
884 303 1301 1384
894 304 1301 1831
896 305 1301 959
897 306 1301 525
