0 320 53 125
0 319 53 1321
1 322 53 295
1 321 53 826
1 0 53 835
3 1 53 877
5 323 53 1384
6 2 53 1276
6 324 53 615
7 3 53 675
9 4 53 1062
10 5 53 524
11 325 53 1578
12 6 53 1126
12 327 53 345
12 326 53 824
15 7 53 1295
19 328 53 1704
20 329 53 813
21 8 53 1633
22 331 53 293
22 330 53 961
23 9 53 1059
25 10 53 1028
26 332 53 1421
28 334 53 478
28 333 53 937
29 11 53 1431
30 335 53 1131
33 337 53 443
33 336 53 1180
35 340 53 231
35 339 53 133
35 338 53 1006
39 341 53 1476
39 343 53 226
39 12 53 1832
39 342 53 429
46 344 53 1699
48 13 53 1825
50 14 53 882
51 15 53 784
52 345 53 1627
58 346 53 1657
58 347 53 98
59 16 53 1787
63 348 53 1574
64 350 53 325
64 349 53 718
64 17 53 1604
66 351 53 960
66 18 53 960
67 19 53 698
71 20 53 1459
73 21 53 1077
75 352 53 1825
78 22 53 1570
78 353 53 1183
80 23 53 886
81 24 53 704
83 25 53 886
85 354 53 1703
88 26 53 1507
88 355 53 1198
88 356 53 179
89 357 53 678
92 27 53 1359
92 28 53 412
98 358 53 1818
100 359 53 871
101 360 53 863
101 361 53 344
101 362 53 430
104 363 53 1151
105 364 53 733
106 365 53 845
107 366 53 656
109 367 53 985
110 368 53 826
111 29 53 1919
111 369 53 609
112 372 53 243
112 371 53 225
112 370 53 663
116 30 53 1591
121 31 53 1566
122 373 53 1846
124 374 53 1090
125 376 53 396
125 377 53 69
125 375 53 574
131 378 53 1610
131 32 53 1839
133 33 53 1125
133 379 53 913
134 36 53 421
134 35 53 297
134 34 53 698
135 37 53 696
136 39 53 261
136 38 53 564
140 40 53 1416
143 380 53 1845
143 41 53 1304
144 381 53 726
144 42 53 722
145 382 53 696
147 383 53 985
147 385 53 1
147 386 53 392
147 387 53 238
147 384 53 487
150 388 53 1159
151 43 53 1733
153 389 53 1204
155 390 53 952
155 44 53 1485
156 391 53 501
157 393 53 135
157 392 53 549
158 45 53 1217
160 394 53 1195
167 46 53 1812
169 395 53 1811
170 47 53 1266
171 396 53 1046
172 48 53 927
173 49 53 618
174 397 53 1203
178 50 53 1532
178 398 53 1417
179 399 53 853
179 51 53 864
181 400 53 970
182 401 53 671
185 402 53 1197
186 53 53 298
186 52 53 1690
187 54 53 863
187 405 53 99
187 404 53 55
187 403 53 965
188 406 53 716
193 55 53 1682
196 57 53 390
196 56 53 1232
203 407 53 1904
203 408 53 92
205 409 53 1128
206 411 53 110
206 410 53 801
208 412 53 993
209 59 53 175
209 58 53 1895
210 413 53 905
211 60 53 941
212 415 53 136
212 414 53 950
217 416 53 1572
218 61 53 1692
220 62 53 883
221 417 53 1369
222 418 53 663
223 419 53 732
223 420 53 452
223 421 53 418
226 63 53 1639
230 64 53 1392
231 422 53 1751
234 65 53 1386
236 423 53 1546
239 66 53 1517
240 67 53 707
241 424 53 1581
241 425 53 161
242 68 53 1126
243 69 53 584
243 70 53 362
245 71 53 1090
246 427 53 107
246 426 53 1601
247 72 53 1039
247 428 53 651
248 73 53 699
250 429 53 1203
251 74 53 1207
251 75 53 154
251 76 53 355
254 430 53 1452
256 431 53 1118
257 432 53 577
258 433 53 756
259 77 53 1761
262 78 53 1326
266 79 53 1412
268 81 53 241
268 80 53 999
268 82 53 432
269 434 53 1867
272 435 53 1173
275 83 53 1719
275 84 53 386
276 436 53 1454
276 85 53 727
282 437 53 1656
284 438 53 929
284 439 53 387
285 86 53 1801
287 441 53 413
287 442 53 146
287 443 53 30
287 444 53 403
287 440 53 1209
288 445 53 842
290 87 53 1540
290 88 53 261
292 446 53 1432
292 89 53 941
294 91 53 30
294 90 53 990
295 93 53 388
295 92 53 726
297 447 53 1568
298 94 53 1244
299 448 53 1110
301 449 53 1058
301 450 53 238
304 96 53 421
304 95 53 1649
306 97 53 1008
306 98 53 341
306 99 53 98
306 451 53 1601
307 452 53 539
308 454 53 400
308 453 53 684
309 455 53 552
310 456 53 845
312 100 53 1625
314 101 53 1105
314 102 53 139
314 103 53 343
314 105 53 441
314 104 53 255
315 457 53 1576
318 458 53 1308
321 106 53 1750
323 107 53 990
325 108 53 1016
326 109 53 709
327 460 53 423
327 459 53 1818
328 461 53 609
329 110 53 1327
331 462 53 1253
332 463 53 813
333 111 53 1395
335 113 53 482
335 112 53 989
337 464 53 1601
337 114 53 1101
338 115 53 699
341 116 53 1259
343 117 53 1088
343 465 53 1608
346 118 53 1252
347 119 53 665
347 466 53 1457
347 467 53 237
349 468 53 963
352 120 53 1509
356 469 53 1702
357 470 53 607
366 122 53 446
366 121 53 1901
366 123 53 185
367 472 53 439
367 471 53 1841
367 473 53 276
371 125 53 331
371 126 53 364
371 475 53 39
371 476 53 272
371 124 53 1518
371 474 53 1448
372 127 53 650
376 128 53 1380
378 477 53 1720
380 129 53 1482
381 478 53 1142
382 479 53 739
383 480 53 654
383 481 53 33
385 482 53 922
386 130 53 1657
389 131 53 1271
390 483 53 1517
392 484 53 964
393 132 53 1420
396 133 53 1227
400 485 53 1775
401 486 53 578
403 134 53 1712
410 487 53 1817
410 488 53 355
412 137 53 89
412 136 53 102
412 135 53 1819
413 490 53 328
413 489 53 1314
416 138 53 1463
422 491 53 1803
422 492 53 348
424 493 53 1036
427 139 53 1869
429 140 53 901
430 141 53 811
431 142 53 524
435 143 53 1476
437 494 53 1889
438 495 53 600
440 144 53 1538
440 496 53 1085
443 498 53 354
443 497 53 1257
444 499 53 719
445 145 53 1520
447 147 53 243
447 500 53 1309
447 146 53 966
450 148 53 1212
450 501 53 1195
451 150 53 389
451 502 53 604
451 149 53 544
454 503 53 1332
454 504 53 451
454 505 53 322
454 151 53 1257
457 506 53 1162
457 507 53 263
460 152 53 1680
460 508 53 1161
460 509 53 361
460 510 53 280
462 511 53 1049
462 512 53 433
463 513 53 568
465 153 53 1601
466 154 53 514
466 514 53 1164
466 515 53 390
472 516 53 1611
472 155 53 1649
473 156 53 658
478 517 53 1660
485 157 53 1878
486 158 53 749
486 518 53 1773
493 519 53 1750
495 520 53 1029
496 160 53 77
496 159 53 1848
498 161 53 1099
500 521 53 1565
503 162 53 1535
507 163 53 1458
509 522 53 1806
509 165 53 55
509 164 53 976
514 523 53 1573
518 524 53 1374
519 525 53 729
523 526 53 1493
523 166 53 1900
526 527 53 1328
526 528 53 311
527 529 53 847
529 167 53 1687
529 530 53 879
530 168 53 695
531 531 53 939
533 169 53 1207
534 170 53 597
535 533 53 422
535 532 53 1365
537 171 53 1170
539 534 53 1354
542 172 53 1550
543 535 53 1384
545 173 53 1307
547 536 53 1353
551 174 53 1688
552 175 53 698
552 537 53 1514
554 538 53 1066
555 539 53 642
556 540 53 613
556 176 53 1376
556 541 53 315
557 542 53 656
558 177 53 894
559 178 53 572
576 543 53 1918
578 544 53 1034
581 545 53 1203
581 179 53 1923
584 181 53 120
584 180 53 1290
585 546 53 1369
588 182 53 1363
589 183 53 835
591 184 53 1093
591 185 53 400
592 547 53 1704
596 186 53 1515
601 548 53 1796
603 187 53 1744
604 189 53 63
604 188 53 713
606 549 53 1498
607 191 53 148
607 190 53 1160
608 550 53 913
610 192 53 1264
612 551 53 1349
615 193 53 1540
616 552 53 1408
617 553 53 529
623 194 53 1791
623 554 53 1615
629 555 53 1669
630 195 53 1726
632 556 53 1313
633 196 53 1201
634 557 53 956
635 197 53 990
636 198 53 500
640 199 53 1482
645 200 53 1544
646 558 53 1883
648 201 53 1204
652 203 53 4
652 202 53 1473
652 559 53 1647
653 560 53 754
661 561 53 1758
663 204 53 1872
666 205 53 1143
672 207 53 372
672 206 53 1632
673 562 53 1876
673 563 53 313
677 564 53 1407
680 565 53 1265
682 208 53 1837
686 567 53 10
686 566 53 1609
688 568 53 1138
689 209 53 1740
689 210 53 272
695 569 53 1705
696 211 53 1689
697 570 53 962
697 571 53 96
698 572 53 594
699 212 53 1306
700 213 53 751
700 573 53 1131
701 214 53 558
702 574 53 1136
703 575 53 713
705 576 53 908
713 215 53 1882
714 577 53 1812
715 579 53 171
715 578 53 538
718 580 53 1284
719 216 53 1661
720 218 53 365
720 217 53 699
721 219 53 576
721 221 53 156
721 220 53 465
723 222 53 974
724 225 53 449
724 224 53 47
724 223 53 632
725 581 53 1714
729 582 53 1457
730 583 53 737
734 227 53 10
734 226 53 1831
738 228 53 1441
741 584 53 1859
745 585 53 1454
749 586 53 1456
750 587 53 836
751 588 53 732
751 229 53 1886
755 230 53 1422
755 231 53 385
755 232 53 393
757 589 53 1610
757 234 53 378
757 235 53 86
757 233 53 1014
757 591 53 396
757 590 53 70
758 236 53 572
762 237 53 1359
762 592 53 1555
764 238 53 888
765 593 53 1344
774 594 53 1813
775 595 53 780
775 596 53 364
775 597 53 342
776 598 53 511
776 239 53 1874
777 240 53 692
780 241 53 1142
783 599 53 1694
788 600 53 1518
790 242 53 1831
792 601 53 1359
792 243 53 897
793 603 53 91
793 602 53 565
794 604 53 536
795 605 53 817
796 606 53 755
796 607 53 277
799 608 53 1318
799 244 53 1715
801 609 53 901
802 610 53 760
803 245 53 1395
804 246 53 767
805 247 53 512
806 611 53 1425
806 612 53 417
807 248 53 981
813 613 53 1712
817 249 53 1834
817 250 53 65
818 251 53 501
819 252 53 625
829 253 53 1848
831 254 53 1017
835 255 53 1388
835 256 53 229
836 257 53 840
848 258 53 1881
852 259 53 1422
855 260 53 1237
861 261 53 1622
862 262 53 856
874 263 53 1875
874 264 53 317
883 265 53 1811
886 269 53 472
886 267 53 292
886 266 53 1296
886 268 53 373
889 270 53 1310
889 271 53 302
896 272 53 1736
896 273 53 416
905 274 53 1808
908 275 53 1247
908 276 53 249
908 277 53 76
909 278 53 841
910 279 53 577
916 280 53 1606
919 281 53 1318
921 282 53 953
926 283 53 1531
935 284 53 1821
937 285 53 921
943 286 53 1685
943 287 53 469
964 288 53 1921
966 289 53 914
974 290 53 1781
980 291 53 1656
984 292 53 1402
988 293 53 1390
989 294 53 637
991 296 53 285
991 295 53 995
1003 297 53 1880
1004 298 53 579
1013 300 53 99
1013 301 53 475
1013 302 53 138
1013 299 53 1829
1014 303 53 509
1015 304 53 524
1021 305 53 1687
1022 306 53 690
1022 307 53 209
1022 308 53 40
1029 309 53 1695
1031 310 53 1139
1031 311 53 153
1055 312 53 1923
1058 313 53 1304
1065 314 53 1741
1075 315 53 1843
1076 316 53 669
1079 318 53 54
1079 317 53 1250
