1 0 859 616
2 1 859 604
3 2 859 719
5 3 859 1061
12 4 859 1740
14 5 859 1110
14 6 859 312
16 7 859 930
17 9 859 354
17 8 859 845
22 10 859 1593
24 11 859 1139
24 12 859 268
25 13 859 542
28 14 859 1320
30 15 859 1070
33 16 859 1207
34 17 859 792
38 19 859 424
38 18 859 1486
42 20 859 1489
43 21 859 724
44 22 859 576
45 23 859 840
45 24 859 313
46 25 859 704
54 26 859 1774
55 28 859 83
55 27 859 544
63 29 859 1755
65 30 859 1064
71 31 859 1678
86 32 859 1907
90 33 859 1424
98 35 859 109
98 34 859 1753
109 36 859 1857
110 37 859 611
112 38 859 1014
112 39 859 276
113 40 859 519
116 41 859 1210
118 42 859 960
120 43 859 938
131 44 859 1864
131 45 859 365
133 46 859 1093
137 47 859 1437
139 48 859 923
141 49 859 1044
141 50 859 190
146 51 859 1523
149 52 859 1252
151 53 859 947
157 54 859 1610
166 56 859 27
166 55 859 1817
175 57 859 1803
176 58 859 747
178 59 859 1035
181 60 859 1260
188 61 859 1692
189 62 859 847
191 63 859 1015
194 64 859 1215
204 65 859 1839
207 66 859 1157
208 67 859 768
209 68 859 713
212 69 859 1211
214 70 859 1138
215 71 859 596
222 72 859 1702
225 73 859 1210
235 74 859 1829
235 75 859 278
242 76 859 1689
247 77 859 1563
249 78 859 901
261 79 859 1872
266 80 859 1536
266 81 859 336
271 82 859 1545
273 83 859 963
278 84 859 1565
282 86 859 426
282 85 859 1465
284 87 859 959
291 88 859 1739
302 89 859 1861
302 90 859 81
302 91 859 53
310 92 859 1788
325 93 859 1903
327 94 859 940
328 96 859 363
328 95 859 751
339 97 859 1870
345 98 859 1647
345 99 859 24
347 100 859 1133
347 101 859 325
348 102 859 724
354 103 859 1637
364 104 859 1830
369 105 859 1519
376 106 859 1746
376 107 859 42
378 108 859 1043
381 109 859 1331
381 110 859 127
381 111 859 389
383 112 859 902
384 113 859 800
388 114 859 1424
390 115 859 923
390 116 859 146
399 117 859 1808
403 118 859 1375
409 119 859 1675
413 120 859 1413
413 121 859 197
415 122 859 953
416 123 859 776
418 124 859 1130
420 125 859 1085
421 126 859 733
428 127 859 1723
428 128 859 269
430 129 859 1078
440 130 859 1839
447 131 859 1744
457 132 859 1841
459 133 859 876
460 134 859 739
463 135 859 1210
468 136 859 1537
478 137 859 1833
480 138 859 1058
480 139 859 45
486 140 859 1643
486 141 859 383
496 143 859 408
496 142 859 1841
503 144 859 1734
509 145 859 1617
511 146 859 1075
513 147 859 988
513 148 859 478
513 149 859 16
514 151 859 480
514 150 859 604
514 152 859 494
528 153 859 1896
529 154 859 536
531 155 859 936
534 156 859 1296
546 157 859 1872
547 158 859 506
548 159 859 745
549 160 859 785
549 161 859 22
556 162 859 1697
569 163 859 1889
573 164 859 1416
573 165 859 307
573 166 859 473
573 167 859 26
573 168 859 60
573 169 859 213
576 171 859 237
576 170 859 1311
577 172 859 750
580 173 859 1329
580 174 859 31
582 175 859 1029
582 176 859 280
583 177 859 545
585 178 859 966
589 180 859 9
589 179 859 1438
595 181 859 1669
598 182 859 1245
598 183 859 252
598 184 859 473
602 185 859 1359
605 186 859 1249
616 188 859 339
616 187 859 1869
623 189 859 1727
633 190 859 1839
638 191 859 1589
641 192 859 1327
641 193 859 312
644 194 859 1184
650 195 859 1621
651 196 859 611
663 197 859 1876
665 198 859 916
669 199 859 1426
672 200 859 1143
674 201 859 1049
676 202 859 927
676 203 859 265
677 204 859 630
677 205 859 367
683 206 859 1655
685 207 859 1090
696 208 859 1865
700 209 859 1432
701 210 859 655
702 211 859 751
704 212 859 906
706 213 859 993
707 214 859 736
709 215 859 1040
710 216 859 702
714 217 859 1445
718 219 859 56
718 218 859 1416
720 220 859 983
721 221 859 528
727 222 859 1611
727 223 859 258
727 224 859 299
733 225 859 1646
734 231 859 329
734 229 859 334
734 230 859 418
734 227 859 437
734 228 859 144
734 226 859 835
739 232 859 1553
743 233 859 1465
743 234 859 294
745 235 859 885
746 236 859 742
748 237 859 979
753 238 859 1547
753 239 859 106
759 240 859 1629
759 241 859 158
759 242 859 4
760 243 859 832
762 244 859 1072
764 245 859 1087
765 247 859 333
765 246 859 683
770 248 859 1501
770 249 859 143
772 250 859 919
774 251 859 1090
774 252 859 459
775 253 859 859
775 254 859 443
776 255 859 615
780 256 859 1362
781 257 859 669
794 258 859 1890
796 259 859 908
800 260 859 1456
803 261 859 1217
805 262 859 946
810 263 859 1530
812 265 859 326
812 264 859 1014
814 266 859 1123
818 267 859 1365
819 268 859 699
827 269 859 1775
827 270 859 298
833 271 859 1647
842 272 859 1823
845 273 859 1310
845 274 859 352
846 275 859 824
847 276 859 524
848 277 859 779
850 278 859 1110
852 279 859 1137
854 280 859 963
855 281 859 501
856 282 859 860
856 283 859 0
859 284 859 1340
862 285 859 1252
870 286 859 1794
871 287 859 693
873 288 859 1021
878 289 859 1603
882 290 859 1447
882 291 859 73
884 292 859 1014
885 293 859 638
886 294 859 574
886 295 859 411
888 297 859 398
888 296 859 1137
895 298 859 1743
896 299 859 746
909 300 859 1889
912 301 859 1242
917 302 859 1559
923 303 859 1650
931 304 859 1770
934 305 859 1197
937 306 859 1192
