1 0 1923 618
2 1 1923 674
6 2 1923 1483
7 3 1923 749
8 4 1923 733
10 5 1923 922
10 6 1923 433
15 7 1923 1523
24 8 1923 1816
32 9 1923 1778
32 10 1923 166
33 11 1923 720
37 12 1923 1426
39 13 1923 1044
39 14 1923 218
43 15 1923 1368
49 16 1923 1661
52 17 1923 1314
53 18 1923 563
54 19 1923 696
56 20 1923 984
59 21 1923 1185
62 22 1923 1158
62 23 1923 333
62 24 1923 289
65 25 1923 1312
68 26 1923 1249
69 27 1923 713
69 28 1923 400
69 29 1923 181
78 30 1923 1814
79 31 1923 831
83 32 1923 1387
87 33 1923 1492
88 34 1923 833
88 35 1923 49
91 37 1923 169
91 36 1923 1199
93 38 1923 1130
93 39 1923 245
96 40 1923 1222
96 41 1923 246
96 42 1923 18
96 43 1923 445
99 44 1923 1312
100 45 1923 741
102 47 1923 434
102 46 1923 884
103 48 1923 645
119 49 1923 1912
124 50 1923 1498
130 51 1923 1671
135 52 1923 1592
138 53 1923 1254
141 54 1923 1305
145 55 1923 1358
149 56 1923 1440
152 57 1923 1149
152 58 1923 459
156 59 1923 1346
161 60 1923 1598
167 61 1923 1644
169 62 1923 1123
175 63 1923 1634
188 64 1923 1888
191 65 1923 1260
194 66 1923 1257
205 67 1923 1858
205 68 1923 211
205 69 1923 169
205 70 1923 169
209 71 1923 1492
209 72 1923 183
209 73 1923 317
213 74 1923 1399
214 75 1923 737
217 76 1923 1166
218 77 1923 713
220 78 1923 946
224 79 1923 1472
224 80 1923 428
225 81 1923 814
225 82 1923 68
225 83 1923 412
226 85 1923 143
226 84 1923 608
229 86 1923 1164
229 87 1923 133
229 88 1923 187
233 89 1923 1400
234 90 1923 533
234 91 1923 49
240 92 1923 1634
247 93 1923 1709
248 94 1923 572
253 95 1923 1502
255 96 1923 1048
255 97 1923 309
255 98 1923 481
255 99 1923 51
259 100 1923 1408
261 101 1923 950
261 102 1923 223
261 103 1923 475
268 105 1923 6
268 104 1923 1743
272 106 1923 1488
275 107 1923 1275
283 108 1923 1780
284 109 1923 567
284 110 1923 191
285 111 1923 727
285 112 1923 203
287 113 1923 912
289 114 1923 918
290 115 1923 784
295 116 1923 1576
296 117 1923 710
298 118 1923 1026
305 119 1923 1745
305 120 1923 96
307 121 1923 1124
313 122 1923 1671
314 123 1923 736
319 125 1923 119
319 124 1923 1561
327 126 1923 1783
327 127 1923 399
333 128 1923 1670
342 129 1923 1821
348 130 1923 1614
349 131 1923 857
349 132 1923 231
351 134 1923 64
351 133 1923 894
355 135 1923 1402
356 136 1923 590
361 137 1923 1517
362 138 1923 594
363 139 1923 601
364 140 1923 579
373 141 1923 1813
373 142 1923 278
378 143 1923 1544
381 144 1923 1208
388 145 1923 1731
396 146 1923 1771
397 147 1923 722
398 148 1923 790
405 149 1923 1713
415 150 1923 1850
415 151 1923 337
418 152 1923 1208
419 153 1923 661
431 154 1923 1880
431 155 1923 284
434 156 1923 1204
438 157 1923 1412
439 158 1923 839
445 159 1923 1623
445 160 1923 148
447 161 1923 1088
452 162 1923 1530
464 163 1923 1883
466 164 1923 878
469 165 1923 1259
469 166 1923 495
472 167 1923 1233
473 168 1923 847
477 173 1923 424
477 171 1923 59
477 172 1923 115
477 169 1923 1440
477 170 1923 193
480 174 1923 1165
480 175 1923 207
481 176 1923 846
481 177 1923 126
485 178 1923 1452
493 180 1923 273
493 179 1923 1754
495 181 1923 1060
500 182 1923 1533
512 183 1923 1881
525 184 1923 1895
528 185 1923 1276
533 186 1923 1573
537 187 1923 1495
539 188 1923 938
546 189 1923 1704
546 190 1923 198
548 191 1923 1102
549 192 1923 677
551 193 1923 895
551 194 1923 452
555 195 1923 1415
555 196 1923 283
555 197 1923 319
556 198 1923 666
568 199 1923 1874
571 200 1923 1235
572 201 1923 537
581 202 1923 1799
584 203 1923 1275
589 204 1923 1519
597 205 1923 1791
597 206 1923 222
598 207 1923 783
602 208 1923 1420
608 209 1923 1673
612 210 1923 1362
614 211 1923 1078
626 212 1923 1885
628 213 1923 1009
632 214 1923 1350
634 215 1923 1012
638 216 1923 1480
643 217 1923 1573
659 218 1923 1912
664 219 1923 1526
670 220 1923 1610
672 221 1923 925
672 222 1923 294
674 223 1923 1068
677 224 1923 1242
679 225 1923 1015
682 226 1923 1306
685 227 1923 1144
699 228 1923 1897
705 229 1923 1674
715 230 1923 1848
716 231 1923 526
720 232 1923 1384
725 233 1923 1503
726 234 1923 518
732 235 1923 1660
735 238 1923 362
735 239 1923 104
735 236 1923 1186
735 237 1923 258
737 240 1923 1054
738 241 1923 790
738 242 1923 74
741 243 1923 1190
741 244 1923 342
743 245 1923 1044
746 246 1923 1142
751 247 1923 1592
755 248 1923 1470
759 249 1923 1364
770 250 1923 1860
771 251 1923 635
771 252 1923 332
773 253 1923 1065
773 254 1923 263
773 255 1923 310
773 256 1923 243
774 258 1923 32
774 257 1923 731
775 259 1923 503
775 260 1923 485
777 261 1923 1002
778 262 1923 811
784 263 1923 1670
791 264 1923 1749
792 265 1923 835
798 267 1923 382
798 268 1923 491
798 266 1923 1619
804 269 1923 1615
812 270 1923 1751
815 271 1923 1222
818 272 1923 1211
827 273 1923 1808
827 274 1923 472
828 275 1923 820
829 276 1923 850
831 277 1923 1028
832 278 1923 725
832 279 1923 198
841 280 1923 1798
847 281 1923 1638
852 282 1923 1599
853 283 1923 532
860 284 1923 1739
863 287 1923 318
863 286 1923 194
863 285 1923 1213
866 288 1923 1239
866 289 1923 208
870 290 1923 1416
870 291 1923 455
870 292 1923 225
878 293 1923 1783
883 295 1923 51
883 294 1923 1544
897 296 1923 1903
897 297 1923 328
901 298 1923 1366
905 299 1923 1432
909 300 1923 1350
910 301 1923 760
912 302 1923 1101
920 303 1923 1780
925 304 1923 1538
926 305 1923 638
930 306 1923 1348
