4 0 529 1488
5 1 529 828
6 2 529 678
7 3 529 637
17 4 529 1842
17 5 529 368
19 6 529 993
25 7 529 1642
26 8 529 819
30 9 529 1448
32 10 529 926
36 11 529 1410
42 12 529 1654
42 13 529 366
42 14 529 9
44 15 529 967
46 16 529 1090
47 17 529 754
50 18 529 1170
51 19 529 781
54 20 529 1188
58 21 529 1454
65 22 529 1727
65 23 529 48
66 24 529 771
71 26 529 37
71 25 529 1520
73 27 529 1012
77 28 529 1355
79 29 529 992
84 30 529 1606
84 31 529 242
84 32 529 319
92 33 529 1766
95 34 529 1178
107 36 529 274
107 37 529 61
107 35 529 1880
110 38 529 1187
110 39 529 284
110 40 529 280
110 41 529 402
112 42 529 1132
114 43 529 1066
114 44 529 371
115 45 529 540
116 47 529 452
116 46 529 537
124 48 529 1785
130 49 529 1649
130 50 529 274
131 51 529 715
149 52 529 1917
154 53 529 1523
156 54 529 928
156 55 529 33
158 56 529 1025
159 57 529 629
167 58 529 1790
167 59 529 321
167 60 529 330
182 61 529 1906
182 62 529 286
190 63 529 1751
198 64 529 1766
199 65 529 684
201 66 529 1091
210 67 529 1812
212 68 529 1112
212 69 529 54
213 70 529 693
215 71 529 1029
219 72 529 1491
221 73 529 885
222 74 529 500
223 76 529 321
223 75 529 786
224 77 529 660
229 78 529 1602
229 79 529 231
231 80 529 983
236 81 529 1510
239 82 529 1152
245 83 529 1631
246 84 529 718
248 86 529 249
248 85 529 890
249 87 529 720
250 88 529 838
253 89 529 1145
254 90 529 854
259 91 529 1569
259 92 529 195
260 93 529 866
272 96 529 116
272 95 529 299
272 94 529 1878
275 97 529 1306
278 98 529 1225
284 99 529 1612
288 100 529 1373
289 101 529 650
292 102 529 1264
299 103 529 1731
301 104 529 955
304 105 529 1170
307 106 529 1148
309 107 529 1031
311 108 529 1023
311 109 529 142
317 110 529 1636
317 111 529 365
319 112 529 952
324 113 529 1558
327 114 529 1263
328 115 529 745
329 116 529 753
330 117 529 580
332 118 529 1033
334 119 529 875
334 120 529 434
334 121 529 371
336 122 529 974
349 123 529 1892
351 124 529 1124
353 125 529 1049
354 126 529 833
355 127 529 625
357 128 529 932
357 129 529 200
358 130 529 669
360 131 529 940
364 132 529 1360
381 133 529 1914
382 134 529 782
382 135 529 333
382 136 529 245
386 137 529 1346
387 138 529 675
391 139 529 1472
397 140 529 1667
400 141 529 1142
406 142 529 1621
407 143 529 695
411 144 529 1433
411 145 529 488
412 146 529 616
413 147 529 562
418 148 529 1528
420 149 529 1133
424 150 529 1470
428 152 529 273
428 153 529 349
428 151 529 1461
431 154 529 1178
433 155 529 1002
438 156 529 1600
441 157 529 1296
442 158 529 606
452 159 529 1831
452 160 529 336
453 162 529 99
453 161 529 522
454 163 529 822
458 164 529 1397
459 165 529 696
461 166 529 930
463 167 529 962
464 168 529 775
466 169 529 930
467 170 529 499
470 171 529 1332
480 172 529 1829
484 173 529 1485
486 174 529 1133
489 175 529 1216
490 176 529 674
490 177 529 278
490 178 529 459
491 180 529 432
491 181 529 271
491 179 529 635
493 182 529 1022
500 183 529 1724
501 184 529 655
503 185 529 1133
504 186 529 667
506 187 529 1010
507 188 529 736
514 189 529 1705
515 190 529 657
517 191 529 873
518 192 529 739
519 193 529 769
521 194 529 1135
524 195 529 1144
526 196 529 1043
527 197 529 799
530 198 529 1223
531 199 529 737
535 200 529 1483
540 201 529 1578
547 202 529 1711
548 203 529 597
549 204 529 633
549 205 529 138
554 206 529 1556
555 207 529 712
557 208 529 1141
570 210 529 328
570 209 529 1886
573 211 529 1321
574 212 529 837
587 213 529 1896
591 214 529 1398
591 215 529 65
595 219 529 263
595 220 529 28
595 218 529 166
595 217 529 300
595 216 529 1425
605 221 529 1845
605 222 529 226
607 223 529 995
607 224 529 272
612 225 529 1550
613 226 529 592
615 228 529 349
615 227 529 1060
632 230 529 173
632 229 529 1913
641 231 529 1799
643 232 529 980
649 233 529 1647
651 234 529 1077
652 235 529 778
652 236 529 485
652 237 529 424
654 238 529 1090
655 239 529 517
660 240 529 1501
672 241 529 1879
680 242 529 1794
681 243 529 774
685 244 529 1376
688 245 529 1260
688 246 529 36
689 247 529 768
692 248 529 1295
694 249 529 1070
700 250 529 1644
701 251 529 742
702 252 529 632
704 253 529 959
705 254 529 708
710 255 529 1562
714 256 529 1352
715 258 529 324
715 257 529 715
717 259 529 1007
721 260 529 1470
721 261 529 496
721 262 529 363
724 263 529 1152
731 264 529 1713
731 265 529 453
731 266 529 341
733 267 529 1115
734 268 529 818
735 269 529 620
740 270 529 1505
742 271 529 1000
744 272 529 1134
749 273 529 1574
750 274 529 686
750 275 529 74
750 276 529 50
754 277 529 1377
759 278 529 1543
761 279 529 937
766 280 529 1514
773 281 529 1749
780 282 529 1689
783 283 529 1204
783 284 529 269
787 285 529 1355
790 287 529 20
790 286 529 1166
792 288 529 938
796 289 529 1439
800 290 529 1351
807 291 529 1694
807 292 529 99
807 293 529 83
809 294 529 971
811 295 529 1005
816 296 529 1515
817 297 529 642
819 298 529 985
821 299 529 922
823 300 529 918
824 301 529 846
836 302 529 1875
837 303 529 675
841 304 529 1489
842 305 529 643
847 306 529 1533
