6 0 886 1683
6 1 886 201
6 2 886 434
8 3 886 1122
8 4 886 238
11 7 886 120
11 8 886 489
11 5 886 1251
11 6 886 425
13 9 886 992
15 10 886 873
16 11 886 549
17 12 886 865
21 13 886 1412
23 14 886 1125
30 15 886 1749
31 16 886 739
33 18 886 85
33 17 886 1061
34 19 886 806
34 20 886 35
41 21 886 1746
41 22 886 467
47 23 886 1647
51 24 886 1480
54 25 886 1146
55 26 886 636
56 27 886 778
56 28 886 48
60 29 886 1470
67 30 886 1740
67 31 886 485
74 32 886 1714
82 33 886 1768
83 35 886 180
83 34 886 620
90 36 886 1727
91 37 886 669
93 38 886 1108
98 39 886 1598
99 40 886 676
102 41 886 1322
103 42 886 750
108 43 886 1551
112 44 886 1440
114 45 886 1116
116 46 886 1074
118 47 886 930
118 48 886 137
122 49 886 1452
124 50 886 1077
136 51 886 1876
141 52 886 1555
141 53 886 129
141 54 886 475
152 55 886 1861
158 56 886 1659
159 57 886 712
164 58 886 1566
166 59 886 1017
167 60 886 614
172 61 886 1571
172 62 886 71
174 63 886 943
177 64 886 1177
177 65 886 388
178 66 886 760
180 67 886 1021
181 68 886 791
183 69 886 945
183 70 886 22
183 71 886 70
195 72 886 1878
195 73 886 412
195 74 886 129
196 75 886 638
198 76 886 996
199 77 886 840
199 78 886 206
199 79 886 363
199 80 886 71
205 81 886 1631
206 82 886 641
207 83 886 521
207 84 886 393
215 85 886 1789
216 86 886 854
221 87 886 1584
224 88 886 1292
225 89 886 684
225 90 886 446
227 91 886 1014
229 92 886 1027
229 93 886 91
231 94 886 984
233 95 886 1030
236 96 886 1250
243 97 886 1731
243 98 886 374
245 99 886 1052
245 100 886 356
245 101 886 52
245 102 886 138
247 103 886 1116
251 104 886 1430
253 105 886 1007
275 106 886 1922
278 107 886 1143
278 108 886 0
286 109 886 1761
287 110 886 865
288 111 886 818
289 112 886 506
292 113 886 1203
294 114 886 945
296 115 886 907
298 116 886 930
302 117 886 1475
303 118 886 549
306 119 886 1312
310 120 886 1458
312 121 886 1100
318 122 886 1654
318 123 886 107
319 124 886 499
321 125 886 932
323 126 886 967
331 127 886 1786
335 128 886 1353
337 129 886 1024
340 130 886 1313
343 131 886 1189
343 132 886 466
345 135 886 18
345 133 886 1079
345 134 886 7
349 136 886 1493
353 137 886 1449
355 138 886 1016
358 139 886 1311
366 140 886 1791
372 141 886 1636
377 142 886 1584
381 143 886 1455
388 144 886 1744
393 145 886 1552
394 146 886 508
401 147 886 1749
403 148 886 1071
403 149 886 76
403 150 886 99
410 151 886 1699
413 152 886 1181
415 153 886 986
420 154 886 1518
423 155 886 1181
423 156 886 323
423 157 886 31
424 158 886 617
424 159 886 497
424 160 886 39
424 161 886 136
431 162 886 1715
433 163 886 900
433 164 886 448
438 165 886 1600
438 166 886 352
442 167 886 1352
445 168 886 1195
447 169 886 926
450 170 886 1339
454 172 886 459
454 171 886 1406
457 173 886 1163
461 174 886 1446
468 175 886 1747
472 176 886 1440
472 177 886 199
472 178 886 288
474 180 886 424
474 179 886 871
477 181 886 1142
478 182 886 715
481 183 886 1276
483 184 886 925
488 185 886 1539
488 186 886 8
492 187 886 1404
496 188 886 1485
497 189 886 751
503 190 886 1620
507 191 886 1461
508 192 886 831
509 193 886 518
512 194 886 1271
518 195 886 1655
528 196 886 1845
529 197 886 684
531 198 886 1007
531 199 886 143
534 200 886 1200
536 201 886 1081
537 202 886 553
537 203 886 144
538 204 886 661
539 205 886 618
542 206 886 1240
542 207 886 18
546 208 886 1465
553 209 886 1695
559 211 886 123
559 210 886 1665
565 212 886 1668
571 213 886 1670
571 214 886 72
572 215 886 822
576 216 886 1345
576 217 886 438
590 218 886 1900
591 219 886 834
596 220 886 1592
598 221 886 872
606 222 886 1791
606 223 886 444
609 224 886 1231
618 225 886 1802
619 226 886 574
630 227 886 1865
639 228 886 1816
646 229 886 1715
655 230 886 1826
656 231 886 756
658 232 886 1117
658 233 886 144
663 234 886 1596
666 235 886 1268
667 236 886 588
668 237 886 571
669 240 886 298
669 239 886 306
669 238 886 615
686 241 886 1914
697 242 886 1864
704 243 886 1714
706 244 886 1011
711 245 886 1497
718 246 886 1718
720 250 886 309
720 249 886 449
720 248 886 446
720 247 886 1086
724 251 886 1407
725 252 886 708
725 253 886 172
725 254 886 476
725 255 886 328
728 256 886 1214
728 257 886 109
729 258 886 838
730 259 886 783
730 260 886 43
733 261 886 1299
733 262 886 126
739 263 886 1674
747 264 886 1794
749 265 886 908
751 266 886 931
756 268 886 74
756 267 886 1524
757 269 886 729
757 270 886 233
758 271 886 774
765 272 886 1747
770 273 886 1593
771 274 886 535
776 275 886 1602
778 277 886 77
778 276 886 933
782 278 886 1358
788 279 886 1659
788 280 886 84
792 281 886 1413
796 282 886 1419
800 283 886 1367
804 285 886 419
804 284 886 1406
804 286 886 47
806 287 886 944
811 288 886 1592
814 289 886 1268
814 290 886 54
814 291 886 479
820 292 886 1658
828 293 886 1756
828 294 886 262
830 295 886 923
838 297 886 189
838 296 886 1787
848 298 886 1845
848 299 886 102
849 300 886 565
849 301 886 194
851 302 886 1012
857 303 886 1641
857 304 886 215
861 305 886 1459
866 306 886 1584
