0 0 372 159
0 1 372 27
2 2 372 1073
7 3 372 1584
10 4 372 1281
10 5 372 223
19 6 372 1801
21 7 372 986
24 8 372 1329
28 9 372 1435
34 10 372 1641
34 11 372 300
39 12 372 1581
41 13 372 1122
45 14 372 1384
51 15 372 1668
56 19 372 366
56 18 372 192
56 16 372 1554
56 17 372 23
57 20 372 606
58 21 372 640
60 22 372 1085
64 23 372 1350
66 24 372 955
72 25 372 1620
91 26 372 1918
92 27 372 657
98 28 372 1682
101 29 372 1234
104 30 372 1183
107 31 372 1320
109 32 372 973
110 33 372 784
111 34 372 716
112 35 372 676
117 36 372 1532
128 38 372 312
128 37 372 1855
133 39 372 1567
133 40 372 126
135 41 372 1107
135 42 372 167
135 43 372 164
135 44 372 196
141 45 372 1619
143 46 372 979
144 48 372 343
144 47 372 804
151 49 372 1740
151 50 372 325
153 51 372 908
154 52 372 662
154 53 372 253
156 54 372 1092
160 55 372 1444
161 56 372 867
167 57 372 1647
168 58 372 629
173 59 372 1586
173 60 372 230
176 61 372 1144
179 64 372 251
179 65 372 321
179 62 372 1229
179 63 372 95
182 66 372 1251
183 67 372 796
183 68 372 405
184 69 372 708
184 70 372 136
190 71 372 1623
196 72 372 1636
197 73 372 550
197 74 372 240
201 76 372 472
201 75 372 1424
203 77 372 920
206 78 372 1154
209 79 372 1260
210 80 372 640
212 81 372 1114
212 82 372 314
223 83 372 1866
225 85 372 274
225 84 372 908
226 86 372 657
227 87 372 719
233 88 372 1616
236 89 372 1197
243 90 372 1733
252 91 372 1810
255 92 372 1226
256 93 372 651
259 94 372 1336
261 95 372 907
270 96 372 1802
270 97 372 72
280 98 372 1837
289 99 372 1800
289 100 372 367
289 101 372 183
289 102 372 398
294 103 372 1559
299 104 372 1604
300 105 372 627
303 106 372 1197
303 107 372 112
303 108 372 13
308 109 372 1593
310 110 372 971
321 111 372 1871
321 112 372 493
324 113 372 1293
326 114 372 945
328 115 372 1040
329 116 372 829
332 117 372 1287
334 118 372 1111
348 119 372 1901
353 120 372 1588
354 121 372 531
356 122 372 1105
358 123 372 1133
360 124 372 899
360 125 372 251
360 126 372 397
362 127 372 984
364 128 372 1138
367 129 372 1258
372 130 372 1546
372 131 372 399
374 132 372 1007
377 133 372 1278
379 134 372 892
379 135 372 457
380 136 372 716
381 137 372 679
381 138 372 261
381 139 372 281
383 140 372 1002
384 141 372 545
385 144 372 225
385 142 372 706
385 143 372 23
393 145 372 1787
396 146 372 1316
407 147 372 1857
413 150 372 77
413 148 372 1631
413 149 372 296
414 151 372 515
416 152 372 886
427 154 372 212
427 153 372 1860
435 155 372 1760
437 156 372 1002
440 157 372 1189
441 158 372 660
445 159 372 1353
445 160 372 229
445 161 372 212
447 162 372 899
448 164 372 46
448 163 372 679
449 165 372 571
450 166 372 863
452 167 372 1140
452 168 372 400
452 169 372 487
452 170 372 323
452 171 372 149
454 172 372 1025
455 173 372 829
457 174 372 899
459 175 372 1042
466 176 372 1749
468 177 372 1081
470 178 372 908
472 179 372 1037
473 181 372 464
473 180 372 859
476 182 372 1278
477 183 372 841
480 184 372 1180
482 185 372 1031
486 186 372 1438
488 187 372 1071
490 188 372 1065
492 189 372 1057
496 190 372 1379
500 192 372 18
500 191 372 1452
501 193 372 833
501 194 372 52
502 195 372 789
507 196 372 1571
507 197 372 27
521 198 372 1902
526 199 372 1578
528 201 372 176
528 200 372 923
532 202 372 1456
535 203 372 1143
549 204 372 1897
559 205 372 1852
563 206 372 1414
563 207 372 56
565 208 372 961
567 210 372 10
567 209 372 1094
577 211 372 1846
577 212 372 281
582 213 372 1548
582 214 372 494
589 215 372 1689
590 216 372 858
590 217 372 57
594 218 372 1423
596 219 372 939
598 220 372 1057
605 221 372 1716
605 222 372 74
608 223 372 1268
610 224 372 1033
611 225 372 796
611 226 372 130
611 227 372 192
612 228 372 777
612 229 372 109
616 230 372 1396
623 231 372 1722
625 232 372 1104
628 233 372 1254
628 234 372 113
629 235 372 682
631 236 372 933
631 237 372 135
633 238 372 869
636 239 372 1253
641 240 372 1541
645 241 372 1382
645 242 372 110
658 243 372 1895
660 244 372 1046
664 245 372 1458
667 248 372 338
667 249 372 287
667 246 372 1170
667 247 372 395
678 250 372 1856
683 251 372 1514
684 252 372 528
686 253 372 962
687 254 372 521
689 258 372 110
689 257 372 187
689 255 372 1131
689 256 372 102
691 259 372 1100
698 260 372 1721
701 261 372 1222
704 262 372 1203
705 263 372 851
711 264 372 1623
711 265 372 213
712 266 372 741
714 267 372 951
718 268 372 1435
725 269 372 1737
726 270 372 756
727 271 372 723
729 272 372 1113
729 273 372 170
732 274 372 1322
737 275 372 1599
742 278 372 222
742 277 372 103
742 276 372 1605
747 279 372 1499
752 280 372 1551
758 281 372 1660
766 282 372 1778
766 283 372 490
766 284 372 178
775 285 372 1807
778 287 372 142
778 286 372 1193
779 288 372 733
781 289 372 907
782 290 372 579
783 291 372 745
783 292 372 25
790 293 372 1693
794 296 372 179
794 295 372 319
794 294 372 1456
797 297 372 1184
797 298 372 272
798 299 372 832
799 300 372 716
799 301 372 219
801 302 372 885
802 303 372 526
806 304 372 1455
808 305 372 1132
808 306 372 400
