1 0 1859 858
1 1 1859 382
1 2 1859 104
3 3 1859 928
5 4 1859 968
6 5 1859 664
7 6 1859 720
8 7 1859 620
10 8 1859 1106
11 9 1859 644
11 10 1859 76
17 11 1859 1630
26 12 1859 1805
32 13 1859 1632
42 14 1859 1838
42 15 1859 314
45 16 1859 1186
49 17 1859 1470
52 18 1859 1169
56 19 1859 1384
60 20 1859 1391
70 21 1859 1832
76 22 1859 1618
76 23 1859 62
78 24 1859 912
82 27 1859 49
82 26 1859 449
82 25 1859 1492
83 28 1859 538
84 29 1859 841
88 30 1859 1401
89 31 1859 534
89 32 1859 398
89 33 1859 42
91 34 1859 1033
93 35 1859 946
94 37 1859 20
94 36 1859 506
96 38 1859 1024
100 39 1859 1402
100 40 1859 370
106 41 1859 1613
106 42 1859 467
107 43 1859 640
111 44 1859 1450
112 45 1859 706
115 46 1859 1337
116 47 1859 499
116 48 1859 223
116 49 1859 449
118 50 1859 884
118 51 1859 272
119 52 1859 771
133 53 1859 1901
133 54 1859 272
135 55 1859 950
136 58 1859 15
136 56 1859 689
136 57 1859 42
140 59 1859 1400
140 60 1859 214
141 61 1859 671
141 62 1859 81
141 63 1859 264
144 64 1859 1167
148 65 1859 1467
151 66 1859 1231
159 67 1859 1762
160 68 1859 599
162 69 1859 891
169 70 1859 1733
172 72 1859 445
172 71 1859 1166
179 73 1859 1692
181 74 1859 1014
188 75 1859 1703
192 76 1859 1365
194 77 1859 977
195 78 1859 536
195 79 1859 205
195 80 1859 155
207 81 1859 1874
214 82 1859 1750
214 83 1859 89
226 84 1859 1882
228 85 1859 1129
234 86 1859 1687
234 87 1859 421
241 88 1859 1695
241 89 1859 83
241 90 1859 257
241 91 1859 464
241 92 1859 4
246 93 1859 1548
249 94 1859 1187
255 95 1859 1624
260 96 1859 1531
260 97 1859 202
264 98 1859 1398
279 99 1859 1908
283 100 1859 1400
288 101 1859 1499
297 102 1859 1825
300 103 1859 1257
301 104 1859 640
307 105 1859 1643
315 106 1859 1751
317 107 1859 1004
319 108 1859 887
319 109 1859 494
324 110 1859 1509
330 111 1859 1636
334 112 1859 1430
341 113 1859 1734
344 115 1859 265
344 114 1859 1245
345 116 1859 845
363 117 1859 1916
363 118 1859 307
363 119 1859 38
370 120 1859 1704
371 121 1859 809
371 122 1859 67
372 123 1859 515
373 124 1859 633
376 125 1859 1269
379 126 1859 1161
380 127 1859 822
381 128 1859 504
384 129 1859 1314
384 130 1859 171
387 131 1859 1163
392 132 1859 1504
393 133 1859 552
394 134 1859 730
395 135 1859 580
395 136 1859 48
395 137 1859 492
399 138 1859 1373
399 139 1859 238
402 140 1859 1302
403 141 1859 683
407 142 1859 1458
410 143 1859 1201
411 144 1859 499
412 145 1859 546
414 146 1859 958
414 147 1859 195
414 148 1859 302
416 149 1859 921
417 150 1859 778
422 151 1859 1540
431 152 1859 1820
435 154 1859 204
435 153 1859 1359
436 155 1859 590
440 156 1859 1431
443 157 1859 1309
444 158 1859 624
447 159 1859 1296
447 160 1859 481
449 161 1859 929
450 162 1859 499
455 166 1859 132
455 165 1859 346
455 163 1859 1498
455 164 1859 322
457 167 1859 878
459 168 1859 1003
460 170 1859 216
460 169 1859 665
460 171 1859 353
461 173 1859 68
461 172 1859 543
462 174 1859 660
464 175 1859 1020
467 176 1859 1275
468 177 1859 791
468 178 1859 16
468 179 1859 87
468 180 1859 311
470 181 1859 966
471 182 1859 519
476 183 1859 1507
477 184 1859 535
478 185 1859 556
481 186 1859 1268
481 187 1859 144
481 188 1859 347
481 189 1859 140
483 190 1859 1073
484 191 1859 663
492 193 1859 77
492 192 1859 1792
498 194 1859 1681
498 195 1859 373
498 196 1859 183
510 197 1859 1885
512 198 1859 878
512 199 1859 152
512 200 1859 413
512 201 1859 79
514 202 1859 1116
519 203 1859 1562
520 204 1859 705
520 205 1859 425
522 206 1859 996
530 207 1859 1751
531 208 1859 699
533 209 1859 1108
536 210 1859 1239
537 211 1859 640
540 212 1859 1293
541 213 1859 537
543 214 1859 985
547 215 1859 1440
547 216 1859 409
549 217 1859 916
551 218 1859 963
558 219 1859 1691
560 220 1859 1003
577 221 1859 1913
578 222 1859 530
579 223 1859 863
584 224 1859 1516
588 225 1859 1477
588 226 1859 486
588 227 1859 465
588 228 1859 311
588 229 1859 287
589 230 1859 837
592 231 1859 1315
602 232 1859 1838
610 233 1859 1788
615 234 1859 1598
615 235 1859 231
623 236 1859 1774
625 237 1859 881
626 239 1859 110
626 238 1859 802
630 240 1859 1484
634 241 1859 1441
638 242 1859 1369
641 243 1859 1164
642 244 1859 825
642 245 1859 433
645 246 1859 1295
648 247 1859 1255
650 249 1859 241
650 248 1859 1016
663 250 1859 1888
666 251 1859 1191
668 252 1859 922
670 253 1859 1111
672 254 1859 1074
672 255 1859 424
676 258 1859 46
676 257 1859 253
676 256 1859 1474
679 259 1859 1153
690 260 1859 1864
691 261 1859 531
695 262 1859 1439
695 263 1859 411
695 264 1859 271
705 265 1859 1848
706 266 1859 726
710 267 1859 1429
711 268 1859 863
712 269 1859 754
717 270 1859 1591
721 271 1859 1452
721 272 1859 114
722 273 1859 853
722 274 1859 207
726 275 1859 1486
727 276 1859 543
730 278 1859 37
730 277 1859 1291
732 279 1859 1083
732 280 1859 181
735 281 1859 1156
739 282 1859 1373
739 283 1859 70
739 284 1859 323
744 285 1859 1570
744 286 1859 393
745 287 1859 726
746 288 1859 713
749 289 1859 1174
750 290 1859 682
755 291 1859 1521
756 292 1859 835
761 293 1859 1574
761 294 1859 170
763 295 1859 953
763 296 1859 2
765 297 1859 958
767 298 1859 892
769 299 1859 902
775 300 1859 1631
783 301 1859 1791
783 302 1859 391
783 303 1859 262
784 304 1859 575
784 305 1859 435
786 306 1859 1077
