1 0 334 642
1 1 334 245
1 2 334 70
1 3 334 335
2 4 334 865
12 5 334 1833
26 6 334 1901
27 8 334 78
27 7 334 734
40 9 334 1892
41 10 334 746
42 16 334 37
42 11 334 501
42 12 334 385
42 13 334 5
42 14 334 233
42 15 334 296
45 17 334 1256
59 18 334 1902
73 19 334 1903
83 20 334 1831
83 21 334 377
84 22 334 733
86 23 334 871
92 24 334 1639
95 25 334 1296
104 26 334 1800
104 27 334 23
105 28 334 634
110 29 334 1584
115 30 334 1576
115 31 334 270
115 32 334 269
117 33 334 870
117 34 334 262
128 35 334 1869
128 36 334 355
133 37 334 1553
138 38 334 1549
140 39 334 1011
140 40 334 356
147 41 334 1741
149 42 334 885
149 43 334 497
161 44 334 1882
161 45 334 291
172 47 334 376
172 46 334 1870
174 48 334 1074
177 49 334 1145
177 50 334 206
178 51 334 611
181 52 334 1265
181 53 334 464
190 55 334 264
190 54 334 1828
194 56 334 1436
196 57 334 1123
197 58 334 621
201 59 334 1494
201 60 334 33
213 61 334 1877
213 62 334 99
213 63 334 419
213 64 334 315
213 65 334 476
213 66 334 231
217 67 334 1440
223 68 334 1668
223 69 334 289
234 70 334 1866
234 71 334 408
240 72 334 1631
242 73 334 891
247 74 334 1546
247 75 334 89
251 77 334 236
251 76 334 1417
253 78 334 914
257 79 334 1348
261 80 334 1350
265 81 334 1423
267 82 334 874
271 83 334 1413
275 84 334 1378
277 85 334 965
279 86 334 930
286 87 334 1730
288 88 334 966
310 89 334 1922
310 90 334 432
313 91 334 1157
315 92 334 932
315 93 334 54
317 94 334 978
317 95 334 404
323 98 334 182
323 96 334 1642
323 97 334 465
327 99 334 1405
327 100 334 59
327 101 334 430
328 102 334 633
329 103 334 784
332 104 334 1204
339 105 334 1722
341 106 334 904
341 107 334 373
342 108 334 842
349 109 334 1738
350 110 334 771
353 111 334 1200
353 112 334 209
356 113 334 1198
356 114 334 143
357 115 334 534
359 116 334 1003
360 117 334 611
362 118 334 965
365 119 334 1275
369 120 334 1471
369 121 334 425
369 122 334 473
375 123 334 1670
383 124 334 1782
384 125 334 708
388 126 334 1401
393 127 334 1577
403 128 334 1837
405 129 334 1142
405 130 334 372
407 131 334 952
407 132 334 53
411 133 334 1433
414 134 334 1288
416 135 334 920
417 136 334 790
417 137 334 89
417 138 334 208
422 139 334 1580
422 140 334 61
423 141 334 556
425 142 334 887
428 143 334 1152
431 144 334 1151
434 145 334 1156
436 146 334 947
442 147 334 1658
452 148 334 1836
452 149 334 443
455 150 334 1325
457 151 334 1030
461 152 334 1425
462 153 334 831
473 154 334 1859
478 155 334 1559
490 156 334 1881
492 157 334 887
494 158 334 927
494 159 334 495
494 160 334 320
497 162 334 460
497 161 334 1251
503 163 334 1625
507 164 334 1366
514 165 334 1744
517 166 334 1146
518 167 334 701
528 168 334 1835
531 169 334 1147
537 170 334 1669
539 172 334 402
539 171 334 913
542 173 334 1309
545 174 334 1214
547 175 334 915
551 176 334 1462
554 177 334 1245
555 178 334 519
556 179 334 625
562 180 334 1685
568 181 334 1667
574 182 334 1666
578 183 334 1394
585 184 334 1741
588 185 334 1266
592 186 334 1451
595 187 334 1147
600 188 334 1499
606 189 334 1653
608 190 334 964
617 191 334 1827
619 192 334 1086
625 193 334 1638
628 194 334 1259
629 195 334 734
629 196 334 95
632 197 334 1187
639 198 334 1711
642 199 334 1332
642 200 334 10
642 201 334 246
649 202 334 1748
650 203 334 688
651 204 334 698
651 205 334 411
652 206 334 628
652 207 334 115
657 208 334 1542
659 209 334 943
659 210 334 96
660 213 334 302
660 211 334 635
660 212 334 367
661 214 334 735
662 215 334 577
667 216 334 1510
669 217 334 991
678 218 334 1809
678 219 334 100
678 220 334 292
704 221 334 1924
706 222 334 1126
706 223 334 181
706 224 334 183
714 225 334 1766
722 226 334 1752
723 228 334 50
723 229 334 480
723 227 334 689
724 231 334 275
724 230 334 819
728 232 334 1459
730 233 334 1112
731 234 334 614
735 235 334 1438
745 236 334 1844
747 237 334 977
748 238 334 695
751 239 334 1329
752 240 334 637
755 241 334 1336
760 242 334 1529
761 243 334 555
766 244 334 1557
766 245 334 328
770 246 334 1459
771 247 334 784
773 248 334 902
774 249 334 681
777 250 334 1148
779 251 334 1028
782 252 334 1303
788 253 334 1610
790 254 334 1039
790 255 334 10
792 256 334 1045
797 257 334 1567
798 258 334 504
799 259 334 856
800 260 334 584
811 261 334 1864
811 262 334 65
813 263 334 1062
813 264 334 123
820 265 334 1745
822 266 334 1101
825 267 334 1180
831 268 334 1612
834 269 334 1221
835 270 334 658
836 271 334 533
836 272 334 295
836 273 334 479
840 274 334 1387
842 275 334 881
842 276 334 394
843 277 334 571
844 278 334 548
852 279 334 1780
852 280 334 306
854 281 334 968
861 282 334 1711
864 283 334 1293
867 284 334 1256
874 285 334 1716
876 286 334 897
884 288 334 72
884 287 334 1773
885 289 334 603
885 290 334 393
885 291 334 276
885 292 334 472
893 293 334 1763
894 294 334 745
895 295 334 698
898 297 334 467
898 298 334 431
898 296 334 1270
905 299 334 1737
908 300 334 1151
908 301 334 279
910 302 334 1096
915 303 334 1606
915 304 334 23
916 305 334 615
917 306 334 733
