1 0 1772 568
2 1 1772 795
2 2 1772 388
3 3 1772 590
8 4 1772 1580
13 5 1772 1596
21 6 1772 1771
25 8 1772 61
25 7 1772 1435
28 9 1772 1279
31 10 1772 1253
31 11 1772 434
32 12 1772 597
33 13 1772 718
40 15 1772 248
40 14 1772 1712
41 16 1772 604
42 18 1772 441
42 17 1772 586
43 19 1772 569
50 20 1772 1720
52 21 1772 870
54 22 1772 880
55 23 1772 555
58 24 1772 1218
62 27 1772 94
62 25 1772 1406
62 26 1772 275
66 28 1772 1365
67 29 1772 825
69 30 1772 1024
71 31 1772 956
72 32 1772 747
72 33 1772 211
99 35 1772 108
99 34 1772 1924
106 36 1772 1748
110 37 1772 1390
111 38 1772 728
114 39 1772 1207
117 40 1772 1200
118 41 1772 541
123 42 1772 1512
128 43 1772 1543
131 44 1772 1293
133 46 1772 388
133 45 1772 1035
142 47 1772 1816
145 48 1772 1270
146 49 1772 517
146 50 1772 405
147 51 1772 823
148 52 1772 594
153 54 1772 497
153 53 1772 1525
159 55 1772 1623
169 56 1772 1840
177 57 1772 1757
180 58 1772 1297
180 59 1772 174
183 60 1772 1320
189 61 1772 1677
189 62 1772 69
192 63 1772 1160
192 64 1772 255
192 65 1772 296
198 67 1772 386
198 66 1772 1612
199 68 1772 719
204 69 1772 1604
204 70 1772 425
206 71 1772 1138
214 72 1772 1782
217 73 1772 1159
220 74 1772 1294
223 75 1772 1178
226 76 1772 1282
229 77 1772 1262
232 78 1772 1187
232 79 1772 182
234 80 1772 1018
234 81 1772 384
235 82 1772 748
236 85 1772 200
236 86 1772 362
236 83 1772 848
236 84 1772 420
239 87 1772 1146
245 88 1772 1639
245 89 1772 300
245 90 1772 192
262 91 1772 1915
262 92 1772 93
263 93 1772 554
272 94 1772 1812
276 97 1772 351
276 95 1772 1448
276 96 1772 472
279 98 1772 1288
281 99 1772 996
285 100 1772 1348
285 101 1772 2
287 102 1772 1097
292 103 1772 1591
292 104 1772 91
295 105 1772 1192
297 106 1772 966
301 107 1772 1359
301 108 1772 231
304 109 1772 1243
304 110 1772 340
305 111 1772 578
306 112 1772 569
308 113 1772 1114
310 114 1772 1080
312 115 1772 935
314 116 1772 928
317 117 1772 1146
318 118 1772 740
318 119 1772 54
329 120 1772 1859
329 121 1772 466
330 123 1772 418
330 122 1772 671
334 124 1772 1411
334 125 1772 434
336 126 1772 1044
339 127 1772 1228
342 128 1772 1272
350 129 1772 1770
351 130 1772 706
353 131 1772 930
367 133 1772 191
367 132 1772 1899
368 134 1772 759
370 135 1772 1015
373 136 1772 1212
375 137 1772 1082
376 138 1772 756
379 139 1772 1153
382 140 1772 1159
384 141 1772 927
386 143 1772 395
386 142 1772 914
398 144 1772 1885
403 145 1772 1539
407 146 1772 1345
409 147 1772 904
413 148 1772 1398
415 149 1772 876
416 150 1772 519
419 151 1772 1251
424 152 1772 1536
427 153 1772 1233
429 154 1772 1062
431 155 1772 881
434 156 1772 1255
435 157 1772 678
435 158 1772 179
440 159 1772 1582
440 160 1772 147
446 163 1772 385
446 162 1772 87
446 161 1772 1662
447 164 1772 537
450 165 1772 1335
451 166 1772 603
451 167 1772 378
451 168 1772 355
451 169 1772 65
457 170 1772 1648
465 172 1772 389
465 171 1772 1771
470 173 1772 1511
471 174 1772 820
473 175 1772 931
477 176 1772 1476
477 177 1772 275
477 178 1772 458
486 179 1772 1796
488 181 1772 140
488 180 1772 1013
496 182 1772 1754
496 183 1772 396
499 184 1772 1251
503 185 1772 1380
506 186 1772 1319
507 187 1772 665
509 188 1772 1053
518 189 1772 1802
524 190 1772 1685
525 191 1772 533
527 192 1772 902
529 193 1772 1099
531 194 1772 1006
535 195 1772 1421
536 196 1772 840
537 197 1772 528
545 198 1772 1783
546 199 1772 550
548 200 1772 935
550 201 1772 966
551 202 1772 549
554 203 1772 1333
557 204 1772 1152
558 205 1772 673
559 206 1772 861
559 207 1772 24
559 208 1772 412
559 209 1772 130
562 210 1772 1330
564 211 1772 979
564 212 1772 220
564 213 1772 308
565 214 1772 568
565 215 1772 6
575 216 1772 1833
581 217 1772 1615
583 218 1772 1059
585 220 1772 15
585 219 1772 1082
596 221 1772 1862
599 222 1772 1250
599 223 1772 477
599 224 1772 305
601 225 1772 1114
603 226 1772 868
606 227 1772 1214
607 228 1772 505
610 230 1772 91
610 229 1772 1324
612 231 1772 947
612 232 1772 417
622 233 1772 1833
623 234 1772 860
623 235 1772 47
628 236 1772 1516
628 237 1772 421
631 238 1772 1168
632 239 1772 578
633 240 1772 518
636 241 1772 1295
636 242 1772 253
638 243 1772 922
638 244 1772 472
639 245 1772 705
639 246 1772 313
640 247 1772 594
641 248 1772 531
643 249 1772 999
648 250 1772 1513
651 251 1772 1149
655 252 1772 1394
656 253 1772 701
657 254 1772 534
659 255 1772 998
665 257 1772 71
665 256 1772 1641
667 258 1772 1028
667 259 1772 37
674 260 1772 1729
679 261 1772 1572
683 262 1772 1443
685 264 1772 39
685 263 1772 1013
685 265 1772 382
686 266 1772 562
686 267 1772 311
690 268 1772 1372
691 269 1772 520
691 270 1772 415
695 271 1772 1411
695 272 1772 447
695 273 1772 481
696 274 1772 563
697 275 1772 645
703 278 1772 5
703 277 1772 327
703 276 1772 1609
708 279 1772 1524
709 280 1772 801
709 281 1772 274
710 282 1772 682
714 283 1772 1431
721 284 1772 1735
722 285 1772 866
726 286 1772 1478
732 287 1772 1641
735 288 1772 1298
743 289 1772 1787
743 290 1772 330
747 291 1772 1444
750 292 1772 1318
752 293 1772 1130
753 294 1772 774
755 295 1772 870
763 296 1772 1776
766 297 1772 1164
768 298 1772 882
768 299 1772 90
768 300 1772 143
768 301 1772 2
771 302 1772 1146
771 303 1772 10
772 305 1772 101
772 304 1772 584
773 306 1772 702
