7 0 1621 1705
7 1 1621 368
7 2 1621 245
12 3 1621 1545
14 4 1621 1043
17 5 1621 1318
17 6 1621 477
19 8 1621 483
19 7 1621 1046
20 9 1621 851
25 10 1621 1575
27 11 1621 976
28 12 1621 555
29 13 1621 595
31 14 1621 933
31 15 1621 242
32 16 1621 766
35 17 1621 1168
38 18 1621 1147
41 19 1621 1169
41 20 1621 244
55 21 1621 1900
56 22 1621 722
60 23 1621 1449
67 24 1621 1701
69 25 1621 1070
75 26 1621 1614
78 27 1621 1301
82 28 1621 1402
83 29 1621 552
89 30 1621 1665
95 31 1621 1664
95 32 1621 382
95 33 1621 473
95 34 1621 57
96 35 1621 687
105 36 1621 1820
111 37 1621 1634
114 38 1621 1329
117 39 1621 1181
129 40 1621 1872
135 41 1621 1631
135 42 1621 133
139 43 1621 1427
151 44 1621 1882
153 45 1621 1101
155 46 1621 1063
163 47 1621 1760
174 48 1621 1861
180 49 1621 1684
189 50 1621 1815
194 51 1621 1553
194 52 1621 451
194 53 1621 340
196 54 1621 925
203 55 1621 1729
208 56 1621 1570
209 57 1621 721
217 58 1621 1768
231 59 1621 1897
237 60 1621 1628
239 61 1621 1101
244 62 1621 1569
255 63 1621 1856
257 64 1621 1110
267 65 1621 1835
268 67 1621 82
268 66 1621 594
269 68 1621 537
269 69 1621 246
269 70 1621 346
271 71 1621 1057
279 72 1621 1763
292 73 1621 1891
295 74 1621 1221
296 75 1621 537
304 76 1621 1767
307 77 1621 1220
311 78 1621 1491
312 79 1621 600
312 80 1621 6
320 81 1621 1779
324 82 1621 1365
330 83 1621 1642
331 84 1621 661
331 85 1621 112
334 87 1621 41
334 86 1621 1213
338 88 1621 1472
338 89 1621 253
340 90 1621 1041
342 91 1621 1099
350 92 1621 1790
354 93 1621 1357
358 94 1621 1477
359 99 1621 47
359 98 1621 317
359 95 1621 770
359 96 1621 62
359 97 1621 201
360 100 1621 506
362 101 1621 981
365 102 1621 1222
371 103 1621 1615
374 104 1621 1338
375 105 1621 758
382 106 1621 1714
382 107 1621 485
384 108 1621 1044
384 109 1621 388
397 110 1621 1887
397 111 1621 350
400 112 1621 1154
403 113 1621 1168
416 114 1621 1890
424 115 1621 1774
430 116 1621 1661
440 117 1621 1852
443 118 1621 1195
445 119 1621 997
446 120 1621 621
447 121 1621 553
448 122 1621 534
448 123 1621 284
450 124 1621 1129
453 125 1621 1171
456 126 1621 1192
456 127 1621 406
456 128 1621 413
456 129 1621 450
456 130 1621 475
461 131 1621 1565
463 132 1621 903
467 134 1621 93
467 133 1621 1444
469 135 1621 950
470 136 1621 556
476 137 1621 1675
476 138 1621 304
485 139 1621 1827
485 140 1621 322
486 141 1621 728
488 142 1621 921
490 144 1621 291
490 143 1621 1084
491 145 1621 691
502 146 1621 1870
503 147 1621 621
507 148 1621 1391
513 149 1621 1628
515 150 1621 1034
515 151 1621 134
517 152 1621 931
520 153 1621 1244
524 154 1621 1350
536 155 1621 1877
536 156 1621 446
538 157 1621 938
538 158 1621 485
538 159 1621 166
542 160 1621 1491
545 162 1621 71
545 161 1621 1308
546 163 1621 593
556 164 1621 1838
556 165 1621 321
560 166 1621 1372
566 167 1621 1634
568 168 1621 1074
570 169 1621 939
573 170 1621 1218
589 171 1621 1911
594 172 1621 1548
597 173 1621 1292
598 174 1621 674
607 175 1621 1818
612 176 1621 1556
616 177 1621 1375
634 178 1621 1917
634 179 1621 438
637 180 1621 1226
638 181 1621 570
640 182 1621 939
641 183 1621 710
644 184 1621 1341
644 185 1621 340
645 186 1621 633
650 187 1621 1583
650 188 1621 93
650 189 1621 141
651 190 1621 504
656 191 1621 1542
659 192 1621 1189
659 193 1621 137
659 194 1621 336
661 195 1621 938
662 196 1621 657
662 197 1621 328
665 198 1621 1171
678 199 1621 1894
681 201 1621 235
681 200 1621 1243
685 202 1621 1471
685 203 1621 451
685 204 1621 409
687 205 1621 1047
688 206 1621 511
693 207 1621 1564
694 208 1621 569
698 210 1621 321
698 209 1621 1457
700 211 1621 995
702 212 1621 945
702 213 1621 47
703 214 1621 864
705 215 1621 921
705 216 1621 369
708 217 1621 1285
711 218 1621 1177
716 219 1621 1497
722 220 1621 1613
729 221 1621 1713
734 222 1621 1541
736 223 1621 933
736 224 1621 435
741 225 1621 1600
742 226 1621 722
746 227 1621 1410
748 228 1621 956
754 229 1621 1660
757 230 1621 1160
760 231 1621 1228
760 232 1621 204
760 233 1621 22
762 234 1621 1119
764 235 1621 990
766 238 1621 300
766 239 1621 293
766 236 1621 1023
766 237 1621 487
774 240 1621 1753
776 241 1621 994
778 242 1621 1013
779 243 1621 560
786 244 1621 1744
790 245 1621 1433
791 246 1621 596
793 247 1621 1142
796 248 1621 1198
799 249 1621 1339
800 250 1621 569
803 251 1621 1296
805 252 1621 1075
810 253 1621 1598
810 254 1621 281
814 255 1621 1454
815 256 1621 619
816 258 1621 16
816 257 1621 538
817 259 1621 734
817 260 1621 325
819 261 1621 1025
820 262 1621 607
821 263 1621 833
821 264 1621 296
823 265 1621 1017
824 266 1621 791
826 267 1621 923
827 268 1621 852
836 269 1621 1799
845 270 1621 1822
854 271 1621 1806
856 272 1621 984
858 273 1621 884
864 274 1621 1668
865 275 1621 618
866 276 1621 699
868 277 1621 981
870 278 1621 1113
872 279 1621 927
874 280 1621 1003
879 281 1621 1505
879 282 1621 212
884 283 1621 1541
886 284 1621 1091
894 285 1621 1789
894 286 1621 153
895 287 1621 531
901 288 1621 1666
906 289 1621 1589
906 290 1621 371
906 291 1621 485
906 292 1621 471
910 293 1621 1491
923 294 1621 1893
924 298 1621 263
924 297 1621 180
924 295 1621 728
924 296 1621 386
925 299 1621 726
926 300 1621 642
931 301 1621 1598
931 302 1621 289
934 303 1621 1324
938 304 1621 1442
939 305 1621 687
939 306 1621 311
