5 0 1653 1537
8 1 1653 1302
8 2 1653 315
8 3 1653 480
22 4 1653 1897
26 5 1653 1425
28 6 1653 916
28 7 1653 288
28 8 1653 86
31 10 1653 447
31 9 1653 1296
34 11 1653 1333
37 12 1653 1151
37 13 1653 164
39 14 1653 1122
41 15 1653 906
48 16 1653 1695
51 17 1653 1283
52 19 1653 2
52 18 1653 580
54 20 1653 958
55 21 1653 853
55 22 1653 43
59 23 1653 1466
59 24 1653 111
59 25 1653 147
59 26 1653 7
63 30 1653 237
63 29 1653 46
63 28 1653 249
63 27 1653 1369
65 31 1653 884
67 32 1653 1024
72 33 1653 1588
72 34 1653 54
72 35 1653 168
72 36 1653 253
77 37 1653 1508
79 38 1653 923
80 39 1653 741
81 40 1653 649
82 41 1653 674
82 42 1653 220
88 43 1653 1676
88 44 1653 373
88 45 1653 100
102 46 1653 1899
109 47 1653 1735
109 48 1653 233
109 49 1653 388
110 50 1653 505
110 51 1653 386
110 52 1653 38
110 53 1653 22
110 54 1653 183
111 55 1653 683
114 56 1653 1258
115 57 1653 773
115 58 1653 368
122 59 1653 1749
126 60 1653 1417
130 61 1653 1471
130 62 1653 38
130 63 1653 39
132 64 1653 1058
136 66 1653 308
136 65 1653 1487
140 67 1653 1487
140 68 1653 110
142 69 1653 954
143 70 1653 652
143 71 1653 187
143 72 1653 360
151 73 1653 1764
154 74 1653 1277
154 75 1653 283
155 77 1653 292
155 76 1653 633
157 78 1653 1093
157 79 1653 11
157 80 1653 173
157 81 1653 197
159 82 1653 1135
167 83 1653 1786
171 84 1653 1466
179 85 1653 1775
180 86 1653 845
182 87 1653 1001
186 88 1653 1405
189 89 1653 1296
190 90 1653 834
194 91 1653 1404
196 92 1653 1139
198 93 1653 1098
201 94 1653 1248
203 95 1653 1103
204 97 1653 180
204 96 1653 636
205 98 1653 617
206 99 1653 810
213 100 1653 1717
213 101 1653 411
219 102 1653 1625
222 103 1653 1204
228 104 1653 1661
228 105 1653 317
228 106 1653 26
228 107 1653 199
229 108 1653 670
238 109 1653 1825
238 110 1653 49
240 111 1653 966
245 112 1653 1605
245 113 1653 357
250 114 1653 1575
253 118 1653 498
253 117 1653 177
253 115 1653 1220
253 116 1653 336
256 119 1653 1207
257 120 1653 641
260 121 1653 1231
260 122 1653 82
261 123 1653 738
261 124 1653 120
264 125 1653 1172
266 126 1653 973
269 127 1653 1186
270 128 1653 515
270 129 1653 174
275 130 1653 1571
275 131 1653 453
280 132 1653 1599
280 134 1653 218
280 133 1653 282
286 136 1653 496
286 135 1653 1687
297 137 1653 1855
297 138 1653 124
300 139 1653 1148
307 140 1653 1749
308 141 1653 645
308 142 1653 331
313 143 1653 1504
316 144 1653 1246
324 145 1653 1792
331 146 1653 1724
332 147 1653 782
336 148 1653 1448
336 149 1653 28
337 151 1653 458
337 150 1653 766
342 152 1653 1606
345 156 1653 328
345 155 1653 485
345 153 1653 1335
345 154 1653 168
347 157 1653 886
349 158 1653 1084
349 159 1653 488
352 160 1653 1269
353 161 1653 765
359 163 1653 496
359 164 1653 253
359 162 1653 1609
364 165 1653 1521
367 166 1653 1292
370 167 1653 1323
370 168 1653 138
379 169 1653 1813
380 172 1653 52
380 170 1653 723
380 171 1653 405
383 173 1653 1275
387 174 1653 1383
407 175 1653 1921
409 176 1653 899
410 177 1653 502
414 178 1653 1417
414 179 1653 252
418 180 1653 1373
418 181 1653 190
424 183 1653 486
424 182 1653 1663
427 184 1653 1332
429 185 1653 1113
430 186 1653 771
430 187 1653 264
430 188 1653 113
436 189 1653 1658
440 190 1653 1358
445 191 1653 1535
446 192 1653 771
451 193 1653 1561
460 194 1653 1803
462 195 1653 983
464 196 1653 960
472 197 1653 1760
475 198 1653 1251
481 199 1653 1649
482 200 1653 500
482 201 1653 401
483 202 1653 643
488 203 1653 1559
491 204 1653 1230
491 205 1653 360
491 206 1653 405
491 207 1653 331
503 208 1653 1876
503 209 1653 172
508 210 1653 1511
516 211 1653 1751
520 212 1653 1394
521 213 1653 831
523 214 1653 1040
525 215 1653 1078
527 216 1653 1027
529 217 1653 1123
531 218 1653 1088
533 219 1653 1065
534 220 1653 750
536 221 1653 1027
539 222 1653 1209
539 223 1653 405
539 224 1653 455
541 225 1653 1113
546 226 1653 1559
546 227 1653 416
550 228 1653 1396
550 229 1653 399
552 230 1653 960
554 231 1653 1064
557 232 1653 1176
564 233 1653 1692
570 234 1653 1677
572 235 1653 972
576 236 1653 1472
576 237 1653 103
579 238 1653 1181
581 239 1653 972
582 242 1653 312
582 240 1653 707
582 241 1653 439
593 243 1653 1865
593 244 1653 146
598 245 1653 1531
598 246 1653 141
609 247 1653 1864
610 248 1653 520
611 249 1653 725
623 250 1653 1881
631 251 1653 1762
632 252 1653 671
632 253 1653 186
634 254 1653 899
638 255 1653 1397
640 256 1653 1116
640 257 1653 238
642 259 1653 116
642 258 1653 1104
643 260 1653 725
660 261 1653 1914
661 262 1653 860
665 263 1653 1477
667 264 1653 1137
667 265 1653 446
668 266 1653 575
674 267 1653 1626
676 269 1653 68
676 268 1653 1079
681 270 1653 1531
683 271 1653 923
694 272 1653 1867
694 273 1653 116
694 274 1653 357
694 275 1653 310
695 276 1653 715
698 278 1653 258
698 277 1653 1269
699 279 1653 848
701 280 1653 972
707 281 1653 1620
716 282 1653 1821
717 283 1653 671
717 284 1653 443
719 285 1653 1122
719 286 1653 392
721 287 1653 990
722 288 1653 793
722 289 1653 279
730 290 1653 1780
733 291 1653 1233
735 292 1653 924
737 293 1653 1064
737 294 1653 246
738 295 1653 718
743 296 1653 1504
744 297 1653 759
745 298 1653 727
751 299 1653 1625
753 300 1653 956
753 301 1653 439
754 302 1653 785
754 303 1653 451
756 304 1653 1118
758 305 1653 957
767 306 1653 1820
