1 0 1464 644
7 1 1464 1644
7 2 1464 367
7 3 1464 340
9 4 1464 882
19 5 1464 1839
20 6 1464 762
21 7 1464 845
27 9 1464 116
27 8 1464 1610
28 10 1464 638
28 11 1464 444
30 12 1464 950
32 13 1464 1035
32 14 1464 375
40 15 1464 1776
42 16 1464 942
42 17 1464 52
49 18 1464 1690
52 19 1464 1156
53 20 1464 820
61 21 1464 1754
65 22 1464 1352
66 23 1464 650
70 24 1464 1346
73 26 1464 352
73 27 1464 455
73 25 1464 1258
75 28 1464 1093
75 29 1464 313
76 30 1464 636
77 31 1464 581
83 32 1464 1609
83 33 1464 472
86 34 1464 1299
91 35 1464 1537
93 38 1464 406
93 37 1464 367
93 36 1464 1094
97 39 1464 1486
98 40 1464 712
98 41 1464 209
101 42 1464 1286
101 43 1464 222
105 44 1464 1348
106 45 1464 812
107 46 1464 795
108 47 1464 559
115 48 1464 1722
116 49 1464 820
116 50 1464 452
116 51 1464 10
117 52 1464 632
117 53 1464 75
120 54 1464 1151
121 56 1464 291
121 55 1464 815
127 57 1464 1642
129 58 1464 918
134 59 1464 1549
138 60 1464 1486
138 61 1464 306
144 62 1464 1677
147 63 1464 1297
151 65 1464 57
151 64 1464 1405
152 66 1464 760
152 67 1464 478
158 68 1464 1660
159 69 1464 762
160 70 1464 682
161 71 1464 574
166 73 1464 203
166 72 1464 1570
166 74 1464 444
167 76 1464 467
167 75 1464 610
169 77 1464 1129
172 78 1464 1227
173 79 1464 534
173 80 1464 462
180 81 1464 1718
181 82 1464 658
181 83 1464 272
189 84 1464 1785
190 85 1464 625
202 86 1464 1873
207 87 1464 1534
210 88 1464 1245
210 89 1464 483
213 90 1464 1245
217 91 1464 1377
221 92 1464 1374
222 93 1464 782
256 96 1464 457
256 94 1464 1924
256 95 1464 405
273 97 1464 1914
274 98 1464 742
277 99 1464 1290
277 100 1464 52
277 101 1464 317
278 102 1464 823
280 104 1464 138
280 103 1464 959
289 105 1464 1802
289 106 1464 365
289 107 1464 429
294 108 1464 1555
295 109 1464 540
295 110 1464 347
297 112 1464 414
297 111 1464 1086
297 113 1464 384
299 114 1464 1086
306 115 1464 1693
311 116 1464 1573
315 117 1464 1404
319 118 1464 1436
320 119 1464 779
320 120 1464 109
323 121 1464 1151
326 122 1464 1157
329 123 1464 1177
333 124 1464 1441
336 125 1464 1230
338 126 1464 1125
339 131 1464 478
339 130 1464 153
339 132 1464 387
339 128 1464 203
339 127 1464 788
339 129 1464 38
350 133 1464 1862
350 134 1464 481
350 135 1464 145
352 136 1464 895
358 137 1464 1623
358 138 1464 133
373 140 1464 260
373 139 1464 1908
377 141 1464 1444
391 142 1464 1903
392 143 1464 704
392 144 1464 136
392 145 1464 159
394 146 1464 962
396 147 1464 990
402 149 1464 231
402 148 1464 1620
403 150 1464 757
405 151 1464 977
405 152 1464 477
418 153 1464 1888
421 154 1464 1180
422 155 1464 826
424 156 1464 1085
429 157 1464 1571
433 158 1464 1442
434 159 1464 833
435 160 1464 677
440 162 1464 225
440 161 1464 1502
445 163 1464 1517
445 164 1464 387
453 165 1464 1794
454 166 1464 699
454 167 1464 477
463 168 1464 1827
465 169 1464 941
466 170 1464 798
478 171 1464 1874
481 172 1464 1270
485 173 1464 1453
486 174 1464 518
487 175 1464 589
490 176 1464 1173
490 177 1464 452
492 178 1464 1040
495 179 1464 1282
495 180 1464 267
495 181 1464 134
497 182 1464 1092
511 183 1464 1896
514 184 1464 1206
516 185 1464 1100
516 186 1464 0
516 187 1464 424
517 188 1464 681
522 189 1464 1580
524 190 1464 985
527 192 1464 180
527 191 1464 1248
530 193 1464 1225
533 194 1464 1230
534 195 1464 683
537 196 1464 1218
537 197 1464 385
537 198 1464 316
537 199 1464 266
541 201 1464 484
541 200 1464 1384
543 202 1464 1088
544 203 1464 678
548 204 1464 1358
549 205 1464 807
555 206 1464 1632
557 207 1464 949
561 208 1464 1369
562 209 1464 590
567 210 1464 1578
568 211 1464 632
569 212 1464 530
569 213 1464 159
570 214 1464 565
571 215 1464 542
571 216 1464 409
571 217 1464 254
571 218 1464 311
574 219 1464 1212
582 221 1464 275
582 220 1464 1793
589 222 1464 1721
589 223 1464 246
601 224 1464 1881
605 225 1464 1474
612 226 1464 1693
612 227 1464 45
612 228 1464 222
620 229 1464 1759
623 230 1464 1296
624 231 1464 787
624 232 1464 135
625 233 1464 774
634 234 1464 1822
641 235 1464 1708
643 236 1464 971
643 237 1464 414
644 239 1464 398
644 238 1464 538
648 240 1464 1393
650 241 1464 976
652 242 1464 979
652 243 1464 90
652 244 1464 2
652 245 1464 352
653 246 1464 718
653 247 1464 20
654 248 1464 660
655 249 1464 688
655 250 1464 274
657 251 1464 964
657 252 1464 74
659 253 1464 1029
659 254 1464 397
661 255 1464 1109
662 256 1464 688
663 257 1464 841
664 258 1464 722
673 259 1464 1808
675 260 1464 1038
680 261 1464 1586
681 262 1464 726
686 263 1464 1535
689 264 1464 1219
690 265 1464 790
690 266 1464 496
696 268 1464 262
696 267 1464 1681
697 269 1464 781
702 270 1464 1495
721 271 1464 1919
727 272 1464 1640
737 273 1464 1837
744 274 1464 1744
745 275 1464 817
748 276 1464 1221
754 278 1464 244
754 277 1464 1630
759 279 1464 1528
760 280 1464 756
766 281 1464 1673
769 282 1464 1309
773 283 1464 1459
777 284 1464 1485
777 285 1464 332
778 286 1464 712
780 288 1464 376
780 287 1464 1031
781 289 1464 713
783 290 1464 1020
783 291 1464 130
789 292 1464 1617
790 293 1464 654
793 294 1464 1284
800 295 1464 1731
800 296 1464 250
804 297 1464 1369
805 298 1464 796
807 299 1464 1136
815 300 1464 1781
817 301 1464 962
823 302 1464 1683
832 303 1464 1803
834 305 1464 279
834 304 1464 1117
837 306 1464 1248
