7 0 910 1744
10 1 910 1158
11 2 910 730
12 3 910 772
19 4 910 1717
25 5 910 1634
30 6 910 1600
30 7 910 269
39 8 910 1819
41 9 910 920
42 10 910 661
42 11 910 382
42 12 910 138
45 13 910 1280
50 14 910 1508
53 15 910 1225
57 16 910 1387
57 17 910 137
58 22 910 32
58 21 910 371
58 18 910 557
58 19 910 443
58 20 910 251
66 23 910 1781
67 24 910 533
67 25 910 350
74 26 910 1693
81 27 910 1745
85 28 910 1407
90 29 910 1560
97 30 910 1706
98 31 910 710
99 32 910 747
99 33 910 138
100 34 910 740
100 35 910 167
100 36 910 2
103 37 910 1341
105 38 910 872
114 39 910 1827
117 40 910 1281
119 41 910 898
123 42 910 1363
123 43 910 22
123 44 910 2
123 45 910 172
123 46 910 401
123 47 910 392
125 48 910 1088
130 49 910 1606
137 50 910 1739
141 51 910 1360
141 52 910 460
142 53 910 844
144 54 910 881
148 55 910 1372
150 56 910 1126
152 58 910 238
152 57 910 873
156 59 910 1367
167 60 910 1865
175 61 910 1780
176 62 910 787
176 63 910 259
178 64 910 1139
190 65 910 1876
195 67 910 0
195 66 910 1559
196 68 910 540
199 69 910 1340
202 70 910 1223
202 71 910 46
205 72 910 1189
206 73 910 655
208 74 910 1087
211 75 910 1278
213 77 910 10
213 76 910 932
221 78 910 1779
221 79 910 361
233 80 910 1873
236 81 910 1301
237 82 910 656
244 83 910 1726
251 85 910 345
251 86 910 249
251 84 910 1745
260 87 910 1827
263 88 910 1181
266 89 910 1292
268 90 910 966
270 91 910 1054
272 92 910 1102
276 93 910 1430
289 94 910 1886
293 96 910 111
293 95 910 1425
295 97 910 1104
296 98 910 807
296 99 910 51
297 100 910 537
297 101 910 400
305 102 910 1776
311 104 910 382
311 103 910 1672
318 106 910 170
318 105 910 1693
325 107 910 1729
331 108 910 1682
336 109 910 1527
336 110 910 440
338 111 910 1115
340 112 910 1019
349 113 910 1802
353 114 910 1418
354 115 910 564
356 116 910 1124
358 117 910 985
358 118 910 438
359 119 910 793
365 120 910 1626
371 121 910 1656
372 122 910 743
375 125 910 169
375 124 910 373
375 123 910 1172
376 126 910 868
382 127 910 1684
383 128 910 693
388 129 910 1586
391 130 910 1167
399 131 910 1752
401 132 910 1127
408 133 910 1727
415 134 910 1748
419 135 910 1473
423 136 910 1449
425 137 910 908
428 138 910 1343
428 139 910 51
428 140 910 174
428 141 910 445
428 142 910 145
433 143 910 1578
434 144 910 852
442 145 910 1776
442 146 910 34
445 147 910 1225
445 148 910 12
448 149 910 1322
448 150 910 301
450 151 910 1050
451 154 910 350
451 153 910 14
451 152 910 666
452 155 910 806
457 156 910 1581
458 157 910 604
461 158 910 1299
461 159 910 213
462 160 910 825
462 161 910 411
464 164 910 360
464 163 910 95
464 162 910 1035
465 165 910 612
481 166 910 1912
484 167 910 1216
484 168 910 53
495 169 910 1870
497 170 910 1039
497 171 910 215
502 173 910 386
502 172 910 1567
503 174 910 619
506 175 910 1181
511 176 910 1511
513 177 910 1089
513 178 910 319
514 179 910 522
514 180 910 134
519 181 910 1568
525 182 910 1671
528 183 910 1296
531 184 910 1285
531 185 910 117
533 186 910 1086
535 187 910 1113
539 188 910 1377
541 189 910 942
550 190 910 1816
551 191 910 845
556 192 910 1534
558 193 910 1130
561 194 910 1151
567 195 910 1687
570 196 910 1334
570 197 910 49
573 198 910 1218
573 199 910 239
581 200 910 1788
582 201 910 743
585 202 910 1171
585 203 910 66
585 204 910 282
585 205 910 86
589 206 910 1407
589 207 910 279
592 208 910 1320
594 209 910 1093
597 212 910 284
597 210 910 1219
597 211 910 491
598 213 910 776
598 214 910 79
601 215 910 1181
602 216 910 665
608 217 910 1664
609 218 910 735
609 219 910 243
613 220 910 1451
614 221 910 799
622 222 910 1763
624 223 910 1036
624 224 910 53
624 225 910 194
625 226 910 605
625 227 910 437
628 228 910 1160
629 229 910 856
637 230 910 1771
641 231 910 1462
650 232 910 1796
650 233 910 80
651 234 910 659
654 235 910 1315
654 236 910 396
659 237 910 1604
661 238 910 1013
664 239 910 1199
665 240 910 634
666 241 910 806
673 242 910 1718
673 243 910 283
679 244 910 1647
682 245 910 1324
683 246 910 560
684 247 910 758
686 248 910 1051
699 249 910 1894
701 250 910 1022
706 251 910 1595
709 252 910 1239
711 253 910 975
712 254 910 713
714 255 910 989
716 259 910 88
716 258 910 13
716 257 910 134
716 256 910 905
720 260 910 1405
722 261 910 970
724 262 910 1044
724 263 910 463
727 264 910 1247
733 265 910 1682
734 267 910 204
734 268 910 117
734 266 910 620
735 269 910 688
736 270 910 785
738 271 910 985
739 272 910 650
743 273 910 1460
748 274 910 1533
749 275 910 644
751 276 910 1005
755 277 910 1479
758 278 910 1314
759 279 910 654
764 280 910 1558
772 281 910 1772
775 282 910 1310
778 283 910 1190
786 285 910 176
786 284 910 1758
786 286 910 222
787 287 910 821
790 288 910 1291
795 289 910 1595
795 290 910 410
795 291 910 261
800 292 910 1591
802 293 910 925
809 294 910 1718
814 295 910 1588
820 296 910 1687
823 297 910 1254
825 298 910 961
838 299 910 1889
839 300 910 704
839 301 910 356
840 302 910 640
840 303 910 363
842 305 910 37
842 304 910 1109
844 306 910 944
