0 0 870 301
4 1 870 1377
10 2 870 1652
14 3 870 1449
17 4 870 1301
20 5 870 1319
27 6 870 1700
27 7 870 16
28 8 870 568
32 9 870 1377
39 10 870 1691
40 11 870 582
41 12 870 868
41 13 870 164
41 14 870 357
49 15 870 1779
57 16 870 1795
61 19 870 54
61 18 870 343
61 17 870 1369
65 20 870 1476
65 21 870 108
70 22 870 1606
73 23 870 1302
76 24 870 1218
76 25 870 26
81 26 870 1575
83 28 870 359
83 27 870 1110
99 29 870 1910
99 30 870 174
104 31 870 1584
104 32 870 43
104 33 870 223
104 34 870 286
108 35 870 1360
109 36 870 750
111 38 870 184
111 37 870 1039
114 39 870 1271
119 40 870 1511
124 41 870 1533
124 42 870 155
124 43 870 355
130 44 870 1688
131 45 870 769
134 46 870 1292
147 47 870 1889
156 48 870 1819
158 49 870 1010
164 50 870 1620
166 51 870 1062
168 52 870 1062
170 53 870 1055
176 54 870 1616
176 55 870 192
183 58 870 230
183 57 870 349
183 56 870 1695
186 59 870 1275
192 60 870 1668
193 61 870 589
198 62 870 1582
199 63 870 582
202 64 870 1203
202 65 870 106
203 66 870 539
204 67 870 644
213 68 870 1803
215 69 870 921
217 70 870 1028
218 71 870 756
221 72 870 1185
223 73 870 996
223 74 870 468
234 75 870 1868
246 76 870 1878
249 77 870 1251
254 78 870 1539
254 79 870 449
255 80 870 659
261 81 870 1610
264 82 870 1216
267 83 870 1273
267 84 870 290
269 85 870 1036
270 86 870 522
272 87 870 913
273 88 870 532
273 89 870 93
278 90 870 1590
278 91 870 401
279 92 870 808
280 93 870 833
285 94 870 1527
287 95 870 922
299 96 870 1875
304 97 870 1498
306 98 870 1077
311 99 870 1581
311 100 870 230
312 101 870 647
312 102 870 86
314 103 870 897
329 104 870 1907
330 105 870 864
339 106 870 1802
339 107 870 66
340 108 870 587
346 109 870 1673
346 110 870 239
346 111 870 444
347 112 870 735
354 113 870 1706
355 115 870 58
355 114 870 616
358 116 870 1297
358 117 870 309
358 118 870 292
358 119 870 167
363 120 870 1509
368 121 870 1550
368 122 870 112
375 123 870 1709
378 124 870 1256
379 125 870 627
391 126 870 1872
391 127 870 351
395 128 870 1393
399 129 870 1470
417 130 870 1917
417 131 870 379
417 132 870 173
429 135 870 11
429 134 870 218
429 133 870 1883
434 136 870 1523
434 137 870 318
437 138 870 1290
441 139 870 1350
444 140 870 1158
444 141 870 455
444 142 870 326
445 143 870 783
453 144 870 1778
456 145 870 1145
461 146 870 1590
463 147 870 1026
463 148 870 217
467 149 870 1469
472 150 870 1549
477 151 870 1565
480 152 870 1205
482 154 870 71
482 153 870 910
483 155 870 604
484 156 870 535
484 157 870 302
489 158 870 1566
492 159 870 1280
494 160 870 916
498 161 870 1451
499 162 870 597
501 163 870 1041
507 164 870 1680
515 165 870 1785
515 166 870 270
516 167 870 777
520 168 870 1488
521 169 870 605
521 170 870 460
523 171 870 979
525 172 870 944
526 173 870 866
528 174 870 933
530 175 870 1053
533 176 870 1224
536 177 870 1253
547 178 870 1856
547 179 870 110
549 180 870 961
550 181 870 846
550 182 870 133
560 183 870 1849
570 184 870 1846
570 185 870 352
572 186 870 1099
575 187 870 1188
584 188 870 1811
589 189 870 1539
593 190 870 1400
596 191 870 1221
597 194 870 434
597 192 870 677
597 193 870 9
603 195 870 1632
611 196 870 1783
614 197 870 1209
616 198 870 1027
634 199 870 1918
636 200 870 875
637 201 870 813
641 202 870 1463
646 203 870 1537
648 204 870 1008
649 205 870 570
650 206 870 621
650 207 870 338
664 208 870 1901
666 209 870 943
669 210 870 1305
672 212 870 371
672 211 870 1206
676 213 870 1455
676 214 870 319
676 215 870 70
679 216 870 1317
680 217 870 673
682 218 870 1120
685 219 870 1328
686 220 870 686
688 221 870 1006
690 222 870 890
702 223 870 1873
704 224 870 1129
707 225 870 1164
707 226 870 301
709 227 870 934
709 228 870 432
712 229 870 1226
715 232 870 226
715 230 870 1195
715 231 870 15
726 233 870 1862
729 234 870 1160
729 235 870 147
732 236 870 1307
733 237 870 521
734 238 870 840
737 239 870 1276
743 240 870 1655
744 241 870 760
747 242 870 1212
748 243 870 868
748 244 870 233
748 245 870 194
749 246 870 849
752 247 870 1147
758 250 870 315
758 249 870 364
758 248 870 1615
760 251 870 1109
760 252 870 88
766 253 870 1623
769 254 870 1232
777 255 870 1793
787 256 870 1847
792 258 870 407
792 257 870 1514
800 259 870 1769
800 260 870 268
806 261 870 1612
816 262 870 1831
817 263 870 675
823 264 870 1672
826 265 870 1290
828 269 870 172
828 268 870 294
828 267 870 433
828 266 870 979
829 270 870 687
830 271 870 795
838 272 870 1758
846 273 870 1769
851 274 870 1598
861 275 870 1850
868 277 870 22
868 276 870 1719
874 278 870 1640
876 279 870 935
876 280 870 314
878 281 870 1079
881 282 870 1243
881 283 870 68
883 284 870 910
883 285 870 85
893 286 870 1851
894 287 870 528
895 288 870 630
898 289 870 1291
898 290 870 224
905 291 870 1718
905 292 870 114
907 293 870 995
909 294 870 1007
909 295 870 42
910 296 870 853
911 297 870 536
913 298 870 1120
915 299 870 868
917 300 870 1139
917 301 870 416
918 302 870 852
922 303 870 1443
927 304 870 1601
931 305 870 1445
934 306 870 1276
