5 0 1537 1604
8 1 1537 1207
8 2 1537 448
10 3 1537 911
17 4 1537 1713
18 5 1537 546
19 6 1537 563
23 7 1537 1351
23 8 1537 262
25 9 1537 1127
26 10 1537 504
26 11 1537 43
30 12 1537 1417
33 13 1537 1342
34 14 1537 751
35 15 1537 670
35 16 1537 125
39 22 1537 129
39 21 1537 354
39 20 1537 296
39 18 1537 194
39 17 1537 1437
39 19 1537 9
45 23 1537 1608
59 24 1537 1903
74 25 1537 1905
75 26 1537 590
82 27 1537 1723
85 28 1537 1264
90 29 1537 1537
98 30 1537 1775
99 31 1537 757
101 32 1537 1092
101 33 1537 301
101 34 1537 282
103 35 1537 1076
108 36 1537 1522
110 37 1537 971
118 38 1537 1783
119 39 1537 673
119 40 1537 251
120 41 1537 865
128 42 1537 1777
132 43 1537 1480
141 44 1537 1827
146 45 1537 1543
148 46 1537 938
152 47 1537 1413
152 48 1537 259
152 49 1537 86
153 50 1537 690
154 51 1537 605
158 52 1537 1352
163 53 1537 1579
168 54 1537 1605
171 55 1537 1250
173 56 1537 1077
174 57 1537 764
176 58 1537 933
183 59 1537 1732
195 60 1537 1881
196 61 1537 764
196 62 1537 86
197 63 1537 650
200 64 1537 1276
206 65 1537 1672
208 66 1537 876
210 67 1537 1115
212 68 1537 1060
217 69 1537 1599
219 70 1537 1072
221 71 1537 1079
226 72 1537 1579
230 73 1537 1446
236 74 1537 1682
240 75 1537 1356
241 76 1537 501
242 77 1537 573
249 78 1537 1706
249 79 1537 359
251 80 1537 967
253 81 1537 1101
257 82 1537 1464
260 83 1537 1178
261 84 1537 846
264 85 1537 1169
267 86 1537 1329
271 87 1537 1437
272 88 1537 620
274 89 1537 957
298 90 1537 1923
299 91 1537 757
299 92 1537 37
299 93 1537 50
300 94 1537 717
304 95 1537 1411
305 96 1537 779
307 97 1537 1127
307 98 1537 203
307 99 1537 154
308 100 1537 667
315 101 1537 1748
315 102 1537 353
316 103 1537 584
318 104 1537 938
323 105 1537 1536
325 106 1537 951
335 107 1537 1831
344 108 1537 1821
344 109 1537 249
345 110 1537 748
346 111 1537 503
348 112 1537 982
349 113 1537 574
350 114 1537 765
351 115 1537 779
354 116 1537 1225
355 117 1537 832
362 118 1537 1728
362 119 1537 107
362 120 1537 342
366 123 1537 102
366 122 1537 495
366 121 1537 1363
371 124 1537 1601
371 125 1537 314
373 126 1537 1041
378 127 1537 1528
379 128 1537 729
379 129 1537 271
380 130 1537 577
383 132 1537 370
383 131 1537 1299
388 133 1537 1551
394 134 1537 1616
397 135 1537 1143
398 136 1537 747
400 137 1537 879
400 138 1537 239
403 140 1537 217
403 139 1537 1235
407 141 1537 1422
412 142 1537 1541
412 143 1537 371
412 144 1537 208
416 145 1537 1419
423 146 1537 1700
427 147 1537 1387
430 148 1537 1209
441 150 1537 185
441 149 1537 1862
452 151 1537 1871
455 153 1537 96
455 152 1537 1323
462 154 1537 1737
465 155 1537 1229
468 156 1537 1252
468 157 1537 250
470 158 1537 908
471 159 1537 623
471 160 1537 494
475 161 1537 1348
477 162 1537 1102
482 163 1537 1550
487 164 1537 1597
491 165 1537 1374
491 166 1537 133
495 167 1537 1355
497 168 1537 883
502 170 1537 31
502 171 1537 346
502 169 1537 1546
503 172 1537 592
503 173 1537 493
512 174 1537 1814
513 175 1537 844
520 176 1537 1747
520 177 1537 124
529 179 1537 181
529 178 1537 1818
530 180 1537 539
535 181 1537 1578
535 182 1537 318
536 183 1537 791
536 184 1537 85
537 185 1537 630
551 186 1537 1900
551 187 1537 273
558 189 1537 386
558 188 1537 1739
567 191 1537 497
567 190 1537 1816
580 192 1537 1895
585 193 1537 1541
586 194 1537 740
587 195 1537 794
587 196 1537 320
604 197 1537 1915
605 198 1537 698
606 199 1537 759
609 201 1537 344
609 200 1537 1286
610 202 1537 504
615 203 1537 1588
625 204 1537 1830
633 205 1537 1764
636 206 1537 1279
637 207 1537 830
637 208 1537 207
639 209 1537 892
643 210 1537 1407
645 211 1537 1128
645 212 1537 357
646 213 1537 727
646 214 1537 84
647 215 1537 841
649 216 1537 1030
649 217 1537 310
653 218 1537 1465
655 219 1537 966
659 220 1537 1398
667 221 1537 1785
672 222 1537 1541
672 223 1537 497
678 224 1537 1655
682 225 1537 1459
682 226 1537 376
684 227 1537 976
690 228 1537 1678
692 229 1537 1019
693 230 1537 524
701 231 1537 1756
705 232 1537 1350
707 233 1537 1059
708 234 1537 820
708 235 1537 195
710 236 1537 1074
711 237 1537 655
713 239 1537 245
713 238 1537 885
716 240 1537 1276
718 241 1537 1070
718 242 1537 66
719 243 1537 847
721 244 1537 904
722 245 1537 688
722 246 1537 139
725 247 1537 1167
729 248 1537 1457
738 249 1537 1823
745 250 1537 1689
745 251 1537 9
745 252 1537 450
751 253 1537 1657
754 254 1537 1285
758 255 1537 1425
759 257 1537 7
759 256 1537 727
770 258 1537 1857
770 259 1537 371
774 260 1537 1388
774 261 1537 302
776 262 1537 1076
778 263 1537 1112
778 264 1537 368
783 265 1537 1575
790 266 1537 1702
793 267 1537 1222
803 268 1537 1832
812 269 1537 1813
819 270 1537 1691
819 271 1537 374
823 272 1537 1350
826 273 1537 1219
832 274 1537 1615
832 275 1537 328
839 276 1537 1718
840 277 1537 694
845 278 1537 1517
847 279 1537 967
850 280 1537 1319
852 281 1537 1133
856 282 1537 1444
864 283 1537 1779
867 284 1537 1255
868 285 1537 514
871 286 1537 1306
877 287 1537 1618
884 288 1537 1698
887 289 1537 1319
891 290 1537 1392
893 291 1537 1067
894 292 1537 722
895 293 1537 514
896 294 1537 782
898 295 1537 973
916 296 1537 1918
918 297 1537 879
918 298 1537 478
921 299 1537 1253
923 300 1537 910
924 301 1537 841
927 302 1537 1260
932 303 1537 1568
932 304 1537 132
935 305 1537 1314
936 306 1537 584
