0 0 319 266
0 1 319 60
1 2 319 708
3 3 319 1073
5 4 319 873
11 5 319 1658
11 6 319 188
16 8 319 396
16 7 319 1596
18 9 319 1061
20 10 319 1057
20 11 319 112
27 12 319 1711
33 13 319 1684
34 14 319 812
39 15 319 1528
53 16 319 1902
54 18 319 287
54 17 319 832
68 19 319 1896
73 20 319 1602
75 21 319 1137
75 22 319 273
78 23 319 1199
83 24 319 1566
87 25 319 1414
88 26 319 543
93 27 319 1548
97 28 319 1476
103 29 319 1650
104 30 319 720
116 31 319 1876
119 32 319 1298
122 33 319 1299
123 34 319 599
126 35 319 1207
128 36 319 974
131 37 319 1309
133 38 319 954
141 39 319 1777
142 40 319 744
143 41 319 562
147 42 319 1392
151 43 319 1444
154 44 319 1219
160 45 319 1639
161 46 319 817
165 47 319 1367
167 48 319 1019
169 49 319 958
171 50 319 973
172 51 319 665
172 52 319 245
180 53 319 1781
184 54 319 1429
186 55 319 1054
193 56 319 1712
197 57 319 1433
201 58 319 1432
205 59 319 1383
207 60 319 1114
208 61 319 564
208 62 319 119
209 63 319 671
209 64 319 341
211 65 319 1106
212 67 319 412
212 66 319 739
214 68 319 1084
219 69 319 1529
220 70 319 554
221 71 319 592
230 72 319 1802
230 73 319 434
233 74 319 1152
235 75 319 1039
241 76 319 1670
242 77 319 753
257 78 319 1904
267 79 319 1851
268 80 319 596
270 81 319 1101
271 82 319 528
272 83 319 517
273 85 319 55
273 84 319 676
279 86 319 1630
283 87 319 1441
291 88 319 1794
295 89 319 1470
299 90 319 1420
303 91 319 1465
312 92 319 1802
317 93 319 1495
318 96 319 443
318 95 319 179
318 94 319 663
319 97 319 721
321 98 319 1103
321 99 319 113
323 100 319 900
323 101 319 405
323 102 319 282
327 104 319 403
327 105 319 381
327 103 319 1414
328 106 319 787
335 107 319 1736
336 108 319 629
336 109 319 390
339 110 319 1308
341 111 319 958
345 112 319 1453
350 113 319 1505
351 116 319 35
351 114 319 787
351 115 319 13
356 117 319 1527
375 118 319 1919
375 119 319 285
379 120 319 1400
382 121 319 1222
383 122 319 543
388 123 319 1538
388 124 319 109
390 125 319 1014
391 126 319 714
391 127 319 307
398 128 319 1696
400 129 319 972
401 130 319 596
403 131 319 949
408 132 319 1575
416 133 319 1791
418 135 319 191
418 134 319 951
419 136 319 819
421 137 319 1039
421 138 319 113
421 139 319 295
424 140 319 1192
433 141 319 1819
434 142 319 811
438 143 319 1404
438 144 319 162
438 145 319 462
438 146 319 11
438 147 319 296
439 148 319 708
440 149 319 650
440 150 319 143
441 151 319 841
442 152 319 726
443 153 319 817
444 154 319 638
449 155 319 1602
457 156 319 1786
458 157 319 668
461 158 319 1305
464 159 319 1314
469 161 319 480
469 162 319 39
469 160 319 1591
474 163 319 1581
481 164 319 1718
481 165 319 359
484 166 319 1308
489 167 319 1587
490 168 319 554
491 169 319 595
493 170 319 1118
495 171 319 921
499 172 319 1413
505 173 319 1624
507 174 319 1018
512 175 319 1506
512 176 319 411
514 177 319 1064
518 178 319 1376
523 179 319 1572
525 181 319 418
525 180 319 1002
530 182 319 1523
532 183 319 1046
533 184 319 828
539 185 319 1680
539 186 319 222
540 187 319 757
543 188 319 1153
546 190 319 329
546 191 319 150
546 189 319 1274
552 192 319 1659
553 193 319 723
554 194 319 629
555 195 319 712
563 196 319 1779
566 197 319 1154
572 198 319 1610
579 199 319 1727
581 201 319 348
581 200 319 1078
587 202 319 1667
587 203 319 112
591 204 319 1456
594 205 319 1147
598 206 319 1352
600 207 319 1027
607 208 319 1724
609 209 319 1056
612 210 319 1191
613 211 319 722
616 212 319 1216
622 213 319 1658
622 214 319 312
625 215 319 1172
627 216 319 881
629 217 319 918
630 220 319 136
630 219 319 38
630 218 319 752
631 221 319 550
631 222 319 434
634 223 319 1204
634 224 319 265
636 225 319 967
639 226 319 1187
640 227 319 689
642 228 319 994
642 229 319 306
648 230 319 1652
651 231 319 1181
655 232 319 1378
660 233 319 1573
660 234 319 493
661 235 319 653
662 236 319 676
666 237 319 1410
671 238 319 1515
676 240 319 327
676 239 319 1606
678 241 319 1120
680 242 319 958
680 243 319 96
680 244 319 82
685 245 319 1532
686 246 319 859
686 247 319 1
686 248 319 411
690 249 319 1381
698 250 319 1755
699 251 319 860
699 252 319 401
704 253 319 1572
709 254 319 1591
710 255 319 528
720 256 319 1839
720 257 319 462
728 259 319 488
728 258 319 1772
740 260 319 1884
741 261 319 663
741 262 319 32
745 263 319 1418
748 264 319 1329
748 265 319 10
751 266 319 1268
756 267 319 1567
759 268 319 1164
764 269 319 1583
764 270 319 496
768 271 319 1395
771 272 319 1328
773 273 319 1071
779 274 319 1635
781 275 319 941
786 277 319 338
786 276 319 1517
788 278 319 1122
789 279 319 658
789 280 319 108
792 281 319 1186
792 282 319 278
797 283 319 1538
797 284 319 475
798 285 319 791
799 286 319 779
806 287 319 1731
821 288 319 1907
834 289 319 1890
835 290 319 739
835 291 319 213
840 292 319 1563
842 293 319 1026
848 294 319 1647
853 295 319 1589
855 296 319 1087
859 297 319 1465
860 298 319 691
860 299 319 72
860 300 319 263
863 301 319 1216
864 302 319 761
865 303 319 752
867 304 319 885
867 305 319 360
871 306 319 1457
