4 0 1688 1430
7 1 1688 1269
8 2 1688 680
10 3 1688 991
10 4 1688 380
28 5 1688 1916
29 6 1688 604
34 7 1688 1604
36 8 1688 1020
42 9 1688 1669
44 10 1688 1031
49 11 1688 1521
51 12 1688 1020
56 13 1688 1527
63 14 1688 1693
65 15 1688 1046
69 19 1688 397
69 18 1688 485
69 16 1688 1347
69 17 1688 474
82 20 1688 1887
82 21 1688 356
83 22 1688 855
89 23 1688 1617
93 24 1688 1425
93 25 1688 353
97 27 1688 478
97 28 1688 456
97 26 1688 1383
102 29 1688 1556
103 30 1688 700
103 31 1688 328
104 32 1688 700
106 33 1688 1074
106 34 1688 170
111 35 1688 1561
112 38 1688 281
112 37 1688 128
112 36 1688 812
113 39 1688 530
113 40 1688 31
116 41 1688 1219
118 42 1688 920
118 43 1688 396
121 45 1688 80
121 46 1688 136
121 44 1688 1275
124 47 1688 1172
128 48 1688 1482
131 49 1688 1171
139 50 1688 1782
140 53 1688 419
140 51 1688 630
140 52 1688 455
148 54 1688 1771
150 56 1688 414
150 55 1688 1073
152 57 1688 987
156 58 1688 1490
156 59 1688 26
157 60 1688 533
157 61 1688 126
160 62 1688 1148
164 63 1688 1389
166 64 1688 968
167 65 1688 702
168 66 1688 821
179 67 1688 1871
183 68 1688 1356
183 69 1688 132
183 70 1688 234
186 71 1688 1219
186 72 1688 193
198 73 1688 1879
198 74 1688 365
199 75 1688 668
203 76 1688 1360
203 77 1688 459
203 78 1688 342
206 79 1688 1344
206 80 1688 217
206 81 1688 210
208 82 1688 920
211 83 1688 1210
218 84 1688 1698
218 85 1688 70
227 86 1688 1798
227 87 1688 280
230 88 1688 1227
232 89 1688 1022
235 90 1688 1147
242 91 1688 1749
243 93 1688 254
243 92 1688 563
265 94 1688 1922
275 95 1688 1830
275 96 1688 71
279 97 1688 1456
283 98 1688 1352
284 99 1688 572
287 101 1688 189
287 100 1688 1184
294 102 1688 1741
298 103 1688 1350
300 104 1688 936
301 105 1688 563
301 106 1688 436
302 107 1688 501
302 108 1688 53
304 109 1688 1103
310 110 1688 1637
322 111 1688 1879
323 113 1688 145
323 112 1688 645
330 114 1688 1733
330 115 1688 322
332 116 1688 1130
343 117 1688 1863
349 118 1688 1615
351 119 1688 898
352 120 1688 829
353 121 1688 540
354 123 1688 333
354 122 1688 644
356 124 1688 910
356 125 1688 409
357 126 1688 655
368 127 1688 1863
380 128 1688 1881
380 129 1688 460
381 130 1688 597
390 131 1688 1828
392 132 1688 1032
399 133 1688 1694
399 134 1688 160
399 135 1688 28
399 136 1688 394
404 137 1688 1495
404 138 1688 273
406 139 1688 1134
411 140 1688 1558
414 143 1688 124
414 141 1688 1297
414 142 1688 226
417 144 1688 1309
420 145 1688 1192
422 148 1688 445
422 146 1688 1104
422 147 1688 418
427 149 1688 1600
428 150 1688 700
428 151 1688 132
436 153 1688 453
436 152 1688 1766
442 154 1688 1668
443 155 1688 644
447 156 1688 1470
451 157 1688 1407
451 158 1688 439
452 159 1688 527
462 161 1688 497
462 160 1688 1833
463 162 1688 544
468 163 1688 1518
469 164 1688 506
476 165 1688 1733
477 166 1688 847
479 167 1688 875
495 168 1688 1910
502 169 1688 1705
512 170 1688 1853
517 171 1688 1559
522 172 1688 1590
522 173 1688 480
525 174 1688 1264
529 175 1688 1457
529 176 1688 313
530 177 1688 520
532 178 1688 949
538 179 1688 1642
541 180 1688 1229
541 181 1688 237
545 182 1688 1418
545 183 1688 281
551 184 1688 1684
551 185 1688 464
551 186 1688 62
552 187 1688 578
552 188 1688 26
556 190 1688 482
556 189 1688 1440
558 191 1688 911
560 192 1688 1055
566 193 1688 1670
569 194 1688 1226
571 195 1688 1061
572 196 1688 752
573 197 1688 632
578 198 1688 1542
583 202 1688 433
583 201 1688 229
583 199 1688 1500
583 200 1688 344
584 203 1688 664
590 204 1688 1671
592 205 1688 1066
592 206 1688 467
595 207 1688 1285
597 210 1688 330
597 209 1688 210
597 208 1688 1113
599 211 1688 950
599 212 1688 458
600 213 1688 722
603 214 1688 1222
608 215 1688 1595
610 216 1688 1004
610 217 1688 262
618 218 1688 1759
618 219 1688 41
624 220 1688 1671
624 221 1688 269
625 222 1688 849
625 223 1688 469
628 224 1688 1222
630 225 1688 942
631 226 1688 503
641 227 1688 1844
644 229 1688 203
644 228 1688 1179
645 230 1688 704
650 231 1688 1606
652 232 1688 902
656 233 1688 1373
659 234 1688 1297
661 235 1688 1000
668 236 1688 1729
669 237 1688 753
670 238 1688 535
671 239 1688 618
692 240 1688 1921
693 241 1688 702
697 242 1688 1389
704 243 1688 1740
706 244 1688 1110
710 247 1688 333
710 248 1688 447
710 245 1688 1457
710 246 1688 452
715 249 1688 1555
715 250 1688 56
715 251 1688 490
716 252 1688 798
721 253 1688 1501
729 254 1688 1754
729 255 1688 75
732 256 1688 1304
745 257 1688 1888
749 258 1688 1367
750 259 1688 729
751 260 1688 562
752 261 1688 548
752 262 1688 106
754 263 1688 910
758 264 1688 1431
759 265 1688 649
759 266 1688 47
761 267 1688 1010
765 268 1688 1349
765 269 1688 221
773 270 1688 1791
773 271 1688 251
779 272 1688 1651
781 273 1688 1140
781 274 1688 45
783 275 1688 968
784 276 1688 804
786 277 1688 1034
789 278 1688 1283
796 279 1688 1690
796 280 1688 489
796 281 1688 169
800 282 1688 1396
805 283 1688 1548
805 284 1688 146
805 285 1688 213
806 286 1688 807
809 287 1688 1326
814 288 1688 1543
817 289 1688 1221
823 290 1688 1621
831 291 1688 1765
834 292 1688 1311
841 293 1688 1731
841 294 1688 55
845 295 1688 1373
846 296 1688 596
846 297 1688 479
846 298 1688 308
846 299 1688 460
850 300 1688 1410
854 301 1688 1367
856 302 1688 908
856 303 1688 225
863 304 1688 1689
870 305 1688 1730
871 306 1688 763
