6 0 1170 1674
9 1 1170 1183
10 2 1170 589
19 3 1170 1804
20 4 1170 753
20 5 1170 128
22 6 1170 1082
30 7 1170 1772
32 9 1170 61
32 8 1170 1041
37 10 1170 1545
40 11 1170 1175
41 12 1170 778
41 13 1170 349
41 14 1170 167
57 15 1170 1910
58 16 1170 756
65 21 1170 362
65 22 1170 81
65 20 1170 274
65 18 1170 376
65 17 1170 1750
65 19 1170 226
72 23 1170 1695
75 24 1170 1218
77 25 1170 1128
79 26 1170 1142
80 27 1170 771
83 28 1170 1336
88 29 1170 1548
95 30 1170 1740
96 31 1170 733
98 32 1170 919
98 33 1170 219
102 34 1170 1474
107 35 1170 1584
114 36 1170 1725
117 38 1170 365
117 37 1170 1156
120 39 1170 1250
121 40 1170 766
131 41 1170 1844
132 42 1170 608
133 43 1170 751
135 44 1170 914
136 45 1170 858
142 46 1170 1632
153 47 1170 1865
159 48 1170 1636
160 49 1170 846
163 50 1170 1215
165 51 1170 983
167 52 1170 906
170 53 1170 1212
173 54 1170 1243
176 55 1170 1311
178 56 1170 1102
179 57 1170 819
180 58 1170 586
185 59 1170 1550
187 60 1170 910
187 61 1170 310
187 62 1170 436
191 63 1170 1417
191 64 1170 245
192 66 1170 255
192 65 1170 811
193 67 1170 558
194 68 1170 800
195 69 1170 507
195 70 1170 185
200 71 1170 1525
204 72 1170 1384
206 73 1170 1050
210 74 1170 1385
210 75 1170 354
216 76 1170 1679
219 77 1170 1254
220 78 1170 780
220 79 1170 360
224 80 1170 1420
227 81 1170 1201
229 82 1170 1060
229 83 1170 489
229 84 1170 333
230 85 1170 757
238 86 1170 1752
244 87 1170 1632
246 88 1170 901
246 89 1170 162
246 90 1170 482
248 91 1170 906
249 92 1170 570
250 95 1170 455
250 94 1170 339
250 93 1170 740
254 96 1170 1407
256 97 1170 1116
257 98 1170 505
257 99 1170 103
258 100 1170 602
260 101 1170 1074
262 102 1170 1065
264 103 1170 1128
265 104 1170 660
271 105 1170 1615
276 106 1170 1523
284 107 1170 1780
292 108 1170 1752
294 109 1170 888
299 110 1170 1556
307 113 1170 226
307 114 1170 129
307 111 1170 1772
307 112 1170 38
313 115 1170 1634
316 116 1170 1174
327 117 1170 1871
329 118 1170 1083
333 119 1170 1413
335 120 1170 984
336 121 1170 547
341 122 1170 1582
342 123 1170 637
342 124 1170 24
345 125 1170 1204
347 126 1170 955
348 127 1170 643
349 128 1170 711
351 129 1170 929
353 130 1170 872
354 131 1170 563
355 132 1170 748
356 133 1170 677
362 134 1170 1682
362 135 1170 346
362 136 1170 136
373 137 1170 1856
381 138 1170 1754
382 139 1170 643
385 140 1170 1158
399 141 1170 1896
408 143 1170 12
408 142 1170 1805
409 144 1170 530
410 145 1170 635
411 146 1170 867
411 147 1170 344
412 148 1170 611
413 149 1170 629
416 150 1170 1206
420 151 1170 1460
420 152 1170 32
422 153 1170 1017
424 154 1170 1043
424 155 1170 55
428 156 1170 1417
428 157 1170 427
430 158 1170 1103
434 159 1170 1381
435 160 1170 660
437 161 1170 880
439 162 1170 1069
440 164 1170 16
440 163 1170 823
442 165 1170 993
444 166 1170 1023
447 167 1170 1286
447 168 1170 468
454 169 1170 1708
459 170 1170 1498
462 174 1170 254
462 173 1170 440
462 172 1170 117
462 171 1170 1243
464 175 1170 1012
465 176 1170 666
470 177 1170 1569
470 178 1170 106
473 179 1170 1314
473 180 1170 337
474 183 1170 81
474 182 1170 32
474 181 1170 611
480 184 1170 1647
483 185 1170 1336
484 186 1170 530
490 187 1170 1656
495 188 1170 1558
501 189 1170 1626
502 190 1170 853
508 191 1170 1633
509 192 1170 752
509 193 1170 373
524 194 1170 1908
524 195 1170 278
525 196 1170 827
527 197 1170 982
547 198 1170 1921
551 199 1170 1462
556 200 1170 1537
561 201 1170 1506
570 202 1170 1800
571 203 1170 827
573 204 1170 1056
586 205 1170 1887
589 206 1170 1343
594 207 1170 1517
595 208 1170 763
595 209 1170 30
598 210 1170 1313
606 211 1170 1772
606 212 1170 320
613 213 1170 1714
615 214 1170 1044
615 215 1170 49
616 216 1170 847
618 217 1170 987
620 218 1170 1100
621 220 1170 462
621 219 1170 604
624 221 1170 1292
630 222 1170 1652
631 223 1170 766
632 224 1170 854
640 225 1170 1789
640 226 1170 490
646 227 1170 1669
646 228 1170 456
660 230 1170 185
660 229 1170 1900
666 231 1170 1609
671 232 1170 1573
672 233 1170 569
679 234 1170 1702
680 235 1170 755
681 236 1170 735
683 237 1170 1129
685 238 1170 949
691 239 1170 1685
709 240 1170 1917
711 241 1170 938
713 242 1170 892
718 243 1170 1528
718 244 1170 313
720 245 1170 1006
723 246 1170 1312
725 247 1170 962
728 248 1170 1254
739 249 1170 1859
743 250 1170 1356
751 251 1170 1764
760 252 1170 1807
763 253 1170 1316
765 254 1170 999
765 255 1170 244
773 256 1170 1779
775 257 1170 1033
789 258 1170 1897
792 259 1170 1192
796 260 1170 1396
801 261 1170 1599
803 262 1170 1060
804 263 1170 788
812 264 1170 1770
818 265 1170 1629
818 266 1170 198
824 269 1170 288
824 268 1170 12
824 267 1170 1676
827 270 1170 1238
833 271 1170 1642
833 272 1170 37
836 273 1170 1340
837 274 1170 612
841 275 1170 1449
841 276 1170 399
841 277 1170 124
841 278 1170 453
849 279 1170 1773
849 280 1170 476
853 281 1170 1452
853 282 1170 415
854 283 1170 522
855 284 1170 544
855 285 1170 345
862 287 1170 257
862 286 1170 1727
866 288 1170 1494
870 289 1170 1457
872 290 1170 901
878 291 1170 1627
881 292 1170 1157
887 295 1170 318
887 293 1170 1682
887 294 1170 288
896 296 1170 1802
896 297 1170 104
902 298 1170 1682
903 299 1170 609
904 300 1170 807
909 301 1170 1561
911 302 1170 950
913 303 1170 965
914 304 1170 620
920 305 1170 1638
927 306 1170 1726
