4 0 449 1494
11 1 449 1700
12 2 449 516
16 3 449 1418
16 4 449 180
18 5 449 1030
22 6 449 1390
23 7 449 630
28 8 449 1589
32 9 449 1351
35 10 449 1196
35 11 449 288
36 12 449 721
42 13 449 1676
45 14 449 1181
48 15 449 1255
49 16 449 797
59 18 449 312
59 17 449 1833
62 19 449 1151
62 20 449 311
62 21 449 405
62 22 449 322
62 23 449 56
67 24 449 1584
67 25 449 225
71 27 449 401
71 26 449 1487
73 28 449 1012
73 29 449 468
76 30 449 1253
85 31 449 1815
89 32 449 1353
89 33 449 184
92 34 449 1286
94 35 449 876
97 36 449 1342
98 38 449 358
98 37 449 777
114 39 449 1911
117 40 449 1202
119 41 449 1016
119 42 449 151
119 43 449 475
122 44 449 1338
124 45 449 1002
124 46 449 250
125 47 449 668
126 48 449 860
129 49 449 1193
136 50 449 1722
140 51 449 1449
140 52 449 477
140 53 449 440
140 54 449 20
142 55 449 1089
146 57 449 459
146 56 449 1378
154 58 449 1758
166 59 449 1879
170 60 449 1467
172 61 449 989
177 62 449 1543
179 63 449 1120
179 64 449 97
182 65 449 1305
183 66 449 859
184 67 449 537
184 68 449 389
184 69 449 304
194 70 449 1838
194 71 449 19
198 72 449 1474
198 73 449 325
210 74 449 1873
213 76 449 254
213 75 449 1220
221 77 449 1772
222 78 449 643
223 79 449 581
237 80 449 1899
238 81 449 819
242 82 449 1465
249 83 449 1743
250 84 449 671
257 85 449 1728
260 86 449 1338
262 87 449 912
262 88 449 163
262 89 449 197
266 90 449 1423
268 91 449 882
270 95 449 212
270 94 449 444
270 92 449 944
270 93 449 404
274 96 449 1398
276 97 449 955
276 98 449 377
276 99 449 32
276 100 449 142
282 102 449 279
282 101 449 1638
283 103 449 555
286 104 449 1280
293 105 449 1702
307 106 449 1900
307 107 449 152
307 108 449 491
308 109 449 725
309 110 449 835
314 111 449 1531
321 112 449 1741
324 113 449 1176
339 114 449 1905
340 115 449 648
344 116 449 1449
351 117 449 1724
351 118 449 449
351 119 449 294
364 120 449 1892
375 121 449 1871
375 122 449 373
375 123 449 191
376 124 449 806
378 125 449 955
380 126 449 1000
382 127 449 1070
391 128 449 1805
397 129 449 1660
404 130 449 1746
407 131 449 1223
411 132 449 1394
412 135 449 260
412 133 449 610
412 134 449 438
413 136 449 540
415 137 449 910
415 138 449 463
417 139 449 893
425 140 449 1753
428 141 449 1185
428 142 449 420
432 143 449 1363
435 144 449 1287
444 145 449 1817
446 146 449 1066
453 147 449 1692
453 148 449 423
460 149 449 1721
461 150 449 688
466 151 449 1598
467 155 449 195
467 154 449 65
467 153 449 83
467 152 449 505
470 156 449 1265
470 157 449 87
476 158 449 1674
476 159 449 325
477 160 449 701
478 161 449 830
478 162 449 271
479 163 449 756
481 164 449 903
486 165 449 1536
486 166 449 136
488 167 449 1131
489 168 449 738
495 169 449 1645
495 170 449 108
496 171 449 539
499 172 449 1261
503 174 449 466
503 173 449 1480
504 175 449 706
508 176 449 1450
510 177 449 934
511 178 449 828
513 179 449 913
522 180 449 1814
525 181 449 1233
526 183 449 84
526 182 449 646
528 184 449 972
528 185 449 147
529 186 449 717
532 187 449 1311
533 188 449 544
533 189 449 242
535 191 449 452
535 190 449 920
538 194 449 191
538 192 449 1160
538 193 449 138
540 195 449 922
542 196 449 914
547 197 449 1589
547 198 449 459
553 199 449 1676
559 200 449 1680
570 201 449 1859
572 202 449 954
573 203 449 703
579 204 449 1612
579 205 449 149
579 206 449 337
581 207 449 950
586 208 449 1541
589 209 449 1283
590 211 449 330
590 210 449 669
593 212 449 1183
594 213 449 760
594 214 449 436
598 215 449 1393
598 216 449 183
598 217 449 187
605 218 449 1708
606 219 449 755
607 220 449 818
608 221 449 750
609 222 449 586
609 223 449 495
610 224 449 724
615 225 449 1580
618 226 449 1303
620 227 449 1123
623 228 449 1288
627 229 449 1468
634 230 449 1717
642 231 449 1786
642 232 449 475
644 233 449 1077
647 234 449 1157
659 235 449 1879
659 236 449 279
670 237 449 1868
670 238 449 396
671 239 449 823
678 240 449 1735
685 241 449 1692
692 242 449 1694
695 243 449 1186
700 244 449 1497
701 245 449 589
704 246 449 1193
704 247 449 400
710 248 449 1626
711 249 449 723
712 250 449 738
713 251 449 727
722 252 449 1805
728 253 449 1628
729 254 449 857
731 255 449 930
734 256 449 1272
734 257 449 459
748 259 449 31
748 258 449 1903
749 260 449 771
751 261 449 1139
756 262 449 1586
756 263 449 72
760 264 449 1491
761 265 449 808
769 267 449 106
769 266 449 1780
774 269 449 481
774 268 449 1528
776 270 449 1114
776 271 449 240
783 272 449 1715
785 273 449 885
787 274 449 945
789 275 449 1051
791 276 449 980
794 277 449 1325
796 280 449 387
796 278 449 922
796 279 449 135
798 281 449 903
802 282 449 1421
803 283 449 565
804 284 449 729
806 285 449 989
821 286 449 1905
822 289 449 227
822 288 449 220
822 287 449 771
823 290 449 606
830 291 449 1745
843 292 449 1889
843 293 449 364
843 294 449 51
844 295 449 595
844 296 449 105
850 297 449 1621
856 298 449 1619
857 299 449 689
858 300 449 734
860 301 449 1086
861 302 449 796
864 303 449 1145
869 304 449 1534
869 305 449 498
871 306 449 937
