2 0 1816 877
4 1 1816 1075
9 2 1816 1542
13 3 1816 1346
21 4 1816 1756
22 5 1816 725
38 6 1816 1911
42 7 1816 1435
46 9 1816 353
46 8 1816 1493
48 10 1816 885
48 11 1816 188
50 12 1816 930
57 13 1816 1711
62 14 1816 1503
65 15 1816 1177
65 16 1816 308
66 17 1816 855
67 18 1816 518
68 19 1816 569
69 20 1816 685
70 21 1816 610
73 22 1816 1254
73 23 1816 85
77 24 1816 1425
81 25 1816 1455
83 27 1816 139
83 26 1816 950
87 28 1816 1433
90 29 1816 1194
90 30 1816 342
94 31 1816 1402
99 32 1816 1576
101 33 1816 1070
105 34 1816 1358
113 35 1816 1785
121 37 1816 245
121 38 1816 462
121 36 1816 1786
122 39 1816 509
125 40 1816 1211
130 41 1816 1530
134 42 1816 1373
135 43 1816 791
136 44 1816 502
136 45 1816 169
136 46 1816 476
139 47 1816 1148
142 48 1816 1299
144 49 1816 1006
148 50 1816 1377
149 51 1816 550
149 52 1816 299
150 53 1816 576
154 54 1816 1398
154 55 1816 266
161 56 1816 1745
165 57 1816 1456
175 58 1816 1845
175 59 1816 300
182 60 1816 1700
190 61 1816 1772
190 62 1816 2
190 63 1816 298
190 64 1816 11
194 65 1816 1407
195 66 1816 537
203 67 1816 1785
203 68 1816 353
209 69 1816 1643
212 70 1816 1316
212 71 1816 63
212 72 1816 392
212 73 1816 9
215 74 1816 1282
217 75 1816 1080
220 77 1816 462
220 76 1816 1162
225 78 1816 1508
228 79 1816 1256
230 80 1816 978
237 81 1816 1726
238 82 1816 765
238 83 1816 426
245 84 1816 1742
252 85 1816 1716
254 86 1816 1103
256 87 1816 999
261 88 1816 1596
263 89 1816 1091
263 90 1816 39
263 91 1816 329
263 92 1816 325
263 93 1816 161
264 94 1816 734
268 95 1816 1364
273 96 1816 1528
275 97 1816 1074
276 98 1816 780
278 99 1816 1019
283 100 1816 1557
284 101 1816 615
285 102 1816 794
290 103 1816 1581
296 104 1816 1614
299 107 1816 290
299 105 1816 1314
299 106 1816 157
302 108 1816 1218
302 109 1816 318
304 110 1816 1029
307 111 1816 1282
319 112 1816 1873
320 113 1816 589
323 114 1816 1247
337 115 1816 1898
339 116 1816 1007
344 117 1816 1500
344 118 1816 481
344 119 1816 219
344 120 1816 304
348 121 1816 1462
348 122 1816 189
351 123 1816 1186
356 124 1816 1603
358 125 1816 986
364 126 1816 1662
364 127 1816 231
367 128 1816 1200
377 129 1816 1843
381 130 1816 1476
381 131 1816 87
387 132 1816 1607
387 133 1816 488
393 135 1816 362
393 134 1816 1623
395 136 1816 932
397 137 1816 1108
398 138 1816 736
398 139 1816 427
403 140 1816 1559
404 141 1816 812
411 142 1816 1706
414 144 1816 61
414 143 1816 1278
415 145 1816 682
415 146 1816 381
421 147 1816 1660
422 148 1816 839
423 151 1816 28
423 149 1816 760
423 150 1816 357
424 152 1816 593
425 153 1816 561
426 154 1816 715
426 155 1816 95
426 156 1816 426
431 157 1816 1533
445 158 1816 1902
446 159 1816 628
451 160 1816 1576
461 161 1816 1851
463 162 1816 1015
466 163 1816 1300
467 164 1816 766
469 165 1816 942
474 166 1816 1600
478 167 1816 1384
480 168 1816 890
482 169 1816 884
484 170 1816 966
493 171 1816 1823
494 173 1816 54
494 172 1816 763
495 174 1816 585
499 175 1816 1416
505 176 1816 1681
506 177 1816 835
508 178 1816 1124
510 179 1816 921
511 180 1816 605
511 181 1816 2
514 183 1816 439
514 182 1816 1316
518 184 1816 1486
522 185 1816 1448
526 186 1816 1419
528 187 1816 1046
535 188 1816 1698
540 189 1816 1528
551 190 1816 1861
554 191 1816 1323
556 192 1816 1130
556 193 1816 108
557 194 1816 775
563 195 1816 1632
570 196 1816 1722
570 197 1816 405
571 198 1816 511
573 199 1816 1044
575 200 1816 1006
577 201 1816 921
578 202 1816 770
590 203 1816 1880
597 204 1816 1719
597 205 1816 458
600 206 1816 1189
601 207 1816 538
615 208 1816 1900
618 210 1816 338
618 209 1816 1223
623 211 1816 1516
623 212 1816 408
625 213 1816 981
625 214 1816 22
630 215 1816 1574
631 216 1816 534
632 217 1816 576
639 218 1816 1738
642 219 1816 1243
646 220 1816 1447
647 221 1816 554
653 222 1816 1610
656 223 1816 1287
658 224 1816 948
663 225 1816 1567
664 226 1816 692
665 227 1816 654
668 228 1816 1203
670 229 1816 877
676 230 1816 1619
679 231 1816 1275
679 232 1816 324
679 233 1816 80
689 234 1816 1839
695 235 1816 1609
698 236 1816 1157
702 237 1816 1361
703 238 1816 644
705 240 1816 259
705 239 1816 1027
707 241 1816 880
709 242 1816 1070
709 243 1816 474
712 244 1816 1189
712 245 1816 345
714 246 1816 915
714 247 1816 149
714 248 1816 86
716 249 1816 1125
718 250 1816 1097
721 251 1816 1145
722 252 1816 592
725 253 1816 1193
730 254 1816 1521
730 255 1816 452
733 256 1816 1235
737 257 1816 1407
739 259 1816 151
739 258 1816 932
746 260 1816 1691
747 261 1816 534
750 262 1816 1260
752 263 1816 1023
757 264 1816 1528
759 265 1816 988
762 267 1816 327
762 266 1816 1191
764 270 1816 417
764 268 1816 1067
764 269 1816 338
766 271 1816 1098
777 272 1816 1856
778 273 1816 711
780 274 1816 983
781 275 1816 566
785 276 1816 1409
787 278 1816 97
787 277 1816 1135
788 279 1816 603
789 280 1816 651
790 281 1816 543
791 282 1816 568
791 283 1816 77
798 284 1816 1704
798 285 1816 474
799 286 1816 683
801 288 1816 483
801 287 1816 1055
805 289 1816 1387
805 290 1816 373
811 291 1816 1674
811 292 1816 429
811 293 1816 492
814 294 1816 1261
820 295 1816 1649
825 296 1816 1545
825 297 1816 46
827 298 1816 871
827 299 1816 201
829 300 1816 1078
830 301 1816 587
832 302 1816 1006
838 303 1816 1673
839 304 1816 708
864 305 1816 1924
867 306 1816 1214
