3 0 1607 1329
3 1 1607 183
5 2 1607 883
5 3 1607 357
7 4 1607 1050
10 5 1607 1143
11 6 1607 690
26 7 1607 1908
27 9 1607 20
27 8 1607 800
39 10 1607 1885
40 11 1607 587
52 12 1607 1882
52 13 1607 349
57 14 1607 1512
61 15 1607 1474
62 16 1607 706
63 17 1607 744
67 18 1607 1457
70 19 1607 1162
70 20 1607 15
71 21 1607 735
71 22 1607 262
79 23 1607 1777
85 24 1607 1627
88 25 1607 1188
88 26 1607 358
90 28 1607 319
90 27 1607 901
91 29 1607 617
92 30 1607 810
96 31 1607 1346
100 32 1607 1410
102 33 1607 902
102 34 1607 395
102 35 1607 25
103 36 1607 514
107 37 1607 1390
108 38 1607 735
108 39 1607 22
108 40 1607 335
108 41 1607 452
109 42 1607 640
109 43 1607 449
112 44 1607 1219
113 46 1607 11
113 45 1607 523
114 47 1607 825
123 48 1607 1806
128 49 1607 1497
129 50 1607 657
135 51 1607 1607
139 52 1607 1357
145 53 1607 1658
146 54 1607 526
147 55 1607 594
157 56 1607 1846
159 57 1607 1031
160 58 1607 655
168 59 1607 1786
169 60 1607 785
176 61 1607 1714
181 62 1607 1589
181 63 1607 183
183 64 1607 1135
184 65 1607 539
186 66 1607 1102
188 67 1607 980
200 68 1607 1878
204 69 1607 1486
206 70 1607 960
209 71 1607 1240
209 72 1607 9
213 73 1607 1434
214 74 1607 827
218 76 1607 94
218 75 1607 1487
225 77 1607 1737
226 78 1607 557
228 79 1607 1103
231 80 1607 1177
235 81 1607 1457
237 82 1607 1019
238 83 1607 746
250 84 1607 1884
252 85 1607 1127
269 86 1607 1913
275 87 1607 1677
275 88 1607 375
282 89 1607 1726
282 90 1607 104
286 91 1607 1407
287 92 1607 735
289 93 1607 873
292 94 1607 1162
293 95 1607 546
294 96 1607 788
294 97 1607 457
297 98 1607 1238
298 99 1607 680
302 100 1607 1346
304 101 1607 956
306 102 1607 872
306 103 1607 319
307 104 1607 537
310 105 1607 1341
315 106 1607 1598
325 107 1607 1847
326 108 1607 831
328 109 1607 964
329 110 1607 499
329 111 1607 108
329 112 1607 473
333 113 1607 1476
334 114 1607 609
337 115 1607 1252
338 116 1607 694
339 117 1607 843
339 118 1607 224
339 119 1607 8
340 120 1607 550
344 121 1607 1350
345 123 1607 152
345 122 1607 604
349 124 1607 1381
353 125 1607 1477
354 126 1607 505
356 127 1607 1061
356 128 1607 272
356 129 1607 280
357 130 1607 699
362 131 1607 1562
363 132 1607 499
372 133 1607 1802
378 134 1607 1682
378 135 1607 221
379 136 1607 585
380 137 1607 700
380 138 1607 208
381 139 1607 542
385 141 1607 66
385 140 1607 1454
386 142 1607 845
389 143 1607 1335
392 144 1607 1227
412 145 1607 1921
414 146 1607 934
417 147 1607 1184
417 148 1607 264
427 149 1607 1834
435 150 1607 1777
446 152 1607 233
446 151 1607 1869
449 154 1607 129
449 153 1607 1230
469 155 1607 1921
469 156 1607 351
470 157 1607 719
471 158 1607 863
473 159 1607 985
474 160 1607 836
475 161 1607 537
480 162 1607 1575
481 164 1607 265
481 163 1607 550
482 165 1607 861
487 166 1607 1534
488 167 1607 596
495 168 1607 1718
495 169 1607 387
496 170 1607 667
515 171 1607 1919
516 172 1607 634
521 175 1607 484
521 173 1607 1606
521 174 1607 479
522 176 1607 504
525 177 1607 1193
526 178 1607 850
530 179 1607 1385
531 180 1607 543
534 181 1607 1245
535 183 1607 362
535 182 1607 797
535 184 1607 428
536 185 1607 754
539 186 1607 1329
542 187 1607 1193
548 188 1607 1672
554 189 1607 1686
562 190 1607 1795
570 191 1607 1790
578 192 1607 1761
581 193 1607 1148
587 194 1607 1630
589 195 1607 916
589 196 1607 416
589 197 1607 295
591 200 1607 387
591 201 1607 337
591 198 1607 1070
591 199 1607 365
595 202 1607 1390
604 203 1607 1801
607 204 1607 1167
615 205 1607 1782
618 206 1607 1235
619 207 1607 551
620 208 1607 751
625 209 1607 1570
629 210 1607 1416
631 211 1607 1082
639 212 1607 1794
643 213 1607 1402
643 214 1607 442
648 215 1607 1515
654 216 1607 1665
657 217 1607 1212
657 218 1607 121
661 219 1607 1435
665 221 1607 340
665 220 1607 1457
666 222 1607 849
666 223 1607 32
667 224 1607 517
668 225 1607 801
668 226 1607 157
672 227 1607 1410
686 228 1607 1901
690 233 1607 484
690 232 1607 123
690 230 1607 68
690 231 1607 209
690 229 1607 1487
692 234 1607 998
692 235 1607 205
700 236 1607 1780
702 237 1607 920
704 238 1607 1120
705 239 1607 570
709 240 1607 1443
710 241 1607 778
710 242 1607 442
710 243 1607 101
710 244 1607 269
711 245 1607 712
731 246 1607 1920
731 247 1607 359
732 249 1607 114
732 248 1607 706
735 250 1607 1176
737 251 1607 1128
737 252 1607 173
742 253 1607 1559
743 254 1607 833
743 255 1607 46
747 256 1607 1413
751 257 1607 1357
754 259 1607 366
754 258 1607 1283
760 260 1607 1625
767 261 1607 1750
768 262 1607 575
771 263 1607 1189
776 264 1607 1502
779 265 1607 1207
781 266 1607 959
784 269 1607 236
784 267 1607 1310
784 268 1607 404
790 270 1607 1660
791 271 1607 744
791 272 1607 92
795 273 1607 1475
813 274 1607 1916
814 275 1607 678
823 276 1607 1822
824 277 1607 747
830 278 1607 1687
837 279 1607 1729
838 280 1607 805
845 281 1607 1723
846 282 1607 703
854 283 1607 1786
854 284 1607 310
855 287 1607 488
855 285 1607 864
855 286 1607 35
860 288 1607 1576
862 289 1607 951
863 290 1607 717
863 291 1607 422
868 292 1607 1562
869 293 1607 754
871 294 1607 870
877 295 1607 1618
877 296 1607 203
880 297 1607 1178
881 298 1607 524
883 299 1607 987
889 300 1607 1678
890 301 1607 610
902 304 1607 379
902 305 1607 432
902 302 1607 1879
902 303 1607 470
904 306 1607 1036
