0 0 429 428
0 1 429 178
1 2 429 800
5 3 429 1357
11 4 429 1681
13 5 429 889
16 6 429 1278
20 8 429 21
20 7 429 1440
21 9 429 713
38 10 429 1915
40 11 429 878
40 12 429 124
41 13 429 806
45 14 429 1376
46 15 429 577
49 16 429 1265
54 17 429 1563
61 18 429 1712
62 19 429 768
70 20 429 1765
73 21 429 1308
73 22 429 431
76 23 429 1174
76 24 429 417
83 25 429 1708
84 26 429 700
84 27 429 167
86 28 429 1047
87 29 429 754
88 30 429 576
90 31 429 1083
95 32 429 1546
103 33 429 1766
103 34 429 495
104 35 429 805
108 36 429 1472
109 38 429 264
109 37 429 719
110 39 429 589
112 40 429 1045
114 41 429 905
114 42 429 361
122 43 429 1787
130 44 429 1762
130 45 429 251
130 46 429 269
133 47 429 1176
139 48 429 1646
140 49 429 785
141 50 429 836
143 51 429 1097
143 52 429 173
146 53 429 1258
149 54 429 1154
151 55 429 1044
157 56 429 1671
162 57 429 1550
164 58 429 939
178 59 429 1898
178 60 429 188
180 61 429 1111
180 62 429 393
183 63 429 1192
183 64 429 136
184 65 429 831
187 68 429 311
187 66 429 1256
187 67 429 283
188 69 429 570
190 70 429 1029
191 71 429 546
194 72 429 1298
196 73 429 1122
202 74 429 1648
203 75 429 859
205 76 429 947
206 77 429 569
209 78 429 1337
209 79 429 165
213 80 429 1438
217 81 429 1449
217 82 429 445
217 83 429 261
227 84 429 1842
231 85 429 1404
233 86 429 909
233 87 429 287
234 88 429 611
238 89 429 1375
240 90 429 1058
250 91 429 1846
257 93 429 291
257 94 429 401
257 92 429 1704
268 95 429 1859
269 96 429 511
271 97 429 1093
277 98 429 1650
279 99 429 930
281 100 429 920
297 101 429 1911
298 102 429 864
300 103 429 1075
306 104 429 1681
306 105 429 289
313 106 429 1723
315 107 429 976
320 108 429 1534
320 109 429 295
320 110 429 97
322 111 429 1102
322 112 429 213
323 114 429 459
323 113 429 773
324 115 429 664
325 116 429 665
325 117 429 132
328 118 429 1274
329 119 429 657
339 120 429 1846
341 121 429 968
346 122 429 1596
347 123 429 860
351 124 429 1436
353 125 429 1107
354 126 429 766
356 127 429 1007
357 128 429 721
364 129 429 1714
364 130 429 347
372 131 429 1778
373 133 429 407
373 132 429 844
376 134 429 1170
380 135 429 1452
381 136 429 584
384 137 429 1294
385 138 429 505
390 139 429 1553
395 140 429 1605
406 141 429 1858
407 142 429 678
407 143 429 316
410 144 429 1278
422 145 429 1881
428 146 429 1633
430 147 429 930
438 148 429 1756
444 149 429 1661
447 151 429 379
447 150 429 1193
454 152 429 1744
456 153 429 993
458 154 429 1008
470 155 429 1876
470 156 429 314
470 157 429 4
475 158 429 1563
476 159 429 573
480 160 429 1447
481 162 429 254
481 161 429 716
488 163 429 1745
499 164 429 1872
499 165 429 243
499 166 429 257
506 167 429 1730
511 168 429 1528
513 170 429 80
513 169 429 932
516 171 429 1295
521 172 429 1552
527 173 429 1646
529 174 429 976
545 175 429 1913
545 176 429 290
548 177 429 1280
553 178 429 1507
557 179 429 1479
561 180 429 1399
569 181 429 1760
572 182 429 1176
574 183 429 985
575 184 429 520
588 185 429 1893
588 186 429 34
596 187 429 1776
599 188 429 1324
602 189 429 1219
604 190 429 1138
605 191 429 580
611 192 429 1656
622 193 429 1856
622 194 429 105
624 195 429 889
629 196 429 1604
630 197 429 857
630 198 429 369
632 199 429 1034
638 200 429 1624
647 201 429 1827
650 202 429 1327
651 203 429 824
656 204 429 1581
665 205 429 1823
666 206 429 752
666 207 429 97
666 208 429 16
668 209 429 1019
673 210 429 1585
675 211 429 958
675 212 429 421
675 213 429 83
677 214 429 1099
683 215 429 1612
687 216 429 1465
690 217 429 1194
693 218 429 1225
708 223 429 308
708 222 429 406
708 219 429 1903
708 220 429 209
708 221 429 406
715 224 429 1718
719 225 429 1425
724 226 429 1564
730 227 429 1620
735 229 429 87
735 230 429 308
735 228 429 1541
739 231 429 1358
741 232 429 911
741 233 429 473
749 234 429 1780
754 235 429 1496
754 236 429 433
754 237 429 351
757 238 429 1328
758 239 429 622
760 240 429 1141
771 241 429 1861
779 242 429 1759
779 243 429 304
784 244 429 1559
784 245 429 180
784 246 429 158
789 247 429 1572
790 249 429 418
790 248 429 757
794 250 429 1349
794 251 429 410
799 252 429 1557
799 253 429 390
800 254 429 824
803 255 429 1217
807 256 429 1421
809 257 429 1018
811 260 429 258
811 258 429 1030
811 259 429 156
813 261 429 1057
813 262 429 481
823 263 429 1853
824 265 429 226
824 264 429 711
824 266 429 47
836 268 429 228
836 267 429 1873
841 269 429 1527
844 270 429 1178
846 271 429 1113
854 272 429 1790
855 273 429 603
856 274 429 762
856 275 429 273
857 277 429 102
857 276 429 571
858 278 429 674
863 279 429 1538
866 280 429 1266
884 281 429 1917
885 282 429 862
887 283 429 1122
888 284 429 663
897 285 429 1823
904 286 429 1726
905 287 429 520
910 288 429 1574
911 289 429 562
911 290 429 74
914 291 429 1339
917 292 429 1245
920 293 429 1172
920 294 429 363
920 295 429 83
924 296 429 1379
934 297 429 1830
939 298 429 1518
942 299 429 1332
942 300 429 132
942 301 429 209
945 302 429 1344
948 303 429 1154
951 305 429 235
951 304 429 1164
952 306 429 545
