1 0 980 778
2 1 980 722
3 2 980 811
6 3 980 1344
7 4 980 623
7 5 980 341
11 6 980 1402
12 9 980 6
12 8 980 471
12 7 980 775
13 10 980 526
28 11 980 1905
29 12 980 605
34 13 980 1588
46 14 980 1884
46 15 980 119
47 16 980 571
52 17 980 1523
54 18 980 987
57 19 980 1221
63 20 980 1652
65 21 980 895
66 22 980 734
67 23 980 815
69 24 980 1090
71 25 980 998
71 26 980 6
73 27 980 1088
78 28 980 1579
79 29 980 859
81 30 980 920
83 31 980 886
83 32 980 230
96 33 980 1891
102 34 980 1648
108 38 980 324
108 37 980 20
108 36 980 430
108 35 980 1632
110 39 980 1013
111 40 980 820
116 41 980 1553
127 42 980 1854
130 43 980 1280
130 44 980 481
132 45 980 903
133 46 980 544
136 47 980 1246
141 48 980 1550
143 49 980 871
143 50 980 53
143 51 980 30
146 52 980 1180
146 53 980 424
149 54 980 1335
158 55 980 1807
174 56 980 1912
194 57 980 1920
194 58 980 254
199 59 980 1550
199 60 980 335
199 61 980 313
201 62 980 1121
206 63 980 1536
208 64 980 1011
213 65 980 1565
219 66 980 1675
220 67 980 638
231 68 980 1864
231 69 980 252
237 70 980 1613
238 71 980 550
241 72 980 1198
255 74 980 400
255 75 980 98
255 73 980 1898
257 76 980 966
261 77 980 1379
261 78 980 333
261 79 980 186
261 80 980 453
262 81 980 684
266 82 980 1462
267 83 980 707
268 84 980 806
270 85 980 889
276 86 980 1630
283 87 980 1731
284 88 980 556
292 89 980 1766
298 90 980 1644
298 91 980 434
305 92 980 1690
306 93 980 699
307 94 980 678
308 95 980 506
308 96 980 432
308 97 980 317
308 98 980 269
309 99 980 841
312 100 980 1153
322 101 980 1831
325 102 980 1307
328 103 980 1298
331 104 980 1182
335 105 980 1427
336 106 980 757
339 107 980 1207
339 108 980 23
342 109 980 1236
343 110 980 841
344 111 980 532
349 113 980 68
349 112 980 1587
351 114 980 1097
356 115 980 1575
357 116 980 776
357 117 980 413
358 118 980 730
358 119 980 121
369 120 980 1859
380 123 980 98
380 122 980 81
380 121 980 1868
381 124 980 532
384 125 980 1178
385 126 980 784
386 127 980 499
389 128 980 1219
398 129 980 1819
403 130 980 1591
404 131 980 648
406 132 980 1110
410 133 980 1417
412 134 980 958
413 135 980 546
416 136 980 1302
416 137 980 164
420 138 980 1449
423 141 980 423
423 140 980 131
423 139 980 1303
430 142 980 1708
433 143 980 1245
435 144 980 925
437 145 980 1111
438 146 980 772
444 147 980 1622
449 148 980 1527
451 149 980 1028
457 150 980 1654
457 151 980 18
462 153 980 147
462 152 980 1512
464 154 980 906
467 155 980 1209
474 156 980 1749
477 157 980 1208
478 158 980 765
478 159 980 4
479 161 980 258
479 160 980 642
495 162 980 1912
495 163 980 128
500 164 980 1569
500 165 980 192
504 166 980 1347
504 167 980 169
506 168 980 1035
507 169 980 550
507 170 980 272
508 171 980 611
510 172 980 888
514 173 980 1351
531 174 980 1914
535 175 980 1436
535 176 980 160
536 177 980 761
538 178 980 1097
542 179 980 1345
542 180 980 406
544 181 980 1087
546 182 980 897
546 183 980 191
546 184 980 164
551 185 980 1572
553 186 980 1061
555 187 980 963
556 188 980 511
562 189 980 1673
563 191 980 93
563 190 980 722
566 192 980 1324
570 193 980 1445
571 194 980 661
580 195 980 1798
580 196 980 436
585 197 980 1579
590 198 980 1600
591 199 980 732
598 200 980 1689
599 201 980 603
600 202 980 587
602 203 980 976
603 204 980 755
605 205 980 1042
607 206 980 1054
607 207 980 160
607 208 980 157
611 209 980 1395
613 210 980 1049
615 211 980 987
615 212 980 111
618 213 980 1344
623 214 980 1522
627 215 980 1480
630 216 980 1285
637 217 980 1721
650 218 980 1889
671 219 980 1922
673 220 980 1056
673 221 980 384
678 222 980 1583
681 223 980 1286
689 224 980 1752
689 225 980 179
692 226 980 1212
696 227 980 1368
697 229 980 116
697 228 980 690
699 230 980 999
700 231 980 506
702 232 980 1086
702 233 980 364
707 234 980 1581
714 235 980 1727
715 236 980 499
725 237 980 1845
729 238 980 1360
731 239 980 1046
732 240 980 517
734 241 980 900
735 242 980 805
737 243 980 1040
738 244 980 624
744 245 980 1660
759 246 980 1907
774 247 980 1905
784 248 980 1847
786 249 980 1105
787 250 980 513
788 251 980 640
794 252 980 1615
799 253 980 1603
804 254 980 1601
807 255 980 1305
809 256 980 944
812 257 980 1225
815 258 980 1148
816 259 980 576
824 260 980 1755
830 261 980 1611
834 262 980 1395
834 263 980 41
834 264 980 395
835 265 980 542
844 266 980 1826
850 267 980 1671
856 268 980 1687
863 269 980 1720
865 270 980 980
869 271 980 1365
869 272 980 360
870 273 980 842
874 274 980 1404
874 275 980 155
879 276 980 1503
880 277 980 542
881 278 980 662
881 279 980 92
881 280 980 196
884 281 980 1232
888 282 980 1445
893 283 980 1510
898 284 980 1527
898 285 980 359
899 286 980 816
903 287 980 1408
904 288 980 688
904 289 980 276
905 290 980 782
908 291 980 1198
909 292 980 696
910 293 980 784
913 294 980 1216
914 295 980 831
918 296 980 1430
919 297 980 764
920 298 980 644
920 299 980 81
928 300 980 1758
928 301 980 236
928 302 980 217
928 303 980 127
928 304 980 124
930 305 980 1072
930 306 980 280
