8 0 484 1763
18 1 484 1852
18 2 484 243
21 3 484 1191
22 4 484 580
29 5 484 1695
30 6 484 867
32 8 484 281
32 7 484 1084
33 9 484 629
37 10 484 1470
38 11 484 865
41 12 484 1189
45 13 484 1360
48 14 484 1174
48 15 484 164
49 16 484 509
53 17 484 1447
63 18 484 1832
68 19 484 1552
72 20 484 1470
74 21 484 1073
79 22 484 1594
88 23 484 1805
90 24 484 1047
90 25 484 313
90 26 484 269
100 28 484 376
100 27 484 1835
117 29 484 1913
118 30 484 646
123 31 484 1578
123 32 484 0
126 33 484 1165
128 34 484 1065
130 35 484 1006
133 36 484 1282
138 38 484 311
138 37 484 1566
140 39 484 934
140 40 484 196
141 41 484 815
141 42 484 344
141 43 484 173
143 44 484 978
148 45 484 1560
152 46 484 1465
154 50 484 307
154 49 484 238
154 47 484 1040
154 48 484 238
160 51 484 1638
177 52 484 1913
181 53 484 1444
181 54 484 82
182 59 484 267
182 58 484 144
182 57 484 363
182 56 484 257
182 55 484 689
186 60 484 1426
188 61 484 956
189 62 484 707
189 63 484 293
204 64 484 1908
213 65 484 1816
214 69 484 167
214 68 484 294
214 66 484 865
214 67 484 23
215 70 484 806
216 71 484 867
218 72 484 1136
220 73 484 897
224 74 484 1356
225 75 484 655
226 76 484 728
230 77 484 1421
231 78 484 826
235 79 484 1411
236 80 484 772
239 81 484 1153
244 82 484 1596
244 83 484 138
249 84 484 1605
251 85 484 933
256 87 484 480
256 86 484 1590
258 88 484 1083
258 89 484 376
259 90 484 748
261 91 484 919
265 92 484 1422
265 93 484 43
269 94 484 1433
272 98 484 190
272 97 484 51
272 95 484 1164
272 96 484 107
274 99 484 1087
275 100 484 695
279 101 484 1441
280 102 484 746
280 103 484 71
284 104 484 1356
288 105 484 1365
289 106 484 501
291 107 484 1015
291 108 484 88
295 109 484 1352
307 110 484 1885
308 111 484 761
312 112 484 1461
313 113 484 657
317 115 484 272
317 114 484 1419
320 116 484 1285
321 117 484 569
322 118 484 612
324 119 484 974
324 120 484 226
324 121 484 384
325 122 484 865
335 123 484 1843
338 124 484 1343
347 125 484 1811
351 126 484 1369
353 127 484 1092
357 128 484 1389
357 129 484 191
358 130 484 547
359 131 484 677
362 132 484 1230
368 133 484 1664
369 134 484 716
372 135 484 1255
372 136 484 407
377 137 484 1525
378 138 484 706
378 139 484 240
378 140 484 431
379 141 484 574
379 142 484 392
385 144 484 415
385 143 484 1656
401 145 484 1912
405 146 484 1382
406 147 484 765
407 148 484 548
410 149 484 1161
419 150 484 1804
423 151 484 1463
427 152 484 1364
429 153 484 1140
430 154 484 860
430 155 484 311
431 156 484 576
432 157 484 827
433 158 484 652
437 159 484 1469
456 160 484 1920
459 161 484 1334
464 162 484 1551
473 163 484 1822
474 164 484 804
477 165 484 1208
481 166 484 1455
488 167 484 1722
499 168 484 1865
499 169 484 164
507 170 484 1789
513 171 484 1684
521 173 484 372
521 172 484 1787
522 174 484 543
527 175 484 1577
545 176 484 1916
547 177 484 1134
551 178 484 1428
555 179 484 1356
555 180 484 429
556 181 484 604
557 184 484 311
557 182 484 543
557 183 484 227
559 185 484 1009
562 186 484 1237
562 187 484 90
563 189 484 405
563 188 484 803
564 190 484 678
569 191 484 1505
571 192 484 873
574 193 484 1161
574 194 484 245
576 195 484 1022
578 196 484 947
578 197 484 494
579 198 484 851
581 200 484 456
581 199 484 1131
586 201 484 1585
587 202 484 825
587 203 484 384
590 204 484 1296
590 205 484 119
595 206 484 1600
597 207 484 991
598 208 484 596
601 210 484 319
601 209 484 1208
605 211 484 1367
608 212 484 1324
611 213 484 1220
613 214 484 1040
616 215 484 1315
617 216 484 790
620 217 484 1323
625 218 484 1510
632 219 484 1719
645 220 484 1895
649 221 484 1364
651 222 484 918
655 223 484 1460
659 224 484 1410
659 225 484 284
660 226 484 811
661 228 484 126
661 227 484 626
665 229 484 1446
666 230 484 629
670 231 484 1422
670 232 484 282
670 233 484 296
672 234 484 899
673 235 484 768
680 236 484 1704
680 237 484 159
681 238 484 856
681 239 484 192
684 241 484 246
684 240 484 1334
688 242 484 1418
693 243 484 1519
693 244 484 86
696 245 484 1236
696 246 484 180
701 247 484 1577
701 248 484 120
702 250 484 232
702 249 484 854
707 251 484 1548
709 252 484 909
711 253 484 1056
714 254 484 1160
716 255 484 1016
717 256 484 666
720 257 484 1289
722 258 484 899
724 259 484 1012
727 260 484 1233
729 261 484 974
730 262 484 865
732 263 484 1075
733 264 484 579
734 265 484 822
736 266 484 1085
738 269 484 272
738 268 484 321
738 267 484 1028
743 270 484 1536
744 271 484 631
744 272 484 467
747 273 484 1318
747 274 484 385
753 275 484 1649
764 276 484 1871
767 277 484 1323
771 278 484 1373
771 279 484 174
771 280 484 103
774 281 484 1159
775 282 484 505
778 283 484 1197
781 284 484 1214
783 285 484 1005
784 286 484 512
787 287 484 1150
789 288 484 1060
798 289 484 1807
798 290 484 101
798 291 484 414
801 292 484 1185
809 293 484 1768
811 294 484 884
811 295 484 360
814 297 484 343
814 296 484 1305
816 298 484 940
819 299 484 1188
819 300 484 150
821 301 484 1077
824 302 484 1256
832 303 484 1773
835 304 484 1242
840 305 484 1525
842 306 484 1081
