4 0 736 1374
14 1 736 1846
17 2 736 1206
17 3 736 366
17 4 736 62
17 5 736 196
17 6 736 285
17 7 736 120
19 8 736 982
37 9 736 1918
40 10 736 1241
41 11 736 795
42 12 736 532
42 13 736 419
45 14 736 1334
46 15 736 820
48 16 736 1034
49 18 736 9
49 17 736 792
50 19 736 806
52 20 736 1070
52 21 736 81
52 22 736 92
52 23 736 192
55 24 736 1273
57 25 736 1097
70 26 736 1887
71 27 736 733
86 28 736 1905
88 29 736 1101
88 30 736 497
88 31 736 39
90 32 736 885
92 33 736 909
95 35 736 427
95 34 736 1186
101 36 736 1689
110 37 736 1814
114 38 736 1374
114 39 736 371
115 40 736 665
115 41 736 333
117 42 736 889
117 43 736 377
117 44 736 306
117 45 736 57
119 46 736 986
124 47 736 1598
124 48 736 108
126 49 736 962
126 50 736 104
126 51 736 224
136 52 736 1850
138 53 736 1079
143 54 736 1499
146 55 736 1293
154 56 736 1753
156 57 736 1013
158 58 736 1018
160 59 736 890
160 60 736 234
164 61 736 1476
164 62 736 139
173 63 736 1805
177 64 736 1420
180 65 736 1202
190 66 736 1835
195 67 736 1547
198 68 736 1157
200 69 736 906
202 70 736 1056
205 71 736 1145
208 72 736 1343
213 73 736 1562
213 74 736 141
214 75 736 737
216 76 736 1116
222 77 736 1640
231 78 736 1810
234 79 736 1215
234 80 736 110
234 81 736 289
235 82 736 624
237 83 736 942
239 85 736 272
239 86 736 113
239 84 736 997
246 87 736 1731
249 88 736 1335
258 89 736 1818
259 90 736 598
260 91 736 675
261 94 736 136
261 92 736 796
261 93 736 484
263 96 736 194
263 95 736 1113
265 97 736 1008
267 98 736 881
269 99 736 1029
269 100 736 147
273 101 736 1364
273 102 736 440
275 103 736 1126
285 104 736 1831
287 105 736 884
288 106 736 806
288 107 736 287
290 108 736 938
291 109 736 762
291 110 736 176
291 111 736 113
293 112 736 1127
300 113 736 1728
301 114 736 779
312 115 736 1870
313 116 736 852
315 117 736 1121
316 118 736 808
319 119 736 1148
321 120 736 1088
321 121 736 104
321 122 736 212
324 126 736 348
324 125 736 380
324 123 736 1264
324 124 736 307
325 127 736 858
329 128 736 1425
331 129 736 952
332 131 736 108
332 130 736 543
333 132 736 758
334 133 736 781
336 134 736 1068
337 135 736 671
345 136 736 1773
349 137 736 1422
351 138 736 1036
351 139 736 112
355 140 736 1391
363 141 736 1751
364 142 736 793
365 143 736 572
371 144 736 1642
371 145 736 485
375 146 736 1472
377 147 736 993
383 148 736 1630
383 149 736 191
383 150 736 261
385 151 736 997
385 152 736 200
391 153 736 1658
402 154 736 1865
402 155 736 42
405 156 736 1151
407 157 736 1101
408 158 736 819
412 159 736 1451
413 160 736 535
425 161 736 1872
426 162 736 786
442 163 736 1911
442 164 736 218
442 165 736 68
445 166 736 1280
445 167 736 346
446 168 736 660
446 169 736 107
446 170 736 96
450 172 736 85
450 171 736 1354
451 173 736 696
457 174 736 1681
460 175 736 1262
463 176 736 1236
468 177 736 1564
473 178 736 1546
480 179 736 1747
481 180 736 832
484 181 736 1280
487 182 736 1153
490 183 736 1234
491 184 736 690
495 185 736 1470
505 186 736 1833
507 187 736 1024
508 188 736 840
510 189 736 1025
514 190 736 1444
515 191 736 671
516 192 736 603
521 193 736 1509
526 194 736 1502
530 195 736 1444
532 196 736 964
533 197 736 806
533 198 736 353
538 199 736 1574
540 200 736 1129
542 201 736 1126
542 202 736 332
547 203 736 1522
547 204 736 94
548 205 736 832
550 206 736 912
554 207 736 1429
568 208 736 1902
569 209 736 603
570 210 736 731
575 211 736 1512
579 212 736 1480
581 213 736 996
582 214 736 618
585 215 736 1179
586 216 736 719
590 217 736 1477
593 218 736 1220
594 221 736 255
594 219 736 673
594 220 736 160
598 222 736 1431
603 223 736 1559
604 224 736 588
608 225 736 1350
609 226 736 750
610 227 736 500
612 231 736 429
612 230 736 298
612 229 736 237
612 228 736 1118
615 232 736 1210
629 233 736 1897
630 234 736 617
636 235 736 1631
638 236 736 947
643 237 736 1556
645 238 736 1139
653 239 736 1782
654 240 736 557
654 241 736 403
656 242 736 1047
656 243 736 237
656 244 736 293
667 245 736 1857
669 246 736 1116
674 247 736 1531
676 249 736 322
676 248 736 891
677 250 736 724
681 251 736 1411
686 252 736 1511
691 253 736 1605
695 254 736 1414
697 255 736 873
703 256 736 1619
704 257 736 698
706 258 736 934
707 259 736 669
707 260 736 81
707 261 736 412
707 262 736 310
713 263 736 1665
713 264 736 305
713 265 736 302
713 266 736 301
718 268 736 379
718 267 736 1507
720 269 736 912
720 270 736 231
722 271 736 1087
722 272 736 338
726 273 736 1363
726 274 736 115
732 275 736 1681
734 276 736 1133
737 277 736 1194
740 278 736 1266
741 279 736 655
741 280 736 233
744 281 736 1144
749 282 736 1533
750 283 736 796
754 284 736 1437
755 285 736 811
756 286 736 843
761 287 736 1530
761 288 736 482
767 289 736 1668
767 290 736 11
767 291 736 249
768 292 736 622
768 293 736 469
775 296 736 93
775 295 736 145
775 294 736 1700
778 297 736 1307
789 298 736 1856
807 299 736 1916
812 300 736 1556
817 301 736 1533
820 302 736 1152
835 303 736 1904
835 304 736 90
840 305 736 1562
842 306 736 1072
