1 0 1070 752
3 1 1070 1081
7 2 1070 1460
7 3 1070 145
12 4 1070 1498
17 5 1070 1543
24 6 1070 1738
26 7 1070 972
29 9 1070 393
29 8 1070 1238
33 10 1070 1372
34 11 1070 619
34 12 1070 487
34 13 1070 199
36 14 1070 1047
38 15 1070 893
45 16 1070 1741
47 17 1070 1059
48 18 1070 571
54 19 1070 1667
57 20 1070 1310
60 21 1070 1242
61 22 1070 577
62 23 1070 783
68 24 1070 1688
68 25 1070 405
83 26 1070 1905
89 27 1070 1609
91 28 1070 1028
93 29 1070 1030
93 30 1070 407
93 31 1070 369
104 32 1070 1868
105 33 1070 521
108 34 1070 1215
117 35 1070 1797
117 36 1070 7
119 37 1070 1003
126 38 1070 1715
126 39 1070 278
128 40 1070 983
130 41 1070 1022
130 42 1070 4
137 43 1070 1720
137 44 1070 463
139 45 1070 977
146 47 1070 382
146 46 1070 1692
150 48 1070 1400
151 49 1070 770
151 50 1070 37
153 51 1070 943
156 52 1070 1167
158 53 1070 907
160 54 1070 1116
164 55 1070 1435
165 56 1070 503
166 57 1070 676
166 58 1070 381
168 59 1070 1092
173 60 1070 1562
173 61 1070 129
184 62 1070 1868
184 63 1070 207
200 64 1070 1911
202 65 1070 1003
203 66 1070 675
216 67 1070 1891
218 68 1070 909
221 69 1070 1174
223 70 1070 886
224 71 1070 738
227 72 1070 1269
227 73 1070 292
228 74 1070 684
228 75 1070 288
231 76 1070 1238
232 77 1070 782
232 78 1070 320
233 79 1070 711
234 80 1070 638
239 81 1070 1523
239 82 1070 209
239 83 1070 258
241 84 1070 992
245 85 1070 1389
247 86 1070 1126
249 87 1070 960
252 88 1070 1329
259 89 1070 1705
262 90 1070 1293
265 91 1070 1255
266 92 1070 622
267 93 1070 623
268 94 1070 641
269 95 1070 853
271 96 1070 1078
278 97 1070 1721
285 98 1070 1734
289 99 1070 1385
289 100 1070 302
296 101 1070 1726
300 102 1070 1398
300 103 1070 225
309 104 1070 1808
312 105 1070 1224
317 106 1070 1599
319 107 1070 875
319 108 1070 223
320 109 1070 828
320 110 1070 197
326 111 1070 1646
326 112 1070 355
331 115 1070 39
331 114 1070 453
331 113 1070 1594
341 116 1070 1844
347 117 1070 1610
349 118 1070 1139
350 119 1070 522
359 120 1070 1801
365 121 1070 1640
366 122 1070 561
368 123 1070 1128
377 124 1070 1806
382 125 1070 1555
382 126 1070 116
383 127 1070 645
388 128 1070 1576
396 129 1070 1755
398 130 1070 1134
402 131 1070 1441
404 132 1070 972
405 134 1070 409
405 133 1070 860
406 135 1070 837
406 136 1070 124
421 137 1070 1909
421 138 1070 374
428 139 1070 1693
435 140 1070 1714
435 141 1070 251
436 142 1070 736
437 143 1070 500
442 144 1070 1508
447 145 1070 1572
449 146 1070 900
451 147 1070 952
451 148 1070 169
452 149 1070 601
454 150 1070 933
458 151 1070 1393
459 152 1070 582
462 153 1070 1212
467 154 1070 1508
468 155 1070 586
471 156 1070 1164
471 157 1070 269
471 158 1070 344
471 159 1070 253
473 160 1070 1107
475 161 1070 953
478 163 1070 393
478 162 1070 1224
484 164 1070 1619
485 165 1070 680
486 166 1070 673
490 167 1070 1419
493 168 1070 1185
498 169 1070 1541
508 170 1070 1839
519 171 1070 1860
522 172 1070 1236
526 173 1070 1371
527 174 1070 732
532 175 1070 1549
534 176 1070 903
534 177 1070 61
539 178 1070 1545
539 179 1070 233
540 180 1070 654
542 182 1070 476
542 181 1070 1089
544 183 1070 974
545 184 1070 821
551 185 1070 1665
552 186 1070 859
558 187 1070 1685
561 188 1070 1276
568 189 1070 1747
573 190 1070 1597
581 191 1070 1780
586 192 1070 1564
586 193 1070 120
587 194 1070 586
588 195 1070 761
590 196 1070 951
590 197 1070 343
591 198 1070 805
592 199 1070 827
594 200 1070 898
598 201 1070 1405
605 202 1070 1691
606 203 1070 553
607 204 1070 686
609 205 1070 998
609 206 1070 156
611 207 1070 1135
611 208 1070 479
623 209 1070 1883
629 210 1070 1608
631 211 1070 1103
632 212 1070 649
632 213 1070 110
637 214 1070 1523
637 215 1070 18
637 216 1070 477
637 217 1070 249
642 218 1070 1496
654 219 1070 1878
661 220 1070 1746
663 221 1070 913
663 222 1070 142
667 223 1070 1363
678 224 1070 1869
678 225 1070 59
678 226 1070 296
680 227 1070 1116
681 228 1070 784
694 229 1070 1895
695 230 1070 597
696 231 1070 559
699 232 1070 1180
700 233 1070 717
703 234 1070 1260
706 235 1070 1174
709 236 1070 1322
719 237 1070 1848
719 238 1070 287
726 239 1070 1748
731 240 1070 1509
737 241 1070 1648
740 242 1070 1205
743 243 1070 1317
743 244 1070 139
743 245 1070 494
745 246 1070 1130
749 247 1070 1454
750 248 1070 521
751 250 1070 284
751 249 1070 567
752 251 1070 701
753 252 1070 771
754 253 1070 852
756 254 1070 1005
772 255 1070 1909
775 256 1070 1262
775 257 1070 327
776 258 1070 609
777 259 1070 627
778 260 1070 702
780 261 1070 965
780 262 1070 351
781 263 1070 509
784 264 1070 1286
786 265 1070 1048
796 266 1070 1847
807 267 1070 1856
808 269 1070 349
808 268 1070 774
809 270 1070 620
810 271 1070 554
823 272 1070 1887
829 273 1070 1673
829 274 1070 369
829 275 1070 98
835 276 1070 1632
836 277 1070 750
839 278 1070 1224
843 279 1070 1374
844 280 1070 853
845 281 1070 766
846 282 1070 594
846 283 1070 217
852 284 1070 1611
861 285 1070 1820
868 286 1070 1713
868 287 1070 328
874 288 1070 1637
877 289 1070 1276
887 290 1070 1836
889 291 1070 995
892 292 1070 1238
897 293 1070 1585
899 294 1070 1046
900 295 1070 544
903 296 1070 1297
904 298 1070 31
904 297 1070 696
906 299 1070 1015
907 300 1070 571
910 301 1070 1199
911 302 1070 679
911 303 1070 172
922 304 1070 1872
928 305 1070 1655
929 306 1070 739
