LINEARCID	LINEID	ARCID	ARCSEQUENCE	ORIENTATION	PLANVERSIONID	LINEVARIANT	REGISTERDATE
186021	131	109712	0	1	40	4	2013-05-03 08:22:52
186022	131	110457	1	1	40	4	2013-05-03 08:22:52
186023	131	110863	2	1	40	4	2013-05-03 08:22:52
186024	131	110866	3	1	40	4	2013-05-03 08:22:52
186025	131	111227	4	1	40	4	2013-05-03 08:22:52
186026	131	110867	5	1	40	4	2013-05-03 08:22:52
186027	131	108979	6	1	40	4	2013-05-03 08:22:52
186028	131	109338	7	1	40	4	2013-05-03 08:22:52
186029	131	111234	8	1	40	4	2013-05-03 08:22:52
186030	131	110463	9	1	40	4	2013-05-03 08:22:52
186031	131	110873	10	1	40	4	2013-05-03 08:22:52
186032	131	110047	11	1	40	4	2013-05-03 08:22:52
186033	131	110049	12	1	40	4	2013-05-03 08:22:52
186034	131	109298	13	1	40	4	2013-05-03 08:22:52
186035	131	110051	14	1	40	4	2013-05-03 08:22:52
186036	131	108949	15	1	40	4	2013-05-03 08:22:52
186037	131	110415	16	1	40	4	2013-05-03 08:22:52
186038	131	109306	17	1	40	4	2013-05-03 08:22:52
186039	131	111516	18	1	40	4	2013-05-03 08:22:52
186040	131	110420	19	1	40	4	2013-05-03 08:22:52
186041	131	110831	20	1	40	4	2013-05-03 08:22:52
186042	131	111521	21	1	40	4	2013-05-03 08:22:52
186043	131	111523	22	1	40	4	2013-05-03 08:22:52
186044	131	111207	23	1	40	4	2013-05-03 08:22:52
186045	131	109312	24	1	40	4	2013-05-03 08:22:52
186046	131	110426	25	1	40	4	2013-05-03 08:22:52
186047	131	109306	0	1	40	18	2013-05-03 08:22:52
186048	131	111516	1	1	40	18	2013-05-03 08:22:52
186049	131	110420	2	1	40	18	2013-05-03 08:22:52
186050	131	110831	3	1	40	18	2013-05-03 08:22:52
186051	131	111521	4	1	40	18	2013-05-03 08:22:52
186052	131	111523	5	1	40	18	2013-05-03 08:22:52
186053	131	111207	6	1	40	18	2013-05-03 08:22:52
186054	131	109312	7	1	40	18	2013-05-03 08:22:52
186055	131	110426	8	1	40	18	2013-05-03 08:22:52
186056	131	109450	0	1	40	5	2013-05-03 08:22:52
186057	131	110561	1	1	40	5	2013-05-03 08:22:52
186058	131	110834	2	1	40	5	2013-05-03 08:22:52
186059	131	111526	0	0	40	2	2013-05-03 08:22:52
186060	131	111525	1	0	40	2	2013-05-03 08:22:52
186061	131	110424	2	0	40	2	2013-05-03 08:22:52
186062	131	108960	3	0	40	2	2013-05-03 08:22:52
186063	131	111518	4	0	40	2	2013-05-03 08:22:52
186064	131	109309	5	0	40	2	2013-05-03 08:22:52
186065	131	110419	6	0	40	2	2013-05-03 08:22:52
186066	131	110829	7	0	40	2	2013-05-03 08:22:52
186067	131	108955	8	0	40	2	2013-05-03 08:22:52
186068	131	108951	9	0	40	2	2013-05-03 08:22:52
186069	131	109303	10	0	40	2	2013-05-03 08:22:52
186070	131	110819	11	0	40	2	2013-05-03 08:22:52
186071	131	110048	12	0	40	2	2013-05-03 08:22:52
186072	131	110411	13	0	40	2	2013-05-03 08:22:52
186073	131	109724	14	0	40	2	2013-05-03 08:22:52
186074	131	109669	15	0	40	2	2013-05-03 08:22:52
186075	131	108945	16	0	40	2	2013-05-03 08:22:52
186076	131	111187	17	0	40	2	2013-05-03 08:22:52
186077	131	111192	18	0	40	2	2013-05-03 08:22:52
186078	131	108978	19	0	40	2	2013-05-03 08:22:52
186079	131	110868	20	0	40	2	2013-05-03 08:22:52
186080	131	111558	21	0	40	2	2013-05-03 08:22:52
186081	131	109335	22	0	40	2	2013-05-03 08:22:52
186082	131	111554	23	0	40	2	2013-05-03 08:22:52
186083	131	110459	24	0	40	2	2013-05-03 08:22:52
186084	131	109716	25	0	40	2	2013-05-03 08:22:52
186085	131	109713	26	0	40	2	2013-05-03 08:22:52
186086	131	110862	27	0	40	2	2013-05-03 08:22:52
186087	131	111317	0	0	40	3	2013-05-03 08:22:52
186088	131	111658	1	0	40	3	2013-05-03 08:22:52
186089	131	108974	2	0	40	3	2013-05-03 08:22:52
186090	131	108951	0	0	40	21	2013-05-03 08:22:52
186091	131	109303	1	0	40	21	2013-05-03 08:22:52
186092	131	110819	2	0	40	21	2013-05-03 08:22:52
186093	131	110048	3	0	40	21	2013-05-03 08:22:52
186094	131	110411	4	0	40	21	2013-05-03 08:22:52
186095	131	109724	5	0	40	21	2013-05-03 08:22:52
186096	131	109669	6	0	40	21	2013-05-03 08:22:52
186097	131	108945	7	0	40	21	2013-05-03 08:22:52
186098	131	111187	8	0	40	21	2013-05-03 08:22:52
186099	131	111192	9	0	40	21	2013-05-03 08:22:52
186100	131	108978	10	0	40	21	2013-05-03 08:22:52
186101	131	110868	11	0	40	21	2013-05-03 08:22:52
186102	131	111558	12	0	40	21	2013-05-03 08:22:52
186103	131	109335	13	0	40	21	2013-05-03 08:22:52
186104	131	111554	14	0	40	21	2013-05-03 08:22:52
186105	131	110459	15	0	40	21	2013-05-03 08:22:52
186106	131	109716	16	0	40	21	2013-05-03 08:22:52
186107	131	109713	17	0	40	21	2013-05-03 08:22:52
186108	131	110862	18	0	40	21	2013-05-03 08:22:52
186109	131	108949	0	1	40	10	2013-05-03 08:22:52
186110	131	110415	1	1	40	10	2013-05-03 08:22:52
186111	131	109306	2	1	40	10	2013-05-03 08:22:52
186112	131	111516	3	1	40	10	2013-05-03 08:22:52
186113	131	110420	4	1	40	10	2013-05-03 08:22:52
186114	131	110831	5	1	40	10	2013-05-03 08:22:52
186115	131	111521	6	1	40	10	2013-05-03 08:22:52
186116	131	111523	7	1	40	10	2013-05-03 08:22:52
186117	131	111207	8	1	40	10	2013-05-03 08:22:52
186118	131	109312	9	1	40	10	2013-05-03 08:22:52
186119	131	110426	10	1	40	10	2013-05-03 08:22:52
186120	140	110099	0	1	40	2	2013-05-03 08:22:52
186121	140	110469	1	1	40	2	2013-05-03 08:22:52
186122	140	111564	2	1	40	2	2013-05-03 08:22:52
186123	140	111504	3	1	40	2	2013-05-03 08:22:52
186124	140	109667	4	1	40	2	2013-05-03 08:22:52
186125	140	110038	5	1	40	2	2013-05-03 08:22:52
186126	140	110039	6	1	40	2	2013-05-03 08:22:52
186127	140	110042	7	1	40	2	2013-05-03 08:22:52
186128	140	111187	8	1	40	2	2013-05-03 08:22:52
186129	140	111192	9	1	40	2	2013-05-03 08:22:52
186130	140	109719	10	1	40	2	2013-05-03 08:22:52
186131	140	109721	0	0	40	3	2013-05-03 08:22:52
186132	140	110871	1	0	40	3	2013-05-03 08:22:52
186133	140	109672	2	0	40	3	2013-05-03 08:22:52
186134	140	110815	3	0	40	3	2013-05-03 08:22:52
186135	140	111182	4	0	40	3	2013-05-03 08:22:52
186136	140	108943	5	0	40	3	2013-05-03 08:22:52
186137	140	108942	6	0	40	3	2013-05-03 08:22:52
186138	140	110471	7	0	40	3	2013-05-03 08:22:52
186139	140	110100	8	0	40	3	2013-05-03 08:22:52
186140	140	110098	9	0	40	3	2013-05-03 08:22:52
186141	140	111408	10	0	40	3	2013-05-03 08:22:52
186142	140	110559	0	0	40	4	2013-05-03 08:22:52
186143	140	111316	1	0	40	4	2013-05-03 08:22:52
186144	140	109949	2	0	40	4	2013-05-03 08:22:52
186145	142	109612	0	1	40	4	2013-05-03 08:22:52
186146	142	109614	1	1	40	4	2013-05-03 08:22:52
186147	142	109651	2	1	40	4	2013-05-03 08:22:52
186148	142	109615	3	1	40	4	2013-05-03 08:22:52
186149	142	109616	4	1	40	4	2013-05-03 08:22:52
186150	142	109997	5	1	40	4	2013-05-03 08:22:52
186151	142	108904	6	1	40	4	2013-05-03 08:22:52
186152	142	110342	7	1	40	4	2013-05-03 08:22:52
186153	142	110357	8	1	40	4	2013-05-03 08:22:52
186154	142	109617	9	1	40	4	2013-05-03 08:22:52
186155	142	111459	10	1	40	4	2013-05-03 08:22:52
186156	142	108905	11	1	40	4	2013-05-03 08:22:52
186157	142	109272	12	1	40	4	2013-05-03 08:22:52
186158	142	110023	13	1	40	4	2013-05-03 08:22:52
186159	142	110803	14	1	40	4	2013-05-03 08:22:52
186160	142	111404	15	1	40	4	2013-05-03 08:22:52
186161	142	110099	16	1	40	4	2013-05-03 08:22:52
186162	142	110469	17	1	40	4	2013-05-03 08:22:52
186163	142	111564	18	1	40	4	2013-05-03 08:22:52
186164	142	111504	19	1	40	4	2013-05-03 08:22:52
186165	142	109667	20	1	40	4	2013-05-03 08:22:52
186166	142	110038	21	1	40	4	2013-05-03 08:22:52
186167	142	110039	22	1	40	4	2013-05-03 08:22:52
186168	142	110405	23	1	40	4	2013-05-03 08:22:52
186169	142	110046	24	1	40	4	2013-05-03 08:22:52
186170	142	110428	25	1	40	4	2013-05-03 08:22:52
186171	142	110431	26	1	40	4	2013-05-03 08:22:52
186172	142	110673	27	1	40	4	2013-05-03 08:22:52
186173	142	110674	28	1	40	4	2013-05-03 08:22:52
186174	142	111378	29	1	40	4	2013-05-03 08:22:52
186175	142	109612	0	1	40	2	2013-05-03 08:22:52
186176	142	109614	1	1	40	2	2013-05-03 08:22:52
186177	142	109651	2	1	40	2	2013-05-03 08:22:52
186178	142	109615	3	1	40	2	2013-05-03 08:22:52
186179	142	109616	4	1	40	2	2013-05-03 08:22:52
186180	142	109997	5	1	40	2	2013-05-03 08:22:52
186181	142	108904	6	1	40	2	2013-05-03 08:22:52
186182	142	110342	7	1	40	2	2013-05-03 08:22:52
186183	142	110357	8	1	40	2	2013-05-03 08:22:52
186184	142	109617	9	1	40	2	2013-05-03 08:22:52
186185	142	111459	10	1	40	2	2013-05-03 08:22:52
186186	142	108905	11	1	40	2	2013-05-03 08:22:52
186187	142	109272	12	1	40	2	2013-05-03 08:22:52
186188	142	110023	13	1	40	2	2013-05-03 08:22:52
186189	142	110803	14	1	40	2	2013-05-03 08:22:52
186190	142	111404	15	1	40	2	2013-05-03 08:22:52
186191	142	110099	16	1	40	2	2013-05-03 08:22:52
186192	142	110469	17	1	40	2	2013-05-03 08:22:52
186193	142	111564	18	1	40	2	2013-05-03 08:22:52
186194	142	111504	19	1	40	2	2013-05-03 08:22:52
186195	142	109667	20	1	40	2	2013-05-03 08:22:52
186196	142	110038	21	1	40	2	2013-05-03 08:22:52
186197	142	110039	22	1	40	2	2013-05-03 08:22:52
186198	142	110405	23	1	40	2	2013-05-03 08:22:52
186199	142	110046	24	1	40	2	2013-05-03 08:22:52
186200	142	110428	25	1	40	2	2013-05-03 08:22:52
186201	142	110431	26	1	40	2	2013-05-03 08:22:52
186202	142	110673	27	1	40	2	2013-05-03 08:22:52
186203	142	110674	28	1	40	2	2013-05-03 08:22:52
186204	142	111378	29	1	40	2	2013-05-03 08:22:52
186205	142	109542	0	0	40	5	2013-05-03 08:22:52
186206	142	110430	1	0	40	5	2013-05-03 08:22:52
186207	142	110839	2	0	40	5	2013-05-03 08:22:52
186208	142	108980	3	0	40	5	2013-05-03 08:22:52
186209	142	109721	4	0	40	5	2013-05-03 08:22:52
186210	142	110871	5	0	40	5	2013-05-03 08:22:52
186211	142	109668	6	0	40	5	2013-05-03 08:22:52
186212	142	111182	7	0	40	5	2013-05-03 08:22:52
186213	142	108943	8	0	40	5	2013-05-03 08:22:52
186214	142	108942	9	0	40	5	2013-05-03 08:22:52
186215	142	110471	10	0	40	5	2013-05-03 08:22:52
186216	142	110100	11	0	40	5	2013-05-03 08:22:52
186217	142	110098	12	0	40	5	2013-05-03 08:22:52
186218	142	109197	13	0	40	5	2013-05-03 08:22:52
186219	142	109271	14	0	40	5	2013-05-03 08:22:52
186220	142	110799	15	0	40	5	2013-05-03 08:22:52
186221	142	109645	16	0	40	5	2013-05-03 08:22:52
186222	142	109598	17	0	40	5	2013-05-03 08:22:52
186223	142	109599	18	0	40	5	2013-05-03 08:22:52
186224	142	109600	19	0	40	5	2013-05-03 08:22:52
186225	142	110750	20	0	40	5	2013-05-03 08:22:52
186226	142	111113	21	0	40	5	2013-05-03 08:22:52
186227	142	109226	22	0	40	5	2013-05-03 08:22:52
186228	142	109979	23	0	40	5	2013-05-03 08:22:52
186229	142	111442	24	0	40	5	2013-05-03 08:22:52
186230	142	110772	25	0	40	5	2013-05-03 08:22:52
186231	142	110116	26	0	40	5	2013-05-03 08:22:52
186232	142	111457	27	0	40	5	2013-05-03 08:22:52
186233	142	110773	28	0	40	5	2013-05-03 08:22:52
186234	142	111259	29	0	40	5	2013-05-03 08:22:52
186235	142	109542	0	0	40	3	2013-05-03 08:22:52
186236	142	110430	1	0	40	3	2013-05-03 08:22:52
186237	142	110839	2	0	40	3	2013-05-03 08:22:52
186238	142	108980	3	0	40	3	2013-05-03 08:22:52
186239	142	109721	4	0	40	3	2013-05-03 08:22:52
186240	142	110871	5	0	40	3	2013-05-03 08:22:52
186241	142	109668	6	0	40	3	2013-05-03 08:22:52
186242	142	111182	7	0	40	3	2013-05-03 08:22:52
186243	142	108943	8	0	40	3	2013-05-03 08:22:53
186244	142	108942	9	0	40	3	2013-05-03 08:22:53
186245	142	110471	10	0	40	3	2013-05-03 08:22:53
186246	142	110100	11	0	40	3	2013-05-03 08:22:53
186247	142	110098	12	0	40	3	2013-05-03 08:22:53
186248	142	109197	13	0	40	3	2013-05-03 08:22:53
186249	142	109271	14	0	40	3	2013-05-03 08:22:53
186250	142	110799	15	0	40	3	2013-05-03 08:22:53
186251	142	109645	16	0	40	3	2013-05-03 08:22:53
186252	142	109598	17	0	40	3	2013-05-03 08:22:53
186253	142	109599	18	0	40	3	2013-05-03 08:22:53
186254	142	109600	19	0	40	3	2013-05-03 08:22:53
186255	142	110750	20	0	40	3	2013-05-03 08:22:53
186256	142	110893	21	0	40	3	2013-05-03 08:22:53
186257	142	109648	22	0	40	3	2013-05-03 08:22:53
186258	142	110389	23	0	40	3	2013-05-03 08:22:53
186259	142	110800	24	0	40	3	2013-05-03 08:22:53
186260	142	108931	25	0	40	3	2013-05-03 08:22:53
186261	142	110131	26	0	40	3	2013-05-03 08:22:53
186262	142	109980	27	0	40	3	2013-05-03 08:22:53
186263	142	110772	28	0	40	3	2013-05-03 08:22:53
186264	142	110116	29	0	40	3	2013-05-03 08:22:53
186265	142	111457	30	0	40	3	2013-05-03 08:22:53
186266	142	110773	31	0	40	3	2013-05-03 08:22:53
186267	142	111259	32	0	40	3	2013-05-03 08:22:53
186268	142	110100	0	0	40	10	2013-05-03 08:22:53
186269	142	110098	1	0	40	10	2013-05-03 08:22:53
186270	142	109197	2	0	40	10	2013-05-03 08:22:53
186271	142	109271	3	0	40	10	2013-05-03 08:22:53
186272	142	110799	4	0	40	10	2013-05-03 08:22:53
186273	142	109645	5	0	40	10	2013-05-03 08:22:53
186274	142	109598	6	0	40	10	2013-05-03 08:22:53
186275	142	109599	7	0	40	10	2013-05-03 08:22:53
186276	142	109600	8	0	40	10	2013-05-03 08:22:53
186277	142	110750	9	0	40	10	2013-05-03 08:22:53
186278	142	110893	10	0	40	10	2013-05-03 08:22:53
186279	142	109648	11	0	40	10	2013-05-03 08:22:53
186280	142	110389	12	0	40	10	2013-05-03 08:22:53
186281	142	110800	13	0	40	10	2013-05-03 08:22:53
186282	142	108931	14	0	40	10	2013-05-03 08:22:53
186283	142	110131	15	0	40	10	2013-05-03 08:22:53
186284	142	109980	16	0	40	10	2013-05-03 08:22:53
186285	142	110772	17	0	40	10	2013-05-03 08:22:53
186286	142	110116	18	0	40	10	2013-05-03 08:22:53
186287	142	111457	19	0	40	10	2013-05-03 08:22:53
186288	142	110773	20	0	40	10	2013-05-03 08:22:53
186289	142	111259	21	0	40	10	2013-05-03 08:22:53
186290	150	110318	0	1	40	2	2013-05-03 08:22:53
186291	150	111087	1	1	40	2	2013-05-03 08:22:53
186292	150	108858	2	1	40	2	2013-05-03 08:22:53
186293	150	111088	3	1	40	2	2013-05-03 08:22:53
186294	150	109204	4	1	40	2	2013-05-03 08:22:53
186295	150	109957	5	1	40	2	2013-05-03 08:22:53
186296	150	111416	6	1	40	2	2013-05-03 08:22:53
186297	150	111190	7	1	40	2	2013-05-03 08:22:53
186298	150	109294	8	1	40	2	2013-05-03 08:22:53
186299	150	109719	0	0	40	3	2013-05-03 08:22:53
186300	150	111233	1	0	40	3	2013-05-03 08:22:53
186301	150	110463	2	0	40	3	2013-05-03 08:22:53
186302	150	111414	3	0	40	3	2013-05-03 08:22:53
186303	150	109574	4	0	40	3	2013-05-03 08:22:53
186304	150	110320	5	0	40	3	2013-05-03 08:22:53
186305	150	111413	6	0	40	3	2013-05-03 08:22:53
186306	150	110319	7	0	40	3	2013-05-03 08:22:53
186307	150	110716	8	0	40	3	2013-05-03 08:22:53
186308	150	109202	9	0	40	3	2013-05-03 08:22:53
186309	150	109572	10	0	40	3	2013-05-03 08:22:53
186310	217	110060	0	1	40	2	2013-05-03 08:22:53
186311	217	111207	1	1	40	2	2013-05-03 08:22:53
186312	217	111532	2	1	40	2	2013-05-03 08:22:53
186313	217	109014	3	1	40	2	2013-05-03 08:22:53
186314	217	109702	0	0	40	3	2013-05-03 08:22:53
186315	217	109318	1	0	40	3	2013-05-03 08:22:53
186316	217	110425	2	0	40	3	2013-05-03 08:22:53
186317	217	110424	3	0	40	3	2013-05-03 08:22:53
186318	217	110423	4	0	40	3	2013-05-03 08:22:53
186319	220	111475	0	1	40	2	2013-05-03 08:22:53
186320	220	110018	1	1	40	2	2013-05-03 08:22:53
186321	220	110793	2	1	40	2	2013-05-03 08:22:53
186322	220	110296	3	1	40	2	2013-05-03 08:22:53
186323	220	111044	4	1	40	2	2013-05-03 08:22:53
186324	220	111142	5	1	40	2	2013-05-03 08:22:53
186325	220	110009	6	1	40	2	2013-05-03 08:22:53
186326	220	110073	7	1	40	2	2013-05-03 08:22:53
186327	220	110839	8	1	40	2	2013-05-03 08:22:53
186328	220	111555	9	1	40	2	2013-05-03 08:22:53
186329	220	111231	10	1	40	2	2013-05-03 08:22:53
186330	220	110462	11	1	40	2	2013-05-03 08:22:53
186331	220	109342	12	1	40	2	2013-05-03 08:22:53
186332	220	110040	13	1	40	2	2013-05-03 08:22:53
186333	220	111508	0	0	40	3	2013-05-03 08:22:53
186334	220	110816	1	0	40	3	2013-05-03 08:22:53
186335	220	111194	2	0	40	3	2013-05-03 08:22:53
186336	220	109718	3	0	40	3	2013-05-03 08:22:53
186337	220	110427	4	0	40	3	2013-05-03 08:22:53
186338	220	110431	5	0	40	3	2013-05-03 08:22:53
186339	220	110673	6	0	40	3	2013-05-03 08:22:53
186340	220	110674	7	0	40	3	2013-05-03 08:22:53
186341	220	109255	8	0	40	3	2013-05-03 08:22:53
186342	220	110008	9	0	40	3	2013-05-03 08:22:53
186343	220	111059	10	0	40	3	2013-05-03 08:22:53
186344	220	110381	11	0	40	3	2013-05-03 08:22:53
186345	220	108816	12	0	40	3	2013-05-03 08:22:53
186346	220	111053	13	0	40	3	2013-05-03 08:22:53
186347	220	108923	14	0	40	3	2013-05-03 08:22:53
186348	220	110792	15	0	40	3	2013-05-03 08:22:53
186349	232	108866	0	1	40	4	2013-05-03 08:22:53
186350	232	111566	1	1	40	4	2013-05-03 08:22:53
186351	232	108985	2	1	40	4	2013-05-03 08:22:53
186352	232	109730	3	1	40	4	2013-05-03 08:22:53
186353	232	110472	4	1	40	4	2013-05-03 08:22:53
186354	232	110877	5	1	40	4	2013-05-03 08:22:53
186355	232	109346	6	1	40	4	2013-05-03 08:22:53
186356	232	109578	7	1	40	4	2013-05-03 08:22:53
186357	232	109579	8	1	40	4	2013-05-03 08:22:53
186358	232	110481	9	1	40	4	2013-05-03 08:22:53
186359	232	109961	10	1	40	4	2013-05-03 08:22:53
186360	232	109208	11	1	40	4	2013-05-03 08:22:53
186361	232	111422	12	1	40	4	2013-05-03 08:22:53
186362	232	109580	13	1	40	4	2013-05-03 08:22:53
186363	232	109582	14	1	40	4	2013-05-03 08:22:53
186364	232	108867	15	1	40	4	2013-05-03 08:22:53
186365	232	110725	16	1	40	4	2013-05-03 08:22:53
186366	232	110726	17	1	40	4	2013-05-03 08:22:53
186367	232	110324	18	1	40	4	2013-05-03 08:22:53
186368	232	111095	19	1	40	4	2013-05-03 08:22:53
186369	232	109963	20	1	40	4	2013-05-03 08:22:53
186370	232	110694	21	1	40	4	2013-05-03 08:22:53
186371	232	108832	22	1	40	4	2013-05-03 08:22:53
186372	232	109714	23	1	40	4	2013-05-03 08:22:53
186373	232	110673	0	0	40	2	2013-05-03 08:22:53
186374	232	110674	1	0	40	2	2013-05-03 08:22:53
186375	232	110783	2	0	40	2	2013-05-03 08:22:53
186376	232	109259	3	0	40	2	2013-05-03 08:22:53
186377	232	109631	4	0	40	2	2013-05-03 08:22:53
186378	232	110475	5	0	40	2	2013-05-03 08:22:53
186379	232	109715	6	0	40	2	2013-05-03 08:22:53
186380	232	108866	0	1	40	3	2013-05-03 08:22:53
186381	232	111566	1	1	40	3	2013-05-03 08:22:53
186382	232	108985	2	1	40	3	2013-05-03 08:22:53
186383	232	109730	3	1	40	3	2013-05-03 08:22:53
186384	232	110472	4	1	40	3	2013-05-03 08:22:53
186385	232	110877	5	1	40	3	2013-05-03 08:22:53
186386	232	109346	6	1	40	3	2013-05-03 08:22:53
186387	232	109578	7	1	40	3	2013-05-03 08:22:53
186388	232	109579	8	1	40	3	2013-05-03 08:22:53
186389	232	110481	9	1	40	3	2013-05-03 08:22:53
186390	232	109961	10	1	40	3	2013-05-03 08:22:53
186391	232	109208	11	1	40	3	2013-05-03 08:22:53
186392	232	111422	12	1	40	3	2013-05-03 08:22:53
186393	232	109580	13	1	40	3	2013-05-03 08:22:53
186394	232	109582	14	1	40	3	2013-05-03 08:22:53
186395	232	108867	15	1	40	3	2013-05-03 08:22:53
186396	232	110725	16	1	40	3	2013-05-03 08:22:53
186397	232	110726	17	1	40	3	2013-05-03 08:22:53
186398	232	110324	18	1	40	3	2013-05-03 08:22:53
186399	232	111095	19	1	40	3	2013-05-03 08:22:53
186400	232	109963	20	1	40	3	2013-05-03 08:22:53
186401	232	110694	21	1	40	3	2013-05-03 08:22:53
186402	232	108832	22	1	40	3	2013-05-03 08:22:53
186403	232	109714	23	1	40	3	2013-05-03 08:22:53
186404	232	110092	24	1	40	3	2013-05-03 08:22:53
186405	232	110865	25	1	40	3	2013-05-03 08:22:53
186406	232	111227	26	1	40	3	2013-05-03 08:22:53
186407	232	110867	27	1	40	3	2013-05-03 08:22:53
186408	232	111210	28	1	40	3	2013-05-03 08:22:53
186409	232	110431	29	1	40	3	2013-05-03 08:22:53
186410	232	110092	0	1	40	10	2013-05-03 08:22:53
186411	232	110865	1	1	40	10	2013-05-03 08:22:53
186412	232	111227	2	1	40	10	2013-05-03 08:22:53
186413	232	110867	3	1	40	10	2013-05-03 08:22:53
186414	232	111210	4	1	40	10	2013-05-03 08:22:53
186415	232	110431	5	1	40	10	2013-05-03 08:22:53
186416	243	110114	0	1	40	2	2013-05-03 08:22:53
186417	243	110027	1	1	40	2	2013-05-03 08:22:53
186418	243	111168	2	1	40	2	2013-05-03 08:22:53
186419	243	110812	3	1	40	2	2013-05-03 08:22:53
186420	243	109279	4	1	40	2	2013-05-03 08:22:53
186421	243	109661	5	1	40	2	2013-05-03 08:22:53
186422	243	109280	6	1	40	2	2013-05-03 08:22:53
186423	243	111178	7	1	40	2	2013-05-03 08:22:53
186424	243	109990	8	1	40	2	2013-05-03 08:22:53
186425	243	110355	9	1	40	2	2013-05-03 08:22:53
186426	243	109245	10	1	40	2	2013-05-03 08:22:53
186427	243	108902	11	1	40	2	2013-05-03 08:22:53
186428	243	109266	12	1	40	2	2013-05-03 08:22:53
186429	243	111147	13	1	40	2	2013-05-03 08:22:53
186430	243	108921	14	1	40	2	2013-05-03 08:22:53
186431	243	110791	15	1	40	2	2013-05-03 08:22:53
186432	243	109665	16	1	40	2	2013-05-03 08:22:53
186433	243	110719	17	1	40	2	2013-05-03 08:22:53
186434	243	108863	18	1	40	2	2013-05-03 08:22:53
186435	243	109577	19	1	40	2	2013-05-03 08:22:53
186436	243	110720	20	1	40	2	2013-05-03 08:22:53
186437	243	111421	21	1	40	2	2013-05-03 08:22:53
186438	243	109556	22	1	40	2	2013-05-03 08:22:53
186439	243	111226	23	1	40	2	2013-05-03 08:22:53
186440	243	108922	0	0	40	18	2013-05-03 08:22:53
186441	243	110373	1	0	40	18	2013-05-03 08:22:53
186442	243	108825	2	0	40	18	2013-05-03 08:22:53
186443	243	111057	3	0	40	18	2013-05-03 08:22:53
186444	243	109551	4	0	40	18	2013-05-03 08:22:53
186445	243	109922	5	0	40	18	2013-05-03 08:22:53
186446	243	109552	6	0	40	18	2013-05-03 08:22:53
186447	243	111477	7	0	40	18	2013-05-03 08:22:53
186448	243	110017	8	0	40	18	2013-05-03 08:22:53
186449	243	110374	9	0	40	18	2013-05-03 08:22:53
186450	243	109634	10	0	40	18	2013-05-03 08:22:53
186451	243	111478	11	0	40	18	2013-05-03 08:22:53
186452	243	110484	12	0	40	18	2013-05-03 08:22:53
186453	243	109735	13	0	40	18	2013-05-03 08:22:53
186454	243	110113	14	0	40	18	2013-05-03 08:22:53
186455	243	111245	15	0	40	18	2013-05-03 08:22:53
186456	243	110485	16	0	40	18	2013-05-03 08:22:53
186457	243	109733	17	0	40	18	2013-05-03 08:22:53
186458	243	109357	18	0	40	18	2013-05-03 08:22:53
186459	243	111402	19	0	40	18	2013-05-03 08:22:53
186460	243	111552	0	0	40	15	2013-05-03 08:22:53
186461	243	108922	1	0	40	15	2013-05-03 08:22:53
186462	243	110373	2	0	40	15	2013-05-03 08:22:53
186463	243	108825	3	0	40	15	2013-05-03 08:22:53
186464	243	111057	4	0	40	15	2013-05-03 08:22:53
186465	243	109551	5	0	40	15	2013-05-03 08:22:53
186466	243	109922	6	0	40	15	2013-05-03 08:22:53
186467	243	109552	7	0	40	15	2013-05-03 08:22:53
186468	243	111477	8	0	40	15	2013-05-03 08:22:53
186469	243	110017	9	0	40	15	2013-05-03 08:22:53
186470	243	110374	10	0	40	15	2013-05-03 08:22:53
186471	243	109634	11	0	40	15	2013-05-03 08:22:53
186472	243	111478	12	0	40	15	2013-05-03 08:22:53
186473	243	110484	13	0	40	15	2013-05-03 08:22:53
186474	243	109735	14	0	40	15	2013-05-03 08:22:53
186475	243	110113	15	0	40	15	2013-05-03 08:22:53
186476	243	111245	16	0	40	15	2013-05-03 08:22:53
186477	243	110485	17	0	40	15	2013-05-03 08:22:53
186478	243	109733	18	0	40	15	2013-05-03 08:22:53
186479	243	109357	19	0	40	15	2013-05-03 08:22:53
186480	243	111402	20	0	40	15	2013-05-03 08:22:53
186481	243	111241	0	0	40	3	2013-05-03 08:22:53
186482	243	110103	1	0	40	3	2013-05-03 08:22:53
186483	243	110104	2	0	40	3	2013-05-03 08:22:53
186484	243	109347	3	0	40	3	2013-05-03 08:22:53
186485	243	111225	4	0	40	3	2013-05-03 08:22:53
186486	243	111552	5	0	40	3	2013-05-03 08:22:53
186487	243	108922	6	0	40	3	2013-05-03 08:22:53
186488	243	110373	7	0	40	3	2013-05-03 08:22:53
186489	243	108825	8	0	40	3	2013-05-03 08:22:53
186490	243	111057	9	0	40	3	2013-05-03 08:22:53
186491	243	109551	10	0	40	3	2013-05-03 08:22:53
186492	243	109922	11	0	40	3	2013-05-03 08:22:53
186493	243	109552	12	0	40	3	2013-05-03 08:22:53
186494	243	111477	13	0	40	3	2013-05-03 08:22:53
186495	243	110017	14	0	40	3	2013-05-03 08:22:53
186496	243	110374	15	0	40	3	2013-05-03 08:22:53
186497	243	109634	16	0	40	3	2013-05-03 08:22:53
186498	243	111478	17	0	40	3	2013-05-03 08:22:53
186499	243	110484	18	0	40	3	2013-05-03 08:22:53
186500	243	109735	19	0	40	3	2013-05-03 08:22:53
186501	243	110113	20	0	40	3	2013-05-03 08:22:53
186502	243	111245	21	0	40	3	2013-05-03 08:22:53
186503	243	110485	22	0	40	3	2013-05-03 08:22:53
186504	243	109733	23	0	40	3	2013-05-03 08:22:53
186505	243	109357	24	0	40	3	2013-05-03 08:22:53
186506	243	111402	25	0	40	3	2013-05-03 08:22:53
186507	243	109990	0	1	40	10	2013-05-03 08:22:53
186508	243	110355	1	1	40	10	2013-05-03 08:22:53
186509	243	109245	2	1	40	10	2013-05-03 08:22:53
186510	243	108902	3	1	40	10	2013-05-03 08:22:53
186511	243	109266	4	1	40	10	2013-05-03 08:22:53
186512	243	111147	5	1	40	10	2013-05-03 08:22:53
186513	243	108921	6	1	40	10	2013-05-03 08:22:53
186514	243	110791	7	1	40	10	2013-05-03 08:22:53
186515	243	109665	8	1	40	10	2013-05-03 08:22:53
186516	243	110719	9	1	40	10	2013-05-03 08:22:53
186517	243	108863	10	1	40	10	2013-05-03 08:22:53
186518	243	109577	11	1	40	10	2013-05-03 08:22:53
186519	243	110720	12	1	40	10	2013-05-03 08:22:53
186520	243	111421	13	1	40	10	2013-05-03 08:22:53
186521	243	109556	14	1	40	10	2013-05-03 08:22:53
186522	243	111226	15	1	40	10	2013-05-03 08:22:53
186523	260	109814	0	0	40	2	2013-05-03 08:22:53
186524	260	111306	1	0	40	2	2013-05-03 08:22:53
186525	260	111307	2	0	40	2	2013-05-03 08:22:53
186526	260	111645	3	0	40	2	2013-05-03 08:22:53
186527	260	110206	4	0	40	2	2013-05-03 08:22:53
186528	260	109782	5	0	40	2	2013-05-03 08:22:53
186529	260	109021	6	0	40	2	2013-05-03 08:22:53
186530	260	110526	7	0	40	2	2013-05-03 08:22:53
186531	260	109392	8	0	40	2	2013-05-03 08:22:53
186532	260	110162	9	0	40	2	2013-05-03 08:22:53
186533	260	109393	10	0	40	2	2013-05-03 08:22:53
186534	260	109783	11	0	40	2	2013-05-03 08:22:53
186535	260	109023	12	0	40	2	2013-05-03 08:22:53
186536	260	110924	13	0	40	2	2013-05-03 08:22:53
186537	260	109784	14	0	40	2	2013-05-03 08:22:53
186538	260	111279	15	0	40	2	2013-05-03 08:22:53
186539	260	111615	16	0	40	2	2013-05-03 08:22:53
186540	260	110925	17	0	40	2	2013-05-03 08:22:53
186541	260	110523	18	0	40	2	2013-05-03 08:22:53
186542	260	109861	19	0	40	2	2013-05-03 08:22:53
186543	260	110159	20	0	40	2	2013-05-03 08:22:53
186544	260	109780	21	0	40	2	2013-05-03 08:22:53
186545	260	111274	0	1	40	3	2013-05-03 08:22:53
186546	260	110160	1	1	40	3	2013-05-03 08:22:53
186547	260	110525	2	1	40	3	2013-05-03 08:22:53
186548	260	111275	3	1	40	3	2013-05-03 08:22:53
186549	260	109105	4	1	40	3	2013-05-03 08:22:53
186550	260	109390	5	1	40	3	2013-05-03 08:22:53
186551	260	109781	6	1	40	3	2013-05-03 08:22:53
186552	260	110161	7	1	40	3	2013-05-03 08:22:53
186553	260	111276	8	1	40	3	2013-05-03 08:22:53
186554	260	110216	9	1	40	3	2013-05-03 08:22:53
186555	260	109456	10	1	40	3	2013-05-03 08:22:53
186556	260	111323	11	1	40	3	2013-05-03 08:22:53
186557	260	111267	12	1	40	3	2013-05-03 08:22:53
186558	260	110914	13	1	40	3	2013-05-03 08:22:53
186559	260	111277	14	1	40	3	2013-05-03 08:22:53
186560	260	109391	15	1	40	3	2013-05-03 08:22:53
186561	260	110923	16	1	40	3	2013-05-03 08:22:53
186562	260	111278	17	1	40	3	2013-05-03 08:22:53
186563	260	110677	18	1	40	3	2013-05-03 08:22:53
186564	260	109062	19	1	40	3	2013-05-03 08:22:53
186565	260	109179	20	1	40	3	2013-05-03 08:22:53
186566	260	109287	21	1	40	3	2013-05-03 08:22:53
186567	260	109722	22	1	40	3	2013-05-03 08:22:53
186568	260	109814	0	0	40	4	2013-05-03 08:22:53
186569	260	111306	1	0	40	4	2013-05-03 08:22:53
186570	260	111307	2	0	40	4	2013-05-03 08:22:53
186571	260	111645	3	0	40	4	2013-05-03 08:22:53
186572	260	110206	4	0	40	4	2013-05-03 08:22:53
186573	260	109782	5	0	40	4	2013-05-03 08:22:53
186574	260	109021	6	0	40	4	2013-05-03 08:22:53
186575	260	110526	7	0	40	4	2013-05-03 08:22:53
186576	260	109392	8	0	40	4	2013-05-03 08:22:53
186577	260	110162	9	0	40	4	2013-05-03 08:22:53
186578	260	109393	10	0	40	4	2013-05-03 08:22:53
186579	260	109783	11	0	40	4	2013-05-03 08:22:53
186580	260	109023	12	0	40	4	2013-05-03 08:22:53
186581	260	110924	13	0	40	4	2013-05-03 08:22:53
186582	260	109784	14	0	40	4	2013-05-03 08:22:53
186583	260	111279	15	0	40	4	2013-05-03 08:22:53
186584	260	111615	16	0	40	4	2013-05-03 08:22:53
186585	260	110925	17	0	40	4	2013-05-03 08:22:53
186586	260	110523	18	0	40	4	2013-05-03 08:22:53
186587	260	109861	19	0	40	4	2013-05-03 08:22:53
186588	260	110159	20	0	40	4	2013-05-03 08:22:53
186589	260	109780	21	0	40	4	2013-05-03 08:22:53
186590	260	111274	22	0	40	4	2013-05-03 08:22:53
186591	260	110160	23	0	40	4	2013-05-03 08:22:53
186592	260	110525	24	0	40	4	2013-05-03 08:22:53
186593	260	111275	25	0	40	4	2013-05-03 08:22:53
186594	260	109105	26	0	40	4	2013-05-03 08:22:53
186595	275	109684	0	1	40	4	2013-05-03 08:22:53
186596	275	109309	1	1	40	4	2013-05-03 08:22:53
186597	275	110419	2	1	40	4	2013-05-03 08:22:53
186598	275	108767	3	1	40	4	2013-05-03 08:22:53
186599	275	109891	4	1	40	4	2013-05-03 08:22:53
186600	275	110280	5	1	40	4	2013-05-03 08:22:53
186601	275	110272	6	1	40	4	2013-05-03 08:22:53
186602	275	109898	7	1	40	4	2013-05-03 08:22:53
186603	275	111003	8	1	40	4	2013-05-03 08:22:53
186604	275	111004	9	1	40	4	2013-05-03 08:22:53
186605	275	109858	10	1	40	4	2013-05-03 08:22:53
186606	275	110991	11	1	40	4	2013-05-03 08:22:53
186607	275	109389	12	1	40	4	2013-05-03 08:22:53
186608	275	109497	13	1	40	4	2013-05-03 08:22:53
186609	275	110569	14	1	40	4	2013-05-03 08:22:53
186610	275	109071	15	1	40	4	2013-05-03 08:22:53
186611	275	110987	16	1	40	4	2013-05-03 08:22:53
186612	275	109477	17	1	40	4	2013-05-03 08:22:53
186613	275	110570	18	1	40	4	2013-05-03 08:22:53
186614	275	108749	19	1	40	4	2013-05-03 08:22:53
186615	275	110233	20	1	40	4	2013-05-03 08:22:53
186616	275	110604	21	1	40	4	2013-05-03 08:22:53
186617	275	110605	22	1	40	4	2013-05-03 08:22:53
186618	275	109101	23	1	40	4	2013-05-03 08:22:53
186619	275	109761	24	1	40	4	2013-05-03 08:22:53
186620	275	109775	25	1	40	4	2013-05-03 08:22:53
186621	275	109010	26	1	40	4	2013-05-03 08:22:53
186622	275	109011	27	1	40	4	2013-05-03 08:22:53
186623	275	109762	28	1	40	4	2013-05-03 08:22:53
186624	275	110908	29	1	40	4	2013-05-03 08:22:53
186625	275	109763	30	1	40	4	2013-05-03 08:22:53
186626	275	111411	31	1	40	4	2013-05-03 08:22:53
186627	275	108939	0	0	40	2	2013-05-03 08:22:53
186628	275	110143	1	0	40	2	2013-05-03 08:22:53
186629	275	110513	2	0	40	2	2013-05-03 08:22:53
186630	275	111263	3	0	40	2	2013-05-03 08:22:53
186631	275	111601	4	0	40	2	2013-05-03 08:22:53
186632	275	110510	5	0	40	2	2013-05-03 08:22:53
186633	275	110144	6	0	40	2	2013-05-03 08:22:53
186634	275	109760	7	0	40	2	2013-05-03 08:22:53
186635	275	110511	8	0	40	2	2013-05-03 08:22:53
186636	275	110907	9	0	40	2	2013-05-03 08:22:53
186637	275	109097	10	0	40	2	2013-05-03 08:22:53
186638	275	109377	11	0	40	2	2013-05-03 08:22:53
186639	275	111612	12	0	40	2	2013-05-03 08:22:53
186640	275	110231	13	0	40	2	2013-05-03 08:22:53
186641	275	109453	14	0	40	2	2013-05-03 08:22:53
186642	275	110567	15	0	40	2	2013-05-03 08:22:53
186643	275	109387	16	0	40	2	2013-05-03 08:22:53
186644	275	111272	17	0	40	2	2013-05-03 08:22:53
186645	275	109146	18	0	40	2	2013-05-03 08:22:53
186646	275	110659	19	0	40	2	2013-05-03 08:22:53
186647	275	111030	20	0	40	2	2013-05-03 08:22:53
186648	275	110660	21	0	40	2	2013-05-03 08:22:53
186649	275	109134	22	0	40	2	2013-05-03 08:22:53
186650	275	109118	23	0	40	2	2013-05-03 08:22:53
186651	275	111621	24	0	40	2	2013-05-03 08:22:53
186652	275	111203	25	0	40	2	2013-05-03 08:22:53
186653	275	110831	26	0	40	2	2013-05-03 08:22:53
186654	275	111519	27	0	40	2	2013-05-03 08:22:53
186655	275	111599	0	0	40	5	2013-05-03 08:22:53
186656	275	108939	1	0	40	5	2013-05-03 08:22:53
186657	275	110143	2	0	40	5	2013-05-03 08:22:53
186658	275	110513	3	0	40	5	2013-05-03 08:22:53
186659	275	111263	4	0	40	5	2013-05-03 08:22:53
186660	275	111601	5	0	40	5	2013-05-03 08:22:53
186661	275	110510	6	0	40	5	2013-05-03 08:22:53
186662	275	110144	7	0	40	5	2013-05-03 08:22:53
186663	275	109760	8	0	40	5	2013-05-03 08:22:53
186664	275	110511	9	0	40	5	2013-05-03 08:22:53
186665	275	110907	10	0	40	5	2013-05-03 08:22:53
186666	275	109097	11	0	40	5	2013-05-03 08:22:53
186667	275	109377	12	0	40	5	2013-05-03 08:22:53
186668	275	111612	13	0	40	5	2013-05-03 08:22:53
186669	275	110231	14	0	40	5	2013-05-03 08:22:53
186670	275	109453	15	0	40	5	2013-05-03 08:22:53
186671	275	110567	16	0	40	5	2013-05-03 08:22:53
186672	275	109387	17	0	40	5	2013-05-03 08:22:53
186673	275	111272	18	0	40	5	2013-05-03 08:22:53
186674	275	109146	19	0	40	5	2013-05-03 08:22:53
186675	275	110659	20	0	40	5	2013-05-03 08:22:53
186676	275	111030	21	0	40	5	2013-05-03 08:22:53
186677	275	110660	22	0	40	5	2013-05-03 08:22:53
186678	275	109134	23	0	40	5	2013-05-03 08:22:53
186679	275	109118	24	0	40	5	2013-05-03 08:22:53
186680	275	111621	25	0	40	5	2013-05-03 08:22:53
186681	275	111203	26	0	40	5	2013-05-03 08:22:53
186682	275	110831	27	0	40	5	2013-05-03 08:22:53
186683	275	111519	28	0	40	5	2013-05-03 08:22:53
186684	275	111318	0	0	40	3	2013-05-03 08:22:53
186685	275	109449	1	0	40	3	2013-05-03 08:22:53
186686	275	109687	2	0	40	3	2013-05-03 08:22:53
186687	301	110404	0	1	40	2	2013-05-03 08:22:53
186688	301	111507	1	1	40	2	2013-05-03 08:22:53
186689	301	108947	2	1	40	2	2013-05-03 08:22:53
186690	301	109336	3	1	40	2	2013-05-03 08:22:53
186691	301	109537	4	1	40	2	2013-05-03 08:22:53
186692	301	110785	5	1	40	2	2013-05-03 08:22:53
186693	301	110962	6	1	40	2	2013-05-03 08:22:53
186694	301	109120	7	1	40	2	2013-05-03 08:22:53
186695	301	110644	8	1	40	2	2013-05-03 08:22:53
186696	301	110467	9	1	40	2	2013-05-03 08:22:53
186697	301	109537	0	1	40	7	2013-05-03 08:22:53
186698	301	110785	1	1	40	7	2013-05-03 08:22:53
186699	301	110962	2	1	40	7	2013-05-03 08:22:53
186700	301	109120	3	1	40	7	2013-05-03 08:22:53
186701	301	110644	4	1	40	7	2013-05-03 08:22:53
186702	301	110467	5	1	40	7	2013-05-03 08:22:53
186703	302	109058	0	0	40	2	2013-05-03 08:22:53
186704	302	109434	1	0	40	2	2013-05-03 08:22:53
186705	302	110957	2	0	40	2	2013-05-03 08:22:53
186706	302	109051	3	0	40	2	2013-05-03 08:22:53
186707	302	109423	4	0	40	2	2013-05-03 08:22:53
186708	302	110544	5	0	40	2	2013-05-03 08:22:53
186709	302	109918	6	0	40	2	2013-05-03 08:22:53
186710	302	110290	7	0	40	2	2013-05-03 08:22:53
186711	302	111301	8	0	40	2	2013-05-03 08:22:53
186712	302	110686	9	0	40	2	2013-05-03 08:22:53
186713	302	110202	10	0	40	2	2013-05-03 08:22:53
186714	302	109060	11	0	40	2	2013-05-03 08:22:53
186715	302	109424	12	0	40	2	2013-05-03 08:22:53
186716	302	109550	13	0	40	2	2013-05-03 08:22:53
186717	302	111386	14	0	40	2	2013-05-03 08:22:53
186718	302	109804	15	0	40	2	2013-05-03 08:22:53
186719	302	108822	0	1	40	3	2013-05-03 08:22:53
186720	302	111296	1	1	40	3	2013-05-03 08:22:53
186721	302	111638	2	1	40	3	2013-05-03 08:22:53
186722	302	111297	3	1	40	3	2013-05-03 08:22:53
186723	302	111639	4	1	40	3	2013-05-03 08:22:53
186724	302	110542	5	1	40	3	2013-05-03 08:22:53
186725	302	110681	6	1	40	3	2013-05-03 08:22:53
186726	302	108821	7	1	40	3	2013-05-03 08:22:53
186727	302	110682	8	1	40	3	2013-05-03 08:22:53
186728	302	109048	9	1	40	3	2013-05-03 08:22:53
186729	302	110543	10	1	40	3	2013-05-03 08:22:53
186730	302	109805	11	1	40	3	2013-05-03 08:22:53
186731	302	110199	12	1	40	3	2013-05-03 08:22:53
186732	302	111304	13	1	40	3	2013-05-03 08:22:53
186733	302	110200	14	1	40	3	2013-05-03 08:22:53
186734	303	109807	0	1	40	2	2013-05-03 08:22:53
186735	303	109052	1	1	40	2	2013-05-03 08:22:53
186736	303	109431	2	1	40	2	2013-05-03 08:22:53
186737	303	109426	3	1	40	2	2013-05-03 08:22:53
186738	303	110189	4	1	40	2	2013-05-03 08:22:53
186739	303	110948	5	1	40	2	2013-05-03 08:22:53
186740	303	111640	6	1	40	2	2013-05-03 08:22:53
186741	303	110949	7	1	40	2	2013-05-03 08:22:53
186742	303	111300	8	1	40	2	2013-05-03 08:22:53
186743	303	110961	9	1	40	2	2013-05-03 08:22:53
186744	303	110950	10	1	40	2	2013-05-03 08:22:53
186745	303	109806	11	1	40	2	2013-05-03 08:22:53
186746	303	110947	12	1	40	2	2013-05-03 08:22:53
186747	304	110550	0	0	40	2	2013-05-03 08:22:53
186748	304	110201	1	0	40	2	2013-05-03 08:22:53
186749	304	109059	2	0	40	2	2013-05-03 08:22:53
186750	304	110192	3	0	40	2	2013-05-03 08:22:53
186751	304	109430	4	0	40	2	2013-05-03 08:22:53
186752	304	109809	5	0	40	2	2013-05-03 08:22:53
186753	304	111641	6	0	40	2	2013-05-03 08:22:53
186754	304	110546	7	0	40	2	2013-05-03 08:22:53
186755	304	111642	8	0	40	2	2013-05-03 08:22:53
186756	304	110193	9	0	40	2	2013-05-03 08:22:53
186757	304	110194	10	0	40	2	2013-05-03 08:22:53
186758	304	111298	11	0	40	2	2013-05-03 08:22:53
186759	304	110952	0	1	40	3	2013-05-03 08:22:53
186760	304	109427	1	1	40	3	2013-05-03 08:22:53
186761	304	110190	2	1	40	3	2013-05-03 08:22:53
186762	304	109428	3	1	40	3	2013-05-03 08:22:53
186763	304	109054	4	1	40	3	2013-05-03 08:22:53
186764	304	109429	5	1	40	3	2013-05-03 08:22:53
186765	304	110953	6	1	40	3	2013-05-03 08:22:53
186766	304	109808	7	1	40	3	2013-05-03 08:22:53
186767	304	109811	8	1	40	3	2013-05-03 08:22:53
186768	304	110549	9	1	40	3	2013-05-03 08:22:53
186769	304	110551	10	1	40	3	2013-05-03 08:22:53
186770	304	111305	11	1	40	3	2013-05-03 08:22:53
186771	305	111646	0	0	40	2	2013-05-03 08:22:53
186772	305	111049	1	0	40	2	2013-05-03 08:22:53
186773	305	110290	2	0	40	2	2013-05-03 08:22:53
186774	305	111301	3	0	40	2	2013-05-03 08:22:53
186775	305	110686	4	0	40	2	2013-05-03 08:22:53
186776	305	110011	5	0	40	2	2013-05-03 08:22:53
186777	305	109816	6	0	40	2	2013-05-03 08:22:53
186778	305	108918	7	0	40	2	2013-05-03 08:22:53
186779	305	110012	8	0	40	2	2013-05-03 08:22:53
186780	305	110367	9	0	40	2	2013-05-03 08:22:53
186781	305	111647	10	0	40	2	2013-05-03 08:22:53
186782	305	109063	11	0	40	2	2013-05-03 08:22:53
186783	305	110553	12	0	40	2	2013-05-03 08:22:53
186784	305	110072	13	0	40	2	2013-05-03 08:22:53
186785	305	110839	0	1	40	3	2013-05-03 08:22:53
186786	305	109538	1	1	40	3	2013-05-03 08:22:53
186787	305	111056	2	1	40	3	2013-05-03 08:22:53
186788	305	109441	3	1	40	3	2013-05-03 08:22:53
186789	305	110680	4	1	40	3	2013-05-03 08:22:53
186790	305	108821	5	1	40	3	2013-05-03 08:22:53
186791	305	110682	6	1	40	3	2013-05-03 08:22:53
186792	306	110964	0	0	40	2	2013-05-03 08:22:53
186793	306	109822	1	0	40	2	2013-05-03 08:22:53
186794	306	111313	2	0	40	2	2013-05-03 08:22:53
186795	306	110557	3	0	40	2	2013-05-03 08:22:53
186796	306	109444	4	0	40	2	2013-05-03 08:22:53
186797	306	111653	5	0	40	2	2013-05-03 08:22:53
186798	306	109823	6	0	40	2	2013-05-03 08:22:53
186799	306	109824	7	0	40	2	2013-05-03 08:22:53
186800	306	109445	8	0	40	2	2013-05-03 08:22:53
186801	306	111314	9	0	40	2	2013-05-03 08:22:53
186802	306	109176	10	0	40	2	2013-05-03 08:22:53
186803	306	110683	11	0	40	2	2013-05-03 08:22:53
186804	306	110290	12	0	40	2	2013-05-03 08:22:53
186805	306	111301	13	0	40	2	2013-05-03 08:22:53
186806	306	110686	14	0	40	2	2013-05-03 08:22:53
186807	306	110545	15	0	40	2	2013-05-03 08:22:53
186808	306	109550	16	0	40	2	2013-05-03 08:22:53
186809	306	109421	17	0	40	2	2013-05-03 08:22:53
186810	306	109050	0	1	40	3	2013-05-03 08:22:53
186811	306	111638	1	1	40	3	2013-05-03 08:22:53
186812	306	111297	2	1	40	3	2013-05-03 08:22:53
186813	306	111639	3	1	40	3	2013-05-03 08:22:53
186814	306	110542	4	1	40	3	2013-05-03 08:22:53
186815	306	109815	5	1	40	3	2013-05-03 08:22:53
186816	306	110680	6	1	40	3	2013-05-03 08:22:53
186817	306	109065	7	1	40	3	2013-05-03 08:22:53
186818	306	110963	8	1	40	3	2013-05-03 08:22:53
186819	306	109066	9	1	40	3	2013-05-03 08:22:53
186820	306	110555	10	1	40	3	2013-05-03 08:22:53
186821	306	111311	11	1	40	3	2013-05-03 08:22:53
186822	306	111312	12	1	40	3	2013-05-03 08:22:53
186823	306	111650	13	1	40	3	2013-05-03 08:22:53
186824	306	111651	14	1	40	3	2013-05-03 08:22:53
186825	306	109067	15	1	40	3	2013-05-03 08:22:53
186826	306	109820	16	1	40	3	2013-05-03 08:22:53
186827	306	111652	17	1	40	3	2013-05-03 08:22:53
186828	306	110556	18	1	40	3	2013-05-03 08:22:53
186829	311	111531	0	1	40	2	2013-05-03 08:22:53
186830	311	110003	1	1	40	2	2013-05-03 08:22:53
186831	311	109827	2	1	40	2	2013-05-03 08:22:53
186832	311	110212	3	1	40	2	2013-05-03 08:22:53
186833	311	111319	4	1	40	2	2013-05-03 08:22:53
186834	311	109518	5	1	40	2	2013-05-03 08:22:53
186835	311	111376	6	1	40	2	2013-05-03 08:22:53
186836	311	110846	7	1	40	2	2013-05-03 08:22:53
186837	311	109069	8	1	40	2	2013-05-03 08:22:53
186838	311	109699	9	1	40	2	2013-05-03 08:22:53
186839	311	110065	10	1	40	2	2013-05-03 08:22:53
186840	311	110846	0	1	40	5	2013-05-03 08:22:54
186841	311	109069	1	1	40	5	2013-05-03 08:22:54
186842	311	109699	2	1	40	5	2013-05-03 08:22:54
186843	311	110065	3	1	40	5	2013-05-03 08:22:54
186844	318	110282	0	1	40	8	2013-05-03 08:22:54
186845	318	109534	1	1	40	8	2013-05-03 08:22:54
186846	318	110752	2	1	40	8	2013-05-03 08:22:54
186847	318	109535	3	1	40	8	2013-05-03 08:22:54
186848	318	109910	4	1	40	8	2013-05-03 08:22:54
186849	318	109227	5	1	40	8	2013-05-03 08:22:54
186850	318	111375	6	1	40	8	2013-05-03 08:22:54
186851	318	111356	7	1	40	8	2013-05-03 08:22:54
186852	318	111444	8	1	40	8	2013-05-03 08:22:54
186853	318	109700	9	1	40	8	2013-05-03 08:22:54
186854	318	111023	10	1	40	8	2013-05-03 08:22:54
186855	318	110838	11	1	40	8	2013-05-03 08:22:54
186856	318	111211	0	1	40	2	2013-05-03 08:22:54
186857	318	108785	1	1	40	2	2013-05-03 08:22:54
186858	318	111212	2	1	40	2	2013-05-03 08:22:54
186859	318	109894	3	1	40	2	2013-05-03 08:22:54
186860	318	111465	4	1	40	2	2013-05-03 08:22:54
186861	318	110669	5	1	40	2	2013-05-03 08:22:54
186862	318	109601	6	1	40	2	2013-05-03 08:22:54
186863	318	109908	7	1	40	2	2013-05-03 08:22:54
186864	318	109253	8	1	40	2	2013-05-03 08:22:54
186865	318	110751	9	1	40	2	2013-05-03 08:22:54
186866	318	109909	10	1	40	2	2013-05-03 08:22:54
186867	318	109249	11	1	40	2	2013-05-03 08:22:54
186868	318	110282	12	1	40	2	2013-05-03 08:22:54
186869	318	109534	13	1	40	2	2013-05-03 08:22:54
186870	318	110752	14	1	40	2	2013-05-03 08:22:54
186871	318	109535	15	1	40	2	2013-05-03 08:22:54
186872	318	109910	16	1	40	2	2013-05-03 08:22:54
186873	318	109227	17	1	40	2	2013-05-03 08:22:54
186874	318	111375	18	1	40	2	2013-05-03 08:22:54
186875	318	111356	19	1	40	2	2013-05-03 08:22:54
186876	318	111444	20	1	40	2	2013-05-03 08:22:54
186877	318	109700	21	1	40	2	2013-05-03 08:22:54
186878	318	111023	22	1	40	2	2013-05-03 08:22:54
186879	318	110838	23	1	40	2	2013-05-03 08:22:54
186880	318	108810	0	1	40	12	2013-05-03 08:22:54
186881	318	110752	1	1	40	12	2013-05-03 08:22:54
186882	318	109535	2	1	40	12	2013-05-03 08:22:54
186883	318	109910	3	1	40	12	2013-05-03 08:22:54
186884	318	109227	4	1	40	12	2013-05-03 08:22:54
186885	318	111375	5	1	40	12	2013-05-03 08:22:54
186886	318	111356	6	1	40	12	2013-05-03 08:22:54
186887	318	111444	7	1	40	12	2013-05-03 08:22:54
186888	318	109700	8	1	40	12	2013-05-03 08:22:54
186889	318	111023	9	1	40	12	2013-05-03 08:22:54
186890	318	110838	10	1	40	12	2013-05-03 08:22:54
186891	318	111211	0	1	40	3	2013-05-03 08:22:54
186892	318	108785	1	1	40	3	2013-05-03 08:22:54
186893	318	111212	2	1	40	3	2013-05-03 08:22:54
186894	318	109894	3	1	40	3	2013-05-03 08:22:54
186895	318	111465	4	1	40	3	2013-05-03 08:22:54
186896	318	110669	5	1	40	3	2013-05-03 08:22:54
186897	318	109601	6	1	40	3	2013-05-03 08:22:54
186898	318	109908	7	1	40	3	2013-05-03 08:22:54
186899	318	109253	8	1	40	3	2013-05-03 08:22:54
186900	318	110751	9	1	40	3	2013-05-03 08:22:54
186901	318	109909	10	1	40	3	2013-05-03 08:22:54
186902	318	109249	11	1	40	3	2013-05-03 08:22:54
186903	318	108810	12	1	40	3	2013-05-03 08:22:54
186904	318	110752	13	1	40	3	2013-05-03 08:22:54
186905	318	109535	14	1	40	3	2013-05-03 08:22:54
186906	318	109910	15	1	40	3	2013-05-03 08:22:54
186907	318	109227	16	1	40	3	2013-05-03 08:22:54
186908	318	111375	17	1	40	3	2013-05-03 08:22:54
186909	318	111356	18	1	40	3	2013-05-03 08:22:54
186910	318	111444	19	1	40	3	2013-05-03 08:22:54
186911	318	109700	20	1	40	3	2013-05-03 08:22:54
186912	318	111023	21	1	40	3	2013-05-03 08:22:54
186913	318	110838	22	1	40	3	2013-05-03 08:22:54
186914	321	109920	0	1	40	4	2013-05-03 08:22:54
186915	321	111148	1	1	40	4	2013-05-03 08:22:54
186916	321	108831	2	1	40	4	2013-05-03 08:22:54
186917	321	109184	3	1	40	4	2013-05-03 08:22:54
186918	321	108828	4	1	40	4	2013-05-03 08:22:54
186919	321	109924	5	1	40	4	2013-05-03 08:22:54
186920	321	110691	6	1	40	4	2013-05-03 08:22:54
186921	321	111389	7	1	40	4	2013-05-03 08:22:54
186922	321	109926	8	1	40	4	2013-05-03 08:22:54
186923	321	111061	0	0	40	2	2013-05-03 08:22:54
186924	321	111062	1	0	40	2	2013-05-03 08:22:54
186925	321	110695	2	0	40	2	2013-05-03 08:22:54
186926	321	108835	3	0	40	2	2013-05-03 08:22:54
186927	321	109555	4	0	40	2	2013-05-03 08:22:54
186928	321	108837	5	0	40	2	2013-05-03 08:22:54
186929	321	110376	6	0	40	2	2013-05-03 08:22:54
186930	321	111068	7	0	40	2	2013-05-03 08:22:54
186931	321	109446	0	0	40	3	2013-05-03 08:22:54
186932	321	110558	1	0	40	3	2013-05-03 08:22:54
186933	321	109934	2	0	40	3	2013-05-03 08:22:54
186934	322	108920	0	1	40	8	2013-05-03 08:22:54
186935	322	109262	1	1	40	8	2013-05-03 08:22:54
186936	322	109745	2	1	40	8	2013-05-03 08:22:54
186937	322	111045	3	1	40	8	2013-05-03 08:22:54
186938	322	110014	4	1	40	8	2013-05-03 08:22:54
186939	322	110787	5	1	40	8	2013-05-03 08:22:54
186940	322	109257	6	1	40	8	2013-05-03 08:22:54
186941	322	110369	7	1	40	8	2013-05-03 08:22:54
186942	322	110370	8	1	40	8	2013-05-03 08:22:54
186943	322	109258	9	1	40	8	2013-05-03 08:22:54
186944	322	109915	10	1	40	8	2013-05-03 08:22:54
186945	322	109630	11	1	40	8	2013-05-03 08:22:54
186946	322	109263	12	1	40	8	2013-05-03 08:22:54
186947	322	108814	13	1	40	8	2013-05-03 08:22:54
186948	322	108815	14	1	40	8	2013-05-03 08:22:54
186949	322	109939	15	1	40	8	2013-05-03 08:22:54
186950	322	109635	0	1	40	2	2013-05-03 08:22:54
186951	322	109632	1	1	40	2	2013-05-03 08:22:54
186952	322	109168	2	1	40	2	2013-05-03 08:22:54
186953	322	110786	3	1	40	2	2013-05-03 08:22:54
186954	322	111380	4	1	40	2	2013-05-03 08:22:54
186955	322	110014	5	1	40	2	2013-05-03 08:22:54
186956	322	110787	6	1	40	2	2013-05-03 08:22:54
186957	322	109257	7	1	40	2	2013-05-03 08:22:54
186958	322	110369	8	1	40	2	2013-05-03 08:22:54
186959	322	110370	9	1	40	2	2013-05-03 08:22:54
186960	322	109258	10	1	40	2	2013-05-03 08:22:54
186961	322	109915	11	1	40	2	2013-05-03 08:22:54
186962	322	109630	12	1	40	2	2013-05-03 08:22:54
186963	322	109263	13	1	40	2	2013-05-03 08:22:54
186964	322	108814	14	1	40	2	2013-05-03 08:22:54
186965	322	108815	15	1	40	2	2013-05-03 08:22:54
186966	322	109939	16	1	40	2	2013-05-03 08:22:54
186967	322	109915	0	1	40	11	2013-05-03 08:22:54
186968	322	109630	1	1	40	11	2013-05-03 08:22:54
186969	322	109263	2	1	40	11	2013-05-03 08:22:54
186970	322	108814	3	1	40	11	2013-05-03 08:22:54
186971	322	108815	4	1	40	11	2013-05-03 08:22:54
186972	322	109939	5	1	40	11	2013-05-03 08:22:54
186973	322	109262	0	1	40	13	2013-05-03 08:22:54
186974	322	109745	1	1	40	13	2013-05-03 08:22:54
186975	322	111045	2	1	40	13	2013-05-03 08:22:54
186976	322	110014	3	1	40	13	2013-05-03 08:22:54
186977	322	110787	4	1	40	13	2013-05-03 08:22:54
186978	322	109257	5	1	40	13	2013-05-03 08:22:54
186979	322	110369	6	1	40	13	2013-05-03 08:22:54
186980	322	110370	7	1	40	13	2013-05-03 08:22:54
186981	322	109258	8	1	40	13	2013-05-03 08:22:54
186982	322	109915	9	1	40	13	2013-05-03 08:22:54
186983	322	109630	10	1	40	13	2013-05-03 08:22:54
186984	322	109263	11	1	40	13	2013-05-03 08:22:54
186985	322	108814	12	1	40	13	2013-05-03 08:22:54
186986	322	108815	13	1	40	13	2013-05-03 08:22:54
186987	322	109939	14	1	40	13	2013-05-03 08:22:54
186988	322	110210	0	1	40	3	2013-05-03 08:22:54
186989	322	109448	1	1	40	3	2013-05-03 08:22:54
186990	322	109940	2	1	40	3	2013-05-03 08:22:54
186991	322	109257	0	1	40	6	2013-05-03 08:22:54
186992	322	110369	1	1	40	6	2013-05-03 08:22:54
186993	322	110370	2	1	40	6	2013-05-03 08:22:54
186994	322	109258	3	1	40	6	2013-05-03 08:22:54
186995	322	109915	4	1	40	6	2013-05-03 08:22:54
186996	322	109630	5	1	40	6	2013-05-03 08:22:54
186997	322	109263	6	1	40	6	2013-05-03 08:22:54
186998	322	108814	7	1	40	6	2013-05-03 08:22:54
186999	322	108815	8	1	40	6	2013-05-03 08:22:54
187000	322	109939	9	1	40	6	2013-05-03 08:22:54
187001	323	110372	0	1	40	8	2013-05-03 08:22:54
187002	323	109264	1	1	40	8	2013-05-03 08:22:54
187003	323	109265	2	1	40	8	2013-05-03 08:22:54
187004	323	109267	3	1	40	8	2013-05-03 08:22:54
187005	323	108846	4	1	40	8	2013-05-03 08:22:54
187006	323	110015	0	1	40	2	2013-05-03 08:22:54
187007	323	111469	1	1	40	2	2013-05-03 08:22:54
187008	323	110010	2	1	40	2	2013-05-03 08:22:54
187009	323	111470	3	1	40	2	2013-05-03 08:22:54
187010	323	110688	4	1	40	2	2013-05-03 08:22:54
187011	323	109544	5	1	40	2	2013-05-03 08:22:54
187012	323	110372	6	1	40	2	2013-05-03 08:22:54
187013	323	109264	7	1	40	2	2013-05-03 08:22:54
187014	323	109265	8	1	40	2	2013-05-03 08:22:54
187015	323	109267	9	1	40	2	2013-05-03 08:22:54
187016	323	108846	10	1	40	2	2013-05-03 08:22:54
187017	323	110211	0	1	40	3	2013-05-03 08:22:54
187018	323	111315	1	1	40	3	2013-05-03 08:22:54
187019	323	110704	2	1	40	3	2013-05-03 08:22:54
187020	323	109544	0	1	40	6	2013-05-03 08:22:54
