LINESTOPID	STOPSEQUENCE	ORIENTATION	LINEID	STOPID	PLANVERSIONID	LINEVARIANT	REGISTERDATE	LINEVARIANTTYPE
139232	1	0	131	502303	40	2	2013-05-03 08:19:55	1
139233	2	0	131	502251	40	2	2013-05-03 08:19:55	1
139234	3	0	131	502201	40	2	2013-05-03 08:19:55	1
139235	4	0	131	502151	40	2	2013-05-03 08:19:55	1
139236	5	0	131	502101	40	2	2013-05-03 08:19:55	1
139237	6	0	131	502051	40	2	2013-05-03 08:19:55	1
139238	7	0	131	502001	40	2	2013-05-03 08:19:55	1
139239	8	0	131	501951	40	2	2013-05-03 08:19:55	1
139240	9	0	131	501901	40	2	2013-05-03 08:19:55	1
139241	10	0	131	501853	40	2	2013-05-03 08:19:55	1
139242	11	0	131	501803	40	2	2013-05-03 08:19:55	1
139243	12	0	131	501753	40	2	2013-05-03 08:19:55	1
139244	13	0	131	501701	40	2	2013-05-03 08:19:55	1
139245	14	0	131	501651	40	2	2013-05-03 08:19:55	1
139246	15	0	131	501601	40	2	2013-05-03 08:19:55	1
139247	16	0	131	501001	40	2	2013-05-03 08:19:55	1
139248	17	0	131	501401	40	2	2013-05-03 08:19:55	1
139249	18	0	131	501450	40	2	2013-05-03 08:19:55	1
139250	19	0	131	501500	40	2	2013-05-03 08:19:55	1
139251	20	0	131	501550	40	2	2013-05-03 08:19:55	1
139252	21	0	131	500601	40	2	2013-05-03 08:19:55	1
139253	22	0	131	500700	40	2	2013-05-03 08:19:55	1
139254	23	0	131	500650	40	2	2013-05-03 08:19:55	1
139255	24	0	131	500451	40	2	2013-05-03 08:19:55	1
139256	25	0	131	500401	40	2	2013-05-03 08:19:55	1
139257	26	0	131	500353	40	2	2013-05-03 08:19:55	1
139258	27	0	131	500301	40	2	2013-05-03 08:19:55	1
139259	28	0	131	500251	40	2	2013-05-03 08:19:55	1
139260	29	0	131	500201	40	2	2013-05-03 08:19:55	1
139261	1	0	131	500201	40	3	2013-05-03 08:19:55	3
139262	2	0	131	600201	40	3	2013-05-03 08:19:55	3
139263	3	0	131	600200	40	3	2013-05-03 08:19:55	3
139264	4	0	131	500200	40	3	2013-05-03 08:19:55	3
139265	1	1	131	500200	40	4	2013-05-03 08:19:55	1
139266	2	1	131	500250	40	4	2013-05-03 08:19:55	1
139267	3	1	131	500300	40	4	2013-05-03 08:19:55	1
139268	4	1	131	500350	40	4	2013-05-03 08:19:55	1
139269	5	1	131	500400	40	4	2013-05-03 08:19:55	1
139270	6	1	131	500450	40	4	2013-05-03 08:19:55	1
139271	7	1	131	500500	40	4	2013-05-03 08:19:55	1
139272	8	1	131	500602	40	4	2013-05-03 08:19:55	1
139273	9	1	131	500750	40	4	2013-05-03 08:19:55	1
139274	10	1	131	500850	40	4	2013-05-03 08:19:55	1
139275	11	1	131	500950	40	4	2013-05-03 08:19:55	1
139276	12	1	131	501002	40	4	2013-05-03 08:19:55	1
139277	13	1	131	501602	40	4	2013-05-03 08:19:55	1
139278	14	1	131	501652	40	4	2013-05-03 08:19:55	1
139279	15	1	131	501702	40	4	2013-05-03 08:19:55	1
139280	16	1	131	501750	40	4	2013-05-03 08:19:55	1
139281	17	1	131	501800	40	4	2013-05-03 08:19:55	1
139282	18	1	131	501852	40	4	2013-05-03 08:19:55	1
139283	19	1	131	501900	40	4	2013-05-03 08:19:55	1
139284	20	1	131	501950	40	4	2013-05-03 08:19:55	1
139285	21	1	131	502000	40	4	2013-05-03 08:19:55	1
139286	22	1	131	502050	40	4	2013-05-03 08:19:55	1
139287	23	1	131	502102	40	4	2013-05-03 08:19:55	1
139288	24	1	131	502150	40	4	2013-05-03 08:19:55	1
139289	25	1	131	502200	40	4	2013-05-03 08:19:55	1
139290	26	1	131	502250	40	4	2013-05-03 08:19:55	1
139291	27	1	131	502300	40	4	2013-05-03 08:19:55	1
139292	1	1	131	502300	40	5	2013-05-03 08:19:55	3
139293	2	1	131	602300	40	5	2013-05-03 08:19:55	3
139294	3	1	131	602303	40	5	2013-05-03 08:19:55	3
139295	4	1	131	502303	40	5	2013-05-03 08:19:55	3
139296	1	1	131	501750	40	10	2013-05-03 08:19:55	1
139297	2	1	131	501800	40	10	2013-05-03 08:19:55	1
139298	3	1	131	501852	40	10	2013-05-03 08:19:55	1
139299	4	1	131	501900	40	10	2013-05-03 08:19:55	1
139300	5	1	131	501950	40	10	2013-05-03 08:19:55	1
139301	6	1	131	502000	40	10	2013-05-03 08:19:55	1
139302	7	1	131	502050	40	10	2013-05-03 08:19:55	1
139303	8	1	131	502102	40	10	2013-05-03 08:19:55	1
139304	9	1	131	502150	40	10	2013-05-03 08:19:55	1
139305	10	1	131	502200	40	10	2013-05-03 08:19:55	1
139306	11	1	131	502250	40	10	2013-05-03 08:19:55	1
139307	12	1	131	502300	40	10	2013-05-03 08:19:55	1
139308	1	1	131	501852	40	18	2013-05-03 08:19:55	1
139309	2	1	131	501900	40	18	2013-05-03 08:19:55	1
139310	3	1	131	501950	40	18	2013-05-03 08:19:55	1
139311	4	1	131	502000	40	18	2013-05-03 08:19:55	1
139312	5	1	131	502050	40	18	2013-05-03 08:19:55	1
139313	6	1	131	502102	40	18	2013-05-03 08:19:55	1
139314	7	1	131	502150	40	18	2013-05-03 08:19:55	1
139315	8	1	131	502200	40	18	2013-05-03 08:19:55	1
139316	9	1	131	502250	40	18	2013-05-03 08:19:55	1
139317	10	1	131	502300	40	18	2013-05-03 08:19:55	1
139318	1	0	131	501853	40	21	2013-05-03 08:19:55	1
139319	2	0	131	501803	40	21	2013-05-03 08:19:55	1
139320	3	0	131	501753	40	21	2013-05-03 08:19:55	1
139321	4	0	131	501701	40	21	2013-05-03 08:19:55	1
139322	5	0	131	501651	40	21	2013-05-03 08:19:55	1
139323	6	0	131	501601	40	21	2013-05-03 08:19:55	1
139324	7	0	131	501001	40	21	2013-05-03 08:19:55	1
139325	8	0	131	501401	40	21	2013-05-03 08:19:55	1
139326	9	0	131	501450	40	21	2013-05-03 08:19:55	1
139327	10	0	131	501500	40	21	2013-05-03 08:19:55	1
139328	11	0	131	501550	40	21	2013-05-03 08:19:55	1
139329	12	0	131	500601	40	21	2013-05-03 08:19:55	1
139330	13	0	131	500700	40	21	2013-05-03 08:19:55	1
139331	14	0	131	500650	40	21	2013-05-03 08:19:55	1
139332	15	0	131	500451	40	21	2013-05-03 08:19:55	1
139333	16	0	131	500401	40	21	2013-05-03 08:19:55	1
139334	17	0	131	500353	40	21	2013-05-03 08:19:55	1
139335	18	0	131	500301	40	21	2013-05-03 08:19:55	1
139336	19	0	131	500251	40	21	2013-05-03 08:19:55	1
139337	20	0	131	500201	40	21	2013-05-03 08:19:55	1
139338	1	1	140	500159	40	2	2013-05-03 08:19:55	1
139339	2	1	140	501052	40	2	2013-05-03 08:19:55	1
139340	3	1	140	501100	40	2	2013-05-03 08:19:55	1
139341	4	1	140	501150	40	2	2013-05-03 08:19:55	1
139342	5	1	140	501200	40	2	2013-05-03 08:19:55	1
139343	6	1	140	501250	40	2	2013-05-03 08:19:55	1
139344	7	1	140	501300	40	2	2013-05-03 08:19:55	1
139345	8	1	140	501350	40	2	2013-05-03 08:19:55	1
139346	9	1	140	501450	40	2	2013-05-03 08:19:55	1
139347	10	1	140	501500	40	2	2013-05-03 08:19:55	1
139348	11	1	140	501550	40	2	2013-05-03 08:19:55	1
139349	12	1	140	500751	40	2	2013-05-03 08:19:55	1
139350	1	0	140	500751	40	3	2013-05-03 08:19:55	1
139351	2	0	140	500851	40	3	2013-05-03 08:19:55	1
139352	3	0	140	500950	40	3	2013-05-03 08:19:55	1
139353	4	0	140	501403	40	3	2013-05-03 08:19:55	1
139354	5	0	140	501351	40	3	2013-05-03 08:19:55	1
139355	6	0	140	501301	40	3	2013-05-03 08:19:55	1
139356	7	0	140	501251	40	3	2013-05-03 08:19:55	1
139357	8	0	140	501201	40	3	2013-05-03 08:19:55	1
139358	9	0	140	501151	40	3	2013-05-03 08:19:55	1
139359	10	0	140	501101	40	3	2013-05-03 08:19:55	1
139360	11	0	140	501051	40	3	2013-05-03 08:19:55	1
139361	12	0	140	500163	40	3	2013-05-03 08:19:55	1
139362	1	0	140	500163	40	4	2013-05-03 08:19:55	3
139363	2	0	140	600163	40	4	2013-05-03 08:19:55	3
139364	3	0	140	600159	40	4	2013-05-03 08:19:55	3
139365	4	0	140	500159	40	4	2013-05-03 08:19:55	3
139366	1	1	142	514405	40	2	2013-05-03 08:19:55	1
139367	2	1	142	514206	40	2	2013-05-03 08:19:55	1
139368	3	1	142	514207	40	2	2013-05-03 08:19:55	1
139369	4	1	142	514039	40	2	2013-05-03 08:19:55	1
139370	5	1	142	514208	40	2	2013-05-03 08:19:55	1
139371	6	1	142	514209	40	2	2013-05-03 08:19:55	1
139372	7	1	142	514210	40	2	2013-05-03 08:19:55	1
139373	8	1	142	514211	40	2	2013-05-03 08:19:55	1
139374	9	1	142	514147	40	2	2013-05-03 08:19:55	1
139375	10	1	142	514212	40	2	2013-05-03 08:19:55	1
139376	11	1	142	514213	40	2	2013-05-03 08:19:55	1
139377	12	1	142	514214	40	2	2013-05-03 08:19:55	1
139378	13	1	142	514215	40	2	2013-05-03 08:19:55	1
139379	14	1	142	514022	40	2	2013-05-03 08:19:55	1
139380	15	1	142	514055	40	2	2013-05-03 08:19:55	1
139381	16	1	142	514056	40	2	2013-05-03 08:19:55	1
139382	17	1	142	500159	40	2	2013-05-03 08:19:55	1
139383	18	1	142	501052	40	2	2013-05-03 08:19:55	1
139384	19	1	142	501100	40	2	2013-05-03 08:19:55	1
139385	20	1	142	501150	40	2	2013-05-03 08:19:55	1
139386	21	1	142	501200	40	2	2013-05-03 08:19:55	1
139387	22	1	142	501250	40	2	2013-05-03 08:19:55	1
139388	23	1	142	501300	40	2	2013-05-03 08:19:55	1
139389	24	1	142	501350	40	2	2013-05-03 08:19:55	1
139390	25	1	142	501500	40	2	2013-05-03 08:19:55	1
139391	26	1	142	501552	40	2	2013-05-03 08:19:55	1
139392	27	1	142	502351	40	2	2013-05-03 08:19:55	1
139393	28	1	142	502401	40	2	2013-05-03 08:19:55	1
139394	29	1	142	512020	40	2	2013-05-03 08:19:55	1
139395	30	1	142	512021	40	2	2013-05-03 08:19:55	1
139396	31	1	142	512022	40	2	2013-05-03 08:19:55	1
139397	1	0	142	512022	40	3	2013-05-03 08:19:55	1
139398	2	0	142	512023	40	3	2013-05-03 08:19:55	1
139399	3	0	142	502400	40	3	2013-05-03 08:19:55	1
139400	4	0	142	502350	40	3	2013-05-03 08:19:55	1
139401	5	0	142	500751	40	3	2013-05-03 08:19:55	1
139402	6	0	142	500851	40	3	2013-05-03 08:19:55	1
139403	7	0	142	500950	40	3	2013-05-03 08:19:55	1
139404	8	0	142	501351	40	3	2013-05-03 08:19:55	1
139405	9	0	142	501301	40	3	2013-05-03 08:19:55	1
139406	10	0	142	501251	40	3	2013-05-03 08:19:55	1
139407	11	0	142	501201	40	3	2013-05-03 08:19:55	1
139408	12	0	142	501151	40	3	2013-05-03 08:19:55	1
139409	13	0	142	501101	40	3	2013-05-03 08:19:55	1
139410	14	0	142	501051	40	3	2013-05-03 08:19:55	1
139411	15	0	142	500156	40	3	2013-05-03 08:19:55	1
139412	16	0	142	514020	40	3	2013-05-03 08:19:55	1
139413	17	0	142	514021	40	3	2013-05-03 08:19:55	1
139414	18	0	142	514022	40	3	2013-05-03 08:19:55	1
139415	19	0	142	514194	40	3	2013-05-03 08:19:55	1
139416	20	0	142	514195	40	3	2013-05-03 08:19:55	1
139417	21	0	142	514196	40	3	2013-05-03 08:19:55	1
139418	22	0	142	514197	40	3	2013-05-03 08:19:55	1
139419	23	0	142	514321	40	3	2013-05-03 08:19:55	1
139420	24	0	142	514029	40	3	2013-05-03 08:19:55	1
139421	25	0	142	514030	40	3	2013-05-03 08:19:55	1
139422	26	0	142	514031	40	3	2013-05-03 08:19:55	1
139423	27	0	142	514032	40	3	2013-05-03 08:19:55	1
139424	28	0	142	514322	40	3	2013-05-03 08:19:55	1
139425	29	0	142	514201	40	3	2013-05-03 08:19:55	1
139426	30	0	142	514202	40	3	2013-05-03 08:19:55	1
139427	31	0	142	514232	40	3	2013-05-03 08:19:55	1
139428	32	0	142	514204	40	3	2013-05-03 08:19:55	1
139429	33	0	142	514205	40	3	2013-05-03 08:19:55	1
139430	34	0	142	514405	40	3	2013-05-03 08:19:55	1
139431	1	1	142	514405	40	4	2013-05-03 08:19:55	1
139432	2	1	142	514206	40	4	2013-05-03 08:19:55	1
139433	3	1	142	514207	40	4	2013-05-03 08:19:55	1
139434	4	1	142	514039	40	4	2013-05-03 08:19:55	1
139435	5	1	142	514208	40	4	2013-05-03 08:19:55	1
139436	6	1	142	514209	40	4	2013-05-03 08:19:55	1
139437	7	1	142	514210	40	4	2013-05-03 08:19:55	1
139438	8	1	142	514211	40	4	2013-05-03 08:19:55	1
139439	9	1	142	514147	40	4	2013-05-03 08:19:55	1
139440	10	1	142	514212	40	4	2013-05-03 08:19:55	1
139441	11	1	142	514213	40	4	2013-05-03 08:19:55	1
139442	12	1	142	514214	40	4	2013-05-03 08:19:55	1
139443	13	1	142	514215	40	4	2013-05-03 08:19:55	1
139444	14	1	142	514022	40	4	2013-05-03 08:19:55	1
139445	15	1	142	514055	40	4	2013-05-03 08:19:55	1
139446	16	1	142	514056	40	4	2013-05-03 08:19:55	1
139447	17	1	142	500159	40	4	2013-05-03 08:19:55	1
139448	18	1	142	501052	40	4	2013-05-03 08:19:55	1
139449	19	1	142	501100	40	4	2013-05-03 08:19:55	1
139450	20	1	142	501150	40	4	2013-05-03 08:19:55	1
139451	21	1	142	501200	40	4	2013-05-03 08:19:55	1
139452	22	1	142	501250	40	4	2013-05-03 08:19:55	1
139453	23	1	142	501300	40	4	2013-05-03 08:19:55	1
139454	24	1	142	501350	40	4	2013-05-03 08:19:55	1
139455	25	1	142	501500	40	4	2013-05-03 08:19:55	1
139456	26	1	142	501552	40	4	2013-05-03 08:19:55	1
139457	27	1	142	502351	40	4	2013-05-03 08:19:55	1
139458	28	1	142	502401	40	4	2013-05-03 08:19:55	1
139459	29	1	142	512020	40	4	2013-05-03 08:19:55	1
139460	30	1	142	512021	40	4	2013-05-03 08:19:55	1
139461	31	1	142	512022	40	4	2013-05-03 08:19:55	1
139462	1	0	142	512022	40	5	2013-05-03 08:19:55	1
139463	2	0	142	512023	40	5	2013-05-03 08:19:55	1
139464	3	0	142	502400	40	5	2013-05-03 08:19:55	1
139465	4	0	142	502350	40	5	2013-05-03 08:19:55	1
139466	5	0	142	500751	40	5	2013-05-03 08:19:55	1
139467	6	0	142	500851	40	5	2013-05-03 08:19:55	1
139468	7	0	142	500950	40	5	2013-05-03 08:19:55	1
139469	8	0	142	501351	40	5	2013-05-03 08:19:55	1
139470	9	0	142	501301	40	5	2013-05-03 08:19:55	1
139471	10	0	142	501251	40	5	2013-05-03 08:19:55	1
139472	11	0	142	501201	40	5	2013-05-03 08:19:55	1
139473	12	0	142	501151	40	5	2013-05-03 08:19:55	1
139474	13	0	142	501101	40	5	2013-05-03 08:19:55	1
139475	14	0	142	501051	40	5	2013-05-03 08:19:55	1
139476	15	0	142	500156	40	5	2013-05-03 08:19:55	1
139477	16	0	142	514020	40	5	2013-05-03 08:19:55	1
139478	17	0	142	514021	40	5	2013-05-03 08:19:55	1
139479	18	0	142	514022	40	5	2013-05-03 08:19:55	1
139480	19	0	142	514194	40	5	2013-05-03 08:19:55	1
139481	20	0	142	514195	40	5	2013-05-03 08:19:55	1
139482	21	0	142	514196	40	5	2013-05-03 08:19:55	1
139483	22	0	142	514197	40	5	2013-05-03 08:19:55	1
139484	23	0	142	514198	40	5	2013-05-03 08:19:55	1
139485	24	0	142	514199	40	5	2013-05-03 08:19:55	1
139486	25	0	142	514200	40	5	2013-05-03 08:19:55	1
139487	26	0	142	514201	40	5	2013-05-03 08:19:55	1
139488	27	0	142	514202	40	5	2013-05-03 08:19:55	1
139489	28	0	142	514232	40	5	2013-05-03 08:19:55	1
139490	29	0	142	514204	40	5	2013-05-03 08:19:55	1
139491	30	0	142	514205	40	5	2013-05-03 08:19:55	1
139492	31	0	142	514405	40	5	2013-05-03 08:19:55	1
139493	1	0	142	501151	40	10	2013-05-03 08:19:55	1
139494	2	0	142	501101	40	10	2013-05-03 08:19:55	1
139495	3	0	142	501051	40	10	2013-05-03 08:19:55	1
139496	4	0	142	500156	40	10	2013-05-03 08:19:55	1
139497	5	0	142	514020	40	10	2013-05-03 08:19:55	1
139498	6	0	142	514021	40	10	2013-05-03 08:19:55	1
139499	7	0	142	514022	40	10	2013-05-03 08:19:55	1
139500	8	0	142	514194	40	10	2013-05-03 08:19:55	1
139501	9	0	142	514195	40	10	2013-05-03 08:19:55	1
139502	10	0	142	514196	40	10	2013-05-03 08:19:55	1
139503	11	0	142	514197	40	10	2013-05-03 08:19:55	1
139504	12	0	142	514321	40	10	2013-05-03 08:19:55	1
139505	13	0	142	514029	40	10	2013-05-03 08:19:55	1
139506	14	0	142	514030	40	10	2013-05-03 08:19:55	1
139507	15	0	142	514031	40	10	2013-05-03 08:19:55	1
139508	16	0	142	514032	40	10	2013-05-03 08:19:55	1
139509	17	0	142	514322	40	10	2013-05-03 08:19:55	1
139510	18	0	142	514201	40	10	2013-05-03 08:19:55	1
139511	19	0	142	514202	40	10	2013-05-03 08:19:55	1
139512	20	0	142	514232	40	10	2013-05-03 08:19:55	1
139513	21	0	142	514204	40	10	2013-05-03 08:19:55	1
139514	22	0	142	514205	40	10	2013-05-03 08:19:55	1
139515	23	0	142	514405	40	10	2013-05-03 08:19:55	1
139516	1	1	150	502600	40	2	2013-05-03 08:19:55	1
139517	2	1	150	502651	40	2	2013-05-03 08:19:55	1
139518	3	1	150	502701	40	2	2013-05-03 08:19:55	1
139519	4	1	150	502751	40	2	2013-05-03 08:19:55	1
139520	5	1	150	502801	40	2	2013-05-03 08:19:55	1
139521	6	1	150	502851	40	2	2013-05-03 08:19:55	1
139522	7	1	150	502901	40	2	2013-05-03 08:19:55	1
139523	8	1	150	502951	40	2	2013-05-03 08:19:55	1
139524	9	1	150	501501	40	2	2013-05-03 08:19:55	1
139525	10	1	150	501550	40	2	2013-05-03 08:19:55	1
139526	1	0	150	501550	40	3	2013-05-03 08:19:55	1
139527	2	0	150	500751	40	3	2013-05-03 08:19:55	1
139528	3	0	150	500850	40	3	2013-05-03 08:19:55	1
139529	4	0	150	500950	40	3	2013-05-03 08:19:55	1
139530	5	0	150	502950	40	3	2013-05-03 08:19:55	1
139531	6	0	150	502900	40	3	2013-05-03 08:19:55	1
139532	7	0	150	502850	40	3	2013-05-03 08:19:55	1
139533	8	0	150	502800	40	3	2013-05-03 08:19:55	1
139534	9	0	150	502750	40	3	2013-05-03 08:19:55	1
139535	10	0	150	502700	40	3	2013-05-03 08:19:55	1
139536	11	0	150	502650	40	3	2013-05-03 08:19:55	1
139537	12	0	150	502600	40	3	2013-05-03 08:19:55	1
139538	1	1	217	502103	40	2	2013-05-03 08:19:55	1
139539	2	1	217	502150	40	2	2013-05-03 08:19:55	1
139540	3	1	217	502200	40	2	2013-05-03 08:19:55	1
139541	4	1	217	511020	40	2	2013-05-03 08:19:55	1
139542	5	1	217	511361	40	2	2013-05-03 08:19:55	1
139543	1	0	217	511361	40	3	2013-05-03 08:19:55	1
139544	2	0	217	511041	40	3	2013-05-03 08:19:55	1
139545	3	0	217	511021	40	3	2013-05-03 08:19:55	1
139546	4	0	217	502201	40	3	2013-05-03 08:19:55	1
139547	5	0	217	502151	40	3	2013-05-03 08:19:55	1
139548	6	0	217	502103	40	3	2013-05-03 08:19:55	1
139549	1	1	220	513263	40	2	2013-05-03 08:19:55	1
139550	2	1	220	512129	40	2	2013-05-03 08:19:55	1
139551	3	1	220	513267	40	2	2013-05-03 08:19:55	1
139552	4	1	220	513269	40	2	2013-05-03 08:19:55	1
139553	5	1	220	513015	40	2	2013-05-03 08:19:55	1
139554	6	1	220	512037	40	2	2013-05-03 08:19:55	1
139555	7	1	220	512056	40	2	2013-05-03 08:19:55	1
139556	8	1	220	512057	40	2	2013-05-03 08:19:55	1
139557	9	1	220	502400	40	2	2013-05-03 08:19:55	1
139558	10	1	220	502350	40	2	2013-05-03 08:19:55	1
139559	11	1	220	500600	40	2	2013-05-03 08:19:55	1
139560	12	1	220	500800	40	2	2013-05-03 08:19:55	1
139561	13	1	220	500900	40	2	2013-05-03 08:19:55	1
139562	14	1	220	500952	40	2	2013-05-03 08:19:55	1
139563	15	1	220	501405	40	2	2013-05-03 08:19:55	1
139564	1	0	220	501405	40	3	2013-05-03 08:19:55	1
139565	2	0	220	501452	40	3	2013-05-03 08:19:55	1
139566	3	0	220	501502	40	3	2013-05-03 08:19:55	1
139567	4	0	220	501552	40	3	2013-05-03 08:19:55	1
139568	5	0	220	500603	40	3	2013-05-03 08:19:56	1
139569	6	0	220	502351	40	3	2013-05-03 08:19:56	1
139570	7	0	220	502401	40	3	2013-05-03 08:19:56	1
139571	8	0	220	512020	40	3	2013-05-03 08:19:56	1
139572	9	0	220	512021	40	3	2013-05-03 08:19:56	1
139573	10	0	220	512054	40	3	2013-05-03 08:19:56	1
139574	11	0	220	512055	40	3	2013-05-03 08:19:56	1
139575	12	0	220	513016	40	3	2013-05-03 08:19:56	1
139576	13	0	220	513270	40	3	2013-05-03 08:19:56	1
139577	14	0	220	512040	40	3	2013-05-03 08:19:56	1
139578	15	0	220	512140	40	3	2013-05-03 08:19:56	1
139579	16	0	220	513264	40	3	2013-05-03 08:19:56	1
139580	17	0	220	513263	40	3	2013-05-03 08:19:56	1
139581	1	0	232	502401	40	2	2013-05-03 08:19:56	1
139582	2	0	232	512020	40	2	2013-05-03 08:19:56	1
139583	3	0	232	512021	40	2	2013-05-03 08:19:56	1
139584	4	0	232	512105	40	2	2013-05-03 08:19:56	1
139585	5	0	232	512106	40	2	2013-05-03 08:19:56	1
139586	6	0	232	512107	40	2	2013-05-03 08:19:56	1
139587	7	0	232	513216	40	2	2013-05-03 08:19:56	1
139588	8	0	232	500301	40	2	2013-05-03 08:19:56	1
139589	1	1	232	500301	40	3	2013-05-03 08:19:56	1
139590	2	1	232	513089	40	3	2013-05-03 08:19:56	1
139591	3	1	232	513197	40	3	2013-05-03 08:19:56	1
139592	4	1	232	513198	40	3	2013-05-03 08:19:56	1
139593	5	1	232	513199	40	3	2013-05-03 08:19:56	1
139594	6	1	232	513200	40	3	2013-05-03 08:19:56	1
139595	7	1	232	513201	40	3	2013-05-03 08:19:56	1
139596	8	1	232	513202	40	3	2013-05-03 08:19:56	1
139597	9	1	232	513079	40	3	2013-05-03 08:19:56	1
139598	10	1	232	513080	40	3	2013-05-03 08:19:56	1
139599	11	1	232	513290	40	3	2013-05-03 08:19:56	1
139600	12	1	232	513082	40	3	2013-05-03 08:19:56	1
139601	13	1	232	513083	40	3	2013-05-03 08:19:56	1
139602	14	1	232	513084	40	3	2013-05-03 08:19:56	1
139603	15	1	232	513085	40	3	2013-05-03 08:19:56	1
139604	16	1	232	513096	40	3	2013-05-03 08:19:56	1
139605	17	1	232	513097	40	3	2013-05-03 08:19:56	1
139606	18	1	232	513098	40	3	2013-05-03 08:19:56	1
139607	19	1	232	513099	40	3	2013-05-03 08:19:56	1
139608	20	1	232	513100	40	3	2013-05-03 08:19:56	1
139609	21	1	232	513101	40	3	2013-05-03 08:19:56	1
139610	22	1	232	513102	40	3	2013-05-03 08:19:56	1
139611	23	1	232	513037	40	3	2013-05-03 08:19:56	1
139612	24	1	232	513038	40	3	2013-05-03 08:19:56	1
139613	25	1	232	500300	40	3	2013-05-03 08:19:56	1
139614	26	1	232	500352	40	3	2013-05-03 08:19:56	1
139615	27	1	232	500400	40	3	2013-05-03 08:19:56	1
139616	28	1	232	500450	40	3	2013-05-03 08:19:56	1
139617	29	1	232	500500	40	3	2013-05-03 08:19:56	1
139618	30	1	232	502351	40	3	2013-05-03 08:19:56	1
139619	31	1	232	502401	40	3	2013-05-03 08:19:56	1
139620	1	1	232	500301	40	4	2013-05-03 08:19:56	1
139621	2	1	232	513089	40	4	2013-05-03 08:19:56	1
139622	3	1	232	513197	40	4	2013-05-03 08:19:56	1
139623	4	1	232	513198	40	4	2013-05-03 08:19:56	1
139624	5	1	232	513199	40	4	2013-05-03 08:19:56	1
139625	6	1	232	513200	40	4	2013-05-03 08:19:56	1
139626	7	1	232	513201	40	4	2013-05-03 08:19:56	1
139627	8	1	232	513202	40	4	2013-05-03 08:19:56	1
139628	9	1	232	513079	40	4	2013-05-03 08:19:56	1
139629	10	1	232	513080	40	4	2013-05-03 08:19:56	1
139630	11	1	232	513290	40	4	2013-05-03 08:19:56	1
139631	12	1	232	513082	40	4	2013-05-03 08:19:56	1
139632	13	1	232	513083	40	4	2013-05-03 08:19:56	1
139633	14	1	232	513084	40	4	2013-05-03 08:19:56	1
139634	15	1	232	513085	40	4	2013-05-03 08:19:56	1
139635	16	1	232	513096	40	4	2013-05-03 08:19:56	1
139636	17	1	232	513097	40	4	2013-05-03 08:19:56	1
139637	18	1	232	513098	40	4	2013-05-03 08:19:56	1
139638	19	1	232	513099	40	4	2013-05-03 08:19:56	1
139639	20	1	232	513100	40	4	2013-05-03 08:19:56	1
139640	21	1	232	513101	40	4	2013-05-03 08:19:56	1
139641	22	1	232	513102	40	4	2013-05-03 08:19:56	1
139642	23	1	232	513037	40	4	2013-05-03 08:19:56	1
139643	24	1	232	513038	40	4	2013-05-03 08:19:56	1
139644	25	1	232	500300	40	4	2013-05-03 08:19:56	1
139645	1	1	232	500300	40	10	2013-05-03 08:19:56	1
139646	2	1	232	500352	40	10	2013-05-03 08:19:56	1
139647	3	1	232	500400	40	10	2013-05-03 08:19:56	1
139648	4	1	232	500450	40	10	2013-05-03 08:19:56	1
139649	5	1	232	500500	40	10	2013-05-03 08:19:56	1
139650	6	1	232	502351	40	10	2013-05-03 08:19:56	1
139651	7	1	232	502401	40	10	2013-05-03 08:19:56	1
139652	1	1	243	500152	40	2	2013-05-03 08:19:56	1
139653	2	1	243	514157	40	2	2013-05-03 08:19:56	1
139654	3	1	243	514080	40	2	2013-05-03 08:19:56	1
139655	4	1	243	514082	40	2	2013-05-03 08:19:56	1
139656	5	1	243	514095	40	2	2013-05-03 08:19:56	1
139657	6	1	243	514096	40	2	2013-05-03 08:19:56	1
139658	7	1	243	514098	40	2	2013-05-03 08:19:56	1
139659	8	1	243	514099	40	2	2013-05-03 08:19:56	1
139660	9	1	243	514113	40	2	2013-05-03 08:19:56	1
139661	10	1	243	513141	40	2	2013-05-03 08:19:56	1
139662	11	1	243	513142	40	2	2013-05-03 08:19:56	1
139663	12	1	243	513143	40	2	2013-05-03 08:19:56	1
139664	13	1	243	513144	40	2	2013-05-03 08:19:56	1
139665	14	1	243	513150	40	2	2013-05-03 08:19:56	1
139666	15	1	243	513151	40	2	2013-05-03 08:19:56	1
139667	16	1	243	513152	40	2	2013-05-03 08:19:56	1
139668	17	1	243	513153	40	2	2013-05-03 08:19:56	1
139669	18	1	243	513163	40	2	2013-05-03 08:19:56	1
139670	19	1	243	513069	40	2	2013-05-03 08:19:56	1
139671	20	1	243	513070	40	2	2013-05-03 08:19:56	1
139672	21	1	243	513071	40	2	2013-05-03 08:19:56	1
139673	22	1	243	513075	40	2	2013-05-03 08:19:56	1
139674	23	1	243	513076	40	2	2013-05-03 08:19:56	1
139675	24	1	243	513048	40	2	2013-05-03 08:19:56	1
139676	25	1	243	500352	40	2	2013-05-03 08:19:56	1
139677	1	0	243	500352	40	3	2013-05-03 08:19:56	1
139678	2	0	243	513204	40	3	2013-05-03 08:19:56	1
139679	3	0	243	513205	40	3	2013-05-03 08:19:56	1
139680	4	0	243	513206	40	3	2013-05-03 08:19:56	1
139681	5	0	243	513207	40	3	2013-05-03 08:19:56	1
139682	6	0	243	500301	40	3	2013-05-03 08:19:56	1
139683	7	0	243	500201	40	3	2013-05-03 08:19:56	1
139684	8	0	243	513156	40	3	2013-05-03 08:19:56	1
139685	9	0	243	513157	40	3	2013-05-03 08:19:56	1
139686	10	0	243	513005	40	3	2013-05-03 08:19:56	1
139687	11	0	243	513006	40	3	2013-05-03 08:19:56	1
139688	12	0	243	513007	40	3	2013-05-03 08:19:56	1
139689	13	0	243	513008	40	3	2013-05-03 08:19:56	1
139690	14	0	243	513009	40	3	2013-05-03 08:19:56	1
139691	15	0	243	513158	40	3	2013-05-03 08:19:56	1
139692	16	0	243	513159	40	3	2013-05-03 08:19:56	1
139693	17	0	243	513160	40	3	2013-05-03 08:19:56	1
139694	18	0	243	513161	40	3	2013-05-03 08:19:56	1
139695	19	0	243	513162	40	3	2013-05-03 08:19:56	1
139696	20	0	243	514097	40	3	2013-05-03 08:19:56	1
139697	21	0	243	514218	40	3	2013-05-03 08:19:56	1
139698	22	0	243	514152	40	3	2013-05-03 08:19:56	1
139699	23	0	243	514153	40	3	2013-05-03 08:19:56	1
139700	24	0	243	514154	40	3	2013-05-03 08:19:56	1
139701	25	0	243	514155	40	3	2013-05-03 08:19:56	1
139702	26	0	243	514156	40	3	2013-05-03 08:19:56	1
139703	27	0	243	500152	40	3	2013-05-03 08:19:56	1
139704	1	1	243	514113	40	10	2013-05-03 08:19:56	1
139705	2	1	243	513141	40	10	2013-05-03 08:19:56	1
139706	3	1	243	513142	40	10	2013-05-03 08:19:56	1
139707	4	1	243	513143	40	10	2013-05-03 08:19:56	1
139708	5	1	243	513144	40	10	2013-05-03 08:19:56	1
139709	6	1	243	513150	40	10	2013-05-03 08:19:56	1
139710	7	1	243	513151	40	10	2013-05-03 08:19:56	1
139711	8	1	243	513152	40	10	2013-05-03 08:19:56	1
139712	9	1	243	513153	40	10	2013-05-03 08:19:56	1
139713	10	1	243	513163	40	10	2013-05-03 08:19:56	1
139714	11	1	243	513069	40	10	2013-05-03 08:19:56	1
139715	12	1	243	513070	40	10	2013-05-03 08:19:56	1
139716	13	1	243	513071	40	10	2013-05-03 08:19:56	1
139717	14	1	243	513075	40	10	2013-05-03 08:19:56	1
139718	15	1	243	513076	40	10	2013-05-03 08:19:56	1
139719	16	1	243	513048	40	10	2013-05-03 08:19:56	1
139720	17	1	243	500352	40	10	2013-05-03 08:19:56	1
139721	1	0	243	500301	40	15	2013-05-03 08:19:56	1
139722	2	0	243	500201	40	15	2013-05-03 08:19:56	1
139723	3	0	243	513156	40	15	2013-05-03 08:19:56	1
139724	4	0	243	513157	40	15	2013-05-03 08:19:56	1
139725	5	0	243	513005	40	15	2013-05-03 08:19:56	1
139726	6	0	243	513006	40	15	2013-05-03 08:19:56	1
139727	7	0	243	513007	40	15	2013-05-03 08:19:56	1
139728	8	0	243	513008	40	15	2013-05-03 08:19:56	1
139729	9	0	243	513009	40	15	2013-05-03 08:19:56	1
139730	10	0	243	513158	40	15	2013-05-03 08:19:56	1
139731	11	0	243	513159	40	15	2013-05-03 08:19:56	1
139732	12	0	243	513160	40	15	2013-05-03 08:19:56	1
139733	13	0	243	513161	40	15	2013-05-03 08:19:56	1
139734	14	0	243	513162	40	15	2013-05-03 08:19:56	1
139735	15	0	243	514097	40	15	2013-05-03 08:19:56	1
139736	16	0	243	514218	40	15	2013-05-03 08:19:56	1
139737	17	0	243	514152	40	15	2013-05-03 08:19:56	1
139738	18	0	243	514153	40	15	2013-05-03 08:19:56	1
139739	19	0	243	514154	40	15	2013-05-03 08:19:56	1
139740	20	0	243	514155	40	15	2013-05-03 08:19:56	1
139741	21	0	243	514156	40	15	2013-05-03 08:19:56	1
139742	22	0	243	500152	40	15	2013-05-03 08:19:56	1
139743	1	0	243	500201	40	18	2013-05-03 08:19:56	1
139744	2	0	243	513156	40	18	2013-05-03 08:19:56	1
139745	3	0	243	513157	40	18	2013-05-03 08:19:56	1
139746	4	0	243	513005	40	18	2013-05-03 08:19:56	1
139747	5	0	243	513006	40	18	2013-05-03 08:19:56	1
139748	6	0	243	513007	40	18	2013-05-03 08:19:56	1
139749	7	0	243	513008	40	18	2013-05-03 08:19:56	1
139750	8	0	243	513009	40	18	2013-05-03 08:19:56	1
139751	9	0	243	513158	40	18	2013-05-03 08:19:56	1
139752	10	0	243	513159	40	18	2013-05-03 08:19:56	1
139753	11	0	243	513160	40	18	2013-05-03 08:19:56	1
139754	12	0	243	513161	40	18	2013-05-03 08:19:56	1
139755	13	0	243	513162	40	18	2013-05-03 08:19:56	1
139756	14	0	243	514097	40	18	2013-05-03 08:19:56	1
139757	15	0	243	514218	40	18	2013-05-03 08:19:56	1
139758	16	0	243	514152	40	18	2013-05-03 08:19:56	1
139759	17	0	243	514153	40	18	2013-05-03 08:19:56	1
139760	18	0	243	514154	40	18	2013-05-03 08:19:56	1
139761	19	0	243	514155	40	18	2013-05-03 08:19:56	1
139762	20	0	243	514156	40	18	2013-05-03 08:19:56	1
139763	21	0	243	500152	40	18	2013-05-03 08:19:56	1
139764	1	0	260	501000	40	2	2013-05-03 08:19:56	1
139765	2	0	260	519149	40	2	2013-05-03 08:19:56	1
139766	3	0	260	519150	40	2	2013-05-03 08:19:56	1
139767	4	0	260	519151	40	2	2013-05-03 08:19:56	1
139768	5	0	260	519152	40	2	2013-05-03 08:19:56	1
139769	6	0	260	519153	40	2	2013-05-03 08:19:56	1
139770	7	0	260	516155	40	2	2013-05-03 08:19:56	1
139771	8	0	260	516156	40	2	2013-05-03 08:19:56	1
139772	9	0	260	516157	40	2	2013-05-03 08:19:56	1
139773	10	0	260	516158	40	2	2013-05-03 08:19:56	1
139774	11	0	260	516159	40	2	2013-05-03 08:19:56	1
139775	12	0	260	516160	40	2	2013-05-03 08:19:56	1
139776	13	0	260	516161	40	2	2013-05-03 08:19:56	1
139777	14	0	260	516162	40	2	2013-05-03 08:19:56	1
139778	15	0	260	516163	40	2	2013-05-03 08:19:56	1
139779	16	0	260	516164	40	2	2013-05-03 08:19:56	1
139780	17	0	260	516165	40	2	2013-05-03 08:19:56	1
139781	18	0	260	516166	40	2	2013-05-03 08:19:56	1
139782	19	0	260	516167	40	2	2013-05-03 08:19:56	1
139783	20	0	260	516124	40	2	2013-05-03 08:19:56	1
139784	21	0	260	516195	40	2	2013-05-03 08:19:56	1
139785	22	0	260	516139	40	2	2013-05-03 08:19:56	1
139786	23	0	260	516141	40	2	2013-05-03 08:19:56	1
139787	1	1	260	516141	40	3	2013-05-03 08:19:56	1
139788	2	1	260	516142	40	3	2013-05-03 08:19:56	1
139789	3	1	260	516143	40	3	2013-05-03 08:19:56	1
139790	4	1	260	516144	40	3	2013-05-03 08:19:56	1
139791	5	1	260	516145	40	3	2013-05-03 08:19:56	1
139792	6	1	260	516197	40	3	2013-05-03 08:19:56	1
139793	7	1	260	516146	40	3	2013-05-03 08:19:56	1
139794	8	1	260	516147	40	3	2013-05-03 08:19:56	1
139795	9	1	260	516148	40	3	2013-05-03 08:19:56	1
139796	10	1	260	516149	40	3	2013-05-03 08:19:56	1
139797	11	1	260	516007	40	3	2013-05-03 08:19:56	1
139798	12	1	260	516008	40	3	2013-05-03 08:19:56	1
139799	13	1	260	516009	40	3	2013-05-03 08:19:56	1
139800	14	1	260	518074	40	3	2013-05-03 08:19:56	1
139801	15	1	260	516150	40	3	2013-05-03 08:19:56	1
139802	16	1	260	516151	40	3	2013-05-03 08:19:56	1
139803	17	1	260	516152	40	3	2013-05-03 08:19:56	1
139804	18	1	260	516153	40	3	2013-05-03 08:19:56	1
139805	19	1	260	516154	40	3	2013-05-03 08:19:56	1
139806	20	1	260	519022	40	3	2013-05-03 08:19:56	1
139807	21	1	260	519148	40	3	2013-05-03 08:19:56	1
139808	22	1	260	519061	40	3	2013-05-03 08:19:56	1
139809	23	1	260	501400	40	3	2013-05-03 08:19:56	1
139810	24	1	260	501000	40	3	2013-05-03 08:19:56	1
139811	1	0	260	501000	40	4	2013-05-03 08:19:56	1
139812	2	0	260	519149	40	4	2013-05-03 08:19:56	1
139813	3	0	260	519150	40	4	2013-05-03 08:19:56	1
139814	4	0	260	519151	40	4	2013-05-03 08:19:56	1
139815	5	0	260	519152	40	4	2013-05-03 08:19:56	1
139816	6	0	260	519153	40	4	2013-05-03 08:19:56	1
139817	7	0	260	516155	40	4	2013-05-03 08:19:56	1
139818	8	0	260	516156	40	4	2013-05-03 08:19:56	1
139819	9	0	260	516157	40	4	2013-05-03 08:19:56	1
139820	10	0	260	516158	40	4	2013-05-03 08:19:56	1
139821	11	0	260	516159	40	4	2013-05-03 08:19:56	1
139822	12	0	260	516160	40	4	2013-05-03 08:19:56	1
139823	13	0	260	516161	40	4	2013-05-03 08:19:56	1
139824	14	0	260	516162	40	4	2013-05-03 08:19:56	1
139825	15	0	260	516163	40	4	2013-05-03 08:19:56	1
139826	16	0	260	516164	40	4	2013-05-03 08:19:56	1
139827	17	0	260	516165	40	4	2013-05-03 08:19:56	1
139828	18	0	260	516166	40	4	2013-05-03 08:19:56	1
139829	19	0	260	516167	40	4	2013-05-03 08:19:56	1
139830	20	0	260	516124	40	4	2013-05-03 08:19:56	1
139831	21	0	260	516195	40	4	2013-05-03 08:19:56	1
139832	22	0	260	516139	40	4	2013-05-03 08:19:56	1
139833	23	0	260	516141	40	4	2013-05-03 08:19:56	1
139834	24	0	260	516142	40	4	2013-05-03 08:19:56	1
139835	25	0	260	516143	40	4	2013-05-03 08:19:56	1
139836	26	0	260	516144	40	4	2013-05-03 08:19:56	1
139837	27	0	260	516145	40	4	2013-05-03 08:19:56	1
139838	28	0	260	516197	40	4	2013-05-03 08:19:56	1
139839	1	0	275	515061	40	2	2013-05-03 08:19:56	1
139840	2	0	275	515012	40	2	2013-05-03 08:19:56	1
139841	3	0	275	515040	40	2	2013-05-03 08:19:56	1
139842	4	0	275	515062	40	2	2013-05-03 08:19:56	1
139843	5	0	275	515046	40	2	2013-05-03 08:19:56	1
139844	6	0	275	515063	40	2	2013-05-03 08:19:56	1
139845	7	0	275	515048	40	2	2013-05-03 08:19:56	1
139846	8	0	275	515049	40	2	2013-05-03 08:19:56	1
139847	9	0	275	515050	40	2	2013-05-03 08:19:56	1
139848	10	0	275	515051	40	2	2013-05-03 08:19:56	1
139849	11	0	275	515052	40	2	2013-05-03 08:19:56	1
139850	12	0	275	516081	40	2	2013-05-03 08:19:56	1
139851	13	0	275	515064	40	2	2013-05-03 08:19:56	1
139852	14	0	275	515153	40	2	2013-05-03 08:19:56	1
139853	15	0	275	516090	40	2	2013-05-03 08:19:56	1
139854	16	0	275	515142	40	2	2013-05-03 08:19:56	1
139855	17	0	275	515143	40	2	2013-05-03 08:19:56	1
139856	18	0	275	516127	40	2	2013-05-03 08:19:56	1
139857	19	0	275	516128	40	2	2013-05-03 08:19:56	1
139858	20	0	275	511309	40	2	2013-05-03 08:19:56	1
139859	21	0	275	511311	40	2	2013-05-03 08:19:56	1
139860	22	0	275	511313	40	2	2013-05-03 08:19:56	1
139861	23	0	275	511315	40	2	2013-05-03 08:19:56	1
139862	24	0	275	517212	40	2	2013-05-03 08:19:56	1
139863	25	0	275	516233	40	2	2013-05-03 08:19:56	1
139864	26	0	275	517178	40	2	2013-05-03 08:19:56	1
139865	27	0	275	502000	40	2	2013-05-03 08:19:56	1
139866	28	0	275	502050	40	2	2013-05-03 08:19:56	1
139867	29	0	275	502100	40	2	2013-05-03 08:19:56	1
139868	1	0	275	502100	40	3	2013-05-03 08:19:56	3
139869	2	0	275	602100	40	3	2013-05-03 08:19:56	3
139870	3	0	275	602103	40	3	2013-05-03 08:19:56	3
139871	4	0	275	502103	40	3	2013-05-03 08:19:56	3
139872	1	1	275	502103	40	4	2013-05-03 08:19:56	1
139873	2	1	275	502051	40	4	2013-05-03 08:19:56	1
139874	3	1	275	502001	40	4	2013-05-03 08:19:56	1
139875	4	1	275	501951	40	4	2013-05-03 08:19:56	1
139876	5	1	275	517006	40	4	2013-05-03 08:19:56	1
139877	6	1	275	517213	40	4	2013-05-03 08:19:56	1
139878	7	1	275	511316	40	4	2013-05-03 08:19:56	1
139879	8	1	275	511312	40	4	2013-05-03 08:19:56	1
139880	9	1	275	511310	40	4	2013-05-03 08:19:56	1
139881	10	1	275	516231	40	4	2013-05-03 08:19:56	1
139882	11	1	275	516232	40	4	2013-05-03 08:19:56	1
139883	12	1	275	516119	40	4	2013-05-03 08:19:56	1
139884	13	1	275	516120	40	4	2013-05-03 08:19:56	1
139885	14	1	275	516140	40	4	2013-05-03 08:19:56	1
139886	15	1	275	516234	40	4	2013-05-03 08:19:56	1
139887	16	1	275	515144	40	4	2013-05-03 08:19:56	1
139888	17	1	275	515145	40	4	2013-05-03 08:19:56	1
139889	18	1	275	516089	40	4	2013-05-03 08:19:56	1
139890	19	1	275	516085	40	4	2013-05-03 08:19:56	1
139891	20	1	275	515146	40	4	2013-05-03 08:19:56	1
139892	21	1	275	516101	40	4	2013-05-03 08:19:56	1
139893	22	1	275	516103	40	4	2013-05-03 08:19:56	1
139894	23	1	275	516104	40	4	2013-05-03 08:19:56	1
139895	24	1	275	516105	40	4	2013-05-03 08:19:56	1
139896	25	1	275	516106	40	4	2013-05-03 08:19:56	1
139897	26	1	275	515057	40	4	2013-05-03 08:19:56	1
139898	27	1	275	515132	40	4	2013-05-03 08:19:56	1
139899	28	1	275	515036	40	4	2013-05-03 08:19:56	1
139900	29	1	275	515037	40	4	2013-05-03 08:19:56	1
139901	30	1	275	515058	40	4	2013-05-03 08:19:56	1
139902	31	1	275	515059	40	4	2013-05-03 08:19:56	1
139903	32	1	275	515060	40	4	2013-05-03 08:19:56	1
139904	33	1	275	502650	40	4	2013-05-03 08:19:56	1
139905	1	0	275	502650	40	5	2013-05-03 08:19:56	1
139906	2	0	275	515061	40	5	2013-05-03 08:19:56	1
139907	3	0	275	515012	40	5	2013-05-03 08:19:56	1
139908	4	0	275	515040	40	5	2013-05-03 08:19:56	1
139909	5	0	275	515062	40	5	2013-05-03 08:19:56	1
139910	6	0	275	515046	40	5	2013-05-03 08:19:56	1
139911	7	0	275	515063	40	5	2013-05-03 08:19:56	1
139912	8	0	275	515048	40	5	2013-05-03 08:19:56	1
139913	9	0	275	515049	40	5	2013-05-03 08:19:56	1
139914	10	0	275	515050	40	5	2013-05-03 08:19:56	1
139915	11	0	275	515051	40	5	2013-05-03 08:19:56	1
139916	12	0	275	515052	40	5	2013-05-03 08:19:56	1
139917	13	0	275	516081	40	5	2013-05-03 08:19:56	1
139918	14	0	275	515064	40	5	2013-05-03 08:19:56	1
139919	15	0	275	515153	40	5	2013-05-03 08:19:56	1
139920	16	0	275	516090	40	5	2013-05-03 08:19:56	1
139921	17	0	275	515142	40	5	2013-05-03 08:19:56	1
139922	18	0	275	515143	40	5	2013-05-03 08:19:56	1
139923	19	0	275	516127	40	5	2013-05-03 08:19:56	1
139924	20	0	275	516128	40	5	2013-05-03 08:19:56	1
139925	21	0	275	511309	40	5	2013-05-03 08:19:56	1
139926	22	0	275	511311	40	5	2013-05-03 08:19:56	1
139927	23	0	275	511313	40	5	2013-05-03 08:19:56	1
139928	24	0	275	511315	40	5	2013-05-03 08:19:56	1
139929	25	0	275	517212	40	5	2013-05-03 08:19:56	1
139930	26	0	275	516233	40	5	2013-05-03 08:19:56	1
139931	27	0	275	517178	40	5	2013-05-03 08:19:56	1
139932	28	0	275	502000	40	5	2013-05-03 08:19:56	1
139933	29	0	275	502050	40	5	2013-05-03 08:19:56	1
139934	30	0	275	502100	40	5	2013-05-03 08:19:56	1
139935	1	1	301	501001	40	2	2013-05-03 08:19:56	1
139936	2	1	301	501405	40	2	2013-05-03 08:19:56	1
139937	3	1	301	501451	40	2	2013-05-03 08:19:56	1
139938	4	1	301	501551	40	2	2013-05-03 08:19:56	1
139939	5	1	301	500601	40	2	2013-05-03 08:19:56	1
139940	6	1	301	512001	40	2	2013-05-03 08:19:56	1
139941	7	1	301	515001	40	2	2013-05-03 08:19:56	1
139942	8	1	301	519176	40	2	2013-05-03 08:19:56	1
139943	9	1	301	517002	40	2	2013-05-03 08:19:56	1
139944	10	1	301	518001	40	2	2013-05-03 08:19:56	1
139945	11	1	301	501001	40	2	2013-05-03 08:19:56	1
139946	1	1	301	500601	40	7	2013-05-03 08:19:56	1
139947	2	1	301	512001	40	7	2013-05-03 08:19:56	1
139948	3	1	301	515001	40	7	2013-05-03 08:19:56	1
139949	4	1	301	519176	40	7	2013-05-03 08:19:56	1
139950	5	1	301	517002	40	7	2013-05-03 08:19:56	1
139951	6	1	301	518001	40	7	2013-05-03 08:19:56	1
139952	7	1	301	501001	40	7	2013-05-03 08:19:56	1
139953	1	0	302	519124	40	2	2013-05-03 08:19:56	1
139954	2	0	302	519125	40	2	2013-05-03 08:19:56	1
139955	3	0	302	519126	40	2	2013-05-03 08:19:56	1
139956	4	0	302	519127	40	2	2013-05-03 08:19:56	1
139957	5	0	302	519076	40	2	2013-05-03 08:19:56	1
139958	6	0	302	519077	40	2	2013-05-03 08:19:56	1
139959	7	0	302	519078	40	2	2013-05-03 08:19:56	1
139960	8	0	302	519042	40	2	2013-05-03 08:19:56	1
139961	9	0	302	519043	40	2	2013-05-03 08:19:56	1
139962	10	0	302	519112	40	2	2013-05-03 08:19:56	1
139963	11	0	302	519079	40	2	2013-05-03 08:19:56	1
139964	12	0	302	519135	40	2	2013-05-03 08:19:56	1
139965	13	0	302	519138	40	2	2013-05-03 08:19:56	1
139966	14	0	302	519080	40	2	2013-05-03 08:19:56	1
139967	15	0	302	519051	40	2	2013-05-03 08:19:56	1
139968	16	0	302	519052	40	2	2013-05-03 08:19:56	1
139969	17	0	302	519067	40	2	2013-05-03 08:19:56	1
139970	1	1	302	519067	40	3	2013-05-03 08:19:56	1
139971	2	1	302	519050	40	3	2013-05-03 08:19:56	1
139972	3	1	302	519068	40	3	2013-05-03 08:19:56	1
139973	4	1	302	519070	40	3	2013-05-03 08:19:56	1
139974	5	1	302	519071	40	3	2013-05-03 08:19:56	1
139975	6	1	302	519072	40	3	2013-05-03 08:19:56	1
139976	7	1	302	519073	40	3	2013-05-03 08:19:56	1
139977	8	1	302	519038	40	3	2013-05-03 08:19:56	1
139978	9	1	302	519039	40	3	2013-05-03 08:19:56	1
139979	10	1	302	519041	40	3	2013-05-03 08:19:56	1
139980	11	1	302	519040	40	3	2013-05-03 08:19:56	1
139981	12	1	302	519074	40	3	2013-05-03 08:19:56	1
139982	13	1	302	519075	40	3	2013-05-03 08:19:56	1
139983	14	1	302	519122	40	3	2013-05-03 08:19:56	1
139984	15	1	302	519123	40	3	2013-05-03 08:19:56	1
139985	16	1	302	519124	40	3	2013-05-03 08:19:56	1
139986	1	1	303	519082	40	2	2013-05-03 08:19:56	1
139987	2	1	303	519083	40	2	2013-05-03 08:19:56	1
139988	3	1	303	519084	40	2	2013-05-03 08:19:56	1
139989	4	1	303	519113	40	2	2013-05-03 08:19:56	1
139990	5	1	303	519086	40	2	2013-05-03 08:19:56	1
139991	6	1	303	519087	40	2	2013-05-03 08:19:56	1
139992	7	1	303	519088	40	2	2013-05-03 08:19:56	1
139993	8	1	303	519089	40	2	2013-05-03 08:19:56	1
139994	9	1	303	519090	40	2	2013-05-03 08:19:56	1
139995	10	1	303	519111	40	2	2013-05-03 08:19:56	1
139996	11	1	303	519160	40	2	2013-05-03 08:19:56	1
139997	12	1	303	519092	40	2	2013-05-03 08:19:56	1
139998	13	1	303	519081	40	2	2013-05-03 08:19:56	1
139999	14	1	303	519082	40	2	2013-05-03 08:19:56	1
140000	1	0	304	519130	40	2	2013-05-03 08:19:56	1
140001	2	0	304	519131	40	2	2013-05-03 08:19:56	1
140002	3	0	304	519132	40	2	2013-05-03 08:19:56	1
140003	4	0	304	519133	40	2	2013-05-03 08:19:56	1
140004	5	0	304	519103	40	2	2013-05-03 08:19:56	1
140005	6	0	304	519104	40	2	2013-05-03 08:19:56	1
140006	7	0	304	519105	40	2	2013-05-03 08:19:56	1
140007	8	0	304	519106	40	2	2013-05-03 08:19:56	1
140008	9	0	304	519107	40	2	2013-05-03 08:19:56	1
140009	10	0	304	519108	40	2	2013-05-03 08:19:56	1
140010	11	0	304	519109	40	2	2013-05-03 08:19:56	1
140011	12	0	304	519110	40	2	2013-05-03 08:19:56	1
140012	13	0	304	519093	40	2	2013-05-03 08:19:56	1
140013	1	1	304	519093	40	3	2013-05-03 08:19:56	1
140014	2	1	304	519094	40	3	2013-05-03 08:19:56	1
140015	3	1	304	519095	40	3	2013-05-03 08:19:56	1
140016	4	1	304	519096	40	3	2013-05-03 08:19:56	1
140017	5	1	304	519097	40	3	2013-05-03 08:19:56	1
140018	6	1	304	519098	40	3	2013-05-03 08:19:56	1
140019	7	1	304	519099	40	3	2013-05-03 08:19:56	1
140020	8	1	304	519100	40	3	2013-05-03 08:19:56	1
140021	9	1	304	519101	40	3	2013-05-03 08:19:56	1
140022	10	1	304	519128	40	3	2013-05-03 08:19:56	1
140023	11	1	304	519129	40	3	2013-05-03 08:19:56	1
140024	12	1	304	519144	40	3	2013-05-03 08:19:56	1
140025	13	1	304	519130	40	3	2013-05-03 08:19:56	1
140026	1	0	305	519041	40	2	2013-05-03 08:19:56	1
140027	2	0	305	519162	40	2	2013-05-03 08:19:56	1
140028	3	0	305	519042	40	2	2013-05-03 08:19:56	1
140029	4	0	305	519043	40	2	2013-05-03 08:19:56	1
140030	5	0	305	519112	40	2	2013-05-03 08:19:56	1
140031	6	0	305	519079	40	2	2013-05-03 08:19:56	1
140032	7	0	305	512101	40	2	2013-05-03 08:19:56	1
140033	8	0	305	519163	40	2	2013-05-03 08:19:56	1
140034	9	0	305	512103	40	2	2013-05-03 08:19:56	1
140035	10	0	305	512104	40	2	2013-05-03 08:19:56	1
140036	11	0	305	512069	40	2	2013-05-03 08:19:56	1
140037	12	0	305	519164	40	2	2013-05-03 08:19:56	1
140038	13	0	305	519165	40	2	2013-05-03 08:19:56	1
140039	14	0	305	519166	40	2	2013-05-03 08:19:56	1
140040	15	0	305	502400	40	2	2013-05-03 08:19:56	1
140041	1	1	305	502400	40	3	2013-05-03 08:19:56	1
140042	2	1	305	502350	40	3	2013-05-03 08:19:56	1
140043	3	1	305	512001	40	3	2013-05-03 08:19:56	1
140044	4	1	305	513003	40	3	2013-05-03 08:19:56	1
140045	5	1	305	519161	40	3	2013-05-03 08:19:56	1
140046	6	1	305	519038	40	3	2013-05-03 08:19:56	1
140047	7	1	305	519039	40	3	2013-05-03 08:19:56	1
140048	8	1	305	519041	40	3	2013-05-03 08:19:56	1
140049	1	0	306	519192	40	2	2013-05-03 08:19:56	1
140050	2	0	306	519193	40	2	2013-05-03 08:19:56	1
140051	3	0	306	519194	40	2	2013-05-03 08:19:56	1
140052	4	0	306	519195	40	2	2013-05-03 08:19:56	1
140053	5	0	306	519196	40	2	2013-05-03 08:19:56	1
140054	6	0	306	519197	40	2	2013-05-03 08:19:56	1
140055	7	0	306	519198	40	2	2013-05-03 08:19:56	1
140056	8	0	306	519199	40	2	2013-05-03 08:19:56	1
140057	9	0	306	519200	40	2	2013-05-03 08:19:56	1
140058	10	0	306	519201	40	2	2013-05-03 08:19:56	1
140059	11	0	306	519202	40	2	2013-05-03 08:19:56	1
140060	12	0	306	519041	40	2	2013-05-03 08:19:56	1
140061	13	0	306	519042	40	2	2013-05-03 08:19:56	1
140062	14	0	306	519043	40	2	2013-05-03 08:19:56	1
140063	15	0	306	519112	40	2	2013-05-03 08:19:56	1
140064	16	0	306	519079	40	2	2013-05-03 08:19:56	1
140065	17	0	306	519080	40	2	2013-05-03 08:19:56	1
140066	18	0	306	519051	40	2	2013-05-03 08:19:56	1
140067	19	0	306	519067	40	2	2013-05-03 08:19:56	1
140068	1	1	306	519067	40	3	2013-05-03 08:19:56	1
140069	2	1	306	519068	40	3	2013-05-03 08:19:56	1
140070	3	1	306	519070	40	3	2013-05-03 08:19:56	1
140071	4	1	306	519071	40	3	2013-05-03 08:19:56	1
140072	5	1	306	519072	40	3	2013-05-03 08:19:56	1
140073	6	1	306	519073	40	3	2013-05-03 08:19:56	1
140074	7	1	306	519161	40	3	2013-05-03 08:19:56	1
140075	8	1	306	519038	40	3	2013-05-03 08:19:56	1
140076	9	1	306	519181	40	3	2013-05-03 08:19:56	1
140077	10	1	306	519182	40	3	2013-05-03 08:19:56	1
140078	11	1	306	519183	40	3	2013-05-03 08:19:56	1
140079	12	1	306	519184	40	3	2013-05-03 08:19:56	1
140080	13	1	306	519185	40	3	2013-05-03 08:19:56	1
140081	14	1	306	519186	40	3	2013-05-03 08:19:56	1
140082	15	1	306	519187	40	3	2013-05-03 08:19:56	1
140083	16	1	306	519188	40	3	2013-05-03 08:19:56	1
140084	17	1	306	519189	40	3	2013-05-03 08:19:56	1
140085	18	1	306	519190	40	3	2013-05-03 08:19:56	1
140086	19	1	306	519191	40	3	2013-05-03 08:19:56	1
140087	20	1	306	519192	40	3	2013-05-03 08:19:56	1
140088	1	1	311	502302	40	2	2013-05-03 08:19:56	1
140089	2	1	311	511020	40	2	2013-05-03 08:19:56	1
140090	3	1	311	511232	40	2	2013-05-03 08:19:56	1
140091	4	1	311	511254	40	2	2013-05-03 08:19:56	1
140092	5	1	311	511255	40	2	2013-05-03 08:19:56	1
140093	6	1	311	511031	40	2	2013-05-03 08:19:56	1
140094	7	1	311	511213	40	2	2013-05-03 08:19:56	1
140095	8	1	311	512002	40	2	2013-05-03 08:19:56	1
140096	9	1	311	511041	40	2	2013-05-03 08:19:56	1
140097	10	1	311	511233	40	2	2013-05-03 08:19:56	1
140098	11	1	311	511021	40	2	2013-05-03 08:19:56	1
140099	12	1	311	502302	40	2	2013-05-03 08:19:56	1
140100	1	1	311	512002	40	5	2013-05-03 08:19:56	1
140101	2	1	311	511041	40	5	2013-05-03 08:19:56	1
140102	3	1	311	511233	40	5	2013-05-03 08:19:56	1
140103	4	1	311	511021	40	5	2013-05-03 08:19:56	1
140104	5	1	311	502302	40	5	2013-05-03 08:19:56	1
140105	1	1	318	502305	40	2	2013-05-03 08:19:56	1
140106	2	1	318	511016	40	2	2013-05-03 08:19:56	1
140107	3	1	318	511251	40	2	2013-05-03 08:19:56	1
140108	4	1	318	511020	40	2	2013-05-03 08:19:56	1
140109	5	1	318	511256	40	2	2013-05-03 08:19:56	1
140110	6	1	318	511232	40	2	2013-05-03 08:19:56	1
140111	7	1	318	511334	40	2	2013-05-03 08:19:56	1
140112	8	1	318	511132	40	2	2013-05-03 08:19:56	1
140113	9	1	318	511335	40	2	2013-05-03 08:19:56	1
140114	10	1	318	511248	40	2	2013-05-03 08:19:56	1
140115	11	1	318	511134	40	2	2013-05-03 08:19:56	1
140116	12	1	318	511337	40	2	2013-05-03 08:19:56	1
140117	13	1	318	511221	40	2	2013-05-03 08:19:56	1
140118	14	1	318	511338	40	2	2013-05-03 08:19:56	1
140119	15	1	318	511339	40	2	2013-05-03 08:19:56	1
140120	16	1	318	511135	40	2	2013-05-03 08:19:56	1
140121	17	1	318	511341	40	2	2013-05-03 08:19:56	1
140122	18	1	318	511343	40	2	2013-05-03 08:19:56	1
140123	19	1	318	511136	40	2	2013-05-03 08:19:56	1
140124	20	1	318	511344	40	2	2013-05-03 08:19:56	1
140125	21	1	318	511257	40	2	2013-05-03 08:19:56	1
140126	22	1	318	511137	40	2	2013-05-03 08:19:56	1
140127	23	1	318	511021	40	2	2013-05-03 08:19:56	1
140128	24	1	318	511252	40	2	2013-05-03 08:19:56	1
140129	25	1	318	502305	40	2	2013-05-03 08:19:56	1
140130	1	1	318	502305	40	3	2013-05-03 08:19:56	1
140131	2	1	318	511016	40	3	2013-05-03 08:19:56	1
140132	3	1	318	511251	40	3	2013-05-03 08:19:56	1
140133	4	1	318	511020	40	3	2013-05-03 08:19:56	1
140134	5	1	318	511256	40	3	2013-05-03 08:19:56	1
140135	6	1	318	511232	40	3	2013-05-03 08:19:56	1
140136	7	1	318	511334	40	3	2013-05-03 08:19:56	1
140137	8	1	318	511132	40	3	2013-05-03 08:19:56	1
140138	9	1	318	511335	40	3	2013-05-03 08:19:56	1
140139	10	1	318	511248	40	3	2013-05-03 08:19:56	1
140140	11	1	318	511134	40	3	2013-05-03 08:19:56	1
140141	12	1	318	511337	40	3	2013-05-03 08:19:56	1
140142	13	1	318	511221	40	3	2013-05-03 08:19:56	1
140143	14	1	318	511339	40	3	2013-05-03 08:19:56	1
140144	15	1	318	511135	40	3	2013-05-03 08:19:56	1
140145	16	1	318	511341	40	3	2013-05-03 08:19:56	1
140146	17	1	318	511343	40	3	2013-05-03 08:19:56	1
140147	18	1	318	511136	40	3	2013-05-03 08:19:56	1
140148	19	1	318	511344	40	3	2013-05-03 08:19:56	1
140149	20	1	318	511257	40	3	2013-05-03 08:19:56	1
140150	21	1	318	511137	40	3	2013-05-03 08:19:56	1
140151	22	1	318	511021	40	3	2013-05-03 08:19:56	1
140152	23	1	318	511252	40	3	2013-05-03 08:19:56	1
140153	24	1	318	502305	40	3	2013-05-03 08:19:56	1
140154	1	1	318	511221	40	8	2013-05-03 08:19:56	1
140155	2	1	318	511338	40	8	2013-05-03 08:19:56	1
140156	3	1	318	511339	40	8	2013-05-03 08:19:56	1
140157	4	1	318	511135	40	8	2013-05-03 08:19:56	1
140158	5	1	318	511341	40	8	2013-05-03 08:19:56	1
140159	6	1	318	511343	40	8	2013-05-03 08:19:56	1
140160	7	1	318	511136	40	8	2013-05-03 08:19:56	1
140161	8	1	318	511344	40	8	2013-05-03 08:19:56	1
140162	9	1	318	511257	40	8	2013-05-03 08:19:56	1
140163	10	1	318	511137	40	8	2013-05-03 08:19:56	1
140164	11	1	318	511021	40	8	2013-05-03 08:19:56	1
140165	12	1	318	511252	40	8	2013-05-03 08:19:56	1
140166	13	1	318	502305	40	8	2013-05-03 08:19:56	1
140167	1	1	318	511221	40	12	2013-05-03 08:19:56	1
140168	2	1	318	511339	40	12	2013-05-03 08:19:56	1
140169	3	1	318	511135	40	12	2013-05-03 08:19:56	1
140170	4	1	318	511341	40	12	2013-05-03 08:19:56	1
140171	5	1	318	511343	40	12	2013-05-03 08:19:56	1
140172	6	1	318	511136	40	12	2013-05-03 08:19:56	1
140173	7	1	318	511344	40	12	2013-05-03 08:19:56	1
140174	8	1	318	511257	40	12	2013-05-03 08:19:56	1
140175	9	1	318	511137	40	12	2013-05-03 08:19:56	1
140176	10	1	318	511021	40	12	2013-05-03 08:19:56	1
140177	11	1	318	511252	40	12	2013-05-03 08:19:56	1
140178	12	1	318	502305	40	12	2013-05-03 08:19:56	1
140179	1	0	321	513041	40	2	2013-05-03 08:19:56	1
140180	2	0	321	513042	40	2	2013-05-03 08:19:56	1
140181	3	0	321	513043	40	2	2013-05-03 08:19:56	1
140182	4	0	321	513044	40	2	2013-05-03 08:19:56	1
140183	5	0	321	513045	40	2	2013-05-03 08:19:56	1
140184	6	0	321	513046	40	2	2013-05-03 08:19:56	1
140185	7	0	321	513047	40	2	2013-05-03 08:19:56	1
140186	8	0	321	513253	40	2	2013-05-03 08:19:56	1
140187	9	0	321	500100	40	2	2013-05-03 08:19:56	1
140188	1	0	321	500100	40	3	2013-05-03 08:19:56	3
140189	2	0	321	600100	40	3	2013-05-03 08:19:56	3
140190	3	0	321	600102	40	3	2013-05-03 08:19:56	3
140191	4	0	321	500102	40	3	2013-05-03 08:19:56	3
140192	1	1	321	500102	40	4	2013-05-03 08:19:56	1
140193	2	1	321	512078	40	4	2013-05-03 08:19:56	1
140194	3	1	321	513252	40	4	2013-05-03 08:19:56	1
140195	4	1	321	513033	40	4	2013-05-03 08:19:56	1
140196	5	1	321	513034	40	4	2013-05-03 08:19:56	1
140197	6	1	321	513024	40	4	2013-05-03 08:19:56	1
140198	7	1	321	513025	40	4	2013-05-03 08:19:56	1
140199	8	1	321	513026	40	4	2013-05-03 08:19:56	1
140200	9	1	321	513027	40	4	2013-05-03 08:19:56	1
140201	10	1	321	513041	40	4	2013-05-03 08:19:56	1
140202	1	1	322	500110	40	2	2013-05-03 08:19:56	1
140203	2	1	322	513251	40	2	2013-05-03 08:19:56	1
140204	3	1	322	512118	40	2	2013-05-03 08:19:56	1
140205	4	1	322	512027	40	2	2013-05-03 08:19:56	1
140206	5	1	322	512119	40	2	2013-05-03 08:19:56	1
140207	6	1	322	512064	40	2	2013-05-03 08:19:56	1
140208	7	1	322	512120	40	2	2013-05-03 08:19:56	1
140209	8	1	322	512121	40	2	2013-05-03 08:19:56	1
140210	9	1	322	512089	40	2	2013-05-03 08:19:56	1
140211	10	1	322	512090	40	2	2013-05-03 08:19:56	1
140212	11	1	322	512091	40	2	2013-05-03 08:19:56	1
140213	12	1	322	512092	40	2	2013-05-03 08:19:56	1
140214	13	1	322	512029	40	2	2013-05-03 08:19:56	1
140215	14	1	322	512093	40	2	2013-05-03 08:19:56	1
140216	15	1	322	512122	40	2	2013-05-03 08:19:56	1
140217	16	1	322	512032	40	2	2013-05-03 08:19:56	1
140218	17	1	322	512033	40	2	2013-05-03 08:19:56	1
140219	18	1	322	500108	40	2	2013-05-03 08:19:56	1
140220	1	1	322	500108	40	3	2013-05-03 08:19:56	3
140221	2	1	322	600108	40	3	2013-05-03 08:19:56	3
140222	3	1	322	600110	40	3	2013-05-03 08:19:56	3
140223	4	1	322	500110	40	3	2013-05-03 08:19:56	3
140224	1	1	322	512121	40	6	2013-05-03 08:19:56	1
140225	2	1	322	512089	40	6	2013-05-03 08:19:56	1
140226	3	1	322	512090	40	6	2013-05-03 08:19:56	1
140227	4	1	322	512091	40	6	2013-05-03 08:19:56	1
140228	5	1	322	512092	40	6	2013-05-03 08:19:56	1
140229	6	1	322	512029	40	6	2013-05-03 08:19:56	1
140230	7	1	322	512093	40	6	2013-05-03 08:19:56	1
140231	8	1	322	512122	40	6	2013-05-03 08:19:56	1